0
1
2
3
4
5
6
7
8
9
10
11
12
13
14
15
16
17
18
19
20
21
22
23
24
25
26
27
28
29
30
31
32
33
34
35
36
37
38
39
40
41
42
43
44
45
46
47
48
49
50
51
52
53
54
55
56
57
58
59
60
61
62
63
64
65
66
67
68
69
70
71
72
73
74
75
76
77
78
79
80
81
82
83
84
85
86
87
88
89
90
91
92
93
94
95
96
97
98
99
100
101
102
103
104
105
106
107
108
109
110
111
112
113
114
115
116
117
118
119
120
121
122
123
124
125
126
127
128
129
130
131
132
133
134
135
136
137
138
139
141
142
143
144
145
146
147
148
149
150
151
152
153
154
155
157
158
159
160
161
162
163
164
165
166
167
168
169
170
171
172
173
174
175
176
177
178
179
180
181
182
183
184
185
186
187
188
189
190
191
192
193
194
195
196
197
198
199
200
201
202
203
204
205
206
207
208
209
210
211
212
213
214
215
216
217
218
219
220
221
222
223
224
225
226
227
228
229
230
231
232
233
235
236
237
238
239
240
241
242
243
244
245
246
247
248
249
250
251
252
253
254
255
256
257
259
260
262
263
264
265
266
267
268
269
270
271
272
273
274
275
276
277
278
279
280
281
282
283
284
285
286
287
288
289
290
291
292
293
294
295
296
297
299
300
301
302
303
304
305
306
307
308
309
310
311
312
313
314
315
316
317
318
319
320
321
322
323
324
325
326
327
328
329
330
331
332
333
334
335
336
337
338
339
340
341
343
344
345
346
347
348
349
350
351
352
353
355
356
357
358
359
360
361
362
364
365
366
367
368
369
370
371
372
373
374
375
376
377
378
379
380
381
382
383
384
385
386
387
388
389
390
391
392
393
394
395
396
397
398
399
400
401
402
403
404
405
406
407
408
409
410
411
412
413
414
415
416
418
419
420
421
422
423
424
425
426
427
428
429
430
431
432
433
434
435
436
437
438
439
440
441
442
443
444
445
446
447
448
449
450
451
452
453
454
455
456
457
458
459
460
461
462
464
465
466
467
468
469
470
471
472
473
474
475
476
477
478
479
480
481
482
483
484
485
486
487
488
489
490
491
492
493
495
496
497
498
499
500
501
502
503
504
505
506
507
508
509
510
511
512
513
514
515
516
517
518
519
520
521
522
523
524
525
526
527
528
530
531
532
533
534
535
536
537
538
539
540
541
542
543
544
545
546
547
548
549
550
551
552
553
554
556
557
558
559
560
561
562
563
564
565
566
567
568
569
570
571
572
573
574
575
576
577
578
579
580
581
582
583
584
585
586
587
588
589
590
591
592
593
594
595
596
597
598
599
600
601
602
603
604
605
606
607
609
610
611
612
613
614
615
616
617
618
619
621
622
623
624
625
626
627
628
629
630
631
632
633
634
635
636
637
638
639
640
641
642
643
644
645
646
647
648
649
650
651
652
653
654
655
656
657
658
659
660
661
662
663
664
665
666
667
668
669
670
671
672
673
674
675
676
677
678
679
680
681
682
683
684
685
686
687
688
689
690
691
692
693
694
695
696
697
698
699
700
701
702
703
704
705
706
707
708
709
710
711
712
713
714
715
716
717
718
719
720
721
722
723
724
725
726
727
728
729
730
731
732
733
734
735
736
737
738
739
740
741
742
743
744
745
746
747
748
749
750
751
752
753
754
756
757
758
759
760
761
762
763
764
765
767
768
769
770
771
772
773
774
775
776
777
778
779
780
781
782
783
784
785
786
787
788
789
790
791
792
793
794
795
796
797
798
799
800
801
802
803
804
805
806
807
808
809
810
811
812
813
814
815
816
817
818
819
820
821
822
823
824
825
826
827
828
829
830
831
832
833
834
835
836
837
838
839
840
841
842
843
844
845
846
847
848
849
850
851
852
853
854
855
856
857
858
859
860
861
862
863
864
865
866
867
868
869
870
871
872
873
874
875
876
877
878
879
880
881
882
883
884
885
886
887
888
889
890
891
892
893
894
895
896
897
898
899
900
901
902
903
904
905
906
907
908
909
910
911
912
913
914
915
916
917
918
919
920
921
922
923
924
925
926
927
928
929
930
931
932
933
934
935
936
937
938
939
940
941
942
943
944
945
946
947
948
949
950
951
952
953
954
955
956
957
958
960
961
962
963
964
965
966
967
968
969
970
971
972
973
974
975
976
977
978
979
980
981
982
983
984
985
986
987
988
989
990
991
992
993
994
995
996
997
998
999
1000
1001
1002
1003
1004
0 249 1
0 178 4
0 189 2
1 832 1
2 952 2
2 700 1
2 388 1
2 790 9
2 872 2
4 135 1
5 491 3
5 670 1
5 335 1
6 178 4
6 189 2
11 633 1
12 870 1
13 693 2
14 644 7
14 1001 6
14 173 4
14 506 5
14 924 4
14 702 3
16 506 1
18 622 4
24 267 2
24 493 1
24 530 4
24 469 2
24 280 1
24 891 2
24 189 2
24 629 7
25 704 3
25 684 2
25 558 1
28 809 1
29 107 2
29 91 1
29 335 1
32 280 1
35 280 1
35 978 1
35 469 1
37 313 2
37 356 2
40 802 1
40 214 2
40 712 1
40 272 1
40 662 1
40 695 1
40 568 1
40 187 1
40 572 1
41 723 1
42 402 1
45 66 1
45 227 4
45 52 1
50 402 1
50 559 1
52 66 2
52 356 3
52 648 1
52 472 1
52 868 2
53 193 3
53 517 1
53 609 1
53 629 1
53 633 1
53 923 2
53 581 2
56 90 1
58 586 1
61 517 1
61 718 10
61 591 1
61 243 2
61 340 1
61 696 3
61 692 2
61 700 1
61 991 1
62 500 1
65 214 1
66 227 6
67 344 3
67 561 1
67 963 6
67 165 1
67 207 3
70 91 1
70 534 1
71 595 1
74 168 1
74 76 1
74 294 1
75 170 2
75 772 1
75 850 1
75 629 1
76 1001 1
76 399 1
77 168 1
77 439 1
78 178 4
78 502 2
82 135 1
83 784 1
83 742 1
86 443 1
86 742 1
90 416 5
90 771 1
90 613 2
90 742 1
90 170 1
90 923 1
90 178 1
90 912 1
90 530 2
90 629 3
90 439 2
90 472 1
90 891 1
91 416 2
91 517 1
91 167 1
91 107 1
91 647 1
91 530 1
91 207 2
91 978 1
91 851 1
91 660 1
91 301 1
91 280 1
91 629 1
91 915 1
91 693 1
92 838 1
98 401 2
98 429 2
101 246 3
101 423 1
103 423 2
104 908 1
104 765 1
104 126 1
105 418 4
107 192 1
107 226 1
107 980 2
107 214 1
107 381 2
110 112 1
111 586 1
112 356 1
112 517 1
114 275 1
114 189 2
118 335 1
119 979 1
120 416 1
120 586 3
120 772 1
120 629 1
120 854 2
122 857 2
122 428 1
122 693 1
125 402 1
125 139 2
125 622 13
126 912 1
126 356 2
126 765 2
127 281 1
127 595 1
127 687 1
127 718 2
127 423 4
134 592 1
134 356 1
134 454 1
134 142 1
135 581 9
135 870 1
135 170 1
135 942 2
135 337 1
135 371 1
135 628 5
136 160 1
136 953 2
136 200 1
136 990 1
136 142 1
139 832 2
139 513 1
139 676 1
139 939 1
139 780 3
139 622 2
139 477 1
139 977 1
139 402 2
139 510 1
141 978 1
141 214 2
142 971 1
142 647 1
142 200 1
142 267 2
142 428 1
142 915 2
142 952 1
142 857 1
142 188 1
142 280 1
143 862 2
147 715 1
151 923 3
152 443 11
152 742 1
153 891 1
157 334 1
159 923 1
159 662 3
159 746 2
159 171 1
159 334 2
159 692 2
159 629 1
159 214 7
159 251 3
159 607 1
160 857 1
160 586 1
160 915 1
160 629 6
161 586 1
165 586 1
166 356 1
166 586 1
166 500 1
167 207 2
167 978 1
167 851 2
167 951 4
167 795 1
168 260 6
168 966 1
168 585 2
168 912 2
168 790 1
168 472 2
168 356 3
168 699 1
169 595 1
169 372 2
170 697 1
173 506 10
173 582 2
175 335 1
175 275 1
175 532 1
175 423 2
176 334 2
178 470 4
178 519 4
178 409 4
178 538 4
178 418 6
178 295 4
178 990 2
178 693 4
178 569 5
178 607 2
178 710 4
178 333 4
178 976 5
178 339 4
178 214 2
178 599 4
178 605 4
178 862 4
178 991 4
178 228 5
178 231 2
178 752 1
178 502 8
178 249 4
178 250 1
178 767 4
180 990 1
181 724 1
181 189 1
185 684 2
185 915 1
185 213 3
185 502 1
185 248 2
185 762 1
185 670 1
187 450 4
187 695 2
188 546 2
188 301 2
188 978 1
188 851 2
188 469 2
188 502 1
188 280 1
189 904 2
189 236 3
189 652 2
189 530 4
189 915 3
189 410 2
189 428 1
189 201 2
189 716 2
189 718 5
189 977 3
189 595 2
189 470 2
189 862 3
189 1004 2
189 365 2
189 883 1
189 502 8
189 249 3
190 267 1
190 629 1
190 214 1
191 692 1
191 332 3
192 381 2
193 633 1
196 731 1
196 413 1
196 629 1
199 506 1
199 924 6
199 850 5
200 915 1
201 335 1
206 402 1
207 424 1
207 795 1
207 891 2
207 558 2
207 978 1
207 469 3
207 988 1
207 373 2
208 977 4
208 236 4
208 335 1
209 356 3
214 515 2
214 900 1
214 517 1
214 775 2
214 776 2
214 940 1
214 290 1
214 910 1
214 783 2
214 528 1
214 280 1
214 530 2
214 531 2
214 534 1
214 920 2
214 923 4
214 413 1
214 542 1
214 544 2
214 278 1
214 987 1
214 243 1
214 812 1
214 687 1
214 435 1
214 692 2
214 569 2
214 927 1
214 316 2
214 834 1
214 963 2
214 324 2
214 993 1
214 712 1
214 329 1
214 586 2
214 844 1
214 738 2
214 334 1
214 720 2
214 595 1
214 852 1
214 684 1
214 612 1
214 851 1
214 731 1
214 220 1
214 464 2
214 994 2
214 739 1
214 356 2
214 997 1
214 742 3
214 743 1
214 746 2
214 371 2
214 500 1
214 629 3
214 502 1
214 248 1
214 835 1
214 865 1
216 558 2
225 407 1
228 605 4
229 483 2
229 334 2
229 742 1
231 624 1
231 698 2
232 472 1
232 790 1
236 537 1
236 335 1
236 977 2
239 951 1
241 280 1
241 469 1
245 698 2
245 540 1
246 724 3
246 423 5
248 692 1
249 409 1
251 987 2
256 416 1
256 313 1
256 356 7
260 416 3
260 743 5
260 912 3
260 949 1
260 790 2
260 439 2
264 586 1
267 353 5
267 674 2
267 517 4
267 316 1
267 586 3
267 978 2
267 530 11
267 435 1
267 629 5
267 535 1
267 443 1
267 700 1
272 450 1
272 900 2
272 662 1
275 849 1
275 327 4
278 713 1
278 923 2
278 454 2
280 388 2
280 647 1
280 656 1
280 920 2
280 530 2
280 915 2
280 547 3
280 293 1
280 422 1
280 561 1
280 862 1
280 953 1
280 851 2
280 526 1
280 990 1
280 421 1
280 360 1
280 629 4
280 502 3
280 631 1
288 629 4
291 401 2
291 429 2
293 724 2
293 862 4
294 416 1
294 500 1
294 885 2
294 313 2
294 586 3
294 447 2
299 559 2
301 978 1
301 547 1
302 629 1
306 659 1
306 742 2
306 374 2
310 586 1
311 624 1
313 416 2
313 356 6
313 885 1
313 447 2
316 915 1
316 629 1
318 684 2
318 558 1
319 423 3
321 684 1
321 458 2
321 499 3
321 844 1
324 402 1
327 381 3
329 624 2
329 819 1
332 586 5
332 782 1
332 765 1
332 500 2
332 984 1
332 573 1
332 447 2
333 506 1
334 586 6
334 742 2
334 550 1
334 776 2
334 617 1
334 746 1
334 687 1
334 530 1
334 692 3
334 629 1
334 500 1
334 591 2
334 923 2
334 700 1
334 415 2
335 385 2
335 643 1
335 532 1
335 664 1
335 537 1
335 670 1
335 808 1
335 553 1
335 810 1
335 688 1
335 468 1
335 985 1
335 737 1
335 1004 1
335 464 2
335 980 1
335 381 1
337 505 1
337 509 2
338 987 1
344 915 1
347 966 1
349 976 3
356 517 1
356 912 2
356 730 1
356 542 1
356 416 2
356 435 1
356 586 3
356 472 9
356 602 3
356 743 2
356 362 1
356 500 2
356 762 1
356 765 4
360 629 3
362 802 1
362 613 1
362 528 2
362 538 1
362 383 2
372 595 1
372 404 2
372 934 1
379 568 1
381 643 1
381 1001 3
388 832 5
388 502 1
388 509 5
388 638 3
400 742 1
401 429 4
401 454 4
401 415 3
402 832 1
402 676 1
402 622 1
402 534 1
402 477 1
402 510 1
407 907 1
407 779 1
407 843 3
407 754 1
407 883 1
413 696 1
413 746 2
414 891 3
415 544 1
415 587 1
415 429 2
416 586 4
416 730 1
418 996 47
418 977 4
421 424 1
421 978 1
421 795 2
421 469 1
422 680 2
422 731 7
423 832 4
423 866 1
423 710 1
423 977 7
423 988 2
424 978 1
424 795 1
424 630 2
428 838 3
428 629 1
428 857 2
429 454 6
432 987 4
435 586 1
443 742 6
443 662 2
445 891 1
447 586 3
450 802 1
450 900 1
450 662 3
450 695 3
454 609 2
454 772 1
454 592 3
458 844 1
458 684 2
464 980 6
469 512 2
469 547 1
469 978 1
469 630 2
471 629 1
472 575 1
477 534 1
479 904 3
479 586 1
480 482 2
482 531 1
482 990 1
482 951 3
483 696 1
485 542 2
485 535 4
487 977 1
488 568 1
491 644 2
493 629 3
493 630 2
497 773 1
499 704 1
499 684 1
499 844 1
499 558 2
500 586 3
500 814 21
502 724 1
502 693 1
502 538 1
502 862 1
506 576 1
506 644 1
506 1001 13
506 996 1
506 541 2
512 978 1
513 535 1
514 780 1
516 532 1
516 743 1
517 546 1
526 629 3
530 891 4
530 685 1
530 915 2
530 629 13
530 630 4
530 857 1
532 1001 1
534 591 3
534 862 3
535 722 3
540 698 2
540 546 2
540 581 1
540 582 1
541 1001 5
546 900 1
546 550 3
546 684 3
546 633 1
547 978 1
547 862 4
550 742 1
552 978 1
558 684 3
558 844 1
559 622 10
561 658 1
561 629 3
565 844 1
565 684 1
566 713 2
568 660 1
568 695 2
573 586 1
573 868 2
580 791 1
582 994 3
582 764 1
586 912 1
586 947 1
586 684 2
586 687 1
586 948 1
586 837 1
586 984 1
586 617 2
586 759 1
586 762 1
586 765 3
591 742 1
591 718 2
592 609 2
602 743 4
603 780 1
605 700 1
607 696 1
607 617 1
609 880 1
609 772 2
609 629 1
612 740 1
614 978 1
617 923 3
622 676 12
622 780 1
624 994 1
624 764 1
629 772 1
629 658 3
629 752 1
629 685 3
629 846 3
629 978 1
629 880 1
629 630 3
629 631 3
629 890 1
629 891 10
633 987 1
638 700 3
644 996 1
644 924 4
654 837 1
654 991 1
659 742 2
662 900 3
662 838 1
663 832 2
670 688 1
672 844 2
682 738 1
684 704 1
684 844 1
684 918 1
684 956 2
687 923 2
692 834 1
692 742 3
692 775 1
692 746 11
692 923 2
695 947 1
696 995 1
698 840 2
698 873 2
698 764 2
700 838 1
702 1001 2
704 743 1
708 916 1
710 832 2
716 718 2
718 754 1
718 883 1
718 915 3
724 862 1
731 870 1
738 783 3
742 769 1
742 771 6
742 900 10
742 901 1
742 923 1
742 951 1
742 835 1
742 863 2
742 993 2
742 784 2
746 935 1
752 978 1
752 850 1
761 790 2
762 912 1
765 908 6
771 951 1
772 923 1
774 947 72
779 883 4
784 798 1
790 812 2
790 912 1
790 881 1
790 883 1
790 956 1
795 978 1
817 978 1
832 936 4
838 857 1
843 883 1
844 918 1
844 956 2
850 1001 1
850 996 3
851 978 1
857 915 14
858 991 1
883 915 4
890 923 2
915 953 1
915 923 3
950 977 2
951 957 4
952 971 2
954 978 1
957 978 1
977 1001 2
977 1004 3
978 988 3
