0
1
2
3
4
5
6
7
8
9
10
11
12
13
14
15
16
17
18
19
20
21
22
23
24
25
26
27
28
29
30
31
32
33
34
35
36
37
38
39
40
41
42
43
44
45
46
47
48
49
50
51
52
53
54
55
56
57
58
59
60
61
62
63
64
65
66
67
68
69
70
71
72
73
74
75
76
77
78
79
80
81
82
83
84
85
86
87
88
89
90
91
92
93
94
95
96
97
98
99
100
101
102
103
104
105
106
107
108
109
110
111
112
113
114
115
116
117
118
119
120
121
122
123
124
125
126
127
128
129
130
131
132
133
134
135
136
137
138
139
141
142
143
144
145
146
147
148
149
150
151
152
153
154
155
157
158
159
160
161
162
163
164
165
166
167
168
169
170
171
172
173
174
175
176
177
178
179
180
181
182
183
184
185
186
187
188
189
190
191
192
193
194
195
196
197
198
199
200
201
202
203
204
205
206
207
208
209
210
211
212
213
214
215
216
217
218
219
220
221
222
223
224
225
226
227
228
229
230
231
232
233
235
236
237
238
239
240
241
242
243
244
245
246
247
248
249
250
251
252
253
254
255
256
257
259
260
262
263
264
265
266
267
268
269
270
271
272
273
274
275
276
277
278
279
280
281
282
283
284
285
286
287
288
289
290
291
292
293
294
295
296
297
299
300
301
302
303
304
305
306
307
308
309
310
311
312
313
314
315
316
317
318
319
320
321
322
323
324
325
326
327
328
329
330
331
332
333
334
335
336
337
338
339
340
341
343
344
345
346
347
348
349
350
351
352
353
355
356
357
358
359
360
361
362
364
365
366
367
368
369
370
371
372
373
374
375
376
377
378
379
380
381
382
383
384
385
386
387
388
389
390
391
392
393
394
395
396
397
398
399
400
401
402
403
404
405
406
407
408
409
410
411
412
413
414
415
416
418
419
420
421
422
423
424
425
426
427
428
429
430
431
432
433
434
435
436
437
438
439
440
441
442
443
444
445
446
447
448
449
450
451
452
453
454
455
456
457
458
459
460
461
462
464
465
466
467
468
469
470
471
472
473
474
475
476
477
478
479
480
481
482
483
484
485
486
487
488
489
490
491
492
493
495
496
497
498
499
500
501
502
503
504
505
506
507
508
509
510
511
512
513
514
515
516
517
518
519
520
521
522
523
524
525
526
527
528
530
531
532
533
534
535
536
537
538
539
540
541
542
543
544
545
546
547
548
549
550
551
552
553
554
556
557
558
559
560
561
562
563
564
565
566
567
568
569
570
571
572
573
574
575
576
577
578
579
580
581
582
583
584
585
586
587
588
589
590
591
592
593
594
595
596
597
598
599
600
601
602
603
604
605
606
607
609
610
611
612
613
614
615
616
617
618
619
621
622
623
624
625
626
627
628
629
630
631
632
633
634
635
636
637
638
639
640
641
642
643
644
645
646
647
648
649
650
651
652
653
654
655
656
657
658
659
660
661
662
663
664
665
666
667
668
669
670
671
672
673
674
675
676
677
678
679
680
681
682
683
684
685
686
687
688
689
690
691
692
693
694
695
696
697
698
699
700
701
702
703
704
705
706
707
708
709
710
711
712
713
714
715
716
717
718
719
720
721
722
723
724
725
726
727
728
729
730
731
732
733
734
735
736
737
738
739
740
741
742
743
744
745
746
747
748
749
750
751
752
753
754
756
757
758
759
760
761
762
763
764
765
767
768
769
770
771
772
773
774
775
776
777
778
779
780
781
782
783
784
785
786
787
788
789
790
791
792
793
794
795
796
797
798
799
800
801
802
803
804
805
806
807
808
809
810
811
812
813
814
815
816
817
818
819
820
821
822
823
824
825
826
827
828
829
830
831
832
833
834
835
836
837
838
839
840
841
842
843
844
845
846
847
848
849
850
851
852
853
854
855
856
857
858
859
860
861
862
863
864
865
866
867
868
869
870
871
872
873
874
875
876
877
878
879
880
881
882
883
884
885
886
887
888
889
890
891
892
893
894
895
896
897
898
899
900
901
902
903
904
905
906
907
908
909
910
911
912
913
914
915
916
917
918
919
920
921
922
923
924
925
926
927
928
929
930
931
932
933
934
935
936
937
938
939
940
941
942
943
944
945
946
947
948
949
950
951
952
953
954
955
956
957
958
960
961
962
963
964
965
966
967
968
969
970
971
972
973
974
975
976
977
978
979
980
981
982
983
984
985
986
987
988
989
990
991
992
993
994
995
996
997
998
999
1000
1001
1002
1003
1004
0 6 1
0 409 1
0 538 1
0 410 1
0 295 1
0 178 1
0 693 1
0 189 1
0 710 1
0 333 1
0 78 1
0 976 1
0 595 2
0 470 1
0 599 1
0 605 1
0 862 1
0 991 2
0 228 1
0 502 1
0 249 1
0 767 1
1 368 1
2 582 2
2 231 3
2 812 1
2 335 2
2 789 3
2 790 1
2 250 1
2 61 3
4 371 2
4 135 1
5 808 3
6 178 1
6 1004 2
6 506 1
6 991 1
12 422 3
13 738 3
13 532 1
14 796 2
14 738 3
14 724 5
14 189 1
15 731 8
15 422 4
15 943 2
16 843 1
16 541 1
16 423 1
17 915 1
17 316 1
18 195 1
19 423 1
24 280 2
24 629 6
25 704 4
25 48 3
25 684 1
25 844 1
28 231 1
29 506 4
29 381 1
30 356 1
30 294 1
30 209 1
30 104 1
30 743 3
30 648 2
30 790 1
30 765 2
31 316 1
31 915 6
31 428 2
31 165 6
32 280 2
32 862 1
35 280 2
35 978 1
35 188 1
35 207 2
37 232 1
37 313 4
37 126 3
38 395 1
38 612 1
38 197 1
38 326 1
38 586 1
38 939 1
38 663 1
38 343 1
38 324 5
40 450 1
40 196 2
40 488 2
40 272 1
40 712 3
40 695 1
40 568 1
40 187 2
40 572 1
41 723 2
41 565 1
41 499 1
48 458 5
48 684 1
48 558 4
48 499 1
48 216 3
48 956 5
48 319 4
50 402 4
50 106 1
50 559 12
52 133 2
53 120 1
56 987 6
56 687 1
56 159 1
61 833 3
61 356 2
61 517 2
61 243 4
61 522 1
61 716 1
61 718 3
61 883 1
61 789 2
61 502 2
61 472 1
61 991 8
61 700 1
61 926 1
61 607 3
62 112 1
62 485 1
62 607 2
65 771 1
67 963 3
67 165 7
67 846 3
67 207 5
67 561 2
67 344 4
68 189 1
69 950 2
69 879 1
70 322 4
70 890 1
70 90 2
70 607 1
74 256 1
74 294 4
74 648 1
74 266 2
74 885 1
74 759 1
74 984 2
74 447 1
75 772 3
75 220 4
75 607 1
76 399 1
77 912 3
78 178 1
78 991 1
78 502 1
78 607 1
82 135 1
83 752 1
83 784 1
83 771 4
86 152 1
86 443 5
90 482 1
90 135 1
90 168 1
90 107 1
90 994 1
90 526 2
90 157 2
90 720 1
90 561 1
90 178 5
90 147 2
90 692 1
90 629 2
90 534 1
90 663 2
90 628 2
90 191 1
90 381 1
90 767 1
91 469 1
92 280 1
92 316 1
96 420 3
98 401 3
98 134 2
101 377 4
101 729 1
101 423 2
101 246 5
101 607 1
103 206 1
103 423 1
104 425 1
104 356 1
105 233 2
105 418 8
106 402 3
106 788 1
106 559 1
107 440 1
107 201 1
107 670 1
111 586 2
112 416 1
112 674 1
112 803 1
112 168 1
112 267 5
112 392 1
112 607 1
118 502 1
118 862 1
119 812 1
120 772 3
120 500 2
120 629 2
120 566 3
122 200 1
122 275 1
122 915 1
125 510 1
126 362 2
126 586 3
126 790 1
127 293 2
132 842 3
132 139 1
132 399 1
133 602 5
134 738 2
134 291 2
134 454 2
135 581 7
135 870 1
135 292 1
135 617 1
135 170 1
135 549 3
135 942 2
135 687 1
135 720 4
135 371 2
135 628 10
135 334 1
135 692 1
135 703 4
136 200 5
136 857 3
136 316 1
136 280 1
139 322 1
139 323 1
139 477 1
139 487 1
141 469 1
141 614 3
142 280 2
142 316 2
147 577 2
147 355 2
147 933 2
147 230 2
147 171 2
147 972 2
147 890 1
147 590 2
147 277 2
147 214 1
147 347 2
147 715 1
147 285 2
147 926 2
147 686 2
151 923 1
151 253 5
152 443 1
153 977 1
153 418 5
153 996 2
153 250 1
153 482 1
157 931 1
157 746 1
157 171 2
157 277 1
157 926 1
159 290 1
159 963 1
159 388 3
159 742 3
159 695 1
159 558 3
159 719 2
159 214 4
159 251 1
159 923 1
159 703 2
160 280 1
160 526 2
160 629 8
160 630 1
164 402 1
164 879 3
165 257 1
165 401 4
165 344 1
165 857 2
165 316 9
166 648 3
166 416 1
166 586 5
166 762 1
166 573 1
167 280 1
167 978 4
167 957 1
168 416 2
168 912 7
168 356 4
168 472 4
168 730 1
169 404 1
169 372 4
170 697 1
171 715 2
171 933 3
173 738 3
175 849 13
175 275 11
175 553 1
178 409 1
178 538 1
178 295 1
178 693 1
178 607 2
178 565 4
178 710 1
178 333 1
178 976 1
178 470 1
178 599 1
178 605 1
178 862 1
178 991 2
178 228 1
178 231 1
178 752 3
178 502 5
178 249 1
178 767 5
181 190 5
184 977 1
185 720 1
186 267 1
187 450 1
187 662 4
188 614 3
188 656 1
188 920 1
188 502 4
188 280 4
188 957 1
188 862 4
189 506 1
189 360 1
189 428 1
189 716 3
189 1004 1
189 595 3
189 502 1
189 280 1
189 410 2
189 605 1
190 353 5
190 978 1
190 656 5
190 274 5
190 373 5
191 752 1
193 264 1
193 629 1
193 454 2
194 769 1
194 863 1
194 901 1
194 229 1
195 896 2
196 731 2
196 413 2
199 924 1
199 738 3
199 996 3
199 506 2
200 428 10
200 915 1
200 857 3
200 316 2
201 335 2
206 534 1
206 622 1
206 879 1
207 428 3
207 558 1
207 280 1
207 349 1
209 880 1
214 290 3
214 935 2
214 746 2
214 687 2
214 912 1
214 978 3
214 278 2
214 851 1
214 923 2
214 765 2
220 633 1
223 746 1
223 343 1
223 322 1
223 853 1
223 879 2
228 693 1
228 502 3
228 605 2
228 991 1
229 241 4
229 374 1
229 977 3
231 738 2
231 245 1
231 502 1
231 698 2
231 955 4
231 540 6
232 416 1
232 332 2
232 782 2
232 305 2
232 575 1
233 364 1
233 692 1
236 977 3
236 1004 1
239 809 2
239 951 1
241 280 2
241 415 1
243 790 1
245 698 2
246 724 2
246 423 6
249 280 2
249 991 1
250 332 2
253 290 5
253 566 5
254 568 1
256 416 3
256 313 2
256 267 2
256 294 1
257 401 1
260 912 1
260 573 1
264 454 1
266 912 1
267 517 1
267 838 1
267 648 1
267 466 1
267 435 2
267 629 1
267 947 1
267 478 1
269 987 1
269 925 1
270 738 3
274 280 1
275 849 11
278 923 1
280 388 2
280 647 2
280 656 2
280 915 2
280 408 1
280 547 2
280 421 2
280 422 2
280 424 1
280 561 2
280 301 1
280 817 1
280 530 2
280 862 1
280 658 1
280 953 2
280 954 1
280 846 1
280 526 2
280 990 2
280 293 2
280 360 2
280 493 1
280 920 2
280 851 2
280 629 9
280 502 6
280 631 2
280 469 1
281 905 3
284 731 1
288 629 8
290 633 1
290 589 2
291 401 3
292 769 1
292 454 1
293 862 3
294 416 4
294 648 2
294 586 3
294 885 2
294 984 2
294 447 3
295 991 1
299 362 1
299 788 1
299 607 1
302 428 1
302 316 2
306 771 1
306 790 3
307 454 1
310 322 2
310 343 1
311 697 2
311 955 2
313 416 2
313 765 3
316 772 1
316 647 1
316 915 3
316 543 1
316 428 4
316 392 2
316 952 1
316 953 4
316 971 1
316 978 1
316 344 1
316 857 2
316 349 1
316 990 3
316 752 1
318 684 2
319 499 1
321 618 1
321 684 2
322 663 5
322 879 3
322 853 2
322 343 4
324 939 1
324 415 4
327 738 3
329 427 2
329 388 1
329 395 1
329 819 2
329 343 4
329 510 1
332 586 2
332 782 2
332 435 2
332 500 4
332 575 1
333 767 1
333 991 1
334 609 1
334 356 1
334 586 2
334 843 2
334 718 1
334 720 1
334 772 1
334 542 2
334 607 7
335 737 2
335 899 2
337 505 1
337 514 1
338 540 5
338 692 3
338 415 2
343 950 1
343 853 3
343 663 4
344 952 2
347 933 1
349 976 1
349 428 2
353 891 1
356 416 1
356 602 1
356 743 2
356 648 2
356 912 3
356 868 1
356 472 6
356 730 1
356 765 5
360 891 1
360 629 8
360 526 1
362 613 1
362 618 1
362 371 1
362 695 5
362 377 1
362 731 1
362 383 2
364 454 1
368 879 2
369 392 4
371 720 2
372 404 4
377 729 1
377 866 2
377 718 1
379 568 2
383 720 4
383 586 2
388 832 1
388 900 3
388 550 3
388 746 1
388 843 1
388 509 1
388 638 2
401 454 7
401 429 3
401 415 3
402 559 1
404 595 2
407 843 1
409 991 1
410 977 1
410 423 1
413 746 3
413 935 1
415 416 2
415 587 2
415 752 1
416 772 2
416 648 4
416 586 6
416 782 7
416 765 1
416 435 2
416 500 1
416 885 1
416 472 2
416 447 2
418 996 9
418 977 1
420 559 4
422 680 2
422 527 2
422 731 5
423 866 1
423 716 2
423 977 1
423 724 2
423 633 3
425 908 1
427 955 5
428 647 3
428 915 9
428 953 1
428 857 4
428 990 2
429 454 7
433 849 2
433 809 1
435 586 4
435 782 6
435 500 4
437 738 3
439 912 1
440 737 1
440 843 1
443 742 1
443 662 5
444 483 1
444 535 1
447 586 10
450 802 2
450 546 1
450 712 2
450 662 3
454 875 1
454 971 2
454 916 1
454 772 2
454 542 1
454 863 1
458 684 1
458 499 1
458 844 1
465 812 1
469 512 2
470 991 1
472 743 1
472 912 2
482 531 1
482 606 1
482 990 1
483 607 2
485 513 4
493 629 6
493 630 3
499 918 1
499 679 1
499 618 1
499 844 1
499 723 1
499 758 1
499 956 1
500 586 2
502 613 1
502 692 1
502 538 1
502 923 1
502 862 2
502 991 1
506 738 3
506 644 1
506 783 2
506 996 6
506 541 1
509 638 2
513 551 3
513 535 1
515 648 1
516 761 2
516 738 3
526 561 1
526 629 6
530 629 9
530 630 1
532 738 3
534 939 1
534 746 1
534 843 1
534 638 2
534 951 1
534 862 6
535 542 1
535 823 3
538 862 1
538 991 1
540 698 2
540 955 2
541 738 3
541 644 3
542 746 1
546 712 2
546 801 1
546 550 1
546 551 1
547 851 1
547 988 1
547 862 2
550 743 1
550 712 1
550 746 2
550 629 1
557 586 1
558 684 2
558 565 3
559 622 7
561 846 1
561 629 6
565 684 2
565 723 1
565 956 4
566 739 1
566 772 5
568 695 3
572 596 1
572 862 1
573 648 3
576 738 3
580 582 1
581 936 2
584 731 1
586 648 1
586 782 16
586 838 3
586 718 1
586 984 5
586 885 3
586 759 1
586 762 1
586 765 2
587 720 3
591 843 1
591 718 1
591 607 2
595 696 3
597 738 2
599 991 1
602 765 1
602 743 7
605 693 2
605 991 1
607 933 1
607 647 1
607 692 2
607 696 1
607 687 1
609 772 3
609 854 2
617 720 2
617 923 3
626 807 1
629 658 7
629 915 1
629 685 6
629 838 2
629 846 6
629 978 1
629 752 2
629 630 7
629 631 6
629 891 7
630 685 4
630 719 5
630 817 2
633 772 1
633 940 1
633 900 2
633 703 1
634 788 1
644 738 4
644 924 1
647 953 1
648 885 1
648 765 3
650 738 3
650 682 5
654 738 3
654 783 1
654 991 6
656 920 1
656 838 1
657 738 3
663 879 1
663 950 11
665 746 1
672 844 1
678 696 1
679 684 1
680 720 3
680 731 3
682 738 3
684 704 1
684 844 2
684 918 1
684 956 3
684 746 1
685 1001 2
685 724 1
687 843 1
687 720 2
687 923 1
692 769 3
692 746 7
693 991 1
697 771 2
697 855 3
697 925 2
698 840 2
698 873 2
698 987 1
698 764 2
700 812 1
702 738 3
703 951 1
704 743 3
707 880 1
710 991 1
711 843 1
716 883 3
718 843 1
718 883 2
718 890 1
718 923 1
718 915 1
719 738 4
720 855 1
724 1001 1
730 912 4
730 868 3
737 849 1
738 783 4
738 921 3
738 923 3
738 924 3
738 945 3
738 828 4
738 837 3
738 951 1
738 850 3
738 979 3
738 996 3
738 1001 3
738 881 4
738 745 3
738 761 6
740 879 3
742 771 1
742 900 3
746 935 11
746 900 1
748 926 5
752 765 1
758 844 1
761 790 4
762 984 1
764 801 1
765 908 2
765 868 2
767 991 1
769 798 1
771 900 8
771 901 2
772 865 1
773 955 2
774 947 57
784 900 3
784 798 1
790 868 4
790 812 1
840 987 1
844 956 8
851 978 1
857 915 1
858 991 2
862 991 1
863 900 3
868 912 2
883 915 1
890 923 1
912 949 1
915 953 5
925 955 2
933 966 1
936 942 2
955 987 5
976 991 1
978 988 1
