0
1
2
3
4
5
6
7
8
9
10
11
12
13
14
15
16
17
18
19
20
21
22
23
24
25
26
27
28
29
30
31
32
33
34
35
36
37
38
39
40
41
42
43
44
45
46
47
48
49
50
51
52
53
54
55
56
57
58
59
60
61
62
63
64
65
66
67
68
69
70
71
72
73
74
75
76
77
78
79
80
81
82
83
84
85
86
87
88
89
90
91
92
93
94
95
96
97
98
99
100
101
102
103
104
105
106
107
108
109
110
111
112
113
114
115
116
117
118
119
120
121
122
123
124
125
126
127
128
129
130
131
132
133
134
135
136
137
138
139
141
142
143
144
145
146
147
148
149
150
151
152
153
154
155
157
158
159
160
161
162
163
164
165
166
167
168
169
170
171
172
173
174
175
176
177
178
179
180
181
182
183
184
185
186
187
188
189
190
191
192
193
194
195
196
197
198
199
200
201
202
203
204
205
206
207
208
209
210
211
212
213
214
215
216
217
218
219
220
221
222
223
224
225
226
227
228
229
230
231
232
233
235
236
237
238
239
240
241
242
243
244
245
246
247
248
249
250
251
252
253
254
255
256
257
259
260
262
263
264
265
266
267
268
269
270
271
272
273
274
275
276
277
278
279
280
281
282
283
284
285
286
287
288
289
290
291
292
293
294
295
296
297
299
300
301
302
303
304
305
306
307
308
309
310
311
312
313
314
315
316
317
318
319
320
321
322
323
324
325
326
327
328
329
330
331
332
333
334
335
336
337
338
339
340
341
343
344
345
346
347
348
349
350
351
352
353
355
356
357
358
359
360
361
362
364
365
366
367
368
369
370
371
372
373
374
375
376
377
378
379
380
381
382
383
384
385
386
387
388
389
390
391
392
393
394
395
396
397
398
399
400
401
402
403
404
405
406
407
408
409
410
411
412
413
414
415
416
418
419
420
421
422
423
424
425
426
427
428
429
430
431
432
433
434
435
436
437
438
439
440
441
442
443
444
445
446
447
448
449
450
451
452
453
454
455
456
457
458
459
460
461
462
464
465
466
467
468
469
470
471
472
473
474
475
476
477
478
479
480
481
482
483
484
485
486
487
488
489
490
491
492
493
495
496
497
498
499
500
501
502
503
504
505
506
507
508
509
510
511
512
513
514
515
516
517
518
519
520
521
522
523
524
525
526
527
528
530
531
532
533
534
535
536
537
538
539
540
541
542
543
544
545
546
547
548
549
550
551
552
553
554
556
557
558
559
560
561
562
563
564
565
566
567
568
569
570
571
572
573
574
575
576
577
578
579
580
581
582
583
584
585
586
587
588
589
590
591
592
593
594
595
596
597
598
599
600
601
602
603
604
605
606
607
609
610
611
612
613
614
615
616
617
618
619
621
622
623
624
625
626
627
628
629
630
631
632
633
634
635
636
637
638
639
640
641
642
643
644
645
646
647
648
649
650
651
652
653
654
655
656
657
658
659
660
661
662
663
664
665
666
667
668
669
670
671
672
673
674
675
676
677
678
679
680
681
682
683
684
685
686
687
688
689
690
691
692
693
694
695
696
697
698
699
700
701
702
703
704
705
706
707
708
709
710
711
712
713
714
715
716
717
718
719
720
721
722
723
724
725
726
727
728
729
730
731
732
733
734
735
736
737
738
739
740
741
742
743
744
745
746
747
748
749
750
751
752
753
754
756
757
758
759
760
761
762
763
764
765
767
768
769
770
771
772
773
774
775
776
777
778
779
780
781
782
783
784
785
786
787
788
789
790
791
792
793
794
795
796
797
798
799
800
801
802
803
804
805
806
807
808
809
810
811
812
813
814
815
816
817
818
819
820
821
822
823
824
825
826
827
828
829
830
831
832
833
834
835
836
837
838
839
840
841
842
843
844
845
846
847
848
849
850
851
852
853
854
855
856
857
858
859
860
861
862
863
864
865
866
867
868
869
870
871
872
873
874
875
876
877
878
879
880
881
882
883
884
885
886
887
888
889
890
891
892
893
894
895
896
897
898
899
900
901
902
903
904
905
906
907
908
909
910
911
912
913
914
915
916
917
918
919
920
921
922
923
924
925
926
927
928
929
930
931
932
933
934
935
936
937
938
939
940
941
942
943
944
945
946
947
948
949
950
951
952
953
954
955
956
957
958
960
961
962
963
964
965
966
967
968
969
970
971
972
973
974
975
976
977
978
979
980
981
982
983
984
985
986
987
988
989
990
991
992
993
994
995
996
997
998
999
1000
1001
1002
1003
1004
0 178 3
0 118 1
0 470 1
0 605 1
2 700 1
2 812 1
2 629 2
5 506 1
5 107 2
6 506 1
6 178 4
6 605 1
6 470 1
8 544 1
8 731 1
14 738 1
14 702 1
15 680 1
15 731 1
16 994 1
16 718 8
17 316 1
20 885 1
22 663 2
24 288 1
24 782 2
24 750 1
24 530 2
24 629 2
24 280 5
24 507 1
24 31 1
28 987 5
29 808 2
29 107 1
29 335 2
29 506 1
29 381 3
29 670 2
30 104 1
30 648 1
30 936 1
30 948 1
30 790 2
30 765 10
31 428 1
31 316 1
31 165 1
31 990 1
32 708 1
32 143 1
32 249 2
32 280 1
32 921 3
32 90 1
35 280 1
35 978 1
35 207 3
38 474 1
38 939 1
38 324 2
38 309 1
40 120 3
40 528 1
40 187 1
41 723 1
41 565 1
42 106 1
42 383 1
42 951 1
48 844 1
48 558 2
48 679 1
50 559 1
52 586 1
52 868 1
53 443 1
53 290 2
53 147 2
53 178 2
55 752 2
56 994 1
56 987 5
58 909 2
61 214 2
61 522 1
61 843 1
61 718 6
61 502 1
61 991 1
62 163 2
62 485 2
62 518 3
65 135 1
65 107 1
65 334 1
65 850 3
65 851 1
65 983 5
65 280 2
65 220 6
65 190 1
65 191 3
67 963 11
67 165 7
67 391 6
67 846 14
67 207 7
67 344 7
68 987 5
69 879 1
70 638 1
70 343 1
71 595 6
72 528 1
72 91 1
74 104 1
74 984 1
74 294 2
74 166 2
75 995 1
75 772 5
75 231 1
75 334 3
75 750 1
75 280 1
75 891 3
75 191 2
77 356 1
77 168 2
77 266 2
77 912 14
77 949 1
77 439 1
77 260 2
77 699 3
78 130 2
78 878 1
78 178 5
78 470 1
78 605 1
78 862 1
82 784 1
82 870 1
83 784 1
83 697 1
84 324 1
86 443 2
88 906 1
88 106 2
90 868 1
90 997 1
90 646 2
90 518 1
90 107 1
90 657 1
90 850 1
90 948 1
90 245 1
90 388 1
90 890 4
90 763 2
91 105 1
91 147 1
92 316 2
95 987 5
96 634 1
98 707 13
98 454 2
98 134 11
98 713 9
98 107 16
98 268 12
98 429 3
98 592 1
98 401 6
98 117 12
98 278 12
99 878 1
99 605 1
99 178 2
99 502 1
99 669 1
99 767 1
101 423 1
104 294 1
105 233 1
105 374 2
106 399 2
106 402 1
106 950 1
106 919 1
106 601 1
106 154 2
107 898 1
107 643 1
107 236 1
107 652 1
107 664 1
107 537 2
107 670 1
107 808 1
107 553 1
107 810 1
107 393 1
107 320 3
107 201 2
107 335 1
107 208 1
107 468 1
107 985 1
107 464 4
107 1004 2
107 118 1
107 980 2
107 381 1
112 674 7
112 803 3
112 356 3
112 517 7
112 166 8
112 1000 5
112 267 1
112 751 2
112 392 1
112 948 1
112 313 1
113 518 1
113 535 2
114 403 2
114 718 2
118 732 1
119 812 3
119 790 1
120 772 9
120 775 4
120 267 1
120 147 2
120 660 1
120 540 1
120 542 1
120 198 2
120 425 2
120 687 3
120 948 11
120 926 1
120 189 2
120 190 5
120 191 4
120 196 1
120 454 3
120 609 1
120 987 1
120 865 2
120 868 1
120 997 2
120 617 2
120 752 10
120 633 1
122 718 2
126 168 1
126 586 3
126 332 1
126 782 2
126 648 2
126 362 1
130 178 1
133 602 1
134 535 1
135 692 1
136 200 1
136 857 3
136 450 1
136 915 8
136 316 3
137 374 2
137 239 1
139 534 1
141 280 1
141 978 1
141 469 1
142 165 1
142 952 1
142 274 1
142 915 4
142 280 2
142 316 1
143 544 1
147 355 1
147 528 1
147 157 1
149 372 4
150 833 1
150 178 3
150 415 1
150 191 2
151 278 1
151 923 1
151 253 1
151 566 3
153 977 3
153 996 2
155 784 1
157 586 4
157 356 1
157 415 2
159 768 1
160 288 1
160 550 4
160 585 1
160 367 2
160 629 1
160 280 1
160 891 1
161 784 1
164 638 4
165 207 2
165 401 7
165 316 2
165 990 2
167 978 1
167 988 2
168 260 9
168 966 3
168 648 3
168 425 6
168 266 10
168 332 5
168 912 40
168 177 3
168 521 4
168 949 10
168 439 11
168 472 5
168 356 9
168 699 2
168 575 1
169 372 5
170 332 1
170 855 1
171 347 1
173 428 2
173 506 2
173 924 2
175 849 3
175 275 2
177 912 1
178 772 3
178 214 5
178 546 1
178 409 2
178 538 5
178 415 3
178 929 2
178 418 1
178 295 2
178 299 1
178 693 4
178 951 2
178 569 3
178 314 2
178 710 2
178 633 2
178 333 4
178 976 2
178 339 2
178 470 7
178 599 2
178 605 41
178 862 4
178 991 2
178 228 5
178 231 3
178 752 1
178 502 17
178 249 5
178 767 2
181 724 1
181 189 2
181 190 4
182 948 1
185 915 1
187 450 1
187 965 1
187 802 1
187 696 2
187 947 1
187 662 2
187 695 1
187 568 1
187 572 1
187 254 1
188 274 1
188 301 1
188 978 2
188 851 2
188 469 1
188 280 4
189 1004 2
189 718 3
189 528 1
189 377 1
189 410 6
190 353 4
190 196 1
190 614 4
190 486 2
190 656 4
190 274 3
190 373 2
190 214 4
190 890 1
190 191 2
191 196 1
191 749 1
191 948 2
192 506 1
192 381 2
199 644 3
199 924 1
199 996 1
200 915 1
200 630 2
200 952 9
200 857 1
200 316 1
207 484 1
207 293 2
207 424 3
207 469 3
207 428 1
207 558 1
207 978 2
207 373 2
207 630 1
207 954 1
207 795 3
207 988 1
207 349 3
207 990 1
214 776 5
214 811 1
214 940 2
214 334 1
214 813 2
214 306 1
214 367 1
214 629 2
214 502 1
214 530 2
216 458 4
220 450 1
220 692 1
220 364 1
220 749 1
223 746 2
224 316 1
224 428 1
224 806 2
228 502 1
228 605 1
228 470 1
229 443 4
231 736 1
231 764 1
231 874 2
231 334 3
231 245 3
231 329 1
231 987 5
231 540 1
232 744 1
232 425 2
232 946 4
233 692 1
239 868 1
239 742 1
239 502 1
241 280 1
243 607 1
245 528 1
245 994 2
245 329 1
245 874 2
245 624 1
245 987 10
245 540 6
246 423 1
248 891 6
248 980 3
249 362 1
249 491 2
249 470 2
249 605 1
250 995 1
250 948 4
251 482 1
251 987 5
251 506 1
257 347 1
260 266 2
260 912 6
260 949 1
260 439 1
264 329 1
264 692 1
266 912 1
266 949 1
266 439 4
267 392 3
267 586 2
267 948 1
267 984 1
273 951 1
274 547 1
274 656 1
274 469 1
275 849 3
278 776 7
278 454 1
280 902 2
280 647 1
280 685 1
280 656 1
280 920 2
280 530 3
280 915 2
280 421 2
280 422 1
280 391 1
280 301 1
280 687 1
280 561 3
280 953 1
280 445 1
280 846 5
280 288 2
280 978 1
280 547 2
280 526 2
280 493 1
280 990 1
280 293 1
280 484 1
280 360 2
280 658 2
280 750 1
280 851 6
280 629 3
280 630 1
280 631 3
280 891 2
280 469 1
281 718 3
284 680 1
284 731 1
288 750 1
288 610 9
288 484 10
288 391 3
288 360 1
288 846 17
288 685 1
288 526 1
288 658 1
288 530 1
288 629 13
288 630 1
288 891 1
289 810 2
289 506 1
290 499 3
290 540 2
290 589 2
290 566 1
293 697 2
293 718 2
294 586 5
294 885 1
294 759 2
294 573 1
299 978 1
300 784 1
301 978 1
301 630 1
302 316 1
304 441 1
304 317 5
305 946 1
306 784 1
306 585 1
310 343 1
311 987 5
313 948 1
313 730 2
313 356 2
313 946 2
314 929 2
314 470 2
314 599 1
316 647 1
316 915 2
316 543 1
316 428 4
316 952 1
316 953 1
316 971 1
316 344 1
316 857 2
316 349 7
316 990 1
316 351 2
316 888 1
317 441 1
317 374 3
318 946 1
319 1002 4
321 458 1
324 509 1
324 534 1
324 591 1
327 702 1
332 587 2
332 782 1
332 912 3
332 435 2
332 500 2
332 347 2
332 586 1
333 605 2
333 470 1
334 995 6
334 772 1
334 586 1
334 891 1
334 415 2
335 643 2
336 926 6
338 994 1
338 987 5
338 540 2
338 955 1
343 399 2
343 528 3
343 853 3
343 879 2
346 634 1
347 355 1
347 933 2
347 590 1
347 912 1
349 976 1
349 428 2
351 952 2
351 782 1
356 868 2
356 425 12
356 500 1
356 912 11
356 744 1
356 948 4
356 472 9
356 730 5
356 765 5
360 629 1
361 987 5
362 812 2
362 915 1
362 918 1
362 695 1
362 383 7
364 764 1
369 913 3
369 535 4
369 646 1
369 518 3
369 407 5
372 404 11
372 934 8
374 784 1
374 443 2
376 969 1
378 514 1
380 440 1
381 643 1
381 532 2
383 517 1
383 518 2
388 746 1
388 634 1
390 784 1
392 674 2
393 907 2
393 1004 2
401 429 7
401 454 5
401 415 4
402 788 4
403 410 1
409 605 1
409 470 2
409 767 2
410 650 1
410 996 2
410 663 1
414 591 1
414 891 9
414 995 2
415 450 1
415 987 1
415 517 2
415 429 1
415 783 1
415 851 2
415 724 1
415 718 1
415 591 1
415 542 2
415 946 2
416 948 1
418 977 1
418 538 5
418 996 4
420 879 1
421 424 4
421 978 1
421 795 6
423 849 3
423 883 1
424 978 1
425 912 3
425 946 4
425 948 3
425 472 1
428 806 2
428 971 2
428 497 3
428 915 4
428 952 2
428 857 2
429 454 3
433 994 1
433 987 5
435 586 3
435 782 1
435 500 1
435 762 1
435 573 1
439 912 1
440 537 2
440 506 1
443 662 5
450 595 2
454 772 4
454 713 2
454 1003 2
458 1000 1
459 517 3
464 502 1
465 812 2
469 978 1
469 851 3
469 630 1
470 929 2
470 710 2
470 951 1
470 599 2
470 605 3
470 976 1
470 789 5
470 693 1
470 502 2
470 538 1
470 862 1
470 767 1
472 966 1
472 912 5
472 946 4
472 598 1
472 890 1
480 506 1
480 987 5
482 987 5
484 846 1
484 630 6
485 542 1
485 895 1
490 843 1
499 704 1
502 775 2
502 746 2
502 718 1
502 915 1
502 693 1
502 890 1
502 605 1
503 704 1
506 644 6
506 745 1
506 921 2
506 890 1
506 828 1
507 530 1
507 782 2
507 630 2
509 951 2
510 939 1
512 978 1
513 646 1
513 542 1
513 823 1
514 832 1
514 1001 1
514 780 1
514 977 4
514 950 1
516 924 1
517 546 1
517 948 2
518 823 1
518 913 2
518 854 3
518 535 4
518 799 1
518 542 1
521 912 1
521 699 1
522 546 1
526 629 1
527 870 1
527 951 1
528 739 1
528 589 1
528 660 2
528 920 1
528 915 1
528 765 2
530 891 1
530 586 5
530 629 8
530 630 4
531 994 1
531 987 5
532 804 1
534 746 2
535 551 1
538 605 1
540 994 3
540 987 9
540 873 1
540 874 2
540 749 1
540 624 13
540 641 3
540 955 1
541 576 3
543 971 1
544 669 1
546 550 1
547 978 1
547 902 2
550 812 1
551 799 1
551 895 1
552 978 1
558 704 1
561 629 3
561 750 2
565 723 1
565 956 3
568 585 2
569 749 1
569 605 1
575 912 2
575 966 1
580 669 2
581 692 1
582 890 2
582 987 5
582 764 1
584 680 1
584 731 1
586 782 6
586 718 1
586 984 3
589 909 1
591 746 2
595 718 2
595 934 5
599 710 1
599 605 1
605 976 1
605 710 1
605 693 1
605 862 1
605 767 1
609 772 3
614 978 1
617 669 1
624 692 1
629 685 6
629 782 2
629 630 3
629 891 3
630 782 2
630 656 1
630 851 2
633 772 2
634 788 3
634 890 1
638 790 1
641 987 5
643 685 17
644 738 3
644 924 3
644 702 2
646 890 1
648 765 3
650 828 1
657 921 1
668 746 8
668 935 2
669 687 1
671 696 1
678 696 1
680 707 1
680 731 2
684 704 1
684 746 1
686 872 1
692 994 1
692 742 1
692 746 5
692 775 1
692 749 5
692 819 1
692 873 1
696 963 1
697 925 3
697 873 1
697 855 3
698 987 5
699 912 1
700 812 2
700 790 1
700 935 2
704 918 1
707 1003 1
707 951 1
712 827 6
715 926 5
716 718 1
718 866 3
718 843 2
718 977 1
718 851 1
718 724 4
718 883 2
718 732 2
719 828 3
720 746 3
720 935 5
721 912 1
721 765 2
724 1004 8
730 912 3
730 868 2
731 870 1
735 962 1
735 879 1
738 850 1
742 784 3
742 890 1
742 863 1
744 912 2
746 935 14
746 776 1
746 813 11
746 920 1
746 900 1
749 994 1
749 819 4
764 874 2
764 987 5
774 947 2
780 977 3
782 806 3
789 987 5
790 868 2
790 812 2
795 978 1
796 987 5
799 895 2
803 948 2
809 994 1
809 987 7
813 935 2
817 978 1
819 955 1
823 895 1
832 977 2
838 952 2
840 874 2
840 987 5
843 907 3
844 918 1
849 987 9
851 988 1
851 978 5
857 915 5
857 951 3
857 990 1
868 912 2
872 987 5
873 874 2
873 987 5
890 962 2
891 995 1
912 948 1
912 949 7
915 920 1
915 952 4
939 951 1
946 948 1
950 977 3
954 978 1
955 987 5
957 978 1
962 987 1
977 996 3
977 1004 6
978 988 3
987 994 6
