0
1
2
3
4
5
6
7
8
9
10
11
12
13
14
15
16
17
18
19
20
21
22
23
24
25
26
27
28
29
30
31
32
33
34
35
36
37
38
39
40
41
42
43
44
45
46
47
48
49
50
51
52
53
54
55
56
57
58
59
60
61
62
63
64
65
66
67
68
69
70
71
72
73
74
75
76
77
78
79
80
81
82
83
84
85
86
87
88
89
90
91
92
93
94
95
96
97
98
99
100
101
102
103
104
105
106
107
108
109
110
111
112
113
114
115
116
117
118
119
120
121
122
123
124
125
126
127
128
129
130
131
132
133
134
135
136
137
138
139
141
142
143
144
145
146
147
148
149
150
151
152
153
154
155
157
158
159
160
161
162
163
164
165
166
167
168
169
170
171
172
173
174
175
176
177
178
179
180
181
182
183
184
185
186
187
188
189
190
191
192
193
194
195
196
197
198
199
200
201
202
203
204
205
206
207
208
209
210
211
212
213
214
215
216
217
218
219
220
221
222
223
224
225
226
227
228
229
230
231
232
233
235
236
237
238
239
240
241
242
243
244
245
246
247
248
249
250
251
252
253
254
255
256
257
259
260
262
263
264
265
266
267
268
269
270
271
272
273
274
275
276
277
278
279
280
281
282
283
284
285
286
287
288
289
290
291
292
293
294
295
296
297
299
300
301
302
303
304
305
306
307
308
309
310
311
312
313
314
315
316
317
318
319
320
321
322
323
324
325
326
327
328
329
330
331
332
333
334
335
336
337
338
339
340
341
343
344
345
346
347
348
349
350
351
352
353
355
356
357
358
359
360
361
362
364
365
366
367
368
369
370
371
372
373
374
375
376
377
378
379
380
381
382
383
384
385
386
387
388
389
390
391
392
393
394
395
396
397
398
399
400
401
402
403
404
405
406
407
408
409
410
411
412
413
414
415
416
418
419
420
421
422
423
424
425
426
427
428
429
430
431
432
433
434
435
436
437
438
439
440
441
442
443
444
445
446
447
448
449
450
451
452
453
454
455
456
457
458
459
460
461
462
464
465
466
467
468
469
470
471
472
473
474
475
476
477
478
479
480
481
482
483
484
485
486
487
488
489
490
491
492
493
495
496
497
498
499
500
501
502
503
504
505
506
507
508
509
510
511
512
513
514
515
516
517
518
519
520
521
522
523
524
525
526
527
528
530
531
532
533
534
535
536
537
538
539
540
541
542
543
544
545
546
547
548
549
550
551
552
553
554
556
557
558
559
560
561
562
563
564
565
566
567
568
569
570
571
572
573
574
575
576
577
578
579
580
581
582
583
584
585
586
587
588
589
590
591
592
593
594
595
596
597
598
599
600
601
602
603
604
605
606
607
609
610
611
612
613
614
615
616
617
618
619
621
622
623
624
625
626
627
628
629
630
631
632
633
634
635
636
637
638
639
640
641
642
643
644
645
646
647
648
649
650
651
652
653
654
655
656
657
658
659
660
661
662
663
664
665
666
667
668
669
670
671
672
673
674
675
676
677
678
679
680
681
682
683
684
685
686
687
688
689
690
691
692
693
694
695
696
697
698
699
700
701
702
703
704
705
706
707
708
709
710
711
712
713
714
715
716
717
718
719
720
721
722
723
724
725
726
727
728
729
730
731
732
733
734
735
736
737
738
739
740
741
742
743
744
745
746
747
748
749
750
751
752
753
754
756
757
758
759
760
761
762
763
764
765
767
768
769
770
771
772
773
774
775
776
777
778
779
780
781
782
783
784
785
786
787
788
789
790
791
792
793
794
795
796
797
798
799
800
801
802
803
804
805
806
807
808
809
810
811
812
813
814
815
816
817
818
819
820
821
822
823
824
825
826
827
828
829
830
831
832
833
834
835
836
837
838
839
840
841
842
843
844
845
846
847
848
849
850
851
852
853
854
855
856
857
858
859
860
861
862
863
864
865
866
867
868
869
870
871
872
873
874
875
876
877
878
879
880
881
882
883
884
885
886
887
888
889
890
891
892
893
894
895
896
897
898
899
900
901
902
903
904
905
906
907
908
909
910
911
912
913
914
915
916
917
918
919
920
921
922
923
924
925
926
927
928
929
930
931
932
933
934
935
936
937
938
939
940
941
942
943
944
945
946
947
948
949
950
951
952
953
954
955
956
957
958
960
961
962
963
964
965
966
967
968
969
970
971
972
973
974
975
976
977
978
979
980
981
982
983
984
985
986
987
988
989
990
991
992
993
994
995
996
997
998
999
1000
1001
1002
1003
1004
0 178 1
0 403 3
2 72 1
2 700 1
2 790 1
2 535 2
4 456 1
6 178 1
14 506 1
14 702 1
15 584 1
15 422 1
16 528 1
16 19 1
17 857 2
24 120 1
24 629 5
24 31 1
25 844 1
25 918 1
29 808 1
29 506 1
29 899 1
30 528 1
30 168 1
30 946 4
30 356 2
30 743 2
31 224 1
31 915 1
31 165 2
31 990 1
32 840 1
32 669 1
35 585 2
35 851 1
38 939 2
40 272 1
40 568 1
40 187 1
40 662 1
41 618 1
41 723 4
41 565 1
41 758 3
42 832 1
45 782 2
46 399 1
48 704 1
48 1000 1
48 844 1
48 684 1
48 558 1
48 565 1
48 956 1
52 425 1
52 356 3
53 633 1
53 274 1
55 595 1
56 840 1
56 105 1
61 840 1
61 178 2
61 718 4
62 485 1
62 214 2
65 120 1
65 220 1
65 687 1
66 782 3
67 963 2
67 165 1
70 120 1
70 388 1
70 84 2
71 595 1
72 528 2
72 214 1
73 577 1
73 618 1
73 758 1
74 104 2
74 984 1
74 166 1
74 294 1
75 891 1
75 772 2
75 334 1
75 191 2
77 912 1
77 168 1
77 260 1
78 929 1
78 178 1
78 502 3
89 415 1
90 228 1
90 742 5
90 107 2
90 749 1
90 718 2
90 692 1
90 853 1
90 118 1
90 356 1
90 670 1
98 429 2
101 377 1
101 866 1
104 425 7
105 233 4
105 374 3
107 236 1
107 1004 1
107 367 2
107 528 1
107 335 4
112 267 1
112 356 2
114 275 2
119 812 2
119 790 1
119 335 1
120 865 1
120 866 1
120 772 1
120 997 2
120 572 1
120 274 2
120 948 1
120 542 1
120 534 1
120 660 1
120 540 1
120 189 1
120 926 1
125 622 1
126 586 1
126 782 2
132 399 1
136 200 1
136 224 1
136 915 3
136 142 2
136 857 1
139 513 1
139 399 1
141 585 1
141 851 1
142 857 2
142 915 3
142 224 1
142 647 5
143 739 1
143 669 1
147 528 3
147 577 2
149 866 1
153 977 3
157 586 3
157 415 2
160 915 2
160 629 2
161 901 1
165 224 1
165 401 2
165 915 1
165 858 1
165 316 1
166 528 1
166 435 1
167 585 1
167 851 2
167 988 1
167 469 1
168 416 2
168 260 11
168 232 1
168 425 1
168 266 5
168 332 2
168 912 9
168 946 1
168 521 2
168 949 4
168 790 2
168 439 9
168 472 2
168 356 3
168 765 1
170 840 1
173 506 1
175 849 1
175 275 5
178 228 1
178 502 2
178 333 2
178 367 2
178 710 3
178 693 2
178 470 2
178 249 2
178 538 2
178 314 3
178 605 4
178 862 1
178 415 1
184 710 2
184 214 1
187 947 2
187 254 1
188 851 1
189 1004 2
191 752 1
199 541 1
200 224 1
200 806 1
200 971 1
200 302 1
200 915 5
200 630 1
200 952 4
207 428 1
207 373 1
207 408 1
207 954 1
207 795 1
207 445 1
207 990 3
214 290 1
214 742 1
214 518 2
214 334 1
214 367 1
214 912 1
214 850 1
214 531 1
214 662 1
214 951 1
216 321 1
216 618 1
216 458 2
216 558 1
220 367 2
223 415 2
224 806 3
224 428 3
224 915 2
224 952 2
224 857 1
224 316 3
224 990 1
228 605 1
229 356 2
229 334 1
229 607 1
231 624 2
231 264 1
231 874 1
231 245 3
232 425 1
232 946 2
232 260 2
233 692 3
233 935 1
245 264 2
245 874 1
248 415 2
250 332 1
250 948 1
256 356 2
260 266 3
264 329 2
266 790 9
266 439 4
270 334 2
272 450 1
273 951 2
275 849 1
278 454 1
280 528 1
280 629 2
280 301 1
281 528 1
285 577 1
288 610 2
288 484 2
288 629 3
288 846 2
290 367 1
294 332 2
294 782 1
294 885 3
294 790 1
294 586 5
299 832 1
304 456 1
306 659 3
306 790 2
310 586 4
311 840 1
311 925 1
313 521 1
313 948 1
313 356 2
316 367 2
316 915 2
316 351 1
317 374 4
318 840 1
321 499 1
323 399 1
324 367 2
324 415 1
332 356 2
332 517 1
332 425 1
332 586 3
332 782 3
332 687 1
332 500 1
332 617 1
332 472 1
332 948 1
332 923 1
333 605 1
333 767 1
334 995 3
334 367 2
334 415 2
335 688 4
338 840 1
338 819 1
338 987 1
338 540 3
355 577 1
356 912 2
356 868 1
356 425 5
356 730 2
356 472 3
356 948 3
356 602 1
356 765 4
360 629 2
361 987 1
362 484 2
362 925 1
362 383 2
365 732 1
367 776 2
367 940 2
367 530 2
367 835 2
367 920 2
367 544 2
367 731 2
367 684 2
367 946 2
367 692 2
367 569 2
367 963 2
367 844 2
367 720 2
367 852 2
367 987 2
367 865 2
367 738 2
367 742 2
367 743 2
367 371 2
367 629 2
371 456 1
374 400 3
374 659 2
377 528 1
377 866 1
381 532 1
383 499 2
383 586 5
388 509 1
390 784 3
392 674 2
395 943 1
399 601 2
401 454 3
401 429 1
402 634 1
402 788 1
403 977 1
403 929 1
407 843 1
414 891 3
415 718 1
415 833 1
415 450 3
415 517 2
415 742 2
415 617 2
415 429 3
415 687 2
415 851 2
415 670 2
415 836 2
415 591 2
415 783 2
415 542 2
416 425 1
416 946 2
416 435 2
416 948 3
418 977 1
418 538 1
418 502 1
418 705 1
420 879 1
423 866 1
423 483 2
424 990 1
425 743 1
425 521 1
425 912 4
425 946 1
425 948 1
425 790 6
425 439 1
428 806 2
428 888 1
428 915 9
428 952 2
429 454 6
433 738 1
435 586 1
435 500 1
435 782 3
439 912 1
439 521 4
443 662 2
444 518 1
444 542 3
444 535 1
450 947 1
450 662 4
454 696 3
456 832 2
458 499 3
458 956 2
468 483 1
469 851 1
470 789 2
472 782 1
472 912 1
472 946 1
472 949 1
483 586 3
484 629 1
493 629 2
499 1000 1
499 844 2
499 558 3
499 528 1
499 723 1
499 758 1
499 956 1
500 586 1
502 976 2
502 749 1
502 878 2
502 528 1
502 595 1
503 618 1
503 758 2
506 783 1
506 850 2
506 718 2
510 534 1
512 979 1
513 977 1
514 832 1
514 977 11
514 780 2
516 532 6
517 803 1
518 535 2
522 732 2
526 629 2
527 720 1
528 851 2
528 739 2
528 590 1
528 724 1
528 853 1
528 920 1
528 922 1
528 572 1
530 891 1
530 915 1
530 629 1
531 923 1
534 768 1
540 840 3
540 874 1
540 955 2
542 646 1
547 585 1
550 671 1
551 799 2
551 895 2
558 618 1
561 629 1
565 723 2
568 900 1
575 966 1
577 933 1
580 669 1
580 791 1
581 855 3
585 695 4
585 954 2
585 957 1
586 782 9
586 984 2
586 762 2
586 607 1
595 746 1
595 934 1
605 693 1
614 851 1
618 723 1
624 692 1
628 870 1
629 846 1
629 658 1
629 685 2
629 750 3
629 630 2
629 631 1
629 891 3
634 788 2
643 685 17
644 738 1
647 915 1
647 806 1
649 832 1
668 746 2
668 935 2
670 688 2
684 1000 1
688 899 1
692 775 1
692 746 1
697 925 1
699 752 1
700 790 3
707 880 1
710 862 1
716 866 1
718 746 1
720 833 1
720 746 7
720 935 3
723 758 2
724 866 1
724 1004 1
742 900 2
742 901 1
742 784 1
743 948 1
746 935 15
746 813 5
746 783 1
752 948 1
758 844 1
758 918 1
758 956 3
764 874 1
772 915 1
779 843 1
780 832 1
780 977 3
783 850 1
784 901 3
789 987 1
790 948 2
796 987 1
803 948 1
806 915 8
806 952 1
806 857 1
808 899 1
813 935 2
832 977 3
832 950 1
840 925 1
840 874 1
840 955 1
857 915 3
866 876 1
868 948 1
873 874 1
890 962 2
890 923 1
891 997 2
912 949 1
915 971 1
915 953 1
915 952 8
915 923 1
915 990 1
929 977 1
946 948 3
950 977 2
955 987 1
962 987 1
977 1004 3
