0
1
2
3
4
5
6
7
8
9
10
11
12
13
14
15
16
17
18
19
20
21
22
23
24
25
26
27
28
29
30
31
32
33
34
35
36
37
38
39
40
41
42
43
44
45
46
47
48
49
50
51
52
53
54
55
56
57
58
59
60
61
62
63
64
65
66
67
68
69
70
71
72
73
74
75
76
77
78
79
80
81
82
83
84
85
86
87
88
89
90
91
92
93
94
95
96
97
98
99
100
101
102
103
104
105
106
107
108
109
110
111
112
113
114
115
116
117
118
119
120
121
122
123
124
125
126
127
128
129
130
131
132
133
134
135
136
137
138
139
141
142
143
144
145
146
147
148
149
150
151
152
153
154
155
157
158
159
160
161
162
163
164
165
166
167
168
169
170
171
172
173
174
175
176
177
178
179
180
181
182
183
184
185
186
187
188
189
190
191
192
193
194
195
196
197
198
199
200
201
202
203
204
205
206
207
208
209
210
211
212
213
214
215
216
217
218
219
220
221
222
223
224
225
226
227
228
229
230
231
232
233
235
236
237
238
239
240
241
242
243
244
245
246
247
248
249
250
251
252
253
254
255
256
257
259
260
262
263
264
265
266
267
268
269
270
271
272
273
274
275
276
277
278
279
280
281
282
283
284
285
286
287
288
289
290
291
292
293
294
295
296
297
299
300
301
302
303
304
305
306
307
308
309
310
311
312
313
314
315
316
317
318
319
320
321
322
323
324
325
326
327
328
329
330
331
332
333
334
335
336
337
338
339
340
341
343
344
345
346
347
348
349
350
351
352
353
355
356
357
358
359
360
361
362
364
365
366
367
368
369
370
371
372
373
374
375
376
377
378
379
380
381
382
383
384
385
386
387
388
389
390
391
392
393
394
395
396
397
398
399
400
401
402
403
404
405
406
407
408
409
410
411
412
413
414
415
416
418
419
420
421
422
423
424
425
426
427
428
429
430
431
432
433
434
435
436
437
438
439
440
441
442
443
444
445
446
447
448
449
450
451
452
453
454
455
456
457
458
459
460
461
462
464
465
466
467
468
469
470
471
472
473
474
475
476
477
478
479
480
481
482
483
484
485
486
487
488
489
490
491
492
493
495
496
497
498
499
500
501
502
503
504
505
506
507
508
509
510
511
512
513
514
515
516
517
518
519
520
521
522
523
524
525
526
527
528
530
531
532
533
534
535
536
537
538
539
540
541
542
543
544
545
546
547
548
549
550
551
552
553
554
556
557
558
559
560
561
562
563
564
565
566
567
568
569
570
571
572
573
574
575
576
577
578
579
580
581
582
583
584
585
586
587
588
589
590
591
592
593
594
595
596
597
598
599
600
601
602
603
604
605
606
607
609
610
611
612
613
614
615
616
617
618
619
621
622
623
624
625
626
627
628
629
630
631
632
633
634
635
636
637
638
639
640
641
642
643
644
645
646
647
648
649
650
651
652
653
654
655
656
657
658
659
660
661
662
663
664
665
666
667
668
669
670
671
672
673
674
675
676
677
678
679
680
681
682
683
684
685
686
687
688
689
690
691
692
693
694
695
696
697
698
699
700
701
702
703
704
705
706
707
708
709
710
711
712
713
714
715
716
717
718
719
720
721
722
723
724
725
726
727
728
729
730
731
732
733
734
735
736
737
738
739
740
741
742
743
744
745
746
747
748
749
750
751
752
753
754
756
757
758
759
760
761
762
763
764
765
767
768
769
770
771
772
773
774
775
776
777
778
779
780
781
782
783
784
785
786
787
788
789
790
791
792
793
794
795
796
797
798
799
800
801
802
803
804
805
806
807
808
809
810
811
812
813
814
815
816
817
818
819
820
821
822
823
824
825
826
827
828
829
830
831
832
833
834
835
836
837
838
839
840
841
842
843
844
845
846
847
848
849
850
851
852
853
854
855
856
857
858
859
860
861
862
863
864
865
866
867
868
869
870
871
872
873
874
875
876
877
878
879
880
881
882
883
884
885
886
887
888
889
890
891
892
893
894
895
896
897
898
899
900
901
902
903
904
905
906
907
908
909
910
911
912
913
914
915
916
917
918
919
920
921
922
923
924
925
926
927
928
929
930
931
932
933
934
935
936
937
938
939
940
941
942
943
944
945
946
947
948
949
950
951
952
953
954
955
956
957
958
960
961
962
963
964
965
966
967
968
969
970
971
972
973
974
975
976
977
978
979
980
981
982
983
984
985
986
987
988
989
990
991
992
993
994
995
996
997
998
999
1000
1001
1002
1003
1004
0 178 2
0 693 2
0 6 1
0 333 1
1 309 1
1 310 3
2 231 3
2 168 5
2 334 2
2 465 1
2 790 3
2 119 2
5 553 1
5 890 2
5 483 1
5 506 1
5 670 2
6 333 2
6 178 1
6 506 1
6 670 1
6 767 1
13 14 2
14 576 1
14 738 1
14 199 1
14 270 1
14 783 1
14 945 1
14 921 1
14 506 2
14 189 1
14 702 12
15 680 1
15 731 2
16 1004 1
16 541 1
17 200 1
17 316 2
17 165 1
19 333 2
24 280 1
24 160 1
24 530 2
24 428 2
24 629 4
29 808 1
29 506 1
29 1004 1
30 256 1
30 356 14
30 260 1
30 936 2
30 209 2
30 232 7
30 313 6
30 602 1
30 765 5
30 868 1
31 200 1
31 92 1
31 915 1
31 316 2
31 165 5
32 534 1
32 143 1
32 214 1
32 791 1
32 280 1
32 90 1
35 978 1
35 614 1
35 207 1
38 309 1
40 900 2
40 272 1
40 596 1
40 662 1
40 187 1
40 572 1
46 603 1
46 622 3
48 458 1
48 277 1
50 559 4
52 356 5
52 168 1
52 912 1
52 868 1
52 602 1
52 126 1
53 193 1
53 607 1
53 633 1
56 641 1
61 522 3
61 718 2
61 591 1
61 243 1
61 181 1
61 687 1
61 991 2
62 250 2
62 646 1
62 542 11
62 159 2
67 963 12
67 165 1
67 846 1
67 207 1
67 561 1
67 344 1
68 189 1
72 135 4
73 319 1
74 782 2
74 166 4
74 743 1
75 633 1
75 607 2
75 334 3
75 191 1
77 260 1
77 294 2
77 168 3
77 266 1
77 912 1
77 949 1
77 313 1
78 178 1
78 333 2
83 784 1
84 97 3
86 443 1
90 416 1
90 464 1
90 898 1
90 581 1
90 935 1
90 200 1
90 316 1
90 107 1
90 428 1
90 720 2
90 144 8
90 787 1
90 853 1
90 915 1
90 506 1
90 283 2
90 135 1
90 701 1
90 830 1
90 997 1
91 499 1
92 207 2
92 165 2
92 647 1
92 200 1
92 428 1
92 142 1
92 847 1
92 915 4
92 731 1
92 316 2
95 987 1
97 309 1
98 707 7
98 454 9
98 134 7
98 713 7
98 107 8
98 268 8
98 429 5
98 592 2
98 401 9
98 291 4
98 117 8
101 866 2
101 423 2
101 716 2
101 718 2
101 175 1
101 246 4
101 127 4
102 622 1
102 534 3
105 418 3
105 582 1
105 374 5
107 810 1
107 643 1
107 236 1
111 586 1
112 267 3
112 168 4
112 392 1
112 803 1
112 166 1
114 189 2
114 127 1
118 178 2
118 335 1
119 812 1
120 923 1
120 612 1
120 687 1
120 334 1
120 191 1
122 428 4
122 693 1
125 622 11
126 416 1
126 356 2
126 166 3
126 586 1
126 782 2
126 984 2
127 334 1
127 718 4
132 388 1
133 416 1
134 291 1
135 292 1
135 581 10
135 742 3
135 170 2
135 942 3
135 692 5
136 200 11
136 658 1
136 316 2
136 165 3
139 832 1
139 622 1
141 241 1
141 978 3
142 165 3
142 200 1
142 316 2
142 428 2
142 207 1
147 171 4
147 933 4
147 715 2
147 686 2
147 277 3
147 890 1
147 285 3
147 926 1
150 415 4
157 347 4
157 686 2
157 926 1
159 214 1
159 544 1
159 738 2
159 987 2
159 502 11
159 742 2
159 776 2
159 233 5
159 923 1
159 546 1
159 334 2
159 739 1
159 629 1
159 278 1
159 940 1
159 731 2
159 765 1
159 542 1
159 607 4
160 280 1
160 530 3
160 658 1
160 629 4
164 420 1
165 344 3
165 647 2
165 971 3
165 428 2
165 200 3
165 401 6
165 915 3
165 302 2
165 953 1
165 952 2
165 857 3
165 858 3
165 543 1
165 316 8
165 990 3
166 416 4
166 356 1
166 765 2
166 573 1
166 586 4
167 978 3
167 274 1
167 181 1
168 260 8
168 266 3
168 782 3
168 912 15
168 472 4
168 949 9
168 439 9
168 313 1
168 699 2
168 575 1
168 209 2
168 984 3
168 868 3
168 602 1
168 356 8
168 232 10
168 447 1
168 765 2
171 277 1
173 428 5
175 849 7
175 275 6
175 246 1
175 737 2
178 409 1
178 538 1
178 415 1
178 295 1
178 693 1
178 710 1
178 333 1
178 976 1
178 334 4
178 470 1
178 599 1
178 605 1
178 862 1
178 991 1
178 228 1
178 502 7
178 249 1
178 767 1
180 958 1
180 727 2
181 696 1
182 648 1
184 779 1
185 833 1
187 568 1
187 596 1
188 658 1
188 978 1
188 614 1
189 546 1
189 236 3
189 718 1
189 605 1
189 410 1
189 506 2
189 670 1
190 274 1
190 951 1
191 692 1
191 415 4
193 633 1
193 546 1
193 230 1
195 410 1
199 921 1
199 506 2
199 996 1
200 344 1
200 647 1
200 971 1
200 428 1
200 915 4
200 302 1
200 953 1
200 952 6
200 857 2
200 543 1
200 316 3
200 990 1
206 622 1
207 647 1
207 424 6
207 428 3
207 558 1
207 978 1
207 469 1
207 953 1
207 795 3
208 506 1
209 356 12
209 472 1
209 868 1
209 765 1
214 544 1
214 609 1
214 923 1
214 765 1
216 558 1
220 471 1
223 322 1
223 853 1
223 343 1
226 506 1
227 966 1
228 693 2
228 502 5
228 333 1
229 696 1
229 306 1
229 742 6
229 607 1
231 873 2
231 698 2
231 502 1
231 607 1
232 356 10
232 782 3
232 868 1
232 472 2
232 260 1
232 607 1
233 329 2
233 692 10
233 245 2
233 540 2
236 1004 2
241 630 2
245 698 2
246 377 1
246 423 6
246 724 2
248 506 2
249 506 1
249 333 1
250 886 1
250 542 2
251 641 1
251 506 2
256 416 2
256 313 3
256 356 3
260 416 2
260 356 3
260 912 3
260 949 6
260 868 1
264 454 1
266 949 1
267 891 2
267 700 2
267 629 1
270 921 1
272 450 1
272 596 1
273 581 2
274 920 1
274 658 1
274 614 1
275 849 2
275 316 3
277 700 2
278 607 3
280 360 1
280 658 1
280 685 1
280 846 1
280 493 1
280 561 1
280 530 1
280 526 1
280 630 1
280 631 1
280 891 1
280 445 1
280 629 2
281 586 4
284 680 1
291 454 7
291 713 1
291 429 2
291 401 7
293 724 1
294 817 1
294 586 2
294 313 1
299 483 1
301 978 1
302 316 2
305 356 1
306 776 2
306 374 1
306 915 1
306 742 5
309 832 1
311 697 1
311 955 2
312 333 2
313 416 1
313 356 9
313 885 1
313 984 1
313 765 4
313 447 1
316 344 2
316 647 4
316 971 2
316 428 4
316 953 2
316 952 2
316 857 2
316 543 2
316 915 4
316 990 2
318 684 1
319 458 1
319 558 1
322 460 1
322 343 3
323 622 10
323 534 1
324 622 1
327 381 5
329 832 2
329 849 1
330 764 2
332 700 1
332 435 3
332 500 5
332 782 5
332 575 1
333 502 1
333 710 1
333 599 1
333 569 1
333 693 1
333 470 1
333 409 1
333 538 1
333 605 1
333 862 1
333 767 1
334 612 1
334 776 1
334 586 2
334 607 3
335 664 1
335 810 1
335 867 1
335 670 2
338 987 1
341 915 3
344 543 2
347 590 2
353 891 1
356 776 3
356 912 13
356 530 1
356 915 4
356 730 9
356 671 1
356 416 2
356 648 3
356 472 14
356 602 2
356 607 1
356 868 2
356 742 2
356 765 25
360 629 2
360 630 1
360 543 1
362 383 2
364 418 1
369 535 2
374 742 1
374 953 1
377 866 1
377 422 1
377 718 2
377 729 3
377 506 1
381 881 1
381 506 1
381 670 1
383 720 7
388 617 1
388 923 1
388 612 1
388 534 1
401 454 12
401 429 8
401 415 11
402 559 3
410 896 2
410 969 1
410 719 1
410 977 2
413 746 2
413 935 3
415 833 2
415 522 1
415 752 2
415 978 1
416 586 3
416 912 1
416 472 1
416 573 2
416 927 1
418 531 4
418 996 7
418 977 1
421 424 12
421 978 1
421 795 2
422 613 1
422 680 1
422 658 1
422 731 3
422 700 1
424 978 2
424 795 8
424 990 3
427 955 2
428 838 1
428 915 9
428 857 4
428 795 1
429 454 8
432 433 2
432 915 1
435 500 2
435 782 2
439 949 1
442 506 1
443 742 2
443 908 1
443 662 2
444 535 5
447 984 4
447 586 2
450 802 2
450 742 2
450 776 5
450 530 1
450 915 4
450 695 1
450 568 1
450 572 2
450 671 1
454 609 1
454 713 2
457 724 1
458 577 2
458 956 1
458 558 1
462 833 1
462 743 1
462 671 1
462 742 1
462 607 4
465 783 1
466 568 1
469 978 1
469 795 1
472 743 1
472 782 9
472 912 2
472 868 1
477 622 1
479 718 1
482 641 1
482 531 4
483 646 2
483 607 2
485 794 1
485 542 1
493 561 1
493 978 2
493 629 3
499 956 1
499 684 2
499 607 1
500 782 1
500 814 1
502 532 2
502 607 1
506 643 1
506 644 2
506 775 3
506 783 1
506 921 2
506 796 1
506 670 5
506 808 1
506 541 3
506 605 1
506 996 4
506 1004 1
506 881 1
510 622 1
512 978 1
516 881 4
516 761 1
517 776 4
517 530 1
517 915 4
517 742 1
517 671 1
524 622 1
526 629 2
530 742 3
530 776 4
530 586 1
530 684 1
530 915 6
530 629 12
530 891 7
530 765 1
530 671 2
531 641 2
531 987 2
532 688 3
534 612 1
534 746 1
534 622 1
538 724 1
540 698 2
540 955 6
540 987 1
540 697 1
541 996 2
542 854 1
542 607 1
543 971 2
543 915 1
546 550 2
547 658 1
547 851 1
547 978 1
552 978 1
553 980 1
557 912 2
559 622 10
561 658 1
561 629 2
573 586 3
575 949 1
576 921 1
581 742 2
582 840 1
582 764 1
582 686 1
585 764 1
586 742 2
586 776 4
586 617 2
586 782 1
586 915 4
586 854 2
586 984 6
586 671 1
587 720 8
591 776 1
591 915 1
591 696 3
591 923 1
591 607 1
595 718 1
596 662 1
596 695 1
602 743 1
602 868 1
605 693 4
607 742 2
607 915 1
607 696 6
612 740 1
613 890 1
614 978 1
614 851 4
614 858 1
617 720 1
617 833 1
622 676 11
622 939 1
629 658 2
629 685 2
629 846 2
629 630 2
629 631 2
629 891 7
633 772 1
633 920 2
633 923 4
641 809 1
643 685 3
644 996 1
648 765 1
650 881 1
654 682 1
654 738 4
654 991 1
658 990 1
659 742 1
663 950 2
670 808 2
671 684 1
671 915 5
671 891 1
671 765 1
672 844 1
680 720 2
682 738 1
682 783 1
684 742 2
684 776 4
684 844 2
684 915 4
684 956 1
685 1001 2
685 838 3
687 776 1
687 923 1
696 991 1
697 925 1
697 855 2
698 840 2
698 873 2
698 764 2
700 838 1
700 812 1
700 881 4
700 790 2
700 956 2
704 743 1
710 779 1
710 767 1
711 724 1
711 718 1
715 926 1
716 883 1
716 724 1
716 718 1
718 866 5
718 904 1
718 754 1
718 724 3
718 980 1
720 855 1
737 849 1
738 783 1
738 850 2
738 921 2
742 915 6
742 900 2
742 891 1
742 765 1
746 935 4
761 881 3
765 776 3
765 908 1
765 915 4
765 868 1
765 890 1
772 923 3
773 955 3
774 947 21
776 915 7
776 891 3
779 843 2
788 879 2
790 812 9
795 978 1
809 987 1
817 978 1
840 987 1
844 956 1
851 978 1
851 988 1
857 971 1
857 915 1
868 912 1
891 915 4
912 949 1
925 955 2
933 966 1
935 966 1
951 996 1
954 978 1
955 987 1
957 978 1
978 988 1
