0
1
2
3
4
5
6
7
8
9
10
11
12
13
14
15
16
17
18
19
20
21
22
23
24
25
26
27
28
29
30
31
32
33
34
35
36
37
38
39
40
41
42
43
44
45
46
47
48
49
50
51
52
53
54
55
56
57
58
59
60
61
62
63
64
65
66
67
68
69
70
71
72
73
74
75
76
77
78
79
80
81
82
83
84
85
86
87
88
89
90
91
92
93
94
95
96
97
98
99
100
101
102
103
104
105
106
107
108
109
110
111
112
113
114
115
116
117
118
119
120
121
122
123
124
125
126
127
128
129
130
131
132
133
134
135
136
137
138
139
141
142
143
144
145
146
147
148
149
150
151
152
153
154
155
157
158
159
160
161
162
163
164
165
166
167
168
169
170
171
172
173
174
175
176
177
178
179
180
181
182
183
184
185
186
187
188
189
190
191
192
193
194
195
196
197
198
199
200
201
202
203
204
205
206
207
208
209
210
211
212
213
214
215
216
217
218
219
220
221
222
223
224
225
226
227
228
229
230
231
232
233
235
236
237
238
239
240
241
242
243
244
245
246
247
248
249
250
251
252
253
254
255
256
257
259
260
262
263
264
265
266
267
268
269
270
271
272
273
274
275
276
277
278
279
280
281
282
283
284
285
286
287
288
289
290
291
292
293
294
295
296
297
299
300
301
302
303
304
305
306
307
308
309
310
311
312
313
314
315
316
317
318
319
320
321
322
323
324
325
326
327
328
329
330
331
332
333
334
335
336
337
338
339
340
341
343
344
345
346
347
348
349
350
351
352
353
355
356
357
358
359
360
361
362
364
365
366
367
368
369
370
371
372
373
374
375
376
377
378
379
380
381
382
383
384
385
386
387
388
389
390
391
392
393
394
395
396
397
398
399
400
401
402
403
404
405
406
407
408
409
410
411
412
413
414
415
416
418
419
420
421
422
423
424
425
426
427
428
429
430
431
432
433
434
435
436
437
438
439
440
441
442
443
444
445
446
447
448
449
450
451
452
453
454
455
456
457
458
459
460
461
462
464
465
466
467
468
469
470
471
472
473
474
475
476
477
478
479
480
481
482
483
484
485
486
487
488
489
490
491
492
493
495
496
497
498
499
500
501
502
503
504
505
506
507
508
509
510
511
512
513
514
515
516
517
518
519
520
521
522
523
524
525
526
527
528
530
531
532
533
534
535
536
537
538
539
540
541
542
543
544
545
546
547
548
549
550
551
552
553
554
556
557
558
559
560
561
562
563
564
565
566
567
568
569
570
571
572
573
574
575
576
577
578
579
580
581
582
583
584
585
586
587
588
589
590
591
592
593
594
595
596
597
598
599
600
601
602
603
604
605
606
607
609
610
611
612
613
614
615
616
617
618
619
621
622
623
624
625
626
627
628
629
630
631
632
633
634
635
636
637
638
639
640
641
642
643
644
645
646
647
648
649
650
651
652
653
654
655
656
657
658
659
660
661
662
663
664
665
666
667
668
669
670
671
672
673
674
675
676
677
678
679
680
681
682
683
684
685
686
687
688
689
690
691
692
693
694
695
696
697
698
699
700
701
702
703
704
705
706
707
708
709
710
711
712
713
714
715
716
717
718
719
720
721
722
723
724
725
726
727
728
729
730
731
732
733
734
735
736
737
738
739
740
741
742
743
744
745
746
747
748
749
750
751
752
753
754
756
757
758
759
760
761
762
763
764
765
767
768
769
770
771
772
773
774
775
776
777
778
779
780
781
782
783
784
785
786
787
788
789
790
791
792
793
794
795
796
797
798
799
800
801
802
803
804
805
806
807
808
809
810
811
812
813
814
815
816
817
818
819
820
821
822
823
824
825
826
827
828
829
830
831
832
833
834
835
836
837
838
839
840
841
842
843
844
845
846
847
848
849
850
851
852
853
854
855
856
857
858
859
860
861
862
863
864
865
866
867
868
869
870
871
872
873
874
875
876
877
878
879
880
881
882
883
884
885
886
887
888
889
890
891
892
893
894
895
896
897
898
899
900
901
902
903
904
905
906
907
908
909
910
911
912
913
914
915
916
917
918
919
920
921
922
923
924
925
926
927
928
929
930
931
932
933
934
935
936
937
938
939
940
941
942
943
944
945
946
947
948
949
950
951
952
953
954
955
956
957
958
960
961
962
963
964
965
966
967
968
969
970
971
972
973
974
975
976
977
978
979
980
981
982
983
984
985
986
987
988
989
990
991
992
993
994
995
996
997
998
999
1000
1001
1002
1003
1004
0 569 3
0 189 3
0 502 1
0 249 2
1 324 1
2 260 1
2 838 3
2 231 1
2 168 1
2 77 2
2 530 2
2 790 5
4 371 2
4 362 1
4 771 2
4 135 1
5 107 2
5 898 1
5 483 1
5 381 1
6 248 1
6 569 3
6 178 1
7 468 1
8 546 1
12 680 1
12 720 1
13 14 3
13 199 1
14 192 1
14 516 10
14 1001 3
14 173 1
14 506 4
14 924 13
15 680 7
15 731 6
15 422 2
16 333 3
24 547 2
24 167 1
24 360 1
24 561 1
24 301 1
24 847 2
24 656 1
24 817 1
24 274 1
24 35 1
24 469 1
24 280 1
24 207 1
24 188 1
24 629 18
25 704 2
25 672 1
25 499 1
25 844 1
25 558 1
28 987 3
29 506 1
29 189 1
30 104 1
30 313 2
30 356 1
30 765 2
30 447 1
31 838 3
31 165 14
31 990 2
31 847 2
32 862 1
32 127 2
35 280 1
35 978 1
35 469 1
35 167 1
38 591 1
40 802 3
40 900 2
40 712 3
40 272 2
40 596 1
40 662 1
40 695 1
40 568 1
40 187 2
40 572 3
40 159 3
41 723 1
42 322 1
42 477 1
42 663 3
48 684 1
52 232 1
52 356 3
52 166 2
52 743 1
53 193 3
53 772 1
53 609 1
53 940 1
53 311 1
53 120 1
53 633 1
56 935 1
56 482 1
56 987 3
56 994 1
56 607 1
58 909 3
61 991 4
61 181 2
61 718 1
61 135 2
62 646 4
62 542 1
62 927 2
65 220 1
67 963 15
67 165 10
67 846 14
67 207 12
67 561 12
67 344 7
68 987 3
74 232 3
74 984 1
74 586 2
74 166 6
74 126 2
75 772 3
75 150 1
75 633 3
75 607 1
75 220 5
75 927 1
77 168 7
77 912 2
77 260 3
78 569 2
78 178 1
82 135 1
86 152 1
86 443 3
86 662 2
90 321 1
90 731 1
90 996 1
90 133 1
90 199 1
90 841 3
90 270 1
90 881 1
90 978 1
90 692 2
90 479 1
90 535 2
90 664 1
90 761 2
90 927 7
90 541 1
90 191 1
91 607 1
92 658 2
92 838 1
92 207 3
95 251 1
95 987 3
96 329 1
96 634 1
96 388 1
96 638 2
98 592 7
98 401 6
98 268 1
98 429 1
101 423 2
103 514 4
103 164 1
103 950 4
103 423 8
103 780 2
103 310 3
104 765 1
105 433 1
105 418 8
105 582 1
106 1001 1
106 828 1
106 622 1
106 788 1
107 320 1
107 898 1
107 808 4
107 553 1
107 335 5
107 393 1
107 381 1
111 935 1
112 256 1
112 674 1
112 803 1
112 517 1
112 648 1
112 267 3
112 186 1
113 535 1
113 927 1
114 127 2
117 268 2
120 178 1
120 772 1
120 454 1
120 927 2
122 857 2
122 915 2
122 127 2
125 622 5
126 416 2
126 168 4
126 790 1
126 984 1
126 586 4
127 293 2
127 716 2
127 754 3
127 883 2
127 724 2
127 377 1
127 281 4
127 415 3
127 732 1
127 189 2
127 325 1
132 842 7
134 592 9
134 291 3
134 454 11
135 692 1
135 993 1
135 450 1
135 292 4
135 581 15
135 870 1
135 233 1
135 170 2
135 594 2
135 746 1
135 248 2
135 371 2
135 628 4
135 334 3
135 772 1
135 462 1
136 160 1
136 200 1
136 267 5
136 428 5
136 915 2
136 344 2
136 857 2
137 936 1
139 477 2
139 622 1
141 241 1
141 978 1
142 280 1
143 580 2
147 347 3
147 927 1
147 277 1
147 454 1
147 159 1
149 607 1
150 415 3
151 253 1
153 977 9
157 347 1
157 686 1
157 277 1
157 462 2
157 607 3
159 290 5
159 230 2
159 742 6
159 935 1
159 712 5
159 334 2
159 944 2
159 692 1
159 214 2
159 787 2
159 724 1
159 923 3
159 220 1
160 915 1
160 428 1
160 629 9
164 322 1
164 420 1
164 638 1
165 552 1
165 200 1
165 401 15
165 344 4
165 857 1
165 858 3
165 316 1
166 416 1
166 586 3
166 267 2
166 356 1
166 573 3
166 383 3
167 547 4
167 552 1
167 207 1
167 424 2
167 817 5
167 978 2
167 851 2
167 469 2
167 954 1
167 795 2
167 988 1
168 416 1
168 260 13
168 648 1
168 700 1
168 586 1
168 267 1
168 782 9
168 557 1
168 912 27
168 232 3
168 790 3
168 439 3
168 472 17
168 356 4
168 956 1
168 765 2
168 575 5
170 231 7
170 692 1
170 405 2
170 855 3
170 697 1
171 347 4
171 277 1
171 933 1
173 428 4
173 702 3
175 849 4
175 275 4
175 423 1
175 737 1
178 409 1
178 482 1
178 710 1
178 502 1
178 599 1
178 569 4
180 958 1
180 727 5
181 190 2
184 393 1
184 607 1
184 423 1
185 833 1
185 762 1
185 850 1
186 256 2
186 517 2
186 648 2
186 267 1
186 313 1
187 568 1
188 362 1
188 978 3
188 469 1
188 951 1
188 988 4
189 718 2
189 502 1
189 506 7
189 410 1
190 353 2
190 629 3
190 656 2
190 274 2
190 373 2
190 920 4
190 891 2
191 687 1
191 692 1
191 415 8
191 927 8
193 633 2
193 714 5
193 923 2
193 940 1
196 850 1
196 429 2
196 454 2
196 927 1
197 923 1
197 718 1
197 687 1
198 568 2
199 506 2
200 952 1
200 915 6
200 971 3
203 772 3
207 424 6
207 558 2
207 847 1
207 561 2
207 978 1
207 469 3
207 795 7
208 236 2
208 783 1
209 356 1
214 290 3
214 742 1
214 647 6
214 746 2
214 428 1
214 692 1
214 278 1
214 923 4
216 321 4
216 458 1
216 558 1
223 746 4
223 322 1
223 462 1
223 343 3
226 440 1
226 994 1
228 569 5
228 693 1
228 502 1
228 599 1
229 421 1
229 790 2
229 607 2
230 277 1
231 338 2
231 531 1
231 698 1
231 987 3
231 540 1
231 607 1
232 356 1
232 759 1
233 835 1
233 692 1
233 462 1
236 537 5
236 532 2
236 335 2
239 577 2
239 951 1
239 281 2
241 469 1
245 433 3
245 698 1
245 987 3
245 540 1
245 994 1
246 724 1
246 423 2
248 450 1
248 364 1
248 462 1
248 591 1
248 692 1
248 506 1
248 830 1
249 569 3
249 333 2
249 502 2
250 535 1
250 886 5
250 927 4
251 873 1
251 987 3
253 290 1
253 566 1
256 416 3
256 356 3
256 517 2
256 648 2
256 267 3
256 313 5
256 478 1
260 356 1
260 912 1
260 790 8
260 762 1
264 329 1
264 454 1
267 656 1
267 517 2
267 586 3
267 459 1
267 428 3
267 648 1
267 629 1
267 790 1
267 891 1
267 700 1
268 291 4
268 454 1
268 713 1
268 592 1
268 633 2
269 925 1
270 881 1
270 516 1
272 450 1
272 900 2
272 754 1
272 595 1
272 662 2
273 951 2
275 849 2
275 737 1
277 577 1
277 931 1
277 933 1
277 972 1
277 748 1
277 590 1
277 285 1
277 355 1
277 308 1
277 686 1
277 347 1
277 926 1
277 715 1
278 290 1
278 454 1
278 776 1
278 462 1
278 633 1
278 923 2
278 671 1
280 547 3
280 846 2
280 647 3
280 360 2
280 561 3
280 658 1
280 920 1
280 530 2
280 851 2
280 629 9
280 630 3
280 915 2
280 373 1
281 915 1
284 680 1
284 731 2
290 739 1
291 401 7
291 454 12
291 429 1
292 769 1
292 581 3
294 817 1
294 586 2
294 868 1
299 388 3
301 978 2
301 469 1
301 493 2
301 647 2
302 428 2
305 416 3
305 765 1
306 633 1
306 771 2
306 742 1
306 585 1
310 477 4
311 697 1
311 987 3
311 955 3
313 416 2
313 517 1
313 648 3
316 592 2
316 915 7
318 332 3
318 758 1
319 832 2
319 1002 5
319 558 1
321 565 1
321 558 1
322 740 2
322 334 2
322 591 1
322 343 1
322 879 2
327 381 11
329 819 6
329 764 1
329 910 2
332 416 1
332 782 1
333 569 3
334 462 2
334 534 1
335 810 1
335 923 1
335 381 1
335 670 1
337 936 5
338 433 3
338 994 1
338 987 3
338 687 1
341 942 1
343 663 6
343 534 1
347 933 1
347 966 1
353 891 2
355 607 1
356 515 1
356 743 3
356 586 2
356 684 4
356 462 1
356 912 3
356 472 8
356 765 2
360 629 8
360 526 1
361 987 3
362 585 1
362 502 2
362 383 1
364 506 1
364 987 3
368 950 1
369 513 1
369 535 2
369 927 1
369 951 5
371 720 1
372 595 1
372 404 1
372 934 1
377 422 2
377 696 2
377 729 4
377 506 1
377 607 1
379 568 2
379 662 1
383 720 2
383 586 4
383 589 1
388 832 1
388 634 1
388 879 1
391 656 1
392 674 2
395 514 1
398 712 1
401 454 18
401 429 20
401 415 11
402 832 1
405 441 1
406 680 2
409 569 2
415 833 2
415 772 1
415 607 1
416 517 1
416 586 13
416 500 1
416 629 7
416 765 1
416 927 8
418 996 3
418 977 10
420 591 1
421 424 5
421 978 1
421 795 5
421 469 1
422 680 1
422 731 7
423 832 4
423 977 2
423 607 1
424 847 1
424 978 1
424 469 1
424 795 10
424 990 2
427 955 3
428 647 1
428 847 1
428 915 5
428 952 1
428 857 7
429 454 15
432 987 3
433 994 3
433 987 4
435 500 2
435 782 2
443 742 3
443 662 1
443 703 2
444 927 2
444 535 5
447 648 2
447 984 3
447 586 2
450 802 1
450 712 1
450 462 1
454 609 1
454 772 1
454 592 16
454 927 2
458 684 1
458 844 1
458 558 2
458 918 2
461 506 1
462 517 1
462 783 1
462 531 3
462 923 1
462 670 1
462 550 1
462 687 1
462 692 1
462 542 1
462 830 1
462 833 1
462 591 1
462 851 1
462 718 1
462 742 1
462 617 2
469 512 1
469 547 1
469 817 1
469 978 2
469 954 1
469 795 1
469 988 1
469 957 1
470 569 2
472 743 4
472 782 16
472 912 5
472 575 14
478 648 1
478 517 1
482 987 3
485 927 1
488 568 2
491 497 1
493 530 2
493 629 9
493 630 9
495 568 4
495 862 1
497 977 5
499 833 1
499 565 1
499 558 1
499 607 3
502 772 1
502 724 1
502 569 9
502 538 2
506 1004 1
506 644 2
506 796 1
506 1001 3
506 849 1
506 996 1
506 605 1
506 541 1
506 670 2
506 881 1
509 634 1
509 780 1
510 622 5
511 987 4
513 927 1
514 950 1
515 927 1
516 881 2
516 738 2
516 761 1
517 803 1
517 648 2
526 530 1
526 629 7
528 542 1
530 838 5
530 718 2
530 915 1
530 630 4
530 891 10
530 629 13
531 987 6
534 746 1
535 722 1
535 854 2
535 823 1
535 927 1
538 569 2
540 994 2
540 987 4
540 855 1
540 697 3
540 698 1
540 955 4
542 646 1
542 927 1
546 776 1
546 669 4
546 550 1
546 607 1
547 978 2
550 923 3
550 940 1
550 743 1
551 927 1
552 978 1
552 851 4
552 951 1
552 858 2
557 912 1
558 956 2
561 846 6
561 629 7
563 696 2
565 746 1
565 723 1
568 771 4
568 947 1
569 718 1
569 710 2
569 599 2
569 976 2
569 693 3
569 605 2
569 862 2
569 767 2
573 586 3
575 912 2
575 782 9
581 936 2
581 772 1
581 742 1
582 987 3
582 764 4
584 731 2
585 922 1
586 782 2
586 912 1
586 885 2
586 984 3
586 762 2
587 720 1
591 746 2
591 607 1
592 713 3
592 927 10
595 915 1
595 934 1
595 731 1
599 767 1
602 743 4
605 700 2
605 693 1
605 670 1
607 716 1
607 802 1
607 718 2
607 687 1
607 692 1
609 772 1
609 997 2
609 927 3
614 978 2
614 851 2
614 858 2
617 720 1
617 714 2
617 670 1
617 687 1
622 676 4
626 807 1
629 846 4
629 838 1
629 658 8
629 685 7
629 656 2
629 718 1
629 630 7
629 631 6
629 891 9
629 927 1
630 731 1
630 685 2
630 718 1
630 915 1
630 891 3
633 963 1
634 780 1
634 788 2
638 832 1
638 663 5
641 987 3
643 685 5
646 927 1
647 857 1
648 743 1
648 765 1
650 654 2
654 738 1
654 682 3
654 783 1
671 687 1
672 844 1
679 918 1
680 880 1
680 707 2
680 720 3
684 704 2
684 844 2
684 687 1
685 1001 1
685 724 3
687 772 1
692 746 2
696 915 1
697 925 1
697 855 1
698 840 1
698 873 1
698 764 1
700 812 3
700 790 3
702 996 1
703 771 3
710 832 1
714 923 1
718 866 1
718 991 2
718 731 1
719 921 1
719 837 1
720 833 1
720 936 2
720 855 1
720 731 1
722 927 4
731 772 1
737 849 1
738 761 2
738 850 1
739 915 1
740 788 1
742 769 1
742 835 1
742 993 1
742 784 1
742 901 1
746 935 22
746 915 2
748 926 2
758 844 1
758 918 3
759 984 1
761 783 2
764 987 3
764 994 1
765 912 1
770 927 1
771 784 1
772 915 2
772 789 1
773 955 4
774 947 4
776 923 3
780 950 1
789 987 3
790 812 14
790 956 3
795 978 2
809 987 3
817 978 1
819 955 1
823 927 2
828 1001 1
832 950 1
833 850 1
838 971 1
840 987 3
844 956 1
849 987 3
849 858 2
850 987 1
851 978 2
851 915 1
854 927 3
857 915 4
858 991 3
863 994 3
872 987 3
873 987 3
915 920 1
925 955 2
935 966 1
952 971 2
954 978 1
955 987 4
957 978 1
977 996 8
977 1001 4
977 1004 3
978 988 6
987 994 3
