0
1
2
3
4
5
6
7
8
9
10
11
12
13
14
15
16
17
18
19
20
21
22
23
24
25
26
27
28
29
30
31
32
33
34
35
36
37
38
39
40
41
42
43
44
45
46
47
48
49
50
51
52
53
54
55
56
57
58
59
60
61
62
63
64
65
66
67
68
69
70
71
72
73
74
75
76
77
78
79
80
81
82
83
84
85
86
87
88
89
90
91
92
93
94
95
96
97
98
99
100
101
102
103
104
105
106
107
108
109
110
111
112
113
114
115
116
117
118
119
120
121
122
123
124
125
126
127
128
129
130
131
132
133
134
135
136
137
138
139
141
142
143
144
145
146
147
148
149
150
151
152
153
154
155
157
158
159
160
161
162
163
164
165
166
167
168
169
170
171
172
173
174
175
176
177
178
179
180
181
182
183
184
185
186
187
188
189
190
191
192
193
194
195
196
197
198
199
200
201
202
203
204
205
206
207
208
209
210
211
212
213
214
215
216
217
218
219
220
221
222
223
224
225
226
227
228
229
230
231
232
233
235
236
237
238
239
240
241
242
243
244
245
246
247
248
249
250
251
252
253
254
255
256
257
259
260
262
263
264
265
266
267
268
269
270
271
272
273
274
275
276
277
278
279
280
281
282
283
284
285
286
287
288
289
290
291
292
293
294
295
296
297
299
300
301
302
303
304
305
306
307
308
309
310
311
312
313
314
315
316
317
318
319
320
321
322
323
324
325
326
327
328
329
330
331
332
333
334
335
336
337
338
339
340
341
343
344
345
346
347
348
349
350
351
352
353
355
356
357
358
359
360
361
362
364
365
366
367
368
369
370
371
372
373
374
375
376
377
378
379
380
381
382
383
384
385
386
387
388
389
390
391
392
393
394
395
396
397
398
399
400
401
402
403
404
405
406
407
408
409
410
411
412
413
414
415
416
418
419
420
421
422
423
424
425
426
427
428
429
430
431
432
433
434
435
436
437
438
439
440
441
442
443
444
445
446
447
448
449
450
451
452
453
454
455
456
457
458
459
460
461
462
464
465
466
467
468
469
470
471
472
473
474
475
476
477
478
479
480
481
482
483
484
485
486
487
488
489
490
491
492
493
495
496
497
498
499
500
501
502
503
504
505
506
507
508
509
510
511
512
513
514
515
516
517
518
519
520
521
522
523
524
525
526
527
528
530
531
532
533
534
535
536
537
538
539
540
541
542
543
544
545
546
547
548
549
550
551
552
553
554
556
557
558
559
560
561
562
563
564
565
566
567
568
569
570
571
572
573
574
575
576
577
578
579
580
581
582
583
584
585
586
587
588
589
590
591
592
593
594
595
596
597
598
599
600
601
602
603
604
605
606
607
609
610
611
612
613
614
615
616
617
618
619
621
622
623
624
625
626
627
628
629
630
631
632
633
634
635
636
637
638
639
640
641
642
643
644
645
646
647
648
649
650
651
652
653
654
655
656
657
658
659
660
661
662
663
664
665
666
667
668
669
670
671
672
673
674
675
676
677
678
679
680
681
682
683
684
685
686
687
688
689
690
691
692
693
694
695
696
697
698
699
700
701
702
703
704
705
706
707
708
709
710
711
712
713
714
715
716
717
718
719
720
721
722
723
724
725
726
727
728
729
730
731
732
733
734
735
736
737
738
739
740
741
742
743
744
745
746
747
748
749
750
751
752
753
754
756
757
758
759
760
761
762
763
764
765
767
768
769
770
771
772
773
774
775
776
777
778
779
780
781
782
783
784
785
786
787
788
789
790
791
792
793
794
795
796
797
798
799
800
801
802
803
804
805
806
807
808
809
810
811
812
813
814
815
816
817
818
819
820
821
822
823
824
825
826
827
828
829
830
831
832
833
834
835
836
837
838
839
840
841
842
843
844
845
846
847
848
849
850
851
852
853
854
855
856
857
858
859
860
861
862
863
864
865
866
867
868
869
870
871
872
873
874
875
876
877
878
879
880
881
882
883
884
885
886
887
888
889
890
891
892
893
894
895
896
897
898
899
900
901
902
903
904
905
906
907
908
909
910
911
912
913
914
915
916
917
918
919
920
921
922
923
924
925
926
927
928
929
930
931
932
933
934
935
936
937
938
939
940
941
942
943
944
945
946
947
948
949
950
951
952
953
954
955
956
957
958
960
961
962
963
964
965
966
967
968
969
970
971
972
973
974
975
976
977
978
979
980
981
982
983
984
985
986
987
988
989
990
991
992
993
994
995
996
997
998
999
1000
1001
1002
1003
1004
0 178 1
0 732 3
2 126 1
2 812 1
2 334 2
2 790 2
4 771 1
4 581 1
4 638 1
5 491 1
6 178 2
14 410 1
14 724 1
14 702 1
17 857 1
17 428 2
24 891 1
24 629 33
25 48 1
27 147 1
30 168 1
30 765 1
30 126 1
31 207 4
31 165 2
31 847 1
35 469 1
35 207 1
38 832 2
38 90 1
40 568 2
40 450 5
40 572 2
40 466 2
41 565 1
48 458 2
48 558 1
48 216 2
48 956 1
48 319 1
52 168 2
52 416 1
52 356 6
53 850 2
53 83 1
58 818 3
61 450 2
61 991 1
62 90 1
62 646 1
65 193 1
67 207 3
69 343 1
75 607 1
77 168 2
77 912 4
78 178 1
78 502 2
78 422 1
86 443 1
90 787 1
90 612 1
90 783 1
91 499 1
91 950 1
92 316 1
98 707 10
98 454 6
98 134 8
98 713 9
98 107 10
98 268 10
98 429 4
98 592 9
98 401 5
98 291 3
98 117 9
104 648 1
104 765 1
105 233 1
105 418 2
105 374 1
105 742 2
107 553 1
107 201 1
107 670 1
107 159 2
111 416 1
112 416 1
112 267 1
117 454 1
118 335 3
119 790 1
120 920 1
122 428 2
125 622 1
126 586 3
126 356 1
132 612 1
133 168 1
133 356 1
134 592 2
134 454 3
135 450 2
135 581 2
135 703 1
136 200 2
136 857 1
136 629 2
136 165 2
137 936 2
142 915 3
142 629 1
147 577 1
147 933 1
147 230 2
147 171 2
147 972 1
147 590 1
147 277 1
147 347 1
147 285 1
147 926 1
147 686 1
151 253 1
153 977 2
157 607 1
159 783 1
159 171 2
159 214 4
159 951 1
160 858 1
160 891 1
160 629 2
160 526 1
165 847 1
165 401 3
165 344 1
165 857 1
165 207 3
165 316 1
165 990 1
166 416 3
166 232 1
166 586 1
166 168 1
166 782 1
167 920 1
167 851 1
167 469 1
167 502 1
167 280 3
167 188 1
167 862 1
168 416 1
168 356 15
168 232 1
168 266 6
168 557 2
168 782 11
168 912 26
168 305 2
168 472 14
168 439 1
168 984 4
168 260 6
168 575 7
168 586 4
168 949 2
168 607 1
170 697 1
171 347 1
171 590 1
175 849 3
175 275 4
178 228 1
178 502 9
178 710 1
178 295 1
178 599 1
178 333 1
178 976 1
178 693 1
178 470 1
178 409 1
178 249 1
178 538 1
178 767 1
178 605 1
178 862 3
178 991 2
184 779 2
185 343 1
188 421 2
188 988 1
188 469 2
189 377 1
189 410 1
189 193 1
189 724 1
189 607 1
196 401 1
199 506 3
199 996 2
199 541 2
200 344 1
200 915 1
200 428 3
206 534 1
207 424 3
207 847 1
207 469 4
207 795 1
208 236 1
209 356 1
214 923 3
214 687 2
214 278 1
216 458 1
223 534 1
223 343 2
228 605 1
231 994 1
231 462 1
231 245 2
231 502 4
231 698 1
231 540 1
231 607 2
232 416 1
232 356 1
232 294 1
232 557 1
233 450 1
233 692 1
241 469 1
245 329 1
245 698 1
246 724 1
248 506 1
253 290 1
253 566 1
256 416 1
256 313 1
256 356 1
260 912 3
260 762 1
260 790 4
267 435 5
272 450 1
275 849 3
277 355 1
277 347 1
280 281 1
280 629 1
281 506 1
291 401 3
291 429 1
291 454 1
301 469 1
305 912 1
305 356 2
306 450 1
306 771 1
306 659 2
311 697 1
316 428 2
316 838 4
316 607 1
319 458 2
321 684 1
322 534 1
323 622 2
326 416 1
327 849 1
327 381 2
329 660 1
332 500 1
334 586 1
334 534 1
335 464 2
335 867 1
335 1004 2
338 994 1
338 415 1
343 534 1
344 952 1
347 355 2
347 966 1
356 416 1
356 770 1
356 472 9
356 517 1
356 557 1
356 912 19
356 586 4
356 984 1
356 602 3
356 765 4
356 607 2
360 629 1
379 568 1
381 506 1
383 720 4
383 589 1
388 832 1
388 534 2
398 712 3
398 450 1
399 622 1
401 454 6
401 429 3
401 415 4
410 650 1
410 719 1
410 977 1
410 663 1
415 692 1
416 782 2
416 912 2
416 927 2
416 674 1
416 573 1
416 586 1
416 854 1
416 868 1
416 602 1
416 743 1
416 1003 1
416 885 1
416 762 1
418 977 2
418 996 47
421 424 3
421 469 1
422 731 2
423 996 3
424 629 1
424 795 5
424 990 1
424 469 1
428 915 2
428 857 3
428 990 1
429 454 4
435 586 3
435 500 1
437 532 1
438 818 3
440 737 1
443 450 1
447 762 1
450 802 1
450 900 1
450 742 2
450 712 1
450 692 1
450 662 1
450 920 2
450 602 1
454 713 1
454 592 4
458 956 1
458 558 1
462 502 1
469 547 1
469 817 1
469 954 1
469 795 1
469 957 1
471 752 1
471 865 1
472 912 10
472 782 15
472 575 4
479 904 1
482 862 2
483 891 1
488 568 1
491 670 1
493 629 1
495 568 2
495 862 1
497 977 2
499 528 2
499 607 1
500 586 9
500 607 2
502 591 1
502 951 3
502 538 1
502 862 1
502 607 3
506 783 4
510 622 1
516 761 3
516 790 3
522 550 1
526 629 1
530 891 3
530 629 2
531 994 2
531 687 1
534 591 1
540 697 1
540 698 1
540 955 1
540 925 1
541 850 1
542 854 1
546 920 1
557 912 1
557 984 1
561 629 1
561 846 7
565 723 1
565 684 1
568 947 2
573 586 1
575 912 2
575 782 10
581 855 1
582 994 1
582 764 5
586 687 1
586 782 1
586 984 2
586 762 1
586 607 1
591 746 3
591 607 1
592 713 1
592 927 3
599 693 1
599 767 1
600 956 1
602 912 2
605 700 1
605 789 4
607 692 1
614 656 1
622 676 1
629 846 1
629 631 1
629 658 2
629 685 1
629 630 1
629 953 1
629 891 5
629 990 1
630 779 2
633 830 1
643 685 2
644 996 3
648 912 1
648 765 1
654 738 1
654 783 1
685 838 1
692 746 4
697 855 4
697 925 1
698 840 1
698 873 1
698 764 1
707 880 2
723 758 1
724 796 1
740 879 1
742 771 2
746 935 1
746 923 1
758 918 1
761 881 1
765 908 1
765 912 2
773 955 1
774 947 8
779 832 1
790 812 14
838 857 2
925 955 1
933 966 1
935 966 1
977 996 2
977 1001 2
977 1004 7
