0
1
2
3
4
5
6
7
8
9
10
11
12
13
14
15
16
17
18
19
20
21
22
23
24
25
26
27
28
29
30
31
32
33
34
35
36
37
38
39
40
41
42
43
44
45
46
47
48
49
50
51
52
53
54
55
56
57
58
59
60
61
62
63
64
65
66
67
68
69
70
71
72
73
74
75
76
77
78
79
80
81
82
83
84
85
86
87
88
89
90
91
92
93
94
95
96
97
98
99
100
101
102
103
104
105
106
107
108
109
110
111
112
113
114
115
116
117
118
119
120
121
122
123
124
125
126
127
128
129
130
131
132
133
134
135
136
137
138
139
141
142
143
144
145
146
147
148
149
150
151
152
153
154
155
157
158
159
160
161
162
163
164
165
166
167
168
169
170
171
172
173
174
175
176
177
178
179
180
181
182
183
184
185
186
187
188
189
190
191
192
193
194
195
196
197
198
199
200
201
202
203
204
205
206
207
208
209
210
211
212
213
214
215
216
217
218
219
220
221
222
223
224
225
226
227
228
229
230
231
232
233
235
236
237
238
239
240
241
242
243
244
245
246
247
248
249
250
251
252
253
254
255
256
257
259
260
262
263
264
265
266
267
268
269
270
271
272
273
274
275
276
277
278
279
280
281
282
283
284
285
286
287
288
289
290
291
292
293
294
295
296
297
299
300
301
302
303
304
305
306
307
308
309
310
311
312
313
314
315
316
317
318
319
320
321
322
323
324
325
326
327
328
329
330
331
332
333
334
335
336
337
338
339
340
341
343
344
345
346
347
348
349
350
351
352
353
355
356
357
358
359
360
361
362
364
365
366
367
368
369
370
371
372
373
374
375
376
377
378
379
380
381
382
383
384
385
386
387
388
389
390
391
392
393
394
395
396
397
398
399
400
401
402
403
404
405
406
407
408
409
410
411
412
413
414
415
416
418
419
420
421
422
423
424
425
426
427
428
429
430
431
432
433
434
435
436
437
438
439
440
441
442
443
444
445
446
447
448
449
450
451
452
453
454
455
456
457
458
459
460
461
462
464
465
466
467
468
469
470
471
472
473
474
475
476
477
478
479
480
481
482
483
484
485
486
487
488
489
490
491
492
493
495
496
497
498
499
500
501
502
503
504
505
506
507
508
509
510
511
512
513
514
515
516
517
518
519
520
521
522
523
524
525
526
527
528
530
531
532
533
534
535
536
537
538
539
540
541
542
543
544
545
546
547
548
549
550
551
552
553
554
556
557
558
559
560
561
562
563
564
565
566
567
568
569
570
571
572
573
574
575
576
577
578
579
580
581
582
583
584
585
586
587
588
589
590
591
592
593
594
595
596
597
598
599
600
601
602
603
604
605
606
607
609
610
611
612
613
614
615
616
617
618
619
621
622
623
624
625
626
627
628
629
630
631
632
633
634
635
636
637
638
639
640
641
642
643
644
645
646
647
648
649
650
651
652
653
654
655
656
657
658
659
660
661
662
663
664
665
666
667
668
669
670
671
672
673
674
675
676
677
678
679
680
681
682
683
684
685
686
687
688
689
690
691
692
693
694
695
696
697
698
699
700
701
702
703
704
705
706
707
708
709
710
711
712
713
714
715
716
717
718
719
720
721
722
723
724
725
726
727
728
729
730
731
732
733
734
735
736
737
738
739
740
741
742
743
744
745
746
747
748
749
750
751
752
753
754
756
757
758
759
760
761
762
763
764
765
767
768
769
770
771
772
773
774
775
776
777
778
779
780
781
782
783
784
785
786
787
788
789
790
791
792
793
794
795
796
797
798
799
800
801
802
803
804
805
806
807
808
809
810
811
812
813
814
815
816
817
818
819
820
821
822
823
824
825
826
827
828
829
830
831
832
833
834
835
836
837
838
839
840
841
842
843
844
845
846
847
848
849
850
851
852
853
854
855
856
857
858
859
860
861
862
863
864
865
866
867
868
869
870
871
872
873
874
875
876
877
878
879
880
881
882
883
884
885
886
887
888
889
890
891
892
893
894
895
896
897
898
899
900
901
902
903
904
905
906
907
908
909
910
911
912
913
914
915
916
917
918
919
920
921
922
923
924
925
926
927
928
929
930
931
932
933
934
935
936
937
938
939
940
941
942
943
944
945
946
947
948
949
950
951
952
953
954
955
956
957
958
960
961
962
963
964
965
966
967
968
969
970
971
972
973
974
975
976
977
978
979
980
981
982
983
984
985
986
987
988
989
990
991
992
993
994
995
996
997
998
999
1000
1001
1002
1003
1004
0 569 2
0 883 1
0 732 1
0 605 1
2 812 1
2 898 1
2 700 2
2 790 4
5 491 2
5 732 1
5 189 2
5 335 3
6 569 2
6 605 1
6 607 2
8 544 2
11 462 1
13 532 1
13 951 1
14 410 1
15 738 1
15 837 1
15 422 1
16 410 1
16 102 3
17 428 1
19 718 2
24 280 1
24 530 1
24 267 1
24 629 9
25 918 1
28 987 3
28 955 1
29 808 1
30 356 4
30 868 1
30 885 2
30 765 1
31 316 1
31 915 1
31 428 1
31 165 11
31 561 1
32 791 5
35 469 2
38 832 4
40 450 1
40 198 1
40 466 3
40 662 2
40 187 5
40 572 1
41 73 3
41 565 3
41 758 2
48 499 1
48 684 1
50 559 3
52 416 1
52 912 4
52 868 2
52 112 1
52 313 3
52 356 1
53 120 1
53 193 1
56 482 3
56 987 3
58 909 9
60 187 1
61 214 2
61 356 2
61 517 3
61 742 2
61 696 2
61 718 10
61 472 1
61 915 2
61 334 1
61 782 2
61 502 4
61 280 2
61 89 1
61 605 2
61 607 7
62 646 3
66 227 1
67 963 6
67 391 2
67 165 8
67 190 1
67 141 1
68 987 3
68 189 1
69 310 1
69 879 1
70 90 1
70 310 2
70 415 7
71 595 1
71 318 3
72 108 1
73 723 1
73 758 2
74 416 1
74 112 1
74 166 3
74 168 3
74 586 2
74 782 1
74 912 2
74 232 3
74 885 1
74 214 4
74 984 2
74 447 1
75 772 3
75 334 1
75 178 2
75 948 1
75 120 5
75 190 1
76 410 1
78 569 2
78 605 1
78 929 1
82 628 1
83 307 1
83 771 1
83 462 1
83 742 1
83 863 1
86 443 2
86 742 1
90 170 1
90 178 1
90 885 1
90 343 2
90 220 5
91 499 1
92 428 2
95 987 3
96 299 1
96 388 1
98 401 9
99 569 2
99 929 1
101 377 1
101 246 1
101 423 1
103 164 1
103 423 1
104 721 3
104 885 2
104 765 6
107 201 1
107 810 1
107 381 1
109 356 2
112 356 3
112 517 1
112 166 1
112 267 2
112 782 4
112 369 1
112 948 2
112 472 1
112 888 1
113 250 1
114 738 1
114 837 1
118 502 1
118 732 1
118 365 2
118 862 1
119 812 1
120 416 1
120 609 1
120 707 2
120 196 2
120 198 1
120 193 1
120 500 1
120 880 1
120 435 1
120 948 5
120 566 4
120 633 1
120 772 6
120 542 1
120 923 1
120 476 1
120 190 1
122 738 1
122 410 1
122 837 1
126 356 1
126 294 1
126 166 2
126 168 2
126 586 1
126 782 3
126 912 11
126 948 1
126 790 2
126 984 1
127 184 2
127 423 1
127 718 1
127 246 2
127 415 3
133 256 1
133 602 1
134 844 1
135 746 1
135 870 1
135 692 1
135 189 1
135 742 1
136 200 1
136 316 2
136 428 2
136 142 2
141 421 1
141 469 1
142 267 3
142 428 5
142 915 5
142 316 3
142 543 1
143 544 2
143 696 1
147 416 2
147 577 3
147 715 1
147 933 2
147 230 2
147 171 2
147 972 2
147 590 2
147 931 2
147 277 2
147 214 1
147 355 2
147 347 2
147 285 2
147 926 4
147 686 2
149 372 1
149 716 1
150 462 1
150 415 1
151 253 4
152 742 1
153 977 3
153 410 1
157 577 1
157 586 1
157 517 1
157 854 1
159 290 13
159 742 1
159 239 1
159 214 4
159 920 1
159 316 1
160 280 1
160 915 1
160 629 3
164 638 1
164 310 1
164 943 2
165 428 2
165 401 16
165 344 7
165 857 1
165 316 10
166 517 1
166 743 1
166 782 1
166 854 1
166 759 2
166 586 4
167 469 2
168 416 2
168 356 11
168 966 2
168 425 2
168 362 5
168 782 1
168 912 24
168 984 1
168 586 1
168 949 24
168 439 4
168 472 4
168 266 16
168 575 1
169 595 1
169 372 1
170 855 1
171 577 1
171 590 2
175 737 1
175 410 1
175 275 3
175 582 1
175 246 2
178 231 1
178 333 2
178 381 4
178 976 5
178 978 2
178 915 1
178 692 3
178 502 4
178 569 2
178 409 1
178 250 1
178 607 1
178 605 4
178 415 2
180 829 1
181 190 1
184 832 1
184 410 1
185 684 2
187 802 1
188 469 2
188 614 3
189 201 1
189 364 1
189 718 4
189 783 1
189 977 1
189 690 1
189 595 1
189 862 1
189 502 1
189 381 1
189 440 1
189 772 2
189 410 4
189 517 2
189 506 2
189 670 1
189 442 1
190 353 2
190 334 2
190 656 2
190 274 1
190 373 2
191 692 7
192 381 3
193 731 1
193 595 1
193 500 1
193 662 2
193 923 7
198 488 1
198 568 1
199 644 1
199 506 1
199 996 2
199 541 1
200 971 1
200 428 1
200 915 2
200 952 4
200 316 4
207 424 1
207 469 2
208 236 1
209 948 1
209 356 2
214 290 2
214 443 1
214 742 1
214 746 1
214 940 3
214 428 1
214 334 4
214 720 1
214 629 1
214 951 3
214 763 1
214 316 2
223 746 1
226 440 1
228 569 2
228 605 1
229 483 1
229 742 1
229 241 1
229 307 1
229 790 1
229 607 5
231 264 1
231 874 1
231 987 13
231 540 7
231 607 1
232 472 2
232 313 6
232 356 3
232 790 3
233 746 1
233 692 4
236 537 17
239 713 1
239 823 6
239 951 1
240 586 1
241 469 2
245 264 1
245 874 1
245 987 3
245 582 4
246 866 1
246 423 1
248 501 1
249 569 2
249 693 1
249 605 1
250 513 1
250 770 1
250 485 2
250 646 1
250 551 1
250 535 2
250 369 2
250 722 3
250 854 1
250 823 1
250 444 9
250 542 3
250 607 3
251 928 2
251 410 1
251 987 3
251 482 1
253 290 4
253 566 4
255 577 1
256 416 1
256 313 3
256 948 1
256 356 5
264 329 1
266 912 3
266 949 1
266 790 2
266 439 1
267 435 2
267 948 2
267 662 1
272 450 2
272 595 2
272 662 1
272 383 1
275 849 1
277 577 1
277 700 2
277 285 4
277 926 1
278 923 5
280 772 1
280 526 1
280 656 1
280 658 5
280 531 1
280 281 6
280 288 1
280 685 1
280 561 1
280 530 2
280 846 1
280 484 1
280 360 1
280 493 1
280 445 1
280 629 14
280 630 1
280 631 1
280 891 1
284 680 1
284 731 1
284 422 10
285 577 1
288 484 10
288 773 9
288 391 6
288 493 10
288 846 10
288 561 10
288 629 13
288 630 3
288 445 6
289 899 1
290 589 1
291 401 9
291 454 2
292 306 1
292 836 1
293 862 1
294 416 2
294 984 1
294 885 2
294 313 1
295 569 2
301 469 2
302 316 1
302 428 1
304 441 1
306 771 5
306 307 2
306 742 2
306 863 2
307 835 2
307 659 1
307 901 1
307 863 2
310 586 4
310 943 1
310 368 1
310 950 1
310 534 2
310 343 2
310 399 1
311 987 3
313 356 7
313 912 3
313 472 5
314 929 1
314 710 1
314 569 2
316 838 1
316 373 1
316 971 1
316 428 11
316 629 4
316 953 1
316 952 2
316 857 6
316 915 2
316 543 1
318 956 1
318 332 1
319 918 1
321 499 2
322 634 2
322 591 1
322 334 4
322 343 3
324 586 1
326 586 1
327 381 2
329 624 1
332 435 1
332 500 7
332 782 6
332 542 1
333 743 1
333 569 2
333 767 1
333 605 1
333 607 1
334 772 1
334 534 4
334 746 1
334 692 1
334 586 1
334 502 1
334 607 8
335 664 1
335 980 4
335 381 1
337 505 2
337 534 2
337 607 1
338 987 3
338 540 2
339 569 2
343 607 3
343 663 1
344 428 1
347 577 1
349 976 7
349 915 2
349 428 2
355 577 1
356 517 2
356 648 2
356 912 7
356 416 1
356 425 8
356 948 3
356 949 1
356 574 1
356 586 1
356 721 8
356 854 1
356 472 20
356 602 7
356 868 4
356 743 10
356 762 2
356 765 6
356 383 3
360 629 3
361 987 3
362 528 2
362 909 1
365 732 1
369 535 2
372 404 1
372 934 1
377 866 2
379 568 1
380 440 1
383 528 2
383 586 4
383 909 2
383 720 3
383 595 1
383 887 1
388 832 1
388 491 1
388 638 2
388 951 1
392 948 2
392 517 2
400 742 1
401 454 11
401 429 10
401 415 11
404 595 1
409 569 2
409 605 1
409 929 1
410 482 1
410 837 1
410 433 1
410 1001 1
410 650 1
410 994 1
410 541 1
410 977 4
410 777 1
410 924 1
410 719 1
410 767 2
415 544 1
415 833 2
415 940 1
415 429 1
416 425 1
416 586 2
416 782 3
416 912 3
416 472 1
416 946 1
416 948 5
416 885 1
416 984 1
416 633 1
416 447 2
418 977 3
418 996 16
421 424 5
421 795 1
421 469 2
422 680 1
422 527 1
422 731 1
423 832 1
423 779 1
423 977 1
424 469 2
425 912 2
425 946 2
425 949 2
425 472 2
425 765 1
426 462 1
428 838 3
428 647 1
428 971 1
428 915 8
428 953 1
428 952 2
428 857 13
428 543 1
428 990 2
429 454 4
432 987 3
433 987 9
435 586 2
435 782 2
435 500 1
439 912 6
440 537 6
443 742 2
443 662 5
444 535 2
447 586 1
450 595 5
454 592 3
454 772 3
458 577 3
462 517 1
465 812 1
466 662 3
469 512 3
469 547 2
469 614 2
469 851 1
469 817 2
469 954 2
469 795 2
469 957 2
470 569 2
470 605 1
472 782 2
472 912 8
472 949 3
473 650 1
474 939 2
478 818 1
479 837 2
480 987 3
482 641 1
482 987 3
482 809 1
482 531 2
482 606 3
483 586 1
485 823 2
493 978 1
493 629 3
499 704 1
499 935 1
499 844 1
499 684 2
499 558 1
499 565 3
499 607 1
500 814 3
500 948 1
500 575 1
502 851 2
502 693 1
502 605 1
502 569 2
502 538 1
502 923 1
502 915 2
502 862 2
502 607 1
506 881 1
506 899 1
509 634 4
512 979 1
516 764 8
516 924 4
516 804 3
517 674 1
517 586 2
517 718 1
517 565 1
517 854 2
517 602 2
517 765 1
517 542 1
526 629 3
528 922 2
528 589 2
530 561 1
530 915 1
530 629 11
530 891 1
531 987 3
532 700 1
534 862 1
534 607 1
538 569 2
538 605 1
540 994 12
540 987 4
540 874 1
540 951 1
540 955 3
542 586 1
542 854 1
542 823 1
543 952 1
543 951 1
544 563 2
544 669 2
546 920 2
546 595 2
546 550 1
547 862 1
550 920 1
552 817 1
552 978 1
558 684 1
558 565 2
561 629 3
563 696 1
565 586 1
565 844 3
565 723 5
565 854 1
568 595 3
568 947 1
569 929 2
569 693 2
569 710 2
569 976 2
569 599 2
569 605 3
569 862 2
569 991 2
569 767 2
575 912 5
575 782 1
577 931 1
577 933 1
577 715 1
577 972 1
577 748 1
577 590 1
577 686 1
577 926 2
582 994 3
582 987 5
586 782 5
586 674 1
586 687 1
586 854 2
586 602 4
586 743 1
586 617 2
586 762 1
586 765 1
591 746 1
591 607 7
592 609 3
592 948 2
595 752 3
599 605 1
599 929 1
602 868 1
602 743 6
602 721 3
602 854 1
602 765 1
605 685 1
605 693 2
605 700 1
605 710 1
605 976 1
605 718 2
605 862 3
605 767 1
607 718 6
607 782 3
607 687 6
607 724 1
607 696 2
607 692 5
607 987 1
609 772 2
609 633 1
624 692 5
626 863 1
629 658 3
629 685 3
629 846 3
629 630 4
629 631 3
629 891 3
638 700 1
641 738 1
641 987 3
641 837 1
643 657 1
644 924 2
650 738 1
650 682 6
650 654 7
650 783 1
654 738 6
654 682 7
654 837 2
654 783 6
656 920 1
659 742 1
659 863 1
662 900 3
663 951 2
668 720 1
672 918 1
674 948 2
674 854 1
679 956 1
679 951 1
682 738 2
682 783 2
684 844 3
685 1001 1
686 872 2
686 696 2
687 776 2
687 746 2
687 923 2
692 742 1
692 746 2
692 935 3
693 862 1
696 731 1
697 855 3
698 738 1
698 987 3
698 837 1
699 912 1
700 812 1
700 881 1
700 790 2
700 956 1
702 850 1
703 784 1
703 771 7
704 743 1
707 880 1
710 832 1
710 737 2
710 929 1
718 843 2
718 724 5
718 980 1
718 762 1
718 883 5
718 915 1
719 738 1
720 935 6
720 746 2
720 813 1
721 765 7
721 743 3
723 758 3
724 921 2
724 978 1
724 883 6
730 912 1
738 783 1
738 923 3
738 837 2
738 745 4
738 916 1
740 788 1
740 879 1
742 769 1
742 901 1
742 802 1
742 935 1
742 775 1
742 835 3
742 863 1
742 993 1
742 754 1
742 915 1
742 765 10
742 784 1
743 948 1
746 935 3
748 926 1
758 844 2
758 918 1
758 956 4
764 874 1
764 987 3
765 868 5
765 854 1
767 929 1
769 863 1
771 870 1
771 926 1
771 863 3
772 862 1
774 947 92
782 912 2
782 790 2
782 984 2
789 987 3
790 868 1
790 837 1
790 812 1
803 948 3
804 881 2
809 987 3
837 969 1
837 916 1
840 874 1
840 987 3
843 883 1
843 907 1
844 918 1
849 987 3
850 924 1
854 948 3
854 918 1
855 951 2
857 915 1
857 951 3
862 909 5
863 993 1
868 912 1
872 987 3
873 874 1
873 987 3
883 915 1
885 984 1
912 948 1
912 949 7
915 923 3
918 956 1
920 978 2
921 1004 4
925 987 3
955 987 3
987 994 3
