0
1
2
3
4
5
6
7
8
9
10
11
12
13
14
15
16
17
18
19
20
21
22
23
24
25
26
27
28
29
30
31
32
33
34
35
36
37
38
39
40
41
42
43
44
45
46
47
48
49
50
51
52
53
54
55
56
57
58
59
60
61
62
63
64
65
66
67
68
69
70
71
72
73
74
75
76
77
78
79
80
81
82
83
84
85
86
87
88
89
90
91
92
93
94
95
96
97
98
99
100
101
102
103
104
105
106
107
108
109
110
111
112
113
114
115
116
117
118
119
120
121
122
123
124
125
126
127
128
129
130
131
132
133
134
135
136
137
138
139
141
142
143
144
145
146
147
148
149
150
151
152
153
154
155
157
158
159
160
161
162
163
164
165
166
167
168
169
170
171
172
173
174
175
176
177
178
179
180
181
182
183
184
185
186
187
188
189
190
191
192
193
194
195
196
197
198
199
200
201
202
203
204
205
206
207
208
209
210
211
212
213
214
215
216
217
218
219
220
221
222
223
224
225
226
227
228
229
230
231
232
233
235
236
237
238
239
240
241
242
243
244
245
246
247
248
249
250
251
252
253
254
255
256
257
259
260
262
263
264
265
266
267
268
269
270
271
272
273
274
275
276
277
278
279
280
281
282
283
284
285
286
287
288
289
290
291
292
293
294
295
296
297
299
300
301
302
303
304
305
306
307
308
309
310
311
312
313
314
315
316
317
318
319
320
321
322
323
324
325
326
327
328
329
330
331
332
333
334
335
336
337
338
339
340
341
343
344
345
346
347
348
349
350
351
352
353
355
356
357
358
359
360
361
362
364
365
366
367
368
369
370
371
372
373
374
375
376
377
378
379
380
381
382
383
384
385
386
387
388
389
390
391
392
393
394
395
396
397
398
399
400
401
402
403
404
405
406
407
408
409
410
411
412
413
414
415
416
418
419
420
421
422
423
424
425
426
427
428
429
430
431
432
433
434
435
436
437
438
439
440
441
442
443
444
445
446
447
448
449
450
451
452
453
454
455
456
457
458
459
460
461
462
464
465
466
467
468
469
470
471
472
473
474
475
476
477
478
479
480
481
482
483
484
485
486
487
488
489
490
491
492
493
495
496
497
498
499
500
501
502
503
504
505
506
507
508
509
510
511
512
513
514
515
516
517
518
519
520
521
522
523
524
525
526
527
528
530
531
532
533
534
535
536
537
538
539
540
541
542
543
544
545
546
547
548
549
550
551
552
553
554
556
557
558
559
560
561
562
563
564
565
566
567
568
569
570
571
572
573
574
575
576
577
578
579
580
581
582
583
584
585
586
587
588
589
590
591
592
593
594
595
596
597
598
599
600
601
602
603
604
605
606
607
609
610
611
612
613
614
615
616
617
618
619
621
622
623
624
625
626
627
628
629
630
631
632
633
634
635
636
637
638
639
640
641
642
643
644
645
646
647
648
649
650
651
652
653
654
655
656
657
658
659
660
661
662
663
664
665
666
667
668
669
670
671
672
673
674
675
676
677
678
679
680
681
682
683
684
685
686
687
688
689
690
691
692
693
694
695
696
697
698
699
700
701
702
703
704
705
706
707
708
709
710
711
712
713
714
715
716
717
718
719
720
721
722
723
724
725
726
727
728
729
730
731
732
733
734
735
736
737
738
739
740
741
742
743
744
745
746
747
748
749
750
751
752
753
754
756
757
758
759
760
761
762
763
764
765
767
768
769
770
771
772
773
774
775
776
777
778
779
780
781
782
783
784
785
786
787
788
789
790
791
792
793
794
795
796
797
798
799
800
801
802
803
804
805
806
807
808
809
810
811
812
813
814
815
816
817
818
819
820
821
822
823
824
825
826
827
828
829
830
831
832
833
834
835
836
837
838
839
840
841
842
843
844
845
846
847
848
849
850
851
852
853
854
855
856
857
858
859
860
861
862
863
864
865
866
867
868
869
870
871
872
873
874
875
876
877
878
879
880
881
882
883
884
885
886
887
888
889
890
891
892
893
894
895
896
897
898
899
900
901
902
903
904
905
906
907
908
909
910
911
912
913
914
915
916
917
918
919
920
921
922
923
924
925
926
927
928
929
930
931
932
933
934
935
936
937
938
939
940
941
942
943
944
945
946
947
948
949
950
951
952
953
954
955
956
957
958
960
961
962
963
964
965
966
967
968
969
970
971
972
973
974
975
976
977
978
979
980
981
982
983
984
985
986
987
988
989
990
991
992
993
994
995
996
997
998
999
1000
1001
1002
1003
1004
0 114 1
0 6 2
0 1004 2
0 716 1
0 333 1
0 977 1
0 178 3
0 149 1
0 249 2
0 410 1
0 732 1
0 189 1
1 337 1
1 310 1
2 790 4
2 854 1
4 848 5
4 456 3
4 441 1
5 808 1
6 178 1
6 772 1
6 333 1
7 810 1
7 418 2
8 120 1
12 527 1
13 532 1
14 644 3
14 1001 1
14 724 1
14 796 1
14 381 1
14 702 3
15 680 6
15 731 8
15 422 6
16 546 1
16 522 1
16 843 1
16 783 1
16 19 1
16 541 1
16 127 1
24 493 2
24 530 6
24 629 1
24 280 1
24 891 30
24 189 2
25 684 1
28 987 2
30 256 3
30 416 2
30 868 3
30 209 1
30 648 1
30 845 2
30 104 1
30 936 1
30 885 2
30 790 2
30 313 1
30 356 4
30 890 1
30 765 4
31 200 2
31 410 3
31 428 1
31 165 8
31 990 4
32 61 1
32 862 1
32 791 1
35 188 3
37 232 1
37 356 1
38 388 2
40 609 1
40 450 6
40 900 4
40 198 1
40 712 2
40 272 1
40 466 1
40 947 1
40 662 1
40 695 1
40 568 2
40 772 1
40 187 4
40 572 4
41 723 4
42 402 1
42 534 1
45 227 4
48 956 1
50 402 1
50 559 1
52 356 3
53 193 1
56 987 4
58 577 1
58 338 1
58 586 1
58 909 1
61 450 2
61 356 1
61 517 4
61 742 1
61 502 1
61 334 1
61 591 2
61 883 2
61 692 1
61 718 5
61 534 1
61 472 1
61 851 1
61 915 1
61 189 1
61 159 1
62 542 2
62 646 6
62 485 7
66 227 9
67 344 3
67 561 4
67 963 4
67 165 11
67 207 3
68 987 2
69 950 2
70 164 1
70 91 3
70 772 3
70 334 2
70 343 1
71 595 4
72 193 1
72 546 1
74 256 1
74 133 1
74 294 1
74 648 1
74 76 1
74 586 1
74 332 1
74 885 1
74 984 1
74 313 1
74 266 3
74 447 1
75 772 1
75 220 3
76 1001 1
76 399 5
77 912 1
77 168 1
77 260 1
78 178 1
78 333 1
82 267 1
82 628 2
82 135 2
83 784 1
86 443 2
86 662 1
90 482 2
90 771 3
90 997 1
90 392 2
90 650 1
90 306 1
90 940 3
90 850 2
90 783 1
90 881 1
90 178 1
90 191 2
91 416 1
91 704 2
91 356 2
91 135 1
91 106 1
91 499 1
91 740 2
91 634 1
91 891 1
91 388 1
95 987 2
96 832 2
96 324 1
96 634 1
96 420 4
97 456 1
98 707 2
98 454 3
98 134 3
98 713 2
98 107 2
98 268 3
98 429 1
98 592 3
98 401 3
98 117 2
101 377 4
101 866 1
101 246 3
103 343 2
103 950 1
103 423 2
104 313 2
104 765 2
105 418 1
106 740 1
106 229 1
106 402 2
106 950 1
106 634 1
107 772 3
107 201 1
107 810 2
107 236 1
107 1004 2
107 464 1
107 980 1
107 393 1
107 537 1
111 586 1
111 845 1
112 313 3
112 674 2
112 267 8
112 356 2
112 517 4
113 535 1
113 646 3
113 927 2
117 268 2
117 454 1
118 553 1
118 365 2
119 880 1
120 544 1
120 772 6
120 197 1
120 586 1
120 977 1
120 920 1
120 703 5
122 136 2
122 857 1
122 924 3
122 915 1
122 428 1
125 622 1
126 586 2
126 356 1
127 772 4
127 716 2
127 718 1
127 883 1
127 189 1
133 168 1
133 602 3
133 356 6
134 592 5
134 291 3
134 923 4
134 454 4
135 528 3
135 772 6
135 549 7
135 870 3
135 581 22
135 942 2
135 720 6
135 742 3
135 371 1
135 692 3
135 609 1
135 628 7
135 923 3
135 703 1
136 200 8
136 267 1
136 915 1
136 838 2
141 188 1
141 772 1
143 796 1
147 290 3
147 171 2
147 454 1
149 716 2
151 290 1
151 253 1
153 769 1
153 482 1
153 996 1
153 1001 2
153 418 1
153 977 5
157 772 1
159 214 3
159 607 1
160 280 1
160 200 2
160 586 1
160 629 2
161 586 1
161 900 6
164 950 6
165 424 3
165 586 1
165 401 11
165 344 5
165 316 5
165 990 2
166 416 2
166 356 1
166 743 5
166 586 2
166 845 1
166 762 2
166 765 1
167 978 1
168 416 2
168 260 17
168 266 1
168 845 2
168 912 9
168 472 3
168 949 2
168 439 9
168 984 3
168 356 3
168 699 1
168 447 3
169 372 1
170 720 1
170 697 3
170 581 4
170 245 1
171 347 1
171 277 1
171 590 1
171 933 1
173 506 4
175 849 1
175 737 1
178 772 2
178 519 1
178 409 1
178 538 1
178 295 1
178 693 1
178 569 1
178 710 1
178 972 1
178 716 3
178 333 1
178 976 2
178 339 1
178 470 1
178 599 1
178 605 1
178 862 1
178 991 1
178 482 1
178 228 2
178 502 5
178 249 1
178 767 2
185 762 1
187 450 1
188 656 9
188 280 1
188 978 6
188 502 5
188 920 3
189 772 1
189 200 1
189 718 3
189 883 1
189 502 8
189 410 2
189 731 1
189 732 2
190 772 1
191 692 1
191 830 2
192 381 4
193 512 2
193 550 2
193 239 1
193 633 1
194 399 1
196 912 1
196 291 1
196 454 2
197 923 1
199 1001 1
199 644 2
199 996 2
199 924 1
199 541 2
200 428 2
200 915 2
200 530 5
200 883 7
200 952 1
200 857 2
200 316 3
201 772 1
204 586 1
206 638 1
207 469 1
208 977 1
209 356 3
214 290 1
214 388 2
214 230 2
214 935 1
214 712 3
214 464 1
214 776 1
214 628 2
214 316 3
214 765 2
216 321 2
216 956 2
220 772 1
220 334 1
220 607 1
223 772 1
228 333 1
228 605 1
228 693 1
231 921 1
231 698 3
231 987 2
231 738 1
231 245 2
232 472 10
232 305 1
232 356 1
232 575 2
236 743 2
239 522 2
245 264 2
245 873 3
245 698 3
245 987 2
245 522 1
245 671 2
246 377 1
246 724 1
246 710 1
246 423 1
248 692 2
248 772 1
248 591 1
249 333 1
250 927 2
250 646 3
250 535 1
251 987 2
251 671 1
253 290 2
253 566 2
256 416 4
256 356 3
256 294 3
256 313 3
257 833 1
257 454 1
257 566 1
260 266 1
260 790 1
263 369 1
264 586 1
267 450 5
267 517 3
267 586 3
267 984 5
267 628 1
267 280 1
268 291 1
268 454 4
268 713 1
268 633 2
272 900 2
275 849 1
278 454 1
278 566 1
280 388 3
280 526 1
280 920 1
280 530 4
280 915 1
280 772 1
280 288 1
280 685 1
280 561 1
280 658 1
280 445 1
280 630 2
280 846 1
280 978 1
280 851 1
280 360 1
280 493 1
280 629 1
280 502 4
280 631 1
280 891 1
281 978 1
284 680 1
284 731 2
288 629 1
290 566 1
291 401 3
291 454 6
292 772 1
293 862 6
294 416 1
294 868 1
294 586 18
294 782 7
294 885 3
294 313 1
294 762 1
294 447 1
299 322 1
299 509 1
304 456 1
305 416 2
306 771 1
306 772 1
306 742 1
306 659 1
306 374 1
310 586 1
310 477 1
311 697 1
311 955 2
311 582 1
311 987 2
312 333 1
313 416 5
313 356 10
313 472 1
313 885 1
313 984 1
313 765 2
313 447 1
315 769 1
316 392 7
316 543 2
317 374 2
318 684 2
318 454 2
321 618 1
321 684 2
322 879 1
322 663 1
322 343 4
324 638 2
324 534 1
324 591 1
327 381 2
329 832 3
329 624 1
332 435 3
332 500 2
332 782 4
333 502 1
333 710 1
333 599 1
333 569 1
333 693 1
333 470 1
333 409 1
333 538 1
333 605 1
333 862 1
333 767 3
334 993 1
334 772 1
334 617 1
334 586 1
334 812 1
334 687 1
334 692 3
334 534 1
334 696 2
334 356 1
334 923 1
334 638 1
334 607 2
335 737 1
335 810 3
335 899 3
335 532 1
335 381 3
337 505 1
338 624 1
338 987 2
343 663 1
353 891 4
356 772 1
356 912 8
356 416 1
356 586 1
356 845 2
356 472 16
356 730 5
356 765 5
360 629 1
361 987 2
364 764 1
364 842 1
364 987 2
364 772 1
364 502 1
368 399 1
369 513 1
369 927 2
369 646 3
371 456 1
371 772 1
372 595 1
372 404 1
377 866 1
377 423 1
377 630 1
377 716 2
377 738 1
379 662 2
380 586 1
381 643 2
381 772 1
381 810 1
383 720 2
383 586 3
383 909 1
383 887 2
388 832 6
388 772 1
388 534 8
388 843 1
388 790 1
388 951 1
388 900 7
388 638 3
398 712 1
399 977 1
399 663 1
401 454 14
401 429 15
401 415 8
402 950 1
402 559 1
404 595 1
405 720 1
405 628 2
407 843 1
410 422 2
410 650 1
410 663 1
413 607 2
413 844 1
413 935 1
414 891 4
415 429 2
415 718 3
416 707 1
416 772 2
416 648 5
416 586 3
416 782 1
416 912 3
416 500 1
416 927 1
416 447 1
418 996 1
418 977 6
418 1001 1
420 559 2
421 424 4
422 680 2
422 584 1
422 527 6
422 731 6
423 710 1
423 977 1
423 883 3
424 891 2
424 428 2
427 955 2
428 953 1
428 990 1
429 454 14
432 987 2
433 987 3
435 500 1
441 527 2
443 742 4
443 662 5
444 927 2
444 646 3
444 535 1
447 586 20
447 984 4
450 609 1
450 772 1
450 613 1
450 712 4
450 662 1
450 695 1
450 900 1
454 609 1
454 772 6
454 999 1
454 713 1
454 1003 1
454 592 8
454 752 1
456 832 2
456 720 1
456 936 2
456 527 1
458 956 2
458 684 5
459 517 1
469 978 1
471 617 1
472 575 1
473 810 1
477 534 1
479 586 1
482 531 1
482 987 2
485 646 4
485 927 2
490 687 1
491 796 1
493 530 2
493 629 1
493 630 30
499 704 1
500 586 4
500 782 2
500 687 1
500 575 1
502 609 1
502 546 1
502 772 1
502 978 1
502 693 2
502 923 1
502 862 5
506 576 1
506 644 2
506 1001 2
506 783 2
506 996 2
506 924 3
506 541 3
511 978 1
513 927 2
513 646 3
513 823 1
516 761 1
517 803 1
517 772 1
517 586 1
522 546 1
526 629 1
528 803 4
528 771 4
530 772 1
530 629 12
530 630 6
530 891 6
531 987 2
531 772 1
532 550 1
534 609 1
534 546 2
534 843 1
534 550 2
534 939 1
534 772 1
534 951 1
534 923 1
534 862 8
535 772 1
535 646 3
535 586 1
535 927 2
540 736 1
540 641 27
540 955 3
540 698 3
540 987 7
540 830 1
541 644 1
541 1001 1
541 996 1
541 924 1
542 772 1
542 646 2
542 927 2
546 900 1
546 550 4
546 716 1
546 742 1
546 595 1
546 724 1
546 923 1
547 862 3
550 704 1
551 646 2
551 927 2
552 858 1
552 614 3
553 670 1
558 684 2
558 956 1
559 622 1
561 629 1
565 844 1
565 684 3
572 724 2
572 862 1
573 586 2
577 936 1
580 739 1
581 936 3
581 628 1
582 994 1
582 987 2
582 764 1
584 731 2
586 772 1
586 782 1
586 687 1
586 947 1
586 948 1
586 837 1
586 984 6
586 617 1
586 885 1
586 762 2
586 765 1
587 720 3
587 707 1
591 772 1
591 843 1
591 663 1
592 713 1
592 927 5
595 934 5
595 883 10
595 696 1
599 710 1
602 845 2
602 743 9
605 693 2
607 692 1
607 696 1
609 772 3
609 951 1
609 923 2
613 738 1
617 692 1
626 807 1
628 720 1
629 772 2
629 658 1
629 685 6
629 846 1
629 630 2
629 631 1
629 891 6
630 685 2
633 772 1
633 923 4
634 832 1
638 832 2
638 790 1
638 700 3
641 987 2
643 761 2
644 1001 1
644 924 6
646 722 3
646 854 4
646 823 3
646 927 5
648 765 4
650 1001 1
650 828 3
650 682 1
654 682 1
654 783 1
662 996 1
662 802 1
663 950 1
682 738 1
682 783 1
684 704 1
684 772 1
684 844 3
684 956 1
685 1001 4
685 724 3
687 843 1
687 692 1
692 772 1
692 696 1
692 830 1
693 862 1
696 742 1
697 925 2
697 855 4
698 840 3
698 873 3
698 987 2
698 764 3
702 1001 1
704 743 1
704 844 1
707 880 1
710 832 1
711 843 1
716 718 2
716 883 3
718 772 1
718 843 1
718 883 4
718 916 2
720 772 2
720 870 1
722 927 2
723 758 1
724 1001 3
724 883 2
730 868 3
731 772 1
731 741 1
738 923 2
742 769 2
742 771 4
742 900 7
742 772 1
745 1001 1
746 935 1
754 772 1
758 844 1
758 956 2
758 918 1
761 804 1
761 783 3
761 881 2
761 790 1
762 845 1
762 765 2
764 987 7
765 845 2
765 912 1
765 868 2
769 798 1
769 951 1
770 927 2
771 900 14
772 783 1
772 920 1
772 915 1
772 900 1
772 927 1
772 987 2
772 863 1
772 834 1
772 978 3
772 851 2
772 980 1
772 865 2
772 830 1
773 955 2
774 947 39
784 900 3
789 987 2
790 868 3
790 812 1
801 1001 4
809 987 2
823 927 2
828 1001 4
837 1001 1
840 987 2
843 907 1
843 883 1
845 912 2
849 987 2
850 881 1
851 978 1
854 927 3
857 953 1
863 993 1
863 900 4
872 987 2
873 987 2
883 977 2
912 949 3
915 953 2
920 978 1
924 996 1
924 1001 1
925 955 2
925 987 2
950 1001 4
955 987 4
977 996 3
977 1001 12
977 1004 1
979 1001 1
987 994 2
996 1001 2
