0
1
2
3
4
5
6
7
8
9
10
11
12
13
14
15
16
17
18
19
20
21
22
23
24
25
26
27
28
29
30
31
32
33
34
35
36
37
38
39
40
41
42
43
44
45
46
47
48
49
50
51
52
53
54
55
56
57
58
59
60
61
62
63
64
65
66
67
68
69
70
71
72
73
74
75
76
77
78
79
80
81
82
83
84
85
86
87
88
89
90
91
92
93
94
95
96
97
98
99
100
101
102
103
104
105
106
107
108
109
110
111
112
113
114
115
116
117
118
119
120
121
122
123
124
125
126
127
128
129
130
131
132
133
134
135
136
137
138
139
141
142
143
144
145
146
147
148
149
150
151
152
153
154
155
157
158
159
160
161
162
163
164
165
166
167
168
169
170
171
172
173
174
175
176
177
178
179
180
181
182
183
184
185
186
187
188
189
190
191
192
193
194
195
196
197
198
199
200
201
202
203
204
205
206
207
208
209
210
211
212
213
214
215
216
217
218
219
220
221
222
223
224
225
226
227
228
229
230
231
232
233
235
236
237
238
239
240
241
242
243
244
245
246
247
248
249
250
251
252
253
254
255
256
257
259
260
262
263
264
265
266
267
268
269
270
271
272
273
274
275
276
277
278
279
280
281
282
283
284
285
286
287
288
289
290
291
292
293
294
295
296
297
299
300
301
302
303
304
305
306
307
308
309
310
311
312
313
314
315
316
317
318
319
320
321
322
323
324
325
326
327
328
329
330
331
332
333
334
335
336
337
338
339
340
341
343
344
345
346
347
348
349
350
351
352
353
355
356
357
358
359
360
361
362
364
365
366
367
368
369
370
371
372
373
374
375
376
377
378
379
380
381
382
383
384
385
386
387
388
389
390
391
392
393
394
395
396
397
398
399
400
401
402
403
404
405
406
407
408
409
410
411
412
413
414
415
416
418
419
420
421
422
423
424
425
426
427
428
429
430
431
432
433
434
435
436
437
438
439
440
441
442
443
444
445
446
447
448
449
450
451
452
453
454
455
456
457
458
459
460
461
462
464
465
466
467
468
469
470
471
472
473
474
475
476
477
478
479
480
481
482
483
484
485
486
487
488
489
490
491
492
493
495
496
497
498
499
500
501
502
503
504
505
506
507
508
509
510
511
512
513
514
515
516
517
518
519
520
521
522
523
524
525
526
527
528
530
531
532
533
534
535
536
537
538
539
540
541
542
543
544
545
546
547
548
549
550
551
552
553
554
556
557
558
559
560
561
562
563
564
565
566
567
568
569
570
571
572
573
574
575
576
577
578
579
580
581
582
583
584
585
586
587
588
589
590
591
592
593
594
595
596
597
598
599
600
601
602
603
604
605
606
607
609
610
611
612
613
614
615
616
617
618
619
621
622
623
624
625
626
627
628
629
630
631
632
633
634
635
636
637
638
639
640
641
642
643
644
645
646
647
648
649
650
651
652
653
654
655
656
657
658
659
660
661
662
663
664
665
666
667
668
669
670
671
672
673
674
675
676
677
678
679
680
681
682
683
684
685
686
687
688
689
690
691
692
693
694
695
696
697
698
699
700
701
702
703
704
705
706
707
708
709
710
711
712
713
714
715
716
717
718
719
720
721
722
723
724
725
726
727
728
729
730
731
732
733
734
735
736
737
738
739
740
741
742
743
744
745
746
747
748
749
750
751
752
753
754
756
757
758
759
760
761
762
763
764
765
767
768
769
770
771
772
773
774
775
776
777
778
779
780
781
782
783
784
785
786
787
788
789
790
791
792
793
794
795
796
797
798
799
800
801
802
803
804
805
806
807
808
809
810
811
812
813
814
815
816
817
818
819
820
821
822
823
824
825
826
827
828
829
830
831
832
833
834
835
836
837
838
839
840
841
842
843
844
845
846
847
848
849
850
851
852
853
854
855
856
857
858
859
860
861
862
863
864
865
866
867
868
869
870
871
872
873
874
875
876
877
878
879
880
881
882
883
884
885
886
887
888
889
890
891
892
893
894
895
896
897
898
899
900
901
902
903
904
905
906
907
908
909
910
911
912
913
914
915
916
917
918
919
920
921
922
923
924
925
926
927
928
929
930
931
932
933
934
935
936
937
938
939
940
941
942
943
944
945
946
947
948
949
950
951
952
953
954
955
956
957
958
960
961
962
963
964
965
966
967
968
969
970
971
972
973
974
975
976
977
978
979
980
981
982
983
984
985
986
987
988
989
990
991
992
993
994
995
996
997
998
999
1000
1001
1002
1003
1004
0 605 1
1 309 1
2 700 3
2 532 1
2 629 1
2 790 3
2 119 1
2 956 1
5 107 1
8 159 1
11 633 1
13 532 2
14 644 3
15 731 1
16 410 1
19 457 1
24 280 1
24 629 2
25 458 1
30 936 1
30 356 1
30 765 1
32 569 4
32 189 1
32 502 1
34 997 3
34 855 2
35 978 3
35 469 1
38 159 4
39 707 1
40 712 1
40 450 1
40 187 1
40 695 1
41 499 1
41 565 1
48 458 3
48 723 1
48 684 2
48 499 1
52 168 1
52 948 1
53 193 2
53 923 1
53 377 4
56 329 1
61 674 1
61 772 1
61 517 1
61 457 1
61 718 1
61 356 1
61 122 2
61 991 1
62 513 1
62 485 1
62 646 1
62 551 1
62 369 1
62 854 1
62 542 1
65 546 2
65 948 3
65 191 1
73 499 1
73 679 1
75 772 1
75 334 1
75 879 1
77 168 6
77 556 1
77 912 1
77 260 5
78 538 1
78 862 1
90 692 1
90 749 1
90 189 1
98 707 1
98 268 1
101 457 2
106 1001 3
106 740 1
106 229 1
106 702 1
107 201 1
107 980 1
107 118 1
107 553 4
107 440 1
107 670 1
112 674 1
112 948 2
114 275 3
117 268 1
118 716 1
120 772 2
120 546 1
120 948 1
120 454 1
120 854 1
122 410 1
122 718 2
126 416 1
126 948 2
126 356 1
126 166 2
127 193 1
133 168 1
134 592 5
134 291 2
134 454 1
135 936 4
135 692 1
135 581 3
136 915 2
136 428 2
141 978 3
141 469 1
142 344 2
143 796 1
153 977 3
153 410 1
157 248 5
157 586 2
157 542 1
159 290 2
159 776 1
159 844 1
159 940 4
159 334 2
159 978 1
159 851 1
159 500 3
159 565 2
160 629 1
160 526 1
165 948 1
165 847 1
166 586 1
166 772 1
167 978 3
167 469 1
168 416 1
168 260 6
168 966 1
168 232 1
168 557 2
168 912 3
168 790 6
168 868 1
168 607 1
168 575 1
175 849 1
175 410 1
175 275 2
175 423 1
179 887 1
180 958 1
184 423 1
185 458 1
187 802 1
188 978 3
188 469 1
188 630 1
188 301 1
189 969 1
189 716 2
189 1004 2
189 569 1
191 948 4
191 415 2
192 532 2
192 381 2
193 714 1
193 707 1
193 910 2
199 924 1
200 952 1
200 316 1
202 629 1
207 978 2
207 954 1
207 469 1
207 558 1
207 847 2
208 537 1
214 290 1
214 742 1
223 663 1
228 605 2
228 693 1
229 769 2
231 810 1
231 698 1
231 607 1
236 537 1
236 506 1
236 670 2
243 457 1
245 624 1
245 698 1
246 457 4
246 724 1
248 762 1
249 605 1
251 410 1
251 987 1
256 416 2
260 912 1
267 944 2
267 530 1
267 891 6
267 948 2
268 291 1
268 454 1
268 713 1
268 633 1
272 900 1
273 951 2
275 849 3
275 737 2
280 569 1
280 530 2
280 629 3
280 360 1
281 569 1
281 491 1
291 609 1
291 1003 1
291 429 2
291 401 1
292 857 2
293 605 1
294 416 2
301 978 2
301 469 1
301 630 3
303 950 1
311 697 1
311 955 1
313 948 2
313 885 2
316 915 2
318 672 1
318 684 1
319 499 1
321 704 1
321 618 1
321 499 1
324 591 1
327 381 1
329 789 3
331 418 1
332 500 1
333 605 1
333 502 1
334 923 1
334 776 1
334 718 1
334 687 1
334 530 1
334 607 1
338 849 1
343 663 1
344 373 2
347 933 1
347 966 1
356 472 4
356 743 1
360 629 1
360 526 1
362 808 1
368 879 1
372 595 8
372 572 1
372 934 1
372 415 2
377 696 1
377 457 2
380 528 1
380 712 1
381 506 1
388 612 1
388 951 1
392 948 2
397 671 1
397 975 1
401 429 5
401 454 1
401 415 1
406 696 2
409 470 1
410 482 1
410 837 1
410 1001 1
410 650 1
410 777 1
410 994 1
410 433 1
410 969 1
410 924 1
410 541 1
415 833 1
415 435 1
415 569 1
416 948 2
416 633 1
418 977 4
418 996 4
421 978 2
421 469 1
421 630 2
422 731 2
422 540 4
423 866 1
423 710 2
423 457 2
423 779 1
423 716 1
424 978 2
424 469 1
424 990 1
427 955 2
428 915 2
429 454 2
443 662 1
450 762 1
454 772 2
457 866 2
457 777 1
457 522 1
457 716 1
457 687 1
457 696 2
458 704 1
458 684 1
458 499 1
459 948 2
462 833 1
462 530 1
469 512 1
469 547 1
469 614 1
469 552 1
469 988 1
469 817 1
469 978 5
469 851 1
469 630 2
469 954 1
469 795 1
470 605 1
470 789 1
482 569 2
491 569 1
493 978 4
493 629 1
497 977 3
499 618 1
499 844 1
499 558 2
499 723 1
499 948 2
499 758 1
500 948 2
500 782 1
502 538 1
502 605 1
502 951 2
506 1001 1
506 657 2
516 532 1
517 948 2
526 629 1
526 631 1
528 542 2
530 920 1
530 915 2
530 630 3
530 569 1
530 851 1
530 891 6
530 629 6
531 641 1
532 881 1
532 790 1
532 761 1
532 700 2
535 646 1
538 569 1
540 697 1
540 698 1
540 955 1
540 830 1
542 646 1
542 854 2
546 772 1
547 978 3
547 847 2
552 978 1
558 684 1
561 629 1
561 846 1
565 723 1
568 784 1
569 749 5
569 685 1
569 851 1
569 631 1
569 915 1
569 862 4
573 772 1
581 936 2
581 692 1
582 764 5
586 772 1
587 720 1
591 765 1
591 718 1
592 713 1
592 948 2
592 927 3
605 710 1
605 789 2
605 862 1
609 707 1
609 772 1
612 832 1
614 978 3
624 692 1
628 871 5
629 658 1
629 685 1
629 948 3
629 846 1
629 630 1
629 631 1
629 891 1
629 894 1
630 891 4
634 788 1
638 788 2
644 977 1
647 915 1
658 870 3
658 838 1
674 948 2
679 684 1
680 707 1
685 1001 2
685 724 1
687 718 1
692 749 1
697 855 1
697 925 1
698 840 1
698 873 1
698 764 1
703 951 3
704 723 1
707 713 1
707 1003 1
707 880 1
707 951 1
720 731 1
731 915 4
737 849 1
739 772 1
742 784 1
743 912 1
743 859 2
749 987 2
758 844 1
762 915 1
765 936 4
772 823 1
773 955 1
774 947 5
790 912 2
790 812 1
795 978 3
803 948 2
817 978 1
851 978 3
859 948 2
862 977 2
921 977 4
925 955 1
927 948 2
933 966 2
954 978 3
955 987 1
957 978 1
969 977 1
977 1004 4
977 1001 2
978 988 1
