0
1
2
3
4
5
6
7
8
9
10
11
12
13
14
15
16
17
18
19
20
21
22
23
24
25
26
27
28
29
30
31
32
33
34
35
36
37
38
39
40
41
42
43
44
45
46
47
48
49
50
51
52
53
54
55
56
57
58
59
60
61
62
63
64
65
66
67
68
69
70
71
72
73
74
75
76
77
78
79
80
81
82
83
84
85
86
87
88
89
90
91
92
93
94
95
96
97
98
99
100
101
102
103
104
105
106
107
108
109
110
111
112
113
114
115
116
117
118
119
120
121
122
123
124
125
126
127
128
129
130
131
132
133
134
135
136
137
138
139
141
142
143
144
145
146
147
148
149
150
151
152
153
154
155
157
158
159
160
161
162
163
164
165
166
167
168
169
170
171
172
173
174
175
176
177
178
179
180
181
182
183
184
185
186
187
188
189
190
191
192
193
194
195
196
197
198
199
200
201
202
203
204
205
206
207
208
209
210
211
212
213
214
215
216
217
218
219
220
221
222
223
224
225
226
227
228
229
230
231
232
233
235
236
237
238
239
240
241
242
243
244
245
246
247
248
249
250
251
252
253
254
255
256
257
259
260
262
263
264
265
266
267
268
269
270
271
272
273
274
275
276
277
278
279
280
281
282
283
284
285
286
287
288
289
290
291
292
293
294
295
296
297
299
300
301
302
303
304
305
306
307
308
309
310
311
312
313
314
315
316
317
318
319
320
321
322
323
324
325
326
327
328
329
330
331
332
333
334
335
336
337
338
339
340
341
343
344
345
346
347
348
349
350
351
352
353
355
356
357
358
359
360
361
362
364
365
366
367
368
369
370
371
372
373
374
375
376
377
378
379
380
381
382
383
384
385
386
387
388
389
390
391
392
393
394
395
396
397
398
399
400
401
402
403
404
405
406
407
408
409
410
411
412
413
414
415
416
418
419
420
421
422
423
424
425
426
427
428
429
430
431
432
433
434
435
436
437
438
439
440
441
442
443
444
445
446
447
448
449
450
451
452
453
454
455
456
457
458
459
460
461
462
464
465
466
467
468
469
470
471
472
473
474
475
476
477
478
479
480
481
482
483
484
485
486
487
488
489
490
491
492
493
495
496
497
498
499
500
501
502
503
504
505
506
507
508
509
510
511
512
513
514
515
516
517
518
519
520
521
522
523
524
525
526
527
528
530
531
532
533
534
535
536
537
538
539
540
541
542
543
544
545
546
547
548
549
550
551
552
553
554
556
557
558
559
560
561
562
563
564
565
566
567
568
569
570
571
572
573
574
575
576
577
578
579
580
581
582
583
584
585
586
587
588
589
590
591
592
593
594
595
596
597
598
599
600
601
602
603
604
605
606
607
609
610
611
612
613
614
615
616
617
618
619
621
622
623
624
625
626
627
628
629
630
631
632
633
634
635
636
637
638
639
640
641
642
643
644
645
646
647
648
649
650
651
652
653
654
655
656
657
658
659
660
661
662
663
664
665
666
667
668
669
670
671
672
673
674
675
676
677
678
679
680
681
682
683
684
685
686
687
688
689
690
691
692
693
694
695
696
697
698
699
700
701
702
703
704
705
706
707
708
709
710
711
712
713
714
715
716
717
718
719
720
721
722
723
724
725
726
727
728
729
730
731
732
733
734
735
736
737
738
739
740
741
742
743
744
745
746
747
748
749
750
751
752
753
754
756
757
758
759
760
761
762
763
764
765
767
768
769
770
771
772
773
774
775
776
777
778
779
780
781
782
783
784
785
786
787
788
789
790
791
792
793
794
795
796
797
798
799
800
801
802
803
804
805
806
807
808
809
810
811
812
813
814
815
816
817
818
819
820
821
822
823
824
825
826
827
828
829
830
831
832
833
834
835
836
837
838
839
840
841
842
843
844
845
846
847
848
849
850
851
852
853
854
855
856
857
858
859
860
861
862
863
864
865
866
867
868
869
870
871
872
873
874
875
876
877
878
879
880
881
882
883
884
885
886
887
888
889
890
891
892
893
894
895
896
897
898
899
900
901
902
903
904
905
906
907
908
909
910
911
912
913
914
915
916
917
918
919
920
921
922
923
924
925
926
927
928
929
930
931
932
933
934
935
936
937
938
939
940
941
942
943
944
945
946
947
948
949
950
951
952
953
954
955
956
957
958
960
961
962
963
964
965
966
967
968
969
970
971
972
973
974
975
976
977
978
979
980
981
982
983
984
985
986
987
988
989
990
991
992
993
994
995
996
997
998
999
1000
1001
1002
1003
1004
0 178 2
0 732 2
0 502 1
1 309 1
2 260 5
2 680 2
2 77 3
2 334 1
2 700 1
2 61 2
4 362 1
4 135 1
5 107 2
5 491 2
5 175 1
6 178 2
6 365 1
6 189 1
13 738 2
13 516 1
13 693 2
14 644 1
14 199 1
14 1001 1
14 173 1
14 719 1
14 724 2
14 761 1
14 506 1
14 924 1
14 381 1
14 702 1
16 506 1
16 541 1
17 316 2
19 862 1
24 530 1
24 31 1
24 493 1
24 629 5
25 704 1
25 458 1
25 558 1
26 450 1
28 987 6
29 732 1
30 868 1
30 104 2
30 908 1
30 912 1
30 209 1
30 313 2
30 765 4
31 316 3
31 165 9
32 870 1
32 791 3
35 547 1
38 474 1
38 939 1
39 923 1
40 450 6
40 196 1
40 198 1
40 488 1
40 802 1
40 272 1
40 662 1
40 568 1
40 900 1
40 187 1
40 572 1
40 927 1
41 723 2
41 558 1
48 704 1
48 458 2
48 956 1
48 558 1
52 168 4
52 912 1
52 232 3
52 166 1
53 193 1
53 923 1
53 159 1
53 633 1
56 987 5
58 909 1
60 771 1
61 193 1
61 356 1
61 517 2
61 450 1
61 718 6
61 591 1
61 114 1
61 915 2
61 334 2
61 502 2
61 851 1
61 189 1
67 963 3
67 165 1
67 454 1
67 846 2
67 207 3
67 344 2
68 987 5
71 595 1
72 135 5
74 168 3
74 232 1
75 220 2
75 772 2
75 997 2
75 927 1
77 260 7
77 266 18
77 912 1
77 949 2
77 575 1
78 976 1
78 178 6
78 506 1
78 599 1
82 135 1
86 152 1
86 443 1
86 662 1
90 283 2
90 927 2
90 613 1
90 742 6
90 135 3
90 940 1
90 114 1
90 720 1
90 657 1
90 850 1
90 923 1
90 220 1
90 479 1
92 316 2
95 987 5
96 420 6
98 291 10
98 454 8
98 134 21
98 713 23
98 107 33
98 268 27
98 429 15
98 592 22
98 401 20
98 707 30
98 117 29
98 278 9
101 246 1
102 510 2
103 514 1
104 912 5
104 416 2
104 765 2
107 685 1
107 980 2
107 670 2
107 607 1
112 674 1
113 542 1
113 927 2
116 712 1
117 268 3
119 700 1
120 739 1
120 772 2
120 742 1
120 454 1
120 586 1
120 752 1
120 595 1
120 500 1
120 356 1
120 923 1
120 796 1
120 927 1
126 416 2
126 868 1
126 765 1
126 166 1
133 168 5
133 416 3
133 602 1
133 648 2
133 765 3
134 347 1
134 291 1
134 454 3
135 450 3
135 581 9
135 870 1
135 233 4
135 170 2
135 549 1
135 942 1
135 936 1
135 371 2
135 628 3
135 703 1
136 915 1
136 316 2
137 742 1
141 547 1
142 267 2
142 915 1
142 316 3
143 544 1
143 410 1
147 347 4
147 171 4
147 230 1
147 927 1
150 415 1
151 253 1
152 362 1
152 443 2
152 422 2
159 802 1
159 742 3
159 844 7
159 334 2
159 787 1
159 214 2
159 983 1
159 920 1
159 923 1
159 671 2
160 530 2
160 629 7
160 630 2
164 420 4
165 344 4
165 401 7
165 316 3
166 782 1
166 743 1
167 851 2
167 978 1
167 547 1
168 416 1
168 260 4
168 232 10
168 266 1
168 557 1
168 782 5
168 912 7
168 305 2
168 472 4
168 439 4
168 984 1
168 699 1
168 607 1
169 372 1
171 700 1
171 347 2
171 933 1
171 277 1
175 849 7
175 275 5
175 670 1
178 409 2
178 538 2
178 295 2
178 693 4
178 991 2
178 710 2
178 333 2
178 976 2
178 470 2
178 599 2
178 605 4
178 862 2
178 607 1
178 482 1
178 228 2
178 231 2
178 502 9
178 249 3
178 767 4
180 847 2
181 190 4
184 843 2
185 915 2
188 547 1
188 988 2
188 229 1
189 718 6
189 410 1
189 365 1
190 353 4
190 656 4
190 274 4
190 373 6
190 630 1
190 920 4
191 415 3
191 692 1
191 927 2
192 506 1
193 230 2
193 633 1
193 923 1
193 927 1
196 927 1
199 644 4
199 541 1
200 952 2
200 316 2
200 915 2
200 428 1
207 547 2
207 424 1
207 558 2
207 469 1
207 795 2
214 321 1
214 742 3
214 623 3
214 428 4
214 239 1
214 923 3
216 558 1
220 482 1
220 364 2
220 450 1
220 692 1
220 764 1
220 607 3
223 612 1
223 534 1
226 440 1
228 693 3
228 502 3
229 306 4
229 628 3
229 607 1
231 738 1
231 867 1
231 840 1
231 233 1
231 819 1
231 245 1
231 698 2
231 987 6
231 607 2
232 416 1
232 782 2
232 313 4
232 575 4
233 746 1
233 692 2
233 245 1
235 923 1
236 1004 2
236 980 4
239 609 1
239 923 1
239 542 1
239 703 1
241 547 2
245 698 2
245 987 5
245 951 1
246 423 1
248 746 2
248 915 3
248 506 1
249 280 2
250 927 2
251 987 5
253 290 3
253 566 3
256 416 1
256 313 1
257 454 1
260 266 6
260 912 2
260 949 1
266 912 1
266 949 2
266 575 1
267 530 4
267 891 2
267 674 2
267 629 3
268 291 2
268 454 2
268 713 2
268 592 1
268 633 3
275 849 5
275 316 1
278 923 1
280 530 5
280 851 1
280 629 5
280 920 1
280 915 1
280 607 2
284 422 1
291 454 3
291 713 1
291 429 2
291 401 3
293 724 1
294 586 1
294 868 1
294 762 1
299 607 10
301 547 1
302 316 2
302 454 1
306 771 2
306 659 1
306 742 6
311 697 2
311 987 5
311 540 1
316 344 2
316 647 3
316 971 2
316 428 3
316 543 2
316 952 2
316 857 3
316 915 9
316 990 2
316 415 5
318 332 3
318 684 2
319 1002 6
319 458 1
319 558 1
321 458 1
324 415 1
327 381 2
329 819 1
329 582 1
332 500 1
334 617 2
334 692 1
334 534 2
334 638 1
334 607 7
335 726 1
338 987 5
338 687 1
343 534 1
344 952 1
347 933 1
347 966 4
353 891 3
353 373 1
356 868 1
356 517 1
356 586 2
356 912 1
360 629 5
361 987 5
362 802 1
364 987 5
364 582 1
369 535 1
369 927 1
372 404 2
372 934 1
377 729 2
377 866 3
377 457 2
379 568 1
381 506 1
383 720 2
388 638 1
388 534 1
392 674 1
395 514 1
395 402 2
397 607 3
398 712 2
401 454 6
401 429 5
401 415 5
402 788 1
404 506 1
409 506 1
410 650 1
410 663 1
410 719 1
413 927 2
413 935 1
414 891 3
415 607 3
416 868 1
416 586 1
416 517 1
416 912 4
416 699 1
416 927 3
418 996 18
420 559 6
421 424 1
421 547 2
421 795 2
422 731 1
424 547 2
424 846 1
424 795 3
424 990 1
427 955 1
428 915 3
429 925 1
429 454 5
432 987 5
433 994 2
433 987 6
435 586 5
435 782 1
437 532 1
439 912 1
440 737 2
440 506 1
440 537 1
443 742 3
443 908 1
443 581 2
444 927 1
444 535 2
445 891 1
447 762 1
447 586 2
450 802 5
450 900 2
450 947 1
450 851 3
450 602 2
454 609 2
454 706 1
454 772 5
454 713 2
454 592 7
454 948 1
454 629 2
454 927 1
458 704 1
458 684 2
458 558 2
458 918 1
458 956 1
462 670 1
466 572 1
469 547 1
469 978 1
469 851 3
472 782 11
472 575 5
474 603 1
476 923 1
481 565 2
482 987 5
482 847 2
485 927 1
485 542 1
485 823 1
491 506 1
491 532 1
493 795 1
493 629 6
493 630 1
499 609 1
499 684 1
499 558 1
502 710 1
502 687 1
502 700 1
502 605 1
506 644 7
506 745 1
506 783 2
506 688 1
506 599 1
506 924 1
506 702 1
510 939 2
511 987 5
512 547 1
513 927 2
516 532 3
516 837 1
526 629 5
530 629 10
530 891 4
531 987 8
532 881 1
532 804 1
532 761 1
534 746 1
534 951 2
534 591 2
535 542 1
535 854 3
535 927 1
540 987 5
540 697 2
540 698 3
540 955 4
540 925 1
541 996 1
541 644 2
542 823 1
542 927 2
543 838 3
546 550 1
547 795 1
547 817 1
547 824 1
547 954 1
547 957 2
547 709 1
547 846 1
547 978 3
547 851 1
547 614 1
547 552 1
550 671 2
551 927 1
558 956 2
559 634 1
561 629 5
561 846 5
565 844 2
573 617 1
575 782 5
575 912 1
581 855 1
581 594 1
582 987 5
582 764 1
586 868 2
587 720 3
591 638 1
591 923 1
591 692 1
592 713 1
592 927 3
596 802 1
602 765 2
607 850 1
607 629 3
609 772 3
609 618 1
609 918 1
609 927 1
614 851 2
617 720 1
629 658 5
629 685 4
629 846 4
629 630 5
629 631 4
629 891 6
629 927 1
630 779 1
633 923 1
634 788 1
637 915 1
641 987 5
644 996 13
644 924 2
644 702 4
646 927 2
648 765 4
650 682 1
650 654 1
654 738 2
654 682 2
656 891 2
658 838 3
671 692 1
680 720 1
680 731 1
684 844 1
684 918 2
685 1001 1
685 724 1
686 927 1
687 923 1
687 692 1
692 746 2
697 720 1
697 925 3
697 855 4
698 840 2
698 873 2
698 764 2
700 812 1
702 828 1
703 771 3
707 923 1
708 718 1
710 767 1
718 866 2
718 746 2
718 724 1
719 738 1
720 833 1
720 855 1
720 731 1
722 927 3
738 783 3
738 837 1
738 745 1
738 921 1
738 923 2
738 828 1
739 915 1
739 846 1
742 900 3
743 927 1
746 935 6
761 881 1
764 987 5
765 908 2
770 927 1
772 833 1
772 951 1
772 923 1
773 955 1
774 947 35
779 843 4
782 790 3
789 987 5
790 812 2
809 987 5
819 887 1
823 927 1
838 952 1
840 987 5
843 883 2
849 987 5
851 920 1
854 927 2
857 952 1
857 915 1
872 987 5
873 987 5
875 923 1
880 923 1
890 923 1
912 949 1
915 923 1
921 923 1
923 951 1
925 987 2
925 955 1
933 966 3
935 966 3
952 971 1
955 987 5
987 994 5
