0
1
2
3
4
5
6
7
8
9
10
11
12
13
14
15
16
17
18
19
20
21
22
23
24
25
26
27
28
29
30
31
32
33
34
35
36
37
38
39
40
41
42
43
44
45
46
47
48
49
50
51
52
53
54
55
56
57
58
59
60
61
62
63
64
65
66
67
68
69
70
71
72
73
74
75
76
77
78
79
80
81
82
83
84
85
86
87
88
89
90
91
92
93
94
95
96
97
98
99
100
101
102
103
104
105
106
107
108
109
110
111
112
113
114
115
116
117
118
119
120
121
122
123
124
125
126
127
128
129
130
131
132
133
134
135
136
137
138
139
141
142
143
144
145
146
147
148
149
150
151
152
153
154
155
157
158
159
160
161
162
163
164
165
166
167
168
169
170
171
172
173
174
175
176
177
178
179
180
181
182
183
184
185
186
187
188
189
190
191
192
193
194
195
196
197
198
199
200
201
202
203
204
205
206
207
208
209
210
211
212
213
214
215
216
217
218
219
220
221
222
223
224
225
226
227
228
229
230
231
232
233
235
236
237
238
239
240
241
242
243
244
245
246
247
248
249
250
251
252
253
254
255
256
257
259
260
262
263
264
265
266
267
268
269
270
271
272
273
274
275
276
277
278
279
280
281
282
283
284
285
286
287
288
289
290
291
292
293
294
295
296
297
299
300
301
302
303
304
305
306
307
308
309
310
311
312
313
314
315
316
317
318
319
320
321
322
323
324
325
326
327
328
329
330
331
332
333
334
335
336
337
338
339
340
341
343
344
345
346
347
348
349
350
351
352
353
355
356
357
358
359
360
361
362
364
365
366
367
368
369
370
371
372
373
374
375
376
377
378
379
380
381
382
383
384
385
386
387
388
389
390
391
392
393
394
395
396
397
398
399
400
401
402
403
404
405
406
407
408
409
410
411
412
413
414
415
416
418
419
420
421
422
423
424
425
426
427
428
429
430
431
432
433
434
435
436
437
438
439
440
441
442
443
444
445
446
447
448
449
450
451
452
453
454
455
456
457
458
459
460
461
462
464
465
466
467
468
469
470
471
472
473
474
475
476
477
478
479
480
481
482
483
484
485
486
487
488
489
490
491
492
493
495
496
497
498
499
500
501
502
503
504
505
506
507
508
509
510
511
512
513
514
515
516
517
518
519
520
521
522
523
524
525
526
527
528
530
531
532
533
534
535
536
537
538
539
540
541
542
543
544
545
546
547
548
549
550
551
552
553
554
556
557
558
559
560
561
562
563
564
565
566
567
568
569
570
571
572
573
574
575
576
577
578
579
580
581
582
583
584
585
586
587
588
589
590
591
592
593
594
595
596
597
598
599
600
601
602
603
604
605
606
607
609
610
611
612
613
614
615
616
617
618
619
621
622
623
624
625
626
627
628
629
630
631
632
633
634
635
636
637
638
639
640
641
642
643
644
645
646
647
648
649
650
651
652
653
654
655
656
657
658
659
660
661
662
663
664
665
666
667
668
669
670
671
672
673
674
675
676
677
678
679
680
681
682
683
684
685
686
687
688
689
690
691
692
693
694
695
696
697
698
699
700
701
702
703
704
705
706
707
708
709
710
711
712
713
714
715
716
717
718
719
720
721
722
723
724
725
726
727
728
729
730
731
732
733
734
735
736
737
738
739
740
741
742
743
744
745
746
747
748
749
750
751
752
753
754
756
757
758
759
760
761
762
763
764
765
767
768
769
770
771
772
773
774
775
776
777
778
779
780
781
782
783
784
785
786
787
788
789
790
791
792
793
794
795
796
797
798
799
800
801
802
803
804
805
806
807
808
809
810
811
812
813
814
815
816
817
818
819
820
821
822
823
824
825
826
827
828
829
830
831
832
833
834
835
836
837
838
839
840
841
842
843
844
845
846
847
848
849
850
851
852
853
854
855
856
857
858
859
860
861
862
863
864
865
866
867
868
869
870
871
872
873
874
875
876
877
878
879
880
881
882
883
884
885
886
887
888
889
890
891
892
893
894
895
896
897
898
899
900
901
902
903
904
905
906
907
908
909
910
911
912
913
914
915
916
917
918
919
920
921
922
923
924
925
926
927
928
929
930
931
932
933
934
935
936
937
938
939
940
941
942
943
944
945
946
947
948
949
950
951
952
953
954
955
956
957
958
960
961
962
963
964
965
966
967
968
969
970
971
972
973
974
975
976
977
978
979
980
981
982
983
984
985
986
987
988
989
990
991
992
993
994
995
996
997
998
999
1000
1001
1002
1003
1004
0 178 1
0 189 2
0 502 1
1 322 2
1 310 3
4 720 1
4 90 1
4 187 3
4 135 1
5 107 1
5 189 2
5 175 1
6 249 2
6 178 1
6 716 1
6 189 1
7 810 1
12 720 1
14 410 1
15 680 2
15 731 1
15 422 1
16 410 1
17 915 1
25 48 1
25 216 1
25 458 1
25 684 2
25 319 1
28 987 3
29 506 2
29 107 2
30 356 1
30 868 1
30 765 1
31 316 1
31 915 1
31 428 2
31 165 9
35 817 1
35 978 1
40 752 1
40 802 1
40 379 1
40 86 1
40 712 3
40 272 1
40 488 1
40 947 1
40 596 1
40 662 1
40 568 1
40 90 1
40 187 2
40 572 1
40 254 1
41 499 2
42 612 1
46 310 1
48 499 1
48 765 1
50 559 4
52 356 5
53 542 1
56 531 1
56 410 1
56 987 3
56 159 1
58 909 1
61 591 1
61 607 1
61 428 1
61 517 1
61 991 4
62 513 1
62 485 1
62 646 3
62 551 1
62 369 1
62 854 1
62 542 5
67 344 1
67 561 1
67 963 2
67 846 2
67 207 1
68 987 3
68 189 1
68 733 1
72 692 1
73 499 1
74 356 5
75 633 1
75 772 2
75 220 1
77 912 8
77 168 3
77 699 1
77 356 2
77 575 1
78 178 1
82 720 2
82 135 1
83 951 2
84 97 1
86 90 1
86 443 2
90 662 1
90 141 1
90 657 1
90 530 1
90 534 2
90 283 2
90 541 1
90 542 1
90 166 1
90 682 2
90 939 1
90 440 2
90 316 1
90 335 1
90 978 1
90 469 1
90 996 1
90 220 1
90 865 2
90 356 3
90 742 1
90 107 1
90 850 2
90 629 1
90 248 3
91 885 1
91 415 1
92 915 1
92 316 1
95 987 3
98 707 2
98 134 2
98 713 2
98 107 3
98 268 2
98 429 4
98 592 1
98 401 1
98 117 2
101 246 1
101 423 2
102 125 1
103 514 3
103 423 1
103 950 1
103 343 2
104 256 1
104 648 1
104 356 4
104 765 2
106 612 1
107 898 1
107 236 1
107 664 1
107 537 3
107 175 1
107 208 1
107 670 1
107 808 1
107 553 1
107 810 1
107 688 1
107 192 1
107 201 1
107 335 1
107 464 1
107 468 1
107 214 1
107 985 1
107 737 1
107 1004 1
107 118 1
107 980 1
107 381 1
111 586 2
112 356 1
112 517 1
112 166 1
112 232 3
112 782 2
112 383 1
119 812 2
119 790 3
120 772 1
120 703 1
120 500 1
120 191 1
125 324 1
125 487 1
125 939 1
125 524 1
125 206 1
125 534 1
125 154 1
125 477 1
125 510 1
127 883 1
127 724 1
132 388 1
133 416 1
133 602 2
133 356 2
133 166 2
134 963 2
134 683 1
134 454 1
135 581 4
135 870 1
135 170 2
135 942 5
135 733 1
135 720 1
135 337 2
135 371 3
135 628 6
135 334 3
135 292 1
135 362 3
136 165 1
136 838 1
136 200 5
136 428 1
136 915 1
136 316 1
137 936 1
138 528 2
141 817 1
141 978 1
141 851 1
141 630 1
142 316 2
142 915 1
142 428 1
149 716 1
150 415 1
151 253 1
152 443 4
157 577 1
159 290 1
159 356 1
159 742 1
159 334 1
159 500 1
159 718 2
159 407 1
159 315 1
159 703 1
165 401 5
165 344 2
165 857 1
165 316 4
166 586 2
166 782 2
167 817 2
167 978 1
167 851 3
167 988 1
167 469 1
168 416 1
168 356 3
168 966 2
168 260 1
168 266 3
168 782 4
168 912 1
168 949 1
168 472 3
168 313 1
169 372 1
170 720 2
175 737 1
175 1004 1
175 275 1
175 532 4
178 530 1
178 915 1
178 534 1
178 409 1
178 538 1
178 295 1
178 693 1
178 189 1
178 710 1
178 333 2
178 976 1
178 851 1
178 470 1
178 599 1
178 605 1
178 862 1
178 991 1
178 228 1
178 890 1
178 502 7
178 249 1
178 250 1
178 767 1
181 190 1
183 688 1
184 710 2
187 596 1
188 817 1
188 978 2
188 988 1
189 236 2
189 716 2
189 783 1
189 433 1
189 201 1
189 410 1
189 381 1
189 605 2
190 656 2
190 353 2
190 274 1
190 373 1
191 692 3
193 923 2
193 230 1
196 731 1
196 413 1
200 971 1
200 428 4
200 344 2
200 915 15
200 952 5
200 316 5
207 817 1
207 978 1
207 428 4
208 249 2
208 410 3
208 977 1
209 356 4
214 290 1
214 923 1
214 356 1
214 239 1
214 951 1
214 443 1
214 316 1
214 765 2
216 321 1
220 692 1
220 334 1
223 343 4
228 605 3
228 502 1
229 306 1
231 987 3
231 693 1
231 338 1
231 245 1
231 698 1
231 923 1
231 511 2
232 332 3
232 266 1
232 356 1
233 692 2
236 537 5
236 977 1
237 716 1
239 568 1
240 868 1
243 718 1
245 698 1
245 987 3
245 671 1
245 733 1
246 423 3
248 692 2
248 415 1
251 531 1
251 987 3
253 290 1
253 566 1
256 313 1
256 356 1
256 885 1
260 356 1
266 912 1
266 416 1
266 439 6
267 530 2
267 435 1
267 586 1
267 517 1
267 971 1
272 450 1
272 662 2
274 469 1
280 530 1
291 401 1
291 429 4
292 942 2
294 313 1
294 586 1
294 885 1
301 817 1
301 362 1
301 978 1
302 316 1
302 428 2
304 720 1
306 659 2
306 374 2
310 368 2
310 334 3
310 943 1
311 697 1
311 987 3
311 582 1
313 416 1
313 356 2
313 885 1
316 344 1
316 647 1
316 971 1
316 428 6
316 915 8
316 953 1
316 952 1
316 857 1
316 543 1
316 990 1
318 684 1
318 332 1
321 684 1
322 368 1
322 343 4
322 943 2
324 362 1
324 388 1
324 534 4
324 591 4
327 381 1
329 692 1
329 733 1
329 582 1
329 343 1
332 416 1
332 500 4
332 782 2
334 416 1
334 388 1
334 534 1
334 522 3
334 915 1
334 612 1
334 586 1
335 464 2
335 664 1
337 505 1
337 514 2
338 987 3
343 950 2
343 663 1
355 686 1
356 912 1
356 535 1
356 602 1
356 517 2
356 416 1
356 949 2
356 586 1
356 730 3
356 472 12
356 743 2
356 765 3
360 891 1
361 987 3
362 538 2
362 765 1
362 383 7
364 987 3
369 513 2
369 535 1
369 407 1
371 720 1
377 457 1
377 530 2
377 866 2
377 729 1
381 506 1
383 909 1
383 720 3
383 528 1
383 922 1
388 534 3
388 742 1
398 712 1
401 454 1
401 683 1
401 429 10
401 415 2
402 559 1
404 595 1
405 936 1
406 527 1
407 843 3
407 724 1
410 719 1
413 692 3
415 587 2
415 692 1
415 890 1
416 885 1
418 977 5
418 996 10
421 817 1
421 978 1
421 630 1
422 680 2
422 696 1
423 537 2
423 977 2
424 817 1
424 978 1
428 802 5
428 647 3
428 915 17
428 857 8
429 454 5
432 987 3
433 987 3
435 500 1
435 782 1
440 843 1
442 506 1
442 899 1
443 742 2
443 662 1
447 586 1
448 692 1
454 772 3
458 956 1
458 684 1
458 558 1
465 890 1
465 812 1
469 817 1
469 978 1
472 782 6
472 743 1
482 987 3
482 733 1
485 542 1
493 685 1
499 704 1
499 844 1
499 558 4
499 723 1
499 918 1
499 890 1
502 718 1
502 851 1
502 693 1
502 538 1
502 511 1
506 576 1
506 783 1
506 670 1
510 534 1
512 817 1
512 978 1
514 832 1
514 950 4
516 804 1
527 720 1
527 785 1
528 890 1
530 629 1
530 891 3
531 809 1
531 987 3
531 671 1
532 553 6
532 804 1
534 591 1
538 547 1
538 572 2
540 698 1
540 987 3
541 1001 1
542 646 3
546 586 1
547 817 1
547 978 1
552 817 1
552 978 1
552 901 1
558 684 1
559 634 2
559 622 6
565 684 1
573 586 1
577 936 2
581 936 5
581 720 1
581 855 5
581 733 1
582 987 5
586 782 2
586 885 3
586 984 2
586 762 4
586 687 1
587 720 5
587 890 1
588 733 1
592 923 1
599 693 3
599 710 1
599 767 1
602 743 3
605 693 1
605 789 2
607 890 1
607 843 1
609 772 1
609 686 1
612 832 1
612 939 1
614 817 1
614 978 1
624 692 1
628 720 1
629 978 1
633 923 2
634 788 1
641 994 2
641 987 3
643 685 1
647 915 1
648 762 1
648 765 1
648 885 1
654 991 4
662 900 1
672 844 1
682 850 3
684 844 3
684 956 1
685 1001 1
685 724 1
692 935 1
692 746 1
692 733 1
692 787 1
692 798 1
697 720 1
697 925 1
697 855 3
698 764 1
698 840 1
698 873 1
698 987 3
700 812 2
704 743 3
708 718 1
716 866 1
716 718 1
718 866 2
720 870 1
720 936 1
720 855 1
720 731 3
733 769 1
733 995 1
733 836 1
733 746 1
733 855 1
733 764 1
738 761 2
738 783 4
742 771 1
743 794 2
746 935 2
764 987 3
765 908 2
771 951 2
774 947 17
780 950 1
782 885 1
783 923 1
789 987 3
790 812 6
790 885 3
795 817 1
795 978 1
809 987 3
817 978 3
817 851 6
817 954 1
817 988 1
817 957 1
840 987 3
843 883 1
849 987 3
850 890 1
851 978 2
851 858 1
857 915 2
872 987 3
873 987 3
885 984 1
890 987 1
890 923 1
915 971 1
915 953 1
915 952 1
921 923 1
925 987 3
950 1001 4
954 978 1
955 987 3
957 978 1
977 1001 2
977 1004 1
978 988 1
987 994 3
