0
1
2
3
4
5
6
7
8
9
10
11
12
13
14
15
16
17
18
19
20
21
22
23
24
25
26
27
28
29
30
31
32
33
34
35
36
37
38
39
40
41
42
43
44
45
46
47
48
49
50
51
52
53
54
55
56
57
58
59
60
61
62
63
64
65
66
67
68
69
70
71
72
73
74
75
76
77
78
79
80
81
82
83
84
85
86
87
88
89
90
91
92
93
94
95
96
97
98
99
100
101
102
103
104
105
106
107
108
109
110
111
112
113
114
115
116
117
118
119
120
121
122
123
124
125
126
127
128
129
130
131
132
133
134
135
136
137
138
139
141
142
143
144
145
146
147
148
149
150
151
152
153
154
155
157
158
159
160
161
162
163
164
165
166
167
168
169
170
171
172
173
174
175
176
177
178
179
180
181
182
183
184
185
186
187
188
189
190
191
192
193
194
195
196
197
198
199
200
201
202
203
204
205
206
207
208
209
210
211
212
213
214
215
216
217
218
219
220
221
222
223
224
225
226
227
228
229
230
231
232
233
235
236
237
238
239
240
241
242
243
244
245
246
247
248
249
250
251
252
253
254
255
256
257
259
260
262
263
264
265
266
267
268
269
270
271
272
273
274
275
276
277
278
279
280
281
282
283
284
285
286
287
288
289
290
291
292
293
294
295
296
297
299
300
301
302
303
304
305
306
307
308
309
310
311
312
313
314
315
316
317
318
319
320
321
322
323
324
325
326
327
328
329
330
331
332
333
334
335
336
337
338
339
340
341
343
344
345
346
347
348
349
350
351
352
353
355
356
357
358
359
360
361
362
364
365
366
367
368
369
370
371
372
373
374
375
376
377
378
379
380
381
382
383
384
385
386
387
388
389
390
391
392
393
394
395
396
397
398
399
400
401
402
403
404
405
406
407
408
409
410
411
412
413
414
415
416
418
419
420
421
422
423
424
425
426
427
428
429
430
431
432
433
434
435
436
437
438
439
440
441
442
443
444
445
446
447
448
449
450
451
452
453
454
455
456
457
458
459
460
461
462
464
465
466
467
468
469
470
471
472
473
474
475
476
477
478
479
480
481
482
483
484
485
486
487
488
489
490
491
492
493
495
496
497
498
499
500
501
502
503
504
505
506
507
508
509
510
511
512
513
514
515
516
517
518
519
520
521
522
523
524
525
526
527
528
530
531
532
533
534
535
536
537
538
539
540
541
542
543
544
545
546
547
548
549
550
551
552
553
554
556
557
558
559
560
561
562
563
564
565
566
567
568
569
570
571
572
573
574
575
576
577
578
579
580
581
582
583
584
585
586
587
588
589
590
591
592
593
594
595
596
597
598
599
600
601
602
603
604
605
606
607
609
610
611
612
613
614
615
616
617
618
619
621
622
623
624
625
626
627
628
629
630
631
632
633
634
635
636
637
638
639
640
641
642
643
644
645
646
647
648
649
650
651
652
653
654
655
656
657
658
659
660
661
662
663
664
665
666
667
668
669
670
671
672
673
674
675
676
677
678
679
680
681
682
683
684
685
686
687
688
689
690
691
692
693
694
695
696
697
698
699
700
701
702
703
704
705
706
707
708
709
710
711
712
713
714
715
716
717
718
719
720
721
722
723
724
725
726
727
728
729
730
731
732
733
734
735
736
737
738
739
740
741
742
743
744
745
746
747
748
749
750
751
752
753
754
756
757
758
759
760
761
762
763
764
765
767
768
769
770
771
772
773
774
775
776
777
778
779
780
781
782
783
784
785
786
787
788
789
790
791
792
793
794
795
796
797
798
799
800
801
802
803
804
805
806
807
808
809
810
811
812
813
814
815
816
817
818
819
820
821
822
823
824
825
826
827
828
829
830
831
832
833
834
835
836
837
838
839
840
841
842
843
844
845
846
847
848
849
850
851
852
853
854
855
856
857
858
859
860
861
862
863
864
865
866
867
868
869
870
871
872
873
874
875
876
877
878
879
880
881
882
883
884
885
886
887
888
889
890
891
892
893
894
895
896
897
898
899
900
901
902
903
904
905
906
907
908
909
910
911
912
913
914
915
916
917
918
919
920
921
922
923
924
925
926
927
928
929
930
931
932
933
934
935
936
937
938
939
940
941
942
943
944
945
946
947
948
949
950
951
952
953
954
955
956
957
958
960
961
962
963
964
965
966
967
968
969
970
971
972
973
974
975
976
977
978
979
980
981
982
983
984
985
986
987
988
989
990
991
992
993
994
995
996
997
998
999
1000
1001
1002
1003
1004
0 249 2
0 178 1
0 502 2
5 107 2
6 506 1
7 810 2
10 657 1
13 738 1
13 532 1
13 506 1
13 743 1
14 506 1
14 738 1
14 924 17
14 381 1
14 702 5
15 731 1
15 422 2
17 428 1
24 200 1
24 746 1
24 891 3
24 629 3
24 607 1
25 48 3
30 936 1
31 316 1
31 165 1
35 239 1
38 69 2
40 450 1
40 187 1
40 415 1
41 723 1
41 565 3
46 676 1
46 310 4
48 458 3
48 558 4
48 216 3
48 956 3
48 319 3
50 559 4
52 232 1
53 193 1
53 923 1
53 731 1
61 416 2
61 388 1
61 843 1
61 718 4
61 980 1
61 502 2
62 513 1
62 485 3
62 646 1
62 551 1
62 394 1
62 369 2
62 854 2
62 542 7
67 963 2
67 165 2
67 846 1
67 207 1
67 561 2
67 344 2
70 324 1
70 746 1
70 334 2
70 415 1
70 388 1
70 159 2
70 607 1
73 679 1
74 112 2
75 772 3
75 997 1
75 107 1
75 948 1
75 629 2
75 150 1
75 220 3
75 607 1
77 912 1
77 260 1
86 443 1
90 107 1
90 809 1
90 1003 1
90 850 1
90 464 1
90 306 1
90 659 1
90 628 1
91 220 1
92 316 1
96 832 1
98 592 2
101 423 1
102 534 1
103 977 1
103 514 5
103 423 3
104 648 1
104 721 9
104 126 1
105 849 1
105 418 5
107 201 1
107 810 1
107 553 6
107 670 1
111 782 6
111 743 3
112 674 2
112 356 2
112 267 1
112 948 1
112 472 1
112 313 1
118 732 2
118 335 1
120 772 2
120 517 1
120 326 1
120 454 2
120 718 1
120 223 2
125 622 7
126 500 4
126 648 2
126 948 5
126 790 4
127 746 1
127 607 1
127 772 2
127 415 1
134 592 2
135 746 2
136 165 1
136 746 1
136 428 2
136 629 2
136 915 1
136 341 1
136 316 2
136 607 1
137 936 2
142 267 1
142 275 11
142 316 1
142 915 1
147 577 1
147 931 1
147 196 1
147 933 2
147 454 2
147 171 1
147 972 1
147 686 1
147 590 1
147 285 1
147 355 1
147 277 1
147 214 2
147 347 2
147 230 1
147 157 1
147 926 1
147 415 2
150 833 1
151 923 3
157 356 2
157 517 2
157 586 1
157 684 2
157 746 5
157 415 1
159 772 1
159 940 1
159 883 4
159 915 1
159 735 2
160 629 4
165 422 2
165 200 1
165 207 1
165 344 3
165 857 1
165 316 5
166 586 3
166 674 1
167 988 1
168 260 3
168 648 1
168 556 4
168 782 1
168 912 8
168 949 2
168 790 5
168 439 5
168 472 6
168 356 8
168 313 2
168 575 1
173 657 1
173 738 1
173 506 1
175 849 1
175 275 2
178 693 1
178 502 4
178 415 1
180 958 2
185 833 1
185 915 1
185 415 1
186 722 2
188 978 1
188 629 1
188 502 3
189 410 1
189 502 3
190 353 1
191 987 1
191 334 1
193 923 2
193 940 1
196 291 1
196 454 2
197 586 1
197 782 3
199 996 8
199 506 7
199 924 2
199 738 1
199 541 2
200 952 1
200 530 1
200 316 2
206 832 1
207 424 1
207 558 1
207 469 4
207 795 2
207 373 1
214 290 1
214 772 1
214 742 1
214 776 1
214 746 1
214 813 1
216 558 1
216 319 2
220 334 2
220 607 1
223 746 3
223 772 1
223 415 1
228 605 5
229 306 2
229 659 2
231 233 1
231 624 1
231 245 1
231 987 2
231 540 3
231 607 1
232 472 2
232 356 1
239 577 1
239 772 1
239 951 3
245 624 1
246 423 1
248 746 2
248 415 1
249 506 2
249 605 1
267 586 2
267 428 1
267 948 1
267 891 1
268 291 1
270 738 1
272 662 1
277 746 3
277 715 1
278 776 1
278 334 1
278 415 1
280 530 1
280 629 1
280 502 3
284 731 1
288 629 1
291 1003 1
291 454 2
294 447 3
302 428 4
302 316 1
302 838 1
305 416 1
305 946 1
306 742 3
306 687 1
306 659 2
306 890 1
310 528 2
313 356 9
316 344 1
316 392 1
316 746 1
316 971 1
316 428 6
316 915 6
316 629 1
316 857 2
316 952 1
316 953 2
316 607 1
316 543 1
316 349 1
316 990 1
318 684 1
318 332 2
319 918 1
319 558 1
321 558 1
324 586 1
326 586 1
327 738 1
327 381 1
329 624 1
332 500 1
334 879 1
334 772 1
334 997 1
334 776 3
334 987 1
334 687 2
334 720 1
334 415 1
334 923 1
338 433 2
341 915 1
343 746 1
343 607 1
343 663 1
344 838 1
344 971 1
349 976 3
349 724 1
353 920 1
356 912 7
356 602 1
356 517 2
356 743 1
356 586 1
356 684 2
356 721 2
356 648 1
356 472 6
356 730 2
356 447 1
360 629 2
364 506 2
377 866 1
378 514 5
379 568 1
380 586 1
381 921 2
381 506 1
383 388 1
388 772 1
388 718 1
388 534 1
388 862 1
392 948 1
393 843 3
401 454 1
404 595 1
407 843 4
409 599 1
414 891 6
415 517 1
415 783 1
415 923 1
415 542 1
415 940 1
415 687 1
415 692 1
415 670 2
415 607 1
415 833 1
415 450 1
415 591 1
415 851 1
415 718 1
415 987 3
415 609 1
415 742 2
415 617 2
416 648 2
416 586 4
416 782 7
416 912 3
416 948 3
416 854 2
418 996 7
422 680 1
422 731 9
422 527 1
423 977 1
425 912 2
425 946 1
425 765 3
428 915 6
428 951 5
428 543 1
428 607 1
429 454 1
433 987 1
437 738 1
439 912 1
439 782 4
440 737 1
443 662 2
443 743 1
450 746 2
454 1003 2
454 772 4
458 558 1
469 512 2
471 752 1
482 531 1
493 629 1
499 558 1
499 758 1
500 782 1
500 814 4
502 746 2
502 718 1
502 724 3
502 790 1
502 538 1
502 862 3
506 576 1
506 738 2
506 783 3
506 921 1
506 951 1
506 924 3
506 670 2
510 622 5
514 832 5
514 1001 5
514 780 5
514 977 8
514 950 5
516 881 3
516 738 1
516 804 1
516 532 1
517 674 1
517 586 1
517 684 2
517 948 1
526 629 2
530 746 2
530 891 1
530 629 3
532 553 7
532 738 1
534 746 3
540 697 1
540 955 3
540 987 1
541 657 1
541 738 2
541 924 2
542 746 5
543 971 1
546 854 3
546 550 1
547 561 1
550 746 1
550 854 3
553 808 1
553 670 3
558 956 1
559 634 2
559 622 9
561 629 1
561 846 1
565 723 1
565 956 1
576 738 1
577 931 1
577 951 1
582 994 1
584 731 1
585 857 2
586 684 1
586 782 17
586 912 1
586 984 1
591 776 1
591 746 4
591 718 1
591 607 1
591 923 1
592 609 2
592 948 4
595 746 2
595 718 5
595 790 1
595 607 1
599 693 1
599 605 3
602 721 1
602 743 3
607 617 1
607 746 3
607 718 4
607 629 1
609 772 2
609 776 1
609 923 1
609 638 1
614 858 1
622 676 7
629 658 1
629 685 1
629 946 2
629 846 1
629 891 3
629 746 1
629 630 1
629 631 1
633 809 1
638 832 1
644 1001 2
644 738 1
648 782 4
648 790 3
648 765 1
650 682 2
650 738 3
650 654 1
650 783 1
654 682 1
654 738 2
656 920 1
657 738 1
663 951 2
668 720 1
668 746 5
674 948 1
680 731 7
682 738 3
682 783 1
684 746 2
684 758 1
687 923 1
687 746 2
692 746 4
697 925 1
697 855 4
702 738 1
703 771 1
704 743 3
718 746 2
718 724 2
719 738 1
720 833 1
720 746 3
720 813 1
721 743 1
724 883 3
731 746 2
738 783 2
738 921 1
738 924 1
738 945 1
738 828 1
738 837 1
738 850 1
738 979 1
738 996 1
738 1001 1
738 881 1
738 745 1
738 761 1
739 746 2
742 769 1
742 900 9
742 746 2
743 782 2
746 920 2
746 923 1
746 935 9
746 775 2
746 813 8
746 776 2
746 834 2
746 980 2
746 994 2
746 851 2
758 844 1
765 946 1
765 908 3
772 883 1
772 951 2
776 890 1
776 923 2
780 977 1
782 912 2
782 984 1
783 804 1
783 881 3
790 868 1
803 948 1
804 881 8
813 935 3
837 924 2
838 952 1
862 909 1
880 936 3
890 923 3
912 948 1
912 984 1
915 952 1
950 977 1
951 996 1
977 1004 1
