0
1
2
3
4
5
6
7
8
9
10
11
12
13
14
15
16
17
18
19
20
21
22
23
24
25
26
27
28
29
30
31
32
33
34
35
36
37
38
39
40
41
42
43
44
45
46
47
48
49
50
51
52
53
54
55
56
57
58
59
60
61
62
63
64
65
66
67
68
69
70
71
72
73
74
75
76
77
78
79
80
81
82
83
84
85
86
87
88
89
90
91
92
93
94
95
96
97
98
99
100
101
102
103
104
105
106
107
108
109
110
111
112
113
114
115
116
117
118
119
120
121
122
123
124
125
126
127
128
129
130
131
132
133
134
135
136
137
138
139
141
142
143
144
145
146
147
148
149
150
151
152
153
154
155
157
158
159
160
161
162
163
164
165
166
167
168
169
170
171
172
173
174
175
176
177
178
179
180
181
182
183
184
185
186
187
188
189
190
191
192
193
194
195
196
197
198
199
200
201
202
203
204
205
206
207
208
209
210
211
212
213
214
215
216
217
218
219
220
221
222
223
224
225
226
227
228
229
230
231
232
233
235
236
237
238
239
240
241
242
243
244
245
246
247
248
249
250
251
252
253
254
255
256
257
259
260
262
263
264
265
266
267
268
269
270
271
272
273
274
275
276
277
278
279
280
281
282
283
284
285
286
287
288
289
290
291
292
293
294
295
296
297
299
300
301
302
303
304
305
306
307
308
309
310
311
312
313
314
315
316
317
318
319
320
321
322
323
324
325
326
327
328
329
330
331
332
333
334
335
336
337
338
339
340
341
343
344
345
346
347
348
349
350
351
352
353
355
356
357
358
359
360
361
362
364
365
366
367
368
369
370
371
372
373
374
375
376
377
378
379
380
381
382
383
384
385
386
387
388
389
390
391
392
393
394
395
396
397
398
399
400
401
402
403
404
405
406
407
408
409
410
411
412
413
414
415
416
418
419
420
421
422
423
424
425
426
427
428
429
430
431
432
433
434
435
436
437
438
439
440
441
442
443
444
445
446
447
448
449
450
451
452
453
454
455
456
457
458
459
460
461
462
464
465
466
467
468
469
470
471
472
473
474
475
476
477
478
479
480
481
482
483
484
485
486
487
488
489
490
491
492
493
495
496
497
498
499
500
501
502
503
504
505
506
507
508
509
510
511
512
513
514
515
516
517
518
519
520
521
522
523
524
525
526
527
528
530
531
532
533
534
535
536
537
538
539
540
541
542
543
544
545
546
547
548
549
550
551
552
553
554
556
557
558
559
560
561
562
563
564
565
566
567
568
569
570
571
572
573
574
575
576
577
578
579
580
581
582
583
584
585
586
587
588
589
590
591
592
593
594
595
596
597
598
599
600
601
602
603
604
605
606
607
609
610
611
612
613
614
615
616
617
618
619
621
622
623
624
625
626
627
628
629
630
631
632
633
634
635
636
637
638
639
640
641
642
643
644
645
646
647
648
649
650
651
652
653
654
655
656
657
658
659
660
661
662
663
664
665
666
667
668
669
670
671
672
673
674
675
676
677
678
679
680
681
682
683
684
685
686
687
688
689
690
691
692
693
694
695
696
697
698
699
700
701
702
703
704
705
706
707
708
709
710
711
712
713
714
715
716
717
718
719
720
721
722
723
724
725
726
727
728
729
730
731
732
733
734
735
736
737
738
739
740
741
742
743
744
745
746
747
748
749
750
751
752
753
754
756
757
758
759
760
761
762
763
764
765
767
768
769
770
771
772
773
774
775
776
777
778
779
780
781
782
783
784
785
786
787
788
789
790
791
792
793
794
795
796
797
798
799
800
801
802
803
804
805
806
807
808
809
810
811
812
813
814
815
816
817
818
819
820
821
822
823
824
825
826
827
828
829
830
831
832
833
834
835
836
837
838
839
840
841
842
843
844
845
846
847
848
849
850
851
852
853
854
855
856
857
858
859
860
861
862
863
864
865
866
867
868
869
870
871
872
873
874
875
876
877
878
879
880
881
882
883
884
885
886
887
888
889
890
891
892
893
894
895
896
897
898
899
900
901
902
903
904
905
906
907
908
909
910
911
912
913
914
915
916
917
918
919
920
921
922
923
924
925
926
927
928
929
930
931
932
933
934
935
936
937
938
939
940
941
942
943
944
945
946
947
948
949
950
951
952
953
954
955
956
957
958
960
961
962
963
964
965
966
967
968
969
970
971
972
973
974
975
976
977
978
979
980
981
982
983
984
985
986
987
988
989
990
991
992
993
994
995
996
997
998
999
1000
1001
1002
1003
1004
0 6 1
0 519 1
0 409 1
0 538 1
0 929 1
0 178 5
0 693 1
0 314 1
0 118 2
0 710 1
0 333 1
0 78 1
0 976 1
0 470 5
0 599 1
0 732 2
0 605 1
0 862 1
0 991 1
0 99 1
0 228 1
0 365 1
0 502 1
0 249 1
0 767 1
2 32 2
2 812 1
2 700 2
2 484 2
2 790 2
5 491 1
5 107 3
5 1004 1
5 175 4
5 464 1
5 980 1
5 118 1
5 335 1
5 381 1
6 178 3
6 333 1
7 810 1
8 544 3
8 546 1
10 173 1
13 516 2
14 611 4
14 644 2
14 1001 1
14 173 2
14 506 2
14 924 17
15 680 2
16 777 2
16 754 1
16 843 1
22 663 4
24 160 4
24 35 1
24 561 1
24 200 1
24 428 3
24 658 1
24 750 5
24 360 1
24 530 7
24 629 3
24 631 1
24 280 7
24 953 2
24 526 1
24 891 16
24 31 2
26 662 1
28 987 6
29 808 1
29 506 1
29 899 2
30 868 1
30 946 2
30 356 6
31 428 2
31 165 7
32 365 1
32 189 4
32 214 2
32 791 1
32 921 1
32 923 2
32 669 1
35 851 1
35 902 2
35 207 1
38 184 3
38 42 1
38 324 4
38 638 1
40 802 1
40 229 1
40 712 2
40 450 1
40 367 1
40 662 3
40 568 1
40 187 1
40 572 1
40 415 1
41 1000 1
41 723 1
41 503 9
42 509 1
43 232 1
45 52 1
45 126 1
46 164 1
46 310 1
48 1000 2
48 844 1
50 559 3
52 66 1
52 356 11
52 168 1
52 782 1
52 232 1
52 790 2
52 868 3
52 765 2
53 193 1
53 491 1
53 609 1
53 951 1
53 687 1
53 850 1
53 662 1
53 311 1
53 633 1
53 923 4
56 994 1
56 987 11
60 662 2
61 388 1
61 517 2
61 135 1
61 393 1
61 915 2
61 900 1
61 602 1
61 546 1
61 550 1
61 692 3
61 450 2
61 718 11
61 591 2
61 337 2
61 851 1
61 334 1
61 90 2
61 991 1
61 739 1
61 356 1
61 166 2
61 742 3
61 502 1
61 891 2
62 800 4
62 163 3
62 518 3
62 646 3
62 113 3
62 120 1
62 542 1
62 485 2
64 139 1
65 784 1
65 75 1
65 687 2
65 772 2
65 151 1
66 126 1
67 963 13
67 165 10
67 391 9
67 846 9
67 207 8
67 344 8
68 987 6
70 534 6
70 334 1
70 399 2
70 752 1
70 84 1
70 566 1
70 120 1
70 638 2
71 595 7
72 443 1
72 662 1
73 704 1
74 294 10
74 166 1
74 743 1
74 586 6
74 974 1
74 885 5
74 984 1
74 313 1
75 692 3
75 617 1
75 772 1
75 749 4
77 168 9
77 912 2
77 90 1
77 260 1
77 232 2
78 289 5
78 178 3
78 693 3
78 599 2
78 185 1
82 870 1
84 638 1
84 534 1
84 310 2
86 152 1
86 443 1
88 906 2
90 644 4
90 518 1
90 136 3
90 267 2
90 685 1
90 912 3
90 915 1
90 923 2
90 542 1
90 292 1
90 134 1
90 423 1
90 168 2
90 813 1
90 558 1
90 948 2
90 952 2
90 443 1
90 316 3
90 854 2
90 784 2
90 866 3
90 356 2
90 101 1
90 742 3
90 361 2
90 883 2
90 500 3
90 629 1
90 233 2
90 890 1
92 658 1
92 915 1
95 994 1
95 987 6
96 832 3
96 132 1
96 634 1
96 299 1
96 388 1
96 346 1
96 509 2
96 638 6
98 707 4
98 454 3
98 134 3
98 713 3
98 107 3
98 268 3
98 429 3
98 401 2
98 117 3
98 278 3
99 929 1
99 178 4
99 862 5
101 377 1
101 718 3
101 246 2
101 423 1
104 356 1
104 133 1
104 294 1
104 168 1
104 425 9
104 946 2
104 948 2
104 790 3
105 418 3
105 374 5
106 740 1
106 788 1
106 638 2
107 643 1
107 810 3
107 335 1
107 464 1
107 664 1
107 537 1
107 367 2
107 381 2
107 383 1
111 946 1
111 435 1
111 356 1
111 586 1
111 294 1
112 674 2
112 356 1
112 517 3
112 166 1
112 1000 1
112 267 5
112 313 2
112 730 1
113 163 3
118 365 4
118 335 2
118 502 1
118 670 1
119 812 4
120 772 4
120 518 3
120 530 1
120 534 2
120 280 2
120 542 1
120 160 2
120 547 2
120 178 3
120 566 2
120 823 3
120 188 5
120 189 2
120 191 1
120 200 3
120 586 1
120 190 1
120 857 1
120 614 1
120 752 1
120 629 3
120 762 1
120 703 1
122 904 1
122 977 4
122 915 1
122 428 8
122 857 1
125 139 1
125 622 3
126 984 9
126 868 2
126 869 1
127 281 1
127 367 1
127 229 1
127 423 1
130 599 4
132 832 1
132 337 3
133 168 1
133 648 1
133 948 3
133 602 3
133 765 5
134 742 2
136 200 2
136 857 1
136 915 1
136 316 1
138 383 7
139 322 1
139 323 1
139 676 1
139 487 1
139 939 1
139 206 1
139 622 1
139 534 1
139 601 1
139 154 1
139 477 1
139 510 1
141 241 2
141 383 1
143 544 3
143 976 1
143 658 1
147 577 1
147 355 1
147 933 1
147 715 1
147 972 1
147 171 1
147 748 1
147 590 1
147 229 1
147 277 2
147 347 1
147 285 1
147 926 2
147 686 1
148 486 1
149 372 3
150 499 1
150 471 4
151 923 3
151 253 1
152 443 1
153 977 9
153 410 4
153 996 2
153 969 2
157 577 1
157 546 1
157 931 1
157 933 1
157 171 2
157 590 2
157 277 3
157 248 1
157 347 1
157 285 1
157 926 3
157 229 2
160 550 1
160 360 1
160 526 1
160 658 3
160 629 2
160 507 1
160 280 4
161 626 1
163 383 1
163 542 1
163 895 4
164 420 1
164 223 2
165 344 3
165 401 6
165 316 4
166 356 2
166 392 1
166 573 1
166 435 1
166 586 3
167 229 4
167 552 1
167 207 3
167 817 1
167 978 1
167 851 2
167 181 1
167 630 2
167 988 1
167 957 1
168 260 12
168 521 5
168 266 1
168 912 32
168 472 14
168 425 6
168 557 1
168 949 1
168 439 5
168 948 6
168 232 7
168 966 3
168 332 1
168 589 1
168 313 2
168 984 1
168 868 2
168 356 12
168 744 1
169 595 2
169 372 4
170 784 1
173 506 5
173 428 1
175 849 5
175 423 1
175 275 10
175 335 3
178 409 2
178 538 2
178 415 1
178 929 4
178 546 2
178 295 2
178 693 6
178 569 2
178 314 2
178 710 2
178 333 2
178 976 2
178 339 2
178 718 1
178 470 6
178 599 4
178 605 18
178 862 12
178 991 2
178 228 2
178 367 4
178 502 2
178 249 4
178 767 2
181 353 1
181 486 1
181 656 3
181 274 1
181 724 1
181 189 1
181 190 4
184 843 1
184 883 5
185 199 1
185 535 1
187 450 1
187 900 1
187 272 1
187 662 5
187 695 1
187 572 1
188 978 1
189 229 2
189 491 1
189 749 2
189 718 4
189 365 1
189 977 2
189 883 1
189 692 1
189 249 1
189 410 3
189 923 2
190 353 4
190 486 2
190 656 4
190 274 4
190 373 4
191 749 1
192 381 1
193 290 6
193 581 1
193 687 2
193 499 1
193 948 2
193 633 1
195 934 1
195 951 1
197 923 2
198 662 1
199 738 3
199 924 5
199 996 2
199 541 1
200 344 1
200 806 3
200 971 4
200 428 3
200 952 2
200 530 1
200 469 1
200 857 4
200 316 1
200 351 2
201 843 1
207 484 3
207 424 5
207 558 1
207 373 2
207 630 1
207 953 1
207 954 1
207 795 4
207 469 1
208 236 1
214 290 2
214 228 4
214 502 2
214 742 1
214 712 2
214 700 1
214 813 1
214 334 1
214 367 1
214 595 1
214 500 3
214 662 2
214 983 1
214 923 1
214 316 1
214 765 2
216 1000 1
216 321 2
216 458 4
216 558 1
216 318 3
220 229 2
220 749 2
220 367 1
223 415 3
224 915 1
225 883 1
226 506 1
228 502 2
228 693 1
229 518 2
229 775 1
229 776 1
229 684 1
229 783 1
229 534 1
229 428 3
229 692 7
229 450 1
229 812 3
229 329 1
229 586 1
229 718 2
229 850 1
229 851 1
229 343 4
229 472 1
229 612 1
229 731 2
229 739 1
229 356 2
229 997 1
229 743 2
229 749 1
229 499 2
229 248 1
229 637 1
231 994 2
231 764 1
231 264 2
231 873 3
231 874 4
231 738 1
231 624 1
231 245 1
231 233 1
231 987 9
231 540 6
231 830 1
232 425 3
232 744 1
232 946 2
232 472 5
233 835 1
233 935 16
233 692 17
233 245 1
233 540 1
236 320 1
236 1004 1
236 537 2
239 538 1
239 706 1
239 951 1
245 994 1
245 764 1
245 264 2
245 329 2
245 874 4
245 873 2
245 624 1
245 987 6
245 540 7
246 724 1
246 718 1
246 423 2
248 740 1
248 749 1
248 530 1
248 506 3
248 891 8
249 929 1
249 643 1
249 783 1
249 470 1
249 409 1
250 518 1
250 886 4
250 782 2
250 749 2
251 987 10
254 662 1
256 648 1
256 313 1
256 356 4
256 294 2
260 266 1
260 439 1
262 810 1
264 540 1
266 912 3
266 439 3
267 517 4
267 936 1
267 586 4
267 751 1
267 648 1
267 435 2
267 948 5
267 790 2
267 984 1
267 478 1
268 633 2
270 381 3
272 450 3
272 662 3
272 742 1
273 306 3
273 951 7
274 951 6
275 849 9
275 423 1
275 1004 2
275 710 1
277 546 2
277 931 2
277 772 1
277 813 1
278 454 1
278 712 1
278 290 1
278 866 2
278 687 3
278 923 2
280 610 2
280 484 4
280 902 2
280 561 2
280 360 2
280 530 2
280 526 3
280 658 2
280 629 10
280 631 2
281 491 1
281 365 1
284 584 2
284 680 1
284 731 2
284 422 2
288 750 1
288 610 14
288 484 14
288 391 19
288 846 14
288 629 16
288 630 1
289 810 6
289 899 1
290 866 2
290 617 2
290 923 1
293 697 1
293 546 1
293 724 3
294 586 12
294 332 1
294 974 1
294 885 6
294 790 1
294 759 2
294 984 3
294 313 3
294 762 1
294 447 1
299 832 2
299 388 1
299 788 1
299 624 2
300 601 1
304 441 2
304 317 4
306 790 2
306 742 5
306 703 3
310 343 4
311 925 2
311 994 1
311 987 6
311 955 4
313 356 23
313 425 1
313 912 8
313 946 15
313 598 5
313 472 1
313 730 4
314 929 7
314 693 4
314 710 2
316 962 2
316 630 2
316 428 8
316 367 1
316 915 3
316 857 3
316 952 6
316 953 2
317 441 1
318 704 2
318 332 1
320 1004 2
321 704 1
321 458 1
321 684 2
321 618 3
322 591 1
322 943 3
322 534 3
322 663 1
324 585 2
324 460 1
324 367 1
324 337 1
324 534 4
324 601 1
324 591 1
324 638 2
327 414 4
329 448 1
329 587 2
329 749 1
329 624 1
329 338 1
329 819 1
329 343 1
329 890 1
329 540 5
332 586 2
332 782 3
332 435 1
332 500 8
332 558 1
332 854 1
333 693 1
333 605 2
333 767 2
334 423 2
334 749 1
334 367 1
334 692 4
334 500 1
335 810 1
335 1004 2
335 528 1
335 980 1
335 670 1
337 935 2
337 919 4
337 505 1
337 510 1
338 994 1
338 624 1
338 951 1
338 987 6
338 540 1
343 388 2
343 950 4
343 399 5
343 853 3
343 534 2
343 663 2
343 740 1
344 373 3
344 971 1
346 832 1
347 355 1
347 933 4
347 912 2
347 790 7
349 976 1
349 428 1
351 952 2
351 915 1
351 428 1
351 782 1
353 391 6
356 517 2
356 648 2
356 912 24
356 530 2
356 602 3
356 425 14
356 948 12
356 730 2
356 586 2
356 472 8
356 743 1
356 744 1
356 367 1
356 765 7
360 902 1
360 629 2
360 891 2
361 987 6
365 866 2
365 522 1
365 595 1
365 410 1
367 517 1
367 518 2
367 776 1
367 940 2
367 783 1
367 530 1
367 835 1
367 920 1
367 836 1
367 923 1
367 542 1
367 927 1
367 544 2
367 731 2
367 425 1
367 684 1
367 946 5
367 435 1
367 692 1
367 569 1
367 948 2
367 834 1
367 963 2
367 586 2
367 844 1
367 720 1
367 850 1
367 852 1
367 987 4
367 865 2
367 738 1
367 739 1
367 997 1
367 743 1
367 371 1
367 629 1
367 502 1
367 671 1
369 832 1
369 913 4
369 518 1
369 646 1
369 535 6
371 415 2
372 595 2
372 404 5
372 934 2
373 391 6
374 742 2
376 832 1
377 422 2
377 423 1
378 514 2
379 662 1
381 810 4
381 506 1
381 670 1
383 528 1
383 909 1
383 720 6
383 850 3
383 500 6
383 918 1
383 887 4
383 586 3
387 730 1
387 851 1
387 676 1
388 832 1
388 509 1
388 634 1
390 784 11
390 742 3
391 610 5
391 484 4
391 750 2
393 843 2
397 891 6
401 454 4
401 683 1
401 429 7
401 415 4
402 788 2
404 595 2
405 581 1
407 843 2
410 923 1
414 563 1
414 891 30
414 995 4
414 445 1
415 833 3
415 546 1
415 617 1
415 811 4
415 429 5
415 718 5
415 595 1
415 660 1
415 558 2
416 948 1
418 996 27
418 977 2
420 879 4
421 795 2
422 680 1
422 731 5
422 613 1
423 832 2
423 977 1
423 849 2
423 718 3
424 795 4
425 521 2
425 912 10
425 648 3
425 948 4
425 790 4
425 472 2
427 955 3
428 522 2
428 915 5
428 692 1
428 888 1
428 857 2
429 454 11
432 789 1
433 994 1
433 738 1
433 987 7
433 789 3
435 586 3
435 782 2
435 948 2
435 885 1
439 912 4
443 742 3
444 518 3
444 535 2
450 802 1
450 900 2
450 712 2
450 662 2
450 572 1
458 1000 1
458 758 1
458 577 1
464 980 1
466 662 1
468 712 1
468 643 1
469 512 2
470 789 18
470 693 1
472 743 3
472 912 6
480 506 1
480 987 6
482 987 6
484 750 1
484 629 2
485 895 1
488 662 1
491 546 1
491 977 4
493 629 2
499 704 2
499 679 1
499 844 1
499 684 4
499 833 1
500 586 1
500 814 3
500 687 1
500 782 2
502 749 1
502 976 1
502 693 1
503 704 1
503 723 4
503 1000 1
506 644 3
506 1001 2
506 921 3
506 923 1
506 924 1
509 832 1
509 638 2
513 518 1
513 646 1
514 832 2
514 1001 2
514 780 2
514 977 5
514 950 2
516 850 2
517 674 2
517 803 5
517 586 2
517 813 1
518 609 2
518 962 1
518 646 2
518 854 2
518 535 4
518 895 10
526 546 4
526 902 3
526 561 1
526 629 2
527 720 1
528 742 1
528 585 1
528 589 1
528 687 1
528 638 3
530 658 1
530 629 10
530 891 8
531 987 12
534 546 1
534 550 1
534 622 1
534 591 2
534 692 2
534 638 2
535 913 6
540 641 1
540 994 4
540 955 12
540 873 3
540 874 4
540 624 4
540 840 1
540 692 1
540 987 11
540 830 2
541 738 2
542 546 1
542 646 3
542 722 1
543 891 1
543 971 1
544 739 2
544 669 3
545 946 18
546 738 2
546 550 2
546 684 1
546 843 1
546 844 1
546 784 1
546 590 1
546 764 1
546 669 2
546 629 2
551 895 4
558 1000 1
558 844 2
559 622 3
561 629 2
565 684 2
565 926 1
565 679 1
566 772 2
568 802 1
568 660 1
568 662 1
568 695 1
572 802 1
572 662 1
573 586 5
575 966 2
580 669 3
580 686 1
581 703 1
581 942 2
581 855 1
582 987 6
585 909 1
586 782 5
586 662 2
586 730 1
586 974 6
586 984 5
586 602 1
586 751 1
586 885 9
586 759 1
586 762 1
587 784 6
587 617 2
589 909 1
591 692 5
591 638 1
595 718 2
595 790 1
599 693 1
601 634 1
601 638 1
602 648 4
602 721 3
602 765 2
605 1001 1
605 693 1
607 816 1
609 951 1
609 909 2
611 921 1
611 924 11
611 644 1
614 772 2
614 629 3
617 811 1
617 923 3
622 676 4
624 840 1
624 789 2
628 870 1
629 658 2
629 685 4
629 846 2
629 750 2
629 630 3
629 631 2
629 891 4
630 978 1
634 832 2
638 832 3
638 853 1
638 700 6
641 987 6
641 955 1
644 783 1
648 721 16
648 765 2
657 921 5
659 784 1
660 951 2
662 900 3
662 782 3
662 802 1
662 947 1
662 695 1
662 712 2
668 720 1
668 813 1
671 995 3
671 749 1
679 684 2
680 707 2
680 731 3
682 850 3
684 704 1
684 844 1
685 1001 1
686 926 2
687 923 5
692 994 1
692 995 1
692 742 4
692 873 2
692 749 9
692 718 5
692 915 1
693 862 10
693 991 1
696 935 1
697 925 2
697 784 1
697 855 3
698 987 7
700 988 1
700 790 1
703 784 1
704 765 2
706 951 4
707 880 1
707 951 1
710 832 3
715 926 1
716 866 1
718 866 1
718 742 1
718 904 1
718 752 2
718 754 2
718 724 2
719 738 1
719 828 2
719 837 2
720 935 6
720 813 3
721 948 1
721 765 4
723 1000 1
724 866 2
724 1004 1
724 883 1
730 912 2
730 854 1
730 868 1
731 739 1
732 977 2
737 849 1
738 761 1
739 750 2
740 788 1
742 784 4
742 835 1
742 749 1
744 912 2
744 946 2
745 828 1
746 813 7
748 926 2
749 865 1
749 834 1
749 835 1
749 997 1
749 775 1
749 854 3
751 854 1
752 948 1
752 997 1
754 843 1
754 883 1
758 1000 2
759 984 1
759 974 3
762 984 1
764 874 4
764 987 6
765 868 1
765 948 1
772 912 1
775 891 2
775 995 3
779 843 2
779 883 1
780 977 3
782 806 1
782 838 1
782 790 2
782 857 1
782 984 1
782 988 1
782 890 1
783 850 1
788 906 1
789 849 4
789 951 1
789 987 10
790 868 1
790 977 1
790 812 2
790 881 2
795 978 2
796 987 7
799 895 3
804 850 2
806 952 4
806 838 1
809 987 10
810 881 1
813 996 3
813 935 1
823 895 2
832 977 3
840 873 1
840 874 4
840 987 6
843 883 3
844 918 2
845 946 1
849 987 6
850 979 1
850 924 8
851 978 4
851 920 2
858 991 1
861 934 1
868 984 1
868 889 1
872 987 7
873 874 4
873 987 6
873 925 3
874 925 1
878 929 1
885 962 1
885 974 1
890 923 4
890 962 2
891 995 7
896 972 1
912 984 1
912 948 5
912 949 4
920 978 1
923 979 1
925 955 1
946 948 1
950 977 3
955 987 11
969 977 1
977 996 4
977 1004 3
987 994 6
