0
1
2
3
4
5
6
7
8
9
10
11
12
13
14
15
16
17
18
19
20
21
22
23
24
25
26
27
28
29
30
31
32
33
34
35
36
37
38
39
40
41
42
43
44
45
46
47
48
49
50
51
52
53
54
55
56
57
58
59
60
61
62
63
64
65
66
67
68
69
70
71
72
73
74
75
76
77
78
79
80
81
82
83
84
85
86
87
88
89
90
91
92
93
94
95
96
97
98
99
100
101
102
103
104
105
106
107
108
109
110
111
112
113
114
115
116
117
118
119
120
121
122
123
124
125
126
127
128
129
130
131
132
133
134
135
136
137
138
139
141
142
143
144
145
146
147
148
149
150
151
152
153
154
155
157
158
159
160
161
162
163
164
165
166
167
168
169
170
171
172
173
174
175
176
177
178
179
180
181
182
183
184
185
186
187
188
189
190
191
192
193
194
195
196
197
198
199
200
201
202
203
204
205
206
207
208
209
210
211
212
213
214
215
216
217
218
219
220
221
222
223
224
225
226
227
228
229
230
231
232
233
235
236
237
238
239
240
241
242
243
244
245
246
247
248
249
250
251
252
253
254
255
256
257
259
260
262
263
264
265
266
267
268
269
270
271
272
273
274
275
276
277
278
279
280
281
282
283
284
285
286
287
288
289
290
291
292
293
294
295
296
297
299
300
301
302
303
304
305
306
307
308
309
310
311
312
313
314
315
316
317
318
319
320
321
322
323
324
325
326
327
328
329
330
331
332
333
334
335
336
337
338
339
340
341
343
344
345
346
347
348
349
350
351
352
353
355
356
357
358
359
360
361
362
364
365
366
367
368
369
370
371
372
373
374
375
376
377
378
379
380
381
382
383
384
385
386
387
388
389
390
391
392
393
394
395
396
397
398
399
400
401
402
403
404
405
406
407
408
409
410
411
412
413
414
415
416
418
419
420
421
422
423
424
425
426
427
428
429
430
431
432
433
434
435
436
437
438
439
440
441
442
443
444
445
446
447
448
449
450
451
452
453
454
455
456
457
458
459
460
461
462
464
465
466
467
468
469
470
471
472
473
474
475
476
477
478
479
480
481
482
483
484
485
486
487
488
489
490
491
492
493
495
496
497
498
499
500
501
502
503
504
505
506
507
508
509
510
511
512
513
514
515
516
517
518
519
520
521
522
523
524
525
526
527
528
530
531
532
533
534
535
536
537
538
539
540
541
542
543
544
545
546
547
548
549
550
551
552
553
554
556
557
558
559
560
561
562
563
564
565
566
567
568
569
570
571
572
573
574
575
576
577
578
579
580
581
582
583
584
585
586
587
588
589
590
591
592
593
594
595
596
597
598
599
600
601
602
603
604
605
606
607
609
610
611
612
613
614
615
616
617
618
619
621
622
623
624
625
626
627
628
629
630
631
632
633
634
635
636
637
638
639
640
641
642
643
644
645
646
647
648
649
650
651
652
653
654
655
656
657
658
659
660
661
662
663
664
665
666
667
668
669
670
671
672
673
674
675
676
677
678
679
680
681
682
683
684
685
686
687
688
689
690
691
692
693
694
695
696
697
698
699
700
701
702
703
704
705
706
707
708
709
710
711
712
713
714
715
716
717
718
719
720
721
722
723
724
725
726
727
728
729
730
731
732
733
734
735
736
737
738
739
740
741
742
743
744
745
746
747
748
749
750
751
752
753
754
756
757
758
759
760
761
762
763
764
765
767
768
769
770
771
772
773
774
775
776
777
778
779
780
781
782
783
784
785
786
787
788
789
790
791
792
793
794
795
796
797
798
799
800
801
802
803
804
805
806
807
808
809
810
811
812
813
814
815
816
817
818
819
820
821
822
823
824
825
826
827
828
829
830
831
832
833
834
835
836
837
838
839
840
841
842
843
844
845
846
847
848
849
850
851
852
853
854
855
856
857
858
859
860
861
862
863
864
865
866
867
868
869
870
871
872
873
874
875
876
877
878
879
880
881
882
883
884
885
886
887
888
889
890
891
892
893
894
895
896
897
898
899
900
901
902
903
904
905
906
907
908
909
910
911
912
913
914
915
916
917
918
919
920
921
922
923
924
925
926
927
928
929
930
931
932
933
934
935
936
937
938
939
940
941
942
943
944
945
946
947
948
949
950
951
952
953
954
955
956
957
958
960
961
962
963
964
965
966
967
968
969
970
971
972
973
974
975
976
977
978
979
980
981
982
983
984
985
986
987
988
989
990
991
992
993
994
995
996
997
998
999
1000
1001
1002
1003
1004
2 953 1
2 215 1
5 553 2
5 670 1
15 680 5
16 754 2
18 896 2
19 333 1
24 547 1
24 647 2
24 493 1
24 301 1
24 561 1
24 274 1
24 280 1
24 891 1
28 987 1
30 256 1
30 61 3
30 790 4
30 126 1
30 765 2
32 377 1
32 693 2
32 214 1
32 197 1
35 280 1
35 978 1
35 469 1
38 324 1
38 343 1
40 187 1
40 572 2
40 214 1
40 695 1
42 337 1
42 322 3
42 612 3
48 216 2
48 458 1
48 558 1
48 319 2
52 356 2
52 168 3
52 557 2
52 912 2
52 472 1
52 602 2
53 633 1
53 923 3
53 540 2
53 334 1
56 482 3
56 987 1
56 990 1
56 159 1
58 818 2
61 75 1
61 718 7
61 591 2
61 338 1
61 181 1
61 662 1
61 696 5
61 991 5
62 485 2
62 646 3
62 935 1
62 214 1
62 542 15
62 159 1
64 890 1
64 139 1
66 986 3
66 227 1
67 207 1
68 987 1
74 803 5
74 168 1
74 586 1
74 782 1
74 912 1
74 885 1
74 984 1
74 762 1
74 447 1
75 772 1
76 705 2
77 912 2
77 168 1
77 260 5
78 731 2
84 591 1
86 662 1
90 865 1
90 890 2
90 940 1
91 315 2
92 280 1
95 433 1
95 987 1
96 388 1
97 510 1
98 592 1
98 713 1
101 377 2
101 724 1
101 718 6
101 423 2
103 423 2
104 416 5
104 765 1
105 233 1
107 553 1
107 810 2
107 214 1
111 935 1
112 803 8
113 337 2
113 927 1
119 812 1
120 772 1
120 843 1
120 782 1
120 334 1
120 310 2
120 280 1
120 572 1
122 693 1
126 790 4
127 377 4
127 916 2
133 256 1
133 648 2
133 602 2
134 592 2
135 161 3
135 549 9
135 170 1
135 942 2
135 337 3
135 371 1
135 628 5
135 214 1
135 540 1
135 581 2
136 200 2
136 647 1
139 323 6
141 978 2
141 188 3
141 469 2
142 280 1
142 647 1
142 846 1
142 207 2
143 696 2
143 580 1
147 577 1
147 355 1
147 933 1
147 230 1
147 171 1
147 972 1
147 590 1
147 277 1
147 347 1
147 285 1
147 926 1
147 686 1
153 977 1
157 334 1
157 686 1
159 214 6
159 524 1
159 783 1
159 912 2
159 535 1
159 923 1
159 671 2
159 290 4
159 940 5
159 692 2
159 704 2
159 963 1
159 200 1
159 844 1
159 334 1
159 209 1
159 854 2
159 607 1
159 356 1
159 742 1
159 743 1
159 493 2
159 377 2
159 251 1
160 280 1
160 891 3
160 629 1
161 994 1
161 900 6
161 581 4
161 540 4
161 662 7
161 443 3
161 572 7
165 401 2
165 207 1
166 803 2
166 765 1
167 280 1
167 978 3
167 851 2
167 469 2
168 416 5
168 260 9
168 232 9
168 556 1
168 782 2
168 557 1
168 912 11
168 472 5
168 949 10
168 790 1
168 439 6
168 984 3
168 356 1
168 447 2
168 266 1
168 575 1
169 595 1
170 581 1
173 541 1
175 849 1
178 214 1
181 537 3
181 724 1
181 189 1
184 393 1
184 595 2
184 607 1
184 423 3
185 614 1
186 256 1
187 450 1
187 596 1
187 695 2
188 978 1
188 851 1
188 469 1
189 377 1
191 416 1
191 692 2
192 664 2
192 381 1
193 633 2
193 334 1
197 923 1
197 239 2
199 996 1
199 506 1
199 924 1
200 952 3
200 428 1
204 586 1
207 647 1
207 428 1
207 978 1
207 469 2
209 912 1
209 765 3
214 776 1
214 940 1
214 530 1
214 920 1
214 290 4
214 731 1
214 935 1
214 684 1
214 306 2
214 692 1
214 569 1
214 544 1
214 835 1
214 324 1
214 844 1
214 334 1
214 720 1
214 852 1
214 343 1
214 987 1
214 220 1
214 865 1
214 738 1
214 868 1
214 743 1
214 746 3
214 371 1
214 629 1
214 765 2
216 558 1
218 862 1
223 343 1
226 712 1
228 605 3
228 502 1
231 698 2
231 987 1
231 540 1
232 416 4
232 833 1
232 912 3
232 472 1
232 313 1
232 607 1
233 692 1
236 537 1
236 898 1
236 716 1
236 977 5
239 923 1
239 854 1
241 469 1
241 415 1
245 698 2
245 987 1
245 540 1
246 377 2
246 423 2
250 854 1
250 927 1
251 977 1
251 482 2
251 987 1
256 416 3
256 356 1
256 648 2
256 267 1
256 478 1
256 517 1
260 416 6
260 762 1
260 912 5
264 454 2
267 280 1
267 586 4
267 803 6
267 517 2
268 592 1
272 662 2
274 469 1
275 849 1
275 802 2
280 647 1
280 526 1
280 656 1
280 920 1
280 530 1
280 915 1
280 408 1
280 424 1
280 817 1
280 954 1
280 547 1
280 990 1
280 658 1
280 851 1
280 629 1
280 469 1
281 377 1
293 630 1
294 416 1
301 978 1
301 469 1
305 700 1
306 374 1
306 334 1
310 863 1
310 343 2
311 697 1
311 987 1
316 428 2
317 374 3
319 458 1
319 386 1
319 558 1
320 383 1
321 565 3
322 663 1
322 706 1
322 534 2
322 343 2
323 402 2
323 939 1
324 638 3
326 334 1
332 435 1
332 500 3
332 782 4
332 575 1
333 743 1
333 693 1
333 767 1
334 772 1
334 517 1
334 535 1
334 923 1
334 542 1
334 809 2
334 684 1
334 692 2
334 671 1
334 586 2
334 718 1
334 607 1
334 356 1
334 617 1
334 629 1
334 502 1
335 664 1
335 867 1
337 936 1
337 695 2
337 505 4
338 987 3
338 540 5
343 950 1
343 663 3
344 952 1
347 933 3
349 428 1
349 990 1
356 743 1
356 586 2
356 912 3
356 472 1
361 987 2
362 383 1
364 987 1
369 927 1
369 535 2
377 866 5
377 731 1
377 422 2
377 423 4
377 393 2
377 716 2
377 530 1
377 718 2
377 754 1
377 630 4
377 729 1
381 664 2
383 941 1
383 909 1
383 528 1
383 922 1
383 589 1
392 696 2
393 907 1
398 775 1
401 429 2
401 415 2
404 595 1
411 418 1
413 746 1
413 935 7
414 572 4
415 978 1
415 607 1
415 471 1
416 765 1
416 439 1
416 927 1
418 977 12
418 996 13
421 978 1
421 469 1
422 731 1
423 996 3
423 710 1
423 779 1
423 977 6
424 978 1
424 469 1
428 838 1
428 915 4
428 857 6
428 990 1
432 987 1
433 881 4
433 987 3
435 500 3
438 818 2
439 912 2
440 664 2
440 737 1
443 546 1
443 742 1
443 662 6
444 483 1
444 927 1
447 984 3
447 586 1
450 900 2
450 662 2
450 935 2
454 592 3
458 577 4
462 833 1
464 980 3
465 812 1
466 695 1
468 664 2
469 547 1
469 817 1
469 978 3
469 851 2
469 630 1
469 954 1
469 795 1
469 957 1
471 617 1
472 743 1
472 782 2
472 912 3
472 575 1
481 565 2
482 809 1
482 987 1
483 648 1
483 596 1
483 769 1
485 500 5
485 542 6
485 927 1
499 684 1
500 542 1
502 605 2
506 996 2
512 978 1
513 927 1
514 638 1
516 881 5
516 532 1
516 761 4
522 907 1
528 742 1
531 987 1
532 688 1
532 761 2
532 790 1
534 591 2
535 854 1
535 823 2
535 927 1
537 664 2
540 955 7
540 581 2
540 840 3
540 873 2
540 641 1
540 698 2
540 987 4
540 863 2
542 746 2
542 927 1
546 550 1
547 978 1
547 851 1
549 866 1
549 701 2
550 746 3
550 743 1
551 927 1
552 978 1
565 926 1
572 870 2
572 731 5
573 586 2
575 912 1
578 714 1
580 791 1
581 936 2
582 987 1
582 764 3
586 782 4
586 984 1
586 762 2
591 809 1
592 713 2
592 927 1
595 754 7
596 695 2
599 693 1
602 648 2
602 743 6
614 978 1
629 978 2
633 858 1
633 772 1
633 671 2
638 832 1
638 951 2
641 987 1
643 664 2
646 927 1
654 991 9
660 769 1
662 742 1
664 737 1
664 810 3
664 985 2
664 702 1
674 803 5
680 731 3
684 704 2
684 956 1
692 776 1
692 746 11
697 925 2
697 855 2
698 840 2
698 873 2
698 987 2
698 764 2
700 812 1
704 743 7
707 951 1
711 843 1
716 980 2
716 724 1
716 718 5
718 866 4
718 980 3
718 724 1
718 732 2
719 837 2
722 927 1
724 866 1
724 843 1
731 870 5
742 900 3
743 912 1
746 935 24
746 776 1
746 923 3
761 881 3
764 987 1
765 908 12
765 890 3
769 798 1
770 927 1
772 809 1
774 951 1
789 987 1
790 812 7
795 978 1
804 881 1
809 987 1
817 978 1
823 927 1
838 953 2
840 987 1
841 935 1
849 987 1
851 978 2
854 927 1
858 991 2
872 987 1
873 987 1
890 926 1
923 951 1
925 987 1
954 978 1
955 987 1
957 978 1
969 977 1
977 996 7
977 1004 2
977 1001 4
978 988 1
987 994 1
