0
1
2
3
4
5
6
7
8
9
10
11
12
13
14
15
16
17
18
19
20
21
22
23
24
25
26
27
28
29
30
31
32
33
34
35
36
37
38
39
40
41
42
43
44
45
46
47
48
49
50
51
52
53
54
55
56
57
58
59
60
61
62
63
64
65
66
67
68
69
70
71
72
73
74
75
76
77
78
79
80
81
82
83
84
85
86
87
88
89
90
91
92
93
94
95
96
97
98
99
100
101
102
103
104
105
106
107
108
109
110
111
112
113
114
115
116
117
118
119
120
121
122
123
124
125
126
127
128
129
130
131
132
133
134
135
136
137
138
139
141
142
143
144
145
146
147
148
149
150
151
152
153
154
155
157
158
159
160
161
162
163
164
165
166
167
168
169
170
171
172
173
174
175
176
177
178
179
180
181
182
183
184
185
186
187
188
189
190
191
192
193
194
195
196
197
198
199
200
201
202
203
204
205
206
207
208
209
210
211
212
213
214
215
216
217
218
219
220
221
222
223
224
225
226
227
228
229
230
231
232
233
235
236
237
238
239
240
241
242
243
244
245
246
247
248
249
250
251
252
253
254
255
256
257
259
260
262
263
264
265
266
267
268
269
270
271
272
273
274
275
276
277
278
279
280
281
282
283
284
285
286
287
288
289
290
291
292
293
294
295
296
297
299
300
301
302
303
304
305
306
307
308
309
310
311
312
313
314
315
316
317
318
319
320
321
322
323
324
325
326
327
328
329
330
331
332
333
334
335
336
337
338
339
340
341
343
344
345
346
347
348
349
350
351
352
353
355
356
357
358
359
360
361
362
364
365
366
367
368
369
370
371
372
373
374
375
376
377
378
379
380
381
382
383
384
385
386
387
388
389
390
391
392
393
394
395
396
397
398
399
400
401
402
403
404
405
406
407
408
409
410
411
412
413
414
415
416
418
419
420
421
422
423
424
425
426
427
428
429
430
431
432
433
434
435
436
437
438
439
440
441
442
443
444
445
446
447
448
449
450
451
452
453
454
455
456
457
458
459
460
461
462
464
465
466
467
468
469
470
471
472
473
474
475
476
477
478
479
480
481
482
483
484
485
486
487
488
489
490
491
492
493
495
496
497
498
499
500
501
502
503
504
505
506
507
508
509
510
511
512
513
514
515
516
517
518
519
520
521
522
523
524
525
526
527
528
530
531
532
533
534
535
536
537
538
539
540
541
542
543
544
545
546
547
548
549
550
551
552
553
554
556
557
558
559
560
561
562
563
564
565
566
567
568
569
570
571
572
573
574
575
576
577
578
579
580
581
582
583
584
585
586
587
588
589
590
591
592
593
594
595
596
597
598
599
600
601
602
603
604
605
606
607
609
610
611
612
613
614
615
616
617
618
619
621
622
623
624
625
626
627
628
629
630
631
632
633
634
635
636
637
638
639
640
641
642
643
644
645
646
647
648
649
650
651
652
653
654
655
656
657
658
659
660
661
662
663
664
665
666
667
668
669
670
671
672
673
674
675
676
677
678
679
680
681
682
683
684
685
686
687
688
689
690
691
692
693
694
695
696
697
698
699
700
701
702
703
704
705
706
707
708
709
710
711
712
713
714
715
716
717
718
719
720
721
722
723
724
725
726
727
728
729
730
731
732
733
734
735
736
737
738
739
740
741
742
743
744
745
746
747
748
749
750
751
752
753
754
756
757
758
759
760
761
762
763
764
765
767
768
769
770
771
772
773
774
775
776
777
778
779
780
781
782
783
784
785
786
787
788
789
790
791
792
793
794
795
796
797
798
799
800
801
802
803
804
805
806
807
808
809
810
811
812
813
814
815
816
817
818
819
820
821
822
823
824
825
826
827
828
829
830
831
832
833
834
835
836
837
838
839
840
841
842
843
844
845
846
847
848
849
850
851
852
853
854
855
856
857
858
859
860
861
862
863
864
865
866
867
868
869
870
871
872
873
874
875
876
877
878
879
880
881
882
883
884
885
886
887
888
889
890
891
892
893
894
895
896
897
898
899
900
901
902
903
904
905
906
907
908
909
910
911
912
913
914
915
916
917
918
919
920
921
922
923
924
925
926
927
928
929
930
931
932
933
934
935
936
937
938
939
940
941
942
943
944
945
946
947
948
949
950
951
952
953
954
955
956
957
958
960
961
962
963
964
965
966
967
968
969
970
971
972
973
974
975
976
977
978
979
980
981
982
983
984
985
986
987
988
989
990
991
992
993
994
995
996
997
998
999
1000
1001
1002
1003
1004
0 178 3
2 236 1
4 120 1
4 135 1
6 249 3
6 178 3
11 53 2
13 743 1
13 783 1
14 1001 4
14 506 2
14 924 4
14 702 3
15 584 1
15 680 4
15 731 2
15 422 2
16 732 2
16 407 1
24 280 1
28 987 1
30 416 1
30 104 1
30 908 3
30 61 3
30 790 1
30 765 5
30 126 3
31 165 1
31 990 1
32 143 1
32 977 1
32 791 1
32 280 1
32 862 1
32 159 6
35 207 2
38 337 1
38 324 2
40 900 1
40 272 1
40 662 2
40 187 1
40 572 1
40 159 1
41 723 2
41 565 2
41 558 1
41 499 1
45 66 1
48 890 1
52 201 1
52 126 1
53 193 1
53 940 1
53 819 1
53 120 1
53 633 1
53 540 1
56 432 1
56 987 1
61 746 3
61 991 6
61 718 11
61 517 1
62 416 1
62 513 1
62 646 1
62 159 2
67 344 1
67 561 2
67 165 1
67 846 1
67 207 1
68 987 1
69 879 1
70 191 1
72 120 1
74 256 3
74 294 1
74 166 7
74 392 10
74 110 1
74 112 1
74 648 1
74 759 3
74 313 2
74 573 5
74 104 2
77 912 2
77 260 1
77 168 1
77 908 2
78 178 3
82 784 4
82 135 1
83 784 1
90 416 1
90 454 1
91 673 1
91 454 1
94 232 1
95 987 1
98 707 1
98 454 2
98 134 1
98 713 3
98 107 1
98 268 1
98 429 3
98 592 3
98 401 6
98 291 1
98 117 1
98 278 3
101 246 1
103 514 3
103 423 2
103 780 2
103 977 12
103 950 2
103 378 1
104 256 3
104 908 1
104 765 3
105 374 3
107 810 1
110 803 1
110 674 1
112 674 1
112 803 1
112 646 1
112 392 1
112 267 1
112 855 1
114 718 1
118 502 2
119 812 1
119 790 3
120 517 1
120 775 1
120 136 1
120 535 1
120 280 1
120 291 1
120 549 1
120 433 1
120 310 1
120 572 1
120 190 1
120 191 1
120 193 1
120 196 1
120 454 1
120 841 1
120 586 4
120 843 1
120 720 2
120 850 2
120 469 1
120 854 1
120 994 1
120 996 1
120 485 1
120 742 1
120 743 1
120 754 1
120 127 2
126 332 5
126 586 4
126 790 1
127 754 1
127 607 1
132 388 1
134 592 1
135 161 1
135 581 2
135 870 1
135 936 1
135 170 1
135 334 1
135 720 6
135 371 2
135 628 1
135 746 1
136 160 2
136 200 6
136 428 5
136 207 2
136 915 1
136 857 1
136 990 1
141 280 1
141 512 2
141 978 1
141 469 1
141 630 5
142 267 17
142 316 2
142 915 8
142 428 6
142 630 3
147 150 2
150 311 1
150 415 2
150 454 1
150 191 1
153 977 1
157 743 1
159 290 1
159 935 1
159 746 1
159 712 2
159 662 4
160 629 1
161 994 1
161 900 1
161 581 1
161 306 1
161 572 1
164 780 1
165 454 2
165 401 6
165 344 1
165 858 1
165 316 3
166 416 1
166 674 1
166 294 1
166 743 1
166 392 2
166 586 3
167 978 2
167 469 1
168 260 6
168 266 8
168 556 3
168 557 1
168 912 17
168 949 4
168 790 6
168 362 2
169 372 1
173 428 2
175 849 1
175 246 2
175 423 2
178 519 2
178 409 3
178 538 3
178 295 3
178 693 6
178 569 3
178 710 3
178 333 3
178 976 3
178 339 3
178 470 3
178 599 4
178 605 3
178 862 3
178 991 3
178 228 4
178 502 16
178 249 5
178 890 2
178 767 3
181 1004 1
181 190 1
184 883 1
188 280 1
188 978 1
189 362 1
190 353 3
190 334 3
190 656 1
190 920 1
190 274 1
190 373 1
190 191 1
191 692 1
191 413 3
191 415 1
192 381 4
193 662 1
199 1001 1
199 506 6
199 979 1
199 924 1
199 541 4
200 971 2
200 428 2
200 344 3
200 915 1
200 952 7
200 316 2
200 543 2
207 424 8
207 428 1
207 493 1
207 558 1
207 847 1
207 373 6
207 953 1
207 954 1
207 795 9
207 988 3
207 349 1
207 990 1
207 469 6
214 290 1
214 595 1
214 746 2
214 662 2
223 746 1
223 663 1
223 343 1
225 883 2
228 333 2
228 502 4
228 693 2
229 607 1
231 738 2
231 987 1
231 698 3
232 313 1
233 617 1
233 692 3
233 329 2
236 335 1
239 988 1
245 698 3
245 987 1
246 423 1
246 724 3
249 483 1
249 506 1
250 886 2
250 646 1
250 551 1
251 987 1
251 671 1
256 313 1
256 648 1
260 266 1
260 790 4
260 439 1
264 329 1
266 949 2
267 704 1
267 517 1
267 838 1
267 435 3
267 700 1
267 581 3
272 662 1
275 327 4
278 592 3
280 547 1
280 902 2
280 647 1
280 360 1
280 915 1
280 526 1
280 530 2
280 851 1
280 561 1
280 631 1
280 281 1
280 890 1
280 920 1
280 629 1
284 731 1
284 422 1
288 561 1
288 445 1
288 493 1
291 401 4
293 724 2
293 718 1
294 416 1
294 586 6
294 885 5
294 313 1
299 634 1
299 559 1
302 428 1
305 425 3
305 946 1
306 784 15
306 742 4
310 477 3
310 534 1
310 343 4
311 697 1
311 987 1
311 540 4
311 955 3
313 416 1
313 356 1
313 885 1
313 447 1
316 647 1
316 362 1
316 971 1
316 428 7
316 392 2
316 915 6
316 334 1
316 952 1
316 415 2
318 362 1
318 684 1
319 458 1
320 537 1
321 844 1
322 879 1
322 334 2
322 343 1
324 591 1
327 381 4
329 582 1
329 775 3
329 910 1
329 624 1
329 692 1
332 586 1
332 435 1
332 782 1
333 767 1
334 646 2
334 586 1
334 1003 2
334 530 4
334 910 1
334 720 1
334 978 1
334 851 3
334 920 1
334 890 1
334 731 3
334 915 1
334 638 6
334 629 1
337 505 2
337 649 1
338 987 1
340 743 1
343 950 2
343 663 9
344 952 2
349 990 2
356 743 2
356 912 3
356 721 1
356 472 2
356 602 1
360 530 3
361 987 1
362 866 1
362 901 1
362 491 1
362 502 1
362 542 1
364 987 1
372 595 10
374 957 2
374 953 1
377 696 2
378 977 2
378 514 1
388 832 1
388 634 1
388 638 1
401 454 8
401 429 6
401 415 4
407 843 4
409 599 1
413 746 4
413 935 7
415 833 2
415 429 1
415 890 2
415 607 1
416 707 2
416 586 2
416 890 3
416 782 1
416 880 1
416 602 1
416 447 1
421 424 4
421 795 3
422 584 1
422 680 1
422 731 1
423 977 2
423 866 2
424 795 4
424 990 1
427 955 3
428 647 1
428 915 1
428 857 6
429 454 3
432 482 1
432 809 1
432 881 1
432 531 1
432 987 1
433 712 2
433 987 7
435 586 3
439 912 2
443 908 1
444 535 1
447 586 2
454 713 2
454 922 1
454 592 1
454 543 1
454 890 1
454 858 2
454 863 1
458 844 1
458 918 1
469 512 3
469 817 1
469 978 2
469 851 2
472 912 3
472 946 1
472 782 1
479 718 1
480 987 1
482 987 1
485 513 1
485 646 1
485 542 2
488 568 1
493 561 1
493 630 17
499 723 2
499 956 1
502 718 1
502 530 4
502 693 1
502 538 2
502 605 3
506 1001 11
509 780 1
514 977 5
514 780 2
514 950 1
516 761 3
516 1001 3
516 743 1
522 854 1
527 731 3
528 685 1
530 731 1
530 630 9
530 920 1
530 915 1
530 629 1
530 851 1
530 891 2
531 987 1
532 743 1
534 746 1
535 854 1
540 955 5
540 855 2
540 698 3
540 987 10
541 979 2
542 746 1
542 854 1
542 646 2
543 654 1
546 844 1
546 550 3
546 743 1
547 978 1
550 742 1
550 743 2
552 817 1
553 670 1
556 912 5
556 949 1
558 684 4
561 846 1
565 723 1
565 956 1
566 713 2
573 586 1
575 912 1
581 936 1
582 987 1
582 764 1
584 731 1
586 712 3
586 687 1
586 762 1
587 720 7
587 789 1
591 980 1
591 746 2
591 718 2
592 609 1
592 713 1
595 790 2
602 743 3
602 648 1
602 908 1
602 721 1
607 617 1
614 978 1
614 991 4
624 692 1
630 685 6
630 656 2
634 788 1
641 987 1
647 920 2
647 915 4
648 765 1
650 654 1
654 738 3
654 783 2
654 991 6
654 682 1
658 846 1
663 950 2
684 704 1
684 743 1
684 844 1
684 956 2
687 915 1
687 746 1
692 775 1
692 746 8
693 710 1
693 791 2
697 925 1
697 855 3
698 840 3
698 873 3
698 987 1
698 764 3
700 881 1
703 784 3
704 743 1
718 746 4
718 843 1
718 754 2
718 724 3
719 738 2
719 828 1
719 837 2
719 783 1
721 765 2
721 743 2
723 758 1
730 868 4
738 783 1
738 837 1
742 900 3
742 746 1
742 784 10
743 908 1
743 765 1
746 900 1
746 935 11
761 928 1
761 881 1
761 783 1
762 908 1
764 987 1
765 912 1
773 955 2
780 977 2
783 837 3
784 901 5
784 863 2
789 987 1
790 812 9
790 868 1
809 987 3
837 924 1
838 952 1
840 987 1
844 956 1
849 987 1
851 978 3
858 991 1
872 987 1
873 987 1
873 955 1
890 956 1
890 926 1
910 995 1
912 949 4
915 953 1
925 987 1
925 955 3
950 977 6
955 987 3
977 1004 9
978 988 1
987 994 1
987 1003 1
