0
1
2
3
4
5
6
7
8
9
10
11
12
13
14
15
16
17
18
19
20
21
22
23
24
25
26
27
28
29
30
31
32
33
34
35
36
37
38
39
40
41
42
43
44
45
46
47
48
49
50
51
52
53
54
55
56
57
58
59
60
61
62
63
64
65
66
67
68
69
70
71
72
73
74
75
76
77
78
79
80
81
82
83
84
85
86
87
88
89
90
91
92
93
94
95
96
97
98
99
100
101
102
103
104
105
106
107
108
109
110
111
112
113
114
115
116
117
118
119
120
121
122
123
124
125
126
127
128
129
130
131
132
133
134
135
136
137
138
139
141
142
143
144
145
146
147
148
149
150
151
152
153
154
155
157
158
159
160
161
162
163
164
165
166
167
168
169
170
171
172
173
174
175
176
177
178
179
180
181
182
183
184
185
186
187
188
189
190
191
192
193
194
195
196
197
198
199
200
201
202
203
204
205
206
207
208
209
210
211
212
213
214
215
216
217
218
219
220
221
222
223
224
225
226
227
228
229
230
231
232
233
235
236
237
238
239
240
241
242
243
244
245
246
247
248
249
250
251
252
253
254
255
256
257
259
260
262
263
264
265
266
267
268
269
270
271
272
273
274
275
276
277
278
279
280
281
282
283
284
285
286
287
288
289
290
291
292
293
294
295
296
297
299
300
301
302
303
304
305
306
307
308
309
310
311
312
313
314
315
316
317
318
319
320
321
322
323
324
325
326
327
328
329
330
331
332
333
334
335
336
337
338
339
340
341
343
344
345
346
347
348
349
350
351
352
353
355
356
357
358
359
360
361
362
364
365
366
367
368
369
370
371
372
373
374
375
376
377
378
379
380
381
382
383
384
385
386
387
388
389
390
391
392
393
394
395
396
397
398
399
400
401
402
403
404
405
406
407
408
409
410
411
412
413
414
415
416
418
419
420
421
422
423
424
425
426
427
428
429
430
431
432
433
434
435
436
437
438
439
440
441
442
443
444
445
446
447
448
449
450
451
452
453
454
455
456
457
458
459
460
461
462
464
465
466
467
468
469
470
471
472
473
474
475
476
477
478
479
480
481
482
483
484
485
486
487
488
489
490
491
492
493
495
496
497
498
499
500
501
502
503
504
505
506
507
508
509
510
511
512
513
514
515
516
517
518
519
520
521
522
523
524
525
526
527
528
530
531
532
533
534
535
536
537
538
539
540
541
542
543
544
545
546
547
548
549
550
551
552
553
554
556
557
558
559
560
561
562
563
564
565
566
567
568
569
570
571
572
573
574
575
576
577
578
579
580
581
582
583
584
585
586
587
588
589
590
591
592
593
594
595
596
597
598
599
600
601
602
603
604
605
606
607
609
610
611
612
613
614
615
616
617
618
619
621
622
623
624
625
626
627
628
629
630
631
632
633
634
635
636
637
638
639
640
641
642
643
644
645
646
647
648
649
650
651
652
653
654
655
656
657
658
659
660
661
662
663
664
665
666
667
668
669
670
671
672
673
674
675
676
677
678
679
680
681
682
683
684
685
686
687
688
689
690
691
692
693
694
695
696
697
698
699
700
701
702
703
704
705
706
707
708
709
710
711
712
713
714
715
716
717
718
719
720
721
722
723
724
725
726
727
728
729
730
731
732
733
734
735
736
737
738
739
740
741
742
743
744
745
746
747
748
749
750
751
752
753
754
756
757
758
759
760
761
762
763
764
765
767
768
769
770
771
772
773
774
775
776
777
778
779
780
781
782
783
784
785
786
787
788
789
790
791
792
793
794
795
796
797
798
799
800
801
802
803
804
805
806
807
808
809
810
811
812
813
814
815
816
817
818
819
820
821
822
823
824
825
826
827
828
829
830
831
832
833
834
835
836
837
838
839
840
841
842
843
844
845
846
847
848
849
850
851
852
853
854
855
856
857
858
859
860
861
862
863
864
865
866
867
868
869
870
871
872
873
874
875
876
877
878
879
880
881
882
883
884
885
886
887
888
889
890
891
892
893
894
895
896
897
898
899
900
901
902
903
904
905
906
907
908
909
910
911
912
913
914
915
916
917
918
919
920
921
922
923
924
925
926
927
928
929
930
931
932
933
934
935
936
937
938
939
940
941
942
943
944
945
946
947
948
949
950
951
952
953
954
955
956
957
958
960
961
962
963
964
965
966
967
968
969
970
971
972
973
974
975
976
977
978
979
980
981
982
983
984
985
986
987
988
989
990
991
992
993
994
995
996
997
998
999
1000
1001
1002
1003
1004
2 77 3
2 334 1
4 371 1
4 135 1
5 506 3
5 107 3
5 29 1
5 335 1
13 443 1
13 951 1
14 611 11
14 881 2
14 702 17
14 506 5
14 924 2
14 382 1
17 316 1
24 280 2
24 891 5
25 956 1
28 624 1
29 107 2
30 868 2
30 790 2
31 428 1
31 316 1
32 921 1
32 923 1
32 197 1
32 134 1
35 167 1
38 832 1
38 324 1
38 939 1
38 591 1
38 534 1
38 388 1
38 638 1
40 214 1
42 832 1
42 323 1
42 534 1
52 232 1
52 648 1
52 472 1
52 126 2
56 329 1
56 214 1
61 122 2
61 915 1
61 991 1
62 646 1
65 193 3
65 435 1
65 316 2
65 278 1
67 963 2
70 388 1
70 84 1
70 334 1
74 112 1
74 294 6
74 166 1
75 772 1
77 168 3
77 912 4
77 232 2
77 472 3
77 126 2
82 628 1
82 135 1
84 474 1
90 260 3
90 742 3
90 334 1
90 625 1
90 948 2
90 316 1
91 833 1
92 953 1
92 316 2
92 349 8
101 724 1
103 977 1
105 418 1
107 192 1
107 898 1
107 899 1
107 236 1
107 652 1
107 643 2
107 532 1
107 664 2
107 537 1
107 670 2
107 289 1
107 808 1
107 553 3
107 810 1
107 175 1
107 688 2
107 393 1
107 696 1
107 320 2
107 327 2
107 201 3
107 335 2
107 464 1
107 980 1
107 985 2
107 208 2
107 1004 1
107 118 2
107 468 1
107 381 2
109 913 2
111 790 1
112 392 2
112 267 2
112 356 1
113 163 2
118 502 1
120 196 2
120 772 2
125 139 1
125 676 2
125 622 3
126 586 5
126 573 2
127 866 1
135 581 1
135 870 3
135 936 1
135 334 2
135 371 2
135 628 2
135 153 1
135 692 1
135 383 4
136 200 1
136 915 1
136 316 1
141 915 1
142 915 1
142 316 1
147 416 2
147 577 2
147 931 1
147 933 1
147 715 2
147 972 1
147 171 2
147 748 1
147 590 2
147 255 1
147 355 1
147 277 2
147 347 1
147 285 1
147 926 2
147 686 1
151 278 2
153 482 1
153 995 1
153 836 1
153 581 1
153 329 1
153 746 1
153 588 1
153 418 1
153 977 4
153 692 1
153 245 1
153 855 1
153 996 1
153 764 1
155 784 1
157 740 2
157 277 2
157 686 2
165 316 1
166 586 1
166 759 1
167 851 2
168 966 1
168 232 1
168 425 2
168 332 1
168 912 20
168 949 5
168 439 1
168 472 2
170 840 1
170 231 1
175 335 1
178 605 3
188 851 1
193 633 2
193 500 1
196 429 1
199 506 8
199 541 1
200 915 1
200 316 2
206 622 1
214 450 1
214 518 1
214 776 2
214 712 1
214 334 1
214 912 3
214 595 1
214 500 3
214 542 1
224 316 1
224 349 4
226 764 1
231 874 1
232 356 1
232 425 1
232 472 4
233 746 1
233 692 1
233 935 1
245 874 1
248 334 1
263 369 2
264 955 1
266 912 2
267 984 1
267 586 7
267 891 2
267 435 2
272 443 1
274 851 3
278 316 2
278 923 1
278 500 1
280 902 1
280 658 1
280 846 1
280 530 1
280 851 2
280 920 1
280 731 1
280 915 3
281 329 1
281 497 1
288 629 1
289 506 1
293 724 1
299 474 1
300 784 1
302 316 1
306 742 1
306 703 1
311 840 3
313 912 2
313 425 1
314 929 1
316 647 1
316 915 14
316 920 1
316 543 1
316 428 4
316 952 1
316 953 1
316 962 1
316 971 1
316 344 1
316 857 1
316 349 1
316 990 1
316 351 1
316 888 1
318 704 2
319 499 1
319 956 1
321 684 1
323 649 1
326 587 1
329 624 1
332 912 3
332 586 1
332 500 1
332 356 1
334 772 1
334 586 1
334 687 1
334 435 1
334 500 3
334 692 1
334 746 1
338 849 1
347 575 1
349 953 2
356 472 2
356 912 1
364 764 1
365 732 1
369 936 1
371 870 1
377 457 1
378 977 2
381 506 1
381 532 6
383 720 1
383 629 1
383 581 1
390 784 7
401 429 1
401 415 2
402 943 1
414 891 3
414 995 1
415 811 1
415 429 4
416 425 1
416 948 1
416 790 9
418 977 1
425 912 1
425 948 1
425 472 1
428 953 8
428 915 10
429 454 1
435 586 3
435 500 6
435 885 1
443 662 2
454 772 1
458 956 9
472 912 1
472 602 2
474 939 1
482 540 1
484 493 1
499 704 2
499 723 1
499 758 1
500 586 14
500 687 2
500 923 1
502 978 1
502 851 1
502 538 1
503 704 1
506 644 2
506 1001 1
506 541 3
506 996 2
514 977 2
518 722 3
518 799 1
518 895 2
528 909 1
530 891 4
530 629 1
530 630 1
540 641 2
540 874 1
540 624 2
540 633 1
540 698 1
540 955 2
541 644 1
541 996 1
558 704 1
559 622 2
565 684 2
575 966 2
582 764 1
582 790 1
586 687 2
586 782 1
586 984 2
586 923 1
586 915 1
591 923 1
602 765 1
605 685 1
609 772 1
622 676 1
628 870 1
629 891 3
629 630 3
633 772 1
644 1001 2
644 996 1
644 783 1
647 915 1
648 765 1
654 991 2
657 921 1
658 902 2
659 703 1
662 900 1
680 870 1
681 951 1
684 844 1
685 1001 1
696 995 1
700 790 3
700 991 1
703 784 2
704 844 2
721 765 2
746 813 1
764 874 1
780 977 1
782 915 9
790 868 4
790 812 3
817 851 1
823 895 1
832 977 2
840 874 1
840 925 1
851 978 1
851 920 1
857 915 3
863 994 1
866 951 1
867 909 1
873 874 1
874 925 2
912 948 1
912 949 2
943 950 1
950 977 2
969 977 2
977 996 1
977 1004 1
