0
1
2
3
4
5
6
7
8
9
10
11
12
13
14
15
16
17
18
19
20
21
22
23
24
25
26
27
28
29
30
31
32
33
34
35
36
37
38
39
40
41
42
43
44
45
46
47
48
49
50
51
52
53
54
55
56
57
58
59
60
61
62
63
64
65
66
67
68
69
70
71
72
73
74
75
76
77
78
79
80
81
82
83
84
85
86
87
88
89
90
91
92
93
94
95
96
97
98
99
100
101
102
103
104
105
106
107
108
109
110
111
112
113
114
115
116
117
118
119
120
121
122
123
124
125
126
127
128
129
130
131
132
133
134
135
136
137
138
139
141
142
143
144
145
146
147
148
149
150
151
152
153
154
155
157
158
159
160
161
162
163
164
165
166
167
168
169
170
171
172
173
174
175
176
177
178
179
180
181
182
183
184
185
186
187
188
189
190
191
192
193
194
195
196
197
198
199
200
201
202
203
204
205
206
207
208
209
210
211
212
213
214
215
216
217
218
219
220
221
222
223
224
225
226
227
228
229
230
231
232
233
235
236
237
238
239
240
241
242
243
244
245
246
247
248
249
250
251
252
253
254
255
256
257
259
260
262
263
264
265
266
267
268
269
270
271
272
273
274
275
276
277
278
279
280
281
282
283
284
285
286
287
288
289
290
291
292
293
294
295
296
297
299
300
301
302
303
304
305
306
307
308
309
310
311
312
313
314
315
316
317
318
319
320
321
322
323
324
325
326
327
328
329
330
331
332
333
334
335
336
337
338
339
340
341
343
344
345
346
347
348
349
350
351
352
353
355
356
357
358
359
360
361
362
364
365
366
367
368
369
370
371
372
373
374
375
376
377
378
379
380
381
382
383
384
385
386
387
388
389
390
391
392
393
394
395
396
397
398
399
400
401
402
403
404
405
406
407
408
409
410
411
412
413
414
415
416
418
419
420
421
422
423
424
425
426
427
428
429
430
431
432
433
434
435
436
437
438
439
440
441
442
443
444
445
446
447
448
449
450
451
452
453
454
455
456
457
458
459
460
461
462
464
465
466
467
468
469
470
471
472
473
474
475
476
477
478
479
480
481
482
483
484
485
486
487
488
489
490
491
492
493
495
496
497
498
499
500
501
502
503
504
505
506
507
508
509
510
511
512
513
514
515
516
517
518
519
520
521
522
523
524
525
526
527
528
530
531
532
533
534
535
536
537
538
539
540
541
542
543
544
545
546
547
548
549
550
551
552
553
554
556
557
558
559
560
561
562
563
564
565
566
567
568
569
570
571
572
573
574
575
576
577
578
579
580
581
582
583
584
585
586
587
588
589
590
591
592
593
594
595
596
597
598
599
600
601
602
603
604
605
606
607
609
610
611
612
613
614
615
616
617
618
619
621
622
623
624
625
626
627
628
629
630
631
632
633
634
635
636
637
638
639
640
641
642
643
644
645
646
647
648
649
650
651
652
653
654
655
656
657
658
659
660
661
662
663
664
665
666
667
668
669
670
671
672
673
674
675
676
677
678
679
680
681
682
683
684
685
686
687
688
689
690
691
692
693
694
695
696
697
698
699
700
701
702
703
704
705
706
707
708
709
710
711
712
713
714
715
716
717
718
719
720
721
722
723
724
725
726
727
728
729
730
731
732
733
734
735
736
737
738
739
740
741
742
743
744
745
746
747
748
749
750
751
752
753
754
756
757
758
759
760
761
762
763
764
765
767
768
769
770
771
772
773
774
775
776
777
778
779
780
781
782
783
784
785
786
787
788
789
790
791
792
793
794
795
796
797
798
799
800
801
802
803
804
805
806
807
808
809
810
811
812
813
814
815
816
817
818
819
820
821
822
823
824
825
826
827
828
829
830
831
832
833
834
835
836
837
838
839
840
841
842
843
844
845
846
847
848
849
850
851
852
853
854
855
856
857
858
859
860
861
862
863
864
865
866
867
868
869
870
871
872
873
874
875
876
877
878
879
880
881
882
883
884
885
886
887
888
889
890
891
892
893
894
895
896
897
898
899
900
901
902
903
904
905
906
907
908
909
910
911
912
913
914
915
916
917
918
919
920
921
922
923
924
925
926
927
928
929
930
931
932
933
934
935
936
937
938
939
940
941
942
943
944
945
946
947
948
949
950
951
952
953
954
955
956
957
958
960
961
962
963
964
965
966
967
968
969
970
971
972
973
974
975
976
977
978
979
980
981
982
983
984
985
986
987
988
989
990
991
992
993
994
995
996
997
998
999
1000
1001
1002
1003
1004
0 569 1
0 6 1
0 249 1
2 923 2
2 38 1
2 790 1
4 135 3
6 569 1
6 670 1
6 470 1
11 923 2
14 796 1
14 506 4
14 724 2
14 702 1
15 680 1
16 777 1
17 915 1
17 316 2
24 629 1
24 31 1
25 48 1
27 147 1
28 56 1
28 987 2
28 231 1
29 898 1
29 506 2
29 335 1
31 165 3
31 422 3
31 428 1
31 915 1
31 316 2
34 855 1
38 790 1
40 187 1
45 66 1
48 458 1
48 558 1
48 499 3
48 216 1
48 956 1
48 319 1
53 633 1
53 443 1
53 629 1
56 641 1
56 482 1
56 987 2
56 847 1
58 586 3
61 522 3
61 718 4
62 542 1
66 227 3
67 344 1
67 963 2
67 165 1
68 176 1
68 987 2
74 232 1
74 586 1
74 782 1
75 220 4
75 772 3
75 334 1
75 687 1
77 168 11
77 912 11
78 569 1
82 135 3
86 443 7
90 553 1
90 763 2
90 742 1
90 662 2
90 693 1
92 915 1
92 316 2
92 142 1
95 987 2
98 592 2
98 401 3
98 291 1
98 429 1
98 454 3
101 423 1
103 514 1
103 139 2
103 378 1
103 310 2
103 423 1
104 305 1
104 126 1
104 742 4
106 322 1
107 553 1
107 980 1
107 214 1
107 607 1
111 935 1
117 454 1
119 790 4
120 586 3
126 416 1
127 843 1
127 732 1
127 718 2
127 483 1
134 592 3
134 454 3
135 581 5
135 870 3
135 936 2
135 170 4
135 942 7
135 176 1
135 594 1
135 371 4
135 628 6
135 214 1
135 692 1
135 703 2
136 200 1
136 408 1
136 915 2
136 316 2
137 936 2
139 638 1
141 469 1
141 630 2
142 915 1
142 316 2
147 416 1
147 577 1
147 927 1
147 933 1
147 454 3
147 171 1
147 972 1
147 590 1
147 308 1
147 277 2
147 196 1
147 347 1
147 686 2
147 285 2
147 926 1
147 230 1
150 772 2
152 443 2
157 248 1
157 586 1
157 915 1
157 542 2
159 865 1
159 214 1
159 742 1
159 718 2
159 783 1
159 500 1
159 278 1
159 923 2
160 586 3
160 629 3
160 607 2
161 586 3
165 586 3
165 401 5
165 274 1
165 915 2
165 629 1
165 344 2
165 857 1
165 920 1
165 316 3
165 190 1
166 290 1
166 743 1
167 891 1
167 630 3
168 416 2
168 868 4
168 232 2
168 585 1
168 586 1
168 557 3
168 912 4
168 260 3
170 697 1
170 855 1
173 506 5
175 737 1
175 275 1
175 849 2
176 769 1
176 482 1
176 995 1
176 836 1
176 581 1
176 329 1
176 588 1
176 692 1
176 245 1
176 855 1
176 641 1
176 764 1
181 383 2
184 710 1
184 423 1
187 712 1
187 802 1
187 596 1
187 450 2
188 858 1
188 469 1
189 506 1
189 1004 1
189 718 1
189 214 3
189 607 1
193 633 1
193 443 1
193 830 2
193 214 1
197 923 1
197 718 1
199 506 6
200 952 1
200 915 3
200 316 2
207 424 1
207 795 1
207 469 2
208 236 2
209 880 1
214 776 1
214 428 2
214 530 1
214 835 1
214 662 1
214 920 1
214 923 1
214 544 1
214 987 1
214 940 1
214 306 2
214 692 1
214 569 1
214 316 2
214 684 1
214 324 1
214 844 1
214 334 1
214 720 1
214 852 1
214 731 1
214 220 1
214 865 1
214 738 1
214 743 1
214 882 1
214 371 1
214 629 1
214 765 1
215 639 1
216 558 1
220 334 3
228 569 1
228 605 2
229 306 2
229 483 1
231 698 1
231 987 3
231 338 1
232 699 1
236 537 3
236 506 2
239 538 1
245 698 1
245 987 2
249 569 1
249 506 1
249 470 3
250 886 1
251 987 2
260 416 1
264 586 3
267 674 1
267 435 3
268 454 2
272 450 2
272 595 1
272 662 1
275 849 1
275 718 1
278 617 1
278 290 1
280 362 1
280 629 1
280 846 1
291 401 3
291 429 1
291 454 3
291 713 2
295 569 1
302 915 1
302 316 2
306 771 3
306 742 1
306 659 2
306 633 1
310 586 3
311 697 1
311 855 1
311 955 2
311 987 2
311 633 1
316 344 2
316 647 2
316 971 2
316 428 2
316 915 3
316 953 2
316 952 2
316 857 2
316 543 2
316 990 2
318 332 2
318 558 1
320 843 1
322 337 1
322 879 2
322 343 3
332 435 1
333 569 1
333 470 1
335 700 1
338 987 2
344 915 1
347 933 1
353 891 1
360 629 1
360 526 1
361 987 2
362 984 2
362 428 1
362 561 1
364 506 1
364 987 2
372 934 1
377 696 2
377 422 1
377 718 4
377 607 3
378 514 1
379 568 1
380 712 1
381 541 1
388 638 2
396 804 1
398 712 1
401 454 7
401 429 6
401 415 3
407 779 1
407 843 1
408 428 1
408 847 1
409 569 1
410 650 1
410 663 1
414 629 1
415 569 3
415 630 3
416 648 2
416 602 1
418 977 1
421 424 1
423 832 2
423 710 2
423 779 1
423 977 1
424 795 1
427 955 3
428 915 8
428 857 3
429 454 7
432 512 1
432 987 2
432 540 2
433 987 2
433 951 1
435 586 2
435 500 1
435 782 1
440 537 1
443 742 1
443 662 3
447 586 1
450 802 2
450 900 1
450 947 1
450 596 1
450 662 2
450 695 1
450 568 1
450 572 1
454 713 2
454 592 6
458 956 1
458 790 2
469 512 1
469 954 1
470 569 2
471 752 1
479 586 3
482 569 1
482 987 2
482 540 1
488 568 1
493 685 2
493 629 2
497 977 1
499 618 1
500 586 5
502 569 1
502 746 3
502 599 1
506 644 3
506 1001 1
506 541 1
506 850 1
506 537 1
506 702 2
506 921 2
506 924 2
506 670 3
511 987 2
514 832 1
514 780 1
514 950 1
516 881 1
516 761 1
522 718 1
526 629 5
530 891 1
530 629 2
531 994 1
531 987 5
538 569 2
538 951 2
538 862 3
540 987 2
540 855 1
540 697 1
540 698 1
540 955 2
541 586 3
541 951 1
542 743 1
543 915 1
552 978 1
561 629 1
561 846 1
563 731 1
568 572 1
569 693 1
569 607 1
569 710 1
569 976 1
569 599 1
569 605 1
569 862 1
569 991 1
569 767 1
581 720 1
581 936 1
581 909 2
581 855 1
582 987 2
586 948 3
586 947 3
586 692 2
588 987 2
591 746 3
592 713 3
592 746 1
592 927 5
595 718 1
602 743 2
603 951 1
607 687 1
609 857 1
609 915 1
609 742 1
614 978 1
617 720 1
629 630 1
629 658 1
629 685 1
629 631 1
629 891 1
630 851 2
641 987 2
643 685 1
647 915 3
654 738 1
656 891 1
662 900 1
680 720 1
684 704 1
685 1001 1
687 754 1
692 746 5
692 923 1
697 771 1
697 873 1
697 855 2
697 925 1
698 840 1
698 873 1
698 764 1
700 746 1
700 790 2
704 743 3
706 951 1
710 832 2
710 779 2
716 724 1
716 718 1
718 991 1
718 904 1
718 746 2
718 843 1
718 754 2
718 724 2
720 855 1
724 1001 1
727 951 3
738 783 3
740 788 1
743 923 4
746 935 1
746 923 4
764 987 2
773 955 2
774 947 23
782 923 1
789 987 2
790 812 4
809 987 2
838 971 2
840 987 2
849 987 2
857 915 1
872 987 2
873 987 2
880 963 2
911 1004 2
915 971 1
915 953 1
915 952 1
915 990 1
923 994 1
925 955 2
933 966 2
955 987 7
969 977 1
977 1004 4
977 1001 3
987 994 2
