0
1
2
3
4
5
6
7
8
9
10
11
12
13
14
15
16
17
18
19
20
21
22
23
24
25
26
27
28
29
30
31
32
33
34
35
36
37
38
39
40
41
42
43
44
45
46
47
48
49
50
51
52
53
54
55
56
57
58
59
60
61
62
63
64
65
66
67
68
69
70
71
72
73
74
75
76
77
78
79
80
81
82
83
84
85
86
87
88
89
90
91
92
93
94
95
96
97
98
99
100
101
102
103
104
105
106
107
108
109
110
111
112
113
114
115
116
117
118
119
120
121
122
123
124
125
126
127
128
129
130
131
132
133
134
135
136
137
138
139
141
142
143
144
145
146
147
148
149
150
151
152
153
154
155
157
158
159
160
161
162
163
164
165
166
167
168
169
170
171
172
173
174
175
176
177
178
179
180
181
182
183
184
185
186
187
188
189
190
191
192
193
194
195
196
197
198
199
200
201
202
203
204
205
206
207
208
209
210
211
212
213
214
215
216
217
218
219
220
221
222
223
224
225
226
227
228
229
230
231
232
233
235
236
237
238
239
240
241
242
243
244
245
246
247
248
249
250
251
252
253
254
255
256
257
259
260
262
263
264
265
266
267
268
269
270
271
272
273
274
275
276
277
278
279
280
281
282
283
284
285
286
287
288
289
290
291
292
293
294
295
296
297
299
300
301
302
303
304
305
306
307
308
309
310
311
312
313
314
315
316
317
318
319
320
321
322
323
324
325
326
327
328
329
330
331
332
333
334
335
336
337
338
339
340
341
343
344
345
346
347
348
349
350
351
352
353
355
356
357
358
359
360
361
362
364
365
366
367
368
369
370
371
372
373
374
375
376
377
378
379
380
381
382
383
384
385
386
387
388
389
390
391
392
393
394
395
396
397
398
399
400
401
402
403
404
405
406
407
408
409
410
411
412
413
414
415
416
418
419
420
421
422
423
424
425
426
427
428
429
430
431
432
433
434
435
436
437
438
439
440
441
442
443
444
445
446
447
448
449
450
451
452
453
454
455
456
457
458
459
460
461
462
464
465
466
467
468
469
470
471
472
473
474
475
476
477
478
479
480
481
482
483
484
485
486
487
488
489
490
491
492
493
495
496
497
498
499
500
501
502
503
504
505
506
507
508
509
510
511
512
513
514
515
516
517
518
519
520
521
522
523
524
525
526
527
528
530
531
532
533
534
535
536
537
538
539
540
541
542
543
544
545
546
547
548
549
550
551
552
553
554
556
557
558
559
560
561
562
563
564
565
566
567
568
569
570
571
572
573
574
575
576
577
578
579
580
581
582
583
584
585
586
587
588
589
590
591
592
593
594
595
596
597
598
599
600
601
602
603
604
605
606
607
609
610
611
612
613
614
615
616
617
618
619
621
622
623
624
625
626
627
628
629
630
631
632
633
634
635
636
637
638
639
640
641
642
643
644
645
646
647
648
649
650
651
652
653
654
655
656
657
658
659
660
661
662
663
664
665
666
667
668
669
670
671
672
673
674
675
676
677
678
679
680
681
682
683
684
685
686
687
688
689
690
691
692
693
694
695
696
697
698
699
700
701
702
703
704
705
706
707
708
709
710
711
712
713
714
715
716
717
718
719
720
721
722
723
724
725
726
727
728
729
730
731
732
733
734
735
736
737
738
739
740
741
742
743
744
745
746
747
748
749
750
751
752
753
754
756
757
758
759
760
761
762
763
764
765
767
768
769
770
771
772
773
774
775
776
777
778
779
780
781
782
783
784
785
786
787
788
789
790
791
792
793
794
795
796
797
798
799
800
801
802
803
804
805
806
807
808
809
810
811
812
813
814
815
816
817
818
819
820
821
822
823
824
825
826
827
828
829
830
831
832
833
834
835
836
837
838
839
840
841
842
843
844
845
846
847
848
849
850
851
852
853
854
855
856
857
858
859
860
861
862
863
864
865
866
867
868
869
870
871
872
873
874
875
876
877
878
879
880
881
882
883
884
885
886
887
888
889
890
891
892
893
894
895
896
897
898
899
900
901
902
903
904
905
906
907
908
909
910
911
912
913
914
915
916
917
918
919
920
921
922
923
924
925
926
927
928
929
930
931
932
933
934
935
936
937
938
939
940
941
942
943
944
945
946
947
948
949
950
951
952
953
954
955
956
957
958
960
961
962
963
964
965
966
967
968
969
970
971
972
973
974
975
976
977
978
979
980
981
982
983
984
985
986
987
988
989
990
991
992
993
994
995
996
997
998
999
1000
1001
1002
1003
1004
0 6 2
0 228 2
0 502 2
0 710 2
0 295 2
0 599 2
0 333 2
0 78 2
0 976 2
0 178 4
0 693 2
0 470 2
0 409 2
0 249 2
0 538 2
0 767 2
0 605 2
0 862 2
0 991 2
2 377 4
2 790 3
5 553 2
5 506 6
5 670 2
6 178 2
8 120 2
13 550 2
14 1001 2
14 365 8
14 173 6
14 16 4
14 881 4
14 724 20
14 249 4
14 506 4
14 783 2
14 796 6
15 680 6
15 731 12
15 422 2
16 249 6
16 90 1
16 843 1
16 541 2
17 915 2
17 316 2
24 647 6
24 493 6
24 530 10
24 629 4
24 280 8
24 891 10
24 189 2
25 386 2
25 684 1
25 558 1
28 987 2
29 178 2
29 506 4
29 78 4
29 159 4
30 936 12
30 908 2
31 178 2
31 915 2
31 316 2
31 165 16
31 990 2
32 739 2
32 872 2
32 143 4
32 178 2
32 915 2
32 214 2
32 280 6
32 862 4
35 280 2
35 978 4
35 207 2
38 843 1
38 474 4
38 939 8
40 802 2
40 900 2
40 662 2
40 712 4
40 572 2
40 272 2
40 947 2
40 214 2
40 695 2
40 568 2
40 316 2
40 254 2
40 159 2
41 73 4
41 723 6
41 558 1
45 966 2
48 558 1
50 106 2
50 402 2
52 91 4
53 280 6
53 193 2
53 714 2
53 940 10
53 776 2
56 531 6
56 994 2
56 987 4
56 540 2
61 416 4
61 450 4
61 356 8
61 517 10
61 522 3
61 718 20
61 687 2
61 243 8
61 692 2
61 534 4
61 794 1
61 991 10
62 485 3
62 646 10
62 500 4
62 794 1
62 90 2
62 542 14
67 344 10
67 561 8
67 963 12
67 165 20
67 207 8
68 987 2
70 322 3
70 388 4
70 90 2
70 534 4
70 343 2
71 595 2
73 723 2
74 256 10
74 133 4
74 294 20
74 648 2
74 332 2
74 586 10
74 76 2
74 573 2
74 912 2
74 168 10
74 885 6
74 984 8
74 313 4
74 166 8
74 266 2
74 447 6
75 633 2
76 1001 4
76 399 4
77 912 12
77 762 3
77 790 6
78 178 4
82 628 2
86 662 41
90 416 4
90 993 2
90 912 1
90 388 4
90 502 2
90 166 2
90 648 4
90 256 2
90 178 8
90 534 6
90 761 2
90 356 2
90 923 2
90 863 2
91 740 2
91 742 4
91 647 1
91 535 2
91 356 2
91 939 6
91 580 2
91 280 1
91 850 4
91 307 4
91 542 2
91 534 2
91 343 2
91 184 2
91 388 2
91 570 2
91 915 4
91 638 2
92 915 2
92 316 2
95 987 2
96 638 2
98 592 8
98 401 2
98 707 2
98 268 6
98 134 2
101 377 2
101 246 4
103 514 10
103 310 2
104 256 2
104 133 4
104 742 2
104 648 5
104 425 6
104 765 4
105 418 26
106 740 2
107 201 2
107 316 2
111 794 2
111 586 4
111 885 1
112 267 2
113 586 6
115 843 2
117 268 6
118 732 1
118 335 4
119 465 2
120 220 2
120 629 4
120 502 2
120 923 2
120 316 2
120 693 2
125 832 6
125 676 2
125 622 6
126 416 6
126 868 6
126 294 2
126 232 2
126 586 8
126 912 2
126 790 2
127 316 2
127 423 2
133 765 2
134 291 2
134 356 2
134 454 2
134 592 10
134 214 2
135 628 2
136 915 2
136 316 2
136 647 2
139 832 6
139 477 2
141 978 4
141 421 6
141 469 4
142 275 8
142 280 2
142 915 2
142 316 2
143 669 2
147 577 4
147 715 2
147 316 2
147 157 2
151 609 2
151 290 2
157 277 5
157 718 7
159 290 6
159 707 2
159 334 4
159 912 2
159 712 2
159 214 6
159 251 8
160 280 2
160 794 1
160 915 10
160 428 2
160 629 4
161 794 1
161 900 2
165 267 2
165 401 8
165 915 2
165 344 6
165 857 6
165 316 10
166 416 2
166 743 4
166 267 1
166 883 2
166 885 2
166 586 14
166 447 2
167 362 2
167 851 2
167 978 8
168 416 2
168 356 2
168 966 4
168 232 4
168 586 4
168 557 4
168 912 39
168 209 2
168 949 2
168 439 8
168 984 2
168 260 6
168 794 1
168 699 2
169 595 2
170 697 1
170 855 2
173 541 2
173 743 6
175 832 12
175 849 2
175 275 2
175 553 1
178 519 2
178 953 2
178 281 2
178 280 2
178 409 4
178 538 2
178 572 4
178 293 2
178 422 2
178 295 2
178 685 2
178 693 2
178 569 2
178 188 4
178 189 2
178 580 2
178 710 2
178 969 2
178 716 2
178 333 2
178 718 2
178 976 4
178 977 2
178 339 2
178 724 2
178 470 2
178 599 4
178 605 2
178 862 4
178 991 4
178 228 2
178 360 2
178 316 2
178 491 2
178 1004 2
178 502 26
178 631 2
178 249 4
178 767 2
180 990 2
184 843 1
184 423 6
185 554 4
187 267 18
188 546 2
188 421 6
188 978 4
188 656 4
188 920 4
188 851 4
188 469 2
188 502 4
188 280 6
188 862 2
189 731 2
189 428 2
189 530 2
189 718 4
189 883 2
189 502 10
189 410 2
189 595 2
189 915 2
190 353 2
190 316 2
191 752 2
191 935 4
191 692 2
191 671 2
193 776 2
193 633 6
193 540 2
193 823 2
194 769 2
194 863 2
194 901 2
194 229 2
197 546 4
197 923 2
199 996 8
199 1001 2
199 850 4
199 979 2
199 644 2
199 506 5
199 541 4
200 794 1
200 915 11
201 843 1
207 978 4
207 373 4
207 795 6
207 469 2
214 609 2
214 290 4
214 707 4
214 940 8
214 239 2
214 712 4
214 629 6
214 662 2
214 951 2
214 857 12
214 316 8
216 832 2
216 558 1
223 322 4
223 399 2
223 343 6
229 483 2
229 742 2
231 416 8
231 994 2
231 582 2
231 698 6
231 987 4
231 540 8
231 863 2
232 256 4
232 332 4
232 912 3
232 439 9
232 472 2
233 692 6
236 977 2
236 537 6
241 280 2
241 302 2
245 698 6
245 987 2
245 540 5
246 724 4
246 711 4
246 293 2
246 423 6
248 506 6
248 364 2
248 746 2
248 718 2
249 538 2
250 854 4
250 485 8
250 886 6
251 987 2
253 752 2
256 416 1
256 294 12
256 854 3
256 759 4
256 765 2
256 447 2
259 843 1
260 912 7
260 949 2
264 698 2
266 949 2
266 439 1
267 586 8
267 493 3
267 662 4
267 630 10
267 823 1
267 891 4
267 700 2
267 517 4
268 291 6
268 454 8
268 713 2
268 633 4
274 817 2
277 700 2
278 609 2
278 915 2
278 316 2
279 843 1
280 388 6
280 647 6
280 526 8
280 656 2
280 920 4
280 530 12
280 915 4
280 547 14
280 421 2
280 422 2
280 685 2
280 687 2
280 561 8
280 658 2
280 953 2
280 445 2
280 288 2
280 502 4
280 846 2
280 851 10
280 990 2
280 293 2
280 360 8
280 493 2
280 629 10
280 630 2
280 631 8
280 891 4
283 1004 2
284 731 4
285 794 1
288 629 4
288 630 4
290 589 2
290 566 2
291 401 2
291 454 2
292 769 2
293 547 2
293 724 6
293 377 2
293 862 4
294 416 10
294 586 20
294 817 2
294 885 8
294 984 14
294 313 6
294 447 12
299 388 2
299 509 2
299 559 2
301 978 6
301 493 2
302 915 2
302 316 2
306 374 6
306 742 2
311 987 2
311 540 3
311 955 4
316 772 2
316 647 2
316 927 2
316 416 2
316 428 4
316 392 2
316 543 2
316 544 2
316 838 6
316 720 2
316 850 2
316 344 2
316 857 8
316 987 2
316 915 22
316 990 2
316 612 2
316 997 2
316 978 2
316 499 2
316 629 2
318 684 3
318 499 4
318 844 2
318 558 5
318 319 4
319 832 8
319 1002 6
319 844 4
319 558 1
319 723 2
320 843 9
321 618 2
321 565 2
321 558 1
322 388 2
322 343 8
322 591 2
322 368 12
322 663 2
324 534 4
329 624 4
329 692 4
329 582 2
332 500 1
332 782 2
334 450 2
334 415 4
335 737 4
335 810 6
335 980 4
337 505 4
337 638 2
338 987 2
338 415 2
340 743 2
341 794 1
344 915 2
347 966 6
353 891 4
356 586 1
356 743 4
356 794 1
356 718 2
356 912 2
360 629 4
361 987 2
362 371 6
362 428 2
362 731 2
362 870 2
364 994 2
364 987 2
366 558 1
371 441 1
377 423 2
377 716 2
377 866 2
377 729 4
379 568 6
383 732 4
383 421 4
388 900 2
388 502 4
388 718 2
388 915 2
388 534 2
388 951 2
392 674 2
393 843 6
401 454 8
401 429 2
401 415 6
404 688 2
404 772 2
405 628 10
407 843 8
409 977 2
410 832 3
412 794 1
413 746 4
413 935 8
414 572 2
415 617 2
416 868 2
416 586 3
416 912 7
416 648 1
418 996 2
418 977 10
421 424 6
421 978 4
421 795 6
422 731 28
423 832 8
424 978 4
424 795 4
425 765 6
426 843 1
427 955 4
427 540 2
428 647 6
428 849 4
428 915 24
428 857 3
428 990 6
429 454 2
432 987 2
433 482 2
433 987 2
433 789 2
434 558 1
435 500 2
435 782 2
439 912 10
443 662 17
447 546 2
447 586 28
447 984 2
447 517 1
450 695 8
450 595 4
450 991 2
454 592 8
458 684 10
458 558 1
464 980 6
466 662 2
469 978 4
470 1004 1
472 912 5
472 765 1
472 575 2
473 808 2
480 482 2
482 531 6
482 987 2
482 990 2
483 629 2
485 542 16
485 823 4
487 832 6
490 843 1
491 644 2
493 561 2
493 685 2
493 530 2
493 629 6
499 844 2
499 565 2
499 558 9
502 530 6
502 718 11
502 851 6
502 724 2
502 915 2
502 862 6
506 644 7
506 1001 17
506 850 6
506 996 14
506 541 6
511 915 2
512 978 4
513 832 4
514 832 2
514 950 2
516 532 2
516 790 2
516 743 2
517 586 5
517 794 1
517 542 1
522 843 1
522 718 3
526 629 4
528 909 4
530 630 8
530 685 4
530 851 2
530 629 10
530 891 10
530 915 10
531 809 4
531 987 2
534 746 2
534 591 2
534 915 2
534 862 2
535 722 8
535 542 2
535 854 2
538 862 2
540 955 8
540 581 1
540 873 4
540 624 2
540 855 1
540 697 1
540 698 7
540 987 2
540 925 1
541 996 6
541 1001 2
541 850 2
541 979 4
542 546 2
542 646 4
542 586 4
542 854 6
542 823 8
543 915 2
546 704 1
546 609 2
546 550 9
546 684 1
546 920 2
546 923 2
547 647 4
547 978 4
547 851 10
547 862 8
550 684 1
550 746 6
550 700 2
552 978 4
552 851 2
552 951 2
558 918 2
558 672 1
558 679 1
558 684 2
558 565 2
558 956 5
558 704 1
558 844 1
558 723 1
558 618 1
558 758 1
559 622 6
561 629 8
565 743 1
568 802 2
568 947 2
568 678 2
571 794 1
572 862 1
575 912 4
577 686 4
581 855 2
582 832 1
582 994 2
582 987 2
584 731 2
586 684 1
586 617 4
586 912 4
586 885 3
586 854 6
586 984 7
586 762 4
586 765 5
591 718 3
591 794 2
591 843 1
592 609 6
592 713 6
595 883 2
599 605 10
599 670 2
602 765 2
602 743 10
607 696 7
609 880 2
609 617 2
609 978 4
609 687 2
609 850 2
609 923 2
614 978 4
615 843 1
617 923 4
622 832 6
622 676 8
624 994 2
624 692 4
628 720 6
629 978 4
629 658 4
629 685 4
629 846 4
629 630 12
629 631 4
629 891 14
630 971 2
630 851 6
633 890 2
633 923 1
634 788 2
635 843 1
638 951 4
641 987 2
644 1001 2
647 915 8
648 908 1
648 765 12
650 1001 2
652 843 1
654 991 18
659 790 6
660 794 2
662 900 2
663 794 2
670 688 1
671 692 2
680 731 2
680 707 2
682 1004 1
684 956 9
685 1001 12
685 724 6
687 915 2
687 718 3
692 746 16
693 772 6
696 935 3
697 925 2
698 840 6
698 873 6
698 987 2
698 764 6
700 790 1
702 1001 2
704 794 1
704 743 2
707 951 2
710 832 4
711 843 1
711 718 2
711 951 2
712 794 1
716 724 6
716 718 12
718 904 2
718 783 2
718 915 6
718 843 1
718 851 4
718 724 4
718 742 2
718 754 2
718 980 3
719 921 2
719 738 4
719 850 2
722 854 4
723 758 2
724 1001 2
724 951 12
724 796 2
731 915 2
731 794 1
732 843 1
738 923 2
738 783 4
739 915 2
740 788 2
740 879 2
742 769 8
742 900 2
742 915 4
742 794 1
742 863 2
743 765 2
745 1001 2
745 837 1
746 935 22
754 843 1
762 984 2
762 912 2
762 794 2
764 987 2
764 994 6
765 908 8
771 900 4
771 807 4
772 923 2
772 915 2
773 955 2
774 947 179
776 923 2
779 843 1
780 832 2
783 850 2
789 987 4
790 812 4
794 900 1
794 910 1
794 912 1
794 915 1
794 803 1
794 841 1
794 854 2
794 868 1
794 870 1
795 978 4
796 977 2
809 987 2
817 978 4
817 851 2
828 1001 2
832 936 4
832 977 4
837 1001 2
838 915 1
840 987 2
843 907 1
843 999 1
843 883 1
843 884 1
844 918 2
844 956 16
849 987 2
850 996 2
850 951 6
851 978 10
857 915 14
857 990 2
858 991 2
872 987 2
873 987 2
883 915 10
885 984 8
908 936 5
912 984 2
915 923 2
915 952 2
915 953 2
915 971 2
915 990 2
923 951 5
924 1001 2
925 987 2
925 955 4
934 951 2
936 951 2
951 976 6
951 996 4
954 978 4
955 987 4
957 978 4
977 1004 4
978 988 10
979 1001 2
987 994 2
996 1001 2
