0
1
2
3
4
5
6
7
8
9
10
11
12
13
14
15
16
17
18
19
20
21
22
23
24
25
26
27
28
29
30
31
32
33
34
35
36
37
38
39
40
41
42
43
44
45
46
47
48
49
50
51
52
53
54
55
56
57
58
59
60
61
62
63
64
65
66
67
68
69
70
71
72
73
74
75
76
77
78
79
80
81
82
83
84
85
86
87
88
89
90
91
92
93
94
95
96
97
98
99
100
101
102
103
104
105
106
107
108
109
110
111
112
113
114
115
116
117
118
119
120
121
122
123
124
125
126
127
128
129
130
131
132
133
134
135
136
137
138
139
141
142
143
144
145
146
147
148
149
150
151
152
153
154
155
157
158
159
160
161
162
163
164
165
166
167
168
169
170
171
172
173
174
175
176
177
178
179
180
181
182
183
184
185
186
187
188
189
190
191
192
193
194
195
196
197
198
199
200
201
202
203
204
205
206
207
208
209
210
211
212
213
214
215
216
217
218
219
220
221
222
223
224
225
226
227
228
229
230
231
232
233
235
236
237
238
239
240
241
242
243
244
245
246
247
248
249
250
251
252
253
254
255
256
257
259
260
262
263
264
265
266
267
268
269
270
271
272
273
274
275
276
277
278
279
280
281
282
283
284
285
286
287
288
289
290
291
292
293
294
295
296
297
299
300
301
302
303
304
305
306
307
308
309
310
311
312
313
314
315
316
317
318
319
320
321
322
323
324
325
326
327
328
329
330
331
332
333
334
335
336
337
338
339
340
341
343
344
345
346
347
348
349
350
351
352
353
355
356
357
358
359
360
361
362
364
365
366
367
368
369
370
371
372
373
374
375
376
377
378
379
380
381
382
383
384
385
386
387
388
389
390
391
392
393
394
395
396
397
398
399
400
401
402
403
404
405
406
407
408
409
410
411
412
413
414
415
416
418
419
420
421
422
423
424
425
426
427
428
429
430
431
432
433
434
435
436
437
438
439
440
441
442
443
444
445
446
447
448
449
450
451
452
453
454
455
456
457
458
459
460
461
462
464
465
466
467
468
469
470
471
472
473
474
475
476
477
478
479
480
481
482
483
484
485
486
487
488
489
490
491
492
493
495
496
497
498
499
500
501
502
503
504
505
506
507
508
509
510
511
512
513
514
515
516
517
518
519
520
521
522
523
524
525
526
527
528
530
531
532
533
534
535
536
537
538
539
540
541
542
543
544
545
546
547
548
549
550
551
552
553
554
556
557
558
559
560
561
562
563
564
565
566
567
568
569
570
571
572
573
574
575
576
577
578
579
580
581
582
583
584
585
586
587
588
589
590
591
592
593
594
595
596
597
598
599
600
601
602
603
604
605
606
607
609
610
611
612
613
614
615
616
617
618
619
621
622
623
624
625
626
627
628
629
630
631
632
633
634
635
636
637
638
639
640
641
642
643
644
645
646
647
648
649
650
651
652
653
654
655
656
657
658
659
660
661
662
663
664
665
666
667
668
669
670
671
672
673
674
675
676
677
678
679
680
681
682
683
684
685
686
687
688
689
690
691
692
693
694
695
696
697
698
699
700
701
702
703
704
705
706
707
708
709
710
711
712
713
714
715
716
717
718
719
720
721
722
723
724
725
726
727
728
729
730
731
732
733
734
735
736
737
738
739
740
741
742
743
744
745
746
747
748
749
750
751
752
753
754
756
757
758
759
760
761
762
763
764
765
767
768
769
770
771
772
773
774
775
776
777
778
779
780
781
782
783
784
785
786
787
788
789
790
791
792
793
794
795
796
797
798
799
800
801
802
803
804
805
806
807
808
809
810
811
812
813
814
815
816
817
818
819
820
821
822
823
824
825
826
827
828
829
830
831
832
833
834
835
836
837
838
839
840
841
842
843
844
845
846
847
848
849
850
851
852
853
854
855
856
857
858
859
860
861
862
863
864
865
866
867
868
869
870
871
872
873
874
875
876
877
878
879
880
881
882
883
884
885
886
887
888
889
890
891
892
893
894
895
896
897
898
899
900
901
902
903
904
905
906
907
908
909
910
911
912
913
914
915
916
917
918
919
920
921
922
923
924
925
926
927
928
929
930
931
932
933
934
935
936
937
938
939
940
941
942
943
944
945
946
947
948
949
950
951
952
953
954
955
956
957
958
960
961
962
963
964
965
966
967
968
969
970
971
972
973
974
975
976
977
978
979
980
981
982
983
984
985
986
987
988
989
990
991
992
993
994
995
996
997
998
999
1000
1001
1002
1003
1004
0 249 1
0 178 2
0 605 3
0 705 1
2 768 1
2 32 3
2 580 2
2 197 2
2 328 2
2 119 1
2 812 2
2 782 1
2 528 2
2 465 1
2 178 6
2 790 3
2 791 2
2 700 5
2 669 2
2 638 1
2 933 2
4 304 3
4 371 1
4 135 1
5 977 5
5 107 2
5 670 1
5 175 3
6 249 2
6 178 2
6 605 3
8 293 1
13 738 1
14 506 1
14 924 1
14 134 1
15 680 6
15 731 4
15 422 2
17 316 1
19 333 2
19 61 1
24 35 1
24 530 3
24 629 5
24 280 2
24 953 1
24 891 7
24 189 1
24 31 1
25 684 1
25 499 1
25 844 1
29 107 2
29 333 2
29 670 2
30 648 1
31 165 11
31 316 1
31 428 2
31 915 2
31 92 3
31 349 1
31 990 6
32 739 1
32 580 2
32 293 2
32 718 1
32 791 2
32 280 2
32 669 3
32 197 3
35 585 1
35 207 2
35 978 1
35 469 1
35 280 1
35 954 1
35 920 1
38 534 1
38 70 1
40 272 2
40 450 2
40 187 1
42 534 2
45 66 2
46 310 2
48 458 1
48 499 3
48 558 1
50 559 5
52 912 8
52 356 8
52 168 7
52 648 1
52 528 1
52 232 1
52 948 6
52 472 3
52 602 1
53 264 1
53 332 1
53 819 1
53 311 1
53 120 4
53 890 1
53 923 1
55 951 1
56 482 3
56 987 1
58 909 3
61 388 1
61 517 2
61 135 1
61 522 2
61 782 1
61 784 3
61 915 1
61 534 1
61 542 1
61 415 3
61 178 3
61 692 1
61 693 1
61 700 2
61 450 1
61 718 14
61 591 2
61 851 1
61 980 1
61 334 1
61 991 2
61 356 2
61 742 3
61 233 3
61 241 2
61 502 4
61 617 1
62 800 4
62 485 3
62 518 3
62 646 2
62 214 2
62 535 1
64 534 1
65 993 2
65 772 4
65 997 3
65 135 3
65 75 1
65 812 2
65 528 1
65 280 1
65 243 2
65 120 3
65 700 1
66 782 1
67 963 13
67 165 7
67 391 3
67 846 9
67 207 5
67 344 4
70 388 1
70 427 1
70 334 2
70 853 1
70 534 1
70 663 1
70 90 1
70 510 2
73 577 1
73 499 1
74 912 3
74 674 4
74 294 7
74 166 3
74 392 2
74 425 1
74 586 1
74 782 2
74 112 6
74 104 1
74 435 1
74 948 3
74 214 2
74 984 6
74 168 1
74 126 3
75 772 4
75 609 1
75 936 2
75 617 1
75 749 1
75 334 2
75 687 1
75 692 1
75 278 1
75 120 1
75 923 1
77 912 5
77 168 5
77 746 1
77 948 1
77 356 1
78 832 1
78 178 7
78 502 2
78 951 1
78 249 1
78 605 3
82 784 1
82 870 1
82 135 1
83 784 1
83 697 1
84 638 1
84 534 2
88 950 1
88 638 2
88 399 2
90 832 1
90 898 1
90 868 2
90 742 2
90 292 1
90 936 2
90 749 1
90 386 1
90 280 1
90 692 1
90 629 1
90 246 2
90 120 1
90 372 2
90 506 1
90 997 1
90 223 2
92 838 1
92 428 2
92 316 2
92 349 5
92 990 3
96 634 1
96 420 1
98 707 15
98 454 5
98 134 15
98 713 15
98 107 15
98 268 15
98 429 6
98 401 17
98 117 15
98 278 12
99 249 1
99 178 4
99 314 1
99 207 1
101 718 1
101 246 2
101 423 2
102 534 1
104 416 3
104 356 1
104 294 2
104 648 1
104 425 52
104 700 1
104 765 3
104 126 4
105 482 1
105 374 1
106 534 1
106 638 1
107 320 1
107 898 2
107 899 1
107 393 2
107 652 1
107 643 1
107 532 4
107 664 2
107 537 3
107 670 2
107 289 1
107 808 2
107 553 2
107 810 5
107 175 2
107 688 1
107 236 1
107 192 3
107 201 2
107 1004 2
107 335 3
107 464 2
107 468 2
107 985 2
107 737 1
107 208 1
107 118 2
107 980 1
107 381 2
109 913 3
109 356 4
109 425 1
109 721 2
111 946 5
112 674 17
112 803 6
112 356 8
112 517 1
112 166 1
112 392 9
112 267 16
112 782 3
112 472 2
112 313 4
112 700 1
113 854 1
113 646 2
113 518 1
114 977 1
118 732 4
119 465 1
120 290 2
120 707 4
120 196 3
120 198 3
120 454 4
120 609 3
120 193 1
120 772 10
120 752 4
120 703 1
120 948 3
120 278 2
120 633 2
120 997 3
120 253 1
120 191 2
122 924 2
124 518 1
125 323 1
125 676 2
125 139 1
125 206 1
125 622 2
125 534 2
125 510 2
126 586 16
126 721 3
126 435 1
126 948 3
126 790 2
126 500 3
126 700 2
127 595 1
129 577 3
133 528 1
133 168 1
133 948 1
133 383 2
134 425 3
135 581 8
135 870 3
135 161 2
135 329 3
135 170 6
135 371 2
135 942 11
135 851 2
135 628 2
135 245 1
135 233 4
135 292 4
135 405 1
136 200 6
136 302 1
136 207 2
136 915 1
136 952 5
136 316 3
138 850 1
138 383 1
139 601 1
139 282 1
139 534 1
141 280 1
141 920 1
141 978 1
141 469 1
141 630 3
142 224 1
142 267 4
142 428 1
142 915 7
142 280 2
142 953 1
142 316 3
142 351 1
143 544 1
143 280 1
143 739 2
147 416 2
147 577 6
147 931 1
147 933 1
147 454 1
147 972 1
147 171 1
147 748 1
147 590 2
147 355 1
147 277 1
147 890 1
147 347 1
147 686 1
147 285 1
147 926 1
147 715 1
149 293 1
151 700 2
151 278 1
153 977 14
154 534 1
157 356 1
157 517 1
157 926 1
157 746 2
157 684 1
157 277 1
157 535 1
157 586 1
157 542 2
157 415 1
158 506 1
159 334 1
160 920 1
160 629 1
161 936 1
161 993 1
161 581 2
161 901 1
163 799 1
163 518 1
163 646 3
163 895 2
164 638 1
164 943 1
165 428 1
165 207 6
165 401 15
165 316 2
165 990 2
166 674 1
166 356 1
166 517 2
166 743 1
166 586 13
166 267 1
166 332 1
166 782 1
166 573 1
166 946 3
166 435 6
166 500 5
166 948 1
166 883 1
167 978 3
167 274 1
167 851 2
167 469 1
167 920 1
167 954 1
167 181 1
168 260 7
168 266 2
168 912 43
168 472 24
168 416 3
168 425 12
168 556 2
168 557 1
168 948 8
168 439 1
168 313 5
168 966 2
168 586 1
168 332 2
168 984 2
168 868 1
168 730 1
168 607 2
168 356 15
168 744 1
168 232 7
169 372 2
170 581 7
170 231 7
170 784 1
170 245 7
170 855 7
171 577 1
171 933 1
171 590 1
173 506 11
175 832 1
175 423 1
175 335 1
175 849 5
175 275 3
178 409 3
178 538 3
178 415 10
178 929 4
178 418 1
178 295 2
178 990 1
178 693 3
178 569 2
178 314 5
178 700 5
178 710 3
178 333 6
178 976 2
178 465 1
178 978 1
178 339 2
178 470 7
178 599 4
178 605 22
178 862 9
178 991 2
178 482 1
178 228 2
178 362 2
178 502 24
178 249 4
178 767 3
181 920 2
181 274 1
184 977 1
184 754 2
184 843 1
184 732 1
185 833 2
185 762 1
185 987 2
185 415 1
187 568 1
187 450 1
187 695 1
188 207 1
188 920 1
188 978 1
188 469 2
188 502 1
188 280 1
188 431 1
189 428 1
189 334 1
189 595 1
189 629 1
189 214 1
189 410 1
190 920 1
190 274 1
191 752 1
191 316 2
191 220 1
192 381 1
193 633 1
196 435 1
198 454 1
199 506 10
199 996 1
200 806 1
200 971 5
200 428 1
200 344 2
200 952 4
200 543 2
200 316 9
200 351 4
206 534 1
207 484 2
207 424 2
207 585 1
207 428 4
207 301 1
207 558 1
207 469 3
207 630 2
207 888 1
207 954 1
207 795 1
207 988 1
207 349 1
207 990 3
207 373 1
214 290 4
214 811 1
214 502 2
214 518 3
214 951 2
214 940 1
214 738 1
214 334 6
214 783 2
214 912 13
214 595 1
214 499 2
214 662 3
214 695 1
214 923 1
214 316 2
214 765 1
216 321 1
216 458 2
216 558 2
216 499 1
216 956 2
216 319 1
220 362 2
220 483 1
220 471 1
223 415 1
224 428 1
224 316 1
224 349 1
225 700 1
225 716 2
225 951 2
228 502 7
228 693 1
228 470 1
228 249 1
228 605 5
229 306 2
229 374 1
229 742 3
229 415 3
231 738 1
231 874 1
231 994 1
231 783 1
231 338 4
231 245 8
231 987 3
231 540 13
232 356 6
232 425 13
232 586 1
232 782 2
232 946 7
232 790 1
232 472 7
233 692 1
233 245 1
233 935 7
235 923 1
235 316 2
236 977 1
236 537 1
239 609 1
239 951 1
239 783 1
241 280 1
241 469 1
243 367 1
243 607 4
245 581 2
245 264 1
245 329 2
245 874 1
245 624 1
245 764 1
245 540 2
246 724 5
246 423 4
247 534 1
248 586 1
248 415 1
249 519 1
249 409 1
249 538 1
249 929 1
249 693 1
249 314 1
249 710 1
249 333 1
249 976 1
249 470 1
249 599 1
249 605 4
249 862 1
249 991 1
249 502 1
249 767 1
250 332 1
250 913 2
250 948 2
250 356 1
250 886 1
251 482 2
253 290 2
256 721 2
256 356 8
256 294 3
260 912 1
264 540 2
266 912 6
266 425 1
267 838 2
267 392 3
267 700 1
267 586 2
267 658 3
267 948 1
267 782 4
267 631 1
267 891 9
267 988 3
267 517 1
272 754 1
272 379 1
272 900 1
272 662 1
274 630 4
274 920 1
274 988 1
275 849 4
278 290 2
278 502 1
278 415 1
280 902 3
280 647 1
280 656 2
280 920 3
280 530 6
280 915 5
280 547 2
280 421 1
280 422 1
280 301 1
280 561 1
280 953 1
280 846 1
280 851 2
280 526 1
280 990 1
280 293 1
280 739 2
280 360 1
280 629 7
280 631 1
280 469 1
284 680 2
284 731 10
285 577 1
288 610 9
288 484 9
288 773 9
288 391 11
288 846 12
288 629 12
288 630 1
289 810 1
289 899 2
290 589 4
293 502 1
293 697 4
293 862 2
294 356 3
294 782 1
294 885 1
294 984 3
299 329 1
299 634 1
299 509 1
301 469 1
302 428 1
302 316 1
304 936 1
304 441 1
306 784 4
306 659 2
306 742 3
306 374 7
309 534 1
310 638 2
310 343 1
313 416 2
313 912 2
313 356 10
313 425 1
313 721 2
313 946 12
313 948 1
313 472 3
313 730 3
313 602 2
314 929 3
314 710 2
314 470 1
314 599 1
314 605 4
316 647 2
316 915 18
316 543 1
316 806 2
316 428 10
316 392 2
316 952 2
316 953 2
316 971 2
316 344 1
316 857 3
316 349 2
316 990 4
316 351 5
316 888 1
318 704 1
318 684 1
318 332 3
319 458 1
319 618 1
319 558 1
319 499 1
319 1002 1
320 337 6
320 1004 3
321 618 1
321 499 1
322 534 1
323 534 1
327 849 1
329 738 2
329 587 1
329 994 1
329 910 1
329 624 2
329 775 3
329 343 1
329 427 2
329 798 3
332 542 1
332 356 9
332 517 2
332 844 3
332 586 9
332 684 1
332 782 4
332 912 3
332 435 4
332 500 18
332 472 1
332 948 2
332 383 1
333 470 2
333 569 1
333 605 3
333 767 1
334 534 2
334 388 1
334 356 2
334 746 1
334 910 2
334 687 1
334 851 1
334 692 3
334 502 2
334 772 2
334 415 1
335 537 8
335 553 1
337 505 2
337 581 1
337 343 1
338 849 1
338 540 1
338 987 1
338 511 2
343 388 1
343 534 2
343 951 1
343 399 5
343 853 1
343 950 3
343 663 2
346 634 1
346 559 2
349 838 10
349 976 1
349 888 1
349 953 2
353 891 2
353 630 2
353 391 2
355 577 1
356 648 5
356 782 1
356 912 13
356 730 1
356 425 8
356 948 10
356 574 1
356 586 4
356 721 12
356 472 23
356 602 8
356 743 2
356 744 5
356 765 1
360 629 1
360 526 1
362 486 3
362 909 1
362 528 2
362 922 1
362 383 16
364 582 3
365 732 1
369 913 7
369 535 1
369 407 1
371 528 1
371 441 1
373 391 2
374 400 5
374 659 4
376 601 2
376 634 1
377 977 1
377 866 3
378 514 1
379 568 1
381 881 2
381 532 7
383 720 4
383 517 2
383 716 1
383 589 1
383 528 2
383 500 2
383 887 4
383 568 2
383 891 4
383 586 6
388 509 1
388 638 2
390 784 5
391 750 2
391 445 1
392 674 4
392 803 1
393 843 1
397 891 1
400 659 1
400 813 1
401 429 33
401 454 11
401 415 16
402 649 1
407 936 1
407 585 1
407 977 1
409 638 1
409 605 3
409 470 1
410 650 1
410 663 2
414 995 1
415 517 2
415 783 1
415 923 1
415 542 2
415 811 3
415 429 2
415 687 1
415 692 1
415 670 3
415 833 1
415 450 3
415 591 1
415 718 1
415 742 2
415 617 2
415 502 3
415 946 5
416 425 6
416 648 3
416 782 5
416 435 2
416 948 9
416 790 2
418 996 9
420 559 8
421 469 1
422 680 4
422 731 9
423 849 6
423 977 3
424 469 1
424 990 5
425 868 1
425 648 3
425 912 6
425 946 4
425 518 1
425 948 9
425 949 1
425 439 1
425 472 2
427 955 2
427 534 1
428 629 1
428 915 14
428 917 1
428 953 1
428 857 3
428 990 2
429 454 13
433 951 1
435 586 16
435 782 4
435 948 4
435 885 2
435 984 1
435 500 16
435 573 4
439 912 5
439 949 4
444 535 2
450 742 3
450 870 2
450 586 1
450 591 1
450 915 2
451 469 1
454 772 3
458 577 1
458 684 1
458 558 2
458 499 1
458 918 1
458 956 4
460 534 1
465 812 1
466 662 2
466 695 1
469 547 1
469 614 1
469 817 1
469 978 4
469 630 3
469 954 1
469 795 1
469 957 1
470 710 1
470 693 2
470 599 1
470 538 1
470 605 5
470 862 1
470 789 4
471 987 1
472 744 2
472 912 4
472 946 3
474 534 1
477 534 1
480 580 2
482 990 1
484 629 1
484 630 9
485 518 1
485 799 1
489 534 1
493 629 1
499 704 1
499 679 1
499 844 3
499 558 1
499 918 2
499 618 1
500 814 1
500 586 9
500 782 7
500 542 1
500 573 5
502 854 3
502 528 1
502 538 2
502 693 1
502 710 2
502 851 3
502 605 4
502 862 5
502 995 1
502 746 2
502 749 3
503 565 2
505 509 4
506 996 3
506 1001 5
506 783 1
506 644 2
506 921 2
506 924 8
506 541 3
509 832 1
509 1004 4
510 534 4
511 849 3
511 789 1
513 518 1
514 832 1
514 1001 1
514 780 2
514 977 2
514 950 2
516 532 1
517 674 1
517 813 3
517 948 2
518 913 4
518 646 3
518 551 1
518 535 4
518 854 6
518 542 3
518 823 3
518 609 2
518 895 5
518 799 3
522 732 2
526 920 1
526 629 1
527 720 2
527 710 11
528 585 1
528 969 1
530 838 1
530 586 1
530 629 6
530 891 6
534 939 2
534 649 1
534 906 1
534 788 1
534 919 1
534 879 1
534 676 1
534 562 1
534 591 1
534 601 1
534 862 2
534 740 1
534 622 1
534 893 1
535 854 1
538 585 1
538 569 1
538 605 3
540 641 1
540 987 2
540 874 1
540 840 1
540 692 2
540 855 1
540 697 1
540 955 1
540 764 1
541 576 2
542 646 2
542 746 2
542 823 2
547 585 2
547 978 1
547 851 1
547 862 1
551 799 1
553 688 2
553 670 3
558 844 1
558 956 2
559 622 1
561 629 1
565 715 1
565 684 2
569 605 3
573 586 5
577 715 1
577 933 1
577 862 3
580 809 2
581 936 1
581 855 2
584 731 3
585 909 4
585 695 2
586 782 22
586 912 2
586 915 1
586 687 2
586 844 1
586 984 2
586 602 1
586 617 4
586 885 1
586 762 1
586 765 1
587 784 1
587 940 1
591 746 1
591 910 1
591 607 1
595 718 5
595 951 1
599 693 7
599 605 6
601 906 1
601 919 4
602 868 1
602 743 3
602 721 2
602 765 3
605 710 3
605 976 3
605 693 4
605 862 3
605 767 3
607 995 1
607 923 1
607 687 2
609 772 3
609 923 1
613 977 1
614 920 1
614 978 1
617 923 5
624 863 3
626 863 1
629 838 2
629 750 1
629 658 1
629 685 1
629 846 1
629 630 4
629 631 1
629 891 4
630 790 5
630 952 3
633 707 1
633 772 2
634 832 1
634 638 1
638 906 2
641 987 1
643 685 4
644 1001 2
644 924 1
647 990 1
648 912 3
648 948 5
648 765 7
649 951 2
650 682 1
654 738 2
654 783 1
654 682 1
654 991 5
656 920 2
656 988 2
656 951 1
658 685 1
659 784 2
662 900 2
663 943 1
668 746 6
668 813 3
668 935 1
670 688 1
672 946 1
674 803 4
674 948 1
680 896 1
680 707 1
680 731 4
682 738 1
682 783 1
684 844 5
687 746 1
692 833 1
692 746 1
692 749 1
692 910 1
692 830 1
697 771 1
697 784 1
697 855 6
697 925 1
698 987 1
700 812 3
700 881 1
700 790 1
700 862 2
700 991 1
703 784 6
707 749 2
707 951 1
715 926 2
716 718 3
718 742 3
718 724 5
718 883 3
719 921 1
719 738 1
720 833 1
720 935 1
720 746 3
720 813 1
721 743 2
721 908 1
721 765 4
723 758 1
724 1004 2
725 940 1
730 912 2
737 849 2
738 923 1
738 837 1
738 745 1
738 951 1
738 850 4
738 921 1
738 783 3
738 828 1
742 900 4
743 948 2
743 868 1
745 828 3
746 870 2
746 935 8
746 775 1
746 813 7
746 920 2
750 891 1
752 887 1
758 956 2
758 918 1
762 984 2
764 874 1
764 994 1
765 868 1
765 908 5
765 948 1
772 883 1
774 947 12
779 843 2
779 790 2
780 977 3
782 997 3
782 974 2
782 790 1
782 984 3
782 890 1
783 979 1
784 901 4
784 870 1
790 956 1
790 977 4
790 948 4
795 851 2
796 977 1
799 895 5
803 948 1
809 987 1
811 833 1
813 996 1
813 935 3
823 895 3
832 977 2
833 987 2
840 874 1
843 883 1
843 907 2
849 987 5
850 987 2
850 924 7
851 920 2
851 978 5
851 915 2
857 915 1
858 991 1
862 909 2
863 993 1
863 994 2
865 995 3
865 951 2
866 951 3
867 974 1
868 948 3
872 987 1
873 874 1
873 925 2
890 923 2
892 915 1
901 993 1
912 984 2
915 990 1
919 1000 3
920 988 1
921 923 1
924 996 1
950 977 6
953 957 1
954 978 1
955 987 3
969 977 1
974 984 1
977 1004 4
