0
1
2
3
4
5
6
7
8
9
10
11
12
13
14
15
16
17
18
19
20
21
22
23
24
25
26
27
28
29
30
31
32
33
34
35
36
37
38
39
40
41
42
43
44
45
46
47
48
49
50
51
52
53
54
55
56
57
58
59
60
61
62
63
64
65
66
67
68
69
70
71
72
73
74
75
76
77
78
79
80
81
82
83
84
85
86
87
88
89
90
91
92
93
94
95
96
97
98
99
100
101
102
103
104
105
106
107
108
109
110
111
112
113
114
115
116
117
118
119
120
121
122
123
124
125
126
127
128
129
130
131
132
133
134
135
136
137
138
139
141
142
143
144
145
146
147
148
149
150
151
152
153
154
155
157
158
159
160
161
162
163
164
165
166
167
168
169
170
171
172
173
174
175
176
177
178
179
180
181
182
183
184
185
186
187
188
189
190
191
192
193
194
195
196
197
198
199
200
201
202
203
204
205
206
207
208
209
210
211
212
213
214
215
216
217
218
219
220
221
222
223
224
225
226
227
228
229
230
231
232
233
235
236
237
238
239
240
241
242
243
244
245
246
247
248
249
250
251
252
253
254
255
256
257
259
260
262
263
264
265
266
267
268
269
270
271
272
273
274
275
276
277
278
279
280
281
282
283
284
285
286
287
288
289
290
291
292
293
294
295
296
297
299
300
301
302
303
304
305
306
307
308
309
310
311
312
313
314
315
316
317
318
319
320
321
322
323
324
325
326
327
328
329
330
331
332
333
334
335
336
337
338
339
340
341
343
344
345
346
347
348
349
350
351
352
353
355
356
357
358
359
360
361
362
364
365
366
367
368
369
370
371
372
373
374
375
376
377
378
379
380
381
382
383
384
385
386
387
388
389
390
391
392
393
394
395
396
397
398
399
400
401
402
403
404
405
406
407
408
409
410
411
412
413
414
415
416
418
419
420
421
422
423
424
425
426
427
428
429
430
431
432
433
434
435
436
437
438
439
440
441
442
443
444
445
446
447
448
449
450
451
452
453
454
455
456
457
458
459
460
461
462
464
465
466
467
468
469
470
471
472
473
474
475
476
477
478
479
480
481
482
483
484
485
486
487
488
489
490
491
492
493
495
496
497
498
499
500
501
502
503
504
505
506
507
508
509
510
511
512
513
514
515
516
517
518
519
520
521
522
523
524
525
526
527
528
530
531
532
533
534
535
536
537
538
539
540
541
542
543
544
545
546
547
548
549
550
551
552
553
554
556
557
558
559
560
561
562
563
564
565
566
567
568
569
570
571
572
573
574
575
576
577
578
579
580
581
582
583
584
585
586
587
588
589
590
591
592
593
594
595
596
597
598
599
600
601
602
603
604
605
606
607
609
610
611
612
613
614
615
616
617
618
619
621
622
623
624
625
626
627
628
629
630
631
632
633
634
635
636
637
638
639
640
641
642
643
644
645
646
647
648
649
650
651
652
653
654
655
656
657
658
659
660
661
662
663
664
665
666
667
668
669
670
671
672
673
674
675
676
677
678
679
680
681
682
683
684
685
686
687
688
689
690
691
692
693
694
695
696
697
698
699
700
701
702
703
704
705
706
707
708
709
710
711
712
713
714
715
716
717
718
719
720
721
722
723
724
725
726
727
728
729
730
731
732
733
734
735
736
737
738
739
740
741
742
743
744
745
746
747
748
749
750
751
752
753
754
756
757
758
759
760
761
762
763
764
765
767
768
769
770
771
772
773
774
775
776
777
778
779
780
781
782
783
784
785
786
787
788
789
790
791
792
793
794
795
796
797
798
799
800
801
802
803
804
805
806
807
808
809
810
811
812
813
814
815
816
817
818
819
820
821
822
823
824
825
826
827
828
829
830
831
832
833
834
835
836
837
838
839
840
841
842
843
844
845
846
847
848
849
850
851
852
853
854
855
856
857
858
859
860
861
862
863
864
865
866
867
868
869
870
871
872
873
874
875
876
877
878
879
880
881
882
883
884
885
886
887
888
889
890
891
892
893
894
895
896
897
898
899
900
901
902
903
904
905
906
907
908
909
910
911
912
913
914
915
916
917
918
919
920
921
922
923
924
925
926
927
928
929
930
931
932
933
934
935
936
937
938
939
940
941
942
943
944
945
946
947
948
949
950
951
952
953
954
955
956
957
958
960
961
962
963
964
965
966
967
968
969
970
971
972
973
974
975
976
977
978
979
980
981
982
983
984
985
986
987
988
989
990
991
992
993
994
995
996
997
998
999
1000
1001
1002
1003
1004
0 184 2
0 977 1
0 214 1
2 231 1
2 876 3
2 334 1
2 782 3
2 790 2
2 700 1
2 629 1
5 506 2
5 107 1
5 532 1
5 605 1
5 491 1
6 120 1
6 506 1
6 470 1
8 544 1
8 731 1
13 516 1
14 32 1
14 644 1
14 702 3
15 680 6
15 520 2
15 731 3
16 777 1
16 19 1
16 718 4
21 656 1
24 280 1
24 160 1
24 530 3
24 629 3
24 846 1
25 48 1
28 987 4
29 808 2
29 107 1
29 506 1
29 899 1
30 765 4
31 990 1
32 696 1
32 746 1
32 716 2
32 718 2
35 978 1
35 851 1
38 832 1
39 923 1
40 214 1
41 704 1
41 1000 1
41 73 2
41 48 4
41 723 2
41 758 4
41 503 1
48 684 4
48 1000 3
48 458 1
48 844 1
48 558 1
48 499 1
48 723 2
48 216 1
48 763 2
48 956 1
48 319 1
50 559 3
52 356 2
52 648 1
52 425 1
52 948 2
52 472 1
52 868 3
52 126 2
53 193 1
53 923 1
53 997 1
53 609 2
53 633 1
53 890 1
53 443 2
53 542 1
53 703 1
56 987 9
56 772 1
58 951 1
61 891 1
61 991 4
62 800 3
62 214 1
62 646 1
64 139 1
65 220 2
65 334 2
66 782 1
67 963 5
67 165 1
67 391 1
67 846 3
67 207 1
67 656 1
67 344 1
68 987 4
69 735 1
69 879 1
70 120 3
70 768 1
70 388 3
70 343 1
71 595 1
72 772 1
72 214 2
73 1000 1
73 499 1
75 995 2
75 772 3
75 334 1
75 468 1
75 891 3
75 607 1
77 260 6
77 168 23
77 521 1
77 266 2
77 556 1
77 912 11
77 949 2
77 439 2
77 699 1
82 528 1
83 784 2
83 697 1
86 863 1
90 609 2
90 923 1
90 997 1
90 334 1
91 617 1
92 428 1
92 316 2
92 142 1
95 873 1
95 987 4
96 420 1
98 401 2
98 268 2
98 454 1
98 713 1
99 929 2
99 862 3
101 423 1
103 423 2
105 863 1
106 337 3
107 898 1
107 643 1
107 236 1
107 652 1
107 664 1
107 537 1
107 670 1
107 808 1
107 553 1
107 810 1
107 175 1
107 393 1
107 440 1
107 320 1
107 201 3
107 335 2
107 464 1
107 468 1
107 985 1
107 208 1
107 1004 1
107 118 1
107 120 3
107 980 1
107 381 1
109 721 1
109 913 3
112 674 2
112 356 1
112 517 1
112 166 1
112 267 4
112 472 2
112 313 3
114 977 1
114 403 1
114 700 1
114 716 1
114 718 2
117 268 1
120 772 5
120 907 1
120 656 1
120 274 2
120 278 1
120 535 1
120 920 2
120 388 1
120 923 2
120 542 2
120 425 1
120 178 2
120 566 1
120 696 2
120 316 5
120 190 6
120 703 1
120 963 1
120 454 1
120 609 1
120 718 3
120 850 1
120 343 2
120 987 1
120 220 5
120 865 1
120 226 1
120 229 2
120 742 1
120 617 2
120 754 4
120 499 1
120 629 1
120 502 1
120 233 4
120 765 2
120 127 1
122 924 1
122 718 2
125 139 1
126 586 2
126 782 4
126 790 2
126 166 1
127 777 1
127 843 1
127 595 1
133 602 1
133 765 1
134 746 1
134 268 1
134 566 1
135 153 1
136 915 1
136 316 1
136 142 3
136 806 2
137 863 1
139 322 2
139 323 1
139 676 1
139 487 1
139 939 2
139 206 1
139 622 1
139 534 1
139 601 1
139 154 1
139 477 1
139 510 1
141 978 1
142 200 1
142 267 3
142 428 1
142 274 1
142 915 3
142 857 1
143 544 1
143 731 1
147 577 4
147 268 2
147 277 2
147 933 1
147 157 1
149 716 1
150 600 1
150 435 1
152 863 1
153 418 1
153 995 1
153 996 2
153 581 1
153 329 1
153 746 1
153 588 1
153 482 1
153 977 6
153 818 4
153 692 1
153 245 1
153 855 1
153 764 1
153 540 1
157 577 1
157 740 1
157 746 1
157 171 1
157 590 1
159 923 1
159 931 1
159 214 2
160 507 1
160 428 2
160 367 1
160 280 1
160 891 1
161 863 1
164 638 2
165 401 4
165 207 1
166 416 1
166 674 1
166 392 1
166 586 2
166 500 7
166 762 1
167 978 2
167 547 1
167 469 2
167 607 1
168 260 18
168 232 7
168 425 4
168 266 28
168 332 4
168 356 1
168 912 52
168 984 2
168 946 1
168 948 3
168 949 12
168 439 15
168 472 17
168 500 1
168 699 3
168 765 1
168 575 2
169 595 1
169 716 1
170 697 1
170 581 1
170 855 1
171 347 3
173 506 1
175 849 3
175 423 1
178 482 6
178 470 2
178 752 1
178 693 3
178 502 4
178 249 4
178 569 2
178 314 1
178 605 8
178 862 4
180 958 1
184 977 1
185 833 1
185 762 1
187 450 1
187 947 1
188 978 1
188 431 1
189 1004 3
189 718 4
190 614 2
190 656 2
190 274 1
190 471 1
190 415 1
191 371 1
191 692 1
191 581 1
192 381 2
193 338 1
193 443 1
193 923 1
193 997 3
196 401 1
196 268 2
199 506 1
200 971 1
200 428 1
200 915 6
200 952 1
200 316 1
203 863 1
207 428 2
207 978 1
207 469 2
207 988 1
207 349 1
213 863 1
214 609 1
214 290 2
214 662 1
214 518 1
214 334 1
214 367 1
214 912 1
214 712 2
214 531 1
214 500 4
214 693 1
214 278 2
214 923 3
214 765 1
216 321 4
220 609 2
220 772 4
220 383 3
223 746 1
224 316 1
228 605 1
228 502 3
228 693 1
229 443 3
229 374 1
229 863 1
231 731 1
231 423 1
231 840 2
231 233 1
231 874 3
231 334 1
231 468 1
231 245 1
231 987 4
231 540 1
232 356 2
232 425 3
232 912 4
232 744 1
232 946 1
232 790 4
232 472 8
232 765 1
232 575 2
233 746 2
233 935 4
233 749 4
233 692 3
233 245 3
233 863 1
235 923 2
236 537 1
236 980 1
239 609 1
239 923 1
239 324 1
241 326 1
243 772 2
243 718 2
245 874 3
245 987 4
245 764 1
246 423 1
248 550 2
249 506 3
249 470 1
251 987 4
256 721 1
256 730 1
256 356 1
260 266 11
260 912 7
260 949 4
260 439 4
264 338 2
264 540 4
266 912 6
266 946 2
266 948 2
266 949 2
266 790 3
266 439 11
266 699 10
267 586 4
267 435 1
268 454 4
268 713 2
268 1003 1
268 429 1
268 401 1
268 633 1
273 951 11
274 614 1
274 951 1
275 849 3
280 772 1
280 902 3
280 526 1
280 530 5
280 851 5
280 629 1
280 920 3
280 281 1
280 891 2
280 915 5
281 772 2
281 718 4
284 680 3
284 731 2
288 610 19
288 484 19
288 391 19
288 846 26
288 750 2
288 629 26
289 899 1
290 923 1
290 589 1
290 367 3
293 718 2
294 984 1
294 586 8
294 885 5
294 759 2
299 316 1
299 629 1
300 784 3
301 978 1
306 400 1
306 585 4
306 528 2
306 659 1
306 374 1
306 863 1
307 863 1
308 418 1
310 735 1
310 343 1
311 987 4
311 925 1
313 721 1
313 356 3
313 472 1
314 929 4
314 693 2
314 605 1
315 863 1
315 423 3
316 772 3
316 428 5
316 952 4
316 915 8
316 857 1
316 953 1
316 349 3
316 990 3
317 863 1
319 1000 1
322 832 2
322 323 1
322 528 1
322 919 1
322 376 1
322 474 1
322 603 1
324 585 3
324 534 1
326 587 1
329 819 3
329 540 2
332 700 1
332 912 1
332 539 1
332 500 8
334 772 2
334 812 2
334 687 1
334 500 1
334 923 1
334 414 1
334 607 1
335 440 4
337 505 5
337 603 2
338 624 2
338 819 1
338 987 5
338 540 1
341 915 1
343 663 1
347 912 1
347 577 1
347 933 3
349 428 3
351 782 1
353 391 2
355 933 1
356 721 1
356 648 1
356 425 7
356 946 3
356 687 1
356 912 1
356 744 3
356 472 7
356 948 4
356 730 3
356 923 2
356 765 1
360 629 1
361 987 4
365 716 2
367 528 1
367 940 1
367 720 1
367 978 1
367 696 1
367 923 1
369 913 2
369 535 2
371 441 1
374 863 1
376 832 1
376 634 1
376 919 1
377 772 1
377 718 4
378 514 4
378 603 1
381 644 1
383 528 2
383 586 2
383 526 3
390 784 2
398 712 4
400 813 5
400 863 1
401 454 5
401 429 2
401 415 2
403 977 1
404 595 1
407 977 1
410 815 1
414 891 17
414 995 4
414 591 1
416 648 6
416 425 4
416 948 3
418 996 4
418 977 1
420 879 1
420 559 1
421 424 3
421 978 1
421 795 3
422 731 3
423 849 4
424 978 1
425 912 10
425 946 5
425 790 9
425 948 7
428 806 2
428 915 7
428 953 1
428 952 3
428 857 2
429 454 2
433 987 9
435 586 3
435 948 1
435 500 1
435 573 1
438 818 4
439 946 2
439 948 2
439 949 9
439 699 5
440 537 1
443 450 1
443 662 1
443 863 1
444 535 2
445 891 1
450 915 2
454 609 1
454 772 6
454 1003 2
458 577 1
458 684 2
458 1000 1
464 980 4
469 851 3
469 978 1
469 630 3
470 789 1
472 912 4
472 946 6
472 923 1
472 575 3
476 923 1
478 818 4
480 987 4
482 987 4
484 716 1
484 630 2
485 542 1
499 704 2
499 618 1
499 684 1
500 782 1
500 586 6
500 814 5
500 687 2
500 923 8
500 575 1
502 746 1
502 878 1
502 528 1
502 605 1
503 704 3
503 723 1
503 1000 1
503 758 1
505 603 1
506 644 2
506 541 1
506 921 1
506 923 1
506 996 1
509 603 1
512 978 1
514 832 4
514 1001 4
514 780 5
514 977 4
514 950 4
514 603 1
516 790 4
517 948 1
520 680 3
521 912 3
522 546 1
522 732 1
522 718 2
523 863 1
526 528 2
527 710 2
527 870 2
528 772 2
528 980 3
528 663 1
530 746 1
530 851 2
530 629 7
530 630 3
530 920 2
530 857 1
530 891 6
530 915 3
531 746 1
531 987 4
534 649 1
534 746 1
534 939 1
534 634 3
540 736 3
540 955 3
540 874 3
540 749 1
540 624 2
540 840 3
540 692 2
540 987 4
541 738 2
542 646 1
542 823 2
544 739 1
544 669 1
546 844 1
547 978 1
550 844 1
550 671 1
551 799 1
551 895 1
552 978 1
558 1000 1
563 731 1
565 684 1
566 772 3
566 775 1
570 863 1
571 935 1
573 586 2
575 966 3
575 912 3
581 855 1
582 987 4
584 680 1
584 731 1
585 851 1
586 782 3
586 687 1
586 885 2
586 984 8
586 923 5
591 746 1
591 923 2
591 607 1
595 934 1
595 746 2
595 718 4
595 752 1
601 676 2
602 721 1
602 765 3
603 780 1
603 822 1
603 735 1
605 693 1
605 670 1
606 863 1
607 692 1
607 687 1
609 707 2
609 772 8
609 997 3
609 951 2
609 633 1
609 890 2
609 923 1
613 772 1
614 978 1
617 811 1
617 692 2
624 731 1
626 863 1
633 923 1
641 987 4
643 657 1
643 716 2
643 685 3
643 670 1
644 664 1
644 738 1
648 765 7
648 721 1
650 828 1
650 686 1
654 783 1
654 991 2
656 920 1
658 731 1
658 990 3
659 863 1
660 863 1
662 819 2
662 835 1
665 746 1
668 720 1
668 746 10
671 692 1
671 687 1
673 863 1
680 707 1
680 731 3
684 746 1
687 923 11
687 746 1
692 995 2
692 746 3
692 863 1
692 749 1
692 752 1
696 731 1
697 784 1
697 925 1
697 855 5
698 987 4
699 912 1
699 946 2
699 948 3
700 840 1
700 866 1
700 782 1
700 790 1
703 863 1
704 758 1
707 880 2
707 923 3
716 866 1
716 718 4
718 777 2
718 883 2
718 969 2
718 843 2
718 724 2
718 732 2
718 866 4
718 746 1
718 754 2
718 980 1
720 746 7
720 813 1
720 935 10
721 743 1
723 1000 1
724 1004 8
731 739 1
731 870 1
731 797 1
736 863 1
737 849 3
738 761 1
738 850 1
738 772 2
739 772 1
739 915 1
742 746 1
742 863 1
744 946 1
745 837 1
746 775 1
746 923 1
746 935 21
746 813 9
746 915 1
749 935 1
752 784 1
752 865 1
758 844 3
758 918 2
758 956 2
759 984 2
764 874 3
764 987 4
765 948 8
765 923 1
769 863 1
772 775 2
772 783 1
772 912 2
772 923 1
772 812 1
772 993 1
772 866 3
774 947 6
774 863 1
782 806 2
782 838 1
782 984 1
784 863 1
789 987 4
790 977 1
790 885 1
790 868 1
790 863 2
795 978 1
795 851 1
796 987 4
798 863 1
806 838 1
807 818 4
807 863 2
808 899 1
809 987 8
813 935 1
817 978 1
818 997 4
819 890 2
823 895 4
835 863 1
840 874 3
840 987 4
849 987 4
851 978 11
851 915 1
854 948 1
855 955 3
857 915 1
863 901 2
863 993 1
863 1002 1
872 987 4
873 874 3
873 987 4
875 923 1
878 929 1
880 890 3
880 923 2
890 923 6
891 995 6
901 909 2
912 948 1
915 920 1
915 923 2
923 951 2
925 955 1
946 948 4
954 978 1
954 957 1
955 987 7
957 978 2
977 996 2
977 1004 5
978 988 1
987 994 5
