0
1
2
3
4
5
6
7
8
9
10
11
12
13
14
15
16
17
18
19
20
21
22
23
24
25
26
27
28
29
30
31
32
33
34
35
36
37
38
39
40
41
42
43
44
45
46
47
48
49
50
51
52
53
54
55
56
57
58
59
60
61
62
63
64
65
66
67
68
69
70
71
72
73
74
75
76
77
78
79
80
81
82
83
84
85
86
87
88
89
90
91
92
93
94
95
96
97
98
99
100
101
102
103
104
105
106
107
108
109
110
111
112
113
114
115
116
117
118
119
120
121
122
123
124
125
126
127
128
129
130
131
132
133
134
135
136
137
138
139
141
142
143
144
145
146
147
148
149
150
151
152
153
154
155
157
158
159
160
161
162
163
164
165
166
167
168
169
170
171
172
173
174
175
176
177
178
179
180
181
182
183
184
185
186
187
188
189
190
191
192
193
194
195
196
197
198
199
200
201
202
203
204
205
206
207
208
209
210
211
212
213
214
215
216
217
218
219
220
221
222
223
224
225
226
227
228
229
230
231
232
233
235
236
237
238
239
240
241
242
243
244
245
246
247
248
249
250
251
252
253
254
255
256
257
259
260
262
263
264
265
266
267
268
269
270
271
272
273
274
275
276
277
278
279
280
281
282
283
284
285
286
287
288
289
290
291
292
293
294
295
296
297
299
300
301
302
303
304
305
306
307
308
309
310
311
312
313
314
315
316
317
318
319
320
321
322
323
324
325
326
327
328
329
330
331
332
333
334
335
336
337
338
339
340
341
343
344
345
346
347
348
349
350
351
352
353
355
356
357
358
359
360
361
362
364
365
366
367
368
369
370
371
372
373
374
375
376
377
378
379
380
381
382
383
384
385
386
387
388
389
390
391
392
393
394
395
396
397
398
399
400
401
402
403
404
405
406
407
408
409
410
411
412
413
414
415
416
418
419
420
421
422
423
424
425
426
427
428
429
430
431
432
433
434
435
436
437
438
439
440
441
442
443
444
445
446
447
448
449
450
451
452
453
454
455
456
457
458
459
460
461
462
464
465
466
467
468
469
470
471
472
473
474
475
476
477
478
479
480
481
482
483
484
485
486
487
488
489
490
491
492
493
495
496
497
498
499
500
501
502
503
504
505
506
507
508
509
510
511
512
513
514
515
516
517
518
519
520
521
522
523
524
525
526
527
528
530
531
532
533
534
535
536
537
538
539
540
541
542
543
544
545
546
547
548
549
550
551
552
553
554
556
557
558
559
560
561
562
563
564
565
566
567
568
569
570
571
572
573
574
575
576
577
578
579
580
581
582
583
584
585
586
587
588
589
590
591
592
593
594
595
596
597
598
599
600
601
602
603
604
605
606
607
609
610
611
612
613
614
615
616
617
618
619
621
622
623
624
625
626
627
628
629
630
631
632
633
634
635
636
637
638
639
640
641
642
643
644
645
646
647
648
649
650
651
652
653
654
655
656
657
658
659
660
661
662
663
664
665
666
667
668
669
670
671
672
673
674
675
676
677
678
679
680
681
682
683
684
685
686
687
688
689
690
691
692
693
694
695
696
697
698
699
700
701
702
703
704
705
706
707
708
709
710
711
712
713
714
715
716
717
718
719
720
721
722
723
724
725
726
727
728
729
730
731
732
733
734
735
736
737
738
739
740
741
742
743
744
745
746
747
748
749
750
751
752
753
754
756
757
758
759
760
761
762
763
764
765
767
768
769
770
771
772
773
774
775
776
777
778
779
780
781
782
783
784
785
786
787
788
789
790
791
792
793
794
795
796
797
798
799
800
801
802
803
804
805
806
807
808
809
810
811
812
813
814
815
816
817
818
819
820
821
822
823
824
825
826
827
828
829
830
831
832
833
834
835
836
837
838
839
840
841
842
843
844
845
846
847
848
849
850
851
852
853
854
855
856
857
858
859
860
861
862
863
864
865
866
867
868
869
870
871
872
873
874
875
876
877
878
879
880
881
882
883
884
885
886
887
888
889
890
891
892
893
894
895
896
897
898
899
900
901
902
903
904
905
906
907
908
909
910
911
912
913
914
915
916
917
918
919
920
921
922
923
924
925
926
927
928
929
930
931
932
933
934
935
936
937
938
939
940
941
942
943
944
945
946
947
948
949
950
951
952
953
954
955
956
957
958
960
961
962
963
964
965
966
967
968
969
970
971
972
973
974
975
976
977
978
979
980
981
982
983
984
985
986
987
988
989
990
991
992
993
994
995
996
997
998
999
1000
1001
1002
1003
1004
1 310 2
2 812 1
2 77 6
2 465 1
2 119 1
2 700 1
2 991 1
4 720 1
4 441 1
5 175 1
5 335 1
7 810 2
12 720 1
13 738 1
14 881 1
14 738 1
15 680 2
15 731 2
15 422 1
16 506 1
17 915 1
28 987 1
29 333 1
29 335 1
31 915 3
32 143 1
35 469 1
38 322 1
40 290 1
40 566 1
45 66 2
45 227 1
48 684 1
52 168 4
52 416 1
52 472 1
52 356 1
52 232 1
53 416 1
56 280 1
56 987 1
58 577 1
58 338 1
61 607 3
61 991 5
62 214 1
62 542 3
62 646 2
65 607 1
66 227 1
67 963 6
67 165 6
67 846 5
67 207 5
67 561 4
67 344 5
68 987 1
72 135 9
77 369 3
77 266 3
77 699 1
77 575 3
78 506 1
82 720 1
83 771 1
90 167 1
90 663 1
90 191 1
90 199 1
92 915 3
95 987 1
96 788 1
96 638 1
96 223 1
98 707 4
98 454 4
98 134 4
98 713 4
98 107 6
98 268 4
98 429 4
98 592 4
98 401 7
98 291 3
98 117 4
98 278 1
98 607 1
101 423 1
102 534 1
103 423 1
104 765 1
107 713 1
107 810 1
107 236 5
107 898 1
107 532 1
107 670 2
111 586 1
113 854 2
117 268 1
118 502 1
118 335 1
125 676 1
125 622 1
126 984 2
126 313 1
126 586 6
126 730 1
127 607 1
134 592 1
134 738 1
135 581 3
135 329 2
135 942 2
135 720 2
135 936 4
135 692 1
135 405 1
136 200 1
136 915 4
141 362 1
141 469 1
142 915 3
142 165 1
143 696 2
143 410 2
146 326 2
147 416 1
147 454 2
152 443 1
157 586 1
157 684 1
157 166 1
159 742 2
159 743 1
159 329 1
159 209 1
159 978 1
159 915 1
159 663 3
159 671 1
165 207 3
165 401 8
165 915 1
165 344 2
165 316 2
166 704 1
167 978 1
167 469 1
168 416 1
168 966 1
168 586 1
168 782 2
168 912 7
168 949 1
168 472 2
169 372 1
170 720 1
170 405 1
170 855 1
173 506 1
173 541 1
175 275 3
175 532 1
175 335 1
178 482 1
178 646 1
178 333 2
178 334 3
178 693 1
178 502 4
184 832 1
184 710 1
184 423 1
185 987 1
188 978 2
188 988 1
188 469 1
189 880 1
189 236 1
192 506 1
199 644 1
200 915 3
201 335 1
207 424 5
207 795 4
207 469 2
208 335 1
214 912 1
214 617 1
214 629 2
214 742 1
216 321 4
220 772 1
223 322 1
223 939 1
223 638 1
223 879 1
228 362 1
228 605 3
231 994 1
231 738 4
231 624 2
231 245 1
231 698 1
231 987 1
232 912 1
232 966 1
233 245 1
236 320 1
236 1004 5
236 335 1
236 980 1
236 537 2
241 469 1
245 698 1
245 987 1
245 540 2
246 423 1
248 506 1
250 416 2
250 886 1
251 987 1
256 416 1
260 416 1
266 416 1
267 586 5
268 633 1
268 291 1
268 454 1
269 925 1
275 849 1
281 497 1
281 905 1
291 401 4
291 429 1
293 724 1
293 711 1
299 388 4
299 559 1
301 469 1
302 915 1
303 950 1
304 720 1
304 441 1
306 771 2
306 742 5
310 586 1
311 987 2
313 416 1
316 915 4
316 629 2
316 890 2
316 415 1
316 607 1
319 684 1
319 956 1
321 618 1
322 343 2
322 879 3
329 540 1
332 782 1
333 506 1
334 388 1
334 586 1
334 607 5
335 643 1
335 532 1
335 664 1
335 537 1
335 670 1
335 808 1
335 553 1
335 810 1
335 688 1
335 464 1
335 468 1
335 985 1
335 737 1
335 867 2
335 1004 1
335 980 1
335 381 1
338 987 2
341 915 2
343 663 1
344 952 1
344 915 1
356 912 3
356 602 1
356 684 1
356 586 1
361 987 1
362 704 1
362 421 1
362 371 1
362 900 2
364 506 1
364 987 1
371 720 1
372 404 1
374 953 1
377 393 1
377 586 1
377 630 1
383 720 2
383 732 1
398 712 2
401 454 5
401 429 8
401 415 5
404 506 1
407 843 2
409 506 1
416 912 6
416 439 1
416 927 1
416 949 1
418 977 3
418 996 2
420 509 1
421 424 6
421 795 1
421 469 1
423 977 2
424 469 1
424 795 7
427 540 1
428 857 1
428 915 7
428 838 2
429 454 4
432 987 1
433 987 1
444 471 2
447 586 2
450 546 1
454 592 1
456 720 1
458 577 5
458 684 1
458 956 1
458 918 1
469 547 1
469 817 1
469 954 1
469 795 1
469 957 1
471 987 1
472 912 1
472 782 4
482 531 1
482 987 1
483 607 1
491 506 1
491 644 1
499 684 1
502 862 3
502 607 1
506 688 1
506 644 1
506 745 1
506 599 1
506 702 1
506 921 1
506 783 1
506 670 1
510 622 1
512 979 1
514 950 1
517 586 1
517 684 1
526 530 1
527 720 1
530 630 1
530 891 6
530 629 5
531 987 1
531 607 5
532 553 2
532 790 1
534 638 1
534 607 1
535 586 1
535 684 1
540 832 2
540 994 1
540 987 1
540 698 1
540 955 4
541 738 1
542 586 1
542 684 1
543 915 3
546 900 1
549 866 1
559 622 1
565 704 1
565 723 1
568 596 2
569 607 3
572 862 1
572 951 1
573 586 1
575 782 3
581 720 1
581 936 2
582 987 1
586 743 1
586 617 1
586 684 2
586 687 1
586 984 7
587 720 8
591 607 3
597 738 1
602 908 1
602 765 1
605 789 1
607 612 1
607 742 1
607 692 1
607 718 1
607 687 1
612 633 1
617 687 1
628 720 1
629 891 2
630 978 2
641 987 1
644 738 2
647 915 3
650 682 2
650 738 1
650 654 1
650 783 1
654 738 1
654 682 1
654 991 3
659 742 2
672 844 1
680 720 1
682 738 1
682 783 1
684 743 1
697 720 1
698 840 1
698 873 1
698 764 1
709 851 1
709 980 1
720 833 1
720 870 2
720 936 1
720 871 1
720 855 3
731 870 1
738 1001 1
738 783 1
738 979 1
738 921 2
738 923 2
739 915 2
742 769 1
742 771 2
742 784 2
742 915 3
758 956 1
761 881 1
761 866 3
762 984 1
762 765 1
764 987 1
765 908 1
771 901 2
774 947 16
789 987 1
790 956 3
790 812 5
795 978 1
809 987 1
817 851 1
832 955 2
840 987 1
844 918 1
849 987 1
851 978 1
851 980 1
857 915 3
858 991 2
872 987 1
873 987 1
881 928 2
912 949 3
915 952 1
915 953 1
915 971 3
915 990 3
955 987 1
977 1001 1
977 1004 2
987 994 1
