0
1
2
3
4
5
6
7
8
9
10
11
12
13
14
15
16
17
18
19
20
21
22
23
24
25
26
27
28
29
30
31
32
33
34
35
36
37
38
39
40
41
42
43
44
45
46
47
48
49
50
51
52
53
54
55
56
57
58
59
60
61
62
63
64
65
66
67
68
69
70
71
72
73
74
75
76
77
78
79
80
81
82
83
84
85
86
87
88
89
90
91
92
93
94
95
96
97
98
99
100
101
102
103
104
105
106
107
108
109
110
111
112
113
114
115
116
117
118
119
120
121
122
123
124
125
126
127
128
129
130
131
132
133
134
135
136
137
138
139
141
142
143
144
145
146
147
148
149
150
151
152
153
154
155
157
158
159
160
161
162
163
164
165
166
167
168
169
170
171
172
173
174
175
176
177
178
179
180
181
182
183
184
185
186
187
188
189
190
191
192
193
194
195
196
197
198
199
200
201
202
203
204
205
206
207
208
209
210
211
212
213
214
215
216
217
218
219
220
221
222
223
224
225
226
227
228
229
230
231
232
233
235
236
237
238
239
240
241
242
243
244
245
246
247
248
249
250
251
252
253
254
255
256
257
259
260
262
263
264
265
266
267
268
269
270
271
272
273
274
275
276
277
278
279
280
281
282
283
284
285
286
287
288
289
290
291
292
293
294
295
296
297
299
300
301
302
303
304
305
306
307
308
309
310
311
312
313
314
315
316
317
318
319
320
321
322
323
324
325
326
327
328
329
330
331
332
333
334
335
336
337
338
339
340
341
343
344
345
346
347
348
349
350
351
352
353
355
356
357
358
359
360
361
362
364
365
366
367
368
369
370
371
372
373
374
375
376
377
378
379
380
381
382
383
384
385
386
387
388
389
390
391
392
393
394
395
396
397
398
399
400
401
402
403
404
405
406
407
408
409
410
411
412
413
414
415
416
418
419
420
421
422
423
424
425
426
427
428
429
430
431
432
433
434
435
436
437
438
439
440
441
442
443
444
445
446
447
448
449
450
451
452
453
454
455
456
457
458
459
460
461
462
464
465
466
467
468
469
470
471
472
473
474
475
476
477
478
479
480
481
482
483
484
485
486
487
488
489
490
491
492
493
495
496
497
498
499
500
501
502
503
504
505
506
507
508
509
510
511
512
513
514
515
516
517
518
519
520
521
522
523
524
525
526
527
528
530
531
532
533
534
535
536
537
538
539
540
541
542
543
544
545
546
547
548
549
550
551
552
553
554
556
557
558
559
560
561
562
563
564
565
566
567
568
569
570
571
572
573
574
575
576
577
578
579
580
581
582
583
584
585
586
587
588
589
590
591
592
593
594
595
596
597
598
599
600
601
602
603
604
605
606
607
609
610
611
612
613
614
615
616
617
618
619
621
622
623
624
625
626
627
628
629
630
631
632
633
634
635
636
637
638
639
640
641
642
643
644
645
646
647
648
649
650
651
652
653
654
655
656
657
658
659
660
661
662
663
664
665
666
667
668
669
670
671
672
673
674
675
676
677
678
679
680
681
682
683
684
685
686
687
688
689
690
691
692
693
694
695
696
697
698
699
700
701
702
703
704
705
706
707
708
709
710
711
712
713
714
715
716
717
718
719
720
721
722
723
724
725
726
727
728
729
730
731
732
733
734
735
736
737
738
739
740
741
742
743
744
745
746
747
748
749
750
751
752
753
754
756
757
758
759
760
761
762
763
764
765
767
768
769
770
771
772
773
774
775
776
777
778
779
780
781
782
783
784
785
786
787
788
789
790
791
792
793
794
795
796
797
798
799
800
801
802
803
804
805
806
807
808
809
810
811
812
813
814
815
816
817
818
819
820
821
822
823
824
825
826
827
828
829
830
831
832
833
834
835
836
837
838
839
840
841
842
843
844
845
846
847
848
849
850
851
852
853
854
855
856
857
858
859
860
861
862
863
864
865
866
867
868
869
870
871
872
873
874
875
876
877
878
879
880
881
882
883
884
885
886
887
888
889
890
891
892
893
894
895
896
897
898
899
900
901
902
903
904
905
906
907
908
909
910
911
912
913
914
915
916
917
918
919
920
921
922
923
924
925
926
927
928
929
930
931
932
933
934
935
936
937
938
939
940
941
942
943
944
945
946
947
948
949
950
951
952
953
954
955
956
957
958
960
961
962
963
964
965
966
967
968
969
970
971
972
973
974
975
976
977
978
979
980
981
982
983
984
985
986
987
988
989
990
991
992
993
994
995
996
997
998
999
1000
1001
1002
1003
1004
0 178 1
2 812 2
2 790 2
2 700 1
2 669 2
2 782 1
5 532 1
5 29 1
6 881 1
6 178 1
8 544 1
14 1001 3
14 962 1
14 611 5
15 680 1
15 731 2
15 422 1
16 777 1
24 280 1
24 530 2
24 587 2
24 629 1
25 618 1
25 844 2
29 808 4
30 948 1
30 765 2
31 990 3
31 428 1
31 316 1
31 165 8
31 846 2
32 280 1
32 249 1
32 580 2
33 692 1
33 242 1
33 891 1
33 364 1
33 764 1
35 280 1
38 299 1
38 309 1
40 802 4
40 900 2
40 198 1
40 488 1
40 60 1
40 450 2
40 272 3
40 712 1
40 947 1
40 662 2
40 695 1
40 568 2
40 120 2
40 187 2
40 572 2
40 254 1
41 1000 1
41 73 3
41 723 2
41 758 2
41 503 1
41 184 1
43 232 1
48 1000 1
48 558 1
50 559 1
52 948 1
53 193 1
53 923 1
53 772 1
56 482 1
61 120 2
61 522 6
61 891 1
61 718 3
61 991 3
62 800 2
62 513 1
62 646 1
62 369 2
62 854 2
62 542 2
65 752 1
65 220 1
67 656 1
67 963 1
67 165 2
69 735 1
69 638 1
69 879 2
70 299 2
70 388 1
70 534 1
70 343 1
73 1000 1
73 723 2
74 104 2
74 166 4
75 220 1
75 891 1
75 772 2
75 550 1
75 334 1
77 912 3
77 948 1
77 168 5
77 260 1
77 439 1
78 178 1
78 710 3
83 784 3
86 443 1
89 718 1
90 101 1
90 423 1
90 668 2
90 749 1
90 720 2
90 692 1
90 853 1
90 233 1
90 316 1
90 765 1
92 316 2
92 846 1
98 401 2
98 107 1
98 454 1
99 178 1
99 710 1
101 184 1
101 377 1
101 246 2
101 423 1
103 184 1
103 638 1
104 425 18
104 765 3
104 790 1
104 521 1
106 788 1
107 120 2
107 810 1
113 854 1
114 716 1
114 718 2
119 812 1
120 772 5
120 518 3
120 454 1
120 522 1
120 435 1
120 948 1
120 586 1
120 220 3
120 542 1
122 980 1
122 693 1
125 622 1
126 586 4
126 948 1
127 178 1
133 521 1
133 765 1
134 850 1
136 915 2
136 428 1
136 806 2
136 838 1
139 309 1
141 280 1
142 280 1
143 544 1
143 580 1
147 336 1
147 347 1
147 299 1
147 933 3
147 454 4
149 184 1
150 471 1
153 977 1
153 818 2
153 996 2
153 418 2
155 784 1
157 356 1
157 517 1
157 586 5
157 684 1
157 535 1
157 472 1
157 542 1
159 214 1
159 718 1
160 630 1
161 863 1
164 879 1
165 401 6
165 316 2
165 207 1
166 435 2
166 500 1
166 762 1
167 838 1
168 260 3
168 425 1
168 266 7
168 912 17
168 946 1
168 948 2
168 949 7
168 439 6
168 765 1
175 275 2
178 409 1
178 538 1
178 415 1
178 929 1
178 295 1
178 990 2
178 693 1
178 569 1
178 314 1
178 710 1
178 333 1
178 976 1
178 339 1
178 470 1
178 599 1
178 605 6
178 862 1
178 991 1
178 228 1
178 752 1
178 502 2
178 249 3
178 767 1
184 521 1
184 394 1
184 779 1
184 781 1
184 275 1
184 409 1
184 710 1
184 423 1
184 808 1
184 432 1
184 561 1
184 315 1
184 702 1
184 323 1
184 580 1
184 582 1
184 849 1
184 491 1
184 246 1
184 510 1
187 568 1
187 450 1
188 280 1
188 846 1
188 431 2
189 410 2
189 214 2
191 752 1
191 371 1
192 381 1
199 644 1
199 506 5
199 996 1
199 541 1
200 952 4
200 915 2
200 428 1
207 990 1
207 988 1
207 558 1
214 388 1
214 742 1
214 746 1
214 367 13
214 912 1
214 530 1
214 500 1
214 629 1
214 662 2
214 283 2
216 1000 1
216 321 3
216 558 2
220 334 1
223 343 1
224 349 1
228 605 1
229 232 1
229 443 1
229 692 1
229 301 1
231 874 1
231 540 18
231 245 4
232 912 1
232 946 1
232 790 3
232 765 2
232 575 1
233 692 1
236 537 1
239 706 1
241 280 1
245 874 1
245 540 16
246 377 1
246 724 1
246 423 3
247 939 1
249 506 3
250 332 1
250 886 1
260 912 7
260 266 10
260 790 2
266 356 1
266 912 3
266 946 1
266 949 3
266 439 4
267 586 3
267 517 1
272 379 1
272 772 1
275 952 4
278 415 1
280 647 1
280 526 1
280 656 1
280 920 3
280 530 3
280 915 3
280 421 1
280 422 1
280 301 1
280 561 1
280 953 1
280 838 1
280 547 1
280 990 1
280 293 3
280 484 1
280 360 1
280 851 2
280 631 1
280 469 1
281 905 1
284 680 4
284 731 2
285 336 4
288 610 4
288 484 4
288 838 1
288 391 7
288 846 5
288 629 4
288 630 1
293 697 1
293 724 1
294 586 12
294 885 1
299 850 1
299 788 1
300 784 12
301 547 1
304 441 2
306 784 1
306 400 2
306 528 1
306 374 2
306 585 1
309 638 1
310 343 1
311 540 1
311 925 1
311 855 1
313 765 1
314 976 1
314 693 1
316 806 1
316 838 1
316 428 3
316 915 9
316 917 1
316 990 1
318 946 1
318 684 1
319 1000 1
319 684 1
322 638 1
323 534 1
324 534 1
329 819 1
329 540 2
329 775 1
332 586 3
332 500 2
333 767 1
334 995 1
334 772 1
334 534 1
334 923 2
334 415 1
335 899 7
335 381 3
337 603 3
343 638 1
346 638 1
347 912 1
349 976 1
349 846 1
353 838 1
353 391 2
356 425 4
356 765 1
356 687 1
356 472 2
356 923 1
360 846 1
361 440 1
365 716 1
367 696 2
367 499 2
367 718 1
367 951 1
372 595 3
373 391 3
376 634 1
376 919 1
377 393 1
377 718 1
377 423 1
378 603 1
381 532 2
383 586 3
383 523 1
383 518 1
390 784 1
391 484 1
391 750 1
391 445 2
398 712 2
401 429 2
401 454 5
401 415 2
402 788 1
407 843 2
408 915 1
414 891 19
414 995 3
415 617 2
415 687 1
415 591 1
416 948 2
418 996 4
418 977 1
421 846 1
422 857 1
422 731 1
423 646 1
423 718 4
424 846 1
425 868 2
425 912 6
425 946 1
425 948 6
425 790 1
425 700 1
428 806 1
428 838 1
428 915 8
428 888 2
428 857 1
428 990 2
429 454 5
433 738 1
435 586 2
435 696 1
435 984 1
435 500 1
435 948 1
438 818 2
439 946 2
439 948 3
439 949 5
440 537 1
443 662 2
444 535 1
445 891 1
445 846 1
445 838 1
450 802 1
450 581 2
450 915 3
450 572 1
454 609 1
454 772 1
454 1003 1
461 506 1
464 980 2
469 630 2
469 838 1
470 789 3
472 912 1
472 946 1
472 765 1
478 818 2
484 630 3
493 838 1
499 684 1
500 772 2
500 586 16
500 782 1
500 687 5
500 948 1
500 814 4
503 1000 1
505 603 1
506 1001 2
506 644 2
507 891 1
509 603 1
509 788 1
514 603 1
514 780 1
517 952 1
518 895 5
518 646 3
518 535 2
518 799 2
521 912 1
522 732 1
526 846 1
527 720 3
528 663 1
530 920 2
530 851 1
530 629 4
530 857 1
530 891 1
530 915 2
531 890 1
534 591 1
535 913 3
535 823 1
540 641 1
540 994 1
540 987 1
540 874 1
540 587 3
540 873 1
540 624 1
540 692 3
540 955 1
540 925 1
542 823 1
544 739 1
544 669 1
546 595 2
546 550 1
547 656 1
547 988 1
547 846 1
558 758 1
559 622 1
566 772 3
573 617 1
573 586 1
573 687 1
581 942 1
581 855 1
584 680 1
586 974 4
586 782 6
586 984 1
586 885 6
586 687 2
587 891 1
595 718 2
595 790 2
599 693 1
601 919 2
603 780 1
603 822 1
603 735 1
605 1001 1
605 685 4
609 633 1
609 772 4
611 921 2
617 746 1
617 661 1
622 676 1
622 788 1
630 838 1
631 838 1
633 772 1
634 788 1
634 638 1
638 939 1
643 657 1
643 685 2
648 765 2
650 682 1
654 991 2
656 988 1
656 846 1
668 746 2
671 975 1
680 731 2
684 844 1
684 918 1
685 1001 1
692 746 2
692 749 2
692 752 2
696 995 2
697 784 1
697 925 2
697 855 6
700 956 1
700 782 1
700 812 1
718 866 1
718 915 4
721 765 3
723 1000 1
723 758 1
724 1004 1
731 870 1
738 837 2
744 946 5
746 935 4
746 813 3
746 749 2
749 935 1
758 956 1
758 918 2
764 840 2
764 874 1
765 868 1
772 912 1
782 984 2
782 891 1
788 906 4
790 812 1
795 846 1
803 948 1
807 818 2
808 899 5
818 997 2
838 915 1
838 891 1
840 874 1
846 990 2
851 920 1
851 915 1
851 978 1
855 925 1
857 952 1
857 915 3
868 948 2
873 874 1
873 925 1
883 951 1
885 974 2
890 962 1
891 995 4
915 920 2
915 952 1
915 923 1
919 1000 4
923 983 1
925 955 1
946 948 1
977 996 1
978 988 1
