0
1
2
3
4
5
6
7
8
9
10
11
12
13
14
15
16
17
18
19
20
21
22
23
24
25
26
27
28
29
30
31
32
33
34
35
36
37
38
39
40
41
42
43
44
45
46
47
48
49
50
51
52
53
54
55
56
57
58
59
60
61
62
63
64
65
66
67
68
69
70
71
72
73
74
75
76
77
78
79
80
81
82
83
84
85
86
87
88
89
90
91
92
93
94
95
96
97
98
99
100
101
102
103
104
105
106
107
108
109
110
111
112
113
114
115
116
117
118
119
120
121
122
123
124
125
126
127
128
129
130
131
132
133
134
135
136
137
138
139
141
142
143
144
145
146
147
148
149
150
151
152
153
154
155
157
158
159
160
161
162
163
164
165
166
167
168
169
170
171
172
173
174
175
176
177
178
179
180
181
182
183
184
185
186
187
188
189
190
191
192
193
194
195
196
197
198
199
200
201
202
203
204
205
206
207
208
209
210
211
212
213
214
215
216
217
218
219
220
221
222
223
224
225
226
227
228
229
230
231
232
233
235
236
237
238
239
240
241
242
243
244
245
246
247
248
249
250
251
252
253
254
255
256
257
259
260
262
263
264
265
266
267
268
269
270
271
272
273
274
275
276
277
278
279
280
281
282
283
284
285
286
287
288
289
290
291
292
293
294
295
296
297
299
300
301
302
303
304
305
306
307
308
309
310
311
312
313
314
315
316
317
318
319
320
321
322
323
324
325
326
327
328
329
330
331
332
333
334
335
336
337
338
339
340
341
343
344
345
346
347
348
349
350
351
352
353
355
356
357
358
359
360
361
362
364
365
366
367
368
369
370
371
372
373
374
375
376
377
378
379
380
381
382
383
384
385
386
387
388
389
390
391
392
393
394
395
396
397
398
399
400
401
402
403
404
405
406
407
408
409
410
411
412
413
414
415
416
418
419
420
421
422
423
424
425
426
427
428
429
430
431
432
433
434
435
436
437
438
439
440
441
442
443
444
445
446
447
448
449
450
451
452
453
454
455
456
457
458
459
460
461
462
464
465
466
467
468
469
470
471
472
473
474
475
476
477
478
479
480
481
482
483
484
485
486
487
488
489
490
491
492
493
495
496
497
498
499
500
501
502
503
504
505
506
507
508
509
510
511
512
513
514
515
516
517
518
519
520
521
522
523
524
525
526
527
528
530
531
532
533
534
535
536
537
538
539
540
541
542
543
544
545
546
547
548
549
550
551
552
553
554
556
557
558
559
560
561
562
563
564
565
566
567
568
569
570
571
572
573
574
575
576
577
578
579
580
581
582
583
584
585
586
587
588
589
590
591
592
593
594
595
596
597
598
599
600
601
602
603
604
605
606
607
609
610
611
612
613
614
615
616
617
618
619
621
622
623
624
625
626
627
628
629
630
631
632
633
634
635
636
637
638
639
640
641
642
643
644
645
646
647
648
649
650
651
652
653
654
655
656
657
658
659
660
661
662
663
664
665
666
667
668
669
670
671
672
673
674
675
676
677
678
679
680
681
682
683
684
685
686
687
688
689
690
691
692
693
694
695
696
697
698
699
700
701
702
703
704
705
706
707
708
709
710
711
712
713
714
715
716
717
718
719
720
721
722
723
724
725
726
727
728
729
730
731
732
733
734
735
736
737
738
739
740
741
742
743
744
745
746
747
748
749
750
751
752
753
754
756
757
758
759
760
761
762
763
764
765
767
768
769
770
771
772
773
774
775
776
777
778
779
780
781
782
783
784
785
786
787
788
789
790
791
792
793
794
795
796
797
798
799
800
801
802
803
804
805
806
807
808
809
810
811
812
813
814
815
816
817
818
819
820
821
822
823
824
825
826
827
828
829
830
831
832
833
834
835
836
837
838
839
840
841
842
843
844
845
846
847
848
849
850
851
852
853
854
855
856
857
858
859
860
861
862
863
864
865
866
867
868
869
870
871
872
873
874
875
876
877
878
879
880
881
882
883
884
885
886
887
888
889
890
891
892
893
894
895
896
897
898
899
900
901
902
903
904
905
906
907
908
909
910
911
912
913
914
915
916
917
918
919
920
921
922
923
924
925
926
927
928
929
930
931
932
933
934
935
936
937
938
939
940
941
942
943
944
945
946
947
948
949
950
951
952
953
954
955
956
957
958
960
961
962
963
964
965
966
967
968
969
970
971
972
973
974
975
976
977
978
979
980
981
982
983
984
985
986
987
988
989
990
991
992
993
994
995
996
997
998
999
1000
1001
1002
1003
1004
0 569 3
1 309 1
1 310 1
2 868 1
2 231 2
2 52 1
2 790 7
2 602 1
2 891 2
4 720 1
4 135 3
5 107 2
5 175 4
6 569 3
6 333 1
6 249 1
8 144 1
8 143 1
12 720 1
13 719 1
13 532 1
13 743 1
14 724 5
14 506 1
14 719 1
14 924 1
14 761 1
15 680 3
15 731 2
15 422 1
16 732 2
16 506 2
16 724 2
16 173 1
16 127 1
17 915 1
24 891 10
24 647 2
24 629 19
24 685 4
25 48 1
27 147 1
28 987 2
29 688 1
29 249 1
29 333 2
29 335 2
30 256 1
30 356 6
30 294 3
30 648 1
30 209 1
30 472 1
30 313 2
30 90 1
30 765 3
31 915 1
31 428 5
31 165 3
31 847 1
32 977 3
32 716 1
32 718 2
32 920 1
32 530 2
32 851 1
32 502 1
32 280 1
32 731 1
32 915 5
32 862 5
32 127 1
35 978 2
35 167 1
35 858 1
35 469 1
35 847 1
40 193 1
40 802 2
40 187 1
40 214 1
40 488 1
40 450 3
40 272 1
40 596 1
40 662 1
40 695 1
40 379 1
40 572 2
41 723 2
41 565 2
41 758 1
42 402 1
42 534 2
48 704 1
48 458 1
48 684 1
48 558 1
48 565 3
48 216 1
48 956 3
48 319 1
49 248 2
53 193 1
53 290 1
53 629 1
53 159 1
56 746 1
56 987 2
60 695 1
61 135 1
61 712 1
61 233 6
61 718 8
61 534 1
61 700 1
61 991 1
62 646 1
62 542 4
64 534 1
65 771 1
65 569 2
65 191 3
65 927 3
67 344 8
67 963 15
67 165 5
67 207 11
68 987 2
69 706 1
71 595 1
75 220 2
75 772 8
77 416 1
77 168 5
77 912 2
77 260 2
82 720 1
82 267 2
82 135 3
83 784 1
84 343 1
86 771 1
90 416 1
90 731 2
90 356 5
90 454 1
90 987 1
90 841 1
90 746 1
90 107 1
90 428 3
90 191 1
90 718 3
90 915 2
90 980 2
90 920 1
90 703 1
90 189 2
90 927 6
91 832 1
91 149 1
91 407 1
92 207 1
92 428 1
92 915 1
92 847 3
95 531 1
95 585 1
95 987 3
95 427 2
96 420 1
98 707 1
98 454 7
98 713 3
98 429 2
98 592 7
98 401 3
101 377 1
101 866 3
101 423 1
103 514 9
103 950 1
103 423 2
104 416 1
104 648 1
104 765 2
106 788 2
107 713 1
107 335 2
107 214 1
107 381 2
107 670 1
112 674 4
112 267 2
112 166 4
113 927 2
119 812 1
119 790 1
119 335 4
122 924 2
122 693 3
125 676 3
125 622 3
126 416 3
126 256 4
126 356 1
126 168 5
126 700 1
126 573 1
127 184 2
127 883 1
127 718 2
132 139 1
133 168 1
133 984 3
133 602 1
134 168 1
134 592 10
134 291 1
134 454 5
135 581 6
135 870 3
135 936 1
135 746 1
135 942 16
135 371 3
135 628 5
135 214 1
135 703 1
136 915 2
136 428 1
136 629 2
136 543 1
139 534 1
141 978 1
141 469 1
141 614 1
142 915 3
142 428 3
143 580 2
147 416 2
147 577 1
147 933 1
147 230 1
147 454 5
147 171 1
147 972 1
147 590 3
147 308 1
147 277 1
147 471 1
147 347 1
147 686 1
147 285 1
147 926 1
147 927 2
149 246 1
150 454 1
150 415 10
151 617 1
151 253 2
152 771 1
152 443 1
153 977 1
157 193 3
157 740 1
157 775 1
157 617 1
157 746 1
157 590 2
157 915 1
157 248 2
157 586 3
157 542 1
159 278 3
159 923 11
159 534 2
159 551 1
159 290 1
159 940 15
159 500 1
159 398 6
159 687 2
159 912 6
159 915 1
159 334 1
159 214 6
159 377 1
159 891 1
159 316 1
159 703 2
159 607 1
160 543 1
160 857 2
160 891 2
160 629 8
160 301 1
164 322 3
164 740 1
164 548 6
164 879 1
164 368 1
164 402 1
164 420 1
164 223 1
165 454 1
165 422 4
165 428 2
165 847 2
165 401 14
165 915 2
165 857 2
165 858 1
165 316 3
165 990 1
166 674 3
166 586 1
167 274 2
167 978 3
167 469 2
167 954 1
167 988 2
167 957 1
168 416 4
168 356 3
168 232 2
168 912 14
168 472 2
168 984 2
168 260 3
168 868 2
168 575 1
170 720 1
170 697 2
171 347 2
171 933 1
173 364 1
173 783 1
173 248 1
173 921 1
173 506 1
173 924 1
173 670 1
175 737 4
175 327 1
175 688 1
175 849 7
175 275 3
180 958 1
181 190 2
184 710 2
184 423 1
184 393 1
184 779 1
184 607 1
185 833 2
185 915 2
185 629 1
187 450 2
188 547 1
188 978 5
188 274 1
188 469 5
188 988 1
188 957 2
189 718 4
189 977 6
189 595 1
189 214 1
189 249 4
190 353 2
190 629 4
190 656 2
190 274 1
190 920 2
190 847 1
190 373 1
191 209 1
191 471 4
191 927 5
191 415 8
192 381 2
193 544 1
193 581 1
193 230 2
193 720 2
193 338 1
193 923 4
193 700 2
196 927 1
199 644 1
199 924 1
199 270 2
200 971 4
200 428 4
200 952 5
200 915 1
200 344 1
200 543 1
201 553 1
203 306 3
207 424 5
207 847 3
207 561 2
207 978 1
207 469 2
207 795 7
209 356 3
214 776 1
214 940 1
214 912 6
214 530 1
214 915 1
214 920 1
214 923 1
214 544 1
214 290 3
214 731 1
214 684 1
214 692 1
214 569 1
214 316 2
214 835 1
214 324 1
214 844 3
214 334 1
214 720 1
214 852 1
214 343 2
214 987 1
214 220 1
214 865 2
214 738 1
214 743 1
214 371 1
214 629 2
214 891 1
214 765 2
215 639 1
216 321 2
216 956 1
220 752 3
220 633 3
220 334 1
221 746 1
223 663 1
223 343 2
226 724 1
227 966 1
228 569 3
228 605 1
228 502 1
229 306 4
229 659 1
229 374 1
231 873 2
231 245 2
231 921 1
231 698 3
231 987 2
231 540 2
232 648 1
233 692 4
236 537 7
236 393 1
239 854 2
241 469 1
242 769 1
245 540 1
245 698 3
245 987 3
245 764 2
246 724 2
246 572 6
246 423 1
248 746 1
248 550 2
249 716 1
249 1004 1
249 569 4
249 506 1
250 927 6
251 987 2
253 290 3
253 566 3
256 416 3
256 356 6
256 648 1
256 586 2
256 889 1
256 313 4
256 765 1
260 416 2
260 912 1
267 891 4
267 586 3
268 592 2
270 506 1
272 450 1
272 754 1
274 656 1
275 849 2
278 617 1
280 629 5
280 846 1
281 905 1
281 427 2
284 731 2
290 739 1
290 669 1
291 713 2
291 454 2
291 401 6
293 724 1
293 572 2
293 605 1
294 313 3
294 586 3
295 569 3
299 712 1
299 509 1
299 638 3
301 547 1
301 978 1
301 707 1
301 493 1
302 915 1
302 847 1
306 742 7
306 659 2
306 629 3
306 374 2
310 343 4
311 987 2
311 955 6
313 416 6
313 356 2
313 648 1
316 428 8
316 847 1
316 915 3
316 857 2
318 332 6
318 684 1
318 758 1
318 585 2
319 956 1
321 956 3
321 684 1
321 565 3
322 879 1
322 343 5
324 534 1
327 849 3
327 381 8
329 660 1
329 910 1
333 743 2
333 783 1
333 569 3
333 506 4
333 767 1
334 356 1
334 586 3
334 591 1
334 628 4
334 607 5
335 532 9
335 980 1
338 987 2
338 427 2
338 433 1
341 951 1
343 534 2
343 939 1
343 706 1
343 822 1
343 853 2
343 950 1
343 663 8
343 735 1
344 838 1
344 971 1
344 915 1
344 952 1
344 857 1
344 543 2
347 748 1
347 933 1
347 966 1
353 891 7
356 416 2
356 515 1
356 743 2
356 586 2
356 765 3
356 912 4
356 472 4
356 505 3
356 602 2
356 607 6
360 629 4
361 987 2
362 528 1
362 383 1
364 506 2
364 987 2
364 764 1
364 983 1
369 927 4
369 444 3
369 542 1
369 535 1
371 720 1
372 595 6
372 404 1
372 934 2
377 700 1
377 718 2
378 514 1
379 568 2
380 712 1
383 528 1
383 922 1
383 589 1
388 534 1
388 638 1
393 907 1
398 712 9
401 454 9
401 429 18
401 415 15
402 534 1
408 847 1
409 569 3
410 934 2
414 891 1
415 833 5
415 769 1
415 629 1
415 569 14
415 607 6
416 648 1
416 586 10
416 868 2
416 927 2
418 977 15
421 424 6
421 978 1
421 795 3
421 469 1
422 680 1
422 731 8
423 832 1
423 710 4
423 977 3
424 847 2
424 978 3
424 469 1
424 795 14
424 990 2
427 738 1
427 461 2
427 596 1
427 469 2
427 697 2
427 955 6
428 802 2
428 647 1
428 971 1
428 915 17
428 953 2
428 952 1
428 857 4
428 990 1
429 925 1
429 454 11
431 988 1
432 987 2
433 987 2
433 738 5
435 586 8
435 500 1
435 782 3
437 516 1
443 771 1
443 550 1
444 535 2
444 823 1
444 927 4
450 802 1
450 746 1
450 712 2
450 947 2
450 662 1
450 695 2
454 609 2
454 772 6
454 713 6
454 592 12
454 890 6
454 543 1
454 922 1
454 863 1
456 720 1
461 506 2
462 833 3
462 762 1
469 547 1
469 817 1
469 978 4
469 630 2
469 954 1
469 795 1
470 569 4
470 789 4
471 987 3
472 868 1
472 743 1
472 912 1
472 575 1
473 643 1
477 534 1
479 980 1
482 569 10
482 987 2
482 990 1
482 847 2
485 927 1
493 685 2
493 561 1
493 658 1
493 629 5
493 630 1
499 672 2
499 684 1
499 565 1
499 607 1
500 586 2
502 569 4
502 746 1
502 605 1
506 769 1
506 670 2
506 796 1
506 1004 1
506 605 1
506 881 1
506 850 1
506 724 1
506 921 1
506 783 2
506 924 1
506 541 1
509 634 1
509 893 1
510 534 1
511 987 2
513 927 6
514 832 1
514 780 1
514 950 1
515 927 5
516 761 1
516 532 5
517 746 1
522 718 1
526 530 1
526 629 4
528 607 1
528 739 1
530 746 1
530 629 12
530 630 3
530 891 5
531 987 5
532 537 1
532 670 1
534 746 1
534 591 1
534 638 3
534 663 1
534 879 1
535 927 5
538 569 3
540 987 2
540 697 3
540 698 3
540 955 8
542 646 3
542 746 1
542 927 2
543 971 1
543 952 2
543 915 1
546 614 1
547 978 2
548 638 1
551 927 1
552 978 1
552 851 1
557 912 1
558 585 1
558 956 1
561 585 1
561 629 9
561 846 7
563 731 2
565 704 1
565 679 1
565 684 1
565 956 2
569 862 3
569 693 3
569 710 3
569 976 3
569 599 4
569 605 3
569 990 1
569 991 3
572 696 1
572 595 2
573 586 1
577 590 1
577 926 1
581 936 3
581 703 2
582 987 2
582 764 3
585 659 1
586 765 2
586 782 4
586 687 1
586 854 2
586 984 12
586 762 1
587 752 1
587 720 3
588 987 2
591 746 1
591 910 1
592 713 7
592 818 1
592 927 9
595 934 1
595 718 1
595 754 1
599 710 3
602 743 3
605 693 2
607 833 1
607 696 8
609 731 2
609 772 3
609 707 1
609 927 3
614 978 1
617 687 1
617 720 2
617 923 1
624 873 1
628 720 1
629 685 4
629 658 5
629 927 1
629 838 1
629 846 3
629 847 1
629 630 6
629 631 4
629 891 30
630 685 1
630 891 5
634 788 1
638 706 1
638 951 3
638 663 3
641 987 2
643 685 2
644 924 1
646 927 1
647 915 2
648 765 1
650 682 1
650 654 1
654 738 1
654 682 2
659 742 2
660 951 1
672 684 3
674 803 1
678 696 1
679 684 1
680 720 2
680 731 6
680 707 1
682 738 1
682 837 3
682 783 1
682 850 2
682 719 1
682 924 1
684 704 2
684 844 1
684 918 1
686 933 1
687 812 1
692 746 4
692 910 1
692 983 1
697 925 1
697 855 2
698 840 3
698 873 3
698 764 3
702 977 1
702 738 1
702 924 1
703 771 2
704 743 2
707 1003 1
707 951 1
710 832 5
711 724 1
711 718 1
715 926 1
716 718 3
718 904 1
718 746 1
718 843 1
718 754 1
718 724 1
718 883 1
719 738 1
719 837 3
719 783 1
720 870 1
720 855 1
720 731 1
722 927 3
723 758 1
724 951 1
724 796 2
731 739 1
731 746 1
737 849 2
738 837 5
738 783 1
738 850 2
740 788 1
740 950 2
740 879 1
742 746 1
743 746 1
743 923 1
746 776 1
746 783 1
746 915 1
746 920 1
746 935 4
746 775 1
746 834 1
746 836 1
746 851 1
746 980 1
758 956 3
758 918 5
764 994 2
764 983 1
764 987 2
769 771 2
769 983 1
769 951 1
769 830 2
770 927 1
772 927 2
773 955 6
774 947 78
779 843 4
783 837 2
789 987 2
790 891 1
790 812 7
795 978 1
796 977 1
809 987 2
817 978 1
823 927 4
833 987 1
840 987 2
847 953 1
847 954 2
849 987 2
850 987 1
851 978 3
854 927 7
857 915 3
858 915 2
861 896 1
862 977 1
863 993 1
868 912 1
872 987 2
873 987 2
890 951 1
891 920 1
915 952 1
915 971 1
915 953 1
915 990 1
921 977 6
924 1001 1
925 955 6
933 966 2
935 966 1
936 942 2
951 979 1
954 978 1
955 987 9
957 978 2
977 996 5
977 1001 15
977 1004 4
978 988 3
987 994 2
