0
1
2
3
4
5
6
7
8
9
10
11
12
13
14
15
16
17
18
19
20
21
22
23
24
25
26
27
28
29
30
31
32
33
34
35
36
37
38
39
40
41
42
43
44
45
46
47
48
49
50
51
52
53
54
55
56
57
58
59
60
61
62
63
64
65
66
67
68
69
70
71
72
73
74
75
76
77
78
79
80
81
82
83
84
85
86
87
88
89
90
91
92
93
94
95
96
97
98
99
100
101
102
103
104
105
106
107
108
109
110
111
112
113
114
115
116
117
118
119
120
121
122
123
124
125
126
127
128
129
130
131
132
133
134
135
136
137
138
139
141
142
143
144
145
146
147
148
149
150
151
152
153
154
155
157
158
159
160
161
162
163
164
165
166
167
168
169
170
171
172
173
174
175
176
177
178
179
180
181
182
183
184
185
186
187
188
189
190
191
192
193
194
195
196
197
198
199
200
201
202
203
204
205
206
207
208
209
210
211
212
213
214
215
216
217
218
219
220
221
222
223
224
225
226
227
228
229
230
231
232
233
235
236
237
238
239
240
241
242
243
244
245
246
247
248
249
250
251
252
253
254
255
256
257
259
260
262
263
264
265
266
267
268
269
270
271
272
273
274
275
276
277
278
279
280
281
282
283
284
285
286
287
288
289
290
291
292
293
294
295
296
297
299
300
301
302
303
304
305
306
307
308
309
310
311
312
313
314
315
316
317
318
319
320
321
322
323
324
325
326
327
328
329
330
331
332
333
334
335
336
337
338
339
340
341
343
344
345
346
347
348
349
350
351
352
353
355
356
357
358
359
360
361
362
364
365
366
367
368
369
370
371
372
373
374
375
376
377
378
379
380
381
382
383
384
385
386
387
388
389
390
391
392
393
394
395
396
397
398
399
400
401
402
403
404
405
406
407
408
409
410
411
412
413
414
415
416
418
419
420
421
422
423
424
425
426
427
428
429
430
431
432
433
434
435
436
437
438
439
440
441
442
443
444
445
446
447
448
449
450
451
452
453
454
455
456
457
458
459
460
461
462
464
465
466
467
468
469
470
471
472
473
474
475
476
477
478
479
480
481
482
483
484
485
486
487
488
489
490
491
492
493
495
496
497
498
499
500
501
502
503
504
505
506
507
508
509
510
511
512
513
514
515
516
517
518
519
520
521
522
523
524
525
526
527
528
530
531
532
533
534
535
536
537
538
539
540
541
542
543
544
545
546
547
548
549
550
551
552
553
554
556
557
558
559
560
561
562
563
564
565
566
567
568
569
570
571
572
573
574
575
576
577
578
579
580
581
582
583
584
585
586
587
588
589
590
591
592
593
594
595
596
597
598
599
600
601
602
603
604
605
606
607
609
610
611
612
613
614
615
616
617
618
619
621
622
623
624
625
626
627
628
629
630
631
632
633
634
635
636
637
638
639
640
641
642
643
644
645
646
647
648
649
650
651
652
653
654
655
656
657
658
659
660
661
662
663
664
665
666
667
668
669
670
671
672
673
674
675
676
677
678
679
680
681
682
683
684
685
686
687
688
689
690
691
692
693
694
695
696
697
698
699
700
701
702
703
704
705
706
707
708
709
710
711
712
713
714
715
716
717
718
719
720
721
722
723
724
725
726
727
728
729
730
731
732
733
734
735
736
737
738
739
740
741
742
743
744
745
746
747
748
749
750
751
752
753
754
756
757
758
759
760
761
762
763
764
765
767
768
769
770
771
772
773
774
775
776
777
778
779
780
781
782
783
784
785
786
787
788
789
790
791
792
793
794
795
796
797
798
799
800
801
802
803
804
805
806
807
808
809
810
811
812
813
814
815
816
817
818
819
820
821
822
823
824
825
826
827
828
829
830
831
832
833
834
835
836
837
838
839
840
841
842
843
844
845
846
847
848
849
850
851
852
853
854
855
856
857
858
859
860
861
862
863
864
865
866
867
868
869
870
871
872
873
874
875
876
877
878
879
880
881
882
883
884
885
886
887
888
889
890
891
892
893
894
895
896
897
898
899
900
901
902
903
904
905
906
907
908
909
910
911
912
913
914
915
916
917
918
919
920
921
922
923
924
925
926
927
928
929
930
931
932
933
934
935
936
937
938
939
940
941
942
943
944
945
946
947
948
949
950
951
952
953
954
955
956
957
958
960
961
962
963
964
965
966
967
968
969
970
971
972
973
974
975
976
977
978
979
980
981
982
983
984
985
986
987
988
989
990
991
992
993
994
995
996
997
998
999
1000
1001
1002
1003
1004
0 6 1
0 519 1
0 409 1
0 538 1
0 929 1
0 178 2
0 693 1
0 314 1
0 710 1
0 333 1
0 78 1
0 976 1
0 977 2
0 470 1
0 599 1
0 732 1
0 605 3
0 862 1
0 991 1
0 99 1
0 228 1
0 502 1
0 249 1
0 767 1
2 337 1
2 52 2
2 638 1
2 790 3
2 535 4
5 107 1
5 491 1
5 335 1
6 178 1
6 334 2
13 951 3
14 1001 1
14 410 2
14 924 5
14 702 1
14 719 1
15 680 1
15 731 5
15 837 1
15 422 2
16 184 1
16 410 1
16 101 2
16 102 2
17 316 1
24 280 5
24 530 3
24 891 3
24 629 2
24 630 1
25 48 1
25 956 1
28 987 4
29 808 4
29 724 1
29 491 1
29 68 1
30 313 1
30 743 2
31 424 4
31 316 1
31 428 3
31 165 3
32 280 1
32 921 4
32 184 1
32 791 1
32 977 1
35 280 1
35 978 4
35 469 2
35 207 1
38 832 4
38 184 1
38 474 1
38 638 1
40 150 3
41 73 2
41 723 1
41 758 4
42 534 1
45 782 1
46 310 1
48 458 1
48 558 1
48 216 1
48 956 1
48 319 2
49 248 1
50 420 1
52 912 2
52 356 1
52 232 3
52 266 4
52 112 4
52 949 2
52 313 8
52 868 7
53 120 1
53 193 1
53 316 1
53 214 1
53 951 2
56 587 1
56 410 1
56 987 4
56 540 1
56 101 3
58 909 2
60 187 1
61 674 1
61 742 4
61 425 2
61 522 3
61 718 8
61 243 1
61 334 1
61 281 1
61 851 5
61 605 1
62 120 1
62 823 2
62 250 2
62 159 1
62 551 1
66 966 1
66 782 2
67 963 9
67 165 5
67 391 1
67 846 1
67 207 1
67 561 1
67 344 8
68 724 1
68 987 4
68 540 1
69 735 1
69 879 2
70 752 1
70 633 1
70 90 1
70 324 1
71 595 2
73 672 1
73 723 1
74 294 3
74 166 1
74 232 2
74 362 3
74 782 2
74 112 1
74 313 1
74 730 1
75 416 2
75 147 1
75 948 2
77 439 1
78 929 1
78 178 1
78 951 1
82 184 1
83 784 1
86 443 2
86 662 4
90 742 1
90 168 1
90 1001 1
90 746 2
90 940 1
90 530 1
90 783 1
90 720 2
90 850 2
90 948 5
90 223 1
91 638 1
92 915 1
92 316 1
95 987 4
96 420 1
99 929 1
99 178 1
101 897 2
101 779 2
101 275 2
101 149 2
101 423 2
101 685 2
101 175 2
101 184 2
101 710 2
101 716 2
101 849 2
101 724 4
101 225 2
101 866 5
101 996 2
101 876 2
101 883 2
101 246 2
101 377 1
101 127 2
103 832 2
103 977 1
103 950 1
104 721 3
104 765 6
104 425 37
105 418 2
107 150 1
107 553 1
107 335 1
107 464 1
107 118 1
107 381 2
107 670 1
107 415 1
109 425 1
112 224 2
112 674 1
112 232 4
112 267 5
112 313 3
112 948 2
112 700 2
112 126 1
114 275 2
114 837 1
119 790 2
120 923 3
120 823 3
120 239 1
120 948 2
120 951 2
120 857 2
120 890 1
120 731 1
120 316 2
120 687 3
122 316 3
122 837 1
126 416 1
126 356 1
126 294 7
126 166 2
126 586 1
126 948 4
126 790 1
126 984 4
127 752 1
127 193 1
127 334 1
127 415 1
134 592 2
135 628 1
135 742 3
135 150 1
136 200 6
136 316 1
136 543 1
141 241 2
141 978 4
141 188 2
141 630 2
142 280 1
142 915 1
142 316 1
147 416 1
147 577 7
147 193 2
147 752 4
147 214 1
147 347 4
149 716 1
150 978 1
150 629 1
150 190 1
150 415 1
151 923 1
153 977 2
153 410 3
153 483 1
153 229 1
157 184 1
157 577 1
157 746 1
157 718 1
157 415 2
159 742 11
159 940 1
159 307 2
159 214 5
159 703 2
160 280 1
160 687 1
160 165 2
160 630 1
160 629 2
164 420 1
164 638 1
165 401 8
165 915 1
165 344 8
165 316 4
166 416 2
166 674 1
166 803 3
166 743 1
166 392 1
166 586 1
166 948 1
166 759 1
166 313 1
166 573 1
167 274 2
167 547 1
167 978 11
167 851 2
167 469 3
168 416 2
168 356 1
168 966 1
168 425 4
168 266 1
168 912 10
168 984 3
168 948 2
168 949 10
168 439 6
168 472 3
171 577 1
171 347 1
171 590 1
175 582 2
178 214 3
178 657 1
178 915 1
178 281 1
178 280 1
178 409 2
178 538 1
178 929 3
178 295 1
178 687 1
178 692 1
178 693 3
178 569 1
178 314 1
178 188 1
178 189 1
178 710 1
178 333 1
178 976 8
178 339 1
178 470 1
178 599 1
178 605 2
178 862 2
178 991 1
178 228 1
178 502 2
178 249 1
178 250 3
178 381 1
178 767 1
181 724 1
181 190 3
184 259 1
184 388 1
184 393 1
184 522 1
184 907 1
184 279 1
184 538 1
184 410 1
184 296 1
184 426 1
184 201 1
184 189 1
184 832 1
184 708 1
184 710 1
184 711 1
184 969 1
184 843 1
184 333 1
184 718 1
184 977 1
184 595 1
184 724 1
184 732 1
184 862 1
184 607 1
184 225 1
184 615 1
184 999 1
184 1004 1
184 365 1
184 701 1
184 754 1
184 883 1
184 884 1
184 246 1
184 505 1
186 267 3
187 450 1
188 200 1
188 687 1
188 978 5
188 469 2
188 280 1
189 522 1
189 270 1
189 687 1
189 951 1
189 377 1
190 353 3
190 656 5
190 274 3
190 373 3
191 692 3
192 506 1
193 614 2
193 714 2
193 629 1
193 850 2
193 595 2
193 500 1
193 281 1
193 987 2
193 542 1
194 951 1
195 595 1
200 687 1
200 915 1
200 952 7
200 857 1
200 316 1
200 543 1
207 561 1
207 978 4
207 469 2
207 630 3
207 954 1
207 957 1
214 720 1
214 290 3
214 443 1
214 742 3
214 551 1
214 746 1
214 935 1
214 334 1
214 687 1
214 912 4
214 278 1
214 923 2
216 321 1
216 956 1
223 420 1
223 310 1
223 415 1
224 349 2
228 314 1
228 605 2
231 264 1
231 874 2
231 987 4
232 912 2
232 356 2
232 425 3
232 782 1
232 946 2
232 472 16
232 313 1
233 692 8
235 854 1
236 537 1
239 656 2
239 595 3
239 951 1
241 280 1
241 469 2
245 840 1
245 264 3
245 874 2
245 987 4
245 540 3
248 415 2
249 693 1
249 605 1
250 369 1
250 854 1
251 987 4
255 577 4
256 416 2
256 313 2
256 267 3
256 294 3
257 416 2
260 439 1
264 329 1
264 644 1
266 912 2
266 439 1
267 912 4
267 517 3
267 648 3
267 526 2
267 948 2
267 478 7
269 987 1
270 783 2
272 379 1
272 662 1
273 951 1
277 577 1
278 290 1
278 923 5
278 415 1
280 647 1
280 526 2
280 656 1
280 530 2
280 915 1
280 920 1
280 281 2
280 421 1
280 422 1
280 685 1
280 687 1
280 561 2
280 658 1
280 953 1
280 445 1
280 288 1
280 846 1
280 978 2
280 547 1
280 990 1
280 293 1
280 484 1
280 360 2
280 493 1
280 851 1
280 629 4
280 630 1
280 631 2
280 891 1
281 502 1
284 731 1
285 577 2
288 484 14
288 773 13
288 391 14
288 493 14
288 846 19
288 561 13
288 629 16
288 630 5
288 445 14
291 429 1
291 454 1
293 547 3
293 724 2
293 605 1
294 586 4
294 782 1
294 885 1
294 790 3
294 984 4
294 313 4
294 762 1
294 447 2
301 978 6
301 469 2
302 316 1
306 334 2
311 987 4
313 416 1
313 912 1
313 356 1
313 885 1
313 472 2
314 929 2
314 333 1
314 599 10
314 605 3
314 767 1
316 915 3
316 415 1
316 428 4
316 952 3
316 953 3
316 543 2
316 838 2
316 971 1
316 344 2
316 857 2
316 349 1
316 990 1
316 629 2
318 956 1
321 565 3
322 420 1
322 343 1
324 362 1
324 638 2
326 587 1
329 624 1
329 692 1
329 819 3
329 364 1
332 425 1
332 500 9
332 782 2
333 605 1
334 742 3
334 718 3
334 687 3
334 692 5
334 534 2
334 415 1
334 607 2
337 505 1
337 692 1
338 624 2
338 987 4
347 577 1
347 715 1
347 933 1
347 748 1
347 590 1
349 976 4
349 888 1
355 577 1
356 425 3
356 912 4
356 472 1
356 948 1
356 730 1
356 765 1
359 767 1
360 629 2
361 987 4
362 512 1
362 803 1
362 383 3
364 540 1
369 535 1
369 951 1
376 601 1
377 866 1
377 423 1
377 977 1
377 410 1
381 664 1
381 532 1
383 589 1
388 832 1
388 534 1
391 629 2
392 948 1
396 881 1
401 429 2
401 454 2
401 415 2
404 595 1
404 700 1
407 779 1
408 915 1
410 832 1
410 719 1
410 977 3
415 517 1
415 783 1
415 923 1
415 542 2
415 544 1
415 425 2
415 429 2
415 687 1
415 692 1
415 670 1
415 833 2
415 450 2
415 587 1
415 718 4
415 591 1
415 851 2
415 462 1
415 742 1
415 617 1
415 595 1
416 868 2
416 648 1
416 782 2
416 912 3
416 948 5
416 949 1
416 439 1
418 996 1
418 977 4
420 740 1
420 879 1
421 424 1
421 978 4
421 469 2
422 731 7
423 710 3
423 977 2
424 978 4
424 469 2
425 517 2
425 586 1
425 765 1
425 946 1
425 948 1
425 602 1
425 472 2
425 730 3
427 955 1
428 851 1
428 857 2
428 915 10
428 990 2
429 454 2
432 987 4
433 849 1
433 994 3
433 987 5
433 540 3
439 912 5
439 949 1
440 537 1
440 737 1
441 700 1
443 662 1
443 742 3
443 743 3
443 602 3
445 629 2
450 712 2
450 595 2
450 662 3
454 592 1
458 577 2
465 890 2
465 499 1
465 812 1
465 629 4
466 662 1
469 547 2
469 614 2
469 817 2
469 978 4
469 630 1
469 954 2
469 795 2
469 957 2
470 605 1
471 752 1
472 912 1
472 765 1
473 537 1
479 716 3
480 977 3
480 987 4
482 531 1
482 987 4
483 586 1
484 530 3
484 629 2
493 750 2
493 530 4
493 629 2
493 630 1
497 773 1
499 684 2
500 586 1
500 814 1
500 782 4
502 978 1
502 718 1
502 687 1
502 951 1
502 605 1
506 576 1
506 872 1
506 644 1
506 996 1
509 634 1
509 939 1
512 978 4
514 977 2
516 924 3
516 804 5
517 746 1
517 718 1
517 948 1
526 561 2
526 629 2
528 585 1
528 923 1
530 687 1
530 851 2
530 629 4
530 630 12
530 891 8
531 987 4
532 576 3
534 851 1
534 746 1
537 657 1
538 605 1
540 994 7
540 955 2
540 849 1
540 840 1
540 874 2
540 951 8
540 836 1
540 987 4
541 837 2
542 746 1
542 687 1
542 854 2
543 971 1
543 952 1
543 857 1
546 550 1
547 978 4
547 851 3
547 630 2
550 812 1
552 978 4
553 670 7
558 704 1
558 956 1
561 846 4
561 629 2
563 696 1
565 723 1
569 605 1
577 931 2
577 933 3
577 715 1
577 972 1
577 748 1
577 590 1
577 686 1
577 926 3
582 994 5
582 987 4
582 764 1
584 731 1
586 782 1
586 912 3
586 607 1
592 609 1
595 934 4
595 718 3
595 790 4
599 929 1
599 872 1
599 849 3
599 605 1
602 743 5
605 710 1
605 693 3
605 862 1
607 692 1
609 984 2
614 978 4
617 923 2
624 692 1
629 685 4
629 687 1
629 658 3
629 846 2
629 750 2
629 630 2
629 631 2
629 890 1
629 891 2
630 773 2
630 685 5
630 894 1
634 788 6
634 638 1
638 832 3
638 700 1
641 987 4
641 837 1
644 738 1
644 1001 2
644 783 1
644 745 1
644 828 2
644 702 1
648 765 1
650 682 1
654 738 2
654 837 1
654 783 1
657 921 2
659 784 1
659 771 1
662 900 2
663 951 7
668 720 4
668 746 3
668 813 2
672 946 1
672 956 2
674 948 1
680 731 3
684 746 1
684 956 1
687 900 1
687 915 1
687 923 3
687 823 1
687 951 1
687 857 1
687 862 1
687 742 1
692 746 1
692 830 2
693 977 2
697 855 1
698 987 5
698 837 1
700 782 1
700 750 1
700 956 5
702 850 1
704 956 1
704 844 2
704 743 3
705 769 1
706 951 2
707 951 1
710 929 1
711 718 4
718 883 2
718 851 1
718 724 5
718 731 2
719 738 1
720 833 1
720 935 6
720 746 8
720 813 4
721 765 4
723 758 4
724 883 9
735 879 3
738 996 1
738 837 1
740 832 1
742 769 1
742 935 1
742 915 2
742 951 1
742 851 2
743 765 6
746 935 7
746 813 2
751 948 1
752 850 1
758 956 4
758 844 1
758 918 2
764 874 2
764 987 4
765 912 1
765 946 1
765 868 1
767 929 1
772 923 1
773 955 1
774 947 53
780 977 1
782 984 5
789 987 4
790 812 1
795 978 4
803 948 1
809 987 4
810 881 3
813 935 3
817 978 4
817 851 1
817 988 2
823 854 1
832 862 2
837 916 1
838 857 1
838 915 2
840 874 2
840 987 4
849 994 2
849 987 4
851 978 5
851 920 2
857 915 5
857 951 1
862 909 1
868 889 2
870 935 1
872 987 5
873 874 2
873 987 4
890 948 1
890 951 1
890 923 2
912 948 3
912 949 5
912 923 2
915 971 1
915 952 2
915 953 1
915 951 1
920 978 1
923 951 1
925 987 4
925 955 1
950 977 2
954 978 5
955 987 5
957 978 4
977 1004 4
978 988 4
987 994 6
