0
1
2
3
4
5
6
7
8
9
10
11
12
13
14
15
16
17
18
19
20
21
22
23
24
25
26
27
28
29
30
31
32
33
34
35
36
37
38
39
40
41
42
43
44
45
46
47
48
49
50
51
52
53
54
55
56
57
58
59
60
61
62
63
64
65
66
67
68
69
70
71
72
73
74
75
76
77
78
79
80
81
82
83
84
85
86
87
88
89
90
91
92
93
94
95
96
97
98
99
100
101
102
103
104
105
106
107
108
109
110
111
112
113
114
115
116
117
118
119
120
121
122
123
124
125
126
127
128
129
130
131
132
133
134
135
136
137
138
139
141
142
143
144
145
146
147
148
149
150
151
152
153
154
155
157
158
159
160
161
162
163
164
165
166
167
168
169
170
171
172
173
174
175
176
177
178
179
180
181
182
183
184
185
186
187
188
189
190
191
192
193
194
195
196
197
198
199
200
201
202
203
204
205
206
207
208
209
210
211
212
213
214
215
216
217
218
219
220
221
222
223
224
225
226
227
228
229
230
231
232
233
235
236
237
238
239
240
241
242
243
244
245
246
247
248
249
250
251
252
253
254
255
256
257
259
260
262
263
264
265
266
267
268
269
270
271
272
273
274
275
276
277
278
279
280
281
282
283
284
285
286
287
288
289
290
291
292
293
294
295
296
297
299
300
301
302
303
304
305
306
307
308
309
310
311
312
313
314
315
316
317
318
319
320
321
322
323
324
325
326
327
328
329
330
331
332
333
334
335
336
337
338
339
340
341
343
344
345
346
347
348
349
350
351
352
353
355
356
357
358
359
360
361
362
364
365
366
367
368
369
370
371
372
373
374
375
376
377
378
379
380
381
382
383
384
385
386
387
388
389
390
391
392
393
394
395
396
397
398
399
400
401
402
403
404
405
406
407
408
409
410
411
412
413
414
415
416
418
419
420
421
422
423
424
425
426
427
428
429
430
431
432
433
434
435
436
437
438
439
440
441
442
443
444
445
446
447
448
449
450
451
452
453
454
455
456
457
458
459
460
461
462
464
465
466
467
468
469
470
471
472
473
474
475
476
477
478
479
480
481
482
483
484
485
486
487
488
489
490
491
492
493
495
496
497
498
499
500
501
502
503
504
505
506
507
508
509
510
511
512
513
514
515
516
517
518
519
520
521
522
523
524
525
526
527
528
530
531
532
533
534
535
536
537
538
539
540
541
542
543
544
545
546
547
548
549
550
551
552
553
554
556
557
558
559
560
561
562
563
564
565
566
567
568
569
570
571
572
573
574
575
576
577
578
579
580
581
582
583
584
585
586
587
588
589
590
591
592
593
594
595
596
597
598
599
600
601
602
603
604
605
606
607
609
610
611
612
613
614
615
616
617
618
619
621
622
623
624
625
626
627
628
629
630
631
632
633
634
635
636
637
638
639
640
641
642
643
644
645
646
647
648
649
650
651
652
653
654
655
656
657
658
659
660
661
662
663
664
665
666
667
668
669
670
671
672
673
674
675
676
677
678
679
680
681
682
683
684
685
686
687
688
689
690
691
692
693
694
695
696
697
698
699
700
701
702
703
704
705
706
707
708
709
710
711
712
713
714
715
716
717
718
719
720
721
722
723
724
725
726
727
728
729
730
731
732
733
734
735
736
737
738
739
740
741
742
743
744
745
746
747
748
749
750
751
752
753
754
756
757
758
759
760
761
762
763
764
765
767
768
769
770
771
772
773
774
775
776
777
778
779
780
781
782
783
784
785
786
787
788
789
790
791
792
793
794
795
796
797
798
799
800
801
802
803
804
805
806
807
808
809
810
811
812
813
814
815
816
817
818
819
820
821
822
823
824
825
826
827
828
829
830
831
832
833
834
835
836
837
838
839
840
841
842
843
844
845
846
847
848
849
850
851
852
853
854
855
856
857
858
859
860
861
862
863
864
865
866
867
868
869
870
871
872
873
874
875
876
877
878
879
880
881
882
883
884
885
886
887
888
889
890
891
892
893
894
895
896
897
898
899
900
901
902
903
904
905
906
907
908
909
910
911
912
913
914
915
916
917
918
919
920
921
922
923
924
925
926
927
928
929
930
931
932
933
934
935
936
937
938
939
940
941
942
943
944
945
946
947
948
949
950
951
952
953
954
955
956
957
958
960
961
962
963
964
965
966
967
968
969
970
971
972
973
974
975
976
977
978
979
980
981
982
983
984
985
986
987
988
989
990
991
992
993
994
995
996
997
998
999
1000
1001
1002
1003
1004
0 249 2
0 178 3
2 977 1
2 812 3
2 61 1
4 90 1
4 371 2
4 135 1
5 808 1
5 335 1
6 178 3
6 189 1
8 731 1
13 532 3
14 410 1
15 422 1
16 410 2
17 915 4
24 483 1
24 647 2
24 143 1
24 530 3
24 629 12
24 280 1
24 891 12
24 189 4
25 48 2
28 987 2
29 335 1
30 765 7
31 915 2
31 428 1
31 165 8
32 534 2
32 746 1
32 214 2
32 791 4
32 890 1
32 127 1
35 851 1
35 207 1
38 337 1
38 474 1
38 309 2
38 534 1
40 214 1
41 723 2
48 458 2
48 558 2
48 216 2
48 956 2
48 319 2
53 193 1
53 890 1
53 923 1
53 90 1
53 997 1
56 482 1
56 987 2
56 410 1
61 356 1
61 742 5
61 231 2
61 718 1
61 591 1
61 948 2
61 502 2
61 280 1
61 122 4
62 800 1
62 485 2
62 646 3
62 854 4
62 551 1
67 963 5
67 165 4
67 391 2
67 846 4
67 207 2
67 561 1
67 344 4
67 239 3
68 987 2
70 343 1
73 723 1
74 912 5
74 674 2
74 166 2
74 294 2
74 168 4
74 586 1
74 112 4
74 885 1
74 984 1
74 447 1
75 772 2
75 997 2
75 334 2
75 607 1
75 220 1
75 415 1
76 410 1
77 912 1
77 168 5
77 890 1
77 439 4
77 575 5
78 976 1
78 178 3
82 771 1
82 135 1
83 697 1
83 771 1
83 769 2
86 443 2
90 771 1
90 239 2
90 915 2
90 280 1
90 91 1
91 166 1
91 407 1
92 915 2
95 987 2
95 951 2
96 420 1
98 592 2
98 401 5
98 107 1
103 514 2
103 423 1
103 1001 1
103 780 1
103 977 3
103 950 2
104 256 1
104 425 4
104 765 1
105 418 4
105 374 2
106 299 1
106 740 3
107 468 1
107 718 2
107 214 1
107 381 2
110 674 1
111 256 2
111 602 2
111 782 1
112 392 1
112 416 1
112 166 1
112 782 1
113 485 5
113 854 3
118 335 1
119 880 1
119 812 2
120 416 2
120 592 1
120 291 1
120 772 3
120 197 1
120 454 1
120 267 1
120 752 1
120 948 1
120 629 1
120 505 1
120 196 1
120 572 4
120 189 2
120 190 1
120 191 1
122 742 2
122 167 1
122 272 1
122 306 1
122 915 1
122 629 2
122 410 1
124 854 2
125 622 1
126 648 1
126 586 2
126 356 1
126 782 3
126 294 1
127 718 1
127 595 1
127 724 1
127 214 1
127 281 1
132 139 1
133 602 1
134 592 1
135 581 1
135 870 1
135 936 2
135 362 1
135 742 2
135 337 2
135 371 1
135 628 1
135 214 1
135 170 2
135 549 1
136 915 3
136 428 2
139 323 1
141 512 5
141 214 1
142 267 11
142 915 5
147 416 1
147 577 1
147 890 1
147 214 4
150 415 2
151 700 1
152 443 1
153 977 1
153 410 1
157 577 1
157 586 2
157 740 2
157 607 1
159 577 2
159 772 1
159 742 1
159 935 3
159 713 1
159 428 2
159 214 1
160 629 4
160 630 2
165 344 5
165 401 10
165 915 1
166 416 3
166 609 1
166 586 1
166 782 1
166 214 1
166 890 1
166 602 2
167 817 1
167 469 1
168 416 2
168 260 2
168 966 2
168 232 3
168 266 5
168 556 2
168 782 1
168 912 11
168 949 1
168 439 3
168 472 6
170 337 3
171 590 3
173 644 5
173 506 5
173 428 5
175 410 1
175 335 1
178 470 3
178 409 3
178 538 3
178 295 2
178 693 5
178 569 3
178 710 3
178 333 4
178 976 3
178 339 3
178 214 1
178 599 3
178 605 3
178 862 5
178 991 2
178 228 3
178 628 1
178 502 5
178 249 3
178 767 3
180 829 1
180 958 1
180 727 4
181 190 3
184 407 1
185 915 2
187 450 1
187 662 1
187 695 2
188 629 1
188 469 1
189 977 1
189 236 6
189 718 1
189 687 2
189 595 1
189 410 7
189 670 1
190 353 3
190 656 3
190 274 3
190 373 3
192 381 1
193 334 2
196 949 1
199 996 1
200 952 2
200 344 1
200 915 2
200 543 1
201 335 2
205 890 2
206 514 1
206 950 1
207 424 2
207 847 1
207 469 2
207 795 2
207 990 1
208 537 1
208 236 1
208 1004 2
208 335 2
214 515 1
214 772 1
214 775 1
214 776 2
214 398 1
214 783 1
214 912 2
214 530 1
214 531 2
214 534 1
214 920 1
214 544 1
214 292 2
214 935 3
214 428 1
214 306 1
214 371 2
214 692 2
214 951 1
214 569 1
214 948 2
214 316 2
214 577 3
214 963 1
214 324 1
214 586 2
214 844 1
214 738 1
214 720 1
214 731 1
214 915 1
214 993 1
214 994 1
214 356 1
214 742 4
214 746 2
214 629 1
216 321 3
220 334 4
225 718 1
225 407 1
226 440 1
228 605 2
228 502 2
228 333 1
229 771 3
229 790 1
230 577 8
231 840 1
231 541 1
231 338 1
231 698 1
231 987 2
231 540 2
231 607 2
232 356 1
232 425 2
232 332 1
232 782 2
232 912 1
232 946 1
232 885 2
232 472 3
233 692 3
235 946 1
236 743 1
236 1004 4
236 335 1
236 537 5
239 245 1
239 951 2
245 698 1
245 987 2
245 764 2
248 334 3
249 506 1
250 854 2
250 332 1
250 485 2
250 886 1
250 535 1
251 410 1
251 987 2
256 416 1
256 356 6
256 294 5
256 313 1
260 912 1
260 790 2
264 329 1
267 517 3
267 586 1
267 435 3
267 891 1
271 746 1
272 742 2
273 951 2
274 469 2
278 776 1
280 718 1
280 547 1
280 388 1
280 846 1
280 595 1
280 629 6
280 739 1
284 731 1
288 391 7
288 493 8
288 561 8
288 629 9
288 630 3
288 445 7
291 401 5
293 862 1
294 416 2
294 885 1
294 984 1
294 313 3
294 447 4
302 915 2
306 771 1
306 659 2
306 742 3
311 955 4
311 987 2
313 416 3
313 885 1
313 472 1
313 447 1
315 890 1
315 855 2
316 915 1
316 428 1
318 332 3
319 844 1
322 334 6
322 879 1
324 832 1
324 591 1
324 402 1
324 534 1
324 474 1
324 638 1
327 381 1
332 586 3
332 435 2
332 500 2
334 834 1
334 963 1
334 772 1
334 997 1
334 742 2
334 775 1
334 776 2
334 586 1
334 940 1
334 720 1
334 433 1
334 607 1
334 671 1
335 899 1
335 643 1
335 532 1
335 790 1
335 664 1
335 537 5
335 670 1
335 808 1
335 553 1
335 810 2
335 688 1
335 468 1
335 985 3
335 737 2
335 1004 1
335 464 3
335 980 1
335 381 4
337 505 6
337 695 1
338 987 2
343 649 2
343 388 1
343 534 1
344 915 1
349 976 2
349 915 1
349 428 1
349 838 4
353 920 1
353 891 1
356 416 2
356 868 1
356 602 1
356 765 2
356 948 2
356 574 1
356 472 4
356 730 1
356 607 1
360 629 3
361 987 2
364 987 2
364 764 1
369 485 3
369 646 1
369 551 1
369 407 3
369 854 2
369 535 3
371 581 1
378 977 2
378 514 1
378 950 1
379 568 1
381 810 2
381 468 4
381 532 11
381 761 9
381 670 5
383 720 5
386 758 2
388 502 3
394 854 2
396 761 6
401 454 6
401 429 11
401 415 6
407 907 1
407 779 1
407 843 4
407 754 1
407 883 1
410 994 3
410 837 1
410 433 1
410 777 2
410 650 1
410 482 1
410 719 1
410 977 3
410 969 1
410 1001 1
410 924 1
410 541 1
414 891 2
415 833 1
416 674 1
416 868 6
416 586 3
416 951 2
416 782 9
416 435 1
416 948 6
416 885 3
416 762 1
416 447 1
418 977 7
418 996 12
420 559 1
421 424 1
422 680 1
422 731 1
423 977 2
424 951 2
425 946 5
425 908 1
425 890 1
427 955 1
428 658 2
428 915 9
428 990 2
429 454 4
432 987 2
433 987 2
435 586 2
435 782 6
440 537 2
440 737 2
444 722 1
444 854 2
445 891 1
447 782 4
447 885 2
447 984 1
450 802 1
450 700 1
450 742 2
454 772 2
454 592 1
461 716 1
465 812 1
468 810 1
469 512 6
471 752 2
472 782 1
472 946 1
472 762 1
480 987 2
482 531 2
482 987 2
485 513 1
485 551 1
485 854 3
493 629 3
493 630 1
495 568 1
497 977 2
500 586 1
502 591 1
502 772 4
502 718 1
502 605 22
502 976 2
502 724 1
502 790 1
502 538 1
502 687 1
502 862 1
506 605 2
513 854 2
513 646 1
513 551 1
514 832 1
514 1001 1
514 780 1
514 977 3
514 950 4
516 761 1
516 700 1
516 532 3
516 881 1
517 586 3
517 854 4
517 602 1
517 890 1
517 542 1
517 607 1
526 629 3
530 630 6
530 685 1
530 851 1
530 629 4
530 891 2
531 987 2
532 804 3
532 688 7
532 881 1
532 761 5
532 700 4
534 649 2
534 746 1
535 762 2
535 854 2
540 698 1
540 955 12
540 987 2
541 738 1
541 693 1
541 923 3
541 924 1
542 746 1
542 586 3
542 854 3
542 607 1
543 915 1
546 581 2
546 550 1
547 851 1
551 646 1
551 854 2
556 854 2
557 951 1
558 684 4
558 758 1
559 622 1
561 629 3
561 846 3
565 844 1
568 947 3
568 572 1
569 718 1
573 782 1
582 987 2
582 764 2
586 772 3
586 782 7
586 885 1
586 984 6
586 607 1
587 720 4
591 742 1
591 607 1
592 609 1
592 948 1
595 718 1
599 605 3
599 710 5
602 743 3
602 782 1
605 789 4
607 684 1
607 718 2
607 817 1
607 687 1
609 772 2
622 676 1
629 707 1
629 658 3
629 685 3
629 846 2
629 630 7
629 631 3
629 891 13
630 838 1
633 923 1
641 987 2
644 670 2
646 854 2
647 915 1
648 782 1
650 890 1
656 920 5
656 838 1
659 742 1
660 769 1
668 720 2
668 746 8
668 935 2
674 782 1
680 731 3
685 1001 6
685 724 1
687 742 1
687 692 1
692 718 3
697 771 1
697 855 1
698 764 1
698 840 1
698 873 1
698 987 2
700 812 4
700 881 3
700 790 1
703 936 2
704 891 2
704 743 1
705 890 1
715 926 1
716 718 2
717 731 1
718 915 1
720 935 2
720 746 4
720 890 3
721 765 1
722 854 2
723 758 3
730 868 1
731 915 3
738 850 1
742 771 10
742 900 3
742 923 1
743 782 1
746 935 15
746 813 4
746 890 1
752 854 4
754 843 1
758 956 1
758 844 1
761 790 3
761 804 4
764 994 2
764 987 2
765 868 5
765 908 1
765 948 2
771 870 1
771 890 1
773 955 1
774 947 37
777 994 1
779 843 1
780 977 2
780 950 1
782 868 1
782 912 1
782 885 1
782 854 1
783 850 1
783 837 2
789 890 3
789 987 3
790 812 15
790 868 3
809 987 2
817 851 3
821 854 2
823 854 2
832 950 1
837 924 1
838 952 3
840 987 2
849 987 2
851 920 1
855 951 1
857 915 5
862 909 4
868 948 1
868 889 1
872 987 2
873 987 2
883 951 1
885 889 1
890 935 1
890 997 1
890 1002 1
915 952 2
915 953 2
915 971 2
915 990 2
925 955 4
925 987 2
950 1001 1
950 977 3
955 987 6
977 996 1
977 1004 2
977 1001 1
987 994 2
