0
1
2
3
4
5
6
7
8
9
10
11
12
13
14
15
16
17
18
19
20
21
22
23
24
25
26
27
28
29
30
31
32
33
34
35
36
37
38
39
40
41
42
43
44
45
46
47
48
49
50
51
52
53
54
55
56
57
58
59
60
61
62
63
64
65
66
67
68
69
70
71
72
73
74
75
76
77
78
79
80
81
82
83
84
85
86
87
88
89
90
91
92
93
94
95
96
97
98
99
100
101
102
103
104
105
106
107
108
109
110
111
112
113
114
115
116
117
118
119
120
121
122
123
124
125
126
127
128
129
130
131
132
133
134
135
136
137
138
139
141
142
143
144
145
146
147
148
149
150
151
152
153
154
155
157
158
159
160
161
162
163
164
165
166
167
168
169
170
171
172
173
174
175
176
177
178
179
180
181
182
183
184
185
186
187
188
189
190
191
192
193
194
195
196
197
198
199
200
201
202
203
204
205
206
207
208
209
210
211
212
213
214
215
216
217
218
219
220
221
222
223
224
225
226
227
228
229
230
231
232
233
235
236
237
238
239
240
241
242
243
244
245
246
247
248
249
250
251
252
253
254
255
256
257
259
260
262
263
264
265
266
267
268
269
270
271
272
273
274
275
276
277
278
279
280
281
282
283
284
285
286
287
288
289
290
291
292
293
294
295
296
297
299
300
301
302
303
304
305
306
307
308
309
310
311
312
313
314
315
316
317
318
319
320
321
322
323
324
325
326
327
328
329
330
331
332
333
334
335
336
337
338
339
340
341
343
344
345
346
347
348
349
350
351
352
353
355
356
357
358
359
360
361
362
364
365
366
367
368
369
370
371
372
373
374
375
376
377
378
379
380
381
382
383
384
385
386
387
388
389
390
391
392
393
394
395
396
397
398
399
400
401
402
403
404
405
406
407
408
409
410
411
412
413
414
415
416
418
419
420
421
422
423
424
425
426
427
428
429
430
431
432
433
434
435
436
437
438
439
440
441
442
443
444
445
446
447
448
449
450
451
452
453
454
455
456
457
458
459
460
461
462
464
465
466
467
468
469
470
471
472
473
474
475
476
477
478
479
480
481
482
483
484
485
486
487
488
489
490
491
492
493
495
496
497
498
499
500
501
502
503
504
505
506
507
508
509
510
511
512
513
514
515
516
517
518
519
520
521
522
523
524
525
526
527
528
530
531
532
533
534
535
536
537
538
539
540
541
542
543
544
545
546
547
548
549
550
551
552
553
554
556
557
558
559
560
561
562
563
564
565
566
567
568
569
570
571
572
573
574
575
576
577
578
579
580
581
582
583
584
585
586
587
588
589
590
591
592
593
594
595
596
597
598
599
600
601
602
603
604
605
606
607
609
610
611
612
613
614
615
616
617
618
619
621
622
623
624
625
626
627
628
629
630
631
632
633
634
635
636
637
638
639
640
641
642
643
644
645
646
647
648
649
650
651
652
653
654
655
656
657
658
659
660
661
662
663
664
665
666
667
668
669
670
671
672
673
674
675
676
677
678
679
680
681
682
683
684
685
686
687
688
689
690
691
692
693
694
695
696
697
698
699
700
701
702
703
704
705
706
707
708
709
710
711
712
713
714
715
716
717
718
719
720
721
722
723
724
725
726
727
728
729
730
731
732
733
734
735
736
737
738
739
740
741
742
743
744
745
746
747
748
749
750
751
752
753
754
756
757
758
759
760
761
762
763
764
765
767
768
769
770
771
772
773
774
775
776
777
778
779
780
781
782
783
784
785
786
787
788
789
790
791
792
793
794
795
796
797
798
799
800
801
802
803
804
805
806
807
808
809
810
811
812
813
814
815
816
817
818
819
820
821
822
823
824
825
826
827
828
829
830
831
832
833
834
835
836
837
838
839
840
841
842
843
844
845
846
847
848
849
850
851
852
853
854
855
856
857
858
859
860
861
862
863
864
865
866
867
868
869
870
871
872
873
874
875
876
877
878
879
880
881
882
883
884
885
886
887
888
889
890
891
892
893
894
895
896
897
898
899
900
901
902
903
904
905
906
907
908
909
910
911
912
913
914
915
916
917
918
919
920
921
922
923
924
925
926
927
928
929
930
931
932
933
934
935
936
937
938
939
940
941
942
943
944
945
946
947
948
949
950
951
952
953
954
955
956
957
958
960
961
962
963
964
965
966
967
968
969
970
971
972
973
974
975
976
977
978
979
980
981
982
983
984
985
986
987
988
989
990
991
992
993
994
995
996
997
998
999
1000
1001
1002
1003
1004
0 249 6
0 732 2
0 118 2
1 309 5
2 517 1
2 38 1
2 231 2
2 526 6
2 790 7
2 889 1
2 700 3
2 126 1
4 304 4
4 441 1
4 371 2
4 135 3
5 808 1
5 553 2
5 29 1
5 175 4
6 249 7
6 178 1
8 544 1
13 506 1
13 850 3
13 541 1
13 743 2
14 644 1
14 199 1
14 1001 13
14 173 1
14 850 5
14 921 3
14 506 17
14 924 3
14 410 1
14 702 25
15 680 9
15 584 2
15 731 1
17 316 1
19 890 1
24 267 1
24 891 1
24 530 1
24 915 3
24 280 1
25 684 5
25 458 1
25 844 3
25 558 1
25 723 1
25 918 1
25 956 4
28 809 1
29 381 2
30 868 1
30 104 1
30 356 6
30 908 4
30 209 1
30 52 2
30 313 4
30 765 5
31 267 1
31 316 2
31 990 1
31 142 1
32 280 1
32 572 3
32 789 2
35 547 1
35 207 1
37 168 2
37 313 2
38 324 2
40 450 2
40 379 1
40 900 1
40 488 1
40 60 1
40 267 1
40 802 2
40 272 2
40 712 1
40 466 1
40 947 1
40 662 4
40 695 2
40 568 4
40 187 1
40 572 1
40 254 1
45 126 1
46 343 1
48 458 2
48 684 1
52 416 2
52 472 3
52 126 4
53 923 3
56 987 1
58 577 2
58 909 3
61 991 3
61 718 4
61 135 1
62 485 4
62 551 4
62 935 1
62 369 5
62 823 1
62 250 2
62 571 4
62 444 2
62 542 1
62 159 2
66 126 3
67 344 2
67 267 1
67 963 3
67 207 1
70 633 1
70 91 1
70 324 1
70 509 1
71 595 3
73 458 1
73 499 1
74 912 1
74 573 3
74 294 1
74 166 1
75 107 2
75 220 1
77 912 1
77 91 1
77 699 1
80 267 1
82 771 2
82 135 3
83 152 1
83 703 1
86 443 4
90 506 1
90 663 1
91 416 1
91 844 1
91 912 1
91 723 1
91 565 1
91 758 1
92 658 2
92 316 4
92 142 1
92 647 1
95 873 1
96 420 1
98 707 7
98 454 1
98 134 2
98 713 7
98 107 8
98 268 7
98 429 7
98 592 8
98 401 8
98 291 1
98 117 7
98 278 6
103 977 2
104 294 2
104 362 1
104 721 4
104 765 1
104 126 2
105 418 9
106 399 1
107 393 1
107 980 1
107 335 3
111 885 2
112 267 4
113 542 1
114 249 5
114 149 1
116 692 2
118 867 1
119 335 1
120 772 1
120 900 1
120 135 1
122 479 1
125 622 1
126 416 1
126 868 6
126 232 1
126 912 1
126 573 1
127 916 2
132 842 4
134 592 7
134 614 3
135 581 9
135 870 3
135 746 2
135 233 8
135 170 5
135 718 9
135 371 3
135 692 6
135 628 2
136 200 2
136 267 1
136 915 8
136 316 3
136 142 1
139 477 3
139 534 2
142 344 1
142 971 3
142 165 1
142 647 3
142 200 1
142 316 4
142 267 4
142 428 1
142 302 1
142 915 8
142 953 1
142 952 3
142 857 1
142 543 1
142 990 1
143 544 1
144 544 1
149 249 5
151 923 5
151 253 1
152 443 3
153 977 5
153 418 2
157 746 1
157 915 1
157 743 2
159 290 3
159 963 1
159 388 1
159 334 3
159 742 1
159 713 1
159 940 6
159 194 1
159 398 1
159 369 1
159 530 2
159 500 2
159 190 2
159 535 1
159 472 1
159 923 1
160 267 1
160 547 1
160 530 1
160 915 3
160 571 5
161 571 1
164 853 2
164 638 1
164 343 2
165 267 1
165 207 1
165 915 2
165 316 2
165 990 1
166 743 3
167 547 1
167 181 1
168 260 10
168 232 6
168 266 8
168 556 1
168 557 1
168 912 17
168 949 15
168 790 7
168 439 2
168 472 3
168 356 1
168 923 2
168 575 1
169 595 4
170 697 1
171 590 2
173 850 3
175 849 4
175 898 1
175 275 4
175 1004 1
178 232 1
178 502 6
178 280 2
178 249 2
178 188 1
178 189 3
178 862 1
178 991 1
180 727 1
181 274 1
181 267 1
181 190 1
185 833 1
187 450 3
188 280 1
188 547 1
188 207 1
189 249 2
189 718 2
190 373 1
190 267 3
190 274 1
190 353 1
190 656 1
190 978 2
190 629 1
190 920 3
190 890 1
190 316 2
191 912 2
191 692 5
192 381 5
193 923 1
195 595 1
196 401 3
196 338 1
197 850 3
199 644 1
199 850 3
199 996 3
199 506 2
199 541 3
200 267 2
200 971 2
200 428 3
200 952 8
200 915 5
200 344 3
200 316 4
201 393 1
201 249 5
202 267 1
207 547 3
207 421 1
207 424 1
207 988 2
207 301 1
207 493 1
207 847 1
207 851 2
207 469 4
207 954 2
207 795 6
207 373 2
209 472 1
209 356 1
214 416 1
214 290 3
214 923 1
214 316 1
216 458 1
220 334 1
223 534 1
223 663 1
226 440 2
228 538 3
228 605 2
229 607 1
231 738 1
231 624 2
231 245 1
231 921 1
231 698 3
231 540 4
232 416 2
232 260 2
232 949 2
232 790 1
232 472 2
232 313 1
233 692 3
235 923 1
235 951 1
236 249 5
239 951 1
241 547 1
245 698 3
245 764 1
248 506 1
248 692 1
248 746 1
248 591 1
249 716 7
249 1004 5
249 977 6
249 595 5
249 409 5
249 410 8
253 290 1
253 566 1
256 356 1
256 294 1
260 416 4
260 912 3
260 439 4
260 472 2
260 699 1
266 416 2
266 790 5
267 517 2
267 647 2
267 392 10
267 493 1
267 656 1
267 274 1
267 915 2
267 662 1
267 408 1
267 674 2
267 561 1
267 990 1
267 428 1
267 685 1
267 302 2
267 530 9
267 435 5
267 952 2
267 700 1
267 629 1
267 450 1
267 581 4
267 586 8
267 971 2
267 846 1
267 847 1
267 720 1
267 526 1
267 684 1
267 855 1
267 344 1
267 857 1
267 731 1
267 988 1
267 280 1
267 353 1
267 870 2
267 360 1
267 316 4
267 658 2
267 920 1
267 371 2
267 628 1
267 373 1
267 630 1
267 631 1
267 891 3
268 633 1
270 850 2
272 471 2
274 841 2
274 630 3
275 849 3
277 571 3
278 776 1
278 923 4
280 915 1
280 547 1
280 647 1
280 360 1
280 526 1
280 920 1
280 530 4
280 851 1
280 561 1
280 631 1
284 680 1
284 731 2
285 571 3
288 561 1
288 530 1
288 445 1
288 493 1
290 671 1
291 401 2
291 429 1
294 416 3
294 586 27
294 885 10
294 984 5
294 447 12
299 509 3
301 547 1
302 316 2
306 771 1
306 742 1
308 418 1
310 388 2
310 477 2
310 534 1
310 343 1
311 955 1
311 540 1
313 416 1
313 356 3
313 885 1
313 472 2
313 447 2
316 647 4
316 915 8
316 543 3
316 428 2
316 392 17
316 952 5
316 953 3
316 971 3
316 344 1
316 857 2
316 349 1
316 990 3
318 499 1
318 684 7
318 558 3
319 458 1
320 843 3
320 1004 3
321 844 4
321 458 2
321 684 6
321 565 2
324 890 3
327 850 3
329 624 2
329 587 1
329 819 1
329 910 1
332 416 1
332 586 7
332 435 6
332 500 1
332 447 1
334 546 1
334 550 2
334 776 6
334 617 2
334 687 2
334 535 1
334 923 1
334 542 1
335 898 1
335 810 2
335 980 3
335 664 4
337 505 3
337 509 5
340 743 1
341 915 1
343 534 1
343 429 1
343 591 1
343 950 4
343 663 8
343 399 1
349 976 3
356 743 1
356 912 3
356 721 2
356 790 2
356 472 4
356 602 1
360 530 4
362 802 3
362 502 1
364 418 2
369 513 1
369 535 3
372 595 5
372 404 1
377 423 1
379 568 2
381 532 1
381 670 2
383 586 2
383 530 1
383 887 1
388 534 4
392 674 2
392 803 2
392 517 2
394 571 5
401 454 2
401 429 5
401 415 3
402 788 2
404 595 2
407 843 1
409 502 1
410 977 2
410 719 1
413 746 2
413 935 4
414 687 1
415 586 1
415 429 1
415 935 2
416 425 2
416 912 7
416 949 2
416 439 2
416 472 3
416 586 10
416 447 1
418 996 52
418 1001 2
418 977 8
420 559 1
420 879 1
421 424 3
421 547 1
422 731 1
423 977 1
424 795 4
424 547 1
425 946 1
425 908 2
427 955 2
428 915 5
428 990 1
429 454 2
433 987 1
433 789 1
435 586 4
435 500 2
435 782 1
439 912 3
440 537 4
443 662 1
444 513 1
445 530 1
445 891 3
447 586 47
447 885 5
450 571 2
450 712 1
450 746 1
450 530 1
450 947 2
450 695 3
450 568 1
454 592 7
458 844 1
458 684 5
458 558 2
458 723 1
458 565 1
458 758 1
458 956 1
469 547 1
472 743 2
472 782 1
472 912 1
477 534 1
478 517 1
479 980 1
485 542 1
485 823 5
491 644 1
493 547 1
493 530 3
493 630 1
495 633 3
497 977 2
497 773 1
500 782 3
500 814 22
502 746 1
506 890 1
506 996 9
506 1001 8
506 970 1
506 719 1
506 657 2
506 850 3
506 644 1
506 541 3
510 534 1
512 547 1
513 542 2
513 535 2
514 832 1
516 850 3
516 743 1
516 924 8
516 783 1
517 803 2
517 530 1
526 530 2
530 658 1
530 685 3
530 561 1
530 571 7
530 846 1
530 591 1
530 746 2
530 630 2
530 631 1
530 891 8
534 571 1
534 746 1
534 591 1
534 890 1
534 923 2
535 762 1
538 693 1
540 994 6
540 855 1
540 697 1
540 698 4
540 955 3
540 925 1
541 996 1
541 719 2
541 850 3
542 746 1
542 823 3
542 571 1
544 580 1
544 563 1
544 669 1
546 614 1
546 551 1
547 795 1
547 552 1
547 561 1
547 824 1
547 954 1
547 957 1
547 978 1
547 851 1
547 988 1
547 817 1
547 614 1
547 891 1
550 743 2
551 823 1
556 912 2
558 844 3
558 684 7
558 565 6
558 918 1
561 658 2
565 684 5
568 771 3
568 947 1
571 900 7
571 742 4
571 870 3
571 935 2
571 776 6
571 684 2
571 663 3
571 731 1
571 885 2
576 850 3
581 936 3
581 855 4
581 692 1
582 994 2
585 922 1
586 885 11
586 759 1
586 762 1
587 834 1
587 617 1
591 746 1
591 692 1
592 609 6
592 713 3
595 716 3
599 693 1
600 672 1
600 956 1
602 721 1
602 743 1
609 923 1
609 742 1
614 991 4
617 923 2
617 772 1
624 719 1
630 647 5
630 746 1
630 915 2
633 707 2
633 923 1
634 638 1
638 700 2
641 987 2
643 685 4
644 1001 3
644 850 5
644 924 13
647 915 4
650 850 3
654 991 6
657 850 3
663 950 2
663 890 1
670 688 3
672 844 20
678 696 1
680 707 5
680 731 1
680 790 1
682 850 3
684 704 2
684 758 4
684 743 2
684 844 8
684 918 5
684 956 7
684 746 1
687 772 1
687 776 1
687 746 1
687 923 2
692 746 6
692 798 1
698 840 3
698 873 3
698 764 3
700 746 5
702 850 3
704 743 2
707 880 1
718 746 1
718 915 1
719 850 3
721 743 2
723 844 1
723 956 1
724 915 3
730 868 6
731 746 1
738 850 4
738 783 2
738 951 3
739 746 2
739 915 1
740 788 2
740 879 1
742 746 1
743 765 1
745 850 3
746 900 1
746 920 1
746 923 1
746 935 25
746 775 1
746 980 1
746 994 1
748 926 1
752 994 1
758 844 2
759 912 1
761 928 2
761 881 6
761 850 3
764 994 1
772 923 1
772 863 2
774 947 39
783 850 3
783 837 2
789 987 1
790 868 1
804 850 2
817 851 1
837 921 2
837 850 3
844 918 2
844 956 2
849 858 1
850 921 3
850 924 9
850 996 6
850 1001 3
850 881 3
851 920 1
855 936 4
857 915 2
858 991 2
890 923 5
912 949 5
915 952 1
918 956 2
925 955 1
950 977 3
951 957 3
957 990 1
977 996 5
977 1001 6
977 1004 1
