0
1
2
3
4
5
6
7
8
9
10
11
12
13
14
15
16
17
18
19
20
21
22
23
24
25
26
27
28
29
30
31
32
33
34
35
36
37
38
39
40
41
42
43
44
45
46
47
48
49
50
51
52
53
54
55
56
57
58
59
60
61
62
63
64
65
66
67
68
69
70
71
72
73
74
75
76
77
78
79
80
81
82
83
84
85
86
87
88
89
90
91
92
93
94
95
96
97
98
99
100
101
102
103
104
105
106
107
108
109
110
111
112
113
114
115
116
117
118
119
120
121
122
123
124
125
126
127
128
129
130
131
132
133
134
135
136
137
138
139
141
142
143
144
145
146
147
148
149
150
151
152
153
154
155
157
158
159
160
161
162
163
164
165
166
167
168
169
170
171
172
173
174
175
176
177
178
179
180
181
182
183
184
185
186
187
188
189
190
191
192
193
194
195
196
197
198
199
200
201
202
203
204
205
206
207
208
209
210
211
212
213
214
215
216
217
218
219
220
221
222
223
224
225
226
227
228
229
230
231
232
233
235
236
237
238
239
240
241
242
243
244
245
246
247
248
249
250
251
252
253
254
255
256
257
259
260
262
263
264
265
266
267
268
269
270
271
272
273
274
275
276
277
278
279
280
281
282
283
284
285
286
287
288
289
290
291
292
293
294
295
296
297
299
300
301
302
303
304
305
306
307
308
309
310
311
312
313
314
315
316
317
318
319
320
321
322
323
324
325
326
327
328
329
330
331
332
333
334
335
336
337
338
339
340
341
343
344
345
346
347
348
349
350
351
352
353
355
356
357
358
359
360
361
362
364
365
366
367
368
369
370
371
372
373
374
375
376
377
378
379
380
381
382
383
384
385
386
387
388
389
390
391
392
393
394
395
396
397
398
399
400
401
402
403
404
405
406
407
408
409
410
411
412
413
414
415
416
418
419
420
421
422
423
424
425
426
427
428
429
430
431
432
433
434
435
436
437
438
439
440
441
442
443
444
445
446
447
448
449
450
451
452
453
454
455
456
457
458
459
460
461
462
464
465
466
467
468
469
470
471
472
473
474
475
476
477
478
479
480
481
482
483
484
485
486
487
488
489
490
491
492
493
495
496
497
498
499
500
501
502
503
504
505
506
507
508
509
510
511
512
513
514
515
516
517
518
519
520
521
522
523
524
525
526
527
528
530
531
532
533
534
535
536
537
538
539
540
541
542
543
544
545
546
547
548
549
550
551
552
553
554
556
557
558
559
560
561
562
563
564
565
566
567
568
569
570
571
572
573
574
575
576
577
578
579
580
581
582
583
584
585
586
587
588
589
590
591
592
593
594
595
596
597
598
599
600
601
602
603
604
605
606
607
609
610
611
612
613
614
615
616
617
618
619
621
622
623
624
625
626
627
628
629
630
631
632
633
634
635
636
637
638
639
640
641
642
643
644
645
646
647
648
649
650
651
652
653
654
655
656
657
658
659
660
661
662
663
664
665
666
667
668
669
670
671
672
673
674
675
676
677
678
679
680
681
682
683
684
685
686
687
688
689
690
691
692
693
694
695
696
697
698
699
700
701
702
703
704
705
706
707
708
709
710
711
712
713
714
715
716
717
718
719
720
721
722
723
724
725
726
727
728
729
730
731
732
733
734
735
736
737
738
739
740
741
742
743
744
745
746
747
748
749
750
751
752
753
754
756
757
758
759
760
761
762
763
764
765
767
768
769
770
771
772
773
774
775
776
777
778
779
780
781
782
783
784
785
786
787
788
789
790
791
792
793
794
795
796
797
798
799
800
801
802
803
804
805
806
807
808
809
810
811
812
813
814
815
816
817
818
819
820
821
822
823
824
825
826
827
828
829
830
831
832
833
834
835
836
837
838
839
840
841
842
843
844
845
846
847
848
849
850
851
852
853
854
855
856
857
858
859
860
861
862
863
864
865
866
867
868
869
870
871
872
873
874
875
876
877
878
879
880
881
882
883
884
885
886
887
888
889
890
891
892
893
894
895
896
897
898
899
900
901
902
903
904
905
906
907
908
909
910
911
912
913
914
915
916
917
918
919
920
921
922
923
924
925
926
927
928
929
930
931
932
933
934
935
936
937
938
939
940
941
942
943
944
945
946
947
948
949
950
951
952
953
954
955
956
957
958
960
961
962
963
964
965
966
967
968
969
970
971
972
973
974
975
976
977
978
979
980
981
982
983
984
985
986
987
988
989
990
991
992
993
994
995
996
997
998
999
1000
1001
1002
1003
1004
0 569 1
0 732 1
2 746 2
2 790 2
4 135 2
5 107 1
5 553 1
5 491 1
5 175 1
6 569 1
14 924 1
15 680 3
15 731 1
16 843 1
26 450 2
30 313 2
31 428 2
31 165 4
31 990 1
32 977 1
32 891 1
32 127 3
35 207 1
40 712 2
40 159 1
42 402 1
52 356 1
53 416 1
56 633 1
56 994 1
56 772 1
56 482 1
56 159 1
61 450 1
61 718 4
61 181 1
61 278 1
61 568 2
61 127 1
62 214 1
62 485 1
62 646 1
65 771 1
65 927 1
67 344 2
67 561 4
67 165 2
67 846 4
68 176 1
69 343 1
74 166 1
75 740 3
75 997 1
75 107 1
75 851 1
75 633 1
75 772 4
75 607 1
75 927 3
75 220 1
75 190 1
75 127 1
78 569 2
82 135 2
83 784 1
90 927 1
92 428 1
98 592 2
98 429 1
101 423 2
103 423 3
103 663 2
104 416 2
104 908 2
104 765 2
106 740 1
107 214 1
107 643 1
107 810 2
107 468 1
107 335 4
107 985 1
107 980 2
107 118 1
107 537 1
107 664 1
107 569 1
107 381 1
112 517 1
113 535 1
125 622 10
126 168 1
126 362 1
126 790 2
127 754 5
127 149 2
127 569 1
134 592 2
135 292 2
135 581 3
135 870 2
135 170 3
135 942 2
135 176 2
135 371 2
135 628 3
135 214 1
136 200 1
136 428 1
136 207 2
137 936 1
139 832 1
141 469 1
142 428 1
147 416 4
147 196 2
147 157 1
147 454 1
147 415 3
149 423 1
150 415 2
159 450 1
159 214 2
159 841 6
159 334 4
159 712 3
159 502 2
159 220 1
165 838 1
165 207 2
165 401 2
165 344 3
166 762 1
167 978 1
167 207 1
168 232 1
168 356 3
171 347 2
171 590 1
173 924 1
173 541 1
175 849 1
175 275 7
176 769 1
176 482 1
176 995 1
176 836 1
176 581 1
176 329 1
176 746 1
176 588 1
176 692 1
176 245 1
176 855 1
176 641 1
176 764 1
184 423 1
187 802 1
187 379 1
188 988 1
188 630 1
188 207 1
189 377 1
189 236 1
191 692 1
191 927 2
193 416 5
196 454 1
199 924 1
200 971 2
200 428 3
200 920 1
200 274 1
200 915 1
200 344 2
207 547 1
207 421 1
207 424 3
207 988 1
207 561 2
207 241 1
207 301 1
207 817 1
207 851 1
207 469 1
207 954 1
207 795 1
207 957 1
208 236 1
214 776 1
214 428 3
214 530 1
214 835 1
214 278 1
214 920 1
214 544 1
214 731 1
214 940 1
214 692 1
214 569 1
214 316 1
214 684 1
214 324 1
214 844 1
214 334 1
214 720 1
214 852 1
214 987 1
214 220 1
214 865 1
214 738 1
214 743 1
214 371 1
214 629 1
214 377 1
216 321 2
228 569 2
228 502 1
229 241 2
229 306 3
229 607 1
231 245 3
232 472 1
232 575 3
233 692 3
239 596 1
243 772 1
245 624 2
246 423 2
249 569 1
251 994 1
251 482 1
251 935 1
256 416 2
256 313 3
260 912 1
267 517 1
268 592 1
268 1003 3
275 849 1
277 458 2
280 772 1
284 680 1
291 429 1
291 454 2
292 581 1
293 547 1
295 569 1
299 388 1
301 656 1
306 659 2
313 416 2
313 765 2
316 428 8
321 618 1
321 684 1
326 692 1
326 687 1
332 500 1
333 569 1
334 718 1
334 502 1
335 980 1
338 994 1
339 569 1
343 663 1
347 933 3
347 966 4
353 891 1
356 416 1
356 515 1
356 743 6
356 912 2
356 648 1
356 472 4
356 765 5
356 542 1
360 362 1
362 424 1
362 990 1
364 764 1
368 663 2
372 404 1
377 718 1
377 696 1
377 729 5
377 700 1
379 568 2
379 900 1
383 868 2
388 843 1
388 612 1
392 517 1
398 712 7
401 429 1
401 454 2
401 415 1
406 469 1
407 843 1
409 569 1
415 569 2
415 435 2
416 868 2
416 586 1
416 472 1
416 984 1
416 927 1
416 447 1
418 977 1
421 424 1
422 731 2
423 832 3
423 866 1
423 710 1
423 779 1
423 716 1
423 977 3
424 847 1
424 795 1
424 990 1
428 838 1
428 647 1
428 971 1
428 915 2
428 953 1
428 952 1
428 857 3
428 990 1
429 454 4
433 994 1
435 500 3
435 782 1
450 712 2
450 462 1
450 596 1
450 692 1
450 572 1
453 595 1
454 592 3
458 956 1
459 517 2
470 569 1
472 602 1
472 743 1
482 569 1
482 531 1
485 513 1
485 542 2
497 977 4
500 586 2
500 782 3
501 879 1
502 710 1
502 746 1
502 687 1
502 569 3
506 1001 3
506 924 1
509 788 3
510 622 2
510 534 1
514 832 1
514 950 1
514 638 2
515 927 1
516 761 2
516 924 4
517 674 1
517 803 1
528 772 1
530 746 1
531 641 1
531 935 1
534 746 1
534 843 1
538 569 1
540 680 1
542 646 1
543 971 1
546 550 1
547 957 1
551 556 1
563 731 1
565 684 1
569 693 2
569 710 1
569 976 1
569 599 1
569 605 1
569 862 1
569 991 1
569 767 1
581 936 2
581 855 4
586 984 1
586 782 1
587 720 3
591 746 1
591 843 1
591 812 1
592 713 2
592 927 3
599 710 1
602 743 1
607 851 1
607 915 2
609 927 1
613 772 1
622 676 2
629 658 1
629 858 1
644 924 1
647 915 1
648 765 4
650 682 2
650 654 2
650 783 2
658 838 1
660 769 1
665 746 1
680 720 1
680 707 1
681 729 1
682 924 1
687 843 1
692 746 1
696 833 1
700 812 2
702 924 1
707 880 1
711 843 1
716 718 2
718 843 1
718 980 2
722 927 3
735 740 1
738 850 1
742 900 1
746 900 1
746 935 4
746 812 2
746 851 1
746 915 1
754 843 2
762 984 1
764 994 1
765 868 1
765 790 1
772 993 1
772 775 1
772 812 1
772 783 1
772 923 4
772 915 1
772 997 1
774 947 27
782 923 2
790 812 2
808 898 2
809 994 1
838 952 1
841 923 1
915 971 2
924 1001 1
933 966 1
935 966 1
977 1001 1
977 1004 3
978 988 3
