0
1
2
3
4
5
6
7
8
9
10
11
12
13
14
15
16
17
18
19
20
21
22
23
24
25
26
27
28
29
30
31
32
33
34
35
36
37
38
39
40
41
42
43
44
45
46
47
48
49
50
51
52
53
54
55
56
57
58
59
60
61
62
63
64
65
66
67
68
69
70
71
72
73
74
75
76
77
78
79
80
81
82
83
84
85
86
87
88
89
90
91
92
93
94
95
96
97
98
99
100
101
102
103
104
105
106
107
108
109
110
111
112
113
114
115
116
117
118
119
120
121
122
123
124
125
126
127
128
129
130
131
132
133
134
135
136
137
138
139
141
142
143
144
145
146
147
148
149
150
151
152
153
154
155
157
158
159
160
161
162
163
164
165
166
167
168
169
170
171
172
173
174
175
176
177
178
179
180
181
182
183
184
185
186
187
188
189
190
191
192
193
194
195
196
197
198
199
200
201
202
203
204
205
206
207
208
209
210
211
212
213
214
215
216
217
218
219
220
221
222
223
224
225
226
227
228
229
230
231
232
233
235
236
237
238
239
240
241
242
243
244
245
246
247
248
249
250
251
252
253
254
255
256
257
259
260
262
263
264
265
266
267
268
269
270
271
272
273
274
275
276
277
278
279
280
281
282
283
284
285
286
287
288
289
290
291
292
293
294
295
296
297
299
300
301
302
303
304
305
306
307
308
309
310
311
312
313
314
315
316
317
318
319
320
321
322
323
324
325
326
327
328
329
330
331
332
333
334
335
336
337
338
339
340
341
343
344
345
346
347
348
349
350
351
352
353
355
356
357
358
359
360
361
362
364
365
366
367
368
369
370
371
372
373
374
375
376
377
378
379
380
381
382
383
384
385
386
387
388
389
390
391
392
393
394
395
396
397
398
399
400
401
402
403
404
405
406
407
408
409
410
411
412
413
414
415
416
418
419
420
421
422
423
424
425
426
427
428
429
430
431
432
433
434
435
436
437
438
439
440
441
442
443
444
445
446
447
448
449
450
451
452
453
454
455
456
457
458
459
460
461
462
464
465
466
467
468
469
470
471
472
473
474
475
476
477
478
479
480
481
482
483
484
485
486
487
488
489
490
491
492
493
495
496
497
498
499
500
501
502
503
504
505
506
507
508
509
510
511
512
513
514
515
516
517
518
519
520
521
522
523
524
525
526
527
528
530
531
532
533
534
535
536
537
538
539
540
541
542
543
544
545
546
547
548
549
550
551
552
553
554
556
557
558
559
560
561
562
563
564
565
566
567
568
569
570
571
572
573
574
575
576
577
578
579
580
581
582
583
584
585
586
587
588
589
590
591
592
593
594
595
596
597
598
599
600
601
602
603
604
605
606
607
609
610
611
612
613
614
615
616
617
618
619
621
622
623
624
625
626
627
628
629
630
631
632
633
634
635
636
637
638
639
640
641
642
643
644
645
646
647
648
649
650
651
652
653
654
655
656
657
658
659
660
661
662
663
664
665
666
667
668
669
670
671
672
673
674
675
676
677
678
679
680
681
682
683
684
685
686
687
688
689
690
691
692
693
694
695
696
697
698
699
700
701
702
703
704
705
706
707
708
709
710
711
712
713
714
715
716
717
718
719
720
721
722
723
724
725
726
727
728
729
730
731
732
733
734
735
736
737
738
739
740
741
742
743
744
745
746
747
748
749
750
751
752
753
754
756
757
758
759
760
761
762
763
764
765
767
768
769
770
771
772
773
774
775
776
777
778
779
780
781
782
783
784
785
786
787
788
789
790
791
792
793
794
795
796
797
798
799
800
801
802
803
804
805
806
807
808
809
810
811
812
813
814
815
816
817
818
819
820
821
822
823
824
825
826
827
828
829
830
831
832
833
834
835
836
837
838
839
840
841
842
843
844
845
846
847
848
849
850
851
852
853
854
855
856
857
858
859
860
861
862
863
864
865
866
867
868
869
870
871
872
873
874
875
876
877
878
879
880
881
882
883
884
885
886
887
888
889
890
891
892
893
894
895
896
897
898
899
900
901
902
903
904
905
906
907
908
909
910
911
912
913
914
915
916
917
918
919
920
921
922
923
924
925
926
927
928
929
930
931
932
933
934
935
936
937
938
939
940
941
942
943
944
945
946
947
948
949
950
951
952
953
954
955
956
957
958
960
961
962
963
964
965
966
967
968
969
970
971
972
973
974
975
976
977
978
979
980
981
982
983
984
985
986
987
988
989
990
991
992
993
994
995
996
997
998
999
1000
1001
1002
1003
1004
0 716 1
0 6 1
2 577 1
2 236 2
2 812 3
2 77 1
2 790 5
2 700 1
2 509 2
2 126 5
4 135 1
6 236 1
6 772 1
8 772 1
13 772 1
13 516 1
13 532 1
14 1001 2
14 506 2
14 924 2
15 731 4
17 990 1
24 280 3
24 353 2
24 530 6
24 891 2
24 647 2
29 90 1
30 765 1
31 316 1
31 428 1
31 990 2
32 280 2
32 891 3
32 862 1
32 791 1
35 280 1
35 469 2
35 207 2
38 832 1
38 322 2
38 61 3
38 70 1
40 712 1
40 450 1
41 723 1
42 322 1
42 402 1
48 458 1
56 772 1
61 742 2
61 830 1
61 356 2
61 718 5
62 800 1
67 963 6
67 165 2
67 846 4
67 207 3
67 561 4
67 344 4
68 772 1
74 112 1
74 392 3
74 573 1
74 294 2
75 772 2
77 168 1
82 135 1
83 703 1
86 152 1
86 443 1
86 703 2
90 107 1
90 865 1
90 843 1
90 581 1
90 647 1
90 712 1
90 220 1
90 135 1
90 718 1
90 915 1
90 526 3
90 890 1
90 316 1
91 356 3
92 316 1
92 990 2
95 540 1
96 634 1
96 299 1
96 420 2
96 106 1
98 429 2
98 454 1
101 423 1
102 322 1
103 514 1
103 423 5
103 1001 1
103 780 1
103 977 2
103 950 1
104 936 6
104 425 1
104 908 1
104 648 2
104 790 1
104 765 2
105 764 1
105 582 1
107 772 1
107 415 1
111 586 1
112 392 1
112 267 1
119 812 1
120 609 1
120 923 2
120 772 6
120 454 1
120 356 2
122 772 2
122 718 1
125 622 1
126 648 2
126 730 1
126 790 2
126 782 1
127 772 3
134 306 1
135 581 4
135 870 1
135 936 4
135 746 7
135 942 7
135 371 1
135 628 10
135 692 6
135 170 1
136 915 4
136 316 1
136 990 2
137 772 1
138 887 1
139 477 1
141 428 1
141 530 1
141 188 1
142 280 1
142 316 1
142 990 2
147 171 1
147 157 1
147 214 2
149 372 3
149 716 4
150 415 1
151 278 2
152 443 2
152 703 1
153 977 3
157 248 1
157 746 2
157 205 1
157 415 1
159 712 1
159 609 1
159 997 1
159 703 1
160 915 2
164 638 3
165 990 2
166 586 1
167 978 1
167 469 4
167 207 1
168 356 1
168 790 2
168 966 1
168 912 5
168 949 9
168 214 1
168 472 3
169 372 1
170 720 4
171 577 1
171 214 1
171 715 1
173 428 1
175 246 1
175 423 5
185 762 1
188 207 1
188 656 1
188 920 1
188 851 1
188 469 2
188 280 2
189 718 1
191 752 1
191 692 5
192 702 1
193 633 3
193 890 1
199 996 3
200 857 1
200 915 3
200 428 1
200 990 1
200 971 1
207 421 1
207 817 1
207 424 3
207 847 1
207 851 1
207 547 1
207 373 2
207 241 1
207 954 1
207 795 7
207 988 1
207 469 5
208 772 1
209 912 1
209 356 1
214 290 1
214 712 4
214 912 3
214 343 1
216 321 2
220 772 2
223 746 1
223 415 1
228 605 1
231 698 1
231 540 1
232 256 2
232 425 4
232 912 2
232 472 7
232 946 1
233 692 7
239 706 1
241 280 1
241 469 2
245 698 1
246 724 1
246 423 1
248 746 1
248 415 1
249 716 3
250 356 1
251 482 1
256 790 1
256 294 2
260 949 4
266 949 3
267 577 5
267 838 1
267 586 1
267 530 6
267 948 1
267 629 1
267 891 2
278 633 2
278 923 3
278 415 2
280 647 2
280 526 2
280 656 1
280 530 1
280 915 1
280 920 1
280 421 1
280 422 1
280 561 2
280 953 1
280 547 2
280 990 1
280 293 1
280 360 2
280 851 1
280 629 1
280 631 2
283 772 1
288 662 1
288 391 4
288 493 4
288 561 4
288 629 1
288 630 1
288 445 4
290 589 2
291 429 1
292 942 1
293 772 2
294 416 1
294 648 1
294 817 1
294 885 2
294 984 1
294 313 2
294 586 1
294 447 1
301 469 2
302 990 2
306 742 1
311 955 1
311 540 1
311 773 1
313 765 2
315 936 2
316 647 3
316 392 8
316 428 4
316 349 2
316 752 1
316 915 2
316 953 1
316 857 2
316 890 1
316 990 2
321 458 1
321 499 1
321 956 1
322 939 2
322 879 1
322 534 1
327 921 1
327 381 2
329 624 1
332 586 4
332 500 5
332 782 1
333 712 3
333 767 2
334 591 1
335 537 2
335 899 1
335 532 2
337 695 1
338 540 1
344 990 1
344 543 1
347 577 1
347 715 1
347 933 2
349 976 1
349 990 1
353 891 1
356 772 3
356 517 3
356 912 5
356 790 1
356 535 1
356 730 4
356 542 1
356 416 1
356 687 3
356 948 8
356 586 3
356 718 1
356 472 12
356 602 2
356 868 1
356 743 2
356 500 1
356 885 1
356 765 9
360 526 1
369 535 1
369 542 1
369 823 5
377 718 1
379 662 1
381 537 1
383 577 5
383 586 2
388 634 1
388 843 1
388 509 1
388 638 1
392 674 1
401 429 2
407 843 1
408 990 1
413 935 7
415 783 1
415 450 2
415 517 1
415 742 2
415 617 1
415 429 2
415 718 1
415 687 1
415 851 1
415 692 1
415 542 2
415 591 1
415 923 1
415 670 2
416 648 2
416 586 2
416 772 1
418 977 3
420 559 2
421 424 4
421 795 9
421 469 2
422 731 1
423 977 1
424 469 2
424 795 4
425 946 2
425 765 2
427 955 2
427 540 1
428 647 2
428 915 8
428 857 1
428 990 2
429 454 3
435 586 2
443 662 2
443 703 2
445 891 2
450 802 1
450 712 2
450 746 1
450 947 1
450 572 1
454 772 1
458 499 1
469 512 3
469 547 2
469 614 2
469 817 3
469 851 2
469 954 2
469 795 2
469 957 2
469 990 3
472 782 1
472 912 4
472 575 1
477 534 2
493 530 1
493 629 1
497 977 1
499 844 1
499 772 1
500 617 2
500 782 1
500 814 2
502 746 2
502 791 1
506 1001 7
510 534 1
514 977 1
514 1001 1
516 532 1
516 790 1
517 948 1
530 746 1
530 915 3
530 891 4
532 899 3
534 746 1
540 994 1
540 698 1
540 955 1
542 746 3
542 743 1
543 654 1
543 990 1
550 712 1
550 692 3
550 746 4
550 812 4
559 622 1
561 846 1
568 572 1
572 801 1
572 802 1
573 586 1
575 912 2
577 933 1
577 715 2
577 972 1
577 748 1
577 590 1
577 926 1
586 948 1
586 885 3
587 720 4
590 715 1
591 746 2
593 718 1
596 802 1
605 693 2
609 772 2
617 923 2
622 676 1
627 752 1
628 720 1
638 649 2
644 923 1
644 670 1
647 915 5
647 990 4
648 765 3
660 873 1
662 992 1
663 950 1
664 702 1
668 746 9
668 935 1
682 772 1
684 772 1
684 746 1
684 956 1
685 1001 2
687 746 2
692 746 5
692 830 1
693 791 1
698 840 1
698 873 1
698 764 1
703 993 1
703 835 1
703 901 1
703 863 1
711 718 1
715 933 1
715 748 1
715 972 1
715 926 1
716 718 5
718 772 2
718 904 1
718 746 1
718 843 1
718 754 1
718 883 1
718 724 3
718 980 1
720 870 1
724 1001 1
731 746 1
739 746 1
739 772 1
740 788 1
740 879 1
742 746 1
746 900 2
746 776 1
746 920 1
746 935 6
746 775 1
746 834 1
746 851 1
746 980 1
746 994 1
752 776 1
765 908 1
772 923 2
772 796 1
772 805 1
772 807 3
772 843 2
772 993 1
772 970 1
772 862 1
772 996 1
773 955 1
774 947 87
780 977 1
782 912 1
788 832 1
790 812 4
790 868 6
819 955 1
843 883 1
844 956 2
851 978 5
857 915 8
857 990 3
883 923 2
883 915 2
912 948 2
915 990 1
918 946 1
925 955 1
936 942 1
950 977 1
952 990 1
953 957 2
953 990 2
971 990 1
977 996 3
977 1001 3
977 1004 1
978 988 3
979 996 1
