0
1
2
3
4
5
6
7
8
9
10
11
12
13
14
15
16
17
18
19
20
21
22
23
24
25
26
27
28
29
30
31
32
33
34
35
36
37
38
39
40
41
42
43
44
45
46
47
48
49
50
51
52
53
54
55
56
57
58
59
60
61
62
63
64
65
66
67
68
69
70
71
72
73
74
75
76
77
78
79
80
81
82
83
84
85
86
87
88
89
90
91
92
93
94
95
96
97
98
99
100
101
102
103
104
105
106
107
108
109
110
111
112
113
114
115
116
117
118
119
120
121
122
123
124
125
126
127
128
129
130
131
132
133
134
135
136
137
138
139
141
142
143
144
145
146
147
148
149
150
151
152
153
154
155
157
158
159
160
161
162
163
164
165
166
167
168
169
170
171
172
173
174
175
176
177
178
179
180
181
182
183
184
185
186
187
188
189
190
191
192
193
194
195
196
197
198
199
200
201
202
203
204
205
206
207
208
209
210
211
212
213
214
215
216
217
218
219
220
221
222
223
224
225
226
227
228
229
230
231
232
233
235
236
237
238
239
240
241
242
243
244
245
246
247
248
249
250
251
252
253
254
255
256
257
259
260
262
263
264
265
266
267
268
269
270
271
272
273
274
275
276
277
278
279
280
281
282
283
284
285
286
287
288
289
290
291
292
293
294
295
296
297
299
300
301
302
303
304
305
306
307
308
309
310
311
312
313
314
315
316
317
318
319
320
321
322
323
324
325
326
327
328
329
330
331
332
333
334
335
336
337
338
339
340
341
343
344
345
346
347
348
349
350
351
352
353
355
356
357
358
359
360
361
362
364
365
366
367
368
369
370
371
372
373
374
375
376
377
378
379
380
381
382
383
384
385
386
387
388
389
390
391
392
393
394
395
396
397
398
399
400
401
402
403
404
405
406
407
408
409
410
411
412
413
414
415
416
418
419
420
421
422
423
424
425
426
427
428
429
430
431
432
433
434
435
436
437
438
439
440
441
442
443
444
445
446
447
448
449
450
451
452
453
454
455
456
457
458
459
460
461
462
464
465
466
467
468
469
470
471
472
473
474
475
476
477
478
479
480
481
482
483
484
485
486
487
488
489
490
491
492
493
495
496
497
498
499
500
501
502
503
504
505
506
507
508
509
510
511
512
513
514
515
516
517
518
519
520
521
522
523
524
525
526
527
528
530
531
532
533
534
535
536
537
538
539
540
541
542
543
544
545
546
547
548
549
550
551
552
553
554
556
557
558
559
560
561
562
563
564
565
566
567
568
569
570
571
572
573
574
575
576
577
578
579
580
581
582
583
584
585
586
587
588
589
590
591
592
593
594
595
596
597
598
599
600
601
602
603
604
605
606
607
609
610
611
612
613
614
615
616
617
618
619
621
622
623
624
625
626
627
628
629
630
631
632
633
634
635
636
637
638
639
640
641
642
643
644
645
646
647
648
649
650
651
652
653
654
655
656
657
658
659
660
661
662
663
664
665
666
667
668
669
670
671
672
673
674
675
676
677
678
679
680
681
682
683
684
685
686
687
688
689
690
691
692
693
694
695
696
697
698
699
700
701
702
703
704
705
706
707
708
709
710
711
712
713
714
715
716
717
718
719
720
721
722
723
724
725
726
727
728
729
730
731
732
733
734
735
736
737
738
739
740
741
742
743
744
745
746
747
748
749
750
751
752
753
754
756
757
758
759
760
761
762
763
764
765
767
768
769
770
771
772
773
774
775
776
777
778
779
780
781
782
783
784
785
786
787
788
789
790
791
792
793
794
795
796
797
798
799
800
801
802
803
804
805
806
807
808
809
810
811
812
813
814
815
816
817
818
819
820
821
822
823
824
825
826
827
828
829
830
831
832
833
834
835
836
837
838
839
840
841
842
843
844
845
846
847
848
849
850
851
852
853
854
855
856
857
858
859
860
861
862
863
864
865
866
867
868
869
870
871
872
873
874
875
876
877
878
879
880
881
882
883
884
885
886
887
888
889
890
891
892
893
894
895
896
897
898
899
900
901
902
903
904
905
906
907
908
909
910
911
912
913
914
915
916
917
918
919
920
921
922
923
924
925
926
927
928
929
930
931
932
933
934
935
936
937
938
939
940
941
942
943
944
945
946
947
948
949
950
951
952
953
954
955
956
957
958
960
961
962
963
964
965
966
967
968
969
970
971
972
973
974
975
976
977
978
979
980
981
982
983
984
985
986
987
988
989
990
991
992
993
994
995
996
997
998
999
1000
1001
1002
1003
1004
0 929 2
0 178 2
0 403 3
2 72 2
2 700 1
2 790 1
2 535 2
4 880 1
4 456 1
5 107 1
5 491 2
5 29 1
6 178 1
8 544 1
11 148 1
14 1001 1
14 506 2
14 173 1
14 702 1
15 584 1
15 422 1
16 528 1
16 754 1
16 19 1
17 428 3
17 857 3
17 915 3
17 316 2
24 782 2
24 750 1
24 528 1
24 629 6
24 631 1
24 120 1
24 891 2
24 31 2
25 499 2
25 844 1
25 918 1
28 738 1
29 808 3
29 107 2
29 506 1
29 899 4
30 356 2
30 743 2
30 168 2
30 528 1
30 946 4
30 949 2
31 224 3
31 165 4
31 92 1
31 915 4
31 857 1
31 316 1
31 990 1
32 127 1
32 669 1
32 791 1
35 585 2
35 978 1
35 851 1
38 939 2
38 534 1
38 591 1
40 450 1
40 272 1
40 568 1
40 662 2
40 696 1
40 90 2
40 187 1
41 1000 1
41 73 4
41 618 1
41 723 6
41 565 1
41 758 5
42 832 1
42 962 1
42 509 1
45 782 5
46 622 1
46 310 1
46 399 1
48 704 1
48 1000 1
48 684 1
48 844 1
48 558 1
48 499 2
48 565 1
48 956 1
50 559 8
52 912 1
52 868 7
52 232 2
52 425 1
52 112 1
52 948 2
52 356 3
53 290 3
53 518 1
53 233 4
53 274 1
53 338 1
53 120 1
53 633 1
53 316 1
53 542 1
54 155 1
55 595 1
56 105 1
61 178 2
61 718 10
62 214 2
62 113 1
62 163 3
62 485 2
62 646 1
65 322 3
65 70 1
65 687 1
65 120 3
65 703 2
65 220 2
65 415 1
66 782 9
67 963 9
67 165 6
67 391 3
67 846 4
67 207 3
67 344 3
70 388 1
70 84 2
70 120 1
70 90 3
70 603 2
71 595 4
72 528 2
72 214 3
73 577 1
73 679 1
73 618 1
73 723 2
73 758 3
73 503 2
74 104 2
74 984 1
74 166 1
74 294 1
75 891 1
75 191 2
75 772 4
75 334 1
75 607 2
77 168 2
77 177 1
77 912 2
77 260 1
78 688 1
78 929 1
78 130 1
78 178 1
78 502 3
84 528 1
84 324 1
89 415 1
90 388 5
90 542 1
90 941 1
90 944 3
90 178 1
90 692 1
90 670 1
90 572 1
90 320 1
90 718 3
90 853 1
90 472 1
90 356 1
90 220 1
90 96 1
90 228 2
90 742 5
90 316 1
90 107 3
90 749 1
90 118 2
90 634 1
90 763 1
90 946 1
91 995 2
92 316 1
95 440 1
96 832 1
96 132 1
96 299 1
96 509 1
96 376 1
96 388 1
96 634 1
96 346 1
98 429 3
99 178 1
99 547 2
99 878 1
99 862 1
99 599 1
101 377 3
101 866 1
101 246 1
104 425 29
104 790 1
105 233 7
105 374 3
106 950 2
106 622 1
107 192 1
107 898 1
107 899 1
107 236 2
107 528 2
107 643 1
107 664 1
107 537 1
107 670 1
107 289 1
107 553 1
107 810 1
107 175 1
107 320 2
107 201 3
107 335 5
107 464 1
107 980 1
107 985 1
107 208 1
107 1004 2
107 367 2
107 118 1
107 381 2
112 674 1
112 356 2
112 517 1
112 166 1
112 1000 2
112 267 2
113 518 1
114 275 3
119 812 3
119 790 1
119 335 1
120 772 7
120 274 2
120 660 1
120 534 1
120 542 1
120 540 1
120 926 1
120 198 1
120 687 4
120 948 2
120 572 1
120 189 1
120 191 2
120 865 1
120 454 3
120 609 2
120 866 1
120 997 2
120 752 6
120 633 1
120 253 1
125 622 4
125 534 1
126 168 2
126 586 1
126 332 1
126 782 2
132 399 1
134 738 1
135 692 1
136 224 1
136 165 1
136 200 3
136 428 1
136 142 2
136 915 3
136 857 1
136 316 1
139 513 1
139 534 4
139 399 1
141 585 1
141 978 1
141 851 1
142 224 1
142 647 5
142 915 7
142 857 2
142 316 1
143 658 1
143 739 1
143 580 1
143 669 1
147 577 3
147 230 1
147 590 1
147 528 3
147 277 1
147 926 1
149 866 1
150 752 1
150 546 2
150 444 2
151 278 1
153 977 9
157 586 2
157 415 2
160 915 4
160 629 3
161 901 1
163 895 1
164 638 1
165 224 1
165 401 6
165 915 1
165 344 1
165 858 1
165 316 4
165 990 1
166 528 2
166 743 1
166 435 1
166 759 2
167 585 1
167 851 2
167 988 1
167 469 2
168 260 6
168 521 1
168 266 3
168 912 18
168 472 8
168 790 4
168 416 4
168 425 1
168 177 2
168 946 3
168 949 5
168 439 6
168 699 1
168 586 6
168 332 4
168 984 2
168 356 2
168 868 1
168 232 6
168 885 2
168 765 1
173 506 5
173 996 1
173 199 1
175 849 1
175 275 7
177 521 1
177 266 1
177 912 3
177 949 1
177 439 1
177 699 1
178 772 2
178 528 2
178 538 2
178 415 1
178 693 5
178 314 3
178 710 3
178 333 2
178 978 1
178 470 3
178 605 4
178 862 7
178 228 2
178 367 2
178 502 5
178 249 2
184 225 1
184 907 1
184 710 2
184 711 1
184 779 1
184 843 1
184 754 1
184 883 3
184 214 1
184 407 1
184 732 1
187 947 2
187 254 1
188 978 1
188 851 1
188 301 1
189 410 1
189 1004 2
189 502 1
189 718 5
190 890 1
190 191 1
190 373 1
190 629 1
191 749 2
191 752 1
191 692 2
192 381 4
199 506 6
199 541 1
200 224 1
200 806 2
200 971 2
200 428 2
200 302 1
200 915 9
200 341 1
200 630 2
200 952 7
200 316 1
207 424 1
207 428 1
207 558 2
207 451 1
207 469 2
207 408 1
207 954 1
207 795 2
207 988 1
207 445 1
207 990 3
207 373 1
214 912 2
214 290 4
214 518 2
214 742 4
214 841 1
214 746 1
214 813 1
214 334 2
214 367 3
214 464 1
214 850 1
214 531 1
214 245 1
214 662 1
214 951 1
214 443 1
216 321 2
216 618 1
216 458 2
216 558 2
220 367 2
223 415 2
224 806 3
224 428 5
224 915 2
224 952 2
224 857 1
224 316 4
224 990 1
225 883 1
228 693 1
228 605 1
229 356 3
229 334 1
229 607 1
231 738 1
231 264 1
231 874 2
231 624 4
231 245 4
231 540 2
232 260 3
232 744 4
232 425 2
232 912 1
232 946 7
232 472 3
233 245 1
233 692 16
233 935 4
235 273 1
241 645 1
245 264 4
245 764 1
245 874 2
245 624 3
245 329 1
245 540 2
246 377 3
246 724 1
246 423 1
248 980 1
248 415 2
249 491 3
250 948 1
250 332 2
250 886 2
256 356 2
264 329 2
266 912 2
266 790 11
266 439 2
267 586 2
267 517 1
270 334 2
272 450 1
273 951 8
274 585 1
275 849 1
277 933 3
278 290 1
278 454 1
280 528 1
280 629 3
280 301 1
281 528 1
284 680 3
285 577 1
288 750 1
288 610 3
288 484 4
288 391 2
288 846 7
288 629 7
290 367 4
293 697 1
294 586 7
294 332 2
294 782 1
294 885 3
294 790 1
299 832 1
301 902 2
302 428 1
302 316 1
304 456 1
306 784 1
306 659 2
306 790 3
306 742 1
310 586 6
310 343 1
310 879 1
311 697 1
311 540 1
311 925 2
313 521 1
313 948 1
313 356 2
316 647 1
316 915 4
316 543 1
316 428 2
316 952 1
316 953 1
316 971 1
316 344 1
316 857 1
316 349 1
316 990 1
316 351 2
316 367 2
316 888 1
317 374 5
318 840 1
321 618 1
321 499 1
323 399 1
324 367 2
324 509 1
324 415 1
329 624 1
329 819 1
332 923 1
332 356 2
332 517 1
332 425 1
332 586 4
332 782 3
332 687 1
332 912 1
332 435 1
332 500 3
332 617 1
332 472 1
332 948 1
332 347 1
333 605 1
333 767 2
334 995 4
334 772 3
334 534 1
334 367 2
334 415 3
335 664 2
335 643 3
335 688 4
336 926 1
337 505 2
338 819 1
338 987 2
338 540 3
338 951 1
341 739 1
341 915 1
343 663 2
344 373 1
355 577 1
356 912 2
356 868 1
356 425 5
356 730 2
356 472 3
356 948 3
356 602 1
356 765 4
360 629 3
361 987 1
362 925 1
362 484 2
362 485 1
362 383 2
365 732 1
367 776 2
367 684 2
367 530 2
367 835 2
367 920 2
367 544 2
367 731 2
367 425 1
367 940 2
367 946 2
367 692 2
367 569 2
367 963 2
367 844 2
367 720 2
367 852 2
367 987 2
367 865 2
367 738 2
367 742 2
367 743 2
367 371 2
367 629 2
371 456 1
371 870 1
374 400 3
374 659 2
377 866 1
377 423 2
377 718 2
377 528 1
379 568 2
379 880 1
381 532 1
383 586 7
383 499 2
388 509 1
390 784 4
391 629 1
391 750 2
392 674 3
395 943 1
397 738 1
399 962 1
399 601 2
401 454 8
401 429 3
402 634 1
402 788 1
403 977 1
403 929 1
404 595 1
407 843 1
410 977 3
414 891 7
415 517 2
415 833 1
415 783 2
415 836 2
415 670 2
415 429 6
415 687 2
415 542 2
415 450 3
415 718 1
415 591 2
415 851 2
415 742 2
415 617 2
416 425 2
416 946 2
416 435 2
416 948 3
418 977 10
418 538 1
418 996 7
418 502 4
418 705 1
420 879 2
420 559 1
421 424 2
422 680 1
423 866 1
423 483 2
423 1004 1
424 990 3
425 743 1
425 912 5
425 946 6
425 948 2
425 521 1
425 790 6
425 439 1
425 699 1
428 806 7
428 971 1
428 915 25
428 888 1
428 952 5
428 857 1
429 454 14
433 528 1
433 738 1
435 586 4
435 782 3
435 500 4
435 762 1
439 521 1
439 912 3
443 742 1
443 662 3
444 518 1
444 542 3
444 535 1
445 629 1
445 750 2
450 947 2
450 662 6
454 772 1
454 696 3
456 832 2
458 499 3
458 956 2
465 812 1
468 483 1
468 980 1
469 851 5
469 978 2
470 789 11
472 782 1
472 912 4
472 946 2
472 949 1
478 517 2
483 586 3
484 846 1
484 629 2
484 750 1
493 629 2
499 528 1
499 758 1
499 679 1
499 1000 1
499 844 2
499 723 1
499 565 2
499 918 2
499 558 3
499 956 1
500 586 1
500 814 4
502 976 2
502 749 1
502 528 1
502 595 1
502 878 2
503 618 1
503 758 3
506 611 1
506 996 3
506 1001 1
506 783 1
506 850 2
506 718 2
506 644 3
506 541 3
506 670 1
510 534 1
510 622 2
512 979 1
513 977 1
514 832 1
514 977 11
514 780 2
516 532 7
517 546 2
517 803 1
517 648 2
517 751 1
518 854 5
518 535 2
518 895 3
518 542 1
518 799 3
521 912 1
522 732 2
526 629 3
527 720 3
527 855 1
528 769 1
528 920 1
528 789 1
528 922 1
528 572 1
528 830 1
528 590 1
528 851 2
528 853 1
528 739 2
528 997 2
528 724 1
530 891 1
530 915 3
530 629 2
531 923 1
534 768 1
534 591 1
535 542 1
540 955 4
540 874 2
540 987 1
541 738 5
541 719 3
542 646 1
547 585 1
547 862 2
550 671 1
551 799 3
551 895 3
558 618 1
559 622 2
561 629 2
565 723 2
568 900 2
575 966 1
577 933 1
580 791 1
580 669 2
581 692 1
581 855 4
582 872 1
584 680 1
585 901 3
585 695 4
585 954 2
585 957 1
586 782 10
586 912 3
586 885 2
586 984 4
586 762 2
586 607 1
589 909 2
595 934 2
595 746 1
597 738 1
599 929 2
599 710 3
601 676 1
605 693 1
609 772 1
611 921 3
614 851 1
617 811 1
618 723 1
622 676 3
622 634 1
624 692 1
626 703 1
628 870 1
629 782 1
629 658 2
629 685 3
629 846 2
629 997 1
629 750 4
629 630 3
629 631 2
629 891 5
630 685 1
633 720 1
634 788 2
643 685 17
644 738 2
647 953 1
647 915 1
647 806 3
649 832 1
654 979 1
654 991 1
668 746 4
668 935 3
670 688 2
684 1000 1
687 995 1
687 742 1
687 812 2
688 898 1
688 899 1
692 746 2
692 775 2
692 749 1
697 855 2
697 925 3
699 912 1
699 752 1
700 812 1
700 749 1
700 790 3
700 935 2
703 784 4
704 743 1
707 880 1
710 862 2
715 926 1
716 866 1
718 746 1
718 779 4
718 754 1
718 724 3
719 738 1
720 833 1
720 935 5
720 746 11
723 758 4
724 866 1
724 1004 2
724 883 2
738 1001 1
738 783 1
738 979 1
738 921 1
738 923 1
742 900 2
742 901 2
742 784 2
743 948 1
746 935 20
746 813 11
746 783 1
752 948 1
752 951 1
758 844 1
758 918 1
758 956 3
764 994 1
764 874 2
772 915 1
774 947 2
779 843 2
780 832 1
780 977 3
783 850 1
784 901 3
789 987 1
790 812 1
790 948 2
796 987 1
803 948 1
806 915 10
806 952 5
806 857 1
808 899 4
810 881 1
813 935 3
823 895 2
832 977 3
832 950 1
838 971 1
840 874 2
843 883 2
851 978 1
857 915 8
866 876 1
868 948 1
873 874 2
873 925 1
883 907 2
883 1004 3
883 915 3
890 962 2
890 923 1
891 997 4
912 946 1
912 949 2
915 923 1
915 952 13
915 953 1
915 971 1
915 990 1
925 955 1
929 977 1
946 948 4
949 966 2
950 977 2
955 987 1
962 987 1
977 1004 5
