0
1
2
3
4
5
6
7
8
9
10
11
12
13
14
15
16
17
18
19
20
21
22
23
24
25
26
27
28
29
30
31
32
33
34
35
36
37
38
39
40
41
42
43
44
45
46
47
48
49
50
51
52
53
54
55
56
57
58
59
60
61
62
63
64
65
66
67
68
69
70
71
72
73
74
75
76
77
78
79
80
81
82
83
84
85
86
87
88
89
90
91
92
93
94
95
96
97
98
99
100
101
102
103
104
105
106
107
108
109
110
111
112
113
114
115
116
117
118
119
120
121
122
123
124
125
126
127
128
129
130
131
132
133
134
135
136
137
138
139
141
142
143
144
145
146
147
148
149
150
151
152
153
154
155
157
158
159
160
161
162
163
164
165
166
167
168
169
170
171
172
173
174
175
176
177
178
179
180
181
182
183
184
185
186
187
188
189
190
191
192
193
194
195
196
197
198
199
200
201
202
203
204
205
206
207
208
209
210
211
212
213
214
215
216
217
218
219
220
221
222
223
224
225
226
227
228
229
230
231
232
233
235
236
237
238
239
240
241
242
243
244
245
246
247
248
249
250
251
252
253
254
255
256
257
259
260
262
263
264
265
266
267
268
269
270
271
272
273
274
275
276
277
278
279
280
281
282
283
284
285
286
287
288
289
290
291
292
293
294
295
296
297
299
300
301
302
303
304
305
306
307
308
309
310
311
312
313
314
315
316
317
318
319
320
321
322
323
324
325
326
327
328
329
330
331
332
333
334
335
336
337
338
339
340
341
343
344
345
346
347
348
349
350
351
352
353
355
356
357
358
359
360
361
362
364
365
366
367
368
369
370
371
372
373
374
375
376
377
378
379
380
381
382
383
384
385
386
387
388
389
390
391
392
393
394
395
396
397
398
399
400
401
402
403
404
405
406
407
408
409
410
411
412
413
414
415
416
418
419
420
421
422
423
424
425
426
427
428
429
430
431
432
433
434
435
436
437
438
439
440
441
442
443
444
445
446
447
448
449
450
451
452
453
454
455
456
457
458
459
460
461
462
464
465
466
467
468
469
470
471
472
473
474
475
476
477
478
479
480
481
482
483
484
485
486
487
488
489
490
491
492
493
495
496
497
498
499
500
501
502
503
504
505
506
507
508
509
510
511
512
513
514
515
516
517
518
519
520
521
522
523
524
525
526
527
528
530
531
532
533
534
535
536
537
538
539
540
541
542
543
544
545
546
547
548
549
550
551
552
553
554
556
557
558
559
560
561
562
563
564
565
566
567
568
569
570
571
572
573
574
575
576
577
578
579
580
581
582
583
584
585
586
587
588
589
590
591
592
593
594
595
596
597
598
599
600
601
602
603
604
605
606
607
609
610
611
612
613
614
615
616
617
618
619
621
622
623
624
625
626
627
628
629
630
631
632
633
634
635
636
637
638
639
640
641
642
643
644
645
646
647
648
649
650
651
652
653
654
655
656
657
658
659
660
661
662
663
664
665
666
667
668
669
670
671
672
673
674
675
676
677
678
679
680
681
682
683
684
685
686
687
688
689
690
691
692
693
694
695
696
697
698
699
700
701
702
703
704
705
706
707
708
709
710
711
712
713
714
715
716
717
718
719
720
721
722
723
724
725
726
727
728
729
730
731
732
733
734
735
736
737
738
739
740
741
742
743
744
745
746
747
748
749
750
751
752
753
754
756
757
758
759
760
761
762
763
764
765
767
768
769
770
771
772
773
774
775
776
777
778
779
780
781
782
783
784
785
786
787
788
789
790
791
792
793
794
795
796
797
798
799
800
801
802
803
804
805
806
807
808
809
810
811
812
813
814
815
816
817
818
819
820
821
822
823
824
825
826
827
828
829
830
831
832
833
834
835
836
837
838
839
840
841
842
843
844
845
846
847
848
849
850
851
852
853
854
855
856
857
858
859
860
861
862
863
864
865
866
867
868
869
870
871
872
873
874
875
876
877
878
879
880
881
882
883
884
885
886
887
888
889
890
891
892
893
894
895
896
897
898
899
900
901
902
903
904
905
906
907
908
909
910
911
912
913
914
915
916
917
918
919
920
921
922
923
924
925
926
927
928
929
930
931
932
933
934
935
936
937
938
939
940
941
942
943
944
945
946
947
948
949
950
951
952
953
954
955
956
957
958
960
961
962
963
964
965
966
967
968
969
970
971
972
973
974
975
976
977
978
979
980
981
982
983
984
985
986
987
988
989
990
991
992
993
994
995
996
997
998
999
1000
1001
1002
1003
1004
0 6 4
0 228 2
0 502 6
0 710 2
0 295 2
0 599 3
0 333 2
0 78 2
0 189 2
0 976 2
0 569 1
0 178 13
0 693 2
0 470 2
0 409 2
0 249 2
0 538 2
0 767 2
0 605 2
0 862 2
0 991 2
2 923 2
2 423 3
2 231 2
2 790 1
2 119 1
2 347 3
2 700 1
2 61 1
2 126 1
5 107 1
5 208 1
5 483 2
5 29 1
5 175 2
6 569 1
6 178 13
6 189 2
12 422 1
12 870 1
13 738 2
13 828 1
14 881 2
14 738 1
14 381 1
15 680 2
15 731 1
15 422 1
16 718 1
17 316 2
17 165 1
19 333 4
24 160 2
24 739 2
24 647 2
24 658 2
24 493 1
24 530 6
24 629 13
24 280 5
24 143 2
24 540 2
25 458 1
27 147 2
28 987 4
29 381 1
30 168 3
30 908 1
30 232 1
30 936 1
30 313 2
30 765 3
31 316 3
31 165 15
32 61 4
32 197 2
32 433 2
32 428 3
32 491 1
32 716 1
32 114 2
32 718 2
32 143 5
32 977 1
32 754 1
32 724 1
32 469 1
32 502 2
32 791 1
32 280 2
32 281 1
32 891 1
32 189 1
32 862 1
35 280 1
35 851 1
38 832 1
38 410 1
38 388 1
38 189 1
38 638 2
40 802 1
40 187 1
40 488 2
40 450 5
40 272 1
40 596 1
40 662 1
40 695 1
40 379 1
40 572 3
41 723 3
41 565 2
41 758 1
41 499 1
42 649 2
42 322 2
42 663 2
45 227 2
46 603 1
46 676 2
48 684 2
52 168 3
52 232 3
52 356 3
53 923 2
56 987 4
58 586 1
60 568 1
60 771 1
61 900 2
61 517 5
61 135 1
61 398 2
61 272 4
61 530 1
61 915 1
61 534 1
61 388 1
61 802 3
61 293 1
61 166 1
61 428 3
61 178 2
61 662 1
61 306 3
61 692 1
61 565 1
61 443 2
61 189 1
61 450 10
61 718 17
61 591 2
61 851 2
61 469 5
61 472 2
61 602 3
61 607 1
61 356 6
61 742 3
61 502 1
61 120 2
62 646 2
62 542 1
64 534 1
66 227 4
67 963 5
67 165 6
67 846 5
67 207 5
67 561 4
67 344 4
68 987 4
73 499 1
74 416 1
75 220 2
75 660 1
75 333 1
77 260 10
77 168 13
77 266 12
77 369 1
77 949 3
77 439 1
77 575 2
78 569 1
78 178 13
84 735 1
86 152 1
86 443 10
86 662 2
87 160 1
90 516 1
90 695 1
90 881 1
90 114 1
90 662 1
90 791 1
90 316 1
91 607 2
92 316 1
95 987 4
95 383 1
96 420 2
98 707 14
98 134 10
98 713 10
98 107 14
98 268 13
98 429 8
98 592 12
98 401 13
98 291 1
98 117 13
98 278 8
101 377 1
101 423 3
103 832 1
103 514 1
103 310 3
103 423 1
103 780 1
103 303 1
103 950 2
104 305 2
104 765 2
105 418 10
105 582 6
105 374 6
107 192 2
107 320 1
107 810 1
107 236 2
107 980 1
107 381 1
111 586 1
112 422 1
112 846 1
112 517 1
113 927 1
114 189 1
118 502 2
118 862 1
119 465 1
119 700 1
119 790 2
119 812 1
120 609 1
120 522 1
120 772 5
120 454 2
120 326 3
120 586 3
120 191 2
120 783 2
120 912 1
120 573 2
120 915 1
120 629 1
120 854 1
120 823 2
120 868 2
120 443 2
120 637 1
125 622 4
126 416 1
126 586 4
126 782 1
126 500 2
126 984 2
127 843 1
127 724 1
132 323 1
132 676 1
133 648 7
133 416 3
133 602 1
133 765 3
134 592 9
134 291 5
134 738 1
134 454 7
135 450 2
135 292 1
135 581 1
135 405 1
135 517 1
135 549 1
135 942 1
135 692 4
135 718 3
135 628 2
135 607 1
136 316 2
139 622 1
142 280 1
142 316 3
142 951 1
142 428 1
142 159 3
143 580 1
143 502 2
143 410 1
143 796 1
143 862 1
146 326 1
147 193 1
147 355 2
147 230 4
147 454 1
147 577 2
147 171 2
147 972 2
147 590 2
147 285 2
147 277 2
147 933 2
147 347 2
147 686 2
147 157 2
147 926 2
147 607 5
150 415 1
152 443 13
157 607 2
159 783 1
159 912 2
159 283 1
159 798 2
159 160 1
159 802 3
159 178 2
159 316 2
159 866 2
159 719 2
159 209 1
159 724 1
159 214 5
159 865 1
159 738 3
159 356 1
159 742 8
159 743 1
159 233 1
159 502 5
159 506 2
159 381 1
160 561 1
160 360 1
160 586 1
160 658 2
160 846 1
160 280 1
160 530 4
160 629 11
160 630 3
160 891 1
161 586 1
164 368 1
164 638 2
165 200 1
165 586 1
165 401 16
165 344 7
165 316 11
166 500 2
166 517 1
167 362 1
167 851 4
167 630 2
168 416 7
168 356 5
168 232 5
168 266 2
168 782 15
168 912 7
168 305 11
168 949 1
168 790 1
168 439 3
168 472 9
168 260 7
168 762 1
168 765 1
168 575 5
170 697 2
170 231 7
171 347 2
173 506 2
175 849 1
175 275 2
175 246 1
175 737 1
176 591 1
178 214 1
178 409 13
178 538 13
178 646 1
178 295 13
178 693 13
178 710 13
178 969 1
178 333 13
178 976 13
178 470 13
178 599 14
178 605 15
178 862 13
178 991 14
178 228 13
178 231 2
178 502 23
178 249 13
178 767 13
181 190 4
184 423 1
185 383 1
187 450 3
188 280 2
188 978 1
188 461 1
188 421 2
188 207 1
189 1004 1
189 904 1
189 716 3
189 652 1
189 365 1
189 718 4
189 595 1
189 236 1
189 470 1
189 201 1
189 249 1
189 410 3
190 353 5
190 614 2
190 629 1
190 656 4
190 274 4
190 373 4
190 920 4
191 752 1
191 415 2
192 664 2
196 454 2
199 644 1
199 996 1
200 428 2
200 915 1
200 952 2
200 857 1
200 316 3
207 647 1
207 424 5
207 428 1
207 558 1
207 264 2
207 795 2
208 236 3
209 472 2
209 356 4
209 765 1
214 544 1
214 515 1
214 742 1
214 540 1
214 746 1
214 428 4
214 739 1
214 472 1
214 987 3
214 316 10
216 321 1
216 458 1
216 499 1
220 334 1
223 322 1
223 462 1
223 343 1
228 569 1
228 605 8
229 241 2
229 374 1
231 736 2
231 738 2
231 764 3
231 807 1
231 264 5
231 329 1
231 338 1
231 910 1
231 245 8
231 873 2
231 987 4
231 540 2
231 607 1
232 416 2
232 782 1
232 912 1
233 329 1
233 692 4
233 245 1
233 607 2
233 415 1
233 540 1
235 951 1
236 1004 1
236 977 2
236 532 1
236 537 2
239 854 2
241 280 1
245 264 4
245 840 1
245 987 4
245 415 1
246 377 1
246 423 3
248 506 1
249 658 1
249 502 1
249 569 1
250 927 3
250 332 5
250 886 2
250 607 5
251 987 4
253 290 1
253 566 1
256 648 1
256 313 2
256 416 2
260 912 1
260 266 1
260 949 1
264 329 2
264 586 1
264 540 1
266 439 1
266 949 2
267 530 2
267 435 4
267 517 1
267 838 1
268 291 1
270 381 1
272 450 1
275 849 1
275 737 1
277 347 2
278 923 3
278 586 1
278 290 1
278 454 2
280 647 2
280 526 3
280 656 1
280 920 3
280 658 1
280 915 3
280 547 2
280 421 1
280 422 1
280 685 1
280 561 3
280 530 6
280 846 1
280 851 3
280 990 1
280 293 1
280 360 3
280 493 1
280 629 7
280 630 1
280 631 3
280 891 1
281 497 1
281 718 3
284 731 1
291 454 4
291 713 1
291 429 4
291 401 7
293 724 2
294 586 3
295 569 1
299 407 1
299 388 3
299 607 4
301 795 1
302 316 3
304 752 2
305 416 1
305 356 2
305 743 2
305 912 1
306 771 1
307 586 1
310 586 1
310 863 2
311 697 1
311 987 4
311 540 1
311 955 2
313 416 2
316 344 2
316 647 2
316 971 2
316 428 4
316 952 3
316 857 4
316 543 2
316 990 2
318 684 1
318 332 2
318 589 3
319 736 3
319 458 2
319 499 1
319 956 2
319 558 1
321 618 1
321 499 3
322 388 2
322 334 1
322 879 2
323 622 2
327 381 5
329 819 1
329 415 1
332 435 3
332 500 3
332 558 2
333 569 1
334 546 1
334 483 2
334 502 1
334 923 4
334 638 1
334 607 4
335 537 1
337 505 1
338 624 1
338 987 4
338 951 1
341 383 1
343 706 2
343 534 1
343 718 1
347 933 5
347 966 5
353 891 2
356 416 3
356 517 1
356 743 4
356 718 3
356 765 5
356 912 6
356 472 14
356 602 2
360 891 3
360 629 5
361 987 4
362 383 5
362 812 1
362 918 1
362 870 2
364 994 1
364 987 4
364 764 2
364 789 1
369 927 1
371 951 2
374 660 4
377 729 2
377 866 1
377 718 2
379 568 3
379 662 1
381 576 1
381 643 3
381 532 3
383 528 2
383 939 1
383 589 1
383 526 5
383 720 8
383 922 2
383 586 2
388 612 1
388 718 1
392 674 1
393 907 1
398 712 2
398 450 1
401 454 11
401 429 8
401 415 13
402 950 2
409 569 1
413 746 1
413 927 1
415 607 2
415 540 1
416 742 1
416 743 2
416 586 3
416 765 2
416 912 8
416 949 1
416 868 1
416 472 2
416 927 2
418 977 5
418 996 9
420 559 2
420 879 1
421 424 5
421 795 3
422 680 2
422 563 2
422 731 3
423 977 4
423 700 4
424 795 6
424 990 3
427 955 2
428 609 1
428 915 2
428 951 1
429 454 7
432 987 4
433 987 10
435 586 5
435 500 5
435 782 1
439 912 2
439 949 1
443 662 2
443 936 1
443 517 1
443 703 1
444 927 1
447 586 2
447 868 1
449 586 1
450 802 1
450 900 1
450 517 1
450 742 3
450 765 3
450 712 1
450 947 1
450 595 1
450 692 4
450 718 1
450 662 1
450 695 1
450 568 2
450 596 1
450 572 1
454 592 8
457 724 1
458 844 1
458 558 1
458 499 1
458 956 1
462 687 1
469 851 1
469 630 3
470 569 1
470 605 3
472 743 2
472 782 18
472 912 2
472 575 5
479 586 1
481 565 3
482 531 1
482 987 4
482 990 4
483 646 1
485 646 1
485 542 2
485 927 1
488 568 2
493 685 3
493 629 5
495 568 2
497 977 9
499 679 1
499 844 1
499 618 1
499 684 2
499 723 1
499 758 1
499 956 1
500 782 1
500 607 8
502 710 1
502 969 2
502 718 3
502 693 1
502 569 1
502 538 1
502 862 2
506 644 1
506 783 1
506 996 1
506 541 1
506 605 3
509 634 1
510 663 2
511 540 1
513 854 2
513 927 1
514 950 1
516 923 1
516 532 1
516 743 1
517 731 1
517 718 3
517 530 1
517 851 1
517 565 1
517 920 1
517 915 1
517 542 1
526 629 3
528 763 1
530 629 10
530 630 3
530 891 3
531 641 2
531 987 4
532 688 1
532 969 2
534 591 1
534 663 1
535 927 1
537 700 2
538 569 1
540 641 3
540 955 6
540 855 2
540 697 3
540 698 2
540 987 4
540 764 1
540 925 2
541 996 1
541 738 1
542 646 2
542 718 1
542 927 1
546 550 4
547 647 2
550 746 1
551 823 1
551 927 1
557 912 3
559 622 5
561 647 1
561 846 5
561 629 3
565 679 1
565 844 1
565 723 2
566 713 1
566 923 1
568 947 2
568 695 1
569 710 1
569 599 1
569 976 1
569 693 1
569 767 1
569 605 1
569 862 1
569 991 1
572 890 1
572 862 5
572 951 2
573 617 1
573 586 2
575 782 13
575 912 1
575 949 1
581 720 1
581 855 1
581 692 1
582 987 6
584 731 1
586 782 1
586 947 1
586 948 1
586 837 1
586 984 11
586 731 1
586 868 2
586 869 1
587 720 9
591 718 1
591 851 1
591 923 1
591 607 1
592 713 2
592 927 10
597 738 1
602 743 5
607 969 2
607 687 1
607 617 1
607 696 2
607 692 1
609 772 1
609 720 1
614 858 1
614 851 2
617 720 1
622 676 1
624 873 1
628 720 1
629 631 3
629 658 6
629 685 4
629 846 2
629 630 4
629 891 5
630 731 3
633 830 2
634 788 1
641 987 4
644 738 1
646 927 1
647 838 1
648 908 2
648 765 5
654 738 3
654 991 1
656 838 1
657 921 6
663 950 2
670 718 1
680 720 3
680 790 1
680 731 2
680 700 2
684 704 1
687 923 3
687 772 1
687 742 1
690 702 1
692 746 4
692 718 1
697 771 2
697 855 1
697 925 2
700 812 1
700 956 1
703 720 2
704 743 2
706 951 1
716 866 1
716 718 1
718 904 1
718 915 1
718 851 4
718 980 1
718 754 1
719 738 1
719 828 1
719 837 1
720 855 3
722 927 1
723 933 1
736 769 1
737 849 1
738 923 2
738 837 1
738 745 1
738 783 2
738 850 1
738 1001 1
738 761 2
738 921 2
738 828 2
738 979 1
742 771 3
743 908 1
743 912 2
745 828 1
746 935 24
748 926 1
752 927 1
758 956 1
758 844 1
758 918 2
761 881 6
764 994 1
764 987 4
765 908 5
770 927 1
771 870 2
773 955 3
780 950 1
783 979 3
783 828 1
789 994 1
789 987 4
790 812 2
809 987 5
823 927 1
828 837 2
838 857 2
840 987 4
843 907 1
849 987 4
851 978 2
851 988 1
854 927 2
857 952 1
858 991 2
862 909 1
863 994 1
872 987 4
873 987 4
890 951 2
912 949 1
918 956 1
925 955 3
925 987 3
933 966 3
935 966 2
950 1001 1
955 987 6
977 996 1
977 1001 12
977 1004 6
978 988 1
987 994 4
