0
1
2
3
4
5
6
7
8
9
10
11
12
13
14
15
16
17
18
19
20
21
22
23
24
25
26
27
28
29
30
31
32
33
34
35
36
37
38
39
40
41
42
43
44
45
46
47
48
49
50
51
52
53
54
55
56
57
58
59
60
61
62
63
64
65
66
67
68
69
70
71
72
73
74
75
76
77
78
79
80
81
82
83
84
85
86
87
88
89
90
91
92
93
94
95
96
97
98
99
100
101
102
103
104
105
106
107
108
109
110
111
112
113
114
115
116
117
118
119
120
121
122
123
124
125
126
127
128
129
130
131
132
133
134
135
136
137
138
139
141
142
143
144
145
146
147
148
149
150
151
152
153
154
155
157
158
159
160
161
162
163
164
165
166
167
168
169
170
171
172
173
174
175
176
177
178
179
180
181
182
183
184
185
186
187
188
189
190
191
192
193
194
195
196
197
198
199
200
201
202
203
204
205
206
207
208
209
210
211
212
213
214
215
216
217
218
219
220
221
222
223
224
225
226
227
228
229
230
231
232
233
235
236
237
238
239
240
241
242
243
244
245
246
247
248
249
250
251
252
253
254
255
256
257
259
260
262
263
264
265
266
267
268
269
270
271
272
273
274
275
276
277
278
279
280
281
282
283
284
285
286
287
288
289
290
291
292
293
294
295
296
297
299
300
301
302
303
304
305
306
307
308
309
310
311
312
313
314
315
316
317
318
319
320
321
322
323
324
325
326
327
328
329
330
331
332
333
334
335
336
337
338
339
340
341
343
344
345
346
347
348
349
350
351
352
353
355
356
357
358
359
360
361
362
364
365
366
367
368
369
370
371
372
373
374
375
376
377
378
379
380
381
382
383
384
385
386
387
388
389
390
391
392
393
394
395
396
397
398
399
400
401
402
403
404
405
406
407
408
409
410
411
412
413
414
415
416
418
419
420
421
422
423
424
425
426
427
428
429
430
431
432
433
434
435
436
437
438
439
440
441
442
443
444
445
446
447
448
449
450
451
452
453
454
455
456
457
458
459
460
461
462
464
465
466
467
468
469
470
471
472
473
474
475
476
477
478
479
480
481
482
483
484
485
486
487
488
489
490
491
492
493
495
496
497
498
499
500
501
502
503
504
505
506
507
508
509
510
511
512
513
514
515
516
517
518
519
520
521
522
523
524
525
526
527
528
530
531
532
533
534
535
536
537
538
539
540
541
542
543
544
545
546
547
548
549
550
551
552
553
554
556
557
558
559
560
561
562
563
564
565
566
567
568
569
570
571
572
573
574
575
576
577
578
579
580
581
582
583
584
585
586
587
588
589
590
591
592
593
594
595
596
597
598
599
600
601
602
603
604
605
606
607
609
610
611
612
613
614
615
616
617
618
619
621
622
623
624
625
626
627
628
629
630
631
632
633
634
635
636
637
638
639
640
641
642
643
644
645
646
647
648
649
650
651
652
653
654
655
656
657
658
659
660
661
662
663
664
665
666
667
668
669
670
671
672
673
674
675
676
677
678
679
680
681
682
683
684
685
686
687
688
689
690
691
692
693
694
695
696
697
698
699
700
701
702
703
704
705
706
707
708
709
710
711
712
713
714
715
716
717
718
719
720
721
722
723
724
725
726
727
728
729
730
731
732
733
734
735
736
737
738
739
740
741
742
743
744
745
746
747
748
749
750
751
752
753
754
756
757
758
759
760
761
762
763
764
765
767
768
769
770
771
772
773
774
775
776
777
778
779
780
781
782
783
784
785
786
787
788
789
790
791
792
793
794
795
796
797
798
799
800
801
802
803
804
805
806
807
808
809
810
811
812
813
814
815
816
817
818
819
820
821
822
823
824
825
826
827
828
829
830
831
832
833
834
835
836
837
838
839
840
841
842
843
844
845
846
847
848
849
850
851
852
853
854
855
856
857
858
859
860
861
862
863
864
865
866
867
868
869
870
871
872
873
874
875
876
877
878
879
880
881
882
883
884
885
886
887
888
889
890
891
892
893
894
895
896
897
898
899
900
901
902
903
904
905
906
907
908
909
910
911
912
913
914
915
916
917
918
919
920
921
922
923
924
925
926
927
928
929
930
931
932
933
934
935
936
937
938
939
940
941
942
943
944
945
946
947
948
949
950
951
952
953
954
955
956
957
958
960
961
962
963
964
965
966
967
968
969
970
971
972
973
974
975
976
977
978
979
980
981
982
983
984
985
986
987
988
989
990
991
992
993
994
995
996
997
998
999
1000
1001
1002
1003
1004
0 432 1
0 178 3
2 306 2
2 638 1
2 998 2
5 506 1
5 175 1
6 178 1
6 506 1
11 462 3
14 1001 1
14 506 2
14 924 4
15 680 2
16 754 1
16 101 1
19 333 1
24 280 2
24 891 7
24 629 1
28 987 1
29 506 1
30 313 3
31 165 1
32 280 1
32 921 2
32 433 1
32 214 1
32 977 1
35 280 1
38 522 1
38 586 2
38 474 1
38 334 1
41 73 4
41 723 2
41 565 1
42 510 1
46 510 1
46 310 2
48 499 1
48 684 1
48 319 1
52 416 1
52 112 5
52 868 1
52 556 1
52 912 4
52 721 1
52 948 1
52 126 5
52 472 1
52 574 1
52 575 1
53 193 1
53 517 1
53 70 1
53 499 1
53 978 1
53 147 2
53 542 2
56 987 2
58 818 2
61 502 2
61 782 1
61 141 1
61 718 3
61 742 1
62 163 1
62 646 2
62 542 6
67 963 7
67 165 2
67 391 1
67 846 2
67 207 2
67 344 2
67 190 1
68 987 1
74 416 1
74 294 1
74 166 1
74 392 2
74 586 1
74 912 1
74 104 1
74 984 1
75 772 2
75 178 2
75 220 2
75 334 3
75 607 1
78 178 1
82 628 1
83 863 1
83 855 1
86 443 1
90 226 1
90 742 1
90 850 1
90 657 1
90 178 1
90 629 1
90 891 2
95 987 1
98 707 17
98 454 6
98 134 15
98 713 1
98 107 20
98 268 19
98 429 7
98 592 19
98 401 6
98 291 6
98 117 19
98 278 12
99 178 1
101 779 1
101 246 1
101 423 4
103 977 2
103 663 3
103 423 1
104 294 2
104 425 17
104 721 2
104 984 1
104 313 1
104 126 1
105 418 20
107 468 1
107 381 1
111 586 1
111 935 1
112 267 1
112 517 1
114 716 1
117 268 1
118 862 1
118 502 2
119 812 1
120 772 1
125 534 1
126 294 1
126 166 1
127 595 2
127 980 1
133 168 5
134 232 1
135 581 1
135 870 1
135 936 1
135 746 2
135 337 2
135 371 1
135 628 3
135 405 1
135 855 1
136 952 2
136 200 1
136 915 2
139 510 1
141 469 1
142 280 1
142 915 1
142 316 1
143 362 1
143 739 2
147 577 3
147 931 1
147 214 2
147 277 1
149 372 1
149 327 1
153 977 2
153 418 6
153 410 1
157 577 1
157 746 2
159 416 1
159 866 1
159 746 1
159 724 3
159 214 3
159 377 1
159 316 3
160 280 1
160 629 1
164 402 1
164 943 1
165 344 1
165 401 1
165 316 1
167 552 1
167 851 2
168 256 1
168 416 3
168 356 1
168 935 1
168 232 2
168 425 1
168 266 20
168 912 5
168 949 14
168 790 7
168 439 12
168 472 17
171 577 1
173 428 1
175 849 3
175 275 1
175 532 1
175 423 1
178 915 3
178 409 1
178 538 1
178 415 2
178 929 1
178 295 1
178 693 1
178 569 1
178 314 1
178 710 1
178 333 1
178 976 2
178 339 1
178 470 1
178 599 1
178 605 1
178 862 1
178 991 1
178 228 1
178 502 5
178 249 1
178 767 1
180 897 2
180 829 1
180 727 1
181 190 2
184 832 1
184 407 2
184 710 1
184 423 1
185 854 1
185 502 1
186 267 1
186 517 1
188 280 1
189 969 1
189 506 1
190 353 2
190 656 2
190 274 2
190 373 2
192 381 1
192 327 1
193 731 1
197 586 1
199 506 1
199 541 1
200 952 6
207 795 2
207 558 3
207 990 1
214 577 2
214 742 1
214 935 3
214 746 1
214 940 3
214 662 1
216 558 3
220 334 2
223 746 1
224 349 1
228 693 1
228 502 1
228 599 1
231 338 1
231 874 1
231 987 1
231 540 3
231 245 1
232 472 3
232 949 3
232 790 1
233 692 1
241 280 1
245 874 1
245 987 2
245 890 1
246 423 2
248 746 1
250 369 1
251 987 1
255 577 1
256 313 1
256 267 1
256 517 1
256 294 1
266 439 5
267 517 2
267 648 2
267 478 3
268 633 2
272 450 1
272 742 2
272 662 1
274 817 1
274 841 1
275 849 1
275 977 1
275 327 1
277 577 1
280 388 1
280 647 1
280 526 2
280 656 1
280 920 1
280 658 1
280 915 1
280 281 3
280 288 1
280 547 2
280 421 1
280 422 1
280 685 1
280 561 3
280 530 2
280 953 1
280 445 1
280 846 1
280 851 1
280 990 1
280 293 1
280 484 1
280 360 2
280 493 1
280 750 1
280 629 9
280 630 1
280 631 2
280 891 1
284 422 1
285 577 1
288 484 15
288 773 15
288 391 13
288 493 15
288 846 17
288 561 13
288 629 15
288 630 2
288 445 13
291 429 1
294 416 1
294 586 1
294 885 1
294 984 1
294 313 2
294 447 1
299 832 1
304 441 1
306 771 1
306 863 1
310 368 1
310 586 1
310 343 3
311 697 1
311 987 1
313 416 1
313 472 1
314 929 1
316 838 2
316 428 1
316 915 5
318 499 1
319 684 2
319 558 3
321 499 1
323 510 1
324 586 1
326 587 1
327 737 1
327 644 1
327 897 1
327 1001 2
327 650 1
327 849 2
327 745 1
327 702 1
332 586 1
332 500 4
332 782 3
334 772 2
334 638 3
334 607 1
335 381 3
337 505 2
338 987 1
343 943 2
343 534 3
343 399 1
344 952 1
347 577 1
347 926 1
349 976 2
355 577 1
355 715 1
356 425 1
356 602 3
356 472 1
356 586 1
361 987 1
362 528 1
362 371 3
362 765 1
362 383 1
365 522 1
365 718 1
369 913 3
369 646 1
372 404 1
377 506 1
378 514 1
383 528 1
383 891 1
388 634 3
388 638 1
388 550 1
388 742 2
396 761 2
401 454 1
401 429 3
407 779 1
410 832 1
410 977 4
410 976 1
414 891 1
415 746 1
415 429 1
415 462 2
415 946 2
416 586 3
416 782 3
418 977 5
418 996 44
421 795 2
423 977 3
423 790 2
424 795 2
424 990 2
425 648 1
429 454 2
432 987 1
433 977 2
433 738 3
433 987 1
433 546 1
435 500 2
435 782 5
438 818 2
439 912 1
443 662 1
445 891 2
450 802 3
450 835 1
450 900 1
450 517 1
450 746 1
450 595 1
450 662 2
454 772 1
458 1000 1
458 558 2
472 782 1
472 912 1
474 603 1
474 510 1
478 818 2
478 517 1
480 987 1
481 565 3
482 987 1
483 782 1
485 823 1
499 704 1
499 679 1
499 844 1
499 565 1
499 918 1
499 672 1
500 814 1
500 782 1
502 929 1
502 851 1
502 746 1
502 718 2
502 976 2
502 915 2
502 538 3
502 862 3
506 996 1
506 872 1
506 1001 1
506 670 1
510 832 1
510 649 1
510 939 1
510 943 1
513 646 1
514 977 2
514 780 1
516 924 4
516 783 1
517 648 1
517 746 1
522 746 1
527 870 2
528 922 1
528 909 1
528 589 1
530 746 1
530 891 2
530 629 1
530 630 2
531 987 1
534 746 1
534 939 2
540 994 4
540 987 1
540 873 1
540 874 1
540 697 1
540 955 1
541 644 1
542 746 3
543 952 2
544 580 2
547 851 1
550 746 1
552 851 1
558 956 3
561 629 1
561 846 4
565 723 3
566 772 1
577 931 1
577 933 1
577 715 1
577 972 1
577 748 1
577 590 1
577 686 1
577 926 1
577 607 6
582 994 1
582 987 1
586 617 1
586 782 5
591 746 2
595 696 5
599 929 1
602 721 4
603 780 1
607 700 2
607 782 1
609 772 1
609 855 1
626 863 1
629 750 1
629 630 3
629 891 1
630 685 1
630 954 3
630 891 1
630 668 2
630 894 2
634 832 1
638 832 1
641 987 1
644 738 3
644 996 4
644 650 1
657 921 1
659 863 1
662 900 1
663 879 1
663 951 2
668 746 5
668 813 1
668 935 1
672 844 2
684 704 1
684 746 2
684 844 1
687 746 3
687 742 1
692 769 1
692 746 3
693 862 1
696 915 2
697 855 3
697 925 1
698 987 1
700 812 1
703 935 1
704 844 2
704 743 1
715 926 2
716 718 1
718 746 1
718 883 1
718 980 3
720 746 8
720 863 3
720 935 4
724 883 3
731 746 1
738 996 1
739 746 1
742 995 1
742 746 1
742 784 2
742 771 1
742 900 4
742 863 2
746 776 1
746 812 1
746 920 1
746 923 1
746 935 16
746 775 1
746 813 3
746 834 1
746 851 1
746 980 1
746 994 1
758 844 1
759 984 2
764 874 1
764 987 1
764 994 1
769 863 1
771 863 1
774 947 74
779 977 2
780 977 2
782 868 2
782 984 1
783 837 1
789 987 1
790 812 2
791 862 3
807 951 1
809 987 1
813 935 1
817 851 5
838 915 1
840 874 1
840 987 1
841 920 1
841 935 1
849 987 1
850 996 1
854 890 1
857 952 3
862 909 2
863 993 1
872 987 1
873 874 1
873 987 1
924 996 3
925 987 1
950 977 2
955 987 1
969 977 1
977 1004 4
977 1001 2
987 994 2
