0
1
2
3
4
5
6
7
8
9
10
11
12
13
14
15
16
17
18
19
20
21
22
23
24
25
26
27
28
29
30
31
32
33
34
35
36
37
38
39
40
41
42
43
44
45
46
47
48
49
50
51
52
53
54
55
56
57
58
59
60
61
62
63
64
65
66
67
68
69
70
71
72
73
74
75
76
77
78
79
80
81
82
83
84
85
86
87
88
89
90
91
92
93
94
95
96
97
98
99
100
101
102
103
104
105
106
107
108
109
110
111
112
113
114
115
116
117
118
119
120
121
122
123
124
125
126
127
128
129
130
131
132
133
134
135
136
137
138
139
141
142
143
144
145
146
147
148
149
150
151
152
153
154
155
157
158
159
160
161
162
163
164
165
166
167
168
169
170
171
172
173
174
175
176
177
178
179
180
181
182
183
184
185
186
187
188
189
190
191
192
193
194
195
196
197
198
199
200
201
202
203
204
205
206
207
208
209
210
211
212
213
214
215
216
217
218
219
220
221
222
223
224
225
226
227
228
229
230
231
232
233
235
236
237
238
239
240
241
242
243
244
245
246
247
248
249
250
251
252
253
254
255
256
257
259
260
262
263
264
265
266
267
268
269
270
271
272
273
274
275
276
277
278
279
280
281
282
283
284
285
286
287
288
289
290
291
292
293
294
295
296
297
299
300
301
302
303
304
305
306
307
308
309
310
311
312
313
314
315
316
317
318
319
320
321
322
323
324
325
326
327
328
329
330
331
332
333
334
335
336
337
338
339
340
341
343
344
345
346
347
348
349
350
351
352
353
355
356
357
358
359
360
361
362
364
365
366
367
368
369
370
371
372
373
374
375
376
377
378
379
380
381
382
383
384
385
386
387
388
389
390
391
392
393
394
395
396
397
398
399
400
401
402
403
404
405
406
407
408
409
410
411
412
413
414
415
416
418
419
420
421
422
423
424
425
426
427
428
429
430
431
432
433
434
435
436
437
438
439
440
441
442
443
444
445
446
447
448
449
450
451
452
453
454
455
456
457
458
459
460
461
462
464
465
466
467
468
469
470
471
472
473
474
475
476
477
478
479
480
481
482
483
484
485
486
487
488
489
490
491
492
493
495
496
497
498
499
500
501
502
503
504
505
506
507
508
509
510
511
512
513
514
515
516
517
518
519
520
521
522
523
524
525
526
527
528
530
531
532
533
534
535
536
537
538
539
540
541
542
543
544
545
546
547
548
549
550
551
552
553
554
556
557
558
559
560
561
562
563
564
565
566
567
568
569
570
571
572
573
574
575
576
577
578
579
580
581
582
583
584
585
586
587
588
589
590
591
592
593
594
595
596
597
598
599
600
601
602
603
604
605
606
607
609
610
611
612
613
614
615
616
617
618
619
621
622
623
624
625
626
627
628
629
630
631
632
633
634
635
636
637
638
639
640
641
642
643
644
645
646
647
648
649
650
651
652
653
654
655
656
657
658
659
660
661
662
663
664
665
666
667
668
669
670
671
672
673
674
675
676
677
678
679
680
681
682
683
684
685
686
687
688
689
690
691
692
693
694
695
696
697
698
699
700
701
702
703
704
705
706
707
708
709
710
711
712
713
714
715
716
717
718
719
720
721
722
723
724
725
726
727
728
729
730
731
732
733
734
735
736
737
738
739
740
741
742
743
744
745
746
747
748
749
750
751
752
753
754
756
757
758
759
760
761
762
763
764
765
767
768
769
770
771
772
773
774
775
776
777
778
779
780
781
782
783
784
785
786
787
788
789
790
791
792
793
794
795
796
797
798
799
800
801
802
803
804
805
806
807
808
809
810
811
812
813
814
815
816
817
818
819
820
821
822
823
824
825
826
827
828
829
830
831
832
833
834
835
836
837
838
839
840
841
842
843
844
845
846
847
848
849
850
851
852
853
854
855
856
857
858
859
860
861
862
863
864
865
866
867
868
869
870
871
872
873
874
875
876
877
878
879
880
881
882
883
884
885
886
887
888
889
890
891
892
893
894
895
896
897
898
899
900
901
902
903
904
905
906
907
908
909
910
911
912
913
914
915
916
917
918
919
920
921
922
923
924
925
926
927
928
929
930
931
932
933
934
935
936
937
938
939
940
941
942
943
944
945
946
947
948
949
950
951
952
953
954
955
956
957
958
960
961
962
963
964
965
966
967
968
969
970
971
972
973
974
975
976
977
978
979
980
981
982
983
984
985
986
987
988
989
990
991
992
993
994
995
996
997
998
999
1000
1001
1002
1003
1004
0 569 2
2 700 2
2 868 2
2 790 4
4 441 1
4 135 1
5 362 1
5 772 1
5 506 1
6 569 2
6 506 1
6 249 1
13 850 1
13 738 1
14 506 1
14 850 1
14 796 1
14 738 2
15 731 2
16 843 1
16 541 1
16 502 3
17 857 1
17 428 1
24 360 2
24 561 2
24 629 4
25 458 1
28 987 1
28 231 1
29 506 1
30 936 1
30 912 2
30 765 1
31 165 3
32 739 1
32 687 1
32 189 1
32 915 2
32 791 4
32 249 3
32 669 1
41 704 2
41 73 1
41 723 3
41 565 1
48 704 3
48 458 1
52 168 1
52 868 1
56 987 1
58 818 1
58 909 2
61 450 2
61 991 1
62 542 1
62 159 2
64 534 1
65 334 5
65 191 2
67 344 3
67 963 9
67 165 2
67 207 2
68 506 1
68 987 1
75 607 1
77 912 2
77 168 3
77 885 1
78 506 1
78 502 1
82 870 1
82 135 2
86 443 2
90 761 2
90 915 2
90 865 1
95 987 1
98 592 3
98 454 1
101 246 1
101 175 1
103 1001 2
104 765 1
105 418 4
105 582 1
106 1001 1
106 828 1
107 553 1
107 381 1
113 927 2
120 987 1
120 454 2
125 324 1
125 939 1
125 524 1
125 622 3
125 534 1
125 154 1
125 477 1
125 510 1
126 416 1
126 356 1
131 738 1
131 850 1
132 842 3
133 168 1
134 592 2
134 454 1
135 292 5
135 581 2
135 870 2
135 942 10
135 371 1
135 628 3
135 772 1
136 200 1
136 915 1
139 323 1
141 362 1
141 920 1
141 530 1
141 280 2
141 891 1
141 188 1
147 171 4
147 230 1
147 214 1
149 275 3
153 977 5
159 193 1
159 923 1
159 214 2
159 680 1
159 687 1
159 915 2
159 406 1
159 987 2
159 572 3
159 443 1
160 629 3
161 890 1
161 951 1
164 322 1
165 344 4
165 401 4
166 416 3
166 586 1
167 817 1
167 851 1
167 469 2
168 868 2
168 232 1
168 557 2
168 912 4
168 472 2
168 356 1
168 607 1
168 575 2
173 738 1
174 534 1
175 423 1
175 1004 1
175 849 3
175 275 2
175 246 1
185 614 1
187 450 1
188 978 1
189 977 1
189 506 1
189 718 3
192 506 1
193 923 2
197 987 1
198 568 1
198 488 1
199 506 1
199 850 1
199 924 1
199 738 1
200 971 1
202 629 3
206 534 1
207 424 1
207 795 3
207 469 1
207 421 1
214 935 1
220 769 2
220 450 2
220 364 2
220 482 2
220 692 2
220 764 2
223 742 1
226 506 1
226 772 1
228 569 2
228 502 1
231 738 1
231 955 1
231 836 1
231 840 1
231 873 1
231 364 1
231 338 1
231 245 1
231 311 1
231 698 2
231 987 2
231 540 1
231 925 1
231 607 1
233 772 1
233 692 4
236 537 2
239 596 1
245 698 1
245 987 1
245 764 2
246 423 1
248 506 2
249 433 2
249 506 1
249 569 2
250 886 1
250 927 2
251 987 1
253 752 1
256 472 3
256 313 1
256 356 1
256 294 4
264 454 1
267 586 5
267 674 3
270 738 1
270 850 1
272 572 2
272 450 4
272 595 1
272 900 2
272 754 2
275 849 3
278 290 1
278 454 1
280 891 1
280 629 2
290 305 4
291 401 1
291 454 1
295 569 2
299 337 1
299 323 1
308 418 1
310 586 1
311 987 1
311 955 1
313 472 1
322 879 1
324 638 1
327 738 1
327 850 1
332 539 1
333 569 2
334 776 2
335 440 3
335 464 2
338 433 1
338 987 1
344 373 2
356 868 1
356 743 2
356 718 1
356 472 2
356 765 1
360 629 3
361 987 1
362 731 1
362 659 2
362 909 1
364 987 1
364 582 1
369 927 2
371 528 1
372 595 3
372 404 4
372 934 4
377 506 1
377 866 2
377 718 3
380 506 1
381 506 1
381 643 1
381 532 3
401 454 2
401 429 2
404 506 1
409 569 2
409 506 1
414 891 2
415 569 1
415 587 1
415 833 1
416 586 2
416 573 1
416 765 1
421 424 3
421 795 3
421 870 1
423 650 1
424 795 5
427 955 1
429 454 1
432 987 1
433 987 1
433 772 1
433 789 3
434 758 1
435 500 3
437 738 1
437 850 1
438 818 1
440 537 2
440 506 1
443 742 3
443 662 5
444 927 2
444 535 1
450 572 1
450 947 1
450 596 1
454 772 2
454 592 3
456 720 1
458 844 1
458 684 1
459 517 1
462 833 1
466 662 1
469 512 1
470 569 3
470 789 2
472 743 2
472 602 1
472 575 3
482 569 5
482 987 1
485 513 1
485 927 2
491 506 1
493 795 2
493 629 3
495 568 5
500 782 2
502 538 3
506 644 3
506 783 1
506 921 1
506 796 1
506 670 1
506 682 1
506 688 1
506 690 1
506 702 1
506 738 1
506 850 1
506 718 1
506 599 1
506 605 1
508 738 1
511 987 1
513 927 2
513 823 1
516 738 1
516 850 1
516 790 2
517 923 1
526 528 1
526 629 3
528 568 1
530 920 2
530 891 7
530 629 5
531 987 3
532 738 1
532 850 1
534 591 1
534 692 1
534 890 1
535 927 2
538 569 2
540 955 3
540 840 8
540 749 1
540 698 1
540 987 3
541 738 2
541 924 1
541 850 1
542 927 2
546 742 1
546 830 1
550 920 1
551 927 2
558 565 2
561 629 3
561 846 3
565 723 1
568 596 3
569 710 2
569 599 2
569 749 3
569 976 2
569 693 2
569 991 5
569 605 2
569 862 2
573 586 1
576 738 1
576 850 1
581 936 1
582 764 3
582 987 1
586 718 3
588 987 1
591 692 1
592 713 1
592 923 1
592 927 4
595 718 2
609 910 1
617 720 2
629 658 3
629 685 3
629 846 3
629 630 3
629 631 4
629 891 8
629 894 3
630 851 1
634 788 1
641 987 1
644 1001 1
644 850 1
644 738 1
646 927 2
650 738 1
653 738 1
654 738 4
654 783 1
654 850 1
654 991 2
657 738 1
663 898 2
663 950 1
672 844 3
678 696 4
680 720 1
680 731 1
680 790 1
682 738 1
685 1001 5
685 724 1
687 776 2
692 775 2
692 746 1
692 749 1
697 855 2
698 840 1
698 873 1
698 764 1
700 868 1
702 850 1
702 738 1
707 923 1
718 904 2
718 783 1
718 754 3
719 738 1
719 850 1
720 833 1
720 855 1
722 927 5
724 1001 1
737 849 1
738 783 3
738 921 2
738 923 3
738 924 1
738 945 1
738 837 1
738 850 2
738 996 1
738 1001 1
738 747 1
738 881 1
738 979 1
738 745 1
738 761 1
740 788 1
745 850 1
758 844 1
758 956 1
758 918 3
764 987 1
765 868 1
770 927 2
772 923 1
773 955 1
774 947 2
783 850 1
789 987 1
790 901 1
809 987 2
823 927 2
837 850 1
840 987 1
849 987 1
850 921 1
850 924 1
850 979 1
850 996 1
850 1001 1
850 881 1
854 927 2
872 987 1
873 987 1
880 923 1
891 920 2
910 923 1
921 923 1
925 955 1
955 987 2
977 1001 5
987 994 1
