0
1
2
3
4
5
6
7
8
9
10
11
12
13
14
15
16
17
18
19
20
21
22
23
24
25
26
27
28
29
30
31
32
33
34
35
36
37
38
39
40
41
42
43
44
45
46
47
48
49
50
51
52
53
54
55
56
57
58
59
60
61
62
63
64
65
66
67
68
69
70
71
72
73
74
75
76
77
78
79
80
81
82
83
84
85
86
87
88
89
90
91
92
93
94
95
96
97
98
99
100
101
102
103
104
105
106
107
108
109
110
111
112
113
114
115
116
117
118
119
120
121
122
123
124
125
126
127
128
129
130
131
132
133
134
135
136
137
138
139
141
142
143
144
145
146
147
148
149
150
151
152
153
154
155
157
158
159
160
161
162
163
164
165
166
167
168
169
170
171
172
173
174
175
176
177
178
179
180
181
182
183
184
185
186
187
188
189
190
191
192
193
194
195
196
197
198
199
200
201
202
203
204
205
206
207
208
209
210
211
212
213
214
215
216
217
218
219
220
221
222
223
224
225
226
227
228
229
230
231
232
233
235
236
237
238
239
240
241
242
243
244
245
246
247
248
249
250
251
252
253
254
255
256
257
259
260
262
263
264
265
266
267
268
269
270
271
272
273
274
275
276
277
278
279
280
281
282
283
284
285
286
287
288
289
290
291
292
293
294
295
296
297
299
300
301
302
303
304
305
306
307
308
309
310
311
312
313
314
315
316
317
318
319
320
321
322
323
324
325
326
327
328
329
330
331
332
333
334
335
336
337
338
339
340
341
343
344
345
346
347
348
349
350
351
352
353
355
356
357
358
359
360
361
362
364
365
366
367
368
369
370
371
372
373
374
375
376
377
378
379
380
381
382
383
384
385
386
387
388
389
390
391
392
393
394
395
396
397
398
399
400
401
402
403
404
405
406
407
408
409
410
411
412
413
414
415
416
418
419
420
421
422
423
424
425
426
427
428
429
430
431
432
433
434
435
436
437
438
439
440
441
442
443
444
445
446
447
448
449
450
451
452
453
454
455
456
457
458
459
460
461
462
464
465
466
467
468
469
470
471
472
473
474
475
476
477
478
479
480
481
482
483
484
485
486
487
488
489
490
491
492
493
495
496
497
498
499
500
501
502
503
504
505
506
507
508
509
510
511
512
513
514
515
516
517
518
519
520
521
522
523
524
525
526
527
528
530
531
532
533
534
535
536
537
538
539
540
541
542
543
544
545
546
547
548
549
550
551
552
553
554
556
557
558
559
560
561
562
563
564
565
566
567
568
569
570
571
572
573
574
575
576
577
578
579
580
581
582
583
584
585
586
587
588
589
590
591
592
593
594
595
596
597
598
599
600
601
602
603
604
605
606
607
609
610
611
612
613
614
615
616
617
618
619
621
622
623
624
625
626
627
628
629
630
631
632
633
634
635
636
637
638
639
640
641
642
643
644
645
646
647
648
649
650
651
652
653
654
655
656
657
658
659
660
661
662
663
664
665
666
667
668
669
670
671
672
673
674
675
676
677
678
679
680
681
682
683
684
685
686
687
688
689
690
691
692
693
694
695
696
697
698
699
700
701
702
703
704
705
706
707
708
709
710
711
712
713
714
715
716
717
718
719
720
721
722
723
724
725
726
727
728
729
730
731
732
733
734
735
736
737
738
739
740
741
742
743
744
745
746
747
748
749
750
751
752
753
754
756
757
758
759
760
761
762
763
764
765
767
768
769
770
771
772
773
774
775
776
777
778
779
780
781
782
783
784
785
786
787
788
789
790
791
792
793
794
795
796
797
798
799
800
801
802
803
804
805
806
807
808
809
810
811
812
813
814
815
816
817
818
819
820
821
822
823
824
825
826
827
828
829
830
831
832
833
834
835
836
837
838
839
840
841
842
843
844
845
846
847
848
849
850
851
852
853
854
855
856
857
858
859
860
861
862
863
864
865
866
867
868
869
870
871
872
873
874
875
876
877
878
879
880
881
882
883
884
885
886
887
888
889
890
891
892
893
894
895
896
897
898
899
900
901
902
903
904
905
906
907
908
909
910
911
912
913
914
915
916
917
918
919
920
921
922
923
924
925
926
927
928
929
930
931
932
933
934
935
936
937
938
939
940
941
942
943
944
945
946
947
948
949
950
951
952
953
954
955
956
957
958
960
961
962
963
964
965
966
967
968
969
970
971
972
973
974
975
976
977
978
979
980
981
982
983
984
985
986
987
988
989
990
991
992
993
994
995
996
997
998
999
1000
1001
1002
1003
1004
0 333 1
1 309 2
2 516 1
2 168 2
2 700 3
2 335 1
2 532 3
2 790 10
2 628 1
2 956 1
2 126 3
4 304 6
5 772 1
5 381 1
5 175 1
6 772 1
6 333 1
8 144 1
8 696 1
8 159 1
12 680 1
13 516 1
14 1001 1
14 173 1
14 719 1
14 921 3
14 506 7
14 924 1
14 410 1
14 702 2
15 680 1
16 541 1
24 136 1
24 493 1
24 360 1
24 629 3
24 280 1
24 891 2
25 458 1
29 983 1
30 356 1
30 104 1
30 912 1
30 936 1
30 313 1
30 762 1
31 716 2
31 316 1
31 165 11
31 847 1
32 280 1
32 891 1
34 997 6
34 855 5
35 978 1
40 272 1
40 712 2
40 90 1
40 450 1
40 415 3
41 723 1
42 706 2
45 52 2
48 704 1
48 684 1
52 416 1
52 66 4
52 356 1
52 168 3
52 912 1
52 232 1
52 790 3
52 472 1
52 868 2
53 940 1
58 158 1
61 900 1
61 522 1
61 718 2
61 591 1
61 272 1
61 306 1
61 692 1
61 662 1
61 443 3
61 991 2
62 369 2
62 542 2
62 646 1
62 159 5
65 772 1
65 75 1
65 850 3
65 687 3
65 530 1
65 120 2
65 191 1
67 344 8
67 963 22
67 165 2
67 207 12
72 214 1
72 159 2
75 833 2
75 772 12
75 712 1
75 334 1
75 687 1
75 850 3
75 220 1
75 191 1
77 168 1
77 356 1
77 912 1
77 260 3
82 870 1
83 863 1
86 443 2
87 160 1
90 650 2
90 712 1
90 531 2
90 791 2
90 220 3
91 416 1
91 833 1
91 514 1
91 850 4
91 415 2
92 280 1
92 658 1
92 915 1
92 207 1
96 420 8
98 592 7
98 707 1
98 429 1
98 454 2
101 377 4
101 246 1
101 423 4
102 323 1
102 324 1
102 939 1
102 524 1
102 125 1
102 534 1
102 154 1
102 477 1
102 510 1
103 950 1
103 303 2
104 416 1
104 356 1
104 294 1
104 648 1
104 313 3
104 765 5
105 418 2
106 788 1
107 713 1
107 810 1
107 381 1
107 537 2
112 267 1
113 927 1
120 772 5
120 141 1
120 783 1
120 530 1
120 915 3
120 388 1
120 157 1
120 542 1
120 292 1
120 433 1
120 834 1
120 196 1
120 454 3
120 201 1
120 334 1
120 718 1
120 854 2
120 226 1
120 739 1
120 356 1
120 233 1
120 502 1
126 356 5
126 759 1
132 842 2
134 592 4
134 850 1
134 454 1
135 292 5
135 581 4
135 942 14
135 692 6
135 405 3
135 628 2
136 200 2
136 428 1
136 915 1
136 316 1
136 159 1
137 771 1
139 1001 1
141 614 1
141 241 1
141 978 1
141 188 2
141 280 2
142 280 1
142 915 1
142 316 1
142 647 2
142 207 4
147 577 1
147 196 2
147 230 1
147 454 3
147 150 1
147 347 1
147 926 1
149 716 5
149 423 1
150 415 3
152 443 2
153 977 5
157 193 3
157 686 1
157 926 1
157 577 2
158 865 2
158 716 4
158 292 1
158 249 2
159 866 3
159 283 1
159 742 1
159 731 1
159 713 1
159 798 2
159 334 1
159 687 1
159 912 9
159 915 1
159 500 3
159 590 2
159 214 3
159 923 1
159 765 1
160 360 1
160 202 1
160 631 1
160 846 1
160 687 2
160 561 1
160 530 3
160 948 1
160 629 2
160 630 1
160 591 1
164 402 2
164 548 1
164 879 1
165 428 1
165 207 3
165 401 16
165 344 12
165 316 1
165 990 2
166 912 2
166 168 1
166 416 3
167 978 2
167 988 1
168 260 2
168 232 3
168 356 11
168 912 17
168 369 1
168 885 2
168 790 3
168 439 3
168 472 8
168 868 2
168 762 1
168 575 2
171 347 1
173 506 1
173 924 2
173 199 1
175 737 2
175 423 2
175 1004 3
175 849 14
175 275 5
184 650 3
184 883 2
185 833 2
185 830 2
185 614 1
185 334 1
185 415 1
188 280 1
188 978 1
189 281 5
189 428 1
189 236 4
189 214 2
191 752 1
191 415 6
192 381 1
193 617 1
193 940 1
196 429 2
198 568 1
199 924 1
200 952 1
200 971 3
200 316 1
207 424 2
207 428 1
207 493 2
207 978 1
207 469 3
207 953 4
207 795 1
214 290 2
214 742 3
214 940 1
214 428 1
214 765 1
214 951 2
214 923 1
216 321 1
216 362 1
223 879 1
223 772 1
223 343 2
228 569 1
228 333 1
231 873 1
231 698 1
231 540 1
231 738 1
232 369 1
233 769 3
233 692 1
236 537 4
245 540 1
245 698 1
245 764 4
245 334 1
246 423 5
248 772 1
248 692 1
249 921 2
249 333 1
250 535 1
250 886 1
250 927 1
253 752 1
256 313 2
256 868 1
256 294 2
256 356 1
260 912 2
264 454 1
267 944 5
267 674 4
267 891 2
267 838 1
272 450 2
272 900 1
272 306 1
272 910 6
272 754 3
272 595 1
272 662 1
272 568 3
273 951 1
275 849 7
277 715 1
280 547 1
280 647 2
280 360 1
280 362 2
280 530 1
280 526 1
280 561 1
280 658 1
280 915 2
280 631 1
280 851 1
280 920 1
280 629 5
281 905 1
290 416 2
290 614 1
290 589 2
290 629 1
291 401 7
291 429 1
291 454 3
293 724 1
293 605 3
294 313 4
294 817 3
299 323 1
301 978 1
302 316 1
303 663 1
303 343 2
305 416 1
306 771 2
306 742 2
306 784 1
306 863 1
306 703 1
308 748 1
311 697 2
311 955 1
311 540 3
313 416 1
313 557 1
313 912 1
313 765 1
316 344 1
316 647 1
316 971 1
316 428 1
316 915 2
316 952 1
316 857 1
316 543 1
316 990 1
318 684 1
319 499 1
321 704 4
322 879 8
323 562 1
323 524 1
323 950 2
324 638 1
324 534 1
324 343 2
327 381 3
329 764 1
332 500 2
333 609 1
333 502 1
333 710 1
333 599 1
333 569 1
333 470 1
333 409 1
333 538 1
333 605 1
333 862 1
334 772 3
334 879 2
334 607 1
335 440 2
335 381 1
337 581 3
338 540 1
343 663 1
344 373 10
347 966 1
353 891 1
356 416 2
356 912 3
356 515 1
356 868 3
356 718 1
356 743 4
356 528 3
356 472 12
360 629 3
362 528 2
362 383 2
364 540 1
364 582 1
368 879 2
369 535 1
369 927 1
372 415 2
377 754 1
377 866 4
377 724 1
377 605 1
379 568 1
381 772 1
381 532 3
381 506 1
383 765 1
388 534 1
388 951 1
393 907 1
401 454 10
401 683 1
401 429 14
401 415 19
406 680 2
414 891 2
415 833 4
415 569 6
416 868 1
416 586 1
416 912 1
416 762 1
416 573 1
418 977 2
420 879 2
421 424 2
421 978 1
422 731 3
423 866 3
423 716 1
424 847 1
424 978 1
424 795 2
424 990 2
427 955 1
428 838 1
428 647 2
428 915 1
428 629 2
428 857 3
428 543 7
429 454 6
433 738 2
433 994 1
435 500 3
435 782 2
440 737 1
443 662 4
443 742 5
443 703 1
444 927 1
444 535 2
448 782 1
450 900 2
450 712 1
450 754 1
450 595 2
450 596 1
450 662 1
450 568 1
450 772 1
450 947 2
454 609 1
454 772 3
454 713 1
454 592 6
459 564 1
462 833 1
462 542 1
466 662 2
469 978 1
469 630 3
470 789 3
470 605 1
472 743 5
472 556 1
472 535 7
472 575 1
482 569 8
485 513 1
485 542 8
485 927 1
488 568 1
491 497 1
493 658 2
493 630 1
495 568 1
495 862 1
499 704 1
499 684 1
500 782 2
502 591 1
502 569 1
502 923 1
502 687 1
506 719 2
506 951 1
506 921 1
506 924 1
513 927 1
513 535 1
514 950 1
516 837 1
516 532 1
516 790 7
516 761 1
516 924 2
517 772 1
522 802 1
526 629 1
528 660 1
528 629 1
530 629 2
530 891 5
531 987 1
533 742 1
534 879 1
535 772 1
535 556 2
535 722 1
535 854 1
535 542 1
535 927 1
537 737 1
540 994 1
540 633 1
540 873 1
540 855 1
540 749 2
540 697 3
540 698 3
540 955 8
540 925 3
541 951 1
542 646 3
542 927 1
546 802 1
546 550 1
547 978 1
548 853 1
548 879 1
550 617 1
551 927 1
552 978 1
558 565 3
561 846 5
565 684 1
565 679 2
568 595 2
569 749 9
569 693 1
569 599 1
569 605 1
572 731 1
572 695 1
577 686 2
581 692 1
582 764 2
586 718 1
587 720 3
591 712 1
591 915 1
591 692 2
591 923 1
592 713 4
592 923 3
592 927 3
595 754 1
596 662 1
599 710 3
602 765 3
602 743 1
605 921 2
605 693 1
607 712 1
609 707 1
609 772 1
609 910 1
612 740 1
614 978 1
617 720 2
617 833 2
624 873 1
626 863 1
628 720 1
629 685 1
629 658 2
629 978 2
629 630 1
629 631 1
629 891 8
630 891 2
631 891 2
633 641 2
633 923 2
633 707 3
643 921 1
643 685 1
644 977 1
644 924 1
644 1001 1
646 927 1
647 817 1
647 915 1
648 765 1
650 686 4
654 738 2
654 991 2
660 771 1
663 950 2
663 879 1
672 844 2
678 696 1
680 731 2
680 707 1
682 924 1
684 772 1
687 915 1
687 923 1
688 808 2
692 749 1
692 923 1
692 830 2
697 855 6
697 925 2
698 840 1
698 873 1
698 764 1
700 837 1
700 790 1
702 924 1
707 1003 1
707 951 1
712 942 3
720 833 2
722 854 2
722 927 1
724 921 1
724 843 1
736 769 1
737 849 2
738 850 5
738 783 3
740 879 1
742 772 1
749 830 2
752 978 1
754 866 2
754 772 1
758 918 1
765 859 1
769 863 1
770 927 1
771 863 1
772 920 1
772 851 1
773 955 1
774 947 8
783 850 1
784 863 1
790 901 4
795 978 3
796 921 1
817 978 1
823 927 1
851 920 2
851 978 2
851 915 4
854 927 2
863 993 1
881 921 1
910 923 1
915 923 1
921 1004 2
924 1001 1
925 955 1
954 978 1
977 1001 9
978 988 1
