0
1
2
3
4
5
6
7
8
9
10
11
12
13
14
15
16
17
18
19
20
21
22
23
24
25
26
27
28
29
30
31
32
33
34
35
36
37
38
39
40
41
42
43
44
45
46
47
48
49
50
51
52
53
54
55
56
57
58
59
60
61
62
63
64
65
66
67
68
69
70
71
72
73
74
75
76
77
78
79
80
81
82
83
84
85
86
87
88
89
90
91
92
93
94
95
96
97
98
99
100
101
102
103
104
105
106
107
108
109
110
111
112
113
114
115
116
117
118
119
120
121
122
123
124
125
126
127
128
129
130
131
132
133
134
135
136
137
138
139
141
142
143
144
145
146
147
148
149
150
151
152
153
154
155
157
158
159
160
161
162
163
164
165
166
167
168
169
170
171
172
173
174
175
176
177
178
179
180
181
182
183
184
185
186
187
188
189
190
191
192
193
194
195
196
197
198
199
200
201
202
203
204
205
206
207
208
209
210
211
212
213
214
215
216
217
218
219
220
221
222
223
224
225
226
227
228
229
230
231
232
233
235
236
237
238
239
240
241
242
243
244
245
246
247
248
249
250
251
252
253
254
255
256
257
259
260
262
263
264
265
266
267
268
269
270
271
272
273
274
275
276
277
278
279
280
281
282
283
284
285
286
287
288
289
290
291
292
293
294
295
296
297
299
300
301
302
303
304
305
306
307
308
309
310
311
312
313
314
315
316
317
318
319
320
321
322
323
324
325
326
327
328
329
330
331
332
333
334
335
336
337
338
339
340
341
343
344
345
346
347
348
349
350
351
352
353
355
356
357
358
359
360
361
362
364
365
366
367
368
369
370
371
372
373
374
375
376
377
378
379
380
381
382
383
384
385
386
387
388
389
390
391
392
393
394
395
396
397
398
399
400
401
402
403
404
405
406
407
408
409
410
411
412
413
414
415
416
418
419
420
421
422
423
424
425
426
427
428
429
430
431
432
433
434
435
436
437
438
439
440
441
442
443
444
445
446
447
448
449
450
451
452
453
454
455
456
457
458
459
460
461
462
464
465
466
467
468
469
470
471
472
473
474
475
476
477
478
479
480
481
482
483
484
485
486
487
488
489
490
491
492
493
495
496
497
498
499
500
501
502
503
504
505
506
507
508
509
510
511
512
513
514
515
516
517
518
519
520
521
522
523
524
525
526
527
528
530
531
532
533
534
535
536
537
538
539
540
541
542
543
544
545
546
547
548
549
550
551
552
553
554
556
557
558
559
560
561
562
563
564
565
566
567
568
569
570
571
572
573
574
575
576
577
578
579
580
581
582
583
584
585
586
587
588
589
590
591
592
593
594
595
596
597
598
599
600
601
602
603
604
605
606
607
609
610
611
612
613
614
615
616
617
618
619
621
622
623
624
625
626
627
628
629
630
631
632
633
634
635
636
637
638
639
640
641
642
643
644
645
646
647
648
649
650
651
652
653
654
655
656
657
658
659
660
661
662
663
664
665
666
667
668
669
670
671
672
673
674
675
676
677
678
679
680
681
682
683
684
685
686
687
688
689
690
691
692
693
694
695
696
697
698
699
700
701
702
703
704
705
706
707
708
709
710
711
712
713
714
715
716
717
718
719
720
721
722
723
724
725
726
727
728
729
730
731
732
733
734
735
736
737
738
739
740
741
742
743
744
745
746
747
748
749
750
751
752
753
754
756
757
758
759
760
761
762
763
764
765
767
768
769
770
771
772
773
774
775
776
777
778
779
780
781
782
783
784
785
786
787
788
789
790
791
792
793
794
795
796
797
798
799
800
801
802
803
804
805
806
807
808
809
810
811
812
813
814
815
816
817
818
819
820
821
822
823
824
825
826
827
828
829
830
831
832
833
834
835
836
837
838
839
840
841
842
843
844
845
846
847
848
849
850
851
852
853
854
855
856
857
858
859
860
861
862
863
864
865
866
867
868
869
870
871
872
873
874
875
876
877
878
879
880
881
882
883
884
885
886
887
888
889
890
891
892
893
894
895
896
897
898
899
900
901
902
903
904
905
906
907
908
909
910
911
912
913
914
915
916
917
918
919
920
921
922
923
924
925
926
927
928
929
930
931
932
933
934
935
936
937
938
939
940
941
942
943
944
945
946
947
948
949
950
951
952
953
954
955
956
957
958
960
961
962
963
964
965
966
967
968
969
970
971
972
973
974
975
976
977
978
979
980
981
982
983
984
985
986
987
988
989
990
991
992
993
994
995
996
997
998
999
1000
1001
1002
1003
1004
0 178 7
0 118 1
0 470 1
0 605 1
2 891 2
2 700 3
2 629 2
2 790 1
2 231 2
4 441 2
5 506 1
5 107 2
5 899 1
5 29 1
5 491 5
6 506 1
6 178 6
6 605 1
6 470 1
8 544 2
8 731 1
13 738 1
13 532 1
13 278 1
13 951 1
14 738 1
14 996 1
14 199 1
14 173 2
14 506 1
14 924 2
15 680 2
15 584 2
15 731 2
16 994 1
16 754 1
16 718 7
17 857 1
17 428 1
17 316 2
20 885 1
22 663 3
24 288 1
24 160 1
24 782 2
24 891 2
24 750 1
24 530 2
24 629 2
24 280 8
24 507 1
24 31 2
25 684 1
25 918 1
28 681 1
28 987 8
29 808 2
29 107 1
29 335 2
29 506 1
29 381 3
29 670 2
30 104 1
30 648 2
30 936 1
30 948 1
30 949 2
30 790 1
30 765 10
31 428 1
31 316 2
31 165 6
31 990 5
32 708 1
32 840 1
32 791 1
32 718 1
32 143 1
32 528 2
32 214 3
32 249 2
32 280 2
32 921 3
32 90 1
32 669 1
35 280 1
35 585 1
35 978 4
35 207 3
38 324 5
38 70 1
38 939 1
38 528 1
38 309 1
38 474 1
40 272 3
40 802 3
40 900 1
40 488 1
40 198 1
40 712 3
40 60 1
40 528 1
40 568 1
40 947 1
40 662 2
40 695 1
40 120 3
40 90 1
40 187 3
40 572 2
40 254 1
40 159 1
41 73 1
41 723 1
41 565 1
41 758 1
42 649 1
42 106 1
42 383 4
42 951 1
45 782 2
48 321 1
48 844 1
48 558 2
48 679 1
50 559 2
52 232 2
52 948 2
52 586 1
52 868 6
52 425 1
53 290 2
53 178 2
53 147 2
53 120 1
53 443 1
53 316 1
55 752 2
56 840 1
56 994 1
56 987 11
58 909 4
61 214 2
61 840 1
61 522 2
61 843 2
61 716 1
61 718 13
61 754 1
61 883 1
61 502 1
61 991 1
62 800 1
62 163 2
62 485 2
62 518 3
65 135 1
65 425 1
65 107 1
65 435 1
65 334 1
65 205 1
65 850 3
65 851 2
65 724 1
65 983 5
65 280 2
65 159 1
65 220 8
65 190 1
65 191 3
66 782 3
67 963 16
67 165 9
67 391 10
67 846 20
67 207 12
67 344 11
67 190 1
68 90 1
68 987 8
69 735 2
69 879 3
70 534 1
70 343 1
70 950 1
70 663 3
70 638 1
70 159 1
71 595 11
72 528 3
72 91 1
73 216 1
74 104 1
74 984 1
74 294 2
74 166 2
75 995 1
75 772 6
75 229 2
75 231 2
75 334 8
75 628 1
75 750 1
75 280 1
75 891 6
75 191 2
77 260 2
77 168 6
77 266 3
77 912 23
77 949 1
77 439 1
77 699 3
78 130 2
78 878 1
78 976 1
78 178 6
78 470 1
78 605 1
78 862 1
82 784 1
82 870 1
83 784 1
83 697 3
84 324 1
86 443 2
88 906 1
88 106 2
90 388 1
90 646 2
90 657 1
90 518 1
90 944 3
90 946 1
90 948 1
90 572 1
90 702 2
90 472 1
90 458 2
90 850 2
90 216 1
90 987 1
90 220 2
90 868 1
90 997 1
90 107 3
90 499 1
90 245 1
90 890 4
90 763 6
90 381 1
91 774 1
91 105 1
91 499 1
91 178 1
91 147 1
92 316 3
95 987 8
96 634 1
98 707 13
98 454 2
98 134 11
98 713 9
98 107 16
98 268 12
98 429 5
98 592 1
98 401 7
98 117 12
98 278 12
99 878 1
99 605 1
99 178 3
99 502 1
99 669 1
99 862 2
99 767 1
101 377 1
101 246 3
101 423 2
104 256 1
104 294 2
104 648 4
104 425 3
104 984 1
105 233 1
105 374 2
106 399 2
106 402 3
106 788 1
106 950 1
106 919 1
106 601 1
106 154 2
106 634 2
107 192 1
107 898 1
107 643 1
107 236 1
107 652 1
107 664 1
107 537 2
107 670 1
107 159 1
107 808 1
107 553 1
107 810 1
107 393 1
107 320 3
107 201 2
107 335 2
107 208 1
107 468 1
107 985 1
107 464 4
107 1004 2
107 118 1
107 980 2
107 381 1
109 256 3
109 166 1
112 674 7
112 803 3
112 356 3
112 517 7
112 166 8
112 1000 6
112 267 2
112 751 2
112 392 1
112 948 1
112 313 1
113 518 1
113 535 2
114 403 2
114 718 3
118 732 1
119 812 2
119 790 1
120 257 1
120 772 9
120 775 4
120 267 1
120 147 2
120 660 2
120 540 1
120 542 1
120 198 2
120 425 2
120 687 4
120 948 12
120 926 1
120 189 2
120 190 5
120 191 4
120 196 1
120 454 4
120 609 1
120 718 2
120 987 1
120 865 3
120 868 3
120 997 4
120 617 2
120 752 10
120 633 1
122 450 2
122 718 3
126 168 2
126 586 3
126 332 1
126 782 3
126 648 2
126 362 1
127 159 1
130 976 1
130 178 1
133 602 7
134 535 1
135 692 1
135 153 1
136 450 2
136 200 2
136 142 1
136 915 10
136 952 1
136 857 5
136 316 4
137 374 2
137 239 1
139 534 1
141 280 1
141 978 4
141 530 1
141 469 1
142 165 3
142 428 2
142 952 2
142 274 1
142 915 6
142 280 5
142 316 2
143 544 2
143 739 1
147 416 1
147 577 2
147 355 2
147 277 2
147 933 1
147 715 1
147 972 1
147 171 1
147 748 1
147 590 2
147 285 1
147 528 1
147 347 1
147 686 1
147 157 3
147 926 2
147 159 1
149 716 1
149 372 4
150 833 2
150 752 1
150 178 3
150 191 2
150 444 2
150 415 1
151 278 1
151 923 1
151 253 1
151 566 3
153 482 1
153 995 1
153 996 2
153 581 1
153 329 1
153 746 1
153 588 1
153 418 2
153 977 7
153 692 1
153 245 1
153 855 1
153 764 1
153 540 1
154 534 1
155 784 3
157 863 1
157 586 3
157 356 1
157 415 2
159 768 1
159 927 1
159 544 1
159 940 1
159 557 1
159 946 1
159 435 1
159 569 1
159 316 1
159 190 1
159 963 1
159 324 1
159 720 1
159 850 1
159 987 1
159 220 1
159 865 1
159 997 1
159 178 1
159 978 1
159 499 1
159 629 1
160 288 1
160 550 4
160 585 1
160 367 2
160 528 1
160 629 1
160 280 1
160 857 1
160 891 1
161 784 1
161 214 2
164 638 4
165 207 3
165 401 10
165 344 1
165 316 5
165 990 2
166 500 1
167 978 4
167 988 2
167 469 2
168 260 14
168 648 3
168 521 5
168 266 13
168 912 38
168 790 1
168 416 4
168 425 6
168 177 5
168 949 14
168 439 10
168 699 4
168 575 1
168 966 3
168 332 5
168 472 7
168 356 8
168 868 1
168 744 1
168 232 1
169 372 5
170 840 1
170 332 1
170 855 1
171 347 1
173 428 3
173 506 2
173 924 2
175 849 3
175 275 2
175 423 1
177 912 3
177 266 1
177 472 1
178 772 5
178 214 5
178 528 2
178 546 1
178 409 3
178 538 7
178 415 3
178 929 3
178 418 8
178 295 3
178 299 1
178 693 6
178 951 2
178 569 4
178 314 3
178 710 4
178 633 2
178 333 9
178 976 3
178 339 3
178 470 10
178 599 3
178 605 53
178 862 7
178 991 3
178 228 12
178 231 3
178 752 1
178 502 21
178 249 7
178 767 3
181 920 1
181 724 1
181 189 2
181 190 7
182 948 1
185 915 1
187 450 3
187 965 1
187 802 1
187 696 2
187 947 1
187 662 2
187 695 1
187 568 2
187 572 1
187 254 1
188 362 1
188 274 1
188 301 1
188 978 5
188 851 2
188 469 1
188 280 5
189 491 1
189 1004 2
189 718 6
189 528 3
189 377 1
189 410 6
190 353 7
190 196 1
190 614 6
190 486 5
190 656 8
190 274 8
190 373 5
190 214 4
190 890 1
190 191 2
191 196 1
191 749 1
191 948 2
192 664 1
192 506 1
192 532 1
192 381 3
193 633 1
196 278 1
199 644 4
199 850 1
199 996 1
199 924 1
199 863 1
200 806 4
200 971 2
200 428 3
200 344 1
200 915 4
200 630 2
200 952 11
200 857 1
200 316 3
200 543 1
207 484 1
207 293 2
207 424 4
207 469 3
207 428 1
207 558 1
207 978 2
207 373 2
207 630 1
207 954 1
207 795 4
207 988 1
207 349 3
207 990 1
214 912 2
214 267 3
214 662 1
214 776 5
214 746 1
214 811 1
214 940 2
214 334 2
214 813 3
214 531 1
214 306 1
214 367 1
214 629 2
214 502 1
214 530 3
216 321 5
216 458 7
216 618 6
220 450 1
220 364 1
220 749 1
220 692 1
223 746 2
224 316 4
224 915 1
224 428 5
224 806 2
228 502 1
228 605 1
228 470 1
229 443 5
229 334 1
231 736 1
231 764 1
231 874 3
231 338 2
231 334 3
231 624 2
231 245 6
231 329 1
231 987 8
231 540 6
232 744 2
232 425 9
232 946 4
232 472 1
233 692 1
239 868 1
239 742 1
239 502 1
241 280 1
243 718 2
243 607 1
245 528 1
245 994 2
245 764 1
245 840 1
245 329 1
245 874 3
245 624 3
245 264 1
245 987 13
245 540 6
246 377 1
246 423 5
248 891 6
248 980 3
249 929 1
249 502 1
249 362 1
249 491 4
249 470 2
249 605 1
250 995 1
250 948 5
250 886 2
251 528 1
251 482 1
251 987 8
251 506 1
253 290 1
253 566 1
256 313 2
256 356 1
256 332 1
257 347 1
260 266 3
260 912 6
260 949 1
260 439 1
264 329 2
264 692 1
266 521 1
266 912 4
266 949 1
266 790 1
266 439 7
267 517 1
267 392 4
267 586 1
267 948 1
270 334 1
272 900 1
273 951 2
274 547 1
274 656 1
274 469 2
274 920 1
275 849 3
278 454 1
278 776 8
280 902 3
280 647 2
280 685 1
280 656 1
280 920 2
280 530 3
280 915 2
280 421 2
280 422 1
280 391 1
280 301 3
280 687 1
280 561 4
280 953 2
280 445 1
280 846 6
280 288 2
280 978 1
280 547 3
280 526 3
280 493 1
280 990 1
280 293 1
280 484 1
280 360 3
280 658 2
280 750 1
280 851 6
280 629 6
280 630 1
280 631 4
280 891 2
280 469 1
281 718 5
284 680 2
284 731 2
288 750 1
288 610 15
288 484 16
288 391 5
288 360 1
288 846 24
288 685 1
288 526 1
288 658 1
288 530 1
288 629 21
288 630 1
288 891 1
289 664 1
289 810 2
289 506 1
290 589 2
290 499 3
290 566 1
290 540 2
293 697 4
293 568 1
293 718 3
294 586 6
294 435 2
294 885 1
294 790 1
294 759 2
294 573 1
299 995 1
299 322 1
299 978 1
299 343 1
300 784 3
301 978 1
301 630 4
302 316 2
304 441 3
304 317 5
305 946 1
306 742 1
306 585 1
306 784 2
306 595 1
306 659 1
310 663 1
310 343 1
311 840 2
311 697 1
311 987 8
313 356 1
313 946 2
313 948 2
313 730 2
314 929 3
314 470 2
314 599 2
316 647 2
316 915 5
316 543 2
316 428 9
316 952 3
316 953 3
316 971 2
316 344 2
316 857 3
316 349 9
316 990 2
316 351 3
316 888 2
317 441 1
317 374 3
318 840 1
318 946 2
318 684 2
319 1002 4
319 844 1
320 1004 2
321 458 1
322 663 3
324 509 1
327 702 1
329 910 1
329 624 2
329 819 3
332 587 2
332 782 1
332 912 3
332 435 2
332 500 2
332 347 2
332 586 2
333 929 1
333 605 2
333 470 1
333 767 1
334 962 1
334 995 8
334 772 1
334 890 1
334 891 1
334 415 4
335 688 1
335 664 1
336 577 1
336 926 8
338 994 1
338 955 1
338 840 1
338 987 11
338 540 2
343 399 2
343 528 3
343 853 3
343 663 2
343 879 2
344 373 1
346 634 1
347 355 1
347 933 2
347 590 1
347 912 1
349 976 1
349 428 3
351 952 2
351 782 1
355 933 1
356 425 9
356 912 7
356 948 3
356 472 7
356 730 2
356 765 5
360 629 1
361 987 8
362 444 1
362 812 2
362 974 1
362 915 1
362 918 1
362 695 1
362 383 9
364 764 2
369 913 3
369 535 4
369 646 2
369 518 3
369 407 5
371 870 1
372 404 11
372 934 8
374 864 1
374 784 1
374 443 2
376 969 1
376 919 2
377 718 2
377 866 2
378 514 5
380 440 1
381 532 2
381 664 1
383 720 1
383 517 1
383 518 2
388 746 1
388 634 1
390 784 4
391 750 1
392 674 1
393 907 2
393 1004 2
397 995 3
401 429 11
401 454 6
401 415 5
402 788 4
403 977 1
403 410 1
409 605 1
409 470 2
409 767 2
410 996 2
410 650 1
410 977 1
410 663 1
414 891 15
414 995 2
414 591 1
415 450 2
415 987 1
415 517 2
415 811 1
415 429 4
415 783 1
415 851 2
415 724 1
415 718 1
415 591 1
415 995 1
415 542 2
415 946 2
416 425 1
416 946 1
416 435 1
416 948 3
418 977 2
418 538 13
418 996 4
420 879 1
421 424 5
421 978 1
421 795 7
422 731 1
423 832 1
423 977 2
423 779 1
423 849 7
423 883 1
424 978 1
424 795 2
425 500 4
425 765 1
425 912 2
425 946 6
425 948 5
425 472 1
425 602 1
428 806 6
428 971 2
428 497 3
428 915 30
428 952 3
428 857 4
428 511 1
428 990 3
429 454 6
433 994 1
433 987 8
435 586 8
435 782 3
435 500 1
435 762 1
435 573 4
439 521 3
439 912 3
440 664 1
440 537 2
440 506 1
441 848 1
441 860 1
443 662 5
444 518 1
445 750 1
450 802 2
450 572 1
450 915 2
450 595 3
450 695 1
450 568 1
450 947 4
454 772 5
454 713 2
454 1003 3
454 629 5
458 1000 1
459 517 3
464 749 1
464 502 4
465 812 1
468 664 1
469 978 4
469 851 3
469 630 1
470 929 2
470 710 2
470 951 1
470 599 2
470 605 3
470 976 1
470 789 6
470 693 1
470 502 2
470 538 1
470 862 1
470 767 1
472 744 1
472 912 2
472 946 3
472 949 1
472 598 1
472 521 1
472 890 1
478 517 1
480 506 1
480 987 8
482 641 1
482 531 1
482 987 8
482 990 1
484 846 1
484 630 10
485 542 1
485 895 2
490 843 1
497 977 1
499 704 1
500 814 1
502 775 1
502 746 2
502 718 2
502 749 2
502 915 1
502 890 1
502 605 1
503 704 1
503 758 1
506 644 6
506 745 1
506 921 2
506 890 1
506 828 1
507 530 1
507 782 2
507 630 2
509 706 1
509 951 2
510 939 1
512 978 1
513 646 2
513 542 1
513 823 1
514 832 1
514 1001 1
514 780 5
514 977 13
514 950 4
516 532 3
516 700 1
516 924 1
517 546 1
517 648 1
517 751 1
517 948 2
518 823 2
518 913 2
518 854 8
518 535 6
518 799 1
518 542 3
521 912 4
521 699 1
522 546 1
522 718 1
526 629 1
527 720 3
527 710 1
527 870 3
527 951 1
528 784 1
528 660 2
528 920 1
528 542 1
528 830 1
528 703 1
528 589 1
528 731 1
528 739 1
528 915 1
528 765 3
530 891 4
530 586 5
530 915 2
530 629 10
530 630 4
530 857 1
531 994 1
531 987 10
532 804 1
534 870 1
534 649 1
534 746 2
535 551 1
537 664 1
538 605 1
540 994 3
540 987 15
540 840 3
540 873 1
540 874 3
540 749 1
540 697 1
540 624 13
540 641 3
540 955 1
541 576 3
541 738 9
541 783 1
542 823 1
543 971 1
544 739 1
544 669 2
546 633 1
546 550 1
547 978 4
547 902 2
550 746 1
551 799 2
551 895 2
552 978 1
553 670 1
558 704 1
561 629 3
561 750 2
565 723 1
565 956 3
568 585 2
568 595 2
569 749 1
569 605 1
575 966 1
577 715 1
577 926 1
580 669 2
581 692 1
582 890 2
582 987 8
582 764 2
584 680 1
584 731 2
586 782 4
586 974 2
586 984 5
589 909 1
591 746 2
595 934 8
595 718 3
599 710 1
599 605 1
601 919 1
605 976 1
605 710 1
605 693 1
605 862 1
605 767 1
609 772 3
609 749 1
614 978 4
617 669 1
624 692 1
629 685 6
629 782 2
629 630 3
629 891 6
630 782 2
630 851 3
633 772 2
633 720 1
633 703 1
634 788 3
634 890 1
638 790 1
641 987 8
643 664 1
643 685 19
643 670 1
644 738 3
644 924 3
644 702 2
646 890 1
647 806 1
648 765 3
650 828 1
654 738 1
656 920 1
657 921 1
660 784 1
664 737 1
664 810 1
664 985 1
665 746 1
668 720 1
668 746 12
668 935 3
669 687 1
671 696 1
678 696 2
680 707 1
680 731 3
684 704 1
684 746 1
684 946 1
686 872 1
687 746 1
692 994 1
692 742 1
692 746 9
692 775 1
692 749 5
692 819 1
692 873 1
696 963 1
697 771 1
697 873 3
697 855 5
697 925 5
698 987 8
699 912 1
700 812 1
700 790 1
700 935 2
704 743 1
704 918 1
707 1003 2
707 951 1
711 843 1
712 827 6
715 926 7
716 866 1
716 718 4
718 777 1
718 754 1
718 883 3
718 969 1
718 843 3
718 977 1
718 724 5
718 732 3
718 866 5
718 851 1
719 738 1
719 828 3
720 935 8
720 746 5
720 813 1
720 890 1
721 765 2
721 974 1
723 758 1
724 1004 14
724 883 1
730 912 2
730 868 2
731 870 1
735 962 2
735 879 1
738 837 1
738 745 1
738 783 4
738 850 1
738 828 1
740 863 1
742 901 1
742 784 1
742 890 1
744 912 3
744 946 1
746 935 21
746 776 1
746 813 18
746 915 1
746 920 1
746 900 2
746 923 1
749 994 1
749 995 3
749 819 4
758 956 1
758 918 1
764 994 1
764 840 1
764 874 3
764 987 8
765 948 3
774 947 2
780 977 5
782 806 3
783 863 1
789 987 8
790 868 4
790 812 1
795 978 1
796 987 9
799 913 1
799 895 2
803 948 2
806 915 1
806 952 2
808 899 7
809 994 1
809 987 10
813 935 2
817 978 4
819 955 2
823 895 1
832 977 3
838 952 2
838 857 1
840 955 1
840 874 3
840 925 2
840 987 8
843 907 3
844 1000 1
844 918 1
849 987 14
850 962 1
851 988 1
851 920 1
851 978 9
854 948 1
857 915 8
857 951 4
857 952 1
857 883 1
857 990 1
863 901 1
868 912 1
872 987 8
873 874 3
873 987 8
873 925 1
880 890 1
890 962 3
891 995 2
912 949 15
915 953 1
915 920 1
915 952 5
919 1000 2
939 951 1
946 948 1
949 966 1
950 977 4
951 954 1
954 978 4
955 987 8
957 978 1
962 987 1
974 984 1
977 996 2
977 1004 12
978 988 3
987 994 11
