0
1
2
3
4
5
6
7
8
9
10
11
12
13
14
15
16
17
18
19
20
21
22
23
24
25
26
27
28
29
30
31
32
33
34
35
36
37
38
39
40
41
42
43
44
45
46
47
48
49
50
51
52
53
54
55
56
57
58
59
60
61
62
63
64
65
66
67
68
69
70
71
72
73
74
75
76
77
78
79
80
81
82
83
84
85
86
87
88
89
90
91
92
93
94
95
96
97
98
99
100
101
102
103
104
105
106
107
108
109
110
111
112
113
114
115
116
117
118
119
120
121
122
123
124
125
126
127
128
129
130
131
132
133
134
135
136
137
138
139
141
142
143
144
145
146
147
148
149
150
151
152
153
154
155
157
158
159
160
161
162
163
164
165
166
167
168
169
170
171
172
173
174
175
176
177
178
179
180
181
182
183
184
185
186
187
188
189
190
191
192
193
194
195
196
197
198
199
200
201
202
203
204
205
206
207
208
209
210
211
212
213
214
215
216
217
218
219
220
221
222
223
224
225
226
227
228
229
230
231
232
233
235
236
237
238
239
240
241
242
243
244
245
246
247
248
249
250
251
252
253
254
255
256
257
259
260
262
263
264
265
266
267
268
269
270
271
272
273
274
275
276
277
278
279
280
281
282
283
284
285
286
287
288
289
290
291
292
293
294
295
296
297
299
300
301
302
303
304
305
306
307
308
309
310
311
312
313
314
315
316
317
318
319
320
321
322
323
324
325
326
327
328
329
330
331
332
333
334
335
336
337
338
339
340
341
343
344
345
346
347
348
349
350
351
352
353
355
356
357
358
359
360
361
362
364
365
366
367
368
369
370
371
372
373
374
375
376
377
378
379
380
381
382
383
384
385
386
387
388
389
390
391
392
393
394
395
396
397
398
399
400
401
402
403
404
405
406
407
408
409
410
411
412
413
414
415
416
418
419
420
421
422
423
424
425
426
427
428
429
430
431
432
433
434
435
436
437
438
439
440
441
442
443
444
445
446
447
448
449
450
451
452
453
454
455
456
457
458
459
460
461
462
464
465
466
467
468
469
470
471
472
473
474
475
476
477
478
479
480
481
482
483
484
485
486
487
488
489
490
491
492
493
495
496
497
498
499
500
501
502
503
504
505
506
507
508
509
510
511
512
513
514
515
516
517
518
519
520
521
522
523
524
525
526
527
528
530
531
532
533
534
535
536
537
538
539
540
541
542
543
544
545
546
547
548
549
550
551
552
553
554
556
557
558
559
560
561
562
563
564
565
566
567
568
569
570
571
572
573
574
575
576
577
578
579
580
581
582
583
584
585
586
587
588
589
590
591
592
593
594
595
596
597
598
599
600
601
602
603
604
605
606
607
609
610
611
612
613
614
615
616
617
618
619
621
622
623
624
625
626
627
628
629
630
631
632
633
634
635
636
637
638
639
640
641
642
643
644
645
646
647
648
649
650
651
652
653
654
655
656
657
658
659
660
661
662
663
664
665
666
667
668
669
670
671
672
673
674
675
676
677
678
679
680
681
682
683
684
685
686
687
688
689
690
691
692
693
694
695
696
697
698
699
700
701
702
703
704
705
706
707
708
709
710
711
712
713
714
715
716
717
718
719
720
721
722
723
724
725
726
727
728
729
730
731
732
733
734
735
736
737
738
739
740
741
742
743
744
745
746
747
748
749
750
751
752
753
754
756
757
758
759
760
761
762
763
764
765
767
768
769
770
771
772
773
774
775
776
777
778
779
780
781
782
783
784
785
786
787
788
789
790
791
792
793
794
795
796
797
798
799
800
801
802
803
804
805
806
807
808
809
810
811
812
813
814
815
816
817
818
819
820
821
822
823
824
825
826
827
828
829
830
831
832
833
834
835
836
837
838
839
840
841
842
843
844
845
846
847
848
849
850
851
852
853
854
855
856
857
858
859
860
861
862
863
864
865
866
867
868
869
870
871
872
873
874
875
876
877
878
879
880
881
882
883
884
885
886
887
888
889
890
891
892
893
894
895
896
897
898
899
900
901
902
903
904
905
906
907
908
909
910
911
912
913
914
915
916
917
918
919
920
921
922
923
924
925
926
927
928
929
930
931
932
933
934
935
936
937
938
939
940
941
942
943
944
945
946
947
948
949
950
951
952
953
954
955
956
957
958
960
961
962
963
964
965
966
967
968
969
970
971
972
973
974
975
976
977
978
979
980
981
982
983
984
985
986
987
988
989
990
991
992
993
994
995
996
997
998
999
1000
1001
1002
1003
1004
0 605 2
2 812 1
2 334 2
4 135 2
5 464 1
5 335 1
5 118 1
5 175 1
6 409 1
6 605 2
8 414 1
13 443 1
14 881 1
14 506 4
14 611 1
14 702 7
14 783 1
15 731 1
17 857 1
17 316 1
24 782 1
24 143 1
24 530 2
24 629 2
24 280 2
24 891 2
25 558 1
29 899 1
29 381 6
31 316 1
31 165 3
31 990 2
31 349 1
32 840 1
32 293 1
32 61 1
35 902 2
35 207 1
39 923 1
40 450 2
40 900 1
40 214 1
40 712 2
40 662 1
40 379 1
40 572 2
40 415 1
42 323 2
42 534 1
48 499 1
48 956 1
52 416 1
52 868 1
52 648 4
52 948 1
52 790 2
52 472 1
52 356 3
52 765 2
52 126 1
53 609 1
53 923 1
56 840 1
56 214 1
58 948 1
61 546 4
61 840 3
61 170 1
61 718 3
61 338 1
61 915 1
61 522 1
61 991 1
62 800 3
62 214 1
62 646 2
62 485 1
65 147 1
65 316 3
67 963 4
67 165 3
67 391 1
67 846 2
67 207 1
67 344 2
69 343 1
70 264 2
70 84 1
70 388 1
71 595 1
74 392 5
74 112 4
74 586 1
74 214 4
74 294 2
75 772 1
75 334 1
77 912 3
77 472 2
77 759 5
78 767 1
78 605 2
78 951 1
82 135 2
86 443 1
90 609 1
90 166 1
90 168 5
90 107 1
90 114 1
90 147 5
90 980 2
90 122 1
90 948 4
90 506 2
90 923 1
90 157 1
90 926 1
91 833 1
91 850 2
91 499 1
91 415 1
91 185 1
92 915 2
92 316 1
95 873 1
95 251 1
98 401 2
98 429 1
98 454 1
99 599 1
101 423 1
104 472 1
104 425 41
104 721 1
107 289 1
107 335 2
107 464 2
107 118 1
107 664 1
112 392 1
112 674 2
112 267 1
112 517 2
114 169 1
118 732 1
118 365 1
119 812 3
120 880 2
120 707 1
120 196 2
120 198 1
120 752 2
120 772 3
120 923 1
120 191 1
122 980 2
124 535 1
125 676 2
125 622 2
127 184 1
127 916 1
133 984 1
134 257 1
134 850 4
135 581 4
135 870 2
135 371 2
135 628 2
135 405 2
135 278 2
135 292 1
135 316 2
135 383 1
136 200 2
136 952 1
136 316 1
137 581 4
139 534 2
142 316 1
147 416 1
147 454 1
147 577 1
147 926 1
148 486 1
149 716 1
149 293 1
151 923 1
152 443 1
157 277 1
157 686 2
159 923 1
160 948 1
160 629 2
161 948 1
165 586 1
165 207 3
165 401 6
165 948 1
165 316 2
165 990 1
166 586 1
166 759 1
167 387 1
167 424 1
167 207 1
167 978 1
167 469 1
167 954 1
167 795 1
167 957 1
168 260 5
168 966 1
168 232 1
168 912 18
168 948 8
168 949 4
168 439 5
168 472 11
169 595 1
170 840 1
170 231 1
171 347 1
171 590 1
173 506 4
175 275 2
178 991 1
178 862 1
178 605 15
178 990 1
178 359 1
181 920 1
184 832 3
193 923 1
193 316 1
199 506 9
200 971 1
200 428 2
200 344 1
200 915 5
200 952 4
200 857 2
200 351 3
200 316 2
200 543 1
201 506 1
207 558 1
207 373 1
207 954 1
207 990 1
207 469 1
214 833 1
214 290 2
214 776 3
214 940 1
214 450 1
214 712 2
214 500 1
214 923 3
214 586 2
216 321 3
216 684 1
216 956 1
216 565 1
216 318 2
220 278 1
223 718 2
224 316 1
226 764 1
228 605 2
229 421 1
231 840 4
231 874 1
232 472 4
232 425 4
232 356 1
233 746 2
233 692 4
233 935 2
235 890 1
235 923 1
236 532 2
239 609 1
239 923 1
245 329 1
245 874 1
246 423 1
248 550 3
249 377 3
249 506 1
249 605 2
256 356 2
257 948 1
260 948 1
273 951 5
275 369 2
278 850 1
278 500 2
278 629 2
278 923 3
280 902 7
280 530 4
280 851 2
280 629 4
280 915 3
284 680 1
284 731 3
284 422 2
288 610 6
288 484 6
288 773 6
288 391 6
288 846 2
288 530 1
288 629 7
289 506 1
290 589 2
293 697 1
294 885 1
299 474 1
302 316 1
306 374 1
310 948 1
310 343 1
311 840 1
316 647 1
316 450 1
316 530 3
316 915 15
316 920 2
316 543 1
316 806 2
316 428 1
316 952 2
316 953 1
316 962 1
316 971 1
316 978 1
316 851 2
316 344 1
316 857 2
316 731 2
316 349 1
316 990 1
316 351 1
316 742 1
316 888 1
318 840 3
318 400 1
318 499 1
319 956 1
321 618 1
321 499 2
321 684 1
321 565 2
324 586 1
329 624 1
329 540 1
332 425 6
332 586 6
332 974 1
332 435 2
332 500 3
332 617 1
332 472 1
332 948 1
332 923 1
333 605 4
334 772 1
334 776 2
334 687 1
334 435 1
334 692 1
334 890 2
334 700 1
335 810 3
337 479 1
338 840 1
338 624 1
338 994 1
338 540 1
343 663 2
344 952 1
347 590 1
347 933 1
347 966 2
347 575 1
349 953 1
351 952 1
351 915 1
351 782 2
356 416 3
356 743 1
356 912 1
356 721 2
356 472 4
356 602 1
360 629 2
364 764 1
367 923 1
369 646 2
369 535 1
377 951 1
378 514 1
379 662 1
381 506 2
381 532 1
381 702 1
383 912 1
383 720 1
383 629 1
390 784 5
396 761 1
397 671 1
397 975 1
401 429 3
401 454 3
401 415 2
402 943 2
409 605 2
414 891 1
415 429 1
415 454 3
416 425 1
416 948 1
416 790 6
418 996 4
422 680 2
422 731 7
423 977 1
424 795 1
424 990 1
425 868 1
425 912 1
425 948 1
425 472 1
427 955 1
428 888 1
428 915 11
428 990 3
429 454 3
433 531 1
433 789 1
433 987 1
435 500 1
435 586 1
444 535 1
450 965 1
450 662 1
450 712 1
454 772 1
454 1003 4
458 956 1
464 980 4
465 812 2
470 605 4
472 721 1
472 648 1
472 744 1
472 912 5
476 923 1
479 948 1
484 782 1
484 493 2
484 630 2
484 629 2
485 646 1
486 656 1
486 920 1
491 644 1
493 629 2
499 558 2
499 890 1
500 586 4
500 923 1
502 749 4
502 851 1
502 605 2
502 995 1
503 704 1
506 576 1
506 996 3
506 1001 4
506 1004 3
506 783 2
506 644 3
506 921 5
506 541 2
506 702 3
512 630 1
513 646 2
514 832 1
514 1001 1
514 780 1
514 977 1
514 950 3
516 764 1
516 924 2
517 674 1
518 535 1
518 799 1
522 718 1
526 629 2
530 687 2
530 920 2
530 851 4
530 629 4
530 630 2
530 915 5
531 987 2
535 833 1
535 722 2
535 854 1
538 605 2
540 955 1
540 633 1
540 840 1
540 873 2
540 874 1
540 855 1
540 697 2
540 987 2
543 952 1
546 833 1
546 550 1
551 799 1
551 646 1
551 895 2
553 688 2
558 956 1
561 629 2
565 723 2
565 684 1
565 943 1
569 605 2
575 966 3
577 926 2
581 692 3
581 742 2
581 703 1
582 764 1
586 782 2
586 687 1
586 948 1
586 974 2
586 923 5
587 833 2
591 663 1
591 607 1
595 790 1
599 605 2
599 710 1
602 721 2
602 765 1
605 710 2
605 840 1
605 1001 4
605 685 8
605 976 2
605 693 2
605 862 2
605 767 2
607 687 1
609 772 2
609 948 1
609 951 1
609 633 1
609 890 1
609 923 1
617 923 1
618 684 1
629 902 1
629 750 2
629 658 2
629 685 2
629 846 2
629 630 2
629 631 2
629 891 2
633 707 1
633 923 1
634 788 1
638 879 1
644 1001 3
644 996 1
644 702 4
648 765 1
650 682 1
650 850 1
654 682 1
654 719 1
654 837 2
654 991 7
656 782 1
658 846 2
662 900 2
662 813 1
668 746 1
680 731 1
680 707 1
682 738 1
682 783 1
685 1001 4
686 926 1
687 718 1
692 935 1
692 776 1
692 746 2
692 749 1
696 746 2
696 900 1
697 855 1
700 812 2
700 790 4
704 956 1
706 951 1
707 923 2
707 951 2
718 904 4
718 843 1
718 980 1
718 724 1
720 833 1
720 746 1
721 743 1
721 765 2
724 1004 2
738 923 1
738 783 1
742 900 1
746 813 5
758 956 1
764 840 3
764 874 1
772 923 1
774 947 5
776 923 1
780 950 1
782 867 1
782 915 5
782 988 1
783 881 1
790 868 4
790 812 7
790 912 3
790 881 1
799 895 1
813 935 1
817 988 1
823 895 2
832 950 2
833 987 1
837 948 1
837 924 1
838 915 1
840 874 1
840 925 1
840 849 1
840 955 1
844 918 1
851 920 2
851 978 7
851 915 5
857 915 5
858 991 1
866 951 2
873 874 1
875 923 1
878 929 1
880 923 1
881 924 1
890 1003 1
890 948 1
890 923 2
912 948 2
912 949 1
915 920 3
923 951 1
940 948 1
943 950 1
947 948 1
952 971 1
955 987 1
