0
1
2
3
4
5
6
7
8
9
10
11
12
13
14
15
16
17
18
19
20
21
22
23
24
25
26
27
28
29
30
31
32
33
34
35
36
37
38
39
40
41
42
43
44
45
46
47
48
49
50
51
52
53
54
55
56
57
58
59
60
61
62
63
64
65
66
67
68
69
70
71
72
73
74
75
76
77
78
79
80
81
82
83
84
85
86
87
88
89
90
91
92
93
94
95
96
97
98
99
100
101
102
103
104
105
106
107
108
109
110
111
112
113
114
115
116
117
118
119
120
121
122
123
124
125
126
127
128
129
130
131
132
133
134
135
136
137
138
139
141
142
143
144
145
146
147
148
149
150
151
152
153
154
155
157
158
159
160
161
162
163
164
165
166
167
168
169
170
171
172
173
174
175
176
177
178
179
180
181
182
183
184
185
186
187
188
189
190
191
192
193
194
195
196
197
198
199
200
201
202
203
204
205
206
207
208
209
210
211
212
213
214
215
216
217
218
219
220
221
222
223
224
225
226
227
228
229
230
231
232
233
235
236
237
238
239
240
241
242
243
244
245
246
247
248
249
250
251
252
253
254
255
256
257
259
260
262
263
264
265
266
267
268
269
270
271
272
273
274
275
276
277
278
279
280
281
282
283
284
285
286
287
288
289
290
291
292
293
294
295
296
297
299
300
301
302
303
304
305
306
307
308
309
310
311
312
313
314
315
316
317
318
319
320
321
322
323
324
325
326
327
328
329
330
331
332
333
334
335
336
337
338
339
340
341
343
344
345
346
347
348
349
350
351
352
353
355
356
357
358
359
360
361
362
364
365
366
367
368
369
370
371
372
373
374
375
376
377
378
379
380
381
382
383
384
385
386
387
388
389
390
391
392
393
394
395
396
397
398
399
400
401
402
403
404
405
406
407
408
409
410
411
412
413
414
415
416
418
419
420
421
422
423
424
425
426
427
428
429
430
431
432
433
434
435
436
437
438
439
440
441
442
443
444
445
446
447
448
449
450
451
452
453
454
455
456
457
458
459
460
461
462
464
465
466
467
468
469
470
471
472
473
474
475
476
477
478
479
480
481
482
483
484
485
486
487
488
489
490
491
492
493
495
496
497
498
499
500
501
502
503
504
505
506
507
508
509
510
511
512
513
514
515
516
517
518
519
520
521
522
523
524
525
526
527
528
530
531
532
533
534
535
536
537
538
539
540
541
542
543
544
545
546
547
548
549
550
551
552
553
554
556
557
558
559
560
561
562
563
564
565
566
567
568
569
570
571
572
573
574
575
576
577
578
579
580
581
582
583
584
585
586
587
588
589
590
591
592
593
594
595
596
597
598
599
600
601
602
603
604
605
606
607
609
610
611
612
613
614
615
616
617
618
619
621
622
623
624
625
626
627
628
629
630
631
632
633
634
635
636
637
638
639
640
641
642
643
644
645
646
647
648
649
650
651
652
653
654
655
656
657
658
659
660
661
662
663
664
665
666
667
668
669
670
671
672
673
674
675
676
677
678
679
680
681
682
683
684
685
686
687
688
689
690
691
692
693
694
695
696
697
698
699
700
701
702
703
704
705
706
707
708
709
710
711
712
713
714
715
716
717
718
719
720
721
722
723
724
725
726
727
728
729
730
731
732
733
734
735
736
737
738
739
740
741
742
743
744
745
746
747
748
749
750
751
752
753
754
756
757
758
759
760
761
762
763
764
765
767
768
769
770
771
772
773
774
775
776
777
778
779
780
781
782
783
784
785
786
787
788
789
790
791
792
793
794
795
796
797
798
799
800
801
802
803
804
805
806
807
808
809
810
811
812
813
814
815
816
817
818
819
820
821
822
823
824
825
826
827
828
829
830
831
832
833
834
835
836
837
838
839
840
841
842
843
844
845
846
847
848
849
850
851
852
853
854
855
856
857
858
859
860
861
862
863
864
865
866
867
868
869
870
871
872
873
874
875
876
877
878
879
880
881
882
883
884
885
886
887
888
889
890
891
892
893
894
895
896
897
898
899
900
901
902
903
904
905
906
907
908
909
910
911
912
913
914
915
916
917
918
919
920
921
922
923
924
925
926
927
928
929
930
931
932
933
934
935
936
937
938
939
940
941
942
943
944
945
946
947
948
949
950
951
952
953
954
955
956
957
958
960
961
962
963
964
965
966
967
968
969
970
971
972
973
974
975
976
977
978
979
980
981
982
983
984
985
986
987
988
989
990
991
992
993
994
995
996
997
998
999
1000
1001
1002
1003
1004
0 512 3
0 716 1
0 178 5
0 693 3
0 569 1
0 249 6
0 732 2
0 189 2
0 159 3
2 700 2
2 236 1
2 790 6
2 812 2
4 784 1
4 135 2
5 491 1
5 189 1
6 249 2
6 178 1
6 236 2
6 61 1
6 569 1
8 696 1
13 532 4
13 516 1
14 796 1
14 924 7
14 381 1
16 772 1
24 647 2
24 31 1
24 301 1
24 530 2
24 181 2
24 630 4
24 891 5
24 629 3
28 987 2
30 765 4
31 990 1
35 978 1
35 207 4
38 832 1
38 474 1
38 324 1
38 309 1
40 267 1
40 214 1
40 471 1
41 723 2
41 956 3
41 565 1
41 499 1
42 402 1
46 164 1
46 310 1
48 458 1
48 499 1
50 559 2
52 868 2
53 633 1
53 946 5
53 692 2
53 951 1
56 90 1
56 987 3
56 951 1
58 818 1
58 909 2
61 356 1
61 742 1
61 392 1
61 522 2
61 718 6
61 241 1
61 306 1
61 883 2
61 724 2
61 926 1
61 692 1
61 730 1
61 830 1
61 991 1
62 800 1
62 485 2
62 542 2
62 646 1
62 159 1
65 772 2
65 334 3
65 687 3
67 963 5
67 165 1
67 846 4
67 207 1
67 561 2
67 344 3
68 987 2
69 322 1
70 90 3
70 471 1
73 618 1
73 499 1
74 674 1
74 166 1
74 294 3
74 392 4
74 586 1
74 110 1
74 112 2
74 447 1
75 609 2
78 569 1
78 178 1
78 422 1
82 135 1
83 697 1
83 771 2
83 703 1
86 443 2
86 662 1
90 135 3
90 530 5
90 534 2
90 542 1
90 416 1
90 802 1
90 712 1
90 994 1
90 464 1
90 978 1
90 851 1
90 865 1
90 482 1
90 742 6
90 233 3
90 107 1
90 850 5
90 881 1
90 629 1
90 509 1
91 580 2
91 830 1
92 990 1
95 987 2
96 299 1
96 509 1
96 559 1
98 592 2
98 107 1
101 867 1
101 246 5
103 514 1
103 164 1
103 310 1
103 879 1
103 977 7
103 950 2
104 425 1
104 126 2
106 164 1
106 740 1
107 464 1
107 810 1
107 236 2
107 208 2
107 471 1
110 112 1
110 803 1
110 674 1
111 416 1
111 133 1
112 416 1
112 674 6
112 166 1
112 392 1
112 267 1
112 700 2
113 542 5
114 249 2
118 502 1
118 862 1
120 764 1
120 267 2
120 772 3
120 703 1
122 178 1
125 622 1
126 868 3
126 294 2
126 648 1
126 790 4
126 730 3
127 772 1
127 471 2
133 602 2
133 586 2
133 765 2
134 592 1
135 736 2
135 581 22
135 870 5
135 936 4
135 746 3
135 178 1
135 942 8
135 337 1
135 371 7
135 628 1
135 772 5
135 471 2
135 692 3
135 170 1
136 200 2
136 428 2
136 990 1
136 142 1
136 629 1
137 936 1
139 164 1
141 851 1
142 428 2
142 316 1
142 990 1
143 696 1
143 796 1
147 416 2
147 577 2
147 931 5
147 933 7
147 230 2
147 454 1
147 171 2
147 972 2
147 590 2
147 355 2
147 277 2
147 214 2
147 471 1
147 347 2
147 686 2
147 285 2
147 926 2
147 159 4
150 987 2
150 415 1
157 248 3
157 746 2
157 740 2
157 933 1
157 743 4
159 578 1
159 935 1
159 776 3
159 746 1
159 334 2
159 693 1
159 214 2
159 951 1
160 530 1
160 629 2
160 526 2
164 487 1
164 299 1
164 638 1
165 990 1
166 416 2
166 743 3
166 762 1
166 586 4
167 851 2
167 181 1
167 207 1
167 951 1
168 416 3
168 912 1
168 966 2
169 595 2
169 372 1
171 933 1
171 214 2
173 506 3
173 996 2
173 541 2
175 849 2
175 710 2
175 423 2
178 388 1
178 519 2
178 471 1
178 409 1
178 538 1
178 295 1
178 693 1
178 569 2
178 710 1
178 333 1
178 976 1
178 978 1
178 339 1
178 718 1
178 470 1
178 599 1
178 605 1
178 862 1
178 991 1
178 228 1
178 629 4
178 502 11
178 249 3
178 767 1
180 727 1
181 920 1
181 274 2
181 190 3
184 843 1
184 595 1
184 907 1
184 423 1
185 762 1
185 830 1
187 450 1
188 978 1
188 851 1
188 207 1
189 772 1
189 201 1
189 364 1
189 1004 1
189 718 1
189 783 1
189 977 2
189 690 1
189 236 1
189 502 3
189 381 1
189 440 1
189 249 3
189 506 1
189 442 1
189 670 1
190 353 2
190 483 1
190 656 2
190 274 2
190 373 2
190 471 1
190 920 6
190 191 2
191 692 7
192 664 2
192 381 2
193 633 1
197 746 1
199 506 1
199 850 1
200 971 3
200 428 1
200 530 2
200 952 3
200 316 1
207 421 1
207 424 8
207 241 1
207 301 1
207 558 1
207 847 1
207 851 2
207 817 1
207 547 2
207 373 2
207 954 4
207 795 7
207 988 1
207 957 1
207 469 3
208 236 1
208 1004 3
214 662 1
214 935 1
214 776 1
214 746 3
214 712 3
214 334 1
214 720 1
214 306 2
214 278 1
214 951 1
214 415 1
216 321 1
216 458 1
216 499 1
220 471 1
223 746 3
226 361 1
226 764 1
228 569 1
228 605 1
228 502 1
229 742 3
229 863 1
230 933 1
231 987 2
232 416 1
232 472 4
232 946 3
232 313 2
232 447 2
233 692 5
236 977 2
236 537 7
236 249 2
239 538 1
239 951 1
241 851 1
241 547 1
245 987 2
246 423 5
248 746 2
248 506 2
249 716 2
249 1004 8
249 595 7
249 569 1
249 410 2
250 485 1
250 471 1
250 823 1
250 722 1
250 818 2
250 886 2
250 535 1
250 444 1
251 987 2
253 471 1
256 416 1
256 294 1
264 338 3
264 540 1
267 838 2
267 392 1
267 586 6
267 971 1
267 435 2
267 948 1
267 662 1
267 443 2
270 924 1
274 920 2
274 817 4
274 841 1
277 933 1
285 933 1
288 561 3
288 493 3
288 629 3
288 445 3
288 391 2
293 410 1
293 605 1
294 416 3
294 817 2
294 885 2
294 313 5
294 586 7
294 447 2
295 569 1
299 622 1
299 559 2
301 851 4
301 978 1
301 547 1
302 316 1
302 428 1
302 990 1
305 416 1
305 946 5
306 771 2
306 587 1
306 784 1
306 659 1
310 638 2
310 477 1
311 955 2
311 987 2
313 416 8
313 765 3
313 447 4
315 936 2
316 971 1
316 428 2
316 656 1
316 392 12
316 915 1
316 471 1
316 857 1
318 499 1
319 832 6
319 499 1
321 618 1
321 458 1
322 879 4
326 416 1
327 381 11
329 510 1
332 435 2
332 500 3
333 569 1
334 546 1
334 591 1
334 534 2
334 617 1
334 687 1
334 500 1
334 471 1
334 607 1
334 923 1
338 994 1
338 987 2
338 591 1
339 569 1
341 915 1
343 950 4
347 933 2
349 976 7
349 428 2
353 891 6
353 630 3
355 577 1
355 933 1
356 416 2
356 586 2
356 743 1
360 526 1
361 987 2
362 664 1
362 530 1
362 909 1
362 383 3
364 987 2
365 732 2
366 499 1
369 823 1
369 485 4
369 535 4
372 595 3
372 404 2
377 729 3
377 866 2
378 514 1
378 950 1
379 568 1
383 580 2
383 1001 4
383 458 1
383 586 1
383 891 1
392 674 1
397 671 1
397 975 1
402 559 2
409 569 1
414 891 2
415 712 1
415 718 3
416 648 1
416 782 1
416 912 1
416 602 1
416 674 1
416 425 1
416 946 2
416 435 1
416 439 1
416 573 1
416 447 2
416 586 8
416 854 1
416 471 1
416 472 1
416 868 7
416 743 1
416 885 1
418 977 20
418 996 15
418 761 2
420 559 4
421 424 2
421 547 1
421 851 1
421 795 3
423 977 5
424 547 1
424 851 1
424 795 5
425 912 1
425 946 5
425 765 5
427 955 2
427 471 1
428 915 4
428 857 1
428 990 1
429 454 2
432 987 2
433 987 5
435 782 2
438 818 1
443 602 1
443 677 1
443 743 1
445 891 1
447 586 11
447 782 1
447 573 1
450 568 1
450 712 2
450 746 2
450 695 3
454 592 3
454 609 2
458 684 1
458 499 1
464 980 1
469 851 1
470 569 1
471 940 1
471 948 1
471 963 3
471 850 1
471 987 1
471 700 1
471 752 1
471 499 1
471 629 1
472 946 2
472 966 1
478 818 1
480 987 2
482 987 2
482 951 1
485 646 1
485 513 1
491 497 1
491 644 1
491 599 2
493 530 3
493 630 1
497 977 1
497 773 1
499 684 3
499 618 1
499 844 1
499 723 1
499 758 1
499 558 1
499 956 1
500 586 2
500 684 2
500 687 1
500 692 1
500 542 5
502 746 5
502 605 5
502 724 2
502 791 3
502 569 1
502 862 1
506 996 3
506 541 3
506 644 1
509 832 2
509 638 2
512 851 1
512 547 1
514 832 1
514 1001 1
514 780 1
514 977 8
514 950 2
516 761 2
516 532 1
516 790 1
517 948 1
530 746 3
530 629 17
530 630 7
530 891 13
531 987 3
532 828 1
534 746 3
534 939 1
535 542 1
538 569 1
540 955 2
540 987 2
542 746 2
543 891 1
544 772 1
547 978 1
547 851 2
547 954 1
547 795 1
547 957 1
550 834 1
558 684 1
559 622 2
561 846 5
563 696 1
565 723 2
568 802 3
568 947 1
569 710 1
569 599 1
569 976 1
569 693 1
569 767 1
569 605 1
569 862 1
569 991 1
573 586 1
577 933 2
577 686 2
581 936 1
581 855 4
582 994 1
582 987 2
584 731 3
586 617 3
586 762 2
586 687 1
586 984 1
586 602 8
587 720 7
590 933 2
591 746 3
592 609 3
595 683 1
595 951 1
599 710 1
602 743 3
602 765 2
605 693 1
607 946 1
609 692 2
622 676 1
626 771 1
629 685 2
629 891 9
629 946 3
630 790 5
630 954 5
633 946 1
633 951 1
641 987 2
647 656 1
647 990 1
650 682 4
650 738 1
650 654 2
650 783 1
654 738 1
654 682 3
656 920 1
662 746 1
662 900 1
668 720 1
668 746 13
668 935 1
669 772 1
671 995 1
671 692 2
682 738 2
682 850 3
682 783 2
684 956 1
684 746 2
686 933 1
687 746 2
688 808 1
692 742 1
692 775 2
692 746 5
697 771 2
697 855 1
698 987 3
700 720 1
700 870 1
700 790 3
702 924 1
716 724 2
716 718 2
718 746 2
718 724 7
720 935 3
721 765 1
723 933 1
724 851 1
724 883 1
724 796 1
731 746 2
739 746 2
742 771 8
742 746 2
742 784 1
746 900 3
746 776 3
746 920 2
746 935 18
746 775 2
746 813 1
746 834 2
746 851 2
746 980 2
746 992 2
746 994 2
752 776 1
758 844 1
761 783 1
764 987 4
765 868 2
765 936 3
765 908 6
765 790 1
772 843 1
772 923 1
773 955 2
774 947 130
775 995 1
776 935 1
780 977 7
780 950 1
789 987 2
790 868 6
790 812 4
790 863 2
795 978 1
795 851 1
809 987 2
817 851 1
832 950 2
840 987 2
841 920 2
849 987 2
850 996 2
851 978 3
851 957 1
857 990 1
858 991 1
862 909 6
863 993 1
863 901 2
868 889 1
872 987 2
873 987 2
898 980 1
925 987 2
926 933 1
931 933 1
933 972 1
935 992 2
950 1001 1
950 977 8
951 957 1
953 990 1
955 987 3
977 1004 5
977 1001 1
978 988 1
987 994 2
