0
1
2
3
4
5
6
7
8
9
10
11
12
13
14
15
16
17
18
19
20
21
22
23
24
25
26
27
28
29
30
31
32
33
34
35
36
37
38
39
40
41
42
43
44
45
46
47
48
49
50
51
52
53
54
55
56
57
58
59
60
61
62
63
64
65
66
67
68
69
70
71
72
73
74
75
76
77
78
79
80
81
82
83
84
85
86
87
88
89
90
91
92
93
94
95
96
97
98
99
100
101
102
103
104
105
106
107
108
109
110
111
112
113
114
115
116
117
118
119
120
121
122
123
124
125
126
127
128
129
130
131
132
133
134
135
136
137
138
139
141
142
143
144
145
146
147
148
149
150
151
152
153
154
155
157
158
159
160
161
162
163
164
165
166
167
168
169
170
171
172
173
174
175
176
177
178
179
180
181
182
183
184
185
186
187
188
189
190
191
192
193
194
195
196
197
198
199
200
201
202
203
204
205
206
207
208
209
210
211
212
213
214
215
216
217
218
219
220
221
222
223
224
225
226
227
228
229
230
231
232
233
235
236
237
238
239
240
241
242
243
244
245
246
247
248
249
250
251
252
253
254
255
256
257
259
260
262
263
264
265
266
267
268
269
270
271
272
273
274
275
276
277
278
279
280
281
282
283
284
285
286
287
288
289
290
291
292
293
294
295
296
297
299
300
301
302
303
304
305
306
307
308
309
310
311
312
313
314
315
316
317
318
319
320
321
322
323
324
325
326
327
328
329
330
331
332
333
334
335
336
337
338
339
340
341
343
344
345
346
347
348
349
350
351
352
353
355
356
357
358
359
360
361
362
364
365
366
367
368
369
370
371
372
373
374
375
376
377
378
379
380
381
382
383
384
385
386
387
388
389
390
391
392
393
394
395
396
397
398
399
400
401
402
403
404
405
406
407
408
409
410
411
412
413
414
415
416
418
419
420
421
422
423
424
425
426
427
428
429
430
431
432
433
434
435
436
437
438
439
440
441
442
443
444
445
446
447
448
449
450
451
452
453
454
455
456
457
458
459
460
461
462
464
465
466
467
468
469
470
471
472
473
474
475
476
477
478
479
480
481
482
483
484
485
486
487
488
489
490
491
492
493
495
496
497
498
499
500
501
502
503
504
505
506
507
508
509
510
511
512
513
514
515
516
517
518
519
520
521
522
523
524
525
526
527
528
530
531
532
533
534
535
536
537
538
539
540
541
542
543
544
545
546
547
548
549
550
551
552
553
554
556
557
558
559
560
561
562
563
564
565
566
567
568
569
570
571
572
573
574
575
576
577
578
579
580
581
582
583
584
585
586
587
588
589
590
591
592
593
594
595
596
597
598
599
600
601
602
603
604
605
606
607
609
610
611
612
613
614
615
616
617
618
619
621
622
623
624
625
626
627
628
629
630
631
632
633
634
635
636
637
638
639
640
641
642
643
644
645
646
647
648
649
650
651
652
653
654
655
656
657
658
659
660
661
662
663
664
665
666
667
668
669
670
671
672
673
674
675
676
677
678
679
680
681
682
683
684
685
686
687
688
689
690
691
692
693
694
695
696
697
698
699
700
701
702
703
704
705
706
707
708
709
710
711
712
713
714
715
716
717
718
719
720
721
722
723
724
725
726
727
728
729
730
731
732
733
734
735
736
737
738
739
740
741
742
743
744
745
746
747
748
749
750
751
752
753
754
756
757
758
759
760
761
762
763
764
765
767
768
769
770
771
772
773
774
775
776
777
778
779
780
781
782
783
784
785
786
787
788
789
790
791
792
793
794
795
796
797
798
799
800
801
802
803
804
805
806
807
808
809
810
811
812
813
814
815
816
817
818
819
820
821
822
823
824
825
826
827
828
829
830
831
832
833
834
835
836
837
838
839
840
841
842
843
844
845
846
847
848
849
850
851
852
853
854
855
856
857
858
859
860
861
862
863
864
865
866
867
868
869
870
871
872
873
874
875
876
877
878
879
880
881
882
883
884
885
886
887
888
889
890
891
892
893
894
895
896
897
898
899
900
901
902
903
904
905
906
907
908
909
910
911
912
913
914
915
916
917
918
919
920
921
922
923
924
925
926
927
928
929
930
931
932
933
934
935
936
937
938
939
940
941
942
943
944
945
946
947
948
949
950
951
952
953
954
955
956
957
958
960
961
962
963
964
965
966
967
968
969
970
971
972
973
974
975
976
977
978
979
980
981
982
983
984
985
986
987
988
989
990
991
992
993
994
995
996
997
998
999
1000
1001
1002
1003
1004
0 6 1
0 238 1
0 178 4
0 249 2
0 732 1
0 189 2
2 532 1
2 629 2
2 166 1
4 81 2
4 371 1
5 724 2
5 29 1
6 178 5
6 189 1
13 532 1
14 506 1
14 90 1
14 189 2
14 410 1
15 680 3
15 633 2
15 731 1
16 883 1
16 410 1
16 843 1
17 857 1
17 316 2
19 333 1
24 540 2
24 629 9
25 48 1
25 844 2
25 684 2
25 558 1
25 918 1
28 987 6
28 540 2
30 868 1
30 912 1
30 790 1
30 313 5
30 90 1
30 765 4
30 126 2
31 316 3
31 915 1
31 428 1
31 165 1
31 190 1
32 977 1
32 214 2
35 978 1
38 939 1
40 193 1
42 638 1
45 66 1
46 622 5
48 458 1
48 684 1
48 558 2
48 216 1
48 956 2
48 319 1
50 559 2
52 416 1
52 356 2
52 166 1
52 168 1
52 586 1
52 602 1
52 765 1
52 607 1
53 193 1
53 887 1
53 629 2
53 927 1
56 410 1
56 987 6
58 818 1
61 132 1
61 742 2
61 522 2
61 843 1
61 718 9
61 591 1
61 692 3
61 696 2
61 356 1
61 127 1
61 189 1
61 991 3
62 513 1
62 646 2
62 485 2
62 542 6
62 551 1
67 963 1
67 165 1
67 846 1
67 207 1
67 561 1
67 344 1
68 987 6
68 189 2
73 679 1
74 416 2
74 803 9
74 168 1
74 586 2
74 782 2
74 912 4
74 762 1
74 573 1
75 617 1
75 178 2
75 633 1
77 912 1
77 260 6
77 439 2
78 178 5
83 863 1
90 416 2
90 927 1
90 613 1
90 168 1
90 924 2
90 940 1
90 398 1
90 207 1
90 912 2
90 850 3
90 857 1
90 127 1
90 316 3
90 191 1
91 609 1
91 356 1
92 316 2
95 987 6
96 832 1
96 132 1
96 299 1
96 388 1
96 634 2
96 509 2
96 638 1
98 707 3
98 134 1
98 713 2
98 107 2
98 268 1
98 429 2
98 592 4
98 401 3
98 117 1
101 866 1
102 939 3
103 322 3
103 310 1
104 256 1
104 765 6
105 233 1
105 418 3
107 810 1
107 468 1
111 794 1
111 935 1
112 267 3
112 392 1
112 803 3
112 356 1
113 927 1
114 189 1
116 769 2
118 502 1
120 193 1
120 190 1
120 927 1
125 622 6
126 416 1
126 790 1
133 602 1
134 592 2
135 772 3
135 581 3
135 936 3
135 334 1
135 178 1
135 942 5
136 915 4
136 316 3
139 323 1
141 978 1
142 316 4
149 362 1
150 415 2
151 253 2
153 977 9
157 746 1
157 686 1
157 166 1
158 731 1
159 704 1
159 290 3
159 707 1
159 334 1
159 239 1
159 500 1
159 214 1
159 695 2
159 220 1
159 607 1
160 629 6
164 322 1
164 638 1
164 310 1
164 853 1
165 401 4
165 316 5
165 207 3
166 803 1
166 743 1
167 978 1
168 260 4
168 966 1
168 935 2
168 232 1
168 556 1
168 782 3
168 912 10
168 439 1
168 472 1
168 313 1
169 372 1
169 404 1
173 506 1
173 541 1
178 409 4
178 538 5
178 923 3
178 415 1
178 295 4
178 693 4
178 607 1
178 249 4
178 710 5
178 333 5
178 976 4
178 470 4
178 599 4
178 605 4
178 862 4
178 991 4
178 228 5
178 231 1
178 499 1
178 502 7
178 633 1
178 767 5
181 189 3
181 190 5
184 633 2
184 843 1
187 450 1
188 978 1
188 851 1
189 506 2
189 1004 1
189 904 1
189 652 1
189 716 1
189 365 1
189 718 3
189 605 2
189 595 1
189 236 2
189 470 1
189 201 1
189 249 1
189 410 3
190 353 6
190 614 1
190 658 1
190 656 6
190 274 5
190 629 1
190 373 6
191 416 1
191 915 4
191 692 1
191 927 2
193 707 1
193 454 1
193 338 1
193 633 1
199 772 2
199 644 2
199 996 1
200 915 3
200 316 3
200 341 1
205 528 3
207 558 2
207 978 1
207 547 1
207 795 1
207 990 1
208 236 1
209 356 2
214 290 3
214 707 1
214 746 1
214 306 1
214 851 1
214 923 2
214 765 1
216 321 1
216 558 2
223 310 1
228 502 1
229 607 1
231 738 2
231 987 6
231 693 2
231 502 1
232 416 2
232 782 2
232 912 2
232 472 3
232 415 3
233 692 1
233 364 1
236 977 2
236 898 2
236 537 3
241 547 1
245 987 6
245 772 1
246 724 1
250 927 2
250 535 1
251 987 6
253 566 2
256 416 2
256 356 1
256 765 4
260 416 1
260 912 2
267 466 1
267 803 3
267 517 2
267 662 1
268 592 1
272 450 3
274 841 2
275 849 2
277 723 1
280 629 3
284 422 1
290 589 1
291 401 2
291 429 1
291 454 1
292 364 1
294 586 2
294 803 1
299 634 1
301 978 2
301 547 1
301 647 2
302 428 3
302 316 3
306 692 1
306 742 1
311 697 1
311 987 6
311 540 1
311 955 1
316 344 2
316 647 3
316 392 3
316 971 3
316 428 5
316 915 2
316 953 4
316 952 4
316 857 3
316 543 3
316 990 3
317 374 2
318 684 4
318 934 1
319 558 1
319 918 1
321 684 3
322 879 1
322 343 8
327 381 3
329 624 1
329 910 1
332 435 1
332 782 2
332 575 3
334 450 1
334 835 1
334 900 1
334 742 1
334 776 1
334 617 1
334 775 1
334 915 1
334 692 1
334 534 1
334 443 1
335 810 1
335 468 3
337 505 3
337 634 2
338 987 8
338 540 5
341 739 1
341 915 1
344 543 1
347 966 1
353 891 2
356 517 1
356 912 1
356 416 1
356 472 3
356 730 1
356 765 2
360 530 1
360 629 4
361 987 6
362 428 1
362 909 1
362 383 3
364 987 6
369 535 1
372 404 1
377 729 1
377 530 2
377 716 2
377 718 2
377 423 3
381 1001 2
381 506 1
388 843 1
392 674 3
392 803 1
393 843 1
401 454 5
401 429 3
401 415 3
402 559 2
404 595 1
407 843 1
409 710 1
410 650 1
410 719 1
410 663 3
413 746 1
413 927 3
413 935 3
414 772 2
415 587 1
416 803 1
416 949 1
416 927 1
418 977 2
418 996 3
421 424 1
421 978 1
421 547 1
421 647 3
422 731 1
423 866 3
423 702 1
424 795 2
424 978 1
424 547 1
424 990 2
427 955 1
428 915 4
429 454 5
432 987 6
433 738 1
433 987 8
438 818 1
440 737 1
444 927 2
444 535 4
447 586 1
450 802 3
450 900 2
450 595 5
450 662 4
450 695 1
450 568 1
450 572 2
454 592 3
458 577 2
458 684 2
469 978 1
472 782 4
472 743 2
482 987 6
485 927 1
493 978 2
493 629 5
497 977 2
499 684 1
499 558 1
500 586 2
500 515 1
502 532 3
502 605 1
506 996 1
506 1001 3
506 924 1
509 634 2
512 978 1
512 547 1
513 927 1
513 535 1
515 586 1
515 927 2
516 761 1
516 532 2
517 772 1
517 803 1
526 629 4
527 870 1
528 692 2
530 891 4
530 629 3
531 987 6
532 790 4
532 700 1
534 772 1
535 722 1
535 823 1
535 927 1
540 641 7
540 994 2
540 955 3
540 840 2
540 873 1
540 633 3
540 890 1
540 987 12
540 543 2
541 738 1
543 952 1
547 978 1
547 795 1
547 957 1
549 772 2
552 978 1
552 951 1
553 688 1
557 912 2
558 672 1
558 684 3
558 956 1
559 622 9
561 629 4
561 846 1
563 731 1
565 684 4
573 586 1
575 782 1
575 814 1
577 686 1
581 936 1
581 855 4
582 987 6
586 868 1
586 782 1
586 885 1
586 984 5
592 713 2
592 923 2
592 927 3
595 934 6
602 743 3
607 833 1
607 646 1
609 854 4
612 633 1
614 978 1
617 833 1
622 676 7
624 873 1
629 658 5
629 685 4
629 846 3
629 630 4
629 631 4
629 891 4
633 870 1
634 832 1
634 788 2
634 638 1
641 987 8
646 927 1
648 765 4
648 885 1
650 682 1
650 738 1
650 654 2
650 783 1
654 738 1
654 991 3
654 682 1
654 783 1
662 802 1
672 918 1
674 803 6
679 684 1
682 738 1
682 772 1
682 850 1
684 704 1
684 844 4
684 918 1
684 956 2
685 1001 2
685 724 3
692 742 3
692 746 3
692 830 1
697 855 1
697 925 1
698 987 6
704 743 1
707 880 2
707 951 1
708 866 1
711 843 1
715 931 1
716 718 3
718 915 1
718 980 1
719 783 1
720 890 1
722 927 2
724 1001 2
731 951 1
738 783 1
738 921 1
738 761 3
738 923 4
739 935 1
742 993 1
742 900 2
742 784 1
746 935 9
746 923 3
758 956 2
758 918 1
761 783 1
761 881 1
761 850 1
761 790 2
762 794 2
764 987 6
765 908 6
772 994 2
772 805 1
772 809 1
773 955 1
774 947 11
774 951 1
783 837 1
789 987 6
790 956 1
794 841 1
795 978 1
809 987 6
817 978 1
819 836 1
840 987 6
843 907 1
843 883 1
844 956 1
844 918 2
844 935 2
849 987 6
851 978 1
854 890 2
854 918 2
854 927 1
857 915 3
858 991 1
872 987 6
873 987 6
912 949 1
915 953 1
918 956 1
925 987 6
925 955 1
933 966 1
954 978 1
955 987 7
957 978 1
977 996 1
978 988 1
987 994 6
