0
1
2
3
4
5
6
7
8
9
10
11
12
13
14
15
16
17
18
19
20
21
22
23
24
25
26
27
28
29
30
31
32
33
34
35
36
37
38
39
40
41
42
43
44
45
46
47
48
49
50
51
52
53
54
55
56
57
58
59
60
61
62
63
64
65
66
67
68
69
70
71
72
73
74
75
76
77
78
79
80
81
82
83
84
85
86
87
88
89
90
91
92
93
94
95
96
97
98
99
100
101
102
103
104
105
106
107
108
109
110
111
112
113
114
115
116
117
118
119
120
121
122
123
124
125
126
127
128
129
130
131
132
133
134
135
136
137
138
139
141
142
143
144
145
146
147
148
149
150
151
152
153
154
155
157
158
159
160
161
162
163
164
165
166
167
168
169
170
171
172
173
174
175
176
177
178
179
180
181
182
183
184
185
186
187
188
189
190
191
192
193
194
195
196
197
198
199
200
201
202
203
204
205
206
207
208
209
210
211
212
213
214
215
216
217
218
219
220
221
222
223
224
225
226
227
228
229
230
231
232
233
235
236
237
238
239
240
241
242
243
244
245
246
247
248
249
250
251
252
253
254
255
256
257
259
260
262
263
264
265
266
267
268
269
270
271
272
273
274
275
276
277
278
279
280
281
282
283
284
285
286
287
288
289
290
291
292
293
294
295
296
297
299
300
301
302
303
304
305
306
307
308
309
310
311
312
313
314
315
316
317
318
319
320
321
322
323
324
325
326
327
328
329
330
331
332
333
334
335
336
337
338
339
340
341
343
344
345
346
347
348
349
350
351
352
353
355
356
357
358
359
360
361
362
364
365
366
367
368
369
370
371
372
373
374
375
376
377
378
379
380
381
382
383
384
385
386
387
388
389
390
391
392
393
394
395
396
397
398
399
400
401
402
403
404
405
406
407
408
409
410
411
412
413
414
415
416
418
419
420
421
422
423
424
425
426
427
428
429
430
431
432
433
434
435
436
437
438
439
440
441
442
443
444
445
446
447
448
449
450
451
452
453
454
455
456
457
458
459
460
461
462
464
465
466
467
468
469
470
471
472
473
474
475
476
477
478
479
480
481
482
483
484
485
486
487
488
489
490
491
492
493
495
496
497
498
499
500
501
502
503
504
505
506
507
508
509
510
511
512
513
514
515
516
517
518
519
520
521
522
523
524
525
526
527
528
530
531
532
533
534
535
536
537
538
539
540
541
542
543
544
545
546
547
548
549
550
551
552
553
554
556
557
558
559
560
561
562
563
564
565
566
567
568
569
570
571
572
573
574
575
576
577
578
579
580
581
582
583
584
585
586
587
588
589
590
591
592
593
594
595
596
597
598
599
600
601
602
603
604
605
606
607
609
610
611
612
613
614
615
616
617
618
619
621
622
623
624
625
626
627
628
629
630
631
632
633
634
635
636
637
638
639
640
641
642
643
644
645
646
647
648
649
650
651
652
653
654
655
656
657
658
659
660
661
662
663
664
665
666
667
668
669
670
671
672
673
674
675
676
677
678
679
680
681
682
683
684
685
686
687
688
689
690
691
692
693
694
695
696
697
698
699
700
701
702
703
704
705
706
707
708
709
710
711
712
713
714
715
716
717
718
719
720
721
722
723
724
725
726
727
728
729
730
731
732
733
734
735
736
737
738
739
740
741
742
743
744
745
746
747
748
749
750
751
752
753
754
756
757
758
759
760
761
762
763
764
765
767
768
769
770
771
772
773
774
775
776
777
778
779
780
781
782
783
784
785
786
787
788
789
790
791
792
793
794
795
796
797
798
799
800
801
802
803
804
805
806
807
808
809
810
811
812
813
814
815
816
817
818
819
820
821
822
823
824
825
826
827
828
829
830
831
832
833
834
835
836
837
838
839
840
841
842
843
844
845
846
847
848
849
850
851
852
853
854
855
856
857
858
859
860
861
862
863
864
865
866
867
868
869
870
871
872
873
874
875
876
877
878
879
880
881
882
883
884
885
886
887
888
889
890
891
892
893
894
895
896
897
898
899
900
901
902
903
904
905
906
907
908
909
910
911
912
913
914
915
916
917
918
919
920
921
922
923
924
925
926
927
928
929
930
931
932
933
934
935
936
937
938
939
940
941
942
943
944
945
946
947
948
949
950
951
952
953
954
955
956
957
958
960
961
962
963
964
965
966
967
968
969
970
971
972
973
974
975
976
977
978
979
980
981
982
983
984
985
986
987
988
989
990
991
992
993
994
995
996
997
998
999
1000
1001
1002
1003
1004
0 249 1
0 732 5
0 118 1
1 309 1
1 310 1
2 526 1
2 790 2
4 720 1
4 771 3
5 335 2
5 491 1
5 670 2
5 175 2
6 178 1
6 237 1
12 720 1
13 516 3
14 516 1
15 680 1
15 731 2
15 406 2
15 422 2
15 943 1
16 724 1
16 718 2
24 280 3
24 530 2
24 891 5
24 629 6
25 704 4
25 684 1
25 558 1
25 319 1
27 147 1
28 809 1
28 987 6
29 1004 4
29 333 1
29 670 1
29 335 1
30 356 3
30 104 1
30 313 2
30 90 1
30 765 2
30 447 1
31 915 1
31 428 8
31 165 12
31 143 2
32 280 1
32 977 1
35 469 1
35 207 1
38 832 2
38 42 1
38 388 1
38 90 2
38 638 1
40 450 3
40 379 1
40 900 1
40 214 1
40 712 3
40 60 1
40 802 1
40 272 2
40 488 1
40 947 1
40 596 1
40 662 1
40 695 2
40 568 1
40 90 5
40 187 2
40 572 1
40 254 1
40 159 2
41 723 3
41 565 3
48 458 1
48 684 2
48 558 1
52 416 4
52 356 8
52 133 1
52 166 2
52 168 1
52 472 4
53 416 3
53 209 1
53 923 1
53 193 1
56 482 3
56 987 7
56 789 1
61 718 1
61 991 2
62 356 1
62 485 6
62 646 8
62 743 1
62 472 3
62 542 6
64 84 3
64 477 1
65 776 2
67 963 10
67 165 4
67 846 7
67 207 4
67 561 7
67 344 2
68 176 1
68 987 6
68 422 1
73 499 1
74 984 4
74 416 1
74 586 3
74 166 1
75 772 3
75 901 1
75 462 1
75 850 1
75 334 1
75 220 2
75 190 1
75 191 1
77 168 1
77 912 1
77 556 1
78 178 3
82 720 1
83 771 1
86 443 2
90 416 1
90 609 1
90 450 1
90 612 1
90 613 2
90 705 1
90 114 1
90 662 1
90 761 1
90 633 1
90 890 1
90 443 1
90 506 1
90 703 1
91 415 1
92 658 1
95 987 6
98 707 7
98 134 5
98 454 4
98 713 7
98 107 7
98 268 6
98 429 6
98 592 6
98 401 4
98 291 2
98 117 4
98 278 2
101 377 1
101 246 1
101 423 3
102 832 1
102 477 1
102 510 1
103 514 1
103 310 3
103 423 2
104 256 1
104 305 1
104 523 8
104 742 4
106 832 2
106 510 3
107 537 1
107 381 1
107 214 1
112 256 1
112 803 2
112 517 1
112 648 1
112 267 1
112 186 1
113 927 1
114 479 1
118 532 4
118 502 2
118 335 2
120 609 1
120 586 1
120 772 2
122 915 3
122 428 2
122 693 2
122 718 1
125 477 1
125 622 1
126 984 6
126 586 2
126 356 1
126 573 2
126 454 1
131 516 1
133 765 1
134 592 9
134 291 4
134 454 7
135 176 1
135 581 3
135 942 2
135 720 1
135 371 1
135 628 3
136 200 1
136 857 1
136 772 1
137 581 1
139 832 1
139 780 2
139 477 2
139 510 1
141 188 1
142 915 3
142 428 2
142 630 4
142 647 1
143 580 2
143 731 2
143 796 1
143 422 1
147 577 4
147 772 1
147 933 1
147 230 1
147 171 1
147 972 2
147 590 1
147 157 1
147 277 1
147 347 2
147 715 1
147 285 1
147 926 2
147 686 1
149 377 3
149 372 3
149 716 1
150 235 1
150 415 1
151 290 2
151 316 1
151 253 2
151 278 2
154 477 1
157 586 3
157 590 1
157 915 1
157 277 1
157 347 1
159 609 3
159 802 2
159 742 7
159 712 2
159 844 2
159 692 1
159 214 4
160 280 1
160 526 3
160 629 3
160 630 1
164 638 1
165 207 1
165 401 7
165 915 1
165 344 2
165 316 3
165 990 1
166 416 1
166 674 1
166 356 2
166 743 1
166 267 2
166 762 1
166 586 6
167 630 2
167 302 1
167 817 1
167 978 1
167 469 3
167 502 1
167 954 1
168 356 2
168 586 2
168 912 2
168 472 4
169 595 1
170 720 1
170 697 1
173 506 1
173 516 1
174 477 1
175 737 2
175 275 2
175 849 2
175 335 1
176 769 1
176 482 1
176 995 1
176 836 1
176 581 1
176 329 1
176 746 1
176 588 1
176 692 1
176 245 1
176 855 1
176 641 1
176 764 1
178 228 1
178 502 14
178 710 1
178 295 1
178 599 1
178 333 2
178 693 1
178 470 1
178 249 2
178 409 2
178 538 3
178 767 1
178 862 1
178 991 1
181 190 2
184 832 2
184 843 1
184 393 1
184 779 1
184 538 1
184 607 1
185 833 1
186 256 2
186 517 2
186 648 2
186 267 2
186 313 1
187 712 1
187 450 2
188 207 1
188 978 1
188 851 4
188 469 1
188 280 3
188 988 1
189 208 1
189 410 3
189 718 2
190 353 3
190 614 1
190 589 1
190 656 2
190 274 2
190 373 2
190 920 3
191 927 1
191 517 1
191 334 1
191 415 1
193 609 1
193 612 1
193 592 2
193 242 1
193 633 6
193 923 1
194 951 1
197 546 1
197 923 1
197 516 1
199 996 1
199 506 1
199 924 1
199 516 1
200 952 4
200 915 2
201 335 1
206 477 1
207 424 1
207 558 1
207 847 1
207 817 1
207 469 4
207 954 1
207 795 3
207 957 1
208 977 1
208 335 1
209 356 2
209 765 1
214 662 1
214 776 1
214 940 1
214 912 1
214 530 1
214 915 1
214 278 1
214 920 1
214 923 3
214 544 1
214 290 2
214 987 1
214 684 1
214 687 1
214 692 1
214 569 1
214 416 1
214 835 1
214 324 1
214 865 1
214 844 1
214 334 1
214 720 1
214 852 1
214 731 1
214 220 1
214 609 1
214 738 1
214 891 1
214 356 1
214 742 1
214 743 1
214 371 1
214 629 1
214 763 1
216 458 1
216 558 1
220 692 1
220 749 1
223 322 1
223 663 1
223 343 4
228 502 1
229 568 1
229 421 4
230 277 1
231 840 2
231 698 2
231 987 6
231 245 5
231 462 2
232 575 2
232 447 1
233 540 1
233 835 2
233 692 1
236 335 1
239 609 1
239 502 1
241 469 1
245 840 5
245 329 1
245 692 1
245 698 2
245 987 11
245 764 7
245 540 3
246 724 2
246 423 4
248 920 1
249 789 1
249 502 1
250 886 2
250 927 2
251 987 6
253 290 3
253 566 2
256 416 1
256 356 5
256 517 2
256 267 3
256 648 2
256 313 1
256 478 1
260 912 8
260 762 1
263 369 1
264 454 2
267 517 10
267 648 3
267 586 6
267 944 10
267 530 1
267 435 3
267 629 1
267 344 1
267 313 1
267 891 7
267 700 1
267 445 1
267 478 1
270 516 1
272 450 1
272 595 1
273 951 2
274 920 2
274 841 1
274 469 1
275 737 1
275 327 2
275 849 1
278 454 5
278 334 1
278 915 1
280 547 1
280 846 1
280 647 1
280 360 2
280 561 2
280 493 1
280 526 2
280 530 4
280 915 2
280 629 6
280 658 1
280 631 2
280 920 2
280 851 2
281 905 2
284 422 4
291 401 1
291 429 1
291 454 2
293 718 1
294 416 2
294 313 1
294 868 2
299 634 1
299 509 1
299 559 1
301 469 1
302 428 1
304 720 1
306 450 1
306 771 2
306 659 1
306 742 1
307 659 2
311 697 3
311 987 6
311 540 2
313 416 1
313 517 1
313 648 1
313 765 1
316 915 7
318 499 1
318 332 4
318 326 1
319 458 1
319 558 2
321 499 1
322 343 1
322 379 1
322 477 1
323 832 1
323 510 1
324 477 1
325 718 1
326 546 1
326 687 1
327 516 1
327 381 4
329 427 1
329 910 1
329 692 1
329 540 2
333 743 6
334 502 2
334 776 1
334 746 2
334 630 3
334 687 1
334 915 1
334 692 2
334 607 1
334 638 1
335 643 1
335 532 1
335 664 1
335 537 7
335 670 1
335 808 1
335 553 4
335 810 1
335 688 1
335 464 1
335 468 1
335 985 1
335 737 1
335 1004 1
335 980 2
335 381 1
338 540 1
338 987 6
338 764 1
338 773 1
338 415 1
341 915 1
343 879 1
343 663 5
344 838 4
347 933 1
347 966 1
353 891 9
356 416 1
356 743 4
356 586 5
356 912 4
356 472 16
356 602 1
356 765 4
356 542 3
356 927 1
360 891 1
360 629 3
360 526 1
361 987 6
362 383 1
364 987 7
364 764 1
368 740 1
368 879 1
369 535 1
369 927 1
371 720 1
372 595 3
372 404 3
372 934 2
377 866 1
377 422 2
377 423 1
377 457 2
377 716 1
377 718 1
377 729 1
379 568 1
381 810 1
381 532 2
381 541 1
383 909 1
383 589 1
383 720 1
383 854 2
383 887 3
388 502 3
393 907 1
398 712 6
401 454 4
401 429 12
401 415 3
405 720 2
410 719 1
410 663 2
413 746 1
413 927 2
413 935 4
415 833 3
415 535 1
415 700 1
416 586 7
416 772 1
416 447 1
416 765 1
416 927 2
418 977 17
418 996 8
421 424 1
421 978 1
421 795 1
421 469 1
422 680 2
422 857 1
422 731 3
422 540 1
423 832 5
423 977 10
424 795 3
424 469 1
428 915 16
428 857 3
429 454 12
432 987 6
433 987 7
435 586 3
437 516 1
443 602 1
443 662 1
444 927 1
444 535 1
445 891 4
447 586 7
447 759 1
447 984 1
447 762 1
450 712 1
450 595 1
454 772 1
454 592 6
454 890 1
456 720 1
458 684 1
458 558 2
458 956 1
462 833 3
462 586 1
469 512 1
469 978 1
469 547 1
469 817 1
469 954 1
469 795 1
469 988 1
469 957 1
472 743 5
472 782 2
472 912 5
472 765 1
472 575 3
477 939 1
477 524 1
477 534 1
477 510 1
478 648 1
478 517 1
479 718 1
482 531 1
482 987 6
485 927 1
485 551 1
488 568 2
493 561 5
493 629 3
495 568 1
497 977 4
499 833 1
499 558 2
499 758 1
502 789 1
502 538 2
502 607 1
502 565 4
506 738 2
506 996 3
506 582 3
506 516 1
506 783 1
506 881 1
506 644 1
506 921 2
506 541 1
508 516 1
509 780 2
509 788 1
509 822 1
509 634 1
509 893 1
509 638 1
510 832 2
510 622 1
511 987 6
513 927 1
514 832 3
514 780 1
514 950 1
516 644 1
516 650 1
516 783 2
516 657 1
516 532 1
516 921 1
516 923 1
516 924 1
516 541 1
516 837 2
516 653 1
516 682 1
516 654 1
516 576 1
516 719 1
516 850 1
516 979 1
516 738 1
516 996 1
516 1001 1
516 747 1
516 881 1
516 702 1
516 745 1
516 761 1
517 674 2
517 803 6
517 648 2
526 629 3
528 589 1
528 742 1
528 909 2
530 629 10
531 987 6
532 761 1
535 823 4
535 927 1
535 542 2
538 951 1
540 955 4
540 582 3
540 840 2
540 855 2
540 624 1
540 692 1
540 697 4
540 698 2
540 987 6
540 700 2
540 925 2
542 586 3
542 854 2
542 927 1
544 772 2
546 742 1
546 550 2
546 743 1
546 684 1
546 923 1
547 817 1
550 920 2
550 742 5
551 927 1
552 978 1
552 858 1
558 956 3
559 634 1
561 846 11
561 629 7
561 631 1
562 893 2
563 731 2
565 956 1
565 723 2
565 844 1
568 947 1
568 662 1
572 693 2
573 586 1
575 782 1
580 669 1
581 720 2
581 628 1
581 855 4
582 764 4
582 849 2
582 789 1
582 987 7
586 782 2
586 912 2
586 984 8
586 762 2
591 915 1
591 692 2
591 630 1
592 713 2
592 927 6
595 718 1
595 754 1
599 789 1
599 605 3
602 765 2
602 743 6
603 634 1
605 700 1
609 923 2
609 772 1
609 997 2
609 951 1
609 996 1
609 927 1
614 978 1
617 720 1
617 833 1
624 692 2
626 771 2
626 807 2
628 720 1
629 838 8
629 658 3
629 685 3
629 846 3
629 630 7
629 631 3
629 891 16
641 809 1
641 987 6
643 685 2
646 927 1
648 765 1
650 682 1
650 783 1
654 738 2
654 682 1
654 783 1
659 771 1
669 772 1
674 803 1
679 684 1
679 844 1
680 720 3
682 738 1
682 783 1
684 704 1
684 918 1
684 844 1
685 838 3
687 772 1
687 776 2
687 915 1
692 994 1
692 775 1
692 746 2
693 789 1
697 873 1
697 855 7
697 720 1
697 925 4
698 840 2
698 873 2
698 764 2
700 790 2
700 891 2
703 771 4
704 743 1
708 718 1
711 843 1
711 718 2
715 926 1
716 718 1
718 969 2
718 843 1
718 876 1
718 977 1
718 724 1
718 777 1
719 738 1
720 833 3
720 870 1
720 936 1
720 855 1
720 731 1
722 927 1
723 758 1
724 843 1
731 741 1
736 951 1
737 849 2
737 1004 1
738 923 1
738 783 5
739 772 1
739 741 1
742 771 4
742 900 2
742 835 5
742 923 3
746 935 10
758 844 1
758 956 2
758 918 3
764 994 2
764 840 10
764 987 6
765 908 1
770 927 1
771 993 2
771 901 2
771 863 2
772 923 5
773 955 1
774 947 53
779 883 2
779 843 1
782 880 1
783 850 1
789 872 1
789 987 6
790 812 2
809 987 6
823 927 1
837 921 2
838 857 2
840 987 6
843 883 2
849 987 6
851 988 1
851 978 1
851 915 1
854 927 1
855 955 1
855 925 1
857 915 8
863 994 1
872 987 6
873 987 6
891 920 4
915 971 1
925 955 1
933 966 1
935 966 1
951 996 2
955 987 8
969 977 1
977 1001 7
977 1004 4
987 994 7
