0
1
2
3
4
5
6
7
8
9
10
11
12
13
14
15
16
17
18
19
20
21
22
23
24
25
26
27
28
29
30
31
32
33
34
35
36
37
38
39
40
41
42
43
44
45
46
47
48
49
50
51
52
53
54
55
56
57
58
59
60
61
62
63
64
65
66
67
68
69
70
71
72
73
74
75
76
77
78
79
80
81
82
83
84
85
86
87
88
89
90
91
92
93
94
95
96
97
98
99
100
101
102
103
104
105
106
107
108
109
110
111
112
113
114
115
116
117
118
119
120
121
122
123
124
125
126
127
128
129
130
131
132
133
134
135
136
137
138
139
141
142
143
144
145
146
147
148
149
150
151
152
153
154
155
157
158
159
160
161
162
163
164
165
166
167
168
169
170
171
172
173
174
175
176
177
178
179
180
181
182
183
184
185
186
187
188
189
190
191
192
193
194
195
196
197
198
199
200
201
202
203
204
205
206
207
208
209
210
211
212
213
214
215
216
217
218
219
220
221
222
223
224
225
226
227
228
229
230
231
232
233
235
236
237
238
239
240
241
242
243
244
245
246
247
248
249
250
251
252
253
254
255
256
257
259
260
262
263
264
265
266
267
268
269
270
271
272
273
274
275
276
277
278
279
280
281
282
283
284
285
286
287
288
289
290
291
292
293
294
295
296
297
299
300
301
302
303
304
305
306
307
308
309
310
311
312
313
314
315
316
317
318
319
320
321
322
323
324
325
326
327
328
329
330
331
332
333
334
335
336
337
338
339
340
341
343
344
345
346
347
348
349
350
351
352
353
355
356
357
358
359
360
361
362
364
365
366
367
368
369
370
371
372
373
374
375
376
377
378
379
380
381
382
383
384
385
386
387
388
389
390
391
392
393
394
395
396
397
398
399
400
401
402
403
404
405
406
407
408
409
410
411
412
413
414
415
416
418
419
420
421
422
423
424
425
426
427
428
429
430
431
432
433
434
435
436
437
438
439
440
441
442
443
444
445
446
447
448
449
450
451
452
453
454
455
456
457
458
459
460
461
462
464
465
466
467
468
469
470
471
472
473
474
475
476
477
478
479
480
481
482
483
484
485
486
487
488
489
490
491
492
493
495
496
497
498
499
500
501
502
503
504
505
506
507
508
509
510
511
512
513
514
515
516
517
518
519
520
521
522
523
524
525
526
527
528
530
531
532
533
534
535
536
537
538
539
540
541
542
543
544
545
546
547
548
549
550
551
552
553
554
556
557
558
559
560
561
562
563
564
565
566
567
568
569
570
571
572
573
574
575
576
577
578
579
580
581
582
583
584
585
586
587
588
589
590
591
592
593
594
595
596
597
598
599
600
601
602
603
604
605
606
607
609
610
611
612
613
614
615
616
617
618
619
621
622
623
624
625
626
627
628
629
630
631
632
633
634
635
636
637
638
639
640
641
642
643
644
645
646
647
648
649
650
651
652
653
654
655
656
657
658
659
660
661
662
663
664
665
666
667
668
669
670
671
672
673
674
675
676
677
678
679
680
681
682
683
684
685
686
687
688
689
690
691
692
693
694
695
696
697
698
699
700
701
702
703
704
705
706
707
708
709
710
711
712
713
714
715
716
717
718
719
720
721
722
723
724
725
726
727
728
729
730
731
732
733
734
735
736
737
738
739
740
741
742
743
744
745
746
747
748
749
750
751
752
753
754
756
757
758
759
760
761
762
763
764
765
767
768
769
770
771
772
773
774
775
776
777
778
779
780
781
782
783
784
785
786
787
788
789
790
791
792
793
794
795
796
797
798
799
800
801
802
803
804
805
806
807
808
809
810
811
812
813
814
815
816
817
818
819
820
821
822
823
824
825
826
827
828
829
830
831
832
833
834
835
836
837
838
839
840
841
842
843
844
845
846
847
848
849
850
851
852
853
854
855
856
857
858
859
860
861
862
863
864
865
866
867
868
869
870
871
872
873
874
875
876
877
878
879
880
881
882
883
884
885
886
887
888
889
890
891
892
893
894
895
896
897
898
899
900
901
902
903
904
905
906
907
908
909
910
911
912
913
914
915
916
917
918
919
920
921
922
923
924
925
926
927
928
929
930
931
932
933
934
935
936
937
938
939
940
941
942
943
944
945
946
947
948
949
950
951
952
953
954
955
956
957
958
960
961
962
963
964
965
966
967
968
969
970
971
972
973
974
975
976
977
978
979
980
981
982
983
984
985
986
987
988
989
990
991
992
993
994
995
996
997
998
999
1000
1001
1002
1003
1004
0 249 2
0 5 1
0 502 1
2 790 1
2 854 2
2 231 3
5 553 1
5 670 2
5 175 1
6 718 1
8 731 1
13 738 1
13 532 1
13 783 1
14 850 1
14 924 8
14 738 1
16 410 1
16 772 2
24 280 3
24 200 1
24 658 1
24 530 3
24 647 2
25 956 1
30 356 1
31 990 1
32 280 1
35 552 1
35 658 1
35 978 1
35 207 3
38 832 1
38 410 1
38 638 1
41 956 1
41 565 1
42 649 1
42 402 1
45 227 1
48 499 2
50 402 1
50 559 2
52 472 1
52 912 1
52 91 1
52 790 1
53 120 1
53 193 1
56 482 1
56 668 2
56 951 1
58 909 2
60 187 1
61 674 2
61 233 1
61 718 11
61 883 2
61 724 2
61 854 2
61 122 2
61 607 3
62 800 2
62 823 2
62 646 5
62 542 11
62 485 10
65 193 1
66 227 3
67 963 3
67 165 1
67 846 3
67 207 3
67 561 2
67 344 4
70 534 2
70 343 1
72 581 3
72 135 3
73 618 1
73 956 6
74 674 1
74 166 1
74 573 1
74 294 8
74 447 2
75 120 2
75 609 2
75 772 1
76 410 1
77 256 2
78 502 1
78 599 4
83 306 1
83 771 3
86 443 6
86 662 1
90 416 1
90 609 1
90 534 1
90 120 1
91 912 1
91 634 1
91 933 1
92 990 1
95 987 1
96 420 4
98 592 11
98 401 4
98 107 1
98 566 3
101 423 3
103 514 6
103 423 7
103 1001 3
103 780 3
103 977 4
103 950 7
103 378 2
104 425 3
104 730 3
104 790 1
104 126 1
105 418 1
106 164 1
107 335 1
111 586 2
111 133 1
112 313 1
112 674 2
113 546 1
113 854 1
113 485 2
113 542 2
118 532 1
118 335 1
119 812 1
119 700 1
120 609 1
120 505 1
120 772 2
120 197 2
120 718 1
120 752 1
120 633 1
120 196 1
120 764 1
120 765 1
120 190 1
122 410 1
122 980 6
122 693 2
122 718 1
125 622 4
126 648 1
126 868 1
133 984 3
133 602 1
133 294 2
134 592 5
134 738 1
135 581 4
135 942 1
135 170 2
135 718 1
135 628 13
135 334 4
135 746 1
135 405 1
136 200 1
136 302 1
136 207 1
136 658 1
136 857 1
136 316 1
136 990 1
138 887 1
141 552 1
141 978 1
142 658 1
142 915 1
142 316 1
142 838 2
142 990 1
143 410 2
147 416 2
147 931 2
147 159 4
150 415 1
153 410 1
153 322 2
157 746 1
159 609 1
159 718 1
159 239 1
159 334 2
159 214 2
160 530 1
160 658 1
160 915 4
160 629 4
160 630 1
165 401 4
165 316 1
165 990 1
166 416 2
166 586 3
167 552 1
167 274 1
167 658 1
167 978 1
167 851 2
167 469 2
167 954 1
167 181 2
168 416 1
168 260 1
168 556 2
168 912 2
168 949 2
168 439 3
168 472 1
169 595 4
170 855 6
173 738 1
173 850 1
173 428 3
173 506 2
175 737 1
175 849 7
175 275 3
175 532 1
175 473 2
175 410 1
178 228 2
178 628 2
178 693 1
178 502 6
178 280 1
178 249 2
178 188 1
178 189 1
178 862 1
180 958 1
180 727 1
181 920 3
181 274 1
181 189 1
181 190 1
184 423 1
185 720 2
185 833 1
185 499 1
185 684 1
186 329 1
187 450 1
188 978 1
188 552 1
188 658 1
189 236 3
189 718 4
189 502 1
189 249 2
189 410 2
190 353 1
190 656 2
190 274 1
190 415 1
190 373 1
190 191 1
191 671 1
192 381 1
193 546 1
199 850 1
199 738 2
200 647 2
200 746 2
200 952 1
200 530 1
200 915 4
200 636 1
203 769 1
207 552 1
207 424 1
207 978 1
207 658 1
207 373 3
207 954 1
207 795 3
207 988 2
207 349 1
209 912 1
209 356 1
216 558 1
223 322 2
223 746 1
223 663 1
223 853 1
223 310 2
223 343 3
225 779 1
228 693 5
228 502 1
228 333 1
229 483 17
231 994 4
231 415 3
231 698 2
231 581 1
232 472 3
232 425 2
232 946 4
232 416 8
236 537 1
236 506 1
239 609 1
239 713 1
239 854 1
239 951 1
245 698 2
246 866 2
246 572 3
246 423 3
248 746 1
249 724 1
250 886 3
250 646 1
251 410 1
256 356 1
256 885 1
264 329 3
264 540 2
267 586 2
267 435 2
267 948 1
270 657 1
270 738 1
271 746 1
272 900 1
274 658 1
274 546 1
275 737 1
275 849 4
275 473 1
277 933 1
278 454 1
280 530 3
280 920 1
280 851 1
280 629 2
280 658 1
280 915 1
285 933 1
288 391 4
288 493 4
288 561 4
288 629 4
288 630 1
288 445 4
291 401 4
291 454 1
293 724 1
293 549 2
293 862 2
294 416 5
294 648 1
294 586 6
294 817 1
294 885 3
294 984 1
294 313 2
294 447 2
301 552 1
301 658 1
301 795 1
301 978 1
302 990 1
305 425 2
305 946 8
305 765 1
306 659 4
310 943 1
313 472 1
313 356 1
316 428 1
316 392 2
316 915 2
316 543 1
318 499 1
319 832 3
319 618 1
321 499 1
322 334 2
323 951 2
327 738 1
327 644 4
327 381 1
329 624 4
332 500 3
333 767 1
334 609 2
334 586 3
334 687 3
334 530 1
334 500 5
334 534 2
334 746 1
335 657 2
335 980 6
335 737 1
337 505 1
338 890 1
343 950 1
343 663 4
349 976 2
349 428 1
349 990 1
356 416 1
356 743 3
356 718 1
356 765 1
356 912 5
356 500 1
356 790 1
356 472 1
356 602 2
356 730 4
360 658 1
362 695 1
362 854 1
362 990 2
362 383 1
364 582 1
369 823 1
369 407 2
369 646 1
369 535 3
372 595 7
377 423 1
378 977 1
378 514 1
378 950 1
381 738 1
381 532 1
381 702 5
383 720 1
383 971 1
383 586 1
383 887 1
388 634 2
388 534 1
388 509 1
388 718 1
401 454 6
401 683 16
401 429 4
401 415 5
404 718 2
407 718 1
410 482 1
410 837 1
410 1001 1
410 650 1
410 994 2
410 433 1
410 777 1
410 969 1
410 924 1
410 541 1
415 546 1
415 940 3
415 429 1
415 718 3
415 462 1
416 586 2
416 435 2
416 782 1
416 946 2
416 629 3
416 890 1
418 996 7
418 977 10
421 424 1
421 552 1
421 658 1
421 795 5
421 978 1
422 731 1
423 977 1
424 552 1
424 658 1
424 978 1
424 795 2
425 908 3
425 765 14
425 946 2
427 955 1
427 540 1
428 915 1
428 990 1
429 683 2
429 454 3
433 849 1
435 586 5
435 500 2
435 782 5
437 738 1
440 657 1
443 662 3
444 535 3
447 586 4
447 573 2
450 712 2
450 802 1
450 746 1
450 718 2
454 592 6
469 552 1
469 978 3
469 658 1
472 966 1
472 743 2
472 912 2
472 575 1
473 849 1
482 531 1
485 646 1
491 644 1
493 658 1
493 795 1
493 530 1
493 838 1
497 773 1
499 833 1
499 546 2
499 684 2
499 558 1
499 890 1
500 586 1
500 782 8
500 542 2
502 746 1
502 718 2
502 693 1
502 791 2
502 668 1
502 605 1
502 607 1
506 738 2
509 780 1
510 622 3
512 552 1
512 978 1
513 646 1
514 1001 1
514 780 1
514 977 3
514 950 2
516 532 2
516 738 1
516 761 2
516 924 1
516 743 5
517 803 3
517 718 1
526 658 1
528 609 1
528 585 1
530 718 1
530 746 1
530 685 3
530 915 7
530 629 11
530 920 1
530 891 5
530 607 1
531 987 1
531 668 1
532 738 1
532 650 1
532 804 1
533 784 1
534 546 1
534 746 1
534 692 1
534 718 1
534 668 1
534 890 1
534 607 1
535 854 1
540 994 1
540 698 2
541 738 3
542 746 1
542 718 1
543 952 1
546 609 2
547 552 2
547 658 1
547 851 2
547 978 1
550 660 1
550 854 1
552 614 1
552 817 1
552 978 2
552 851 1
552 954 1
552 795 1
552 988 1
552 957 1
558 946 5
558 565 3
559 622 3
561 658 1
565 743 2
573 586 1
576 738 2
577 933 1
581 609 2
581 628 3
586 762 3
586 782 1
586 984 2
586 602 6
591 746 1
591 718 2
592 609 4
592 738 1
595 746 2
597 738 1
607 718 1
607 851 1
607 920 1
607 915 1
609 772 4
609 687 2
613 718 1
614 858 1
614 978 1
617 951 1
622 676 4
629 920 2
629 851 1
629 891 1
629 915 2
630 954 1
630 685 3
630 951 3
631 658 1
634 788 1
644 921 1
644 745 1
644 738 1
647 658 1
647 915 2
647 990 1
648 765 2
649 663 1
650 682 3
650 738 2
650 783 1
654 682 2
654 738 2
656 658 1
657 738 1
658 795 1
658 817 1
658 954 1
658 990 1
660 873 1
663 950 1
664 702 1
668 935 2
668 746 15
668 813 1
668 851 1
668 731 1
668 915 1
670 890 1
671 995 1
682 738 4
682 783 2
684 704 1
684 746 1
684 915 2
684 956 3
685 1001 1
685 724 1
687 746 1
692 746 3
692 718 1
693 791 2
693 700 1
697 855 1
698 764 2
698 840 2
698 873 2
698 987 1
700 718 1
700 790 1
702 738 1
704 743 2
711 951 1
716 724 1
716 718 2
717 731 1
718 904 1
718 915 2
718 920 1
718 851 1
718 724 7
718 742 2
718 746 1
718 754 1
718 883 3
718 980 1
719 738 1
720 746 2
720 935 7
724 883 2
724 951 2
730 912 3
731 746 1
736 951 1
737 849 2
738 783 6
738 921 3
738 923 1
738 924 1
738 945 2
738 828 1
738 837 3
738 850 1
738 979 1
738 996 1
738 1001 1
738 881 1
738 745 1
738 761 1
739 746 1
742 746 1
742 900 4
746 776 1
746 915 4
746 920 1
746 935 19
746 775 1
746 813 2
746 834 1
746 980 1
746 994 1
746 851 1
761 881 3
761 850 1
762 984 1
764 987 1
765 908 3
771 784 1
775 995 1
780 977 2
780 950 1
783 837 1
788 832 1
788 950 1
790 868 9
790 812 7
795 978 2
803 948 3
813 935 3
817 978 1
838 952 5
840 873 1
850 1001 1
851 978 7
851 920 1
857 915 6
857 990 1
883 915 4
890 994 1
915 920 1
926 933 1
935 992 1
950 1001 1
950 977 4
953 990 1
954 978 1
957 978 1
977 1004 3
977 1001 1
978 988 2
