0
1
2
3
4
5
6
7
8
9
10
11
12
13
14
15
16
17
18
19
20
21
22
23
24
25
26
27
28
29
30
31
32
33
34
35
36
37
38
39
40
41
42
43
44
45
46
47
48
49
50
51
52
53
54
55
56
57
58
59
60
61
62
63
64
65
66
67
68
69
70
71
72
73
74
75
76
77
78
79
80
81
82
83
84
85
86
87
88
89
90
91
92
93
94
95
96
97
98
99
100
101
102
103
104
105
106
107
108
109
110
111
112
113
114
115
116
117
118
119
120
121
122
123
124
125
126
127
128
129
130
131
132
133
134
135
136
137
138
139
141
142
143
144
145
146
147
148
149
150
151
152
153
154
155
157
158
159
160
161
162
163
164
165
166
167
168
169
170
171
172
173
174
175
176
177
178
179
180
181
182
183
184
185
186
187
188
189
190
191
192
193
194
195
196
197
198
199
200
201
202
203
204
205
206
207
208
209
210
211
212
213
214
215
216
217
218
219
220
221
222
223
224
225
226
227
228
229
230
231
232
233
235
236
237
238
239
240
241
242
243
244
245
246
247
248
249
250
251
252
253
254
255
256
257
259
260
262
263
264
265
266
267
268
269
270
271
272
273
274
275
276
277
278
279
280
281
282
283
284
285
286
287
288
289
290
291
292
293
294
295
296
297
299
300
301
302
303
304
305
306
307
308
309
310
311
312
313
314
315
316
317
318
319
320
321
322
323
324
325
326
327
328
329
330
331
332
333
334
335
336
337
338
339
340
341
343
344
345
346
347
348
349
350
351
352
353
355
356
357
358
359
360
361
362
364
365
366
367
368
369
370
371
372
373
374
375
376
377
378
379
380
381
382
383
384
385
386
387
388
389
390
391
392
393
394
395
396
397
398
399
400
401
402
403
404
405
406
407
408
409
410
411
412
413
414
415
416
418
419
420
421
422
423
424
425
426
427
428
429
430
431
432
433
434
435
436
437
438
439
440
441
442
443
444
445
446
447
448
449
450
451
452
453
454
455
456
457
458
459
460
461
462
464
465
466
467
468
469
470
471
472
473
474
475
476
477
478
479
480
481
482
483
484
485
486
487
488
489
490
491
492
493
495
496
497
498
499
500
501
502
503
504
505
506
507
508
509
510
511
512
513
514
515
516
517
518
519
520
521
522
523
524
525
526
527
528
530
531
532
533
534
535
536
537
538
539
540
541
542
543
544
545
546
547
548
549
550
551
552
553
554
556
557
558
559
560
561
562
563
564
565
566
567
568
569
570
571
572
573
574
575
576
577
578
579
580
581
582
583
584
585
586
587
588
589
590
591
592
593
594
595
596
597
598
599
600
601
602
603
604
605
606
607
609
610
611
612
613
614
615
616
617
618
619
621
622
623
624
625
626
627
628
629
630
631
632
633
634
635
636
637
638
639
640
641
642
643
644
645
646
647
648
649
650
651
652
653
654
655
656
657
658
659
660
661
662
663
664
665
666
667
668
669
670
671
672
673
674
675
676
677
678
679
680
681
682
683
684
685
686
687
688
689
690
691
692
693
694
695
696
697
698
699
700
701
702
703
704
705
706
707
708
709
710
711
712
713
714
715
716
717
718
719
720
721
722
723
724
725
726
727
728
729
730
731
732
733
734
735
736
737
738
739
740
741
742
743
744
745
746
747
748
749
750
751
752
753
754
756
757
758
759
760
761
762
763
764
765
767
768
769
770
771
772
773
774
775
776
777
778
779
780
781
782
783
784
785
786
787
788
789
790
791
792
793
794
795
796
797
798
799
800
801
802
803
804
805
806
807
808
809
810
811
812
813
814
815
816
817
818
819
820
821
822
823
824
825
826
827
828
829
830
831
832
833
834
835
836
837
838
839
840
841
842
843
844
845
846
847
848
849
850
851
852
853
854
855
856
857
858
859
860
861
862
863
864
865
866
867
868
869
870
871
872
873
874
875
876
877
878
879
880
881
882
883
884
885
886
887
888
889
890
891
892
893
894
895
896
897
898
899
900
901
902
903
904
905
906
907
908
909
910
911
912
913
914
915
916
917
918
919
920
921
922
923
924
925
926
927
928
929
930
931
932
933
934
935
936
937
938
939
940
941
942
943
944
945
946
947
948
949
950
951
952
953
954
955
956
957
958
960
961
962
963
964
965
966
967
968
969
970
971
972
973
974
975
976
977
978
979
980
981
982
983
984
985
986
987
988
989
990
991
992
993
994
995
996
997
998
999
1000
1001
1002
1003
1004
0 178 2
2 790 4
5 553 2
5 506 6
5 670 2
14 796 6
14 1001 2
14 724 12
14 783 2
15 680 2
16 90 1
16 843 1
24 647 2
24 530 6
24 629 2
24 280 8
24 891 10
24 189 2
25 684 1
28 987 1
29 506 4
29 78 4
30 936 6
31 165 2
32 280 6
32 739 2
32 214 2
35 280 2
35 978 4
35 207 2
38 843 1
38 939 2
40 802 2
40 900 2
40 662 2
40 712 4
40 272 2
40 947 2
40 214 2
40 695 2
40 568 2
40 572 2
40 254 2
41 73 4
41 723 6
50 106 2
50 402 2
52 91 4
53 280 6
53 193 2
53 714 2
53 940 10
53 776 2
56 994 2
56 531 6
56 540 2
56 987 3
61 356 8
61 517 10
61 522 3
61 718 16
61 687 2
61 243 8
61 692 2
61 991 10
62 90 2
62 500 4
62 542 7
62 646 8
62 485 3
67 344 4
67 561 4
67 963 4
67 165 8
67 207 4
68 987 1
70 322 3
70 388 2
70 90 2
70 534 4
71 595 2
73 723 2
74 256 4
74 294 6
74 166 6
74 168 10
74 586 6
74 912 2
74 885 2
74 984 2
74 447 2
75 633 2
76 1001 2
77 912 12
77 762 3
77 790 6
86 662 25
90 256 2
90 912 1
90 388 2
90 502 2
90 178 8
90 534 2
90 761 2
91 356 2
91 647 1
91 939 2
91 850 4
91 307 2
91 638 2
91 535 2
91 280 1
91 580 2
91 915 4
91 542 2
95 987 1
96 638 2
98 592 6
98 707 2
98 268 6
101 377 2
101 246 2
104 256 2
104 425 2
104 648 5
104 765 2
104 742 2
105 418 18
107 201 2
111 885 1
113 586 6
117 268 6
118 732 1
119 465 2
120 316 2
120 693 2
120 502 2
125 832 6
125 676 2
126 868 4
126 294 2
126 232 2
126 586 8
126 912 2
126 790 2
133 765 2
134 592 6
134 214 2
135 628 2
139 832 2
141 978 4
141 469 4
141 421 4
142 280 2
142 275 6
157 277 5
157 718 3
159 290 6
159 707 2
159 334 2
159 912 2
159 214 4
159 251 8
160 280 2
160 629 2
165 267 2
165 401 4
165 344 2
165 857 4
165 316 4
166 416 2
166 743 4
166 267 1
166 883 2
166 885 2
166 586 8
166 447 2
167 978 8
168 416 2
168 356 2
168 966 4
168 232 4
168 557 4
168 912 37
168 209 2
168 949 2
168 439 8
168 260 6
168 699 2
168 586 2
169 595 2
170 697 1
173 541 2
173 743 6
175 832 12
175 849 2
175 275 2
175 553 1
178 976 2
178 502 6
178 599 2
178 991 2
180 990 2
184 843 1
184 423 2
185 554 4
188 546 2
188 421 6
188 656 4
188 920 4
188 978 4
188 851 4
188 469 2
188 502 2
188 280 6
188 862 2
189 731 2
189 428 2
189 718 4
189 530 2
189 595 2
189 502 4
189 883 2
189 915 2
191 692 2
191 935 4
193 776 2
193 633 6
193 540 2
193 823 2
197 546 2
197 923 2
199 644 2
199 1001 2
199 850 4
199 996 6
199 506 2
199 541 2
200 915 1
201 843 1
207 978 4
207 373 2
207 795 2
207 469 2
214 609 2
214 290 4
214 707 4
214 239 2
214 712 4
214 629 6
214 662 2
214 951 2
214 857 6
214 316 6
216 832 2
223 322 4
223 399 2
223 343 4
229 483 2
231 416 4
231 994 2
231 698 4
231 987 3
231 540 2
231 863 2
232 912 1
232 439 1
233 692 2
236 537 6
241 280 2
241 302 2
245 698 4
245 987 1
245 540 3
246 711 4
246 724 4
246 423 2
248 506 4
249 538 2
250 854 4
250 886 2
251 987 1
256 416 1
256 294 2
256 854 3
259 843 1
260 912 7
264 698 2
266 949 2
266 439 1
267 586 8
267 630 10
267 493 3
267 662 4
267 823 1
267 891 2
267 517 4
268 291 6
268 454 8
268 713 2
268 633 4
274 817 2
278 316 2
279 843 1
280 388 6
280 647 6
280 526 8
280 656 2
280 920 4
280 530 10
280 915 4
280 547 14
280 421 2
280 422 2
280 685 2
280 687 2
280 561 8
280 658 2
280 953 2
280 445 2
280 288 2
280 502 2
280 846 2
280 851 10
280 990 2
280 293 2
280 360 8
280 493 2
280 629 6
280 630 2
280 631 8
280 891 4
283 1004 2
284 731 2
288 629 2
291 454 2
292 769 2
293 547 2
293 862 2
294 416 4
294 817 2
294 885 2
294 984 2
294 586 6
294 447 6
299 388 2
299 509 2
301 978 4
301 493 2
306 374 6
311 955 4
311 540 1
311 987 1
316 772 2
316 838 6
316 915 10
316 857 2
318 499 4
318 684 1
318 558 2
318 319 2
319 832 8
319 1002 6
319 844 4
320 843 3
321 565 2
322 368 6
322 343 8
322 591 2
329 692 2
329 582 2
332 500 1
334 415 2
335 980 4
337 638 2
338 987 1
338 415 2
340 743 2
347 966 2
353 891 2
356 743 2
356 586 1
356 718 2
356 912 2
360 629 2
361 987 1
362 371 2
362 870 2
362 731 2
364 987 1
371 441 1
377 729 2
377 866 2
377 716 2
377 423 2
379 568 4
381 643 1
383 732 4
383 421 4
388 900 2
388 718 2
388 502 2
392 674 2
393 843 6
401 454 2
401 415 2
404 688 2
404 772 2
405 628 10
407 843 6
410 832 3
413 935 6
416 868 2
416 586 1
416 912 3
416 648 1
418 996 2
418 977 8
421 424 2
421 978 4
421 795 6
422 731 10
423 832 4
424 978 4
424 795 2
425 765 2
426 843 1
427 955 4
427 540 2
428 647 2
428 849 4
428 915 6
428 857 1
428 990 4
432 987 1
433 987 1
439 912 8
443 662 7
447 546 2
447 586 12
447 517 1
450 695 8
450 991 2
454 592 6
458 684 8
464 980 4
466 662 2
469 978 4
470 1004 1
472 912 5
472 765 1
473 808 2
480 482 2
482 531 2
482 990 2
482 987 1
483 629 2
485 542 14
485 823 2
487 832 6
490 843 1
491 644 2
493 561 2
493 629 4
499 558 8
502 718 9
502 862 2
506 996 6
506 1001 13
506 850 4
506 644 3
512 978 4
513 832 2
514 832 2
516 881 2
516 790 6
516 743 2
517 586 3
517 542 1
522 843 1
522 718 3
526 629 2
528 909 4
530 891 4
530 629 4
531 809 4
531 987 1
535 722 8
535 542 2
535 854 2
538 862 2
540 987 1
540 581 1
540 624 2
540 855 1
540 697 1
540 698 5
540 955 8
540 925 1
541 1001 2
541 850 2
541 996 2
542 646 4
542 586 2
542 823 4
542 854 2
546 704 1
546 609 2
546 550 9
546 684 1
547 647 4
547 978 4
547 851 8
547 862 4
550 684 1
550 700 2
552 978 4
558 684 1
558 565 1
558 918 1
558 956 4
561 629 6
565 743 1
568 802 2
568 947 2
572 862 1
575 912 4
581 855 2
582 832 1
582 994 2
582 987 1
586 684 1
586 617 4
586 912 2
586 885 3
586 854 4
586 984 3
586 765 3
591 843 1
591 718 3
592 609 4
592 713 4
602 765 2
602 743 5
607 696 1
609 880 2
609 978 4
614 978 4
615 843 1
622 832 6
622 676 2
624 994 2
628 720 2
629 630 10
629 978 4
629 658 2
629 685 2
629 846 2
629 631 2
629 891 8
630 851 6
633 890 2
633 923 1
634 788 2
635 843 1
641 987 1
644 1001 2
647 915 2
648 765 10
650 1001 2
652 843 1
654 837 1
654 991 18
659 790 2
670 688 1
671 692 2
680 707 2
682 1004 1
684 956 3
685 1001 12
685 724 6
687 718 3
693 772 6
696 935 1
698 840 4
698 873 4
698 987 1
698 764 4
700 790 1
702 1001 2
704 743 2
707 951 2
710 832 2
711 843 1
711 951 2
716 724 4
716 718 10
718 742 2
718 904 2
718 843 1
718 754 2
718 915 6
718 724 4
718 980 3
718 851 4
718 783 2
719 738 4
719 850 2
722 854 4
723 758 2
724 1001 2
724 951 12
724 796 2
732 843 1
738 783 4
742 900 2
743 765 2
745 1001 2
745 837 1
754 843 1
762 912 2
764 994 2
764 987 1
771 900 4
771 807 4
772 915 2
773 955 2
774 947 97
776 923 2
779 843 1
780 832 2
783 837 2
789 987 3
790 812 4
790 881 3
795 978 4
809 987 1
817 978 4
828 1001 2
832 936 2
832 977 2
837 1001 2
838 915 1
840 987 1
843 907 1
843 999 1
843 883 1
843 884 1
844 956 6
844 918 2
849 987 1
850 951 6
851 978 8
857 990 2
858 991 2
872 987 1
873 987 1
923 951 5
924 1001 2
925 955 4
925 987 1
934 951 2
951 996 2
951 976 6
954 978 4
955 987 3
957 978 4
978 988 6
979 1001 2
987 994 1
996 1001 2
