0
1
2
3
4
5
6
7
8
9
10
11
12
13
14
15
16
17
18
19
20
21
22
23
24
25
26
27
28
29
30
31
32
33
34
35
36
37
38
39
40
41
42
43
44
45
46
47
48
49
50
51
52
53
54
55
56
57
58
59
60
61
62
63
64
65
66
67
68
69
70
71
72
73
74
75
76
77
78
79
80
81
82
83
84
85
86
87
88
89
90
91
92
93
94
95
96
97
98
99
100
101
102
103
104
105
106
107
108
109
110
111
112
113
114
115
116
117
118
119
120
121
122
123
124
125
126
127
128
129
130
131
132
133
134
135
136
137
138
139
141
142
143
144
145
146
147
148
149
150
151
152
153
154
155
157
158
159
160
161
162
163
164
165
166
167
168
169
170
171
172
173
174
175
176
177
178
179
180
181
182
183
184
185
186
187
188
189
190
191
192
193
194
195
196
197
198
199
200
201
202
203
204
205
206
207
208
209
210
211
212
213
214
215
216
217
218
219
220
221
222
223
224
225
226
227
228
229
230
231
232
233
235
236
237
238
239
240
241
242
243
244
245
246
247
248
249
250
251
252
253
254
255
256
257
259
260
262
263
264
265
266
267
268
269
270
271
272
273
274
275
276
277
278
279
280
281
282
283
284
285
286
287
288
289
290
291
292
293
294
295
296
297
299
300
301
302
303
304
305
306
307
308
309
310
311
312
313
314
315
316
317
318
319
320
321
322
323
324
325
326
327
328
329
330
331
332
333
334
335
336
337
338
339
340
341
343
344
345
346
347
348
349
350
351
352
353
355
356
357
358
359
360
361
362
364
365
366
367
368
369
370
371
372
373
374
375
376
377
378
379
380
381
382
383
384
385
386
387
388
389
390
391
392
393
394
395
396
397
398
399
400
401
402
403
404
405
406
407
408
409
410
411
412
413
414
415
416
418
419
420
421
422
423
424
425
426
427
428
429
430
431
432
433
434
435
436
437
438
439
440
441
442
443
444
445
446
447
448
449
450
451
452
453
454
455
456
457
458
459
460
461
462
464
465
466
467
468
469
470
471
472
473
474
475
476
477
478
479
480
481
482
483
484
485
486
487
488
489
490
491
492
493
495
496
497
498
499
500
501
502
503
504
505
506
507
508
509
510
511
512
513
514
515
516
517
518
519
520
521
522
523
524
525
526
527
528
530
531
532
533
534
535
536
537
538
539
540
541
542
543
544
545
546
547
548
549
550
551
552
553
554
556
557
558
559
560
561
562
563
564
565
566
567
568
569
570
571
572
573
574
575
576
577
578
579
580
581
582
583
584
585
586
587
588
589
590
591
592
593
594
595
596
597
598
599
600
601
602
603
604
605
606
607
609
610
611
612
613
614
615
616
617
618
619
621
622
623
624
625
626
627
628
629
630
631
632
633
634
635
636
637
638
639
640
641
642
643
644
645
646
647
648
649
650
651
652
653
654
655
656
657
658
659
660
661
662
663
664
665
666
667
668
669
670
671
672
673
674
675
676
677
678
679
680
681
682
683
684
685
686
687
688
689
690
691
692
693
694
695
696
697
698
699
700
701
702
703
704
705
706
707
708
709
710
711
712
713
714
715
716
717
718
719
720
721
722
723
724
725
726
727
728
729
730
731
732
733
734
735
736
737
738
739
740
741
742
743
744
745
746
747
748
749
750
751
752
753
754
756
757
758
759
760
761
762
763
764
765
767
768
769
770
771
772
773
774
775
776
777
778
779
780
781
782
783
784
785
786
787
788
789
790
791
792
793
794
795
796
797
798
799
800
801
802
803
804
805
806
807
808
809
810
811
812
813
814
815
816
817
818
819
820
821
822
823
824
825
826
827
828
829
830
831
832
833
834
835
836
837
838
839
840
841
842
843
844
845
846
847
848
849
850
851
852
853
854
855
856
857
858
859
860
861
862
863
864
865
866
867
868
869
870
871
872
873
874
875
876
877
878
879
880
881
882
883
884
885
886
887
888
889
890
891
892
893
894
895
896
897
898
899
900
901
902
903
904
905
906
907
908
909
910
911
912
913
914
915
916
917
918
919
920
921
922
923
924
925
926
927
928
929
930
931
932
933
934
935
936
937
938
939
940
941
942
943
944
945
946
947
948
949
950
951
952
953
954
955
956
957
958
960
961
962
963
964
965
966
967
968
969
970
971
972
973
974
975
976
977
978
979
980
981
982
983
984
985
986
987
988
989
990
991
992
993
994
995
996
997
998
999
1000
1001
1002
1003
1004
0 178 4
2 768 2
2 388 1
2 790 6
2 812 2
2 500 7
2 854 1
2 700 5
2 413 1
6 951 1
8 580 1
13 516 1
14 1001 1
14 506 3
14 924 2
14 702 2
15 680 2
15 731 7
15 422 1
16 718 1
18 896 2
19 407 1
24 530 1
24 891 4
24 629 4
25 48 1
25 844 1
25 684 1
25 918 1
28 338 1
30 912 1
31 165 11
32 746 11
35 207 2
38 395 2
38 61 1
41 458 1
46 374 2
48 458 1
48 684 1
48 558 2
48 216 1
48 956 1
48 319 2
53 193 2
53 499 1
56 432 1
56 482 2
56 987 1
56 338 1
58 577 1
58 338 1
58 909 3
61 602 1
61 718 4
61 181 1
62 513 3
62 113 1
62 214 4
62 646 1
62 551 1
62 535 1
62 369 2
62 722 1
62 854 1
62 823 1
62 250 1
62 444 1
62 542 1
62 485 1
65 193 1
67 963 5
73 458 1
74 392 1
74 110 1
74 885 2
74 166 3
75 178 1
75 772 1
77 168 2
77 260 4
77 949 2
83 784 8
83 742 1
90 160 1
90 898 1
90 807 1
90 714 2
90 167 1
90 940 1
90 978 1
90 718 3
90 946 3
90 851 1
90 629 1
90 472 2
90 923 1
92 838 1
95 951 1
98 401 1
101 246 1
101 423 2
103 423 2
104 648 1
104 256 1
104 908 1
104 765 1
104 126 2
107 810 1
110 803 1
110 674 1
111 885 3
112 166 4
113 854 6
120 586 2
120 870 1
122 915 1
122 693 2
125 139 1
125 622 4
126 416 1
127 716 1
132 842 2
133 951 2
135 932 5
136 200 2
136 857 1
136 971 1
136 165 1
136 383 1
137 936 2
139 323 1
139 622 1
141 630 2
147 416 7
147 577 1
147 931 1
147 933 1
147 230 1
147 454 1
147 972 1
147 171 1
147 844 2
147 590 3
147 355 1
147 277 1
147 214 3
147 347 1
147 686 1
147 285 1
147 926 1
147 159 1
149 716 2
151 290 1
152 443 3
157 746 1
157 686 2
159 742 1
159 214 3
159 951 1
160 658 2
160 915 1
160 629 1
160 857 1
160 891 1
165 207 3
165 401 8
165 344 2
165 857 1
165 316 5
165 349 1
166 674 2
166 803 2
166 392 4
166 573 1
166 883 1
166 500 7
166 586 6
167 817 1
168 416 3
168 260 2
168 648 2
168 266 1
168 912 6
168 949 6
168 790 7
168 439 3
168 984 1
168 765 1
170 697 1
170 540 6
173 924 1
178 482 1
178 693 6
178 502 4
178 250 1
178 862 5
178 629 3
181 696 1
182 185 1
184 423 1
185 854 2
189 236 1
192 381 2
193 923 3
193 617 1
193 205 3
193 272 1
193 692 2
193 245 1
193 633 1
193 443 1
196 873 1
196 731 1
196 413 1
197 746 5
199 996 1
199 644 1
199 924 2
199 506 2
200 428 2
200 915 2
200 344 2
200 857 5
200 316 1
207 424 2
207 428 1
207 558 4
207 957 1
207 241 1
207 373 2
207 954 2
207 795 4
207 988 1
207 349 1
207 469 1
208 335 3
214 742 2
214 807 1
214 844 1
214 841 2
214 746 1
214 651 1
214 940 1
214 306 1
214 692 5
214 951 3
214 316 1
216 321 1
216 558 1
223 746 1
229 306 1
229 334 1
229 742 2
230 951 1
231 338 1
231 540 3
231 245 1
231 698 3
232 472 5
232 425 2
232 946 2
236 537 1
239 951 2
245 698 3
245 540 1
246 423 3
256 648 1
256 313 2
256 416 3
256 885 4
260 266 1
260 949 4
260 439 3
260 472 3
260 762 3
266 949 2
267 838 4
267 392 1
267 586 4
267 466 1
267 405 1
267 891 1
268 500 1
272 900 1
284 731 4
288 561 3
288 493 3
288 445 2
288 630 1
288 629 2
291 401 1
292 769 3
293 724 1
294 313 1
294 586 1
294 885 2
299 634 1
306 784 7
306 742 2
306 374 1
313 416 4
313 356 1
313 885 4
313 472 1
313 447 3
316 392 2
316 851 1
316 915 2
319 1002 1
319 558 1
321 684 1
323 788 2
327 381 1
329 540 1
334 692 1
335 737 3
335 810 3
335 899 6
335 643 2
338 641 1
353 891 1
353 951 1
356 416 1
356 912 3
356 472 1
356 730 1
356 765 1
364 482 1
369 535 1
374 742 1
381 506 3
381 468 1
383 586 1
389 528 1
407 843 2
410 996 4
413 746 2
414 891 1
415 629 1
416 586 3
416 912 1
416 946 1
416 500 2
416 885 7
416 602 2
416 765 1
418 996 1
423 977 2
424 795 1
435 586 1
435 500 1
439 949 4
443 662 1
447 586 1
447 885 2
450 802 1
450 595 1
450 947 1
450 695 6
458 577 1
458 558 1
458 499 1
458 956 1
472 765 1
482 569 1
482 951 1
499 844 1
499 558 1
500 515 1
500 586 22
500 814 3
500 687 1
500 782 5
500 762 4
500 573 4
502 746 1
502 862 1
502 951 1
506 732 1
506 1001 11
506 810 2
506 657 1
506 996 2
506 644 3
506 923 7
506 924 2
509 634 1
510 622 3
513 646 1
516 532 1
516 702 1
528 923 1
530 838 1
530 746 1
530 851 1
530 629 2
530 630 3
530 696 2
530 891 4
534 746 1
538 862 1
540 855 1
540 698 3
541 924 1
542 746 1
542 646 1
558 684 2
559 622 5
568 742 1
569 951 1
573 586 3
585 660 1
586 772 1
586 648 1
586 782 2
586 687 1
586 885 2
586 762 4
586 700 1
591 746 1
595 718 1
599 976 1
602 912 1
605 693 4
617 923 1
622 676 4
629 630 4
629 891 6
630 685 1
630 700 5
633 923 3
634 788 1
634 638 1
644 924 9
648 721 1
648 885 2
654 738 1
658 731 1
659 742 1
663 950 1
665 746 1
670 696 2
679 684 1
680 731 1
680 717 1
680 790 1
682 924 1
684 746 1
684 844 1
684 956 2
687 746 2
692 932 7
692 746 10
692 923 2
693 951 2
696 739 2
698 840 3
698 873 3
698 764 3
702 924 1
708 716 1
710 767 1
716 718 2
718 746 1
721 946 1
721 765 2
730 912 2
731 746 5
738 924 1
742 769 1
742 746 2
742 784 2
745 828 1
746 900 1
746 775 1
746 776 1
746 920 1
746 935 9
746 812 2
746 844 2
746 980 1
746 992 5
746 994 1
757 932 5
758 844 2
759 885 2
762 984 1
762 885 1
764 994 1
765 908 1
772 923 1
776 923 1
782 984 1
784 863 2
789 994 1
789 987 1
790 812 2
837 924 1
844 918 1
844 956 1
851 978 2
851 951 1
851 920 1
862 923 1
883 936 4
885 984 2
924 996 1
924 1001 1
951 957 2
