0
1
2
3
4
5
6
7
8
9
10
11
12
13
14
15
16
17
18
19
20
21
22
23
24
25
26
27
28
29
30
31
32
33
34
35
36
37
38
39
40
41
42
43
44
45
46
47
48
49
50
51
52
53
54
55
56
57
58
59
60
61
62
63
64
65
66
67
68
69
70
71
72
73
74
75
76
77
78
79
80
81
82
83
84
85
86
87
88
89
90
91
92
93
94
95
96
97
98
99
100
101
102
103
104
105
106
107
108
109
110
111
112
113
114
115
116
117
118
119
120
121
122
123
124
125
126
127
128
129
130
131
132
133
134
135
136
137
138
139
141
142
143
144
145
146
147
148
149
150
151
152
153
154
155
157
158
159
160
161
162
163
164
165
166
167
168
169
170
171
172
173
174
175
176
177
178
179
180
181
182
183
184
185
186
187
188
189
190
191
192
193
194
195
196
197
198
199
200
201
202
203
204
205
206
207
208
209
210
211
212
213
214
215
216
217
218
219
220
221
222
223
224
225
226
227
228
229
230
231
232
233
235
236
237
238
239
240
241
242
243
244
245
246
247
248
249
250
251
252
253
254
255
256
257
259
260
262
263
264
265
266
267
268
269
270
271
272
273
274
275
276
277
278
279
280
281
282
283
284
285
286
287
288
289
290
291
292
293
294
295
296
297
299
300
301
302
303
304
305
306
307
308
309
310
311
312
313
314
315
316
317
318
319
320
321
322
323
324
325
326
327
328
329
330
331
332
333
334
335
336
337
338
339
340
341
343
344
345
346
347
348
349
350
351
352
353
355
356
357
358
359
360
361
362
364
365
366
367
368
369
370
371
372
373
374
375
376
377
378
379
380
381
382
383
384
385
386
387
388
389
390
391
392
393
394
395
396
397
398
399
400
401
402
403
404
405
406
407
408
409
410
411
412
413
414
415
416
418
419
420
421
422
423
424
425
426
427
428
429
430
431
432
433
434
435
436
437
438
439
440
441
442
443
444
445
446
447
448
449
450
451
452
453
454
455
456
457
458
459
460
461
462
464
465
466
467
468
469
470
471
472
473
474
475
476
477
478
479
480
481
482
483
484
485
486
487
488
489
490
491
492
493
495
496
497
498
499
500
501
502
503
504
505
506
507
508
509
510
511
512
513
514
515
516
517
518
519
520
521
522
523
524
525
526
527
528
530
531
532
533
534
535
536
537
538
539
540
541
542
543
544
545
546
547
548
549
550
551
552
553
554
556
557
558
559
560
561
562
563
564
565
566
567
568
569
570
571
572
573
574
575
576
577
578
579
580
581
582
583
584
585
586
587
588
589
590
591
592
593
594
595
596
597
598
599
600
601
602
603
604
605
606
607
609
610
611
612
613
614
615
616
617
618
619
621
622
623
624
625
626
627
628
629
630
631
632
633
634
635
636
637
638
639
640
641
642
643
644
645
646
647
648
649
650
651
652
653
654
655
656
657
658
659
660
661
662
663
664
665
666
667
668
669
670
671
672
673
674
675
676
677
678
679
680
681
682
683
684
685
686
687
688
689
690
691
692
693
694
695
696
697
698
699
700
701
702
703
704
705
706
707
708
709
710
711
712
713
714
715
716
717
718
719
720
721
722
723
724
725
726
727
728
729
730
731
732
733
734
735
736
737
738
739
740
741
742
743
744
745
746
747
748
749
750
751
752
753
754
756
757
758
759
760
761
762
763
764
765
767
768
769
770
771
772
773
774
775
776
777
778
779
780
781
782
783
784
785
786
787
788
789
790
791
792
793
794
795
796
797
798
799
800
801
802
803
804
805
806
807
808
809
810
811
812
813
814
815
816
817
818
819
820
821
822
823
824
825
826
827
828
829
830
831
832
833
834
835
836
837
838
839
840
841
842
843
844
845
846
847
848
849
850
851
852
853
854
855
856
857
858
859
860
861
862
863
864
865
866
867
868
869
870
871
872
873
874
875
876
877
878
879
880
881
882
883
884
885
886
887
888
889
890
891
892
893
894
895
896
897
898
899
900
901
902
903
904
905
906
907
908
909
910
911
912
913
914
915
916
917
918
919
920
921
922
923
924
925
926
927
928
929
930
931
932
933
934
935
936
937
938
939
940
941
942
943
944
945
946
947
948
949
950
951
952
953
954
955
956
957
958
960
961
962
963
964
965
966
967
968
969
970
971
972
973
974
975
976
977
978
979
980
981
982
983
984
985
986
987
988
989
990
991
992
993
994
995
996
997
998
999
1000
1001
1002
1003
1004
0 178 2
2 700 1
2 582 1
5 107 1
6 178 2
11 890 1
13 516 1
14 1001 1
14 516 1
15 680 2
17 316 1
24 629 2
25 956 1
28 987 2
29 107 1
30 648 1
30 313 1
30 356 1
30 765 2
30 256 1
31 857 2
31 915 2
31 316 1
31 165 1
32 428 1
32 862 2
35 978 2
37 232 5
37 313 9
37 126 1
40 772 1
46 622 3
48 704 1
48 499 2
50 402 2
50 559 2
53 120 1
53 890 1
56 987 2
58 909 1
61 243 1
61 718 1
61 607 1
67 846 1
68 987 2
75 220 1
77 912 1
77 266 1
77 949 1
78 178 2
83 784 1
86 443 1
86 662 1
90 783 1
90 850 1
90 606 1
90 281 1
90 953 1
90 763 1
90 316 1
90 798 2
92 316 1
95 987 2
98 707 1
104 356 1
104 765 1
105 418 2
107 553 1
107 335 1
107 118 1
112 168 1
112 674 1
112 267 3
120 731 1
120 772 2
120 517 1
120 534 1
120 566 2
120 987 1
125 622 11
126 586 2
126 356 3
127 718 2
132 842 1
133 356 1
134 356 1
135 628 3
135 922 1
135 692 2
135 549 1
135 581 2
136 200 4
136 316 1
141 978 2
142 428 1
142 316 1
152 443 1
157 517 1
157 277 1
159 707 1
160 530 1
160 629 2
165 401 1
165 316 1
166 168 3
166 586 2
166 356 2
166 762 1
167 978 2
167 469 1
168 260 2
168 557 1
168 912 3
168 949 3
168 472 3
168 356 13
168 762 3
169 372 1
175 849 1
178 228 2
178 502 2
178 710 2
178 295 2
178 599 2
178 333 2
178 976 2
178 693 2
178 470 2
178 409 2
178 249 2
178 538 2
178 767 2
178 605 2
178 862 2
178 991 2
180 829 1
181 190 3
187 568 1
188 978 2
188 547 1
188 534 1
189 595 2
189 891 1
189 410 3
189 883 2
189 530 1
190 353 5
190 978 1
190 656 3
190 274 3
190 373 3
191 692 2
192 381 2
193 707 1
197 987 1
199 506 1
200 952 3
200 915 1
200 316 1
207 424 1
207 978 2
209 356 1
214 648 1
214 707 1
214 940 2
214 765 1
220 465 1
220 772 2
228 605 2
231 698 1
231 987 2
231 607 1
232 782 1
232 439 1
233 692 3
236 537 1
236 977 3
245 698 1
245 987 2
250 607 1
251 987 2
256 356 3
260 573 1
266 949 1
267 517 2
267 526 1
270 783 1
278 334 1
280 629 3
284 680 1
288 629 1
294 586 1
299 634 1
301 978 2
302 316 1
302 428 2
308 418 1
311 987 2
313 356 4
316 344 2
316 647 1
316 971 1
316 428 3
316 915 2
316 953 1
316 952 1
316 857 1
316 543 1
316 990 1
318 499 1
321 499 1
321 684 1
324 534 3
332 500 1
332 782 3
332 575 1
333 767 1
334 550 1
334 617 1
334 687 3
334 692 1
334 923 1
335 898 1
338 987 2
349 428 1
356 674 1
356 868 1
356 743 1
356 648 1
356 684 1
356 765 1
356 912 2
356 472 6
356 762 2
356 730 2
356 517 1
360 891 1
360 629 2
361 987 2
362 383 2
364 987 2
369 392 2
372 595 1
372 404 1
383 720 3
383 867 1
388 634 1
388 900 1
401 415 1
402 514 1
413 935 1
414 891 1
415 692 1
416 586 1
416 444 1
416 949 1
418 977 1
421 424 2
421 978 2
422 731 1
424 978 2
424 795 1
428 915 2
428 857 2
432 987 2
433 987 2
435 500 1
437 532 2
440 843 2
443 662 1
447 868 1
448 692 1
453 595 1
469 978 2
472 868 1
482 987 2
493 530 1
493 629 2
499 704 1
499 679 1
499 844 1
499 684 1
499 565 1
499 918 1
500 687 1
502 718 1
502 607 1
510 622 2
512 978 2
514 950 2
516 761 6
516 532 7
517 743 1
517 586 1
517 684 1
517 535 1
517 542 1
526 629 2
530 935 1
530 915 2
530 629 3
530 630 1
530 891 5
531 987 2
531 607 2
532 743 1
534 862 1
540 698 1
540 987 2
546 923 1
547 978 2
547 851 1
547 862 1
550 746 1
552 978 2
559 622 12
561 629 2
561 846 1
565 684 1
565 723 1
565 956 2
581 936 1
581 855 1
581 692 1
582 987 2
586 885 1
586 984 2
586 762 1
587 720 3
591 607 1
595 696 2
595 738 3
602 743 3
605 693 2
614 978 2
622 676 11
629 978 1
629 658 2
629 685 2
629 846 1
629 630 2
629 631 2
629 891 3
633 990 2
638 832 2
641 987 2
644 924 1
648 765 4
656 920 1
663 950 1
671 692 2
678 696 1
680 720 1
680 731 1
680 707 1
684 704 3
684 844 1
692 736 1
692 742 1
692 935 2
692 746 2
692 775 1
698 840 1
698 873 1
698 987 2
698 764 1
700 812 1
704 743 1
707 880 1
707 951 1
716 883 2
718 915 1
724 883 4
742 784 1
742 900 2
742 863 1
746 935 4
761 881 1
764 987 2
765 868 1
765 908 1
772 920 1
772 978 1
784 900 1
789 987 2
790 812 2
795 978 2
795 851 1
809 987 2
817 978 2
840 987 2
849 987 2
851 978 5
857 915 4
872 987 2
873 987 2
883 915 1
912 949 2
925 987 2
953 990 1
954 978 2
955 987 2
957 978 2
978 988 2
987 994 2
