0
1
2
3
4
5
6
7
8
9
10
11
12
13
14
15
16
17
18
19
20
21
22
23
24
25
26
27
28
29
30
31
32
33
34
35
36
37
38
39
40
41
42
43
44
45
46
47
48
49
50
51
52
53
54
55
56
57
58
59
60
61
62
63
64
65
66
67
68
69
70
71
72
73
74
75
76
77
78
79
80
81
82
83
84
85
86
87
88
89
90
91
92
93
94
95
96
97
98
99
100
101
102
103
104
105
106
107
108
109
110
111
112
113
114
115
116
117
118
119
120
121
122
123
124
125
126
127
128
129
130
131
132
133
134
135
136
137
138
139
141
142
143
144
145
146
147
148
149
150
151
152
153
154
155
157
158
159
160
161
162
163
164
165
166
167
168
169
170
171
172
173
174
175
176
177
178
179
180
181
182
183
184
185
186
187
188
189
190
191
192
193
194
195
196
197
198
199
200
201
202
203
204
205
206
207
208
209
210
211
212
213
214
215
216
217
218
219
220
221
222
223
224
225
226
227
228
229
230
231
232
233
235
236
237
238
239
240
241
242
243
244
245
246
247
248
249
250
251
252
253
254
255
256
257
259
260
262
263
264
265
266
267
268
269
270
271
272
273
274
275
276
277
278
279
280
281
282
283
284
285
286
287
288
289
290
291
292
293
294
295
296
297
299
300
301
302
303
304
305
306
307
308
309
310
311
312
313
314
315
316
317
318
319
320
321
322
323
324
325
326
327
328
329
330
331
332
333
334
335
336
337
338
339
340
341
343
344
345
346
347
348
349
350
351
352
353
355
356
357
358
359
360
361
362
364
365
366
367
368
369
370
371
372
373
374
375
376
377
378
379
380
381
382
383
384
385
386
387
388
389
390
391
392
393
394
395
396
397
398
399
400
401
402
403
404
405
406
407
408
409
410
411
412
413
414
415
416
418
419
420
421
422
423
424
425
426
427
428
429
430
431
432
433
434
435
436
437
438
439
440
441
442
443
444
445
446
447
448
449
450
451
452
453
454
455
456
457
458
459
460
461
462
464
465
466
467
468
469
470
471
472
473
474
475
476
477
478
479
480
481
482
483
484
485
486
487
488
489
490
491
492
493
495
496
497
498
499
500
501
502
503
504
505
506
507
508
509
510
511
512
513
514
515
516
517
518
519
520
521
522
523
524
525
526
527
528
530
531
532
533
534
535
536
537
538
539
540
541
542
543
544
545
546
547
548
549
550
551
552
553
554
556
557
558
559
560
561
562
563
564
565
566
567
568
569
570
571
572
573
574
575
576
577
578
579
580
581
582
583
584
585
586
587
588
589
590
591
592
593
594
595
596
597
598
599
600
601
602
603
604
605
606
607
609
610
611
612
613
614
615
616
617
618
619
621
622
623
624
625
626
627
628
629
630
631
632
633
634
635
636
637
638
639
640
641
642
643
644
645
646
647
648
649
650
651
652
653
654
655
656
657
658
659
660
661
662
663
664
665
666
667
668
669
670
671
672
673
674
675
676
677
678
679
680
681
682
683
684
685
686
687
688
689
690
691
692
693
694
695
696
697
698
699
700
701
702
703
704
705
706
707
708
709
710
711
712
713
714
715
716
717
718
719
720
721
722
723
724
725
726
727
728
729
730
731
732
733
734
735
736
737
738
739
740
741
742
743
744
745
746
747
748
749
750
751
752
753
754
756
757
758
759
760
761
762
763
764
765
767
768
769
770
771
772
773
774
775
776
777
778
779
780
781
782
783
784
785
786
787
788
789
790
791
792
793
794
795
796
797
798
799
800
801
802
803
804
805
806
807
808
809
810
811
812
813
814
815
816
817
818
819
820
821
822
823
824
825
826
827
828
829
830
831
832
833
834
835
836
837
838
839
840
841
842
843
844
845
846
847
848
849
850
851
852
853
854
855
856
857
858
859
860
861
862
863
864
865
866
867
868
869
870
871
872
873
874
875
876
877
878
879
880
881
882
883
884
885
886
887
888
889
890
891
892
893
894
895
896
897
898
899
900
901
902
903
904
905
906
907
908
909
910
911
912
913
914
915
916
917
918
919
920
921
922
923
924
925
926
927
928
929
930
931
932
933
934
935
936
937
938
939
940
941
942
943
944
945
946
947
948
949
950
951
952
953
954
955
956
957
958
960
961
962
963
964
965
966
967
968
969
970
971
972
973
974
975
976
977
978
979
980
981
982
983
984
985
986
987
988
989
990
991
992
993
994
995
996
997
998
999
1000
1001
1002
1003
1004
2 416 1
2 168 1
2 236 1
2 465 1
2 52 1
2 790 5
2 700 4
2 126 4
5 553 2
5 175 1
8 159 1
13 850 1
13 516 3
14 199 2
14 1001 2
14 173 2
14 921 2
14 506 6
14 924 3
14 702 1
15 680 4
15 731 2
15 422 1
16 541 1
16 718 2
17 915 1
24 280 2
24 891 2
24 629 7
24 630 1
24 647 1
25 672 1
25 321 1
25 458 4
29 983 1
30 936 3
30 104 1
30 868 2
30 765 1
30 743 3
31 716 1
31 316 1
31 428 2
31 165 5
31 951 3
32 718 1
32 143 2
32 977 3
32 693 1
32 791 1
32 280 1
32 891 3
34 997 2
34 855 2
35 280 1
35 978 3
35 547 1
35 469 1
38 90 1
40 272 1
40 596 1
40 568 1
40 90 1
40 159 1
40 572 1
40 415 4
41 723 1
41 565 1
42 706 2
42 460 1
42 402 3
44 499 1
45 66 1
48 672 1
48 321 1
48 458 1
48 684 7
52 416 1
52 356 1
52 168 2
52 912 1
52 790 3
52 472 1
52 868 1
58 769 2
58 909 2
58 577 3
61 522 1
61 383 1
61 718 8
61 159 4
62 513 1
62 485 1
62 646 2
62 551 1
62 369 1
62 854 1
62 159 5
65 771 7
65 850 3
65 530 1
65 915 1
65 120 1
65 923 2
65 220 3
67 344 9
67 561 1
67 963 20
67 165 1
67 207 13
72 214 1
72 159 3
75 833 2
75 772 11
75 334 3
75 850 3
75 220 2
75 191 2
77 168 4
77 356 1
77 260 3
82 628 1
82 870 1
83 863 1
86 152 1
86 703 1
87 160 2
90 613 1
90 647 1
90 650 2
90 791 2
90 712 1
90 912 1
90 561 1
90 631 1
90 216 1
90 377 1
90 220 3
90 927 2
91 120 2
91 416 1
91 514 1
91 833 1
92 424 1
92 280 1
92 915 2
92 207 2
96 420 6
98 707 10
98 454 6
98 713 1
98 107 8
98 429 7
98 592 19
98 291 1
101 377 2
101 423 3
101 246 2
101 127 2
103 950 1
103 310 2
103 303 4
104 416 1
104 356 1
104 294 1
104 648 1
104 313 3
104 765 5
105 418 2
107 713 1
107 810 1
107 381 5
107 335 2
112 267 3
113 542 1
114 718 1
120 772 7
120 454 10
120 927 3
120 854 4
120 196 1
120 191 2
122 136 1
122 924 1
122 915 4
122 428 6
122 718 1
126 416 2
126 356 2
126 759 1
127 866 2
127 423 1
127 716 1
127 718 4
127 724 1
127 149 1
127 246 2
127 281 3
127 377 2
127 293 1
132 842 3
133 602 1
133 765 2
134 592 15
134 850 1
134 291 3
134 454 5
135 292 4
135 581 11
135 936 2
135 812 1
135 942 9
135 692 8
135 628 5
135 703 1
136 200 3
136 316 1
136 915 3
136 428 4
137 769 2
137 771 6
137 443 4
139 1001 3
141 280 2
141 978 3
141 547 1
142 280 2
142 915 3
142 316 1
147 577 1
147 196 4
147 454 5
147 277 1
147 347 1
147 926 1
149 423 1
149 716 5
150 415 5
151 290 1
152 443 1
153 977 4
157 193 3
157 577 1
157 926 1
157 775 2
159 416 2
159 866 13
159 581 1
159 713 1
159 450 1
159 687 1
159 912 7
159 274 2
159 915 3
159 724 1
159 214 3
159 920 3
159 923 1
160 360 2
160 202 2
160 846 2
160 561 2
160 530 3
160 629 7
160 630 2
160 631 2
160 280 1
164 548 1
164 879 1
165 838 1
165 847 1
165 401 11
165 344 5
165 207 1
165 316 1
165 990 1
166 416 4
166 912 2
166 602 1
166 168 1
166 586 1
167 547 4
167 942 1
167 718 2
167 978 4
167 469 2
167 630 3
167 280 1
167 954 1
167 988 1
168 356 8
168 260 3
168 232 2
168 912 8
168 885 1
168 790 3
168 439 1
168 472 5
168 313 1
168 762 3
168 868 2
170 951 2
171 347 1
173 506 3
173 924 3
173 199 2
175 737 2
175 423 1
175 1004 1
175 849 10
175 275 7
180 727 1
184 650 4
184 883 4
185 833 3
185 334 1
185 830 2
187 450 3
187 695 1
188 280 1
188 978 3
188 547 1
188 469 2
189 428 1
189 236 1
189 718 1
189 214 1
189 281 4
189 607 1
190 656 1
190 920 1
190 274 1
190 891 1
190 373 1
191 752 1
191 749 2
191 415 4
193 550 1
193 617 3
193 940 1
193 857 1
193 923 2
196 429 2
197 923 1
198 568 2
199 1001 1
199 506 3
199 924 6
199 541 2
200 971 5
200 344 1
200 915 1
200 952 2
200 316 1
200 543 1
202 629 2
207 424 5
207 428 1
207 493 2
207 978 3
207 547 1
207 469 3
207 953 4
207 795 1
208 977 1
208 236 2
214 290 1
214 742 1
214 428 1
214 239 3
214 912 1
214 951 4
214 923 1
216 672 1
216 321 3
216 362 1
220 749 2
223 879 1
223 343 1
228 569 1
228 605 1
231 738 1
231 698 3
231 540 1
231 338 1
232 240 1
232 912 1
233 769 3
233 692 2
236 537 4
239 609 1
239 506 1
239 951 2
241 547 1
241 469 1
245 540 1
245 698 3
245 764 8
245 334 1
246 423 5
246 724 2
248 692 1
249 921 2
249 470 1
250 443 2
250 886 2
250 927 1
256 648 1
256 313 3
256 868 1
256 294 3
267 674 3
267 838 1
267 936 2
267 944 17
267 891 1
268 592 4
268 454 2
269 311 1
272 910 5
272 754 1
272 595 1
272 662 1
272 568 3
273 951 3
275 849 7
277 715 1
280 647 2
280 656 1
280 530 1
280 915 3
280 408 1
280 424 1
280 561 1
280 817 1
280 954 1
280 547 2
280 526 2
280 990 1
280 360 1
280 362 8
280 658 2
280 920 1
280 851 1
280 629 9
280 631 1
280 469 1
281 838 4
281 905 1
281 491 1
281 497 3
284 680 1
290 416 2
290 566 2
290 614 1
290 589 2
290 629 1
291 401 3
291 429 7
291 454 8
293 605 2
293 718 1
294 817 8
294 313 5
299 509 1
301 978 3
301 547 1
301 428 3
302 316 1
303 343 1
303 950 2
303 663 2
304 317 2
305 416 1
305 859 2
306 771 2
306 742 6
306 784 1
306 659 1
306 863 1
306 703 1
308 418 3
311 697 2
311 540 6
311 925 1
313 416 1
313 557 1
313 912 2
316 344 1
316 838 1
316 647 1
316 971 1
316 428 1
316 847 1
316 915 2
316 952 1
316 857 1
316 543 1
316 990 2
318 321 1
319 672 1
319 499 1
319 423 7
321 704 8
321 679 1
321 844 2
321 458 1
321 684 1
321 558 1
321 565 1
321 956 1
322 879 8
323 950 2
324 638 2
324 343 2
326 930 2
327 381 3
329 427 1
329 764 1
332 448 1
332 700 1
332 435 1
332 500 3
332 782 1
333 609 1
333 470 1
334 612 1
334 776 1
334 462 1
334 607 1
335 532 5
335 440 2
335 537 1
335 381 2
335 670 1
337 505 2
337 581 3
343 663 1
344 373 5
347 966 2
353 891 1
356 416 2
356 912 1
356 515 1
356 868 2
356 743 3
356 528 1
356 472 6
360 629 8
362 450 2
362 978 2
362 695 2
362 383 2
364 764 1
364 789 1
364 582 1
365 718 1
368 879 2
371 456 2
372 595 6
372 415 5
377 866 2
377 457 3
377 718 2
377 724 1
377 605 1
379 568 4
380 440 1
381 506 1
381 532 1
383 765 1
388 534 1
392 674 1
401 415 13
401 454 12
401 429 10
406 680 3
406 422 4
409 506 1
410 700 1
410 718 1
415 833 4
415 569 6
416 868 1
416 762 1
416 586 1
416 912 2
416 602 2
416 859 1
416 573 1
418 977 5
418 996 5
420 548 1
420 879 1
421 547 1
421 870 3
421 424 5
421 978 3
421 469 2
421 630 3
422 680 1
422 731 3
423 866 3
423 716 1
423 718 1
424 547 1
424 978 3
424 469 1
424 795 5
424 990 3
428 838 1
428 915 5
428 629 3
428 857 1
428 543 2
429 454 16
435 782 3
440 737 1
443 742 4
443 692 2
443 662 4
444 722 1
444 535 3
448 782 1
450 712 1
450 462 1
450 595 3
450 695 1
450 568 1
454 609 2
454 772 10
454 713 3
454 592 16
458 672 1
458 546 1
462 833 1
462 542 1
465 956 1
466 662 1
469 547 2
469 817 1
469 978 3
469 630 3
469 954 1
469 795 1
470 789 5
470 605 1
472 743 2
472 556 1
472 535 4
482 569 8
482 531 1
485 542 8
488 568 2
491 506 2
493 978 1
493 685 10
493 630 2
493 629 2
495 568 2
495 546 1
495 862 1
497 977 3
499 704 1
499 823 1
500 782 3
502 718 1
502 687 1
502 569 1
502 591 1
502 923 1
502 700 2
502 605 1
502 607 1
506 738 2
506 924 6
506 783 2
506 657 1
506 951 6
506 541 3
506 605 2
506 719 2
509 893 1
512 547 1
513 535 1
514 950 1
515 927 2
516 924 3
516 532 4
516 790 7
517 564 1
526 530 1
526 629 5
528 867 1
528 660 1
528 629 1
530 629 9
530 630 1
530 891 6
531 987 1
532 790 2
534 879 1
535 556 2
540 641 1
540 955 9
540 873 1
540 749 2
540 855 3
540 697 5
540 698 8
540 987 2
540 925 6
541 576 2
541 996 1
541 657 1
541 850 2
541 951 7
542 854 2
542 646 6
546 550 1
547 647 1
547 795 1
547 817 1
547 824 1
547 954 1
547 709 1
547 978 5
547 851 1
547 614 1
547 552 1
548 853 1
548 879 1
550 617 1
552 978 3
557 912 1
558 672 1
558 956 1
558 565 3
561 846 3
561 629 2
565 679 2
565 684 1
565 956 1
566 713 3
568 595 4
568 947 3
568 662 1
569 951 1
569 749 8
569 693 1
569 599 2
569 605 2
572 731 1
576 850 1
577 686 1
581 936 4
581 692 1
582 764 3
586 984 1
586 718 1
587 720 13
591 923 1
591 915 1
591 692 2
591 718 1
592 713 8
592 923 3
592 927 18
595 934 1
595 718 1
595 754 1
596 662 1
599 710 1
602 765 3
602 743 2
603 780 1
605 976 1
605 693 1
605 921 2
605 862 1
605 789 2
607 738 1
609 707 3
609 772 2
609 910 1
609 951 1
609 923 1
609 927 1
612 740 1
614 978 5
617 720 4
617 833 2
624 873 1
626 863 1
628 720 2
628 870 3
629 978 5
629 658 4
629 685 5
629 846 2
629 630 5
629 631 6
629 891 16
629 894 2
630 838 1
630 891 7
631 647 2
631 891 1
633 923 2
643 921 1
643 1004 1
643 685 1
644 977 2
644 924 1
647 817 3
647 915 6
648 765 3
650 872 1
650 686 5
654 738 2
658 915 1
663 879 1
663 950 4
670 688 1
672 844 4
672 956 1
678 696 3
680 707 4
680 720 4
680 731 2
682 924 1
684 718 2
685 1001 1
687 776 1
687 915 1
687 923 1
688 808 3
692 923 1
692 746 1
692 749 1
692 830 5
697 855 4
697 925 2
698 840 3
698 873 3
698 764 3
700 790 1
702 924 1
703 771 2
707 1003 1
707 951 3
708 866 1
716 718 1
718 904 2
718 777 1
718 969 2
718 977 2
718 724 1
718 732 1
718 866 3
718 754 1
718 883 1
720 833 1
722 854 2
722 927 1
724 1001 1
724 921 1
736 769 1
737 849 2
738 783 4
738 850 3
740 879 1
742 784 1
743 859 3
749 830 2
758 956 1
758 844 2
758 918 4
765 859 1
769 863 1
771 863 1
772 951 1
772 927 1
774 947 28
784 863 1
790 901 4
790 881 2
791 977 1
795 978 6
796 921 1
798 951 1
817 978 3
851 920 1
851 978 5
851 915 3
854 927 5
857 915 1
861 896 3
863 993 1
881 921 1
910 923 1
912 915 1
915 971 1
915 952 1
915 923 1
921 1004 2
924 1001 1
927 948 1
933 966 1
935 966 1
954 978 3
957 978 2
969 977 2
977 1004 4
978 988 3
