0
1
2
3
4
5
6
7
8
9
10
11
12
13
14
15
16
17
18
19
20
21
22
23
24
25
26
27
28
29
30
31
32
33
34
35
36
37
38
39
40
41
42
43
44
45
46
47
48
49
50
51
52
53
54
55
56
57
58
59
60
61
62
63
64
65
66
67
68
69
70
71
72
73
74
75
76
77
78
79
80
81
82
83
84
85
86
87
88
89
90
91
92
93
94
95
96
97
98
99
100
101
102
103
104
105
106
107
108
109
110
111
112
113
114
115
116
117
118
119
120
121
122
123
124
125
126
127
128
129
130
131
132
133
134
135
136
137
138
139
141
142
143
144
145
146
147
148
149
150
151
152
153
154
155
157
158
159
160
161
162
163
164
165
166
167
168
169
170
171
172
173
174
175
176
177
178
179
180
181
182
183
184
185
186
187
188
189
190
191
192
193
194
195
196
197
198
199
200
201
202
203
204
205
206
207
208
209
210
211
212
213
214
215
216
217
218
219
220
221
222
223
224
225
226
227
228
229
230
231
232
233
235
236
237
238
239
240
241
242
243
244
245
246
247
248
249
250
251
252
253
254
255
256
257
259
260
262
263
264
265
266
267
268
269
270
271
272
273
274
275
276
277
278
279
280
281
282
283
284
285
286
287
288
289
290
291
292
293
294
295
296
297
299
300
301
302
303
304
305
306
307
308
309
310
311
312
313
314
315
316
317
318
319
320
321
322
323
324
325
326
327
328
329
330
331
332
333
334
335
336
337
338
339
340
341
343
344
345
346
347
348
349
350
351
352
353
355
356
357
358
359
360
361
362
364
365
366
367
368
369
370
371
372
373
374
375
376
377
378
379
380
381
382
383
384
385
386
387
388
389
390
391
392
393
394
395
396
397
398
399
400
401
402
403
404
405
406
407
408
409
410
411
412
413
414
415
416
418
419
420
421
422
423
424
425
426
427
428
429
430
431
432
433
434
435
436
437
438
439
440
441
442
443
444
445
446
447
448
449
450
451
452
453
454
455
456
457
458
459
460
461
462
464
465
466
467
468
469
470
471
472
473
474
475
476
477
478
479
480
481
482
483
484
485
486
487
488
489
490
491
492
493
495
496
497
498
499
500
501
502
503
504
505
506
507
508
509
510
511
512
513
514
515
516
517
518
519
520
521
522
523
524
525
526
527
528
530
531
532
533
534
535
536
537
538
539
540
541
542
543
544
545
546
547
548
549
550
551
552
553
554
556
557
558
559
560
561
562
563
564
565
566
567
568
569
570
571
572
573
574
575
576
577
578
579
580
581
582
583
584
585
586
587
588
589
590
591
592
593
594
595
596
597
598
599
600
601
602
603
604
605
606
607
609
610
611
612
613
614
615
616
617
618
619
621
622
623
624
625
626
627
628
629
630
631
632
633
634
635
636
637
638
639
640
641
642
643
644
645
646
647
648
649
650
651
652
653
654
655
656
657
658
659
660
661
662
663
664
665
666
667
668
669
670
671
672
673
674
675
676
677
678
679
680
681
682
683
684
685
686
687
688
689
690
691
692
693
694
695
696
697
698
699
700
701
702
703
704
705
706
707
708
709
710
711
712
713
714
715
716
717
718
719
720
721
722
723
724
725
726
727
728
729
730
731
732
733
734
735
736
737
738
739
740
741
742
743
744
745
746
747
748
749
750
751
752
753
754
756
757
758
759
760
761
762
763
764
765
767
768
769
770
771
772
773
774
775
776
777
778
779
780
781
782
783
784
785
786
787
788
789
790
791
792
793
794
795
796
797
798
799
800
801
802
803
804
805
806
807
808
809
810
811
812
813
814
815
816
817
818
819
820
821
822
823
824
825
826
827
828
829
830
831
832
833
834
835
836
837
838
839
840
841
842
843
844
845
846
847
848
849
850
851
852
853
854
855
856
857
858
859
860
861
862
863
864
865
866
867
868
869
870
871
872
873
874
875
876
877
878
879
880
881
882
883
884
885
886
887
888
889
890
891
892
893
894
895
896
897
898
899
900
901
902
903
904
905
906
907
908
909
910
911
912
913
914
915
916
917
918
919
920
921
922
923
924
925
926
927
928
929
930
931
932
933
934
935
936
937
938
939
940
941
942
943
944
945
946
947
948
949
950
951
952
953
954
955
956
957
958
960
961
962
963
964
965
966
967
968
969
970
971
972
973
974
975
976
977
978
979
980
981
982
983
984
985
986
987
988
989
990
991
992
993
994
995
996
997
998
999
1000
1001
1002
1003
1004
0 178 1
2 168 1
2 377 1
4 720 1
4 771 1
4 371 1
5 107 3
6 178 1
8 731 1
10 173 1
12 720 1
12 870 1
13 738 1
14 738 1
14 410 1
15 680 2
15 731 4
16 410 2
16 541 3
17 857 1
17 915 1
17 316 3
17 165 1
24 547 1
24 629 13
25 458 1
28 987 1
28 955 4
29 333 1
30 765 1
31 316 3
31 165 1
32 433 3
32 90 4
32 118 2
32 214 1
32 977 1
38 474 1
38 309 1
38 334 1
38 591 1
40 802 2
40 159 1
41 723 1
41 758 1
48 458 1
50 559 6
52 168 4
52 356 4
53 193 1
56 432 2
56 410 1
56 987 1
56 159 1
61 483 3
61 229 2
61 127 1
61 718 7
61 591 4
61 991 1
61 607 5
62 646 1
62 214 3
62 542 7
62 159 3
64 322 1
64 939 1
64 324 1
64 102 1
64 487 1
64 139 1
64 524 1
64 206 1
64 125 1
64 534 2
64 154 1
64 477 1
64 510 1
65 193 2
65 607 1
67 963 7
67 165 4
67 846 5
67 207 7
67 561 6
67 344 3
68 987 1
72 135 2
73 458 1
74 104 1
74 356 3
74 166 2
75 772 1
75 334 1
77 168 2
77 260 3
78 976 1
78 178 1
82 870 1
87 160 1
90 736 1
90 193 1
90 546 1
90 356 2
90 613 1
90 316 2
90 167 1
90 428 1
90 915 1
90 306 2
90 416 1
90 663 2
90 472 1
90 313 1
90 101 1
90 509 1
90 787 1
90 191 1
91 317 1
92 316 2
95 987 1
96 420 1
96 388 1
98 707 5
98 454 4
98 134 2
98 713 4
98 107 4
98 268 4
98 429 1
98 592 5
98 401 5
98 117 4
98 278 1
101 423 1
102 534 1
104 765 1
105 374 1
106 788 1
106 509 1
107 201 2
107 810 1
107 980 3
107 537 1
107 381 2
111 586 1
111 332 1
111 765 4
112 392 1
112 674 2
112 267 1
118 335 3
119 700 1
120 609 1
120 772 2
120 454 1
120 752 1
120 245 1
120 923 1
120 191 1
122 857 1
122 410 1
125 622 2
126 332 2
126 356 1
127 843 4
127 718 2
127 595 1
127 916 1
127 607 1
133 168 1
133 256 2
133 416 2
134 592 9
134 738 1
135 549 2
135 870 3
135 936 11
135 170 2
135 371 3
135 692 2
135 628 3
135 581 6
136 200 3
136 428 2
136 915 1
136 316 3
137 936 1
139 513 1
141 789 1
142 915 1
142 316 4
142 629 1
142 951 1
143 731 1
143 629 1
147 347 2
147 277 1
147 715 1
151 253 1
153 410 1
157 586 1
157 684 1
157 686 1
159 704 2
159 865 1
159 290 3
159 963 4
159 900 1
159 517 2
159 742 2
159 334 1
159 978 4
159 692 1
159 542 1
159 214 5
159 724 5
159 251 2
159 220 1
159 189 3
160 493 1
160 891 2
160 629 6
160 630 1
164 638 1
165 401 7
165 915 1
165 629 1
165 344 2
165 857 1
165 858 1
165 316 9
165 990 2
166 416 1
167 274 2
167 988 1
168 260 3
168 648 1
168 266 12
168 782 8
168 912 8
168 790 1
168 416 4
168 557 3
168 949 1
168 439 2
168 699 3
168 700 1
168 575 3
168 472 5
168 730 1
168 607 1
168 356 7
168 232 6
168 369 1
169 372 1
170 720 2
171 590 1
173 541 1
175 849 7
175 410 1
175 275 9
178 482 1
178 228 1
178 502 4
178 710 1
178 295 1
178 646 2
178 599 2
178 333 1
178 976 1
178 693 1
178 470 1
178 409 1
178 249 1
178 538 1
178 767 1
178 605 3
178 862 1
178 991 1
181 696 1
181 190 1
184 832 2
184 710 2
188 274 1
188 421 2
189 729 1
189 236 5
189 718 6
190 353 2
190 656 1
190 274 1
190 373 1
190 920 2
191 692 1
191 334 2
191 415 1
193 707 1
194 951 1
197 850 1
199 996 1
199 506 1
199 644 1
200 915 1
200 316 3
201 843 1
207 795 5
207 424 2
207 558 1
208 1004 1
209 356 6
209 765 1
214 290 5
214 923 1
214 940 1
214 746 1
214 428 1
214 671 1
214 687 1
214 963 1
214 692 2
214 278 1
214 233 3
214 316 1
214 415 3
216 458 3
220 772 3
228 693 1
228 605 5
229 607 2
230 633 1
231 738 1
231 582 1
231 873 13
231 698 1
231 987 1
231 607 1
232 472 2
232 260 1
232 782 2
232 575 3
233 329 1
233 692 5
233 245 1
233 633 1
233 540 4
236 1004 5
239 663 1
243 729 1
245 698 1
245 987 1
245 540 2
246 724 1
246 423 1
248 506 1
250 886 1
250 927 2
251 410 1
251 987 1
253 290 1
253 566 1
256 356 2
256 294 3
260 790 3
266 912 1
266 416 1
267 648 1
267 586 20
267 700 1
267 614 2
268 592 1
270 576 1
272 596 1
275 849 9
277 686 1
278 290 1
278 334 1
280 739 1
280 629 7
290 589 1
291 401 3
291 454 4
292 769 1
293 724 4
294 416 1
294 648 1
294 586 1
294 984 1
294 313 1
299 559 1
302 316 3
306 659 2
306 742 4
306 607 1
310 586 1
311 329 1
311 987 1
313 472 1
313 356 3
313 765 1
316 344 2
316 392 2
316 647 5
316 971 3
316 428 8
316 915 5
316 953 2
316 952 3
316 857 4
316 543 3
316 990 3
318 684 1
318 565 1
319 458 1
319 956 1
320 843 5
322 343 3
323 622 2
327 381 3
332 416 1
332 586 3
332 782 2
332 500 1
332 575 3
333 569 1
333 693 1
334 609 1
334 772 1
334 617 2
334 687 1
334 692 2
334 534 1
334 607 1
334 923 1
338 987 1
341 915 3
343 663 2
356 416 1
356 868 1
356 743 2
356 684 1
356 912 4
356 586 2
356 602 2
356 472 8
356 765 4
360 629 2
361 987 1
362 812 1
362 428 1
362 371 1
362 695 3
362 954 1
362 383 1
364 987 1
369 444 1
372 404 1
377 422 1
377 457 1
377 586 3
377 718 4
377 630 1
377 393 5
377 729 1
377 731 1
381 670 1
383 720 5
388 565 1
392 696 3
392 630 7
397 671 1
397 975 1
398 712 2
399 663 1
401 454 8
401 429 4
401 415 5
410 482 1
410 837 1
410 1001 1
410 650 1
410 777 1
410 994 1
410 719 1
410 433 1
410 969 1
410 924 2
410 541 1
415 416 1
415 692 2
415 607 2
416 912 3
416 648 1
416 949 1
416 868 2
416 586 3
418 977 16
418 996 22
420 559 1
421 424 7
421 795 6
422 731 1
424 629 2
424 795 4
424 990 3
424 709 1
428 838 1
428 915 5
428 857 2
428 990 1
429 454 5
432 987 1
433 738 2
433 987 4
444 823 1
444 535 2
447 586 1
450 802 3
450 742 2
450 776 5
450 684 2
450 915 2
450 695 2
450 568 1
450 923 1
450 671 2
454 772 2
454 713 1
454 592 10
458 672 1
458 618 1
458 558 2
458 723 1
458 758 1
458 956 1
472 743 1
472 782 8
472 912 3
482 987 1
485 513 1
493 561 1
493 629 3
493 630 1
497 977 1
500 586 2
500 814 2
502 607 1
506 644 3
506 724 3
506 599 1
506 702 1
509 788 1
509 780 1
509 893 1
510 622 1
510 534 1
514 780 1
517 776 1
517 684 2
517 915 1
517 952 1
517 923 1
526 629 2
530 586 1
530 891 1
530 684 1
530 629 4
530 630 3
531 994 1
531 987 3
534 607 1
540 832 1
540 641 1
540 987 2
540 773 1
540 697 1
540 698 1
540 955 7
541 738 1
541 644 1
541 996 1
541 702 2
542 923 1
542 684 2
552 978 2
557 912 1
559 622 4
561 629 2
561 846 2
563 731 1
565 844 1
568 947 2
569 607 1
573 586 1
575 912 1
577 686 2
581 936 5
582 987 1
582 764 1
585 954 1
586 776 1
586 617 3
586 684 2
586 782 1
586 915 1
586 762 1
586 687 1
587 720 1
591 718 2
591 923 2
591 607 1
592 713 3
592 927 5
596 662 1
597 738 1
605 789 1
607 612 1
607 742 1
607 687 1
607 692 1
607 718 1
607 696 3
607 833 1
609 772 1
612 740 1
614 978 1
617 720 1
617 687 2
622 676 2
628 720 1
629 647 1
629 658 3
629 685 2
629 953 2
629 846 2
629 990 1
629 739 1
629 630 5
629 631 2
629 891 9
630 685 2
630 978 1
638 951 1
641 987 1
644 738 1
644 702 1
647 915 3
650 738 4
650 682 4
650 654 3
650 783 3
654 738 1
654 682 1
656 920 2
659 742 1
669 731 1
671 776 1
671 684 1
671 915 2
672 844 4
680 720 3
682 738 2
682 783 1
684 742 1
684 776 6
684 687 2
684 915 6
684 851 1
684 923 3
685 838 2
687 923 2
692 775 1
696 731 2
697 925 1
697 855 2
698 764 1
698 840 1
698 873 1
698 925 2
700 812 1
704 743 2
707 880 1
707 951 2
708 718 1
710 832 2
711 718 2
716 718 1
718 904 1
718 754 1
719 921 1
720 870 1
720 855 1
723 758 1
724 951 2
731 739 1
731 870 2
731 797 1
737 849 1
738 996 1
738 1001 1
738 783 3
738 850 1
738 979 1
738 921 1
738 923 2
739 915 1
742 915 2
746 935 3
758 844 1
758 918 2
758 956 2
764 987 1
765 908 1
771 901 1
772 923 1
774 947 16
776 975 1
776 915 5
789 987 1
790 956 2
790 812 2
809 987 1
828 837 1
840 987 1
849 987 1
851 978 3
857 915 1
858 991 2
866 951 1
872 987 1
873 987 1
912 949 1
935 966 1
955 987 1
977 1001 1
977 1004 1
978 988 1
987 994 1
