0
1
2
3
4
5
6
7
8
9
10
11
12
13
14
15
16
17
18
19
20
21
22
23
24
25
26
27
28
29
30
31
32
33
34
35
36
37
38
39
40
41
42
43
44
45
46
47
48
49
50
51
52
53
54
55
56
57
58
59
60
61
62
63
64
65
66
67
68
69
70
71
72
73
74
75
76
77
78
79
80
81
82
83
84
85
86
87
88
89
90
91
92
93
94
95
96
97
98
99
100
101
102
103
104
105
106
107
108
109
110
111
112
113
114
115
116
117
118
119
120
121
122
123
124
125
126
127
128
129
130
131
132
133
134
135
136
137
138
139
141
142
143
144
145
146
147
148
149
150
151
152
153
154
155
157
158
159
160
161
162
163
164
165
166
167
168
169
170
171
172
173
174
175
176
177
178
179
180
181
182
183
184
185
186
187
188
189
190
191
192
193
194
195
196
197
198
199
200
201
202
203
204
205
206
207
208
209
210
211
212
213
214
215
216
217
218
219
220
221
222
223
224
225
226
227
228
229
230
231
232
233
235
236
237
238
239
240
241
242
243
244
245
246
247
248
249
250
251
252
253
254
255
256
257
259
260
262
263
264
265
266
267
268
269
270
271
272
273
274
275
276
277
278
279
280
281
282
283
284
285
286
287
288
289
290
291
292
293
294
295
296
297
299
300
301
302
303
304
305
306
307
308
309
310
311
312
313
314
315
316
317
318
319
320
321
322
323
324
325
326
327
328
329
330
331
332
333
334
335
336
337
338
339
340
341
343
344
345
346
347
348
349
350
351
352
353
355
356
357
358
359
360
361
362
364
365
366
367
368
369
370
371
372
373
374
375
376
377
378
379
380
381
382
383
384
385
386
387
388
389
390
391
392
393
394
395
396
397
398
399
400
401
402
403
404
405
406
407
408
409
410
411
412
413
414
415
416
418
419
420
421
422
423
424
425
426
427
428
429
430
431
432
433
434
435
436
437
438
439
440
441
442
443
444
445
446
447
448
449
450
451
452
453
454
455
456
457
458
459
460
461
462
464
465
466
467
468
469
470
471
472
473
474
475
476
477
478
479
480
481
482
483
484
485
486
487
488
489
490
491
492
493
495
496
497
498
499
500
501
502
503
504
505
506
507
508
509
510
511
512
513
514
515
516
517
518
519
520
521
522
523
524
525
526
527
528
530
531
532
533
534
535
536
537
538
539
540
541
542
543
544
545
546
547
548
549
550
551
552
553
554
556
557
558
559
560
561
562
563
564
565
566
567
568
569
570
571
572
573
574
575
576
577
578
579
580
581
582
583
584
585
586
587
588
589
590
591
592
593
594
595
596
597
598
599
600
601
602
603
604
605
606
607
609
610
611
612
613
614
615
616
617
618
619
621
622
623
624
625
626
627
628
629
630
631
632
633
634
635
636
637
638
639
640
641
642
643
644
645
646
647
648
649
650
651
652
653
654
655
656
657
658
659
660
661
662
663
664
665
666
667
668
669
670
671
672
673
674
675
676
677
678
679
680
681
682
683
684
685
686
687
688
689
690
691
692
693
694
695
696
697
698
699
700
701
702
703
704
705
706
707
708
709
710
711
712
713
714
715
716
717
718
719
720
721
722
723
724
725
726
727
728
729
730
731
732
733
734
735
736
737
738
739
740
741
742
743
744
745
746
747
748
749
750
751
752
753
754
756
757
758
759
760
761
762
763
764
765
767
768
769
770
771
772
773
774
775
776
777
778
779
780
781
782
783
784
785
786
787
788
789
790
791
792
793
794
795
796
797
798
799
800
801
802
803
804
805
806
807
808
809
810
811
812
813
814
815
816
817
818
819
820
821
822
823
824
825
826
827
828
829
830
831
832
833
834
835
836
837
838
839
840
841
842
843
844
845
846
847
848
849
850
851
852
853
854
855
856
857
858
859
860
861
862
863
864
865
866
867
868
869
870
871
872
873
874
875
876
877
878
879
880
881
882
883
884
885
886
887
888
889
890
891
892
893
894
895
896
897
898
899
900
901
902
903
904
905
906
907
908
909
910
911
912
913
914
915
916
917
918
919
920
921
922
923
924
925
926
927
928
929
930
931
932
933
934
935
936
937
938
939
940
941
942
943
944
945
946
947
948
949
950
951
952
953
954
955
956
957
958
960
961
962
963
964
965
966
967
968
969
970
971
972
973
974
975
976
977
978
979
980
981
982
983
984
985
986
987
988
989
990
991
992
993
994
995
996
997
998
999
1000
1001
1002
1003
1004
0 5 2
0 6 1
0 519 1
0 409 1
0 538 1
0 295 1
0 178 5
0 693 1
0 118 1
0 710 1
0 333 1
0 78 1
0 976 1
0 470 1
0 599 1
0 605 1
0 862 1
0 991 1
0 228 1
0 502 1
0 249 2
0 767 1
2 466 1
2 118 1
2 662 1
2 790 5
2 231 1
4 720 1
5 808 2
5 107 1
5 491 2
5 921 1
6 881 1
6 178 3
6 502 1
7 416 3
7 810 1
8 544 2
8 809 1
8 414 2
13 1001 2
13 850 1
13 516 1
13 214 1
13 532 1
14 1001 4
14 850 1
14 410 1
14 924 7
14 506 2
14 702 1
15 680 8
15 731 9
15 422 1
16 410 1
16 102 3
24 846 2
24 136 1
24 587 1
24 142 1
24 629 4
24 891 13
24 445 1
25 216 1
25 458 1
28 987 7
29 867 1
29 249 5
29 107 1
29 189 2
30 948 3
30 765 3
30 743 1
31 990 2
31 915 1
31 316 4
31 165 10
31 142 1
32 197 1
32 214 4
35 988 1
35 167 2
38 832 1
38 586 2
38 324 3
38 782 1
38 638 1
40 802 1
40 900 1
40 214 1
40 712 2
40 450 1
40 272 1
40 662 1
40 695 2
40 568 1
40 187 1
40 572 1
40 254 1
41 48 1
41 73 3
41 723 1
41 216 1
45 66 1
48 216 1
48 458 2
48 956 1
48 558 2
49 248 1
50 559 3
52 356 2
52 168 1
52 948 1
52 313 2
52 868 5
52 126 2
53 120 1
53 193 2
53 147 1
53 731 1
53 633 1
56 432 1
56 482 2
56 987 7
56 410 1
61 356 2
61 776 2
61 393 2
61 718 18
61 687 1
61 948 2
61 90 2
61 765 1
62 485 1
62 646 2
62 535 2
62 369 1
62 823 2
62 571 4
62 542 6
65 193 1
65 75 1
67 963 10
67 165 5
67 391 3
67 846 6
67 207 1
67 561 1
67 344 3
67 190 1
68 987 7
69 879 1
70 120 1
70 324 2
73 216 1
73 723 1
74 112 2
74 885 1
74 294 1
74 166 4
75 850 1
75 257 1
75 334 2
75 607 2
77 416 1
77 912 1
78 178 4
78 951 1
83 697 2
83 863 1
85 844 1
86 443 2
90 517 1
90 776 1
90 144 1
90 787 5
90 920 3
90 414 1
90 547 1
90 809 1
90 170 3
90 940 1
90 307 1
90 948 1
90 692 1
90 316 1
90 190 4
90 191 1
90 197 1
90 841 3
90 718 3
90 220 4
90 609 1
90 866 2
90 997 1
90 742 3
90 360 2
90 629 1
90 248 2
90 506 1
91 147 2
91 93 1
91 607 1
92 953 1
92 915 1
92 316 3
92 142 1
93 752 2
93 587 1
95 873 1
95 987 7
98 401 1
98 707 1
98 429 2
98 454 6
101 377 3
101 246 2
103 977 2
103 514 3
103 310 2
104 133 3
104 648 2
104 425 8
104 908 1
104 946 1
104 790 2
105 418 16
105 582 1
107 192 2
107 898 3
107 236 1
107 664 1
107 537 1
107 670 1
107 808 1
107 553 2
107 810 1
107 175 2
107 688 1
107 393 1
107 320 1
107 201 1
107 335 3
107 208 1
107 468 1
107 985 1
107 737 2
107 1004 1
107 464 1
107 118 1
107 980 1
107 381 2
111 416 1
112 416 1
112 674 2
112 166 3
112 392 1
112 267 3
112 915 8
112 948 2
112 313 2
112 186 1
112 316 1
113 513 1
113 250 1
114 718 1
118 553 1
118 724 1
118 502 4
118 732 1
120 147 1
120 416 1
120 900 1
120 388 1
120 197 2
120 586 1
120 715 1
120 850 4
120 752 1
120 742 2
120 530 1
120 274 1
120 948 4
120 356 1
120 542 2
120 926 1
120 765 2
120 190 2
120 629 2
122 178 1
122 980 1
122 718 1
126 294 10
126 648 3
126 948 2
126 885 1
126 790 1
126 602 2
126 573 1
127 607 1
127 415 2
132 388 1
134 592 6
135 337 1
135 746 1
136 838 1
136 647 1
136 200 3
136 142 1
136 207 3
136 915 1
136 857 1
136 316 4
137 306 1
139 323 1
141 512 3
141 241 1
141 978 1
141 988 1
141 214 1
142 344 1
142 971 1
142 165 1
142 647 1
142 200 2
142 267 2
142 428 1
142 302 1
142 207 3
142 952 1
142 915 2
142 953 2
142 857 1
142 543 1
142 316 6
142 990 1
143 544 2
147 416 5
147 577 4
147 931 1
147 277 1
147 933 1
147 454 5
147 257 1
147 171 4
147 590 1
147 355 1
147 214 1
147 347 1
147 926 1
147 686 1
149 585 2
149 716 1
149 372 3
150 890 1
151 253 2
152 443 2
153 624 1
153 769 2
153 818 1
157 684 1
157 746 2
157 356 3
157 277 1
157 687 1
159 577 1
159 738 1
159 940 1
159 718 3
159 214 3
160 200 4
160 530 3
160 571 8
160 629 5
161 571 2
164 832 2
164 879 1
164 638 4
164 943 1
165 838 2
165 915 1
165 207 5
165 401 7
165 707 1
165 344 6
165 543 1
165 316 10
165 990 1
166 416 3
166 704 1
166 674 3
166 356 1
166 743 3
166 392 3
166 586 7
166 782 1
166 573 1
166 168 3
166 883 6
166 340 1
167 552 2
167 188 1
167 274 1
167 851 1
167 988 1
167 957 1
168 260 6
168 782 3
168 912 18
168 984 1
168 790 6
168 416 4
168 425 7
168 435 1
168 949 11
168 439 9
168 313 6
168 575 2
168 704 1
168 197 1
168 966 3
168 472 18
168 730 1
168 868 4
168 232 2
168 362 1
169 372 3
170 697 1
170 855 1
171 277 2
173 1001 2
173 850 1
175 849 9
178 214 1
178 657 3
178 280 4
178 409 3
178 538 3
178 295 3
178 693 6
178 569 3
178 188 1
178 189 4
178 710 3
178 333 3
178 976 3
178 977 3
178 339 3
178 470 3
178 599 3
178 605 4
178 862 6
178 991 3
178 482 3
178 228 3
178 616 1
178 628 4
178 502 16
178 249 3
178 767 3
180 958 2
181 953 2
181 915 3
181 190 5
184 607 1
185 850 1
185 830 2
186 256 1
186 648 1
186 267 3
186 517 1
187 802 1
187 947 2
188 585 2
188 978 1
188 502 2
188 988 1
188 862 1
189 193 1
189 362 3
189 428 1
189 977 1
189 629 3
189 502 2
189 921 1
189 506 4
189 731 3
190 353 4
190 614 1
190 530 2
190 656 5
190 920 1
190 274 4
190 373 4
190 891 1
191 752 1
191 220 1
191 692 3
192 381 8
193 416 2
193 707 1
193 454 3
193 776 3
193 873 1
193 714 4
193 782 1
193 264 1
193 338 1
193 633 1
195 595 1
196 401 3
196 850 1
197 326 1
197 586 1
197 721 1
197 850 1
198 454 1
199 996 2
199 1001 2
199 654 1
199 433 1
199 850 1
199 506 4
199 924 12
199 541 1
200 428 1
200 344 1
200 530 5
200 915 8
200 629 3
200 952 7
200 857 2
200 883 2
200 316 7
207 391 1
207 795 1
207 953 1
207 891 1
207 988 1
207 349 3
209 356 1
213 229 1
214 515 1
214 775 1
214 776 1
214 783 1
214 912 2
214 530 2
214 531 1
214 920 1
214 798 2
214 290 1
214 935 2
214 692 2
214 951 1
214 569 1
214 316 3
214 577 5
214 963 1
214 324 1
214 712 2
214 586 1
214 738 1
214 720 1
214 416 1
214 544 1
214 857 4
214 994 1
214 356 1
214 742 1
214 746 8
214 239 1
214 371 1
214 629 5
214 707 1
216 672 1
216 321 2
216 618 1
216 558 1
216 723 1
216 956 1
216 458 2
216 319 1
220 609 3
220 471 2
223 746 1
225 883 1
228 605 3
228 502 3
228 693 2
229 993 1
229 769 1
229 301 1
229 241 1
229 306 2
229 696 2
230 577 1
231 738 1
231 840 1
231 874 2
231 245 1
231 987 8
231 540 1
231 830 2
231 607 2
232 416 1
232 704 3
232 425 3
232 332 1
232 946 3
232 759 2
233 692 1
235 890 2
236 537 1
239 577 1
239 630 2
239 502 1
239 951 4
239 731 2
241 988 1
243 265 3
245 546 1
245 550 1
245 329 1
245 874 2
245 987 7
245 540 2
246 293 2
246 724 5
246 423 3
248 609 3
248 746 1
249 506 5
249 393 1
250 513 1
250 770 1
250 485 1
250 646 1
250 551 1
250 535 1
250 332 4
250 369 3
250 722 1
250 854 1
250 823 1
250 444 1
250 542 2
251 531 1
251 482 1
251 987 7
253 290 3
253 566 3
256 356 3
256 648 1
256 267 1
256 885 1
256 313 1
260 868 1
260 782 1
260 912 2
260 313 1
260 762 1
264 329 2
264 454 3
266 912 2
266 790 2
266 439 4
267 517 2
267 614 1
267 648 4
267 586 2
267 530 1
267 435 3
267 948 2
267 662 1
267 478 4
270 1001 2
270 850 1
270 654 1
273 769 1
273 581 1
273 951 12
274 614 1
275 849 6
277 571 3
278 923 2
280 614 1
280 915 2
280 629 4
280 502 1
280 953 1
281 718 6
284 584 4
284 680 4
284 731 7
285 571 3
288 484 23
288 391 14
288 493 21
288 846 26
288 561 21
288 629 24
288 630 1
288 445 15
290 589 1
291 401 1
291 429 2
293 883 1
293 862 2
294 416 1
294 332 3
294 817 1
294 885 6
294 313 2
294 762 1
294 586 9
299 388 1
299 509 2
301 978 2
301 795 1
301 988 1
302 915 1
302 316 3
304 317 1
305 425 1
306 752 1
306 771 1
306 742 4
306 784 1
306 659 4
306 790 1
306 570 1
306 720 1
306 703 1
309 474 1
310 853 3
310 477 7
311 697 2
311 987 7
313 416 2
313 356 6
313 912 2
313 885 2
313 472 4
316 915 21
316 543 3
316 428 7
316 952 4
316 953 9
316 971 4
316 344 3
316 857 6
316 349 3
316 990 3
316 629 1
316 630 4
317 769 1
318 844 1
318 332 2
319 684 2
319 458 1
319 844 4
319 918 1
321 499 2
322 343 3
324 326 1
324 586 1
324 638 3
324 510 2
326 416 1
326 586 2
326 687 1
326 696 2
327 921 3
327 850 1
327 381 3
327 1001 2
329 775 1
329 819 1
329 692 1
329 540 1
332 586 7
332 782 1
332 500 5
332 542 2
333 767 3
333 502 1
333 383 1
334 850 1
334 607 1
335 664 1
335 810 3
335 381 1
337 505 1
337 603 1
338 987 7
341 915 1
343 943 1
343 399 1
343 950 1
343 663 3
344 915 1
349 976 3
356 517 3
356 912 5
356 915 1
356 416 2
356 602 4
356 684 4
356 687 1
356 946 3
356 948 10
356 415 1
356 718 3
356 591 1
356 721 2
356 472 12
356 730 3
356 868 3
356 743 4
356 499 1
356 765 1
360 629 6
361 987 7
362 416 1
362 771 2
362 502 3
362 695 1
362 381 1
362 383 1
365 732 1
369 646 2
369 535 1
372 404 3
377 866 1
377 422 2
377 423 1
377 393 3
377 718 5
377 724 3
377 457 3
377 696 4
377 729 4
377 731 1
378 514 3
378 603 1
379 568 3
379 443 3
379 454 1
380 440 1
381 643 1
381 532 3
381 921 1
383 528 2
383 720 4
383 531 6
388 638 1
388 534 1
391 891 1
391 629 2
392 674 2
392 948 2
394 571 8
397 671 1
397 975 1
399 663 1
401 454 1
401 429 5
401 415 1
402 832 1
402 559 1
407 843 3
410 976 2
410 719 1
414 891 3
415 429 4
415 425 1
416 854 1
416 782 13
416 912 4
416 790 1
416 674 1
416 948 6
416 573 1
416 707 1
416 586 6
416 602 2
416 868 14
416 743 1
416 885 2
416 887 1
416 765 2
418 977 10
418 996 7
421 424 3
421 795 1
421 988 1
422 613 1
422 680 3
422 724 1
422 731 8
423 849 7
423 977 1
424 795 1
424 988 1
425 648 3
425 946 5
425 472 3
425 607 2
428 915 2
429 454 6
432 809 1
432 987 7
432 468 1
433 738 1
433 987 7
435 586 3
435 868 1
435 782 1
439 912 3
440 537 6
443 662 3
444 535 2
445 891 6
445 629 2
447 586 2
447 885 1
450 802 2
450 746 1
450 712 2
450 595 1
450 695 1
450 571 5
450 572 1
454 592 2
456 720 1
458 704 1
458 684 1
458 558 1
458 956 1
468 643 1
469 512 6
469 988 1
469 630 1
471 617 1
472 912 3
472 946 1
472 535 3
472 575 2
479 696 1
480 987 7
482 987 7
483 696 2
484 629 2
485 513 1
485 646 3
491 899 2
493 530 2
493 629 6
493 630 6
495 568 2
499 704 1
499 684 1
499 844 2
500 746 1
500 814 1
500 687 1
500 782 3
500 542 1
502 772 2
502 790 4
502 538 2
502 923 1
502 693 3
502 951 1
502 700 2
502 718 2
502 724 2
502 605 3
502 862 3
502 746 1
505 603 1
506 996 6
506 1001 4
506 690 1
506 850 1
506 654 1
506 924 6
506 541 3
509 634 3
509 603 1
509 780 2
512 988 1
513 646 5
514 832 6
514 1001 3
514 780 4
514 977 5
514 950 3
514 603 1
516 644 2
516 1001 2
516 654 1
516 850 1
516 532 2
516 804 1
516 761 4
517 586 3
517 948 2
517 952 3
517 602 1
522 546 1
526 629 4
526 614 1
527 720 2
527 870 2
528 866 3
530 891 2
530 630 4
530 838 1
530 746 2
530 846 1
530 629 11
530 571 10
531 738 1
531 987 9
532 553 2
532 761 1
532 804 1
532 700 1
534 649 2
534 746 1
534 879 1
534 571 1
534 862 1
534 607 1
538 862 1
540 641 2
540 874 2
540 624 6
540 855 2
540 697 4
540 987 7
541 644 2
541 1001 2
541 657 3
541 850 1
541 996 1
542 646 1
542 746 2
542 823 2
542 571 1
543 915 1
544 580 2
544 791 2
544 669 2
546 844 1
546 550 3
547 891 1
547 851 2
547 988 1
547 862 1
549 687 1
551 646 1
552 858 1
552 951 1
552 988 1
553 566 1
558 956 1
559 622 2
561 614 1
561 629 4
561 846 7
565 684 2
565 679 1
566 772 1
568 695 1
571 900 10
571 742 7
571 870 3
571 935 2
571 776 6
571 684 4
571 813 25
571 910 1
571 663 3
571 731 1
571 885 2
572 802 1
572 614 1
572 695 1
573 586 2
576 1001 2
576 850 1
576 654 1
580 791 1
581 936 2
581 633 2
582 849 2
582 987 7
584 731 2
585 954 1
585 695 2
586 868 2
586 617 2
586 674 1
586 782 12
586 762 3
587 833 2
587 752 2
591 746 2
591 607 1
592 609 3
592 948 5
593 718 1
595 718 1
595 934 2
600 672 1
602 718 3
603 780 1
603 822 1
603 735 2
605 693 1
607 692 2
607 718 1
607 724 1
607 926 1
609 772 2
609 633 1
609 923 1
614 647 1
614 988 1
614 685 1
614 656 1
614 858 1
614 891 1
629 658 4
629 685 4
629 846 4
629 724 1
629 630 6
629 631 3
629 891 10
630 685 2
633 707 1
633 789 1
633 951 1
638 832 1
638 788 2
638 700 1
641 987 7
643 810 1
643 685 1
644 1001 3
644 850 1
644 783 1
647 915 1
648 885 1
650 1001 2
650 850 1
650 654 1
654 896 1
654 738 1
654 837 1
654 1001 2
654 783 1
654 850 1
654 979 1
654 921 1
654 719 1
657 1001 2
657 850 1
657 996 1
663 951 8
663 950 8
668 720 2
668 746 8
668 935 1
674 948 2
678 802 4
679 863 1
680 896 2
680 707 2
680 720 3
680 731 2
682 850 1
684 704 1
684 746 2
684 844 2
684 918 2
687 746 1
692 746 2
695 802 2
696 935 1
697 771 2
697 720 1
697 855 6
697 925 3
698 987 7
699 912 1
700 790 1
702 1001 2
702 850 1
702 924 4
704 743 1
706 951 1
707 880 2
707 951 1
711 724 1
716 718 1
718 731 5
718 742 1
718 746 1
718 883 7
718 724 6
718 915 6
719 1001 2
719 850 1
719 738 1
720 833 1
720 771 1
720 935 16
720 746 9
720 813 2
720 855 1
724 883 1
730 868 18
731 746 1
737 849 6
738 1001 2
738 783 1
738 850 2
738 745 1
739 746 1
740 788 1
742 771 2
742 900 7
742 746 1
743 765 2
745 1001 2
745 850 1
745 828 1
746 776 2
746 920 1
746 935 15
746 775 1
746 813 10
746 834 1
746 851 1
746 980 1
746 994 1
752 833 1
758 844 1
759 782 1
761 850 1
762 984 1
764 840 6
764 874 2
764 987 7
765 936 2
765 946 3
765 948 3
769 771 3
771 901 1
772 850 1
772 870 1
774 947 11
780 977 2
782 868 5
782 912 1
782 887 2
782 984 1
783 1001 2
783 850 2
783 921 1
783 804 2
784 901 1
789 987 8
790 812 1
790 863 2
795 891 3
795 988 1
795 957 1
803 948 2
804 850 10
807 951 1
808 898 1
809 994 3
809 987 14
810 881 2
813 935 2
817 851 1
817 988 1
828 1001 2
833 850 1
833 948 2
837 1001 2
837 850 1
838 952 2
840 874 2
840 987 7
849 987 7
850 921 1
850 924 1
850 987 1
850 996 1
850 1001 4
850 881 1
851 978 2
851 988 1
853 920 1
853 951 4
854 918 3
857 915 8
857 990 1
863 993 1
872 987 7
873 874 2
873 987 7
881 1001 2
883 936 3
883 951 1
885 889 1
885 984 1
891 915 3
907 912 1
912 948 2
912 949 1
915 952 1
915 953 4
915 971 1
915 990 1
918 946 1
921 1001 2
921 1004 2
924 1001 4
925 987 7
939 951 2
950 977 2
952 971 1
953 957 1
953 990 1
954 988 1
955 987 7
957 988 1
977 1004 5
978 988 1
979 1001 2
987 994 8
996 1001 2
