0
1
2
3
4
5
6
7
8
9
10
11
12
13
14
15
16
17
18
19
20
21
22
23
24
25
26
27
28
29
30
31
32
33
34
35
36
37
38
39
40
41
42
43
44
45
46
47
48
49
50
51
52
53
54
55
56
57
58
59
60
61
62
63
64
65
66
67
68
69
70
71
72
73
74
75
76
77
78
79
80
81
82
83
84
85
86
87
88
89
90
91
92
93
94
95
96
97
98
99
100
101
102
103
104
105
106
107
108
109
110
111
112
113
114
115
116
117
118
119
120
121
122
123
124
125
126
127
128
129
130
131
132
133
134
135
136
137
138
139
141
142
143
144
145
146
147
148
149
150
151
152
153
154
155
157
158
159
160
161
162
163
164
165
166
167
168
169
170
171
172
173
174
175
176
177
178
179
180
181
182
183
184
185
186
187
188
189
190
191
192
193
194
195
196
197
198
199
200
201
202
203
204
205
206
207
208
209
210
211
212
213
214
215
216
217
218
219
220
221
222
223
224
225
226
227
228
229
230
231
232
233
235
236
237
238
239
240
241
242
243
244
245
246
247
248
249
250
251
252
253
254
255
256
257
259
260
262
263
264
265
266
267
268
269
270
271
272
273
274
275
276
277
278
279
280
281
282
283
284
285
286
287
288
289
290
291
292
293
294
295
296
297
299
300
301
302
303
304
305
306
307
308
309
310
311
312
313
314
315
316
317
318
319
320
321
322
323
324
325
326
327
328
329
330
331
332
333
334
335
336
337
338
339
340
341
343
344
345
346
347
348
349
350
351
352
353
355
356
357
358
359
360
361
362
364
365
366
367
368
369
370
371
372
373
374
375
376
377
378
379
380
381
382
383
384
385
386
387
388
389
390
391
392
393
394
395
396
397
398
399
400
401
402
403
404
405
406
407
408
409
410
411
412
413
414
415
416
418
419
420
421
422
423
424
425
426
427
428
429
430
431
432
433
434
435
436
437
438
439
440
441
442
443
444
445
446
447
448
449
450
451
452
453
454
455
456
457
458
459
460
461
462
464
465
466
467
468
469
470
471
472
473
474
475
476
477
478
479
480
481
482
483
484
485
486
487
488
489
490
491
492
493
495
496
497
498
499
500
501
502
503
504
505
506
507
508
509
510
511
512
513
514
515
516
517
518
519
520
521
522
523
524
525
526
527
528
530
531
532
533
534
535
536
537
538
539
540
541
542
543
544
545
546
547
548
549
550
551
552
553
554
556
557
558
559
560
561
562
563
564
565
566
567
568
569
570
571
572
573
574
575
576
577
578
579
580
581
582
583
584
585
586
587
588
589
590
591
592
593
594
595
596
597
598
599
600
601
602
603
604
605
606
607
609
610
611
612
613
614
615
616
617
618
619
621
622
623
624
625
626
627
628
629
630
631
632
633
634
635
636
637
638
639
640
641
642
643
644
645
646
647
648
649
650
651
652
653
654
655
656
657
658
659
660
661
662
663
664
665
666
667
668
669
670
671
672
673
674
675
676
677
678
679
680
681
682
683
684
685
686
687
688
689
690
691
692
693
694
695
696
697
698
699
700
701
702
703
704
705
706
707
708
709
710
711
712
713
714
715
716
717
718
719
720
721
722
723
724
725
726
727
728
729
730
731
732
733
734
735
736
737
738
739
740
741
742
743
744
745
746
747
748
749
750
751
752
753
754
756
757
758
759
760
761
762
763
764
765
767
768
769
770
771
772
773
774
775
776
777
778
779
780
781
782
783
784
785
786
787
788
789
790
791
792
793
794
795
796
797
798
799
800
801
802
803
804
805
806
807
808
809
810
811
812
813
814
815
816
817
818
819
820
821
822
823
824
825
826
827
828
829
830
831
832
833
834
835
836
837
838
839
840
841
842
843
844
845
846
847
848
849
850
851
852
853
854
855
856
857
858
859
860
861
862
863
864
865
866
867
868
869
870
871
872
873
874
875
876
877
878
879
880
881
882
883
884
885
886
887
888
889
890
891
892
893
894
895
896
897
898
899
900
901
902
903
904
905
906
907
908
909
910
911
912
913
914
915
916
917
918
919
920
921
922
923
924
925
926
927
928
929
930
931
932
933
934
935
936
937
938
939
940
941
942
943
944
945
946
947
948
949
950
951
952
953
954
955
956
957
958
960
961
962
963
964
965
966
967
968
969
970
971
972
973
974
975
976
977
978
979
980
981
982
983
984
985
986
987
988
989
990
991
992
993
994
995
996
997
998
999
1000
1001
1002
1003
1004
0 569 1
0 178 1
2 789 2
2 52 1
2 782 5
2 790 1
2 231 2
4 304 2
5 808 1
5 506 2
5 491 5
5 29 1
6 569 1
6 178 1
6 506 2
13 120 1
13 921 1
14 921 1
14 506 2
14 924 1
14 189 1
15 680 2
16 102 1
17 316 1
24 280 2
24 629 3
25 48 1
25 918 1
26 568 1
28 987 4
29 506 2
30 120 1
30 416 1
30 743 3
31 316 2
31 165 4
32 280 1
32 921 1
32 90 1
32 977 1
32 791 5
35 280 1
35 978 2
35 207 2
40 802 1
40 712 1
40 267 1
40 272 1
40 572 1
40 607 1
41 73 3
41 723 2
45 66 1
46 788 1
48 458 1
48 558 1
48 216 1
48 956 1
48 319 2
50 559 1
52 416 1
52 868 5
52 948 1
52 730 1
53 120 2
53 193 1
53 923 1
56 482 1
56 987 5
56 692 1
58 818 1
58 586 1
61 771 3
61 948 1
61 742 2
61 718 2
61 703 1
62 485 4
62 646 1
65 193 1
67 963 5
67 165 4
67 391 1
67 846 3
67 207 2
67 561 3
67 344 2
68 506 1
68 987 4
68 189 1
70 633 1
70 607 2
70 334 1
70 310 2
70 663 1
73 723 2
74 112 3
74 447 1
74 332 1
74 885 1
74 759 3
75 257 1
75 772 5
75 997 1
75 334 1
75 850 1
75 948 1
75 987 5
75 220 3
75 607 1
77 260 1
78 569 1
78 178 2
82 628 1
86 443 4
90 416 4
90 356 2
90 307 1
90 500 1
90 248 1
90 313 3
90 506 1
90 948 1
90 220 2
91 607 1
92 316 2
95 987 4
96 420 2
98 291 2
98 454 1
98 134 1
98 713 2
98 107 3
98 268 1
98 429 1
98 592 5
98 401 4
98 707 1
98 117 1
98 278 1
101 246 1
101 423 1
103 977 3
103 310 2
103 423 3
107 808 1
107 810 1
112 356 2
112 166 1
112 646 1
112 168 1
112 267 1
112 912 2
112 472 2
112 313 4
112 316 2
113 854 3
118 532 6
118 335 2
120 772 4
120 775 1
120 267 7
120 274 1
120 534 1
120 535 1
120 920 2
120 542 1
120 540 1
120 416 1
120 802 1
120 198 1
120 948 2
120 566 1
120 190 1
120 191 1
120 193 2
120 196 1
120 454 1
120 586 2
120 141 1
120 220 2
120 868 3
120 742 1
120 500 1
120 633 3
120 765 1
122 924 3
125 622 1
126 416 2
126 648 1
126 948 3
126 790 4
127 772 2
127 716 1
127 595 3
127 214 1
127 407 1
127 732 1
127 607 1
132 139 1
134 592 6
134 291 1
134 178 1
134 147 1
135 746 2
135 813 1
135 718 1
136 316 1
141 512 2
141 978 3
142 892 1
142 267 5
142 275 1
142 280 1
142 953 1
142 316 5
147 416 1
147 171 1
147 844 1
147 214 1
147 157 1
147 926 1
149 372 10
151 253 1
157 746 2
158 506 1
159 776 3
159 586 6
159 742 1
159 239 1
160 858 2
160 586 1
160 629 3
160 526 1
161 586 1
164 420 1
164 638 3
164 879 1
165 586 1
165 207 1
165 401 6
165 344 3
165 316 4
166 416 1
166 718 1
166 743 1
167 978 5
167 630 3
168 356 2
168 260 6
168 232 6
168 556 2
168 912 19
168 984 6
168 946 1
168 948 4
168 949 17
168 790 1
168 472 19
168 313 5
168 762 3
168 752 1
168 575 2
169 372 3
170 720 1
170 214 1
170 855 2
171 214 1
171 926 2
173 921 1
173 506 7
173 924 1
173 644 2
175 849 3
175 275 1
175 737 1
178 280 1
178 409 1
178 538 1
178 295 1
178 693 1
178 569 2
178 710 1
178 333 1
178 976 1
178 977 2
178 339 1
178 470 1
178 599 1
178 605 1
178 862 6
178 991 1
178 482 1
178 228 1
178 502 3
178 249 1
178 767 1
180 727 1
181 190 2
184 423 1
184 407 1
185 830 1
187 254 1
188 585 1
188 431 1
188 978 2
188 629 1
188 280 1
188 862 1
189 428 1
189 239 1
189 530 1
189 629 2
189 502 3
189 951 1
189 506 3
189 731 1
189 605 1
190 353 5
190 614 2
190 656 2
190 274 2
190 373 3
190 607 1
191 890 1
191 220 1
193 844 2
193 500 3
193 633 1
193 923 2
195 595 2
196 291 1
199 996 1
199 644 1
199 921 1
199 506 1
199 924 1
199 541 1
200 977 1
200 915 1
200 316 1
201 754 1
207 424 7
207 558 1
207 847 2
207 978 2
207 373 2
207 954 3
207 795 3
207 469 4
208 506 2
209 356 1
214 290 1
214 772 1
214 742 3
214 712 1
214 776 3
214 724 2
214 278 1
214 746 1
216 704 1
220 609 2
220 334 1
220 752 1
220 471 1
223 746 2
225 407 1
226 506 2
228 569 1
229 790 1
231 994 2
231 582 2
231 233 1
231 874 2
231 245 5
231 987 4
231 540 2
231 830 1
232 472 8
232 946 1
233 769 2
233 835 1
233 245 3
236 537 2
239 577 1
239 713 1
239 595 4
239 951 1
243 718 1
245 264 1
245 329 1
245 874 2
245 624 1
245 840 1
245 987 4
245 540 2
246 423 3
248 506 3
248 923 4
248 746 2
249 569 1
249 506 2
251 987 4
256 885 1
257 586 1
260 575 1
264 586 1
267 662 3
267 435 3
267 630 3
270 921 1
270 381 1
270 654 2
271 668 1
272 450 1
273 951 1
277 746 1
278 776 2
278 1003 1
278 334 1
280 915 2
280 547 3
280 647 2
280 360 1
280 561 1
280 526 1
280 920 2
280 530 3
280 851 2
280 629 3
280 658 1
280 631 1
281 586 1
281 491 1
288 484 8
288 391 22
288 493 24
288 846 3
288 561 24
288 629 26
288 630 1
288 445 22
291 454 1
291 713 1
291 1003 1
291 429 1
291 401 4
292 769 1
293 724 1
293 862 1
294 416 2
294 586 2
294 817 4
294 948 3
294 885 4
294 313 1
295 569 1
299 509 2
301 978 2
302 316 2
305 425 1
306 771 3
306 374 1
310 586 2
310 853 1
310 343 7
310 477 12
311 955 1
311 987 4
313 356 6
313 912 1
313 948 1
313 885 1
313 472 2
316 344 1
316 971 2
316 428 3
316 915 3
316 857 1
316 952 1
316 953 3
316 607 2
316 543 2
316 349 2
316 990 2
318 684 1
318 332 1
319 918 1
327 921 2
327 381 1
329 624 2
329 775 1
332 435 2
332 447 1
332 575 1
333 569 1
333 502 1
334 546 3
334 550 2
334 617 1
334 586 2
334 687 1
334 607 1
335 528 1
335 381 1
338 987 4
339 569 1
343 534 1
347 933 1
347 926 1
349 976 1
349 724 4
349 838 1
356 718 1
356 912 4
356 472 4
360 629 3
361 987 4
362 383 3
369 513 1
369 535 2
369 823 1
372 595 2
372 404 3
372 934 3
374 400 1
377 506 2
377 724 1
377 522 1
377 718 1
379 568 1
381 506 2
383 547 1
383 469 2
388 718 1
393 843 9
397 671 1
397 975 1
401 772 1
401 454 4
401 429 12
401 415 4
409 569 1
409 789 1
409 767 1
410 977 1
414 891 1
416 868 7
416 772 6
416 586 3
416 782 7
416 946 1
416 948 3
416 885 3
416 790 3
416 439 1
416 949 3
418 977 5
418 996 2
418 969 1
420 559 2
421 424 4
421 978 3
421 795 1
423 977 3
424 978 2
424 795 6
425 946 1
427 955 5
428 915 2
432 987 4
433 482 1
433 987 4
433 789 4
435 500 1
435 586 2
437 921 1
438 818 1
440 537 3
440 737 1
442 506 2
443 662 5
445 629 4
447 586 1
447 885 1
450 802 2
450 742 1
450 712 1
450 746 2
450 813 1
450 718 1
450 595 3
450 568 3
450 915 1
454 772 1
454 592 2
458 577 2
469 512 2
469 978 2
470 569 1
472 912 7
472 949 1
473 737 1
477 534 1
478 818 1
479 586 1
480 987 4
482 987 4
484 530 3
484 629 4
485 854 1
485 823 1
491 977 2
491 497 1
493 561 2
493 629 4
495 568 2
497 977 1
499 704 1
499 844 2
499 684 2
500 746 2
500 814 2
500 687 2
500 542 2
502 746 2
502 718 1
502 951 1
502 569 1
506 643 2
506 644 1
506 783 2
506 921 3
506 923 1
506 796 2
506 541 6
506 670 2
506 808 2
506 924 2
506 605 2
506 996 1
506 1001 2
506 1004 3
506 881 2
509 832 1
510 939 1
510 622 1
512 978 2
514 977 3
514 950 5
514 638 2
516 804 3
516 743 1
516 924 2
516 532 4
516 790 2
516 921 1
516 700 1
517 718 1
522 546 1
523 946 1
526 629 3
527 720 1
528 722 2
528 923 1
530 746 2
530 813 1
530 912 1
530 851 1
530 629 9
530 630 5
530 891 3
531 987 9
532 553 5
532 921 1
532 804 1
532 761 1
534 746 2
534 862 1
534 607 1
535 542 1
535 854 1
537 657 2
537 737 3
538 569 1
540 994 1
540 987 4
540 874 2
540 624 4
540 855 2
540 955 2
541 850 2
541 921 1
541 923 1
541 924 1
542 646 1
542 746 4
542 854 1
546 577 2
546 854 2
547 978 2
547 862 1
552 978 2
558 844 1
558 565 1
559 622 1
561 846 6
561 629 3
565 844 1
566 772 4
569 710 1
569 599 1
569 976 1
569 693 1
569 767 1
569 605 1
569 862 1
569 991 1
570 946 1
573 586 1
576 921 1
580 791 1
581 798 1
582 996 1
582 987 4
582 764 1
586 947 1
586 948 1
586 735 1
586 837 1
586 885 1
586 762 2
587 720 6
589 922 1
591 746 2
591 718 1
591 607 4
592 609 2
592 713 1
592 948 3
595 934 1
597 754 1
600 956 1
602 718 1
602 782 1
605 789 7
605 951 1
607 936 1
607 718 1
607 978 1
607 915 1
607 692 2
607 629 1
607 926 3
609 772 1
609 890 1
614 978 2
622 676 1
622 788 1
629 658 3
629 685 3
629 846 3
629 630 9
629 631 3
629 762 1
629 891 7
630 685 4
638 832 1
641 987 4
644 1001 2
644 921 1
644 924 14
644 702 4
648 885 1
650 921 1
650 923 1
654 921 1
656 920 1
657 921 2
663 951 5
668 720 1
668 746 9
668 844 1
668 935 1
669 951 1
670 688 1
672 758 1
680 720 2
682 921 1
682 924 1
682 783 1
684 704 1
684 746 2
685 1001 2
685 724 2
687 712 1
687 746 2
687 742 2
692 742 1
692 746 3
692 718 1
692 980 4
695 802 1
696 746 1
697 855 3
698 987 4
700 840 1
702 924 3
702 921 1
707 923 1
707 951 1
712 802 1
712 942 1
715 926 6
718 731 1
718 934 3
718 746 2
718 742 2
718 724 3
718 851 1
718 883 1
719 921 1
719 837 1
720 771 2
720 935 4
720 813 2
720 942 1
720 746 3
721 765 1
724 1001 3
724 953 1
731 746 2
738 921 1
738 923 1
738 951 1
739 746 2
742 771 1
742 900 3
742 746 2
742 912 1
742 772 3
742 890 2
742 863 1
745 921 1
746 900 2
746 776 2
746 920 2
746 935 14
746 775 2
746 813 3
746 834 2
746 841 1
746 851 4
746 980 2
746 994 2
748 926 2
752 850 1
752 948 2
754 883 1
759 984 3
761 921 1
762 984 1
762 946 1
764 874 2
764 987 4
765 946 1
772 865 1
772 948 5
772 951 1
773 955 1
774 947 1
776 923 1
779 843 2
780 977 3
782 868 10
782 912 2
782 984 2
783 921 1
783 850 3
789 987 4
790 984 1
795 978 2
804 928 1
808 898 3
809 987 4
809 951 1
810 881 1
813 935 2
813 851 1
817 978 2
828 921 1
828 850 3
837 921 1
840 867 2
840 874 2
840 987 4
844 918 1
849 987 4
850 1001 1
850 921 1
850 987 1
851 978 6
854 918 1
862 909 1
872 987 4
873 874 2
873 987 4
874 925 1
881 921 1
885 984 1
890 923 2
891 912 1
907 951 1
912 949 5
918 946 1
918 956 1
921 923 2
921 924 1
921 945 1
921 979 1
921 996 1
921 1001 1
924 1001 2
924 996 1
925 955 1
925 987 4
926 933 1
926 931 1
950 977 3
954 978 2
955 987 5
957 978 2
977 1004 1
978 988 2
987 994 4
