0
1
2
3
4
5
6
7
8
9
10
11
12
13
14
15
16
17
18
19
20
21
22
23
24
25
26
27
28
29
30
31
32
33
34
35
36
37
38
39
40
41
42
43
44
45
46
47
48
49
50
51
52
53
54
55
56
57
58
59
60
61
62
63
64
65
66
67
68
69
70
71
72
73
74
75
76
77
78
79
80
81
82
83
84
85
86
87
88
89
90
91
92
93
94
95
96
97
98
99
100
101
102
103
104
105
106
107
108
109
110
111
112
113
114
115
116
117
118
119
120
121
122
123
124
125
126
127
128
129
130
131
132
133
134
135
136
137
138
139
141
142
143
144
145
146
147
148
149
150
151
152
153
154
155
157
158
159
160
161
162
163
164
165
166
167
168
169
170
171
172
173
174
175
176
177
178
179
180
181
182
183
184
185
186
187
188
189
190
191
192
193
194
195
196
197
198
199
200
201
202
203
204
205
206
207
208
209
210
211
212
213
214
215
216
217
218
219
220
221
222
223
224
225
226
227
228
229
230
231
232
233
235
236
237
238
239
240
241
242
243
244
245
246
247
248
249
250
251
252
253
254
255
256
257
259
260
262
263
264
265
266
267
268
269
270
271
272
273
274
275
276
277
278
279
280
281
282
283
284
285
286
287
288
289
290
291
292
293
294
295
296
297
299
300
301
302
303
304
305
306
307
308
309
310
311
312
313
314
315
316
317
318
319
320
321
322
323
324
325
326
327
328
329
330
331
332
333
334
335
336
337
338
339
340
341
343
344
345
346
347
348
349
350
351
352
353
355
356
357
358
359
360
361
362
364
365
366
367
368
369
370
371
372
373
374
375
376
377
378
379
380
381
382
383
384
385
386
387
388
389
390
391
392
393
394
395
396
397
398
399
400
401
402
403
404
405
406
407
408
409
410
411
412
413
414
415
416
418
419
420
421
422
423
424
425
426
427
428
429
430
431
432
433
434
435
436
437
438
439
440
441
442
443
444
445
446
447
448
449
450
451
452
453
454
455
456
457
458
459
460
461
462
464
465
466
467
468
469
470
471
472
473
474
475
476
477
478
479
480
481
482
483
484
485
486
487
488
489
490
491
492
493
495
496
497
498
499
500
501
502
503
504
505
506
507
508
509
510
511
512
513
514
515
516
517
518
519
520
521
522
523
524
525
526
527
528
530
531
532
533
534
535
536
537
538
539
540
541
542
543
544
545
546
547
548
549
550
551
552
553
554
556
557
558
559
560
561
562
563
564
565
566
567
568
569
570
571
572
573
574
575
576
577
578
579
580
581
582
583
584
585
586
587
588
589
590
591
592
593
594
595
596
597
598
599
600
601
602
603
604
605
606
607
609
610
611
612
613
614
615
616
617
618
619
621
622
623
624
625
626
627
628
629
630
631
632
633
634
635
636
637
638
639
640
641
642
643
644
645
646
647
648
649
650
651
652
653
654
655
656
657
658
659
660
661
662
663
664
665
666
667
668
669
670
671
672
673
674
675
676
677
678
679
680
681
682
683
684
685
686
687
688
689
690
691
692
693
694
695
696
697
698
699
700
701
702
703
704
705
706
707
708
709
710
711
712
713
714
715
716
717
718
719
720
721
722
723
724
725
726
727
728
729
730
731
732
733
734
735
736
737
738
739
740
741
742
743
744
745
746
747
748
749
750
751
752
753
754
756
757
758
759
760
761
762
763
764
765
767
768
769
770
771
772
773
774
775
776
777
778
779
780
781
782
783
784
785
786
787
788
789
790
791
792
793
794
795
796
797
798
799
800
801
802
803
804
805
806
807
808
809
810
811
812
813
814
815
816
817
818
819
820
821
822
823
824
825
826
827
828
829
830
831
832
833
834
835
836
837
838
839
840
841
842
843
844
845
846
847
848
849
850
851
852
853
854
855
856
857
858
859
860
861
862
863
864
865
866
867
868
869
870
871
872
873
874
875
876
877
878
879
880
881
882
883
884
885
886
887
888
889
890
891
892
893
894
895
896
897
898
899
900
901
902
903
904
905
906
907
908
909
910
911
912
913
914
915
916
917
918
919
920
921
922
923
924
925
926
927
928
929
930
931
932
933
934
935
936
937
938
939
940
941
942
943
944
945
946
947
948
949
950
951
952
953
954
955
956
957
958
960
961
962
963
964
965
966
967
968
969
970
971
972
973
974
975
976
977
978
979
980
981
982
983
984
985
986
987
988
989
990
991
992
993
994
995
996
997
998
999
1000
1001
1002
1003
1004
0 178 11
0 90 1
1 46 1
1 399 1
2 866 3
2 502 1
2 347 4
2 61 3
2 126 1
2 671 2
4 135 1
5 491 1
5 107 7
5 849 2
5 483 2
5 532 1
5 29 1
6 178 12
6 189 2
13 506 1
13 738 1
14 881 2
14 506 2
14 924 1
14 381 1
15 680 2
15 731 1
15 268 1
15 422 2
16 19 1
16 718 1
17 857 1
17 316 1
24 160 1
24 647 1
24 658 1
24 530 4
24 629 10
24 280 1
25 458 1
28 987 4
29 532 1
29 236 1
29 815 1
30 936 1
30 313 1
30 765 2
31 90 2
31 915 1
31 316 2
31 165 6
31 190 1
32 61 5
32 791 1
32 716 2
32 114 3
32 718 1
32 143 5
32 977 1
32 754 2
32 724 2
32 469 1
32 502 2
32 281 2
32 280 3
32 249 2
32 189 2
32 862 4
35 280 1
35 207 2
38 832 1
38 410 1
38 388 1
38 189 1
38 638 2
40 450 3
40 488 1
40 214 1
40 823 1
40 187 1
40 572 3
40 927 1
41 723 3
41 565 1
41 758 1
42 649 1
46 676 1
48 684 1
53 609 1
53 890 1
53 923 2
56 329 1
56 987 4
56 923 1
56 159 2
58 909 1
60 466 1
61 900 5
61 517 6
61 398 4
61 272 4
61 915 1
61 802 1
61 293 4
61 428 10
61 189 1
61 450 12
61 718 7
61 591 1
61 851 4
61 469 5
61 472 4
61 602 4
61 991 1
61 356 6
61 742 8
61 502 1
61 120 1
62 472 1
62 513 2
62 75 2
62 542 1
62 646 2
65 178 2
65 326 1
67 963 9
67 165 4
67 846 4
67 207 7
67 561 2
67 344 4
68 987 4
73 513 2
74 356 1
74 166 3
74 126 1
75 833 1
75 91 1
75 772 2
75 997 1
75 809 1
75 107 1
75 333 1
75 334 2
75 879 1
75 530 1
75 83 1
75 660 1
75 415 2
75 220 6
75 607 2
77 260 4
77 168 3
77 266 4
77 949 2
77 439 1
77 575 1
78 976 1
78 178 14
82 184 1
82 135 1
83 697 1
86 443 11
86 742 5
86 662 1
90 927 2
90 810 1
90 791 1
90 662 1
90 823 1
90 184 1
90 923 1
90 316 1
91 607 3
92 316 1
95 769 1
95 987 4
95 383 2
98 707 12
98 134 10
98 454 7
98 713 10
98 107 13
98 268 11
98 429 11
98 592 12
98 401 11
98 291 7
98 117 13
98 278 3
101 377 4
101 246 3
101 423 2
103 832 1
103 514 1
103 310 1
103 423 3
103 780 1
103 303 1
103 950 1
105 418 4
105 374 8
106 788 1
107 192 3
107 236 2
107 810 1
107 1004 1
107 214 1
107 670 1
111 586 1
112 517 1
112 846 1
113 823 1
113 927 3
114 189 2
118 532 4
118 502 2
118 862 2
120 609 1
120 443 1
120 772 4
120 326 1
120 454 1
120 586 1
120 783 1
120 573 1
120 629 1
120 823 2
120 923 2
120 637 1
120 927 3
122 428 1
125 622 3
126 416 1
127 334 1
132 828 1
133 648 1
134 592 6
134 291 4
134 454 9
135 581 2
135 870 2
135 170 1
135 718 5
135 371 1
135 628 3
135 942 1
135 443 1
135 703 2
136 428 1
136 316 2
139 513 2
139 343 1
141 469 1
142 280 1
142 428 1
142 316 2
142 159 3
146 326 1
147 193 1
147 454 1
147 823 1
147 607 2
147 157 2
147 927 1
151 253 2
152 443 19
153 977 4
153 418 1
153 996 1
159 783 1
159 578 1
159 356 1
159 278 1
159 742 3
159 743 1
159 617 1
159 802 3
159 502 2
159 719 2
159 912 1
159 209 1
159 178 1
159 500 2
159 214 4
159 738 2
159 506 1
159 923 6
159 607 1
160 530 1
160 629 5
164 638 4
165 207 1
165 401 10
165 344 2
165 316 9
165 990 2
166 232 2
166 586 2
166 500 1
166 362 1
167 547 1
167 362 1
167 207 1
167 978 3
167 851 1
167 469 2
167 630 2
167 920 1
167 988 1
167 607 1
168 232 2
168 782 1
168 305 1
168 949 1
168 439 1
168 472 1
168 762 1
170 231 1
173 657 2
173 506 1
175 849 3
175 275 5
175 532 4
175 737 1
176 591 1
178 214 1
178 409 12
178 538 12
178 646 1
178 295 12
178 693 13
178 710 12
178 969 4
178 333 12
178 976 11
178 339 1
178 470 12
178 599 13
178 605 11
178 862 13
178 991 12
178 482 4
178 228 12
178 502 19
178 249 12
178 767 12
180 958 1
181 190 6
188 280 1
188 988 1
188 469 1
188 614 1
189 652 1
189 716 3
189 904 1
189 1004 2
189 236 5
189 365 1
189 718 4
189 977 2
189 595 1
189 470 1
189 201 1
189 249 1
189 410 2
190 353 8
190 334 1
190 629 2
190 656 7
190 274 6
190 373 6
190 920 7
190 891 1
191 823 1
191 415 1
191 334 1
191 927 3
192 664 2
193 546 1
196 454 1
199 506 8
200 971 2
200 428 2
200 915 1
200 341 1
200 952 1
200 316 2
201 362 1
207 424 3
207 847 1
207 469 1
207 795 3
208 236 1
214 515 1
214 662 1
214 776 1
214 684 1
214 530 1
214 278 1
214 920 1
214 923 2
214 540 2
214 544 1
214 290 1
214 731 1
214 940 1
214 687 1
214 692 1
214 569 1
214 428 3
214 316 10
214 835 1
214 324 1
214 844 1
214 334 1
214 720 1
214 852 1
214 472 3
214 987 1
214 220 1
214 865 1
214 738 1
214 356 1
214 743 1
214 746 2
214 371 1
214 629 1
220 334 1
220 471 3
220 383 3
223 343 2
228 605 8
229 241 1
229 659 1
229 469 1
229 374 1
229 383 3
229 607 2
231 738 1
231 840 1
231 969 1
231 624 1
231 264 2
231 245 3
231 987 4
231 540 6
231 607 2
232 416 2
232 782 3
232 575 1
233 415 1
235 951 1
236 977 4
236 537 5
239 706 1
239 542 1
241 280 1
243 377 1
243 729 1
245 264 5
245 873 1
245 987 4
245 540 1
245 415 1
246 423 5
248 329 1
248 692 1
248 591 1
249 280 1
249 828 2
250 646 1
250 334 1
250 886 3
250 823 1
250 927 3
250 607 7
251 769 1
251 987 4
253 290 2
253 566 2
256 648 1
256 313 1
260 762 1
260 266 1
260 949 1
264 329 2
266 439 1
266 949 2
267 586 3
267 428 2
267 530 1
267 435 6
267 984 1
267 891 1
268 592 1
268 291 1
272 568 2
272 379 1
272 900 1
272 662 1
275 849 2
278 923 4
280 647 1
280 656 1
280 920 3
280 530 7
280 915 2
280 281 6
280 421 1
280 422 1
280 561 1
280 547 1
280 526 1
280 990 2
280 293 1
280 360 1
280 851 3
280 629 3
280 631 1
281 718 2
284 584 1
291 454 7
291 713 1
291 429 2
291 401 3
293 724 1
293 630 3
294 586 2
299 388 1
299 397 1
299 607 5
301 795 1
301 493 2
302 428 2
302 316 2
305 912 1
305 356 1
305 517 1
305 743 1
306 703 1
311 697 2
311 987 4
313 416 1
316 952 2
316 647 6
316 971 2
316 428 7
316 915 2
316 344 2
316 857 3
316 543 2
316 990 2
318 332 1
318 684 1
318 362 1
318 844 1
318 589 3
319 736 1
319 956 1
320 1004 3
321 499 2
322 879 1
322 951 2
323 510 1
327 381 3
329 427 1
329 910 1
329 624 2
329 819 1
329 415 1
329 607 1
332 558 1
332 782 2
333 607 1
334 609 1
334 612 2
334 462 1
334 607 8
335 532 2
338 987 4
341 739 2
341 915 2
343 718 1
343 534 1
343 663 2
343 638 2
347 933 2
347 966 2
356 718 1
356 472 3
356 602 1
360 891 3
360 629 3
361 987 4
362 704 1
362 870 2
362 371 1
362 660 3
362 954 1
364 987 4
364 764 1
364 789 1
369 513 3
369 535 3
369 823 1
369 927 3
371 951 1
372 609 2
374 660 4
377 729 4
377 718 2
379 568 3
380 440 1
381 576 1
381 643 3
381 810 1
381 532 3
381 670 1
383 646 3
383 940 1
383 720 2
383 532 1
383 887 1
383 922 1
388 718 1
388 746 1
388 534 1
395 514 1
398 712 3
401 454 11
401 429 7
401 415 6
402 510 1
402 950 4
410 977 1
410 607 1
413 746 2
413 823 1
413 927 3
415 617 1
415 607 3
415 540 1
416 586 1
416 949 1
416 823 1
416 927 3
418 977 18
418 996 12
420 879 1
421 424 4
422 563 2
422 731 1
422 680 1
423 977 10
424 795 3
424 990 1
427 955 2
428 450 4
428 838 4
428 915 3
428 857 2
429 454 12
432 987 5
433 738 4
433 987 9
435 984 1
435 586 11
435 500 4
435 782 2
439 912 1
439 949 1
440 537 1
443 662 3
443 742 6
443 936 1
443 581 1
444 823 2
444 535 1
444 927 3
447 586 1
447 868 1
450 802 1
450 900 1
450 742 1
450 718 1
450 595 1
450 568 2
454 609 1
454 592 10
465 700 1
469 978 1
469 851 3
469 630 4
470 605 2
472 782 3
472 575 2
479 980 1
482 531 1
482 987 4
482 990 4
483 646 1
485 513 2
485 823 1
485 542 1
485 927 3
491 532 5
493 685 4
493 795 1
493 629 3
497 977 5
499 684 1
499 607 1
500 550 1
500 586 4
500 782 1
500 687 1
502 718 3
502 591 1
502 700 1
506 996 2
506 745 1
506 682 1
506 783 2
506 688 1
506 644 2
506 1001 8
506 921 3
506 923 2
506 924 1
506 702 1
509 788 1
510 622 2
511 987 1
511 540 1
513 646 2
513 551 1
513 854 2
513 823 2
513 927 3
516 743 1
517 952 1
517 718 1
526 629 5
528 607 1
530 630 2
530 629 6
530 891 4
531 641 1
531 987 7
532 737 1
532 898 1
532 808 1
532 553 1
532 1004 1
532 688 1
532 820 2
532 700 1
532 670 1
534 746 1
534 718 3
534 591 1
534 663 1
535 823 2
535 927 2
537 674 5
540 987 4
540 697 1
540 955 3
541 924 1
542 646 1
542 718 4
542 823 1
542 927 2
546 550 3
550 595 1
551 823 1
551 927 2
558 956 1
559 622 2
561 629 3
561 846 2
565 723 1
565 684 1
565 679 3
566 713 1
566 772 2
566 687 1
568 802 1
568 947 6
568 662 1
572 951 3
573 586 1
575 949 1
575 782 7
577 686 1
582 987 4
586 868 2
586 984 3
586 762 1
586 869 1
587 720 11
591 910 1
591 718 2
591 607 5
592 713 4
592 607 1
592 927 7
595 609 1
596 662 1
599 710 1
600 918 1
602 743 5
607 646 6
607 731 1
607 687 1
607 969 3
607 696 1
609 772 1
609 923 1
614 978 1
614 858 2
622 676 3
624 873 1
626 936 1
629 658 3
629 685 3
629 846 2
629 630 3
629 631 3
629 891 3
630 920 2
633 890 2
634 788 2
641 987 4
643 670 1
644 996 9
646 927 2
646 823 1
648 908 2
648 765 1
650 745 2
654 738 1
654 783 1
654 991 2
657 921 17
659 771 2
665 746 1
670 718 1
679 723 1
679 684 1
680 720 5
680 731 24
680 790 1
687 742 1
687 923 5
690 702 1
692 775 1
692 746 4
692 718 1
692 910 1
697 771 1
697 855 3
697 925 3
700 812 1
700 748 1
700 956 1
703 771 4
704 743 1
716 718 1
718 904 1
718 915 1
718 851 1
718 980 1
718 754 1
719 738 1
720 936 1
720 855 1
722 823 1
722 927 3
737 849 2
738 783 1
738 837 1
738 745 1
738 850 1
738 923 1
738 828 1
739 915 1
740 788 2
742 900 3
743 908 1
746 935 11
748 926 1
758 956 1
758 918 4
761 783 1
762 908 1
762 765 1
764 987 4
765 908 4
769 873 1
770 823 1
770 927 2
772 923 2
774 947 16
783 979 1
789 994 1
789 987 4
790 812 4
790 956 1
809 987 4
810 980 1
823 854 1
823 927 4
838 857 1
840 987 4
849 987 5
854 927 3
858 991 3
866 951 1
872 987 4
873 987 4
890 923 2
890 951 2
912 949 1
918 956 1
923 951 3
925 955 1
925 987 3
933 966 2
935 966 1
955 987 4
977 996 10
977 1001 6
977 1004 5
978 988 1
987 994 4
