0
1
2
3
4
5
6
7
8
9
10
11
12
13
14
15
16
17
18
19
20
21
22
23
24
25
26
27
28
29
30
31
32
33
34
35
36
37
38
39
40
41
42
43
44
45
46
47
48
49
50
51
52
53
54
55
56
57
58
59
60
61
62
63
64
65
66
67
68
69
70
71
72
73
74
75
76
77
78
79
80
81
82
83
84
85
86
87
88
89
90
91
92
93
94
95
96
97
98
99
100
101
102
103
104
105
106
107
108
109
110
111
112
113
114
115
116
117
118
119
120
121
122
123
124
125
126
127
128
129
130
131
132
133
134
135
136
137
138
139
141
142
143
144
145
146
147
148
149
150
151
152
153
154
155
157
158
159
160
161
162
163
164
165
166
167
168
169
170
171
172
173
174
175
176
177
178
179
180
181
182
183
184
185
186
187
188
189
190
191
192
193
194
195
196
197
198
199
200
201
202
203
204
205
206
207
208
209
210
211
212
213
214
215
216
217
218
219
220
221
222
223
224
225
226
227
228
229
230
231
232
233
235
236
237
238
239
240
241
242
243
244
245
246
247
248
249
250
251
252
253
254
255
256
257
259
260
262
263
264
265
266
267
268
269
270
271
272
273
274
275
276
277
278
279
280
281
282
283
284
285
286
287
288
289
290
291
292
293
294
295
296
297
299
300
301
302
303
304
305
306
307
308
309
310
311
312
313
314
315
316
317
318
319
320
321
322
323
324
325
326
327
328
329
330
331
332
333
334
335
336
337
338
339
340
341
343
344
345
346
347
348
349
350
351
352
353
355
356
357
358
359
360
361
362
364
365
366
367
368
369
370
371
372
373
374
375
376
377
378
379
380
381
382
383
384
385
386
387
388
389
390
391
392
393
394
395
396
397
398
399
400
401
402
403
404
405
406
407
408
409
410
411
412
413
414
415
416
418
419
420
421
422
423
424
425
426
427
428
429
430
431
432
433
434
435
436
437
438
439
440
441
442
443
444
445
446
447
448
449
450
451
452
453
454
455
456
457
458
459
460
461
462
464
465
466
467
468
469
470
471
472
473
474
475
476
477
478
479
480
481
482
483
484
485
486
487
488
489
490
491
492
493
495
496
497
498
499
500
501
502
503
504
505
506
507
508
509
510
511
512
513
514
515
516
517
518
519
520
521
522
523
524
525
526
527
528
530
531
532
533
534
535
536
537
538
539
540
541
542
543
544
545
546
547
548
549
550
551
552
553
554
556
557
558
559
560
561
562
563
564
565
566
567
568
569
570
571
572
573
574
575
576
577
578
579
580
581
582
583
584
585
586
587
588
589
590
591
592
593
594
595
596
597
598
599
600
601
602
603
604
605
606
607
609
610
611
612
613
614
615
616
617
618
619
621
622
623
624
625
626
627
628
629
630
631
632
633
634
635
636
637
638
639
640
641
642
643
644
645
646
647
648
649
650
651
652
653
654
655
656
657
658
659
660
661
662
663
664
665
666
667
668
669
670
671
672
673
674
675
676
677
678
679
680
681
682
683
684
685
686
687
688
689
690
691
692
693
694
695
696
697
698
699
700
701
702
703
704
705
706
707
708
709
710
711
712
713
714
715
716
717
718
719
720
721
722
723
724
725
726
727
728
729
730
731
732
733
734
735
736
737
738
739
740
741
742
743
744
745
746
747
748
749
750
751
752
753
754
756
757
758
759
760
761
762
763
764
765
767
768
769
770
771
772
773
774
775
776
777
778
779
780
781
782
783
784
785
786
787
788
789
790
791
792
793
794
795
796
797
798
799
800
801
802
803
804
805
806
807
808
809
810
811
812
813
814
815
816
817
818
819
820
821
822
823
824
825
826
827
828
829
830
831
832
833
834
835
836
837
838
839
840
841
842
843
844
845
846
847
848
849
850
851
852
853
854
855
856
857
858
859
860
861
862
863
864
865
866
867
868
869
870
871
872
873
874
875
876
877
878
879
880
881
882
883
884
885
886
887
888
889
890
891
892
893
894
895
896
897
898
899
900
901
902
903
904
905
906
907
908
909
910
911
912
913
914
915
916
917
918
919
920
921
922
923
924
925
926
927
928
929
930
931
932
933
934
935
936
937
938
939
940
941
942
943
944
945
946
947
948
949
950
951
952
953
954
955
956
957
958
960
961
962
963
964
965
966
967
968
969
970
971
972
973
974
975
976
977
978
979
980
981
982
983
984
985
986
987
988
989
990
991
992
993
994
995
996
997
998
999
1000
1001
1002
1003
1004
0 569 1
2 126 2
2 868 1
2 38 1
2 790 3
5 381 1
6 569 1
14 506 1
24 647 1
24 136 1
24 142 1
24 493 1
24 656 1
24 274 1
24 408 1
24 281 1
24 31 1
24 32 1
24 547 1
24 167 1
24 561 1
24 428 1
24 301 1
24 817 1
24 658 1
24 953 1
24 188 1
24 189 1
24 160 1
24 450 1
24 846 1
24 207 1
24 35 1
24 526 1
24 731 1
24 990 1
24 228 1
24 360 1
24 530 1
24 629 2
24 502 1
24 891 1
24 469 1
25 672 1
28 987 1
29 506 2
29 90 2
29 335 1
30 313 1
30 743 1
31 165 9
32 977 1
32 197 1
38 790 1
40 193 1
40 450 1
40 187 3
40 572 1
40 927 1
41 723 1
41 565 2
41 499 1
45 66 1
45 227 1
45 782 4
48 956 1
52 868 1
53 776 1
53 193 1
56 987 2
58 586 3
58 909 2
61 450 1
61 718 5
61 127 1
65 771 1
65 927 1
66 227 4
66 782 8
67 165 4
68 176 1
68 987 1
74 126 2
74 782 2
74 759 1
75 193 1
75 91 1
75 196 1
75 997 1
75 107 1
75 191 1
75 987 1
75 415 1
75 334 1
75 772 1
75 612 1
75 127 1
75 190 1
75 607 2
77 168 10
77 912 11
78 569 1
83 771 1
86 443 3
90 416 2
90 769 1
90 997 1
90 270 1
90 783 1
90 977 1
90 980 1
90 718 1
90 381 1
95 994 1
95 987 3
95 923 1
96 832 1
98 401 1
101 423 1
103 310 2
104 305 1
107 664 1
107 980 1
111 416 2
112 674 1
112 267 1
113 551 2
113 927 2
120 586 3
126 416 3
126 356 1
126 168 1
126 790 2
126 759 1
126 700 1
127 732 1
133 602 1
134 454 1
135 581 3
135 936 2
135 170 4
135 942 4
135 176 1
135 341 1
136 408 1
136 915 2
136 200 1
139 534 1
147 416 2
147 196 1
147 454 3
147 686 2
147 308 1
147 277 1
147 927 3
149 716 2
152 443 1
153 977 7
159 912 1
159 290 1
159 923 1
159 500 2
160 586 3
160 629 1
160 607 1
161 586 3
165 586 3
165 401 12
165 344 1
165 190 1
166 609 1
167 988 1
167 630 1
168 416 1
168 868 3
168 232 1
168 585 2
168 557 1
168 912 5
168 260 3
168 575 1
170 720 3
171 347 2
171 715 1
171 590 1
173 506 4
176 769 1
176 482 1
176 995 1
176 836 1
176 581 1
176 329 1
176 588 1
176 692 1
176 245 1
176 855 1
176 641 1
176 764 1
180 958 1
180 727 3
181 190 1
187 450 2
187 272 2
187 712 1
187 662 2
187 572 1
188 301 1
190 353 1
190 656 1
190 274 1
191 752 1
191 927 1
193 416 1
193 609 1
193 454 1
193 617 1
193 850 1
193 633 1
193 443 1
193 927 1
196 927 2
197 987 1
197 923 1
197 718 1
199 506 9
199 924 2
207 424 3
207 795 1
209 880 1
214 912 3
214 290 1
214 923 3
214 316 1
214 306 1
216 321 2
216 499 1
228 569 1
228 470 1
228 502 1
229 784 1
229 306 2
229 771 1
231 987 1
231 607 3
232 575 1
233 746 1
233 450 1
236 537 1
236 506 1
239 596 1
245 329 1
245 994 1
245 987 1
246 423 1
249 569 1
250 782 1
250 886 1
250 927 2
251 987 1
253 290 1
253 566 1
256 416 1
264 586 3
267 674 1
267 435 1
267 685 2
267 838 1
272 450 2
272 595 1
272 900 2
272 754 1
277 927 1
280 629 1
291 401 3
291 454 3
293 569 1
293 572 1
294 416 1
294 817 2
294 586 3
295 569 1
299 832 1
305 912 2
305 765 1
306 771 3
306 450 2
306 659 1
310 586 3
311 697 1
311 987 1
313 416 1
313 765 1
313 743 1
317 374 2
318 684 1
318 499 1
318 844 1
318 758 1
319 499 1
321 618 1
321 499 2
329 624 1
329 738 2
332 500 2
333 569 1
334 746 1
334 718 2
334 502 1
334 569 1
334 607 1
334 671 1
335 664 1
335 867 1
338 433 1
338 987 1
341 942 1
343 368 1
343 740 1
347 933 1
347 966 3
353 891 1
356 912 2
356 743 2
356 927 1
360 629 1
360 526 3
361 987 1
362 946 1
364 987 1
364 764 2
369 444 1
369 927 2
377 716 2
377 718 2
377 422 1
380 712 1
380 440 1
383 912 1
393 907 1
396 804 1
397 671 1
397 975 1
398 450 1
401 454 5
401 429 5
401 415 10
408 847 1
409 569 1
410 719 1
414 629 1
416 868 1
416 927 4
418 977 5
421 424 4
423 832 2
423 977 1
423 710 2
424 795 3
424 990 3
427 955 2
429 454 2
432 987 1
433 738 1
433 987 1
433 951 1
434 672 1
435 586 1
435 500 1
443 742 1
443 662 1
444 535 3
444 823 1
444 927 2
447 762 1
450 802 2
450 900 2
450 678 1
450 742 1
450 947 1
450 692 1
450 662 2
450 695 1
450 568 1
450 596 1
450 602 1
450 572 1
454 772 1
454 609 1
454 592 2
454 927 1
458 956 1
458 790 1
470 789 4
470 569 3
470 538 1
470 862 1
470 693 1
471 483 1
472 912 2
472 575 1
472 743 2
479 586 3
481 565 1
482 569 1
482 987 1
483 617 1
485 927 2
493 629 1
495 568 1
495 862 1
499 758 2
499 618 1
499 558 2
499 723 1
499 918 1
499 956 1
500 586 3
501 663 1
502 569 1
502 605 1
502 607 2
506 644 1
506 850 1
506 537 1
506 924 2
506 702 1
509 832 1
511 987 1
513 823 1
513 927 2
515 927 1
516 881 1
516 761 1
522 718 1
526 629 1
530 891 1
530 629 1
530 607 1
531 987 1
534 591 1
535 823 3
535 927 2
538 569 1
540 840 2
540 697 1
540 955 2
540 987 1
540 696 1
541 586 3
542 927 2
546 595 1
550 776 1
550 595 2
551 927 2
557 912 2
561 629 2
561 846 3
565 723 1
569 687 1
569 693 1
569 710 1
569 976 1
569 599 1
569 605 1
569 862 1
569 991 1
569 767 1
572 862 1
575 912 1
581 720 2
582 987 1
586 984 1
586 947 3
586 948 3
588 987 1
591 718 1
591 607 2
592 607 2
592 927 1
602 868 1
602 743 1
602 648 1
602 765 1
603 951 1
607 617 2
609 807 1
609 927 1
617 776 2
617 714 1
624 738 3
629 631 1
629 658 1
629 685 1
629 880 2
629 846 1
629 630 1
629 891 1
629 927 1
630 952 1
634 832 1
638 832 1
638 706 1
641 987 1
643 685 3
646 927 2
647 915 2
648 765 1
657 761 1
658 838 1
679 684 1
686 966 1
686 927 1
692 746 3
693 710 1
697 771 1
697 855 2
697 925 1
700 716 1
700 891 1
700 812 2
707 880 1
710 832 1
718 904 2
718 843 1
718 980 1
722 927 2
723 758 1
727 951 2
738 850 2
740 879 1
746 923 1
746 935 6
748 926 1
762 765 1
764 987 1
765 868 1
770 927 2
773 955 1
774 947 11
782 923 1
789 987 1
790 812 7
796 977 1
809 987 2
823 927 2
838 971 5
840 987 1
844 956 1
849 987 1
851 978 1
854 927 2
866 951 1
872 987 1
873 987 1
912 923 2
933 966 3
935 966 1
955 987 3
969 977 1
977 1004 3
977 1001 1
978 988 2
987 994 1
