0
1
2
3
4
5
6
7
8
9
10
11
12
13
14
15
16
17
18
19
20
21
22
23
24
25
26
27
28
29
30
31
32
33
34
35
36
37
38
39
40
41
42
43
44
45
46
47
48
49
50
51
52
53
54
55
56
57
58
59
60
61
62
63
64
65
66
67
68
69
70
71
72
73
74
75
76
77
78
79
80
81
82
83
84
85
86
87
88
89
90
91
92
93
94
95
96
97
98
99
100
101
102
103
104
105
106
107
108
109
110
111
112
113
114
115
116
117
118
119
120
121
122
123
124
125
126
127
128
129
130
131
132
133
134
135
136
137
138
139
141
142
143
144
145
146
147
148
149
150
151
152
153
154
155
157
158
159
160
161
162
163
164
165
166
167
168
169
170
171
172
173
174
175
176
177
178
179
180
181
182
183
184
185
186
187
188
189
190
191
192
193
194
195
196
197
198
199
200
201
202
203
204
205
206
207
208
209
210
211
212
213
214
215
216
217
218
219
220
221
222
223
224
225
226
227
228
229
230
231
232
233
235
236
237
238
239
240
241
242
243
244
245
246
247
248
249
250
251
252
253
254
255
256
257
259
260
262
263
264
265
266
267
268
269
270
271
272
273
274
275
276
277
278
279
280
281
282
283
284
285
286
287
288
289
290
291
292
293
294
295
296
297
299
300
301
302
303
304
305
306
307
308
309
310
311
312
313
314
315
316
317
318
319
320
321
322
323
324
325
326
327
328
329
330
331
332
333
334
335
336
337
338
339
340
341
343
344
345
346
347
348
349
350
351
352
353
355
356
357
358
359
360
361
362
364
365
366
367
368
369
370
371
372
373
374
375
376
377
378
379
380
381
382
383
384
385
386
387
388
389
390
391
392
393
394
395
396
397
398
399
400
401
402
403
404
405
406
407
408
409
410
411
412
413
414
415
416
418
419
420
421
422
423
424
425
426
427
428
429
430
431
432
433
434
435
436
437
438
439
440
441
442
443
444
445
446
447
448
449
450
451
452
453
454
455
456
457
458
459
460
461
462
464
465
466
467
468
469
470
471
472
473
474
475
476
477
478
479
480
481
482
483
484
485
486
487
488
489
490
491
492
493
495
496
497
498
499
500
501
502
503
504
505
506
507
508
509
510
511
512
513
514
515
516
517
518
519
520
521
522
523
524
525
526
527
528
530
531
532
533
534
535
536
537
538
539
540
541
542
543
544
545
546
547
548
549
550
551
552
553
554
556
557
558
559
560
561
562
563
564
565
566
567
568
569
570
571
572
573
574
575
576
577
578
579
580
581
582
583
584
585
586
587
588
589
590
591
592
593
594
595
596
597
598
599
600
601
602
603
604
605
606
607
609
610
611
612
613
614
615
616
617
618
619
621
622
623
624
625
626
627
628
629
630
631
632
633
634
635
636
637
638
639
640
641
642
643
644
645
646
647
648
649
650
651
652
653
654
655
656
657
658
659
660
661
662
663
664
665
666
667
668
669
670
671
672
673
674
675
676
677
678
679
680
681
682
683
684
685
686
687
688
689
690
691
692
693
694
695
696
697
698
699
700
701
702
703
704
705
706
707
708
709
710
711
712
713
714
715
716
717
718
719
720
721
722
723
724
725
726
727
728
729
730
731
732
733
734
735
736
737
738
739
740
741
742
743
744
745
746
747
748
749
750
751
752
753
754
756
757
758
759
760
761
762
763
764
765
767
768
769
770
771
772
773
774
775
776
777
778
779
780
781
782
783
784
785
786
787
788
789
790
791
792
793
794
795
796
797
798
799
800
801
802
803
804
805
806
807
808
809
810
811
812
813
814
815
816
817
818
819
820
821
822
823
824
825
826
827
828
829
830
831
832
833
834
835
836
837
838
839
840
841
842
843
844
845
846
847
848
849
850
851
852
853
854
855
856
857
858
859
860
861
862
863
864
865
866
867
868
869
870
871
872
873
874
875
876
877
878
879
880
881
882
883
884
885
886
887
888
889
890
891
892
893
894
895
896
897
898
899
900
901
902
903
904
905
906
907
908
909
910
911
912
913
914
915
916
917
918
919
920
921
922
923
924
925
926
927
928
929
930
931
932
933
934
935
936
937
938
939
940
941
942
943
944
945
946
947
948
949
950
951
952
953
954
955
956
957
958
960
961
962
963
964
965
966
967
968
969
970
971
972
973
974
975
976
977
978
979
980
981
982
983
984
985
986
987
988
989
990
991
992
993
994
995
996
997
998
999
1000
1001
1002
1003
1004
0 569 5
2 17 1
2 586 4
2 790 2
2 126 2
2 77 1
4 135 4
5 246 4
5 670 4
6 569 5
6 506 1
12 406 1
13 738 1
13 516 1
13 837 1
13 239 1
14 738 1
14 1001 1
14 719 1
14 724 1
14 921 2
14 410 1
14 924 1
14 702 2
15 422 3
15 680 7
15 584 1
15 370 1
15 406 8
15 731 4
15 284 1
16 541 4
16 718 2
17 428 2
24 629 8
24 142 1
25 48 1
25 458 5
25 684 1
26 40 2
26 379 1
27 147 1
30 648 2
30 313 1
30 356 2
30 765 3
30 185 1
31 165 4
31 838 1
31 491 2
31 428 1
31 847 1
31 951 3
32 789 1
32 718 1
32 127 2
34 997 7
34 855 1
35 978 3
38 90 2
40 193 1
40 450 1
40 198 1
40 712 2
40 488 1
40 187 1
40 572 1
40 159 1
41 565 2
42 402 1
42 548 2
48 704 2
48 458 1
48 684 3
48 558 1
48 499 1
48 918 1
48 216 1
48 956 2
48 319 2
52 168 2
52 201 1
52 126 1
53 193 2
53 454 1
53 311 1
56 987 1
58 909 3
61 522 1
61 980 1
61 926 2
61 718 4
62 159 1
62 646 3
62 542 9
62 743 1
64 322 1
65 450 1
65 771 3
65 742 1
65 135 3
65 776 1
65 220 6
65 687 1
65 120 2
65 530 1
65 851 1
65 502 1
65 920 1
65 927 4
65 915 1
65 253 1
65 191 4
67 344 3
67 963 19
67 165 2
67 190 1
67 207 4
72 214 3
72 159 2
73 458 2
75 772 5
75 334 1
75 850 2
75 607 3
75 220 4
75 190 1
75 191 3
77 356 2
77 260 13
77 575 1
78 506 1
78 502 1
82 771 2
82 135 5
83 784 1
83 771 1
83 830 1
86 443 3
86 830 1
86 662 2
90 912 1
90 798 2
90 927 1
91 499 1
91 607 1
92 424 1
96 638 1
98 707 6
98 454 6
98 713 2
98 107 6
98 268 3
98 429 3
98 592 7
98 117 3
101 377 3
101 866 1
101 246 2
101 423 2
103 514 2
103 164 1
103 950 3
103 310 1
103 303 3
105 418 3
107 810 1
107 381 1
113 927 3
114 718 1
115 671 1
117 291 1
118 532 1
118 716 2
118 335 2
120 198 1
120 772 1
120 278 1
120 454 7
120 135 1
120 752 1
120 854 2
120 923 1
120 765 1
120 927 3
122 857 1
122 428 1
122 837 1
122 718 1
124 854 1
126 416 1
126 356 2
126 166 1
126 586 4
126 759 1
126 573 1
127 749 1
131 738 1
132 842 6
133 168 1
133 602 1
133 586 2
133 765 1
134 592 7
134 291 2
134 454 2
134 763 2
135 692 1
135 581 13
135 870 5
135 942 5
135 720 3
135 371 4
135 628 5
135 214 1
135 292 4
135 159 2
135 197 3
136 200 3
136 424 1
136 915 2
136 428 8
136 159 8
141 978 3
141 851 2
141 421 1
142 424 1
142 165 1
143 796 2
144 650 1
144 175 1
147 416 2
147 577 1
147 931 1
147 927 2
147 933 2
147 230 1
147 171 1
147 972 1
147 590 1
147 285 1
147 308 2
147 277 1
147 214 1
147 347 3
147 686 1
147 157 1
147 926 1
147 607 2
149 716 2
149 239 2
150 415 3
152 830 1
153 977 3
157 356 1
157 775 1
157 248 2
157 731 2
157 542 1
157 607 1
158 997 1
159 428 1
159 915 2
159 920 2
159 798 4
159 416 1
159 809 2
159 940 11
159 712 1
159 951 2
159 718 1
159 324 7
159 334 2
159 209 1
159 978 1
159 851 1
159 724 3
159 590 3
159 214 1
159 731 1
159 866 2
159 629 1
160 530 1
160 629 7
164 879 1
164 548 2
165 424 1
165 683 1
165 401 3
165 344 1
166 609 2
166 586 1
166 500 1
167 552 1
167 817 1
167 978 3
167 547 1
167 630 1
168 416 1
168 232 1
168 557 1
168 912 10
168 472 3
168 790 3
168 984 2
168 765 4
168 607 1
171 347 1
173 506 1
173 738 1
173 541 1
173 454 1
175 737 3
175 423 4
175 1001 2
175 650 2
175 849 6
175 246 5
175 446 2
180 958 1
180 727 1
181 920 2
184 754 1
184 724 2
185 850 1
185 830 1
187 695 1
188 978 3
189 969 3
189 506 6
189 546 1
189 629 3
189 718 2
190 353 1
190 656 3
190 274 3
190 373 1
190 920 1
190 891 3
190 629 2
191 948 1
191 415 5
192 381 2
193 416 3
193 707 1
193 454 3
193 557 1
193 633 5
195 595 1
196 850 1
197 923 1
197 702 1
198 568 1
198 454 1
199 738 1
199 506 2
199 924 3
199 541 3
200 971 4
200 428 1
200 344 2
200 951 1
200 952 2
200 543 2
202 629 3
207 424 5
207 978 3
207 988 1
207 558 1
208 977 2
209 356 3
214 776 1
214 940 1
214 272 1
214 530 1
214 920 1
214 544 1
214 684 1
214 951 2
214 416 5
214 835 1
214 844 1
214 590 1
214 720 1
214 852 1
214 334 1
214 987 1
214 220 1
214 865 1
214 738 1
214 743 1
214 371 1
214 629 2
214 707 1
214 891 1
214 765 1
216 684 1
216 558 1
216 319 1
220 334 2
220 749 2
223 879 1
223 343 2
223 663 1
226 440 1
228 569 5
228 693 2
229 830 1
229 790 1
231 624 1
231 873 1
231 698 3
231 987 1
231 749 3
232 912 2
232 966 1
233 769 2
233 692 1
236 383 3
239 609 2
239 428 1
239 951 1
239 857 1
239 629 1
245 736 1
245 698 3
245 994 1
246 423 4
246 724 7
246 377 6
248 692 2
249 569 5
249 502 1
250 886 3
250 927 3
256 313 3
256 356 2
257 823 1
264 329 4
264 469 2
264 581 1
267 838 1
267 586 5
267 428 1
267 526 6
267 944 2
267 951 7
268 592 1
268 633 1
268 291 1
270 738 1
272 712 2
272 595 4
275 849 1
275 327 1
278 291 1
280 585 2
280 658 1
280 629 6
280 631 2
281 838 1
284 731 1
290 589 1
290 687 1
291 454 8
291 713 1
291 429 2
291 401 4
292 769 1
292 581 1
293 718 2
295 569 5
301 978 3
302 428 1
303 663 2
303 343 3
305 416 2
306 720 1
306 771 1
306 659 2
306 830 1
306 951 1
308 418 2
308 926 2
311 697 1
311 955 1
311 540 2
313 416 4
313 356 1
313 765 2
316 392 1
318 332 1
318 684 1
318 565 1
318 918 1
318 679 1
319 956 4
319 558 3
320 337 4
321 704 3
321 458 1
321 499 1
321 684 1
322 343 2
322 879 3
324 388 8
324 334 1
324 591 8
324 534 9
324 638 4
326 483 1
327 738 1
327 381 6
329 427 1
332 435 1
332 500 4
332 782 2
333 569 5
333 743 1
334 612 2
334 923 1
335 464 1
335 440 1
335 532 10
337 505 2
337 788 1
343 388 1
343 399 1
343 950 2
343 663 1
344 373 1
347 966 4
353 891 6
356 416 4
356 743 3
356 586 1
356 765 2
356 912 1
356 984 1
356 472 6
356 602 1
360 629 9
360 526 1
362 383 3
362 502 1
362 854 1
362 695 1
364 809 1
365 716 1
368 879 1
369 722 1
369 646 2
369 927 3
372 609 1
372 595 2
372 572 7
374 953 1
377 866 4
377 718 1
377 605 1
377 607 1
379 568 1
380 712 1
380 440 2
381 506 1
381 532 2
383 589 2
383 909 2
383 528 1
383 922 1
393 907 1
400 830 1
401 429 14
401 454 11
401 415 8
406 680 6
406 731 1
409 569 5
409 599 1
410 977 1
410 595 1
410 718 2
415 833 3
415 612 1
415 587 1
415 435 2
415 569 8
416 454 2
416 833 1
416 648 1
416 948 3
416 885 1
418 977 7
421 424 6
421 978 3
421 630 1
422 731 3
422 789 1
423 866 2
423 710 1
423 650 3
423 718 1
423 446 1
424 847 1
424 978 3
424 953 3
424 795 7
424 990 1
427 955 2
428 658 1
428 915 2
428 857 3
428 543 1
428 990 1
429 454 16
433 738 2
435 448 1
435 500 5
435 782 1
437 738 1
440 537 5
443 742 4
443 830 1
443 692 2
443 662 1
444 535 2
444 927 3
450 712 1
450 595 1
450 596 1
450 568 1
450 572 1
454 609 7
454 772 6
454 614 1
454 488 1
454 713 1
454 592 6
454 594 1
454 633 1
456 936 2
458 684 2
458 558 1
462 833 1
467 650 1
469 978 3
470 569 5
470 789 14
470 605 1
472 912 3
472 743 1
482 569 10
482 531 2
482 990 1
482 847 2
485 823 4
485 927 3
488 568 1
493 731 2
493 629 5
495 568 1
497 977 8
499 844 2
499 558 1
499 565 1
499 956 2
500 782 7
502 572 1
502 749 3
502 718 2
502 569 5
502 538 1
502 700 1
506 738 1
506 996 1
506 1001 7
506 951 3
506 783 1
506 644 1
506 541 3
506 670 1
508 738 1
511 695 1
512 978 1
513 927 4
515 927 3
516 738 1
516 790 2
517 948 1
517 607 1
526 561 1
526 629 6
530 685 1
530 851 1
530 629 19
530 630 1
530 920 1
530 891 2
531 641 3
531 987 3
532 738 1
532 898 2
532 670 1
533 771 1
535 823 1
535 854 1
535 927 2
538 569 5
540 546 1
540 855 1
540 697 2
540 698 5
540 955 4
540 925 2
541 738 1
541 783 1
541 977 1
541 850 4
541 951 4
542 854 2
542 646 1
542 927 2
546 743 2
546 550 3
546 607 4
547 978 3
547 658 1
548 879 2
551 927 2
552 817 1
552 978 5
552 851 1
552 951 4
552 858 1
553 670 4
558 956 2
561 629 5
561 846 6
561 631 2
565 679 1
565 684 2
565 723 3
566 713 2
568 947 2
569 710 5
569 951 3
569 599 9
569 749 4
569 976 5
569 693 5
569 605 5
569 862 5
569 991 5
572 802 1
572 696 1
576 738 1
577 686 1
580 862 1
581 720 2
582 764 4
584 731 2
585 695 1
586 854 1
586 984 1
586 602 2
586 762 2
587 720 4
590 926 1
591 718 1
591 607 2
592 713 2
592 948 3
592 927 4
595 934 2
595 718 1
595 754 2
595 951 1
602 743 3
605 693 1
605 789 13
607 738 3
607 843 2
607 749 1
607 692 1
607 687 1
609 707 2
609 772 4
609 633 2
609 923 2
609 927 4
614 978 3
617 720 3
624 873 1
629 685 8
629 658 5
629 927 1
629 846 5
629 978 1
629 749 1
629 630 9
629 631 8
629 891 31
629 894 3
630 685 1
630 851 1
631 838 2
631 846 3
631 891 5
633 707 1
633 920 1
634 788 1
643 685 2
644 738 1
646 927 2
648 765 2
650 738 1
650 849 1
653 738 1
654 738 6
654 783 1
657 738 1
659 660 2
659 830 1
660 692 1
663 950 1
671 687 1
672 844 3
678 696 2
679 684 1
680 731 1
680 707 1
682 738 1
684 704 4
684 918 1
684 956 1
685 1001 1
685 724 5
687 742 1
687 783 1
687 920 1
687 923 1
692 746 2
692 749 2
694 845 2
697 855 1
697 925 1
698 840 3
698 873 3
698 764 3
702 738 1
702 850 2
702 761 5
702 837 1
704 743 8
704 723 1
704 956 2
707 713 1
707 1003 1
707 880 3
707 951 1
711 951 2
716 718 2
718 904 2
718 777 2
718 969 2
718 977 1
718 724 2
718 866 4
718 749 8
718 754 1
718 883 1
719 738 1
722 823 1
722 927 4
724 1001 1
724 951 2
731 915 1
731 789 3
731 951 1
737 849 2
738 783 4
738 921 1
738 923 1
738 924 1
738 945 1
738 951 2
738 837 1
738 850 1
738 996 2
738 1001 1
738 747 1
738 881 1
738 979 1
738 745 1
738 761 4
740 879 1
742 900 1
743 859 3
743 765 1
748 926 2
758 918 1
764 840 5
764 994 2
765 859 3
769 830 1
770 927 3
771 901 1
771 870 1
771 830 1
772 927 1
773 955 3
774 947 11
783 921 1
788 832 1
789 987 3
790 812 2
790 984 5
790 956 1
795 978 3
796 921 1
809 951 1
817 978 3
823 927 4
830 901 1
830 835 1
830 863 1
833 850 1
837 924 1
850 987 3
851 978 4
851 915 1
851 920 2
854 927 5
883 907 1
912 915 1
915 920 1
925 955 1
927 948 1
933 966 2
935 966 3
954 978 3
955 987 2
957 978 2
969 977 6
977 1004 10
977 1001 2
978 988 3
