0
1
2
3
4
5
6
7
8
9
10
11
12
13
14
15
16
17
18
19
20
21
22
23
24
25
26
27
28
29
30
31
32
33
34
35
36
37
38
39
40
41
42
43
44
45
46
47
48
49
50
51
52
53
54
55
56
57
58
59
60
61
62
63
64
65
66
67
68
69
70
71
72
73
74
75
76
77
78
79
80
81
82
83
84
85
86
87
88
89
90
91
92
93
94
95
96
97
98
99
100
101
102
103
104
105
106
107
108
109
110
111
112
113
114
115
116
117
118
119
120
121
122
123
124
125
126
127
128
129
130
131
132
133
134
135
136
137
138
139
141
142
143
144
145
146
147
148
149
150
151
152
153
154
155
157
158
159
160
161
162
163
164
165
166
167
168
169
170
171
172
173
174
175
176
177
178
179
180
181
182
183
184
185
186
187
188
189
190
191
192
193
194
195
196
197
198
199
200
201
202
203
204
205
206
207
208
209
210
211
212
213
214
215
216
217
218
219
220
221
222
223
224
225
226
227
228
229
230
231
232
233
235
236
237
238
239
240
241
242
243
244
245
246
247
248
249
250
251
252
253
254
255
256
257
259
260
262
263
264
265
266
267
268
269
270
271
272
273
274
275
276
277
278
279
280
281
282
283
284
285
286
287
288
289
290
291
292
293
294
295
296
297
299
300
301
302
303
304
305
306
307
308
309
310
311
312
313
314
315
316
317
318
319
320
321
322
323
324
325
326
327
328
329
330
331
332
333
334
335
336
337
338
339
340
341
343
344
345
346
347
348
349
350
351
352
353
355
356
357
358
359
360
361
362
364
365
366
367
368
369
370
371
372
373
374
375
376
377
378
379
380
381
382
383
384
385
386
387
388
389
390
391
392
393
394
395
396
397
398
399
400
401
402
403
404
405
406
407
408
409
410
411
412
413
414
415
416
418
419
420
421
422
423
424
425
426
427
428
429
430
431
432
433
434
435
436
437
438
439
440
441
442
443
444
445
446
447
448
449
450
451
452
453
454
455
456
457
458
459
460
461
462
464
465
466
467
468
469
470
471
472
473
474
475
476
477
478
479
480
481
482
483
484
485
486
487
488
489
490
491
492
493
495
496
497
498
499
500
501
502
503
504
505
506
507
508
509
510
511
512
513
514
515
516
517
518
519
520
521
522
523
524
525
526
527
528
530
531
532
533
534
535
536
537
538
539
540
541
542
543
544
545
546
547
548
549
550
551
552
553
554
556
557
558
559
560
561
562
563
564
565
566
567
568
569
570
571
572
573
574
575
576
577
578
579
580
581
582
583
584
585
586
587
588
589
590
591
592
593
594
595
596
597
598
599
600
601
602
603
604
605
606
607
609
610
611
612
613
614
615
616
617
618
619
621
622
623
624
625
626
627
628
629
630
631
632
633
634
635
636
637
638
639
640
641
642
643
644
645
646
647
648
649
650
651
652
653
654
655
656
657
658
659
660
661
662
663
664
665
666
667
668
669
670
671
672
673
674
675
676
677
678
679
680
681
682
683
684
685
686
687
688
689
690
691
692
693
694
695
696
697
698
699
700
701
702
703
704
705
706
707
708
709
710
711
712
713
714
715
716
717
718
719
720
721
722
723
724
725
726
727
728
729
730
731
732
733
734
735
736
737
738
739
740
741
742
743
744
745
746
747
748
749
750
751
752
753
754
756
757
758
759
760
761
762
763
764
765
767
768
769
770
771
772
773
774
775
776
777
778
779
780
781
782
783
784
785
786
787
788
789
790
791
792
793
794
795
796
797
798
799
800
801
802
803
804
805
806
807
808
809
810
811
812
813
814
815
816
817
818
819
820
821
822
823
824
825
826
827
828
829
830
831
832
833
834
835
836
837
838
839
840
841
842
843
844
845
846
847
848
849
850
851
852
853
854
855
856
857
858
859
860
861
862
863
864
865
866
867
868
869
870
871
872
873
874
875
876
877
878
879
880
881
882
883
884
885
886
887
888
889
890
891
892
893
894
895
896
897
898
899
900
901
902
903
904
905
906
907
908
909
910
911
912
913
914
915
916
917
918
919
920
921
922
923
924
925
926
927
928
929
930
931
932
933
934
935
936
937
938
939
940
941
942
943
944
945
946
947
948
949
950
951
952
953
954
955
956
957
958
960
961
962
963
964
965
966
967
968
969
970
971
972
973
974
975
976
977
978
979
980
981
982
983
984
985
986
987
988
989
990
991
992
993
994
995
996
997
998
999
1000
1001
1002
1003
1004
0 178 1
2 530 2
2 58 5
2 178 1
2 790 9
2 151 1
4 771 3
5 107 1
5 335 1
5 381 1
5 670 1
5 29 1
6 178 2
6 237 1
12 720 1
13 682 1
14 881 5
15 680 1
15 422 1
24 160 1
24 280 1
24 629 5
24 142 2
25 704 1
28 987 1
29 335 1
29 381 1
30 232 1
30 52 1
30 356 1
30 313 1
31 847 1
32 143 1
35 280 1
40 415 2
45 575 4
52 232 1
53 633 1
53 923 1
56 641 2
56 987 1
61 522 1
62 356 1
62 743 1
62 168 1
62 912 2
62 472 1
62 765 1
62 542 1
66 575 1
67 561 1
67 165 1
68 987 1
72 135 3
73 565 1
74 256 2
74 416 2
74 356 2
74 168 4
74 586 7
74 782 3
74 912 3
74 885 3
74 984 6
74 762 2
74 447 3
77 260 2
78 178 1
82 628 1
83 863 1
90 104 1
90 693 1
92 847 1
95 338 1
95 987 1
98 707 8
98 454 7
98 134 7
98 713 8
98 107 8
98 268 8
98 429 5
98 592 9
98 401 8
98 291 5
98 117 6
98 278 3
101 423 1
103 310 1
103 423 4
104 523 3
104 765 1
105 418 9
107 335 2
111 416 2
113 927 1
117 454 1
118 553 3
118 335 1
120 500 1
126 586 2
126 356 1
127 866 1
133 602 1
134 592 3
134 291 1
134 454 3
135 692 1
135 581 2
135 942 5
135 157 3
136 280 2
137 581 1
141 630 2
142 280 1
142 847 1
142 647 2
142 159 1
147 590 2
151 290 2
157 530 1
159 160 1
159 290 1
159 171 2
159 687 1
159 923 2
160 280 1
160 629 2
164 498 1
164 853 1
164 943 1
165 401 7
165 316 1
165 847 1
167 280 1
167 851 1
168 586 1
168 782 3
168 912 7
168 472 2
168 885 1
168 984 3
168 447 1
171 590 1
175 849 1
175 335 1
175 423 3
178 752 1
178 482 1
178 228 1
178 502 10
178 710 1
178 599 1
178 333 1
178 976 1
178 693 2
178 470 1
178 409 1
178 249 1
178 538 1
178 605 1
178 862 3
178 767 2
180 958 1
188 280 1
188 988 1
189 718 2
191 413 2
191 415 2
192 381 2
193 272 3
193 830 2
197 738 2
197 923 2
199 738 1
199 506 3
200 344 1
200 915 3
200 630 4
201 335 3
207 424 1
207 280 1
207 847 1
208 335 1
214 290 2
214 763 1
214 746 1
214 912 2
214 662 1
214 891 1
228 502 1
230 277 1
231 987 2
231 245 4
232 356 1
232 782 1
232 313 1
232 699 1
232 575 4
233 306 1
233 245 2
236 335 1
239 939 1
245 764 4
245 264 3
245 624 2
245 329 2
245 987 1
245 540 2
246 275 1
246 423 1
250 927 1
251 987 1
260 575 1
267 435 2
267 662 1
267 459 1
268 454 1
272 450 2
272 662 1
273 951 1
274 552 1
274 280 1
275 327 1
278 776 1
278 290 2
280 647 3
280 526 1
280 493 1
280 656 1
280 530 1
280 915 1
280 408 1
280 547 1
280 561 1
280 301 1
280 817 1
280 658 1
280 953 1
280 990 1
280 360 1
280 920 2
280 851 1
280 631 1
281 546 2
290 566 1
290 589 1
291 401 3
291 454 2
293 547 1
293 693 2
302 847 1
306 771 1
306 742 1
310 368 1
311 697 2
311 987 2
311 540 1
311 955 2
311 855 1
313 648 7
327 381 2
329 819 1
329 540 1
332 435 2
334 416 2
335 643 1
335 664 1
335 537 3
335 670 1
335 808 1
335 553 1
335 810 1
335 688 1
335 468 1
335 985 1
335 737 2
335 1004 1
335 464 1
335 980 1
335 381 1
338 987 1
338 540 1
341 942 1
347 966 1
352 712 1
353 891 6
356 472 1
356 586 2
356 542 2
361 987 1
364 987 1
369 513 1
369 927 1
377 866 1
377 630 1
383 586 3
398 712 2
401 454 6
401 429 3
401 415 5
413 746 1
413 927 6
413 935 1
415 997 1
415 544 1
416 648 1
416 586 5
416 573 1
416 984 2
418 977 10
418 996 49
421 424 1
421 847 1
423 977 3
423 849 2
424 847 1
424 795 1
424 990 2
427 955 1
428 915 1
429 454 4
432 987 1
433 738 4
433 987 1
435 500 1
435 586 3
435 782 1
443 450 2
443 742 1
443 662 2
444 927 1
450 802 2
450 771 2
450 900 3
450 915 2
450 662 5
450 703 2
454 609 2
454 1003 2
454 592 3
456 720 1
466 712 2
469 630 2
471 716 2
472 782 3
472 912 1
472 575 1
482 987 1
482 847 2
485 542 3
485 927 1
493 561 1
493 530 1
497 977 4
499 684 2
500 586 2
500 772 1
502 538 1
502 605 1
506 605 1
511 987 1
513 927 1
516 532 1
516 743 1
517 952 2
530 629 1
530 630 2
530 891 9
531 987 1
532 537 1
532 761 1
535 823 2
535 927 1
540 955 6
540 582 4
540 840 1
540 873 1
540 855 1
540 697 2
540 987 1
541 996 2
542 586 3
542 927 1
543 952 1
546 771 1
546 772 3
546 784 1
546 629 2
546 923 1
547 978 1
550 923 1
551 927 1
552 847 1
557 912 1
561 847 1
568 947 2
568 662 2
573 586 2
575 782 4
581 772 3
582 987 1
586 868 1
586 984 1
587 720 4
592 713 1
592 948 1
592 927 3
602 743 4
612 633 1
617 633 1
624 955 1
629 891 1
630 952 3
641 987 1
646 927 1
647 847 1
654 738 1
659 742 1
662 802 1
680 720 1
682 738 1
682 772 1
684 704 1
684 918 1
692 775 1
693 890 1
697 771 1
697 855 3
697 925 2
700 790 3
703 771 1
716 866 1
719 738 2
719 837 2
719 783 1
720 833 1
720 855 1
722 927 1
731 915 1
746 923 2
758 844 1
764 994 3
764 987 2
770 927 1
772 987 1
772 923 1
773 955 2
774 947 17
776 923 2
779 843 1
789 987 1
795 847 1
809 987 1
823 927 1
828 837 3
840 987 1
844 956 1
847 936 1
847 990 1
849 987 2
854 927 2
855 955 1
855 925 1
857 915 1
861 934 1
872 987 1
873 987 1
890 923 2
911 1004 2
921 977 4
921 1004 1
924 996 1
925 955 2
933 966 2
935 966 1
955 987 2
977 1001 6
977 1004 2
987 994 1
