0
1
2
3
4
5
6
7
8
9
10
11
12
13
14
15
16
17
18
19
20
21
22
23
24
25
26
27
28
29
30
31
32
33
34
35
36
37
38
39
40
41
42
43
44
45
46
47
48
49
50
51
52
53
54
55
56
57
58
59
60
61
62
63
64
65
66
67
68
69
70
71
72
73
74
75
76
77
78
79
80
81
82
83
84
85
86
87
88
89
90
91
92
93
94
95
96
97
98
99
100
101
102
103
104
105
106
107
108
109
110
111
112
113
114
115
116
117
118
119
120
121
122
123
124
125
126
127
128
129
130
131
132
133
134
135
136
137
138
139
141
142
143
144
145
146
147
148
149
150
151
152
153
154
155
157
158
159
160
161
162
163
164
165
166
167
168
169
170
171
172
173
174
175
176
177
178
179
180
181
182
183
184
185
186
187
188
189
190
191
192
193
194
195
196
197
198
199
200
201
202
203
204
205
206
207
208
209
210
211
212
213
214
215
216
217
218
219
220
221
222
223
224
225
226
227
228
229
230
231
232
233
235
236
237
238
239
240
241
242
243
244
245
246
247
248
249
250
251
252
253
254
255
256
257
259
260
262
263
264
265
266
267
268
269
270
271
272
273
274
275
276
277
278
279
280
281
282
283
284
285
286
287
288
289
290
291
292
293
294
295
296
297
299
300
301
302
303
304
305
306
307
308
309
310
311
312
313
314
315
316
317
318
319
320
321
322
323
324
325
326
327
328
329
330
331
332
333
334
335
336
337
338
339
340
341
343
344
345
346
347
348
349
350
351
352
353
355
356
357
358
359
360
361
362
364
365
366
367
368
369
370
371
372
373
374
375
376
377
378
379
380
381
382
383
384
385
386
387
388
389
390
391
392
393
394
395
396
397
398
399
400
401
402
403
404
405
406
407
408
409
410
411
412
413
414
415
416
418
419
420
421
422
423
424
425
426
427
428
429
430
431
432
433
434
435
436
437
438
439
440
441
442
443
444
445
446
447
448
449
450
451
452
453
454
455
456
457
458
459
460
461
462
464
465
466
467
468
469
470
471
472
473
474
475
476
477
478
479
480
481
482
483
484
485
486
487
488
489
490
491
492
493
495
496
497
498
499
500
501
502
503
504
505
506
507
508
509
510
511
512
513
514
515
516
517
518
519
520
521
522
523
524
525
526
527
528
530
531
532
533
534
535
536
537
538
539
540
541
542
543
544
545
546
547
548
549
550
551
552
553
554
556
557
558
559
560
561
562
563
564
565
566
567
568
569
570
571
572
573
574
575
576
577
578
579
580
581
582
583
584
585
586
587
588
589
590
591
592
593
594
595
596
597
598
599
600
601
602
603
604
605
606
607
609
610
611
612
613
614
615
616
617
618
619
621
622
623
624
625
626
627
628
629
630
631
632
633
634
635
636
637
638
639
640
641
642
643
644
645
646
647
648
649
650
651
652
653
654
655
656
657
658
659
660
661
662
663
664
665
666
667
668
669
670
671
672
673
674
675
676
677
678
679
680
681
682
683
684
685
686
687
688
689
690
691
692
693
694
695
696
697
698
699
700
701
702
703
704
705
706
707
708
709
710
711
712
713
714
715
716
717
718
719
720
721
722
723
724
725
726
727
728
729
730
731
732
733
734
735
736
737
738
739
740
741
742
743
744
745
746
747
748
749
750
751
752
753
754
756
757
758
759
760
761
762
763
764
765
767
768
769
770
771
772
773
774
775
776
777
778
779
780
781
782
783
784
785
786
787
788
789
790
791
792
793
794
795
796
797
798
799
800
801
802
803
804
805
806
807
808
809
810
811
812
813
814
815
816
817
818
819
820
821
822
823
824
825
826
827
828
829
830
831
832
833
834
835
836
837
838
839
840
841
842
843
844
845
846
847
848
849
850
851
852
853
854
855
856
857
858
859
860
861
862
863
864
865
866
867
868
869
870
871
872
873
874
875
876
877
878
879
880
881
882
883
884
885
886
887
888
889
890
891
892
893
894
895
896
897
898
899
900
901
902
903
904
905
906
907
908
909
910
911
912
913
914
915
916
917
918
919
920
921
922
923
924
925
926
927
928
929
930
931
932
933
934
935
936
937
938
939
940
941
942
943
944
945
946
947
948
949
950
951
952
953
954
955
956
957
958
960
961
962
963
964
965
966
967
968
969
970
971
972
973
974
975
976
977
978
979
980
981
982
983
984
985
986
987
988
989
990
991
992
993
994
995
996
997
998
999
1000
1001
1002
1003
1004
0 569 1
1 309 1
2 849 1
2 782 2
2 749 1
2 790 3
2 629 6
4 135 4
5 506 1
5 607 3
5 724 1
5 175 1
5 335 1
6 569 1
6 1004 1
6 470 2
8 144 2
8 739 1
13 682 1
15 680 1
15 731 2
16 19 1
17 857 2
17 915 1
17 428 1
24 530 1
24 891 2
24 629 9
25 48 1
28 987 1
29 335 1
30 868 1
30 762 1
30 356 1
30 52 1
31 410 1
31 165 1
31 647 1
32 197 1
32 718 1
32 977 1
32 791 3
32 185 1
32 862 1
34 997 1
40 568 2
40 450 3
46 399 1
48 458 3
48 684 2
48 558 1
48 216 1
48 956 1
48 319 1
52 868 2
52 166 1
52 168 1
52 201 1
52 232 1
52 126 1
52 313 1
52 356 1
52 765 1
56 987 2
58 577 2
58 818 1
62 542 1
65 220 1
66 227 1
67 963 7
67 165 2
67 846 2
67 207 2
67 561 2
67 344 2
68 987 1
75 416 1
75 220 1
77 439 1
82 135 5
84 939 1
86 443 1
86 703 1
90 865 1
90 644 1
90 236 1
90 142 1
90 927 1
91 607 1
91 415 1
92 647 1
95 987 1
98 592 4
101 246 2
105 947 4
105 774 1
106 740 2
106 509 1
107 980 1
107 381 1
112 356 1
113 927 4
118 335 1
120 292 1
120 135 5
122 428 4
122 718 1
125 477 1
126 294 2
132 842 4
133 416 1
133 602 3
134 592 4
135 581 15
135 870 5
135 942 5
135 720 2
135 742 9
135 371 4
135 628 9
135 214 1
135 692 1
136 857 5
136 647 1
137 771 6
139 477 1
141 241 1
141 469 1
141 614 1
142 857 1
142 267 2
142 647 1
146 326 1
147 577 1
147 277 1
147 454 1
151 290 2
151 278 1
153 977 1
157 692 1
157 590 1
159 841 1
159 915 1
159 214 4
159 695 2
160 280 1
160 629 4
160 526 1
165 428 1
165 401 4
165 857 1
165 316 1
167 978 1
167 607 2
167 988 1
167 207 1
168 416 1
168 324 2
168 260 2
168 912 11
168 472 2
168 356 1
175 849 3
175 275 5
175 582 3
175 335 1
181 920 1
188 978 1
188 851 1
188 469 1
189 969 1
189 718 4
194 306 1
195 880 1
197 987 1
197 630 2
199 506 5
199 644 3
200 696 2
200 952 2
200 971 1
201 335 1
202 629 4
207 978 1
207 469 1
207 630 1
207 795 4
208 236 1
208 335 1
209 912 1
214 776 1
214 940 1
214 912 1
214 530 1
214 920 1
214 544 1
214 290 1
214 684 1
214 835 1
214 841 1
214 844 1
214 334 1
214 720 1
214 852 1
214 987 1
214 220 1
214 865 1
214 738 1
214 743 1
214 371 1
214 629 1
228 569 1
228 502 1
228 335 1
229 306 1
229 483 1
229 628 3
229 742 2
229 607 4
231 987 2
231 607 1
233 692 1
236 359 1
236 381 1
236 335 1
239 596 1
245 987 1
245 764 1
246 724 6
246 423 6
249 569 1
250 927 4
251 987 1
253 923 1
256 472 1
256 416 1
260 912 2
267 674 5
267 662 1
267 951 3
275 849 2
275 327 1
277 715 1
280 360 1
280 530 1
280 526 1
280 561 1
280 658 3
280 915 2
280 846 3
280 631 1
280 920 1
280 281 1
280 851 3
280 731 1
280 629 2
290 589 3
291 401 1
293 572 1
293 724 5
293 718 2
294 416 1
294 817 3
294 586 1
294 790 1
295 569 1
299 388 2
301 978 3
306 771 2
306 742 4
306 784 1
306 703 1
308 418 2
310 343 1
311 987 1
311 540 1
311 925 1
313 472 1
313 416 1
318 684 1
321 684 1
333 569 1
334 607 1
335 643 1
335 532 1
335 664 3
335 537 1
335 670 1
335 808 1
335 553 1
335 810 1
335 688 1
335 464 1
335 468 1
335 985 1
335 737 1
335 1004 1
335 980 1
335 381 1
337 904 1
337 927 1
338 987 1
343 663 2
347 933 1
356 517 1
356 472 2
360 891 1
360 629 4
361 987 1
364 987 1
369 927 4
377 718 2
379 568 1
381 532 3
396 761 2
397 671 1
397 975 1
401 429 1
401 454 4
401 415 1
409 569 1
410 977 1
415 607 1
416 602 1
416 762 1
416 927 1
418 977 4
421 795 2
424 795 3
428 647 2
428 915 3
428 857 2
429 454 4
432 987 1
433 738 1
433 987 1
435 500 3
438 818 1
443 662 2
443 742 1
443 703 1
444 535 1
444 927 4
447 586 1
447 885 1
450 947 1
454 592 3
458 684 1
469 512 1
469 858 1
470 569 1
470 862 1
472 743 1
472 602 1
482 531 1
482 987 1
483 607 3
485 927 4
493 561 1
493 629 4
499 844 1
500 923 2
500 782 2
500 687 3
502 776 1
502 569 1
506 644 4
506 783 1
506 657 1
506 951 4
506 996 1
506 541 2
511 987 1
513 823 1
513 927 4
526 629 4
528 873 1
530 630 3
530 629 5
530 891 2
531 641 1
531 987 2
532 700 4
535 823 1
535 927 4
538 569 1
538 862 1
540 987 1
541 752 1
541 951 5
542 927 4
546 550 1
546 607 1
550 743 1
551 927 4
557 927 1
558 956 1
558 565 1
561 629 4
565 684 1
568 771 1
569 710 1
569 599 1
569 976 1
569 693 1
569 605 1
569 862 1
569 991 1
577 936 7
581 936 1
581 703 2
582 650 1
582 987 1
588 987 1
591 923 1
591 607 1
592 713 3
592 927 3
595 718 1
607 716 1
607 687 1
607 696 1
607 915 1
607 920 1
607 891 1
612 633 1
614 630 4
617 720 1
626 936 1
629 685 4
629 846 4
629 658 4
629 630 4
629 631 4
629 891 7
629 894 4
634 788 1
639 1004 2
641 987 1
643 685 2
644 996 1
644 1001 2
644 850 1
644 702 1
646 823 2
646 927 4
647 847 1
647 953 1
647 857 1
659 742 1
669 739 1
672 844 3
674 927 1
679 684 1
680 720 1
682 783 1
682 719 2
684 704 1
684 918 1
684 844 1
687 923 1
692 746 1
692 749 3
697 855 1
700 849 1
703 771 2
718 904 1
718 777 1
718 754 1
718 883 1
718 724 1
718 980 1
720 855 1
722 927 4
738 783 1
740 788 1
742 769 1
742 900 2
752 850 1
758 844 2
758 918 1
761 881 1
764 987 1
770 927 4
774 947 6
782 790 1
783 850 1
789 987 1
790 812 1
790 823 1
809 987 1
823 927 6
840 987 1
849 987 1
854 927 6
855 936 4
872 987 2
873 987 1
954 978 1
955 987 1
977 1001 1
977 1004 2
987 994 1
