0
1
2
3
4
5
6
7
8
9
10
11
12
13
14
15
16
17
18
19
20
21
22
23
24
25
26
27
28
29
30
31
32
33
34
35
36
37
38
39
40
41
42
43
44
45
46
47
48
49
50
51
52
53
54
55
56
57
58
59
60
61
62
63
64
65
66
67
68
69
70
71
72
73
74
75
76
77
78
79
80
81
82
83
84
85
86
87
88
89
90
91
92
93
94
95
96
97
98
99
100
101
102
103
104
105
106
107
108
109
110
111
112
113
114
115
116
117
118
119
120
121
122
123
124
125
126
127
128
129
130
131
132
133
134
135
136
137
138
139
141
142
143
144
145
146
147
148
149
150
151
152
153
154
155
157
158
159
160
161
162
163
164
165
166
167
168
169
170
171
172
173
174
175
176
177
178
179
180
181
182
183
184
185
186
187
188
189
190
191
192
193
194
195
196
197
198
199
200
201
202
203
204
205
206
207
208
209
210
211
212
213
214
215
216
217
218
219
220
221
222
223
224
225
226
227
228
229
230
231
232
233
235
236
237
238
239
240
241
242
243
244
245
246
247
248
249
250
251
252
253
254
255
256
257
259
260
262
263
264
265
266
267
268
269
270
271
272
273
274
275
276
277
278
279
280
281
282
283
284
285
286
287
288
289
290
291
292
293
294
295
296
297
299
300
301
302
303
304
305
306
307
308
309
310
311
312
313
314
315
316
317
318
319
320
321
322
323
324
325
326
327
328
329
330
331
332
333
334
335
336
337
338
339
340
341
343
344
345
346
347
348
349
350
351
352
353
355
356
357
358
359
360
361
362
364
365
366
367
368
369
370
371
372
373
374
375
376
377
378
379
380
381
382
383
384
385
386
387
388
389
390
391
392
393
394
395
396
397
398
399
400
401
402
403
404
405
406
407
408
409
410
411
412
413
414
415
416
418
419
420
421
422
423
424
425
426
427
428
429
430
431
432
433
434
435
436
437
438
439
440
441
442
443
444
445
446
447
448
449
450
451
452
453
454
455
456
457
458
459
460
461
462
464
465
466
467
468
469
470
471
472
473
474
475
476
477
478
479
480
481
482
483
484
485
486
487
488
489
490
491
492
493
495
496
497
498
499
500
501
502
503
504
505
506
507
508
509
510
511
512
513
514
515
516
517
518
519
520
521
522
523
524
525
526
527
528
530
531
532
533
534
535
536
537
538
539
540
541
542
543
544
545
546
547
548
549
550
551
552
553
554
556
557
558
559
560
561
562
563
564
565
566
567
568
569
570
571
572
573
574
575
576
577
578
579
580
581
582
583
584
585
586
587
588
589
590
591
592
593
594
595
596
597
598
599
600
601
602
603
604
605
606
607
609
610
611
612
613
614
615
616
617
618
619
621
622
623
624
625
626
627
628
629
630
631
632
633
634
635
636
637
638
639
640
641
642
643
644
645
646
647
648
649
650
651
652
653
654
655
656
657
658
659
660
661
662
663
664
665
666
667
668
669
670
671
672
673
674
675
676
677
678
679
680
681
682
683
684
685
686
687
688
689
690
691
692
693
694
695
696
697
698
699
700
701
702
703
704
705
706
707
708
709
710
711
712
713
714
715
716
717
718
719
720
721
722
723
724
725
726
727
728
729
730
731
732
733
734
735
736
737
738
739
740
741
742
743
744
745
746
747
748
749
750
751
752
753
754
756
757
758
759
760
761
762
763
764
765
767
768
769
770
771
772
773
774
775
776
777
778
779
780
781
782
783
784
785
786
787
788
789
790
791
792
793
794
795
796
797
798
799
800
801
802
803
804
805
806
807
808
809
810
811
812
813
814
815
816
817
818
819
820
821
822
823
824
825
826
827
828
829
830
831
832
833
834
835
836
837
838
839
840
841
842
843
844
845
846
847
848
849
850
851
852
853
854
855
856
857
858
859
860
861
862
863
864
865
866
867
868
869
870
871
872
873
874
875
876
877
878
879
880
881
882
883
884
885
886
887
888
889
890
891
892
893
894
895
896
897
898
899
900
901
902
903
904
905
906
907
908
909
910
911
912
913
914
915
916
917
918
919
920
921
922
923
924
925
926
927
928
929
930
931
932
933
934
935
936
937
938
939
940
941
942
943
944
945
946
947
948
949
950
951
952
953
954
955
956
957
958
960
961
962
963
964
965
966
967
968
969
970
971
972
973
974
975
976
977
978
979
980
981
982
983
984
985
986
987
988
989
990
991
992
993
994
995
996
997
998
999
1000
1001
1002
1003
1004
0 249 1
0 178 1
0 595 2
0 716 1
0 189 2
2 231 1
2 74 2
2 334 3
2 112 1
2 500 1
2 790 1
2 151 2
5 491 1
5 118 2
6 178 1
13 738 1
13 532 1
14 1001 9
14 644 2
14 924 6
14 724 2
14 796 1
16 393 2
16 225 2
17 316 1
19 333 1
24 280 2
24 629 4
25 704 1
25 844 1
25 558 1
28 987 2
29 899 1
29 118 1
30 868 1
30 104 1
30 912 1
30 948 1
30 885 4
30 120 1
30 90 2
30 765 2
31 92 1
31 428 1
31 316 2
31 165 6
31 142 1
32 421 1
32 718 1
32 977 1
32 791 1
32 280 2
32 921 1
32 197 1
35 851 2
38 474 1
38 939 1
38 309 1
38 782 2
40 802 1
40 379 1
40 900 1
40 198 1
40 488 1
40 60 1
40 450 1
40 272 1
40 712 1
40 947 2
40 662 1
40 695 1
40 568 1
40 187 2
40 572 1
40 254 2
41 73 1
41 565 2
45 227 7
45 966 2
46 310 2
48 763 1
48 844 2
48 854 1
48 558 1
48 319 1
50 505 1
52 912 2
52 868 1
52 948 1
52 313 1
53 193 1
53 951 1
53 772 2
53 239 1
56 987 2
56 540 2
58 338 1
58 909 8
60 568 2
60 187 2
61 517 1
61 393 2
61 663 2
61 428 1
61 718 9
61 591 1
61 233 1
61 696 2
61 89 2
61 122 1
62 823 1
62 214 2
62 646 2
62 159 2
66 227 13
66 966 5
67 963 9
67 165 4
67 846 4
67 207 1
67 656 1
67 561 1
67 344 1
68 987 2
69 950 1
70 310 2
70 534 1
73 723 1
74 232 1
74 416 1
74 166 1
74 447 2
75 772 5
75 334 2
75 948 3
75 633 1
75 220 2
75 607 1
77 168 1
77 912 1
78 178 1
78 404 1
78 333 1
82 170 1
82 628 1
86 152 2
86 443 4
86 742 1
90 193 2
90 866 3
90 923 2
90 260 3
90 649 3
90 388 1
90 236 1
90 718 3
90 850 1
90 915 1
90 692 1
90 885 2
90 137 2
90 996 4
90 283 4
90 220 1
90 191 2
91 607 1
92 915 1
92 316 4
92 142 1
95 987 2
95 789 1
96 420 2
98 401 1
98 268 1
98 134 1
101 977 1
101 246 4
101 423 3
103 977 3
103 423 3
104 425 11
104 948 1
105 418 5
107 454 1
107 553 1
107 236 2
107 718 2
107 335 4
107 464 1
107 980 1
111 912 1
111 416 1
111 586 3
111 762 1
111 854 1
112 256 1
112 267 2
112 517 2
112 674 2
114 718 2
117 268 1
118 867 1
118 502 1
120 416 2
120 772 3
120 742 2
120 586 1
120 783 1
120 850 1
120 948 6
120 823 2
120 923 2
120 540 3
120 765 1
122 718 3
126 416 2
126 232 1
126 586 6
126 332 2
126 948 1
126 885 3
126 790 3
127 281 1
127 454 2
134 592 1
135 581 5
135 742 2
135 936 4
135 585 1
135 746 1
135 718 2
135 628 2
135 405 1
136 200 2
136 428 1
136 915 1
136 316 2
136 142 1
137 581 1
141 188 1
142 344 1
142 267 3
142 165 1
142 647 1
142 200 1
142 971 1
142 428 1
142 302 1
142 207 3
142 952 1
142 915 4
142 631 1
142 953 1
142 280 1
142 857 2
142 543 1
142 316 5
142 990 1
147 416 1
147 347 4
147 948 1
147 933 2
147 686 1
150 415 1
151 923 1
151 253 2
152 443 2
152 742 1
153 1001 1
153 418 1
153 996 1
153 977 2
157 577 1
157 517 1
157 746 1
157 592 2
157 586 1
157 542 2
159 739 2
159 502 2
159 742 1
159 776 2
159 940 1
159 334 1
159 798 1
159 214 2
160 561 1
160 772 1
160 629 5
161 239 1
164 322 1
164 420 3
165 401 2
165 915 1
165 344 3
165 857 1
165 858 1
165 316 4
166 416 2
166 912 1
166 948 1
166 759 1
166 573 1
167 817 1
167 851 1
167 502 1
167 630 2
168 416 3
168 356 2
168 294 1
168 232 4
168 425 8
168 266 6
168 912 23
168 984 3
168 586 7
168 949 22
168 790 25
168 439 4
168 472 20
168 260 14
168 362 1
168 868 2
170 771 2
170 870 1
170 231 2
171 590 1
173 506 1
175 849 9
175 275 7
175 423 1
175 977 1
178 409 1
178 538 1
178 295 1
178 693 1
178 951 1
178 569 1
178 710 2
178 333 1
178 976 1
178 339 1
178 718 1
178 470 1
178 599 1
178 605 1
178 862 2
178 991 1
178 228 1
178 502 9
178 249 1
178 767 1
180 958 1
184 193 2
184 754 1
184 595 1
184 718 1
186 256 1
186 267 2
186 517 1
188 772 1
188 421 9
188 614 4
188 656 1
188 920 1
188 502 3
188 280 1
189 772 1
189 239 2
189 502 1
189 951 1
189 410 1
190 267 1
190 353 1
190 920 1
190 891 1
190 656 2
191 692 4
192 977 2
193 617 2
193 528 9
193 595 1
193 823 2
193 633 1
195 595 1
196 454 2
199 644 1
199 924 1
200 772 1
200 428 2
200 915 1
200 316 2
207 424 5
207 795 1
207 847 1
207 561 3
207 547 1
207 469 5
207 558 2
207 988 1
208 537 2
208 977 2
209 356 1
214 290 2
214 235 1
214 243 1
214 712 1
214 458 3
214 935 1
214 813 1
214 687 1
214 912 2
214 531 1
214 278 1
214 951 1
214 923 1
216 321 1
216 558 2
220 546 2
220 334 2
223 746 1
227 966 2
228 605 1
229 306 4
230 577 1
231 874 2
231 427 1
231 738 3
231 541 1
231 245 2
231 987 2
231 540 2
231 607 1
232 425 1
232 912 1
232 946 2
232 949 2
232 472 3
232 313 1
232 607 1
233 540 2
233 245 4
235 890 1
236 537 4
239 772 1
239 742 3
239 951 1
239 595 1
239 502 4
239 823 1
239 923 3
239 542 1
245 874 2
245 987 2
245 540 1
246 377 1
246 423 7
248 746 1
248 531 1
248 506 5
249 393 2
249 693 2
249 442 1
250 369 1
250 948 1
251 987 2
253 290 2
253 454 1
253 566 2
256 912 1
256 517 2
256 648 1
256 267 5
256 948 1
256 478 1
260 912 1
260 762 1
262 289 1
264 329 2
264 540 1
264 581 1
266 912 2
266 949 1
266 790 1
267 838 1
267 517 3
267 614 2
267 648 2
267 586 9
267 435 4
267 948 1
267 478 4
268 291 1
268 454 2
268 713 1
268 633 1
273 752 1
273 306 2
273 581 2
275 849 6
275 977 3
275 737 4
275 316 1
277 862 1
280 547 1
280 772 1
280 614 1
280 647 1
280 360 1
280 561 1
280 915 1
280 656 1
280 920 1
280 530 1
280 851 1
280 629 6
280 502 2
280 631 1
280 281 1
280 526 1
281 718 2
284 680 3
284 731 2
288 484 21
288 773 2
288 391 14
288 493 23
288 846 25
288 561 18
288 629 25
288 630 3
288 445 14
291 401 1
292 506 5
293 724 1
294 416 1
294 586 2
294 912 1
294 817 1
294 313 1
294 762 1
299 509 1
301 795 1
301 630 1
302 316 1
302 428 1
304 456 1
305 946 8
306 659 3
306 660 2
306 951 1
310 735 1
310 943 4
311 987 2
311 540 1
313 912 1
313 472 4
313 699 1
316 772 1
316 647 2
316 543 4
316 428 10
316 952 2
316 953 2
316 971 2
316 344 1
316 857 3
316 349 1
316 990 2
316 915 13
316 629 2
318 948 1
319 558 1
321 499 7
322 832 3
322 879 1
323 337 2
323 939 1
326 587 1
329 819 1
332 416 1
332 500 1
332 948 1
334 772 4
334 454 2
334 776 4
334 746 1
334 534 4
334 586 1
334 607 1
337 505 2
337 603 1
338 987 2
340 948 1
344 971 1
347 933 1
349 976 3
349 428 1
353 391 1
356 416 1
356 912 1
356 946 1
356 948 3
356 765 1
356 542 1
360 629 4
360 526 4
361 987 2
364 582 1
365 732 1
365 687 1
369 948 1
369 535 1
373 656 1
374 659 1
377 457 1
378 603 1
381 532 7
383 589 1
386 758 1
391 629 1
401 454 3
401 683 2
401 429 1
401 415 2
402 832 2
404 595 2
410 977 2
410 724 1
410 663 2
413 746 2
413 668 2
413 813 3
413 935 2
414 891 3
415 978 2
415 429 1
416 782 2
416 912 1
416 435 3
416 948 3
416 573 1
416 447 1
416 707 1
416 586 3
416 454 1
416 854 5
416 984 1
416 880 2
416 500 1
416 885 3
416 759 1
416 633 1
416 762 1
416 765 1
418 977 3
418 996 2
420 740 1
420 879 1
420 559 2
421 424 5
421 795 1
422 680 2
422 731 1
423 977 6
424 795 6
424 990 2
425 946 4
425 472 5
425 765 1
427 955 2
428 454 2
428 647 1
428 915 4
428 857 1
429 454 2
432 987 2
433 987 2
434 672 1
435 500 1
435 782 1
435 854 1
439 912 2
439 949 2
440 537 5
443 662 2
444 948 1
444 535 1
445 629 1
447 586 3
450 712 2
450 746 1
450 947 1
450 662 1
454 822 1
454 552 1
454 713 2
454 875 1
454 592 1
454 562 1
454 772 2
454 735 1
458 844 1
458 558 1
459 948 1
468 643 1
472 946 1
472 535 2
478 517 1
480 987 2
482 987 2
484 629 1
493 795 2
493 629 4
497 773 2
499 948 1
499 558 2
499 607 3
500 550 1
500 814 2
500 948 1
502 772 1
502 923 2
502 687 1
502 693 2
502 951 1
502 718 2
502 591 1
502 976 2
502 851 1
502 599 1
502 605 3
502 862 2
502 746 1
502 890 1
505 603 1
506 644 1
506 1001 4
506 841 4
506 996 1
509 603 1
512 795 1
513 948 1
514 977 3
514 603 1
516 881 6
516 924 3
516 804 8
516 790 2
517 648 1
517 948 1
517 542 1
526 629 4
530 746 1
530 915 1
530 772 1
530 629 4
531 994 1
531 987 3
534 746 2
534 939 1
534 591 1
535 722 1
535 542 2
537 664 1
540 994 1
540 987 3
540 874 2
540 624 2
540 955 2
541 738 2
541 850 1
541 921 1
541 923 1
541 924 1
542 586 1
542 646 1
542 746 1
542 684 1
542 765 1
542 948 1
543 915 1
544 739 4
546 923 1
546 550 1
546 743 2
547 817 1
547 851 3
550 746 2
551 948 1
558 844 2
558 956 2
561 846 12
561 629 4
565 763 1
565 926 2
565 854 1
565 723 2
572 802 2
572 614 1
573 912 1
573 586 1
574 912 1
574 948 1
577 715 1
577 926 1
577 686 1
581 936 1
581 628 1
582 764 3
582 994 1
582 987 2
586 776 2
586 782 3
586 912 2
586 915 2
586 687 1
586 948 1
586 854 2
586 984 7
586 602 1
586 868 6
586 885 1
587 720 1
591 746 1
592 738 1
592 713 1
592 783 1
592 948 3
592 923 1
595 754 6
595 951 1
599 605 1
602 912 1
602 948 1
603 780 1
603 822 1
603 735 1
605 1001 2
605 685 2
605 693 1
607 742 1
607 718 2
607 891 2
609 772 1
609 629 1
614 685 1
614 656 1
614 891 1
629 772 2
629 658 4
629 685 4
629 846 4
629 978 5
629 851 5
629 630 4
629 631 4
629 891 5
630 685 1
630 891 2
634 788 1
638 700 1
641 987 2
644 924 1
646 948 1
648 912 1
648 948 1
654 738 2
654 783 1
656 990 1
663 950 4
666 928 1
668 746 5
674 948 1
680 707 1
684 746 1
684 948 1
685 1001 2
686 933 2
687 772 2
687 776 1
687 746 3
687 696 1
692 746 3
693 977 2
697 925 1
698 987 2
699 912 1
700 881 1
700 956 1
700 837 1
706 951 1
707 951 2
711 718 2
715 926 1
716 718 4
718 904 1
718 754 2
718 843 1
718 851 1
718 724 1
718 866 7
718 746 1
718 883 2
718 980 3
719 738 1
720 746 7
720 935 4
721 948 1
721 765 1
722 948 1
730 868 1
731 746 1
738 923 1
738 837 1
738 745 1
738 783 3
738 850 1
738 921 1
738 828 1
739 746 1
742 863 1
742 900 2
742 746 1
742 784 1
742 772 4
742 890 2
742 923 1
743 912 1
743 948 1
746 776 1
746 920 1
746 935 19
746 775 1
746 813 7
746 834 1
746 851 1
746 980 1
746 994 1
748 926 1
758 844 1
761 850 1
762 912 1
762 984 1
763 956 1
763 854 3
764 874 2
764 987 2
765 912 1
765 946 1
765 948 1
765 868 2
771 863 4
771 870 5
771 855 1
772 900 1
772 915 2
772 923 2
772 951 1
772 857 2
772 862 1
772 883 1
772 890 1
774 947 90
780 977 3
782 948 1
782 854 2
782 984 1
789 873 1
789 987 4
790 868 1
790 984 4
790 956 1
790 863 2
794 854 1
795 817 1
795 978 1
803 948 1
804 881 10
809 987 3
810 881 1
823 948 1
833 951 1
840 874 2
840 987 2
844 918 1
849 977 2
849 987 2
850 996 6
850 881 1
851 978 6
854 948 1
854 918 2
854 956 1
857 915 7
857 951 2
857 923 1
858 978 1
862 909 2
863 993 1
868 912 1
872 987 2
873 874 2
873 987 2
883 951 1
885 912 1
885 948 1
890 923 1
891 920 1
904 980 1
912 948 2
912 949 3
915 990 2
918 948 1
923 951 4
924 1001 3
925 987 2
948 984 1
950 977 3
955 987 2
977 1004 6
977 1001 5
987 994 2
