0
1
2
3
4
5
6
7
8
9
10
11
12
13
14
15
16
17
18
19
20
21
22
23
24
25
26
27
28
29
30
31
32
33
34
35
36
37
38
39
40
41
42
43
44
45
46
47
48
49
50
51
52
53
54
55
56
57
58
59
60
61
62
63
64
65
66
67
68
69
70
71
72
73
74
75
76
77
78
79
80
81
82
83
84
85
86
87
88
89
90
91
92
93
94
95
96
97
98
99
100
101
102
103
104
105
106
107
108
109
110
111
112
113
114
115
116
117
118
119
120
121
122
123
124
125
126
127
128
129
130
131
132
133
134
135
136
137
138
139
141
142
143
144
145
146
147
148
149
150
151
152
153
154
155
157
158
159
160
161
162
163
164
165
166
167
168
169
170
171
172
173
174
175
176
177
178
179
180
181
182
183
184
185
186
187
188
189
190
191
192
193
194
195
196
197
198
199
200
201
202
203
204
205
206
207
208
209
210
211
212
213
214
215
216
217
218
219
220
221
222
223
224
225
226
227
228
229
230
231
232
233
235
236
237
238
239
240
241
242
243
244
245
246
247
248
249
250
251
252
253
254
255
256
257
259
260
262
263
264
265
266
267
268
269
270
271
272
273
274
275
276
277
278
279
280
281
282
283
284
285
286
287
288
289
290
291
292
293
294
295
296
297
299
300
301
302
303
304
305
306
307
308
309
310
311
312
313
314
315
316
317
318
319
320
321
322
323
324
325
326
327
328
329
330
331
332
333
334
335
336
337
338
339
340
341
343
344
345
346
347
348
349
350
351
352
353
355
356
357
358
359
360
361
362
364
365
366
367
368
369
370
371
372
373
374
375
376
377
378
379
380
381
382
383
384
385
386
387
388
389
390
391
392
393
394
395
396
397
398
399
400
401
402
403
404
405
406
407
408
409
410
411
412
413
414
415
416
418
419
420
421
422
423
424
425
426
427
428
429
430
431
432
433
434
435
436
437
438
439
440
441
442
443
444
445
446
447
448
449
450
451
452
453
454
455
456
457
458
459
460
461
462
464
465
466
467
468
469
470
471
472
473
474
475
476
477
478
479
480
481
482
483
484
485
486
487
488
489
490
491
492
493
495
496
497
498
499
500
501
502
503
504
505
506
507
508
509
510
511
512
513
514
515
516
517
518
519
520
521
522
523
524
525
526
527
528
530
531
532
533
534
535
536
537
538
539
540
541
542
543
544
545
546
547
548
549
550
551
552
553
554
556
557
558
559
560
561
562
563
564
565
566
567
568
569
570
571
572
573
574
575
576
577
578
579
580
581
582
583
584
585
586
587
588
589
590
591
592
593
594
595
596
597
598
599
600
601
602
603
604
605
606
607
609
610
611
612
613
614
615
616
617
618
619
621
622
623
624
625
626
627
628
629
630
631
632
633
634
635
636
637
638
639
640
641
642
643
644
645
646
647
648
649
650
651
652
653
654
655
656
657
658
659
660
661
662
663
664
665
666
667
668
669
670
671
672
673
674
675
676
677
678
679
680
681
682
683
684
685
686
687
688
689
690
691
692
693
694
695
696
697
698
699
700
701
702
703
704
705
706
707
708
709
710
711
712
713
714
715
716
717
718
719
720
721
722
723
724
725
726
727
728
729
730
731
732
733
734
735
736
737
738
739
740
741
742
743
744
745
746
747
748
749
750
751
752
753
754
756
757
758
759
760
761
762
763
764
765
767
768
769
770
771
772
773
774
775
776
777
778
779
780
781
782
783
784
785
786
787
788
789
790
791
792
793
794
795
796
797
798
799
800
801
802
803
804
805
806
807
808
809
810
811
812
813
814
815
816
817
818
819
820
821
822
823
824
825
826
827
828
829
830
831
832
833
834
835
836
837
838
839
840
841
842
843
844
845
846
847
848
849
850
851
852
853
854
855
856
857
858
859
860
861
862
863
864
865
866
867
868
869
870
871
872
873
874
875
876
877
878
879
880
881
882
883
884
885
886
887
888
889
890
891
892
893
894
895
896
897
898
899
900
901
902
903
904
905
906
907
908
909
910
911
912
913
914
915
916
917
918
919
920
921
922
923
924
925
926
927
928
929
930
931
932
933
934
935
936
937
938
939
940
941
942
943
944
945
946
947
948
949
950
951
952
953
954
955
956
957
958
960
961
962
963
964
965
966
967
968
969
970
971
972
973
974
975
976
977
978
979
980
981
982
983
984
985
986
987
988
989
990
991
992
993
994
995
996
997
998
999
1000
1001
1002
1003
1004
0 6 1
0 228 1
0 502 2
0 710 1
0 295 1
0 519 1
0 599 1
0 333 2
0 78 1
0 976 1
0 178 3
0 693 1
0 470 1
0 409 1
0 249 3
0 538 1
0 767 1
0 605 1
0 862 1
0 991 1
2 961 1
2 228 3
2 790 1
2 231 2
2 789 1
2 502 1
4 304 3
4 196 1
4 293 1
4 135 1
5 377 1
6 178 2
6 333 1
7 810 1
13 738 3
13 516 5
14 738 1
14 881 1
14 410 1
14 924 4
14 506 2
14 702 1
15 680 3
15 731 10
15 422 3
16 410 1
16 541 2
16 783 1
17 857 1
19 454 1
24 547 1
24 561 1
24 136 1
24 360 1
24 274 1
24 35 1
24 891 1
25 684 2
28 987 1
29 724 1
29 381 1
30 936 2
31 344 2
31 316 1
31 165 1
32 580 1
32 159 1
35 469 2
35 454 1
35 207 1
38 586 1
38 324 5
38 782 1
39 454 1
40 712 4
40 572 1
40 214 1
41 73 2
41 723 5
41 758 1
42 90 2
42 70 1
48 684 3
48 956 1
48 319 3
50 559 6
52 232 1
52 948 4
53 577 2
53 900 3
53 742 1
53 193 2
53 715 1
53 120 2
53 659 2
53 807 1
53 343 1
53 56 1
53 633 1
56 482 1
56 987 9
56 951 1
58 586 1
58 909 2
61 502 2
61 742 1
61 522 1
61 718 11
61 692 2
61 854 2
61 120 1
61 517 2
62 369 1
62 535 1
62 542 3
62 646 2
62 485 7
67 353 1
67 963 15
67 165 2
67 846 2
67 207 1
67 561 1
67 344 5
68 377 1
68 987 1
69 395 1
70 322 1
70 324 3
70 214 1
70 534 1
70 310 2
70 343 2
70 90 1
74 674 5
74 294 1
74 166 2
74 743 1
74 392 1
74 782 3
74 112 2
74 447 1
75 220 2
75 850 2
75 107 1
75 772 4
75 334 3
76 410 1
77 416 1
77 439 1
78 178 2
78 333 1
78 951 1
82 772 1
82 628 1
82 135 1
83 784 1
83 697 1
86 443 4
86 662 1
90 771 1
90 776 1
90 915 3
90 660 1
90 160 2
90 425 1
90 940 1
90 173 1
90 692 3
90 568 1
90 316 6
90 191 4
90 850 1
90 343 2
90 862 1
90 996 1
90 997 2
90 338 3
90 147 5
90 890 1
90 891 1
91 752 1
91 433 2
91 843 1
91 415 1
91 607 1
92 838 5
95 987 1
95 239 1
96 420 2
96 509 1
98 592 5
98 401 3
98 107 1
98 253 1
98 707 4
101 377 1
101 246 4
101 423 3
102 509 1
103 514 1
103 950 1
103 423 9
103 943 1
103 977 3
103 310 6
104 416 3
104 133 2
104 743 1
104 648 1
104 425 5
104 721 2
104 946 1
104 762 1
104 765 4
105 418 30
105 362 1
107 201 1
107 718 4
107 335 1
107 553 1
111 782 5
111 743 1
112 674 5
112 517 1
112 166 2
112 392 1
112 267 4
112 948 1
116 454 1
118 724 3
118 365 3
119 812 1
120 772 8
120 522 1
120 783 1
120 416 1
120 546 1
120 291 1
120 454 3
120 948 4
120 823 1
120 191 1
120 193 1
120 196 2
120 198 1
120 586 4
120 850 1
120 854 1
120 573 1
120 752 4
120 883 1
120 633 2
122 410 1
126 416 2
126 294 3
126 232 1
126 782 5
126 500 3
126 790 7
126 313 1
127 724 1
127 454 1
127 334 1
132 832 1
132 634 1
132 388 2
132 509 1
133 313 1
133 602 1
133 648 1
134 592 4
134 168 4
135 692 4
135 292 2
135 581 5
135 742 3
135 137 6
135 870 1
135 942 2
135 337 1
135 371 1
135 628 5
135 405 3
135 790 4
135 855 1
135 700 3
135 170 1
135 585 2
136 165 1
136 200 6
136 207 1
136 915 1
136 316 2
137 936 3
138 383 1
138 867 1
138 887 2
139 509 1
141 851 1
141 469 1
141 421 1
142 200 5
142 267 5
142 428 2
142 915 2
142 469 1
142 857 1
142 316 1
142 349 1
143 580 2
147 416 3
147 257 1
147 577 2
147 171 1
147 926 4
149 362 1
149 716 3
150 752 1
151 253 3
152 443 1
153 1001 2
153 418 2
153 996 2
153 410 1
153 977 5
157 740 1
157 517 1
159 416 1
159 707 1
159 534 1
159 166 2
159 712 2
159 940 3
159 693 1
159 214 4
159 951 1
159 572 1
159 735 1
160 772 1
160 454 1
160 838 1
160 200 2
160 586 1
160 526 1
160 915 2
160 630 1
160 857 1
161 586 1
164 402 1
164 420 1
164 853 1
164 638 3
164 943 1
165 454 1
165 838 1
165 586 1
165 428 1
165 207 1
165 401 4
165 344 4
165 857 1
165 316 1
166 674 3
166 356 2
166 517 4
166 743 3
166 392 1
166 267 6
166 782 5
166 633 1
166 602 3
167 274 5
167 851 2
167 988 1
167 469 2
168 416 1
168 260 5
168 648 1
168 782 1
168 912 6
168 209 1
168 949 5
168 790 11
168 313 1
168 472 15
168 356 2
168 575 2
170 855 1
171 347 1
171 933 1
173 738 1
173 454 1
173 428 2
173 506 3
173 924 2
175 849 5
175 410 1
175 275 4
175 423 1
178 388 2
178 470 2
178 519 2
178 409 2
178 538 2
178 415 2
178 418 1
178 295 2
178 693 2
178 607 1
178 710 2
178 333 3
178 976 2
178 339 2
178 214 1
178 599 2
178 605 2
178 862 2
178 991 2
178 228 2
178 231 2
178 232 1
178 502 14
178 249 2
178 250 1
178 767 2
181 190 1
184 393 1
185 684 2
185 752 1
185 850 2
185 915 1
185 670 2
185 502 2
185 248 2
185 762 3
185 830 1
187 254 1
188 772 2
188 421 1
188 454 1
188 851 2
188 469 1
188 502 3
189 281 5
189 546 1
189 772 2
189 502 3
189 951 1
190 656 2
190 353 1
190 274 1
190 373 1
191 692 3
191 334 1
192 381 9
193 707 2
193 454 2
193 272 1
193 633 1
193 923 2
196 850 1
196 259 1
196 949 1
197 586 1
199 996 2
199 506 7
199 924 4
199 837 1
199 738 1
200 530 4
200 915 21
200 344 4
200 857 3
200 883 3
200 316 4
206 509 1
207 424 2
207 558 1
207 469 5
207 953 1
207 795 4
207 988 1
207 373 1
209 356 4
209 790 1
214 450 1
214 707 2
214 935 7
214 940 1
214 746 3
214 843 1
214 428 2
214 290 1
214 718 2
214 912 1
214 712 2
214 502 2
214 951 1
214 923 1
214 316 1
216 321 2
216 558 1
216 319 1
220 362 2
220 383 1
220 334 3
220 471 1
223 343 2
228 333 3
228 502 1
228 605 11
229 306 2
229 742 2
229 607 3
230 577 7
231 738 1
231 873 1
231 338 1
231 245 3
231 698 2
231 987 2
231 540 1
231 607 2
232 472 1
232 946 3
233 692 3
233 245 1
235 923 1
235 454 1
235 335 1
236 537 8
239 577 2
239 711 1
239 951 5
240 648 1
241 469 1
245 540 1
245 624 1
245 264 2
245 692 1
245 329 1
245 698 2
245 987 1
245 764 4
246 377 2
246 724 2
246 423 7
248 591 3
248 692 1
248 334 1
248 607 4
249 393 2
249 333 1
249 605 3
250 332 4
250 854 1
250 454 1
251 410 1
251 987 1
253 290 3
253 566 3
256 416 1
256 294 1
257 586 1
260 912 1
260 313 1
260 790 5
264 586 1
264 454 1
267 517 6
267 586 15
267 435 2
267 948 1
267 629 1
267 790 3
267 891 1
270 738 1
274 841 1
274 469 2
275 849 5
275 479 1
277 813 1
278 633 3
278 1003 1
278 334 1
280 772 1
280 629 2
280 502 1
281 479 1
284 731 2
284 454 1
288 391 10
288 493 14
288 561 14
288 629 14
288 630 3
288 445 11
290 454 1
290 566 2
291 401 3
293 724 4
294 416 5
294 817 2
294 885 1
294 984 1
294 313 2
294 586 1
294 447 6
299 832 1
299 634 1
299 509 1
301 469 1
304 441 1
304 317 3
306 771 7
306 784 5
306 626 1
306 659 2
306 790 3
306 383 1
310 586 1
310 528 3
310 343 1
310 477 5
311 987 1
311 540 1
311 955 4
312 333 1
313 416 1
313 730 1
313 765 1
315 423 1
316 392 2
316 428 9
316 915 11
316 629 1
316 857 1
318 332 3
319 386 1
319 684 1
319 758 3
321 565 2
321 558 1
322 334 2
322 879 1
323 509 1
326 557 2
326 782 1
327 738 1
329 624 1
329 775 1
332 435 5
332 500 4
333 592 2
333 502 1
333 710 1
333 743 1
333 599 2
333 569 1
333 693 1
333 470 1
333 409 1
333 538 1
333 605 1
333 862 1
333 767 4
334 609 1
334 772 2
334 617 2
334 524 1
334 718 1
334 687 2
334 692 2
334 890 1
334 923 1
335 737 6
335 810 1
335 657 2
335 664 2
338 433 1
338 987 1
338 540 1
341 915 8
343 388 1
343 399 2
343 950 1
343 663 1
346 634 1
349 976 3
353 920 1
353 656 1
353 953 1
356 416 2
356 517 2
356 648 2
356 790 5
356 602 2
356 730 1
361 987 1
362 771 3
362 645 1
362 454 1
362 854 5
362 383 9
364 377 1
364 994 1
364 987 1
365 866 1
366 972 2
369 823 1
369 535 6
371 441 1
371 454 1
372 595 1
372 404 15
377 866 4
377 457 1
377 630 2
377 724 2
377 729 2
377 731 2
378 509 1
379 568 2
379 454 1
381 502 1
381 670 1
381 921 1
383 526 1
383 657 1
383 887 5
383 953 1
388 832 1
388 718 2
388 509 3
388 638 2
392 674 1
392 948 1
397 454 1
401 454 3
401 429 3
401 415 4
402 788 1
402 509 1
404 595 6
410 482 1
410 837 1
410 777 1
410 1001 1
410 650 1
410 994 1
410 433 1
410 969 1
410 724 1
410 951 2
410 924 1
410 541 1
410 719 1
414 530 1
414 891 3
415 833 1
415 978 1
415 752 1
415 851 1
416 648 1
416 782 9
416 912 1
416 790 1
416 948 3
416 707 4
416 586 7
416 854 3
416 472 1
416 868 6
416 633 1
418 994 3
418 996 46
418 977 44
420 559 2
421 424 1
421 469 1
421 630 7
421 795 1
422 680 1
422 731 15
423 866 3
423 779 1
423 977 3
423 849 4
424 851 1
424 469 1
424 630 2
424 795 2
425 908 1
425 721 5
425 946 10
425 765 2
427 955 4
428 454 2
428 915 17
428 857 3
429 925 1
429 454 1
432 987 1
432 468 1
433 987 6
433 454 1
433 951 1
433 633 1
435 500 1
435 586 4
435 782 1
437 738 1
440 737 2
443 602 1
443 662 1
443 743 4
444 454 1
444 854 1
444 535 3
447 602 1
447 573 1
450 712 2
454 641 1
454 772 5
454 905 1
454 907 1
454 782 2
454 798 1
454 624 1
454 802 1
454 680 1
454 562 1
454 948 1
454 955 2
454 963 1
454 584 1
454 586 2
454 587 1
454 592 5
454 722 1
454 854 2
454 863 1
454 865 1
454 738 1
454 999 1
454 752 1
454 552 1
454 629 1
454 893 1
468 643 1
469 512 6
469 614 1
469 817 1
469 547 1
469 954 1
469 795 1
469 957 1
471 752 1
472 790 1
472 535 1
472 575 1
479 586 1
480 987 1
482 987 2
482 951 1
485 854 1
485 823 1
493 647 1
493 530 2
493 724 2
493 630 1
493 795 1
495 568 6
497 977 2
497 773 1
499 844 3
499 550 2
500 586 5
500 814 2
500 692 1
500 782 1
502 772 4
502 710 1
502 976 5
502 724 5
502 693 1
502 951 2
502 862 1
506 576 1
506 738 1
506 996 1
506 924 6
506 783 1
506 657 1
506 951 3
506 508 1
506 541 1
509 832 2
509 939 1
509 634 2
509 780 1
509 559 1
509 788 1
509 638 1
509 893 1
509 510 1
510 939 1
510 534 3
512 979 1
514 977 2
514 950 1
516 738 1
516 743 1
516 532 3
516 790 6
516 924 2
517 935 3
517 948 1
517 854 2
517 602 3
522 546 1
523 749 1
527 720 1
528 909 2
530 772 1
530 658 1
530 915 5
530 724 2
530 629 3
530 630 4
530 891 1
531 987 15
532 738 3
532 761 2
532 804 3
532 783 1
534 649 1
534 546 1
535 722 1
535 542 1
538 724 2
538 951 1
540 641 1
540 987 1
540 774 7
540 624 2
540 855 1
540 697 1
540 698 2
540 955 5
540 925 1
540 830 1
541 738 2
541 783 1
542 722 1
542 546 1
542 854 2
546 550 2
546 679 1
546 841 1
546 920 2
547 851 1
550 595 1
550 743 2
552 858 1
552 851 1
552 951 1
558 956 1
558 565 1
559 622 2
561 846 4
563 696 3
563 739 1
565 723 2
565 844 1
566 713 2
573 586 3
576 738 1
577 951 2
582 849 1
582 987 1
582 764 5
585 771 1
585 862 2
585 695 3
586 782 34
586 837 1
586 947 1
586 948 1
586 735 1
586 854 2
586 602 14
586 868 9
586 885 1
589 607 1
592 609 3
592 713 2
592 948 2
595 790 1
595 718 2
599 710 1
602 743 7
602 648 2
602 782 15
602 984 2
605 693 1
605 951 1
607 718 1
607 692 3
607 696 2
607 890 1
609 772 4
614 954 1
614 858 1
614 685 2
617 752 1
629 630 1
630 685 4
630 951 3
630 795 2
630 957 6
633 707 2
634 832 2
634 638 1
638 832 2
638 790 1
638 663 3
638 700 1
641 987 1
644 1001 3
644 850 2
644 738 1
648 868 4
648 782 6
648 946 4
648 790 14
648 765 3
650 738 1
654 738 2
654 682 1
654 991 1
656 920 1
656 953 2
657 738 1
659 742 4
663 951 8
663 950 10
668 720 2
668 935 1
669 951 1
671 692 1
672 844 1
674 948 1
680 707 4
680 720 1
680 731 2
682 738 1
684 844 1
684 918 1
687 712 1
690 724 1
692 746 1
692 819 2
693 710 2
693 890 1
697 771 1
697 925 1
697 855 3
698 764 2
698 840 2
698 873 2
698 987 1
700 790 2
702 738 1
702 924 1
703 771 7
704 743 3
707 880 2
707 951 5
712 802 2
716 866 4
716 718 2
718 980 1
718 724 2
719 738 1
720 833 1
720 935 3
720 746 3
720 813 5
721 908 1
721 765 2
723 758 1
724 883 2
724 915 1
731 752 1
737 849 2
738 783 4
738 921 3
738 923 2
738 924 1
738 945 1
738 951 1
738 828 2
738 837 2
738 850 2
738 979 1
738 996 1
738 745 3
738 881 1
738 1001 1
738 761 1
742 900 2
743 782 1
745 828 1
746 813 3
746 935 23
748 926 2
752 833 1
754 883 3
758 956 2
764 994 2
764 840 3
764 987 1
765 908 1
769 830 1
771 863 2
772 866 1
772 870 1
772 915 1
772 951 1
772 857 1
772 923 4
772 862 1
773 955 4
774 947 49
780 977 2
782 868 11
782 912 2
782 885 1
782 854 4
782 984 1
783 837 1
789 994 1
789 987 1
790 812 8
790 868 7
794 854 1
802 900 1
803 948 1
804 881 5
804 828 2
809 987 1
809 951 1
813 900 3
813 935 3
815 1004 2
817 957 1
819 955 1
833 850 2
837 924 5
838 953 2
838 952 1
840 987 1
841 920 2
849 987 1
850 987 2
857 915 2
857 951 1
862 909 6
872 987 1
873 987 1
873 955 1
883 915 1
907 951 1
925 987 1
925 955 4
950 977 2
951 957 1
951 996 1
955 987 7
977 996 2
977 1004 2
977 1001 2
987 994 2
