0
1
2
3
4
5
6
7
8
9
10
11
12
13
14
15
16
17
18
19
20
21
22
23
24
25
26
27
28
29
30
31
32
33
34
35
36
37
38
39
40
41
42
43
44
45
46
47
48
49
50
51
52
53
54
55
56
57
58
59
60
61
62
63
64
65
66
67
68
69
70
71
72
73
74
75
76
77
78
79
80
81
82
83
84
85
86
87
88
89
90
91
92
93
94
95
96
97
98
99
100
101
102
103
104
105
106
107
108
109
110
111
112
113
114
115
116
117
118
119
120
121
122
123
124
125
126
127
128
129
130
131
132
133
134
135
136
137
138
139
141
142
143
144
145
146
147
148
149
150
151
152
153
154
155
157
158
159
160
161
162
163
164
165
166
167
168
169
170
171
172
173
174
175
176
177
178
179
180
181
182
183
184
185
186
187
188
189
190
191
192
193
194
195
196
197
198
199
200
201
202
203
204
205
206
207
208
209
210
211
212
213
214
215
216
217
218
219
220
221
222
223
224
225
226
227
228
229
230
231
232
233
235
236
237
238
239
240
241
242
243
244
245
246
247
248
249
250
251
252
253
254
255
256
257
259
260
262
263
264
265
266
267
268
269
270
271
272
273
274
275
276
277
278
279
280
281
282
283
284
285
286
287
288
289
290
291
292
293
294
295
296
297
299
300
301
302
303
304
305
306
307
308
309
310
311
312
313
314
315
316
317
318
319
320
321
322
323
324
325
326
327
328
329
330
331
332
333
334
335
336
337
338
339
340
341
343
344
345
346
347
348
349
350
351
352
353
355
356
357
358
359
360
361
362
364
365
366
367
368
369
370
371
372
373
374
375
376
377
378
379
380
381
382
383
384
385
386
387
388
389
390
391
392
393
394
395
396
397
398
399
400
401
402
403
404
405
406
407
408
409
410
411
412
413
414
415
416
418
419
420
421
422
423
424
425
426
427
428
429
430
431
432
433
434
435
436
437
438
439
440
441
442
443
444
445
446
447
448
449
450
451
452
453
454
455
456
457
458
459
460
461
462
464
465
466
467
468
469
470
471
472
473
474
475
476
477
478
479
480
481
482
483
484
485
486
487
488
489
490
491
492
493
495
496
497
498
499
500
501
502
503
504
505
506
507
508
509
510
511
512
513
514
515
516
517
518
519
520
521
522
523
524
525
526
527
528
530
531
532
533
534
535
536
537
538
539
540
541
542
543
544
545
546
547
548
549
550
551
552
553
554
556
557
558
559
560
561
562
563
564
565
566
567
568
569
570
571
572
573
574
575
576
577
578
579
580
581
582
583
584
585
586
587
588
589
590
591
592
593
594
595
596
597
598
599
600
601
602
603
604
605
606
607
609
610
611
612
613
614
615
616
617
618
619
621
622
623
624
625
626
627
628
629
630
631
632
633
634
635
636
637
638
639
640
641
642
643
644
645
646
647
648
649
650
651
652
653
654
655
656
657
658
659
660
661
662
663
664
665
666
667
668
669
670
671
672
673
674
675
676
677
678
679
680
681
682
683
684
685
686
687
688
689
690
691
692
693
694
695
696
697
698
699
700
701
702
703
704
705
706
707
708
709
710
711
712
713
714
715
716
717
718
719
720
721
722
723
724
725
726
727
728
729
730
731
732
733
734
735
736
737
738
739
740
741
742
743
744
745
746
747
748
749
750
751
752
753
754
756
757
758
759
760
761
762
763
764
765
767
768
769
770
771
772
773
774
775
776
777
778
779
780
781
782
783
784
785
786
787
788
789
790
791
792
793
794
795
796
797
798
799
800
801
802
803
804
805
806
807
808
809
810
811
812
813
814
815
816
817
818
819
820
821
822
823
824
825
826
827
828
829
830
831
832
833
834
835
836
837
838
839
840
841
842
843
844
845
846
847
848
849
850
851
852
853
854
855
856
857
858
859
860
861
862
863
864
865
866
867
868
869
870
871
872
873
874
875
876
877
878
879
880
881
882
883
884
885
886
887
888
889
890
891
892
893
894
895
896
897
898
899
900
901
902
903
904
905
906
907
908
909
910
911
912
913
914
915
916
917
918
919
920
921
922
923
924
925
926
927
928
929
930
931
932
933
934
935
936
937
938
939
940
941
942
943
944
945
946
947
948
949
950
951
952
953
954
955
956
957
958
960
961
962
963
964
965
966
967
968
969
970
971
972
973
974
975
976
977
978
979
980
981
982
983
984
985
986
987
988
989
990
991
992
993
994
995
996
997
998
999
1000
1001
1002
1003
1004
0 6 1
0 228 1
0 502 2
0 710 1
0 295 1
0 599 1
0 333 1
0 78 1
0 365 1
0 976 1
0 178 2
0 693 1
0 470 1
0 409 1
0 249 3
0 538 1
0 767 1
0 605 1
0 862 1
0 991 1
2 854 2
2 166 2
2 648 1
2 812 2
2 335 6
2 872 1
2 500 2
2 790 6
2 126 1
4 371 1
4 135 1
5 553 1
5 491 1
5 175 1
5 273 4
5 506 1
5 670 3
6 506 1
6 178 1
6 718 1
8 731 1
13 738 4
13 532 2
13 743 1
14 724 2
14 738 3
14 924 8
14 506 1
15 680 1
16 410 1
24 647 3
24 530 4
24 629 11
24 280 2
24 891 3
24 189 3
25 48 1
25 618 1
25 956 2
28 987 2
28 231 2
29 506 2
29 362 1
29 118 1
30 356 1
30 765 2
31 428 2
31 165 8
31 990 2
32 280 2
32 534 1
35 552 1
35 817 3
35 978 1
35 207 2
38 832 1
38 410 1
38 309 1
38 638 1
41 73 3
41 956 1
41 565 3
42 649 1
42 402 1
48 499 1
52 356 1
52 912 2
52 209 1
52 790 1
52 472 2
52 868 2
52 91 2
53 120 1
53 193 1
53 923 2
56 482 1
56 987 2
56 668 2
56 951 1
58 909 2
60 568 2
60 187 1
61 674 2
61 700 1
61 517 3
61 233 2
61 718 10
61 591 1
61 883 1
61 724 1
61 854 2
61 122 3
61 915 3
61 318 1
62 800 1
62 485 3
62 646 3
62 823 3
62 571 4
62 542 5
65 193 1
67 344 2
67 561 3
67 963 3
67 846 2
67 207 1
68 987 2
68 189 1
69 879 1
70 638 1
72 348 3
73 956 5
74 256 1
74 674 1
74 294 13
74 166 5
74 168 1
74 586 1
74 912 1
74 104 1
74 885 3
74 984 3
74 447 3
75 120 4
75 850 2
75 772 2
76 410 1
77 256 2
77 168 5
77 266 1
77 356 1
77 260 1
78 710 2
78 599 9
78 178 1
78 502 3
78 951 5
82 135 1
82 415 1
83 771 5
83 742 2
83 784 1
83 306 1
83 374 2
83 697 1
86 443 6
86 742 2
90 120 1
90 280 1
90 644 1
90 742 1
91 912 1
92 428 1
92 316 1
95 987 2
96 420 5
96 638 1
98 592 10
98 401 4
98 107 1
98 429 3
98 566 3
101 866 2
103 832 1
103 514 3
103 310 1
103 423 2
103 1001 1
103 780 1
103 977 3
103 950 5
104 256 1
104 294 3
104 425 1
104 885 1
104 984 1
104 730 2
104 765 2
104 447 1
105 418 2
106 788 1
107 120 1
111 586 1
111 133 1
112 674 4
112 166 1
113 546 1
113 854 1
113 485 2
113 542 2
113 823 1
118 532 1
118 335 1
119 812 2
119 700 1
120 772 3
120 912 1
120 660 2
120 416 2
120 684 1
120 190 1
120 196 2
120 198 1
120 586 1
120 334 1
120 718 1
120 633 1
120 609 1
120 226 1
120 356 1
120 752 1
120 499 1
120 505 1
120 765 1
122 316 3
122 410 1
122 980 6
122 718 1
124 823 1
125 622 4
126 256 2
126 868 1
126 648 1
126 232 1
126 790 10
127 281 1
127 890 1
127 595 1
127 724 1
133 984 1
133 294 1
134 592 6
134 738 2
134 260 5
135 581 14
135 870 1
135 942 5
135 936 2
135 233 4
135 746 1
135 334 3
135 337 2
135 371 1
135 628 31
135 405 1
135 855 1
135 170 1
136 200 4
136 857 1
136 316 1
136 302 1
141 552 1
141 978 1
141 469 1
142 915 7
142 316 3
143 696 1
143 410 1
147 347 1
147 931 4
147 890 1
147 214 4
147 159 2
149 377 1
149 866 1
149 716 2
151 253 1
152 742 2
153 977 2
153 410 1
153 322 2
157 577 4
157 746 1
159 609 1
159 772 1
159 776 1
159 746 3
159 718 1
159 239 2
159 912 1
159 178 5
159 334 3
159 214 3
160 280 1
160 857 1
160 530 1
160 571 6
160 629 2
161 571 1
165 344 3
165 401 9
165 316 5
165 990 1
166 416 1
166 674 1
166 356 1
166 517 2
166 743 3
166 586 3
167 547 2
167 552 1
167 274 1
167 978 3
167 851 3
167 181 2
167 954 1
167 469 1
168 416 5
168 260 4
168 966 2
168 232 5
168 556 9
168 912 15
168 586 2
168 949 2
168 790 8
168 439 3
168 472 12
168 356 9
168 266 3
168 575 13
169 595 6
169 372 1
170 855 6
171 590 2
173 738 2
173 428 7
175 410 1
175 275 1
175 532 1
178 772 2
178 409 2
178 538 1
178 295 1
178 693 3
178 569 1
178 188 1
178 710 1
178 333 1
178 976 1
178 339 1
178 470 1
178 599 1
178 605 1
178 862 1
178 991 1
178 228 2
178 628 1
178 502 7
178 249 2
178 767 1
180 829 1
181 274 2
181 630 2
181 920 1
181 189 1
181 190 1
184 754 1
184 423 1
186 329 1
187 450 1
188 421 2
188 552 1
188 656 1
188 920 1
188 978 1
188 502 1
188 280 1
188 988 4
189 883 1
189 200 2
189 428 3
189 236 5
189 718 5
189 530 2
189 595 1
189 502 4
189 249 2
189 410 1
189 731 1
189 915 1
189 506 1
190 353 1
190 656 1
190 274 1
190 373 1
190 415 1
191 752 1
191 220 3
191 671 1
192 381 3
199 738 3
199 506 1
199 541 1
200 316 3
200 746 2
200 971 3
200 428 4
200 344 3
200 915 5
200 952 5
200 857 3
200 636 1
200 543 2
203 769 1
205 383 3
207 552 1
207 424 2
207 978 1
207 469 1
207 795 4
207 990 1
207 373 1
208 506 1
208 783 1
209 912 1
209 356 1
211 628 1
214 746 5
214 283 2
216 458 1
216 558 1
216 319 1
223 746 1
223 772 1
223 853 1
226 506 1
228 333 1
228 693 1
228 502 2
228 605 2
229 483 17
229 742 2
231 738 1
231 581 1
231 329 1
231 863 1
231 994 3
231 245 1
231 698 4
231 987 2
231 415 3
232 416 8
232 356 7
232 425 3
232 556 1
232 782 2
232 946 6
232 885 2
232 790 1
232 472 9
232 575 1
235 369 1
236 537 3
236 506 5
236 1004 1
239 609 1
239 951 3
239 854 1
239 713 1
245 698 4
245 987 2
245 764 1
246 866 2
246 572 1
246 710 1
248 746 1
248 506 1
248 687 1
249 506 1
249 724 1
250 886 1
250 823 1
251 410 1
251 987 2
253 290 2
253 566 2
255 951 1
256 416 1
256 294 6
256 885 3
260 416 1
264 329 7
267 948 1
270 657 1
270 738 2
271 746 1
272 662 1
274 841 2
274 546 2
277 571 4
278 334 1
278 454 1
280 647 1
280 526 3
280 920 1
280 530 5
280 915 1
280 547 1
280 685 1
280 561 2
280 658 1
280 445 1
280 288 1
280 502 2
280 846 1
280 851 2
280 360 2
280 493 1
280 629 4
280 630 1
280 631 2
280 891 1
284 680 1
284 731 2
285 571 4
288 391 5
288 493 6
288 561 6
288 629 4
288 630 1
288 445 6
291 401 2
291 429 3
293 410 1
293 724 1
293 549 3
293 862 2
294 416 6
294 868 3
294 586 3
294 885 9
294 984 4
294 447 6
299 509 1
299 638 1
301 552 1
301 978 1
301 795 1
302 316 2
305 425 5
305 946 2
306 374 4
306 659 1
306 890 1
306 742 5
310 343 1
311 987 2
313 472 1
313 356 1
313 885 1
313 765 2
315 936 6
316 647 4
316 392 2
316 971 2
316 428 13
316 629 2
316 915 3
316 953 2
316 952 3
316 857 3
316 990 1
316 543 1
321 458 1
322 879 1
323 951 2
327 738 2
327 644 1
329 448 1
329 775 3
329 624 4
329 819 1
332 500 3
333 767 1
334 772 1
334 550 1
334 776 1
334 586 3
334 687 3
334 500 5
334 633 1
334 923 1
334 746 2
335 737 1
335 899 1
335 516 3
335 790 3
335 657 2
335 980 7
335 381 1
338 987 2
340 356 1
340 743 1
343 649 1
343 890 1
343 950 1
343 663 3
346 638 1
349 976 3
349 428 2
353 920 1
353 891 3
356 516 1
356 517 2
356 912 7
356 472 7
356 915 1
356 602 2
356 416 4
356 718 2
356 851 1
356 984 1
356 730 3
356 868 2
356 743 4
356 362 1
356 980 1
356 765 4
356 383 2
360 526 1
361 987 2
362 771 6
362 854 3
362 695 2
362 990 2
362 383 3
364 987 2
364 582 1
369 535 1
369 823 1
369 646 1
369 407 2
372 595 9
373 391 1
374 659 1
377 866 4
377 423 2
377 457 1
377 718 1
377 883 1
377 630 2
377 729 7
377 506 1
379 662 1
381 738 2
381 532 9
381 506 1
383 624 3
383 971 1
383 720 3
383 586 4
388 718 1
388 634 1
388 638 1
388 534 2
394 571 6
394 823 1
397 738 1
400 742 2
401 454 6
401 683 9
401 429 17
401 415 4
404 718 1
407 718 1
410 482 1
410 837 1
410 1001 1
410 650 1
410 994 3
410 433 1
410 777 1
410 969 1
410 924 1
410 541 1
415 978 1
415 940 3
415 429 2
415 462 1
416 586 8
416 439 2
416 782 2
416 912 1
416 946 3
416 435 4
416 948 4
416 629 1
416 885 1
416 868 5
416 447 1
418 977 12
418 996 5
420 559 1
421 552 1
421 424 1
421 978 1
421 795 4
422 680 3
422 731 4
423 977 2
423 710 1
424 552 1
424 978 1
424 795 3
424 990 1
425 946 2
425 765 6
428 647 1
428 915 15
428 857 6
428 953 2
428 990 5
429 454 4
432 987 2
433 849 1
433 987 2
435 586 4
435 500 1
435 782 2
437 738 2
439 912 3
440 657 1
440 537 2
442 506 1
443 742 2
443 662 1
443 677 2
444 823 1
447 885 1
447 586 11
450 568 3
450 571 2
450 802 1
450 746 2
454 592 6
454 706 1
458 499 1
458 956 1
465 812 1
469 552 1
469 978 1
472 743 1
472 912 4
472 946 3
479 904 1
479 718 1
480 987 2
482 531 1
482 606 1
482 987 4
483 696 1
485 646 1
485 823 1
491 644 1
493 795 1
493 838 1
497 977 1
499 546 1
499 679 1
499 684 2
500 586 2
500 782 6
500 542 2
502 718 1
502 746 1
502 693 1
502 951 8
502 538 1
502 668 1
502 605 1
506 643 1
506 783 1
506 921 1
506 923 2
506 796 1
506 541 1
506 670 2
506 808 1
506 682 1
506 605 1
506 738 3
506 996 1
506 1004 1
506 881 1
509 638 1
510 622 3
512 552 1
512 978 2
513 646 1
513 823 1
514 832 1
514 1001 2
514 977 1
516 738 2
516 804 1
516 743 3
516 532 4
516 761 2
517 803 2
517 718 1
517 948 1
517 602 1
528 585 1
530 571 5
530 746 1
530 685 6
530 920 1
530 915 7
530 629 10
530 857 2
530 851 5
530 891 7
531 987 3
531 668 1
532 738 2
532 761 2
534 546 1
534 746 1
534 591 2
534 692 1
534 571 1
534 668 1
535 854 1
535 823 1
537 790 7
540 698 4
540 987 2
540 994 2
541 850 1
541 738 4
542 746 2
542 854 2
542 823 3
542 571 1
543 971 1
546 550 1
547 552 2
547 647 1
547 978 1
547 851 2
550 854 1
551 823 1
552 614 1
552 817 1
552 978 2
552 851 1
552 951 1
552 954 1
552 795 1
552 988 1
552 957 1
556 823 1
558 684 5
558 565 4
559 622 3
563 696 1
565 684 1
565 743 2
568 802 2
571 900 7
571 742 3
571 870 3
571 935 2
571 776 6
571 684 3
571 813 15
571 663 3
571 731 1
571 885 2
576 738 3
577 951 1
581 609 1
581 742 5
581 936 1
581 628 3
581 855 3
582 832 2
582 987 2
584 731 1
585 953 2
585 660 1
585 695 4
586 782 2
586 885 1
586 984 5
586 762 2
587 720 10
587 886 1
591 718 1
591 746 4
592 609 4
592 738 2
592 948 3
595 746 2
595 754 2
595 883 1
595 696 2
597 738 2
602 743 1
609 772 3
613 718 1
614 978 1
617 951 1
622 676 4
624 994 1
624 764 1
629 978 2
629 891 2
630 685 2
630 951 2
630 954 3
633 772 1
634 788 1
634 638 1
638 832 1
638 700 1
641 987 2
644 738 3
644 921 2
644 923 1
646 823 1
647 915 3
648 885 1
650 738 2
654 738 3
656 838 1
657 738 2
659 742 2
662 900 2
668 720 1
668 935 4
668 746 21
668 813 1
668 920 1
668 851 1
668 731 1
668 915 1
670 890 1
671 738 1
671 995 1
679 956 1
680 707 1
682 738 3
682 783 1
684 704 1
684 746 1
684 915 4
684 956 5
685 1001 1
685 724 2
687 746 1
687 692 1
692 746 7
692 742 2
693 791 1
697 771 1
697 855 1
698 840 4
698 873 4
698 987 3
698 764 4
700 832 1
700 746 1
700 812 1
700 718 1
702 738 2
704 891 1
704 743 6
711 951 1
716 724 1
716 718 1
717 731 1
718 904 1
718 915 6
718 851 1
718 724 9
718 866 1
718 746 1
718 754 3
718 883 2
718 980 2
719 738 2
720 833 1
720 935 9
720 746 2
721 765 1
722 823 1
724 1001 1
724 851 1
724 951 2
724 883 1
724 862 1
730 912 3
731 746 3
731 752 1
731 920 1
738 783 7
738 921 5
738 923 3
738 924 2
738 945 3
738 828 3
738 837 3
738 850 2
738 979 3
738 975 1
738 996 3
738 1001 3
738 881 2
738 745 3
738 761 2
739 920 1
739 746 2
742 993 2
742 863 2
742 901 2
742 769 2
742 746 1
742 784 2
742 835 2
746 900 1
746 776 1
746 812 2
746 915 4
746 920 3
746 923 1
746 935 41
746 775 1
746 813 6
746 834 1
746 980 1
746 994 1
746 851 1
752 761 1
752 850 1
758 844 1
761 881 3
761 850 3
764 987 3
764 994 1
765 908 2
772 923 1
775 995 1
780 977 2
782 984 2
783 804 1
788 832 1
788 950 1
789 987 2
790 868 4
790 812 3
795 978 2
803 948 2
808 899 1
809 994 1
809 987 3
813 935 7
817 978 1
821 823 1
823 854 1
823 927 1
832 950 1
838 952 5
840 987 2
849 987 2
850 996 1
851 988 2
851 920 2
851 978 7
851 915 3
851 890 1
855 936 2
857 915 16
857 951 2
857 883 1
872 987 2
873 987 2
883 951 2
883 915 3
885 984 1
890 997 2
912 949 3
918 946 2
921 923 1
925 987 2
931 951 1
950 977 2
954 978 1
955 987 2
957 978 1
977 996 1
977 1004 2
977 1001 1
978 988 1
987 994 2
