0
1
2
3
4
5
6
7
8
9
10
11
12
13
14
15
16
17
18
19
20
21
22
23
24
25
26
27
28
29
30
31
32
33
34
35
36
37
38
39
40
41
42
43
44
45
46
47
48
49
50
51
52
53
54
55
56
57
58
59
60
61
62
63
64
65
66
67
68
69
70
71
72
73
74
75
76
77
78
79
80
81
82
83
84
85
86
87
88
89
90
91
92
93
94
95
96
97
98
99
100
101
102
103
104
105
106
107
108
109
110
111
112
113
114
115
116
117
118
119
120
121
122
123
124
125
126
127
128
129
130
131
132
133
134
135
136
137
138
139
141
142
143
144
145
146
147
148
149
150
151
152
153
154
155
157
158
159
160
161
162
163
164
165
166
167
168
169
170
171
172
173
174
175
176
177
178
179
180
181
182
183
184
185
186
187
188
189
190
191
192
193
194
195
196
197
198
199
200
201
202
203
204
205
206
207
208
209
210
211
212
213
214
215
216
217
218
219
220
221
222
223
224
225
226
227
228
229
230
231
232
233
235
236
237
238
239
240
241
242
243
244
245
246
247
248
249
250
251
252
253
254
255
256
257
259
260
262
263
264
265
266
267
268
269
270
271
272
273
274
275
276
277
278
279
280
281
282
283
284
285
286
287
288
289
290
291
292
293
294
295
296
297
299
300
301
302
303
304
305
306
307
308
309
310
311
312
313
314
315
316
317
318
319
320
321
322
323
324
325
326
327
328
329
330
331
332
333
334
335
336
337
338
339
340
341
343
344
345
346
347
348
349
350
351
352
353
355
356
357
358
359
360
361
362
364
365
366
367
368
369
370
371
372
373
374
375
376
377
378
379
380
381
382
383
384
385
386
387
388
389
390
391
392
393
394
395
396
397
398
399
400
401
402
403
404
405
406
407
408
409
410
411
412
413
414
415
416
418
419
420
421
422
423
424
425
426
427
428
429
430
431
432
433
434
435
436
437
438
439
440
441
442
443
444
445
446
447
448
449
450
451
452
453
454
455
456
457
458
459
460
461
462
464
465
466
467
468
469
470
471
472
473
474
475
476
477
478
479
480
481
482
483
484
485
486
487
488
489
490
491
492
493
495
496
497
498
499
500
501
502
503
504
505
506
507
508
509
510
511
512
513
514
515
516
517
518
519
520
521
522
523
524
525
526
527
528
530
531
532
533
534
535
536
537
538
539
540
541
542
543
544
545
546
547
548
549
550
551
552
553
554
556
557
558
559
560
561
562
563
564
565
566
567
568
569
570
571
572
573
574
575
576
577
578
579
580
581
582
583
584
585
586
587
588
589
590
591
592
593
594
595
596
597
598
599
600
601
602
603
604
605
606
607
609
610
611
612
613
614
615
616
617
618
619
621
622
623
624
625
626
627
628
629
630
631
632
633
634
635
636
637
638
639
640
641
642
643
644
645
646
647
648
649
650
651
652
653
654
655
656
657
658
659
660
661
662
663
664
665
666
667
668
669
670
671
672
673
674
675
676
677
678
679
680
681
682
683
684
685
686
687
688
689
690
691
692
693
694
695
696
697
698
699
700
701
702
703
704
705
706
707
708
709
710
711
712
713
714
715
716
717
718
719
720
721
722
723
724
725
726
727
728
729
730
731
732
733
734
735
736
737
738
739
740
741
742
743
744
745
746
747
748
749
750
751
752
753
754
756
757
758
759
760
761
762
763
764
765
767
768
769
770
771
772
773
774
775
776
777
778
779
780
781
782
783
784
785
786
787
788
789
790
791
792
793
794
795
796
797
798
799
800
801
802
803
804
805
806
807
808
809
810
811
812
813
814
815
816
817
818
819
820
821
822
823
824
825
826
827
828
829
830
831
832
833
834
835
836
837
838
839
840
841
842
843
844
845
846
847
848
849
850
851
852
853
854
855
856
857
858
859
860
861
862
863
864
865
866
867
868
869
870
871
872
873
874
875
876
877
878
879
880
881
882
883
884
885
886
887
888
889
890
891
892
893
894
895
896
897
898
899
900
901
902
903
904
905
906
907
908
909
910
911
912
913
914
915
916
917
918
919
920
921
922
923
924
925
926
927
928
929
930
931
932
933
934
935
936
937
938
939
940
941
942
943
944
945
946
947
948
949
950
951
952
953
954
955
956
957
958
960
961
962
963
964
965
966
967
968
969
970
971
972
973
974
975
976
977
978
979
980
981
982
983
984
985
986
987
988
989
990
991
992
993
994
995
996
997
998
999
1000
1001
1002
1003
1004
0 569 4
1 309 4
2 416 2
2 66 1
2 389 1
2 231 2
2 586 1
2 272 6
2 787 2
2 790 2
2 313 3
4 135 1
5 532 1
5 246 3
5 670 1
6 569 4
6 506 1
6 381 1
6 189 1
6 783 1
8 731 1
14 506 3
14 719 1
15 680 1
15 731 2
16 410 1
16 541 1
17 428 2
24 891 4
24 629 4
24 630 2
25 672 1
25 386 1
25 458 1
25 48 2
25 216 1
25 319 1
29 506 1
29 381 1
29 670 2
29 783 1
30 356 2
30 845 2
31 165 5
31 990 1
32 580 1
32 293 1
32 977 4
32 791 1
32 891 2
32 862 1
34 135 1
34 997 2
34 855 1
35 978 1
40 450 1
40 712 2
40 147 1
40 214 1
40 696 2
40 159 4
41 723 3
41 565 2
45 66 2
45 790 1
46 676 1
48 704 1
48 458 1
48 558 3
48 565 2
48 216 1
48 956 2
48 319 1
52 472 1
52 868 1
52 356 1
53 305 1
53 978 1
53 542 1
53 535 1
53 120 1
53 633 1
53 190 2
56 641 1
56 482 1
58 951 1
61 522 1
61 718 1
61 991 3
62 542 5
62 646 7
64 322 2
65 450 1
65 742 1
65 326 2
65 135 5
65 776 1
65 915 1
65 687 3
65 920 1
65 530 1
65 851 1
65 502 1
65 120 4
65 220 2
66 790 1
67 344 2
67 963 11
67 165 1
67 207 3
68 176 1
71 595 2
72 159 3
75 220 1
75 107 1
75 772 5
75 334 1
75 633 1
77 168 1
77 356 3
77 260 3
78 951 1
82 870 1
82 135 1
86 152 1
90 851 3
90 167 1
90 199 1
90 940 2
90 749 4
90 912 1
90 433 2
90 850 1
90 915 1
90 692 4
90 280 1
90 506 1
90 541 1
91 788 1
91 607 1
92 165 1
92 847 1
95 193 1
96 420 1
98 707 5
98 134 1
98 454 3
98 713 2
98 107 4
98 268 3
98 429 1
98 592 9
98 291 2
98 117 2
98 278 1
101 377 1
101 246 1
101 423 2
103 514 2
103 164 2
103 106 2
103 780 2
103 303 2
103 950 2
104 859 2
104 765 7
104 743 1
105 418 2
106 788 1
106 828 2
107 201 1
107 236 1
107 718 2
107 553 1
107 440 1
107 670 1
111 586 1
111 845 1
112 392 1
112 674 1
112 267 1
112 187 1
112 607 2
114 522 4
114 189 1
117 268 1
118 716 1
120 772 3
120 454 4
120 743 2
122 866 1
122 837 1
122 410 1
122 479 1
125 676 1
126 586 5
126 573 3
126 885 1
126 759 1
127 189 1
132 842 4
134 592 5
134 291 2
134 763 1
135 197 1
135 581 5
135 870 1
135 942 3
135 176 2
135 371 1
135 628 1
135 703 1
136 200 1
136 915 5
136 428 10
136 165 1
136 159 2
137 306 2
142 165 1
142 951 1
143 796 1
144 175 3
145 522 1
147 416 1
147 277 1
147 214 3
147 157 1
150 415 3
151 253 1
152 443 10
153 977 3
153 410 1
157 775 1
157 499 1
158 176 1
159 443 1
159 324 3
159 776 1
159 713 1
159 940 11
159 334 2
159 272 1
159 724 1
159 398 1
159 214 2
159 923 2
160 530 1
160 629 2
164 420 1
165 647 1
165 200 1
165 316 1
165 971 1
165 428 1
165 302 1
165 207 1
165 401 2
165 952 1
165 948 1
165 344 1
165 953 1
165 543 1
165 990 1
166 586 2
166 759 1
166 356 2
166 602 1
166 845 1
167 988 1
168 416 1
168 356 1
168 232 1
168 586 1
168 845 2
168 369 1
168 439 1
168 472 3
171 686 1
173 428 1
173 541 3
175 737 1
175 423 3
175 1001 2
175 849 6
175 275 1
175 246 1
175 410 1
175 446 2
176 769 1
176 482 1
176 995 1
176 836 1
176 581 1
176 329 1
176 588 1
176 692 1
176 245 1
176 855 1
176 641 1
176 764 1
180 215 1
180 958 1
180 727 1
185 629 1
187 700 3
189 1004 1
189 904 1
189 652 1
189 716 1
189 365 1
189 718 1
189 595 1
189 236 1
189 470 1
189 201 1
189 249 1
189 410 1
189 969 3
190 353 1
190 193 2
190 629 1
190 656 2
190 274 2
190 373 1
190 920 3
190 891 4
191 415 1
193 290 2
193 714 1
193 633 2
193 923 2
196 429 1
197 546 1
197 987 1
199 644 1
199 924 2
199 702 2
200 952 1
200 915 1
202 629 1
207 424 1
207 428 2
207 847 4
207 469 1
207 795 1
207 988 1
209 356 2
214 900 1
214 776 1
214 940 1
214 272 4
214 530 1
214 920 1
214 923 1
214 544 1
214 684 1
214 835 1
214 712 1
214 844 1
214 334 1
214 720 1
214 852 1
214 987 1
214 220 1
214 865 1
214 738 1
214 743 1
214 371 1
214 629 4
214 255 1
216 321 1
220 692 1
220 334 1
223 322 4
223 901 1
223 343 2
228 569 4
229 607 1
229 771 1
229 306 2
229 483 1
231 698 2
231 607 2
232 912 1
233 692 7
236 537 5
239 502 1
245 329 1
245 698 2
245 764 4
246 423 3
246 724 3
246 377 1
248 692 2
249 569 4
250 886 3
250 927 1
251 410 1
251 482 1
253 290 1
256 515 1
256 294 1
256 648 1
256 885 2
256 472 4
256 313 3
257 779 1
257 421 2
260 356 3
264 469 1
267 803 2
267 586 32
267 944 1
267 658 2
267 891 14
268 291 3
268 454 2
268 713 1
268 592 3
268 633 1
269 925 1
272 712 4
272 700 1
274 817 1
280 502 2
280 566 2
280 629 2
280 462 1
281 491 1
284 680 1
291 454 5
291 429 3
291 401 1
293 724 1
294 313 2
294 586 3
294 885 1
295 569 3
299 388 1
302 428 2
305 416 1
305 356 5
306 771 1
306 659 1
306 660 2
306 374 1
308 347 2
308 748 1
308 926 1
310 343 1
311 697 1
313 416 1
313 885 1
313 472 1
316 392 2
318 587 1
318 332 2
322 343 3
323 634 3
324 388 2
324 334 3
324 534 7
325 863 1
326 930 1
329 692 1
329 910 1
332 500 6
333 569 4
334 718 1
334 687 1
334 692 1
334 502 1
334 612 1
334 591 1
334 383 1
335 464 1
335 385 1
335 898 1
335 670 6
337 505 4
337 780 1
337 788 1
338 433 2
338 773 2
338 951 1
341 951 1
343 853 1
343 663 4
344 373 8
347 966 2
353 891 2
356 416 1
356 500 3
356 515 1
356 868 1
356 743 4
356 912 1
356 499 1
356 472 5
356 845 2
356 765 1
356 607 1
360 629 3
360 526 1
365 716 1
377 866 4
377 423 4
377 457 3
377 716 2
380 712 2
381 783 2
381 532 3
381 921 1
381 506 2
381 670 4
388 612 1
388 853 1
388 951 2
392 517 2
395 514 1
398 712 1
401 429 9
401 454 4
401 415 3
404 595 1
409 569 4
409 506 2
410 482 1
410 837 1
410 1001 1
410 650 1
410 777 1
410 994 1
410 433 1
410 969 1
410 719 1
410 924 2
410 541 1
415 833 1
415 630 9
415 629 3
415 569 2
416 586 1
416 782 1
416 885 1
416 633 1
418 977 6
418 996 3
421 424 1
421 795 1
422 731 2
423 866 2
423 1001 1
423 849 2
423 446 1
424 847 1
424 795 2
427 955 2
428 838 1
428 915 1
428 630 1
428 569 1
429 454 7
429 925 2
433 987 2
435 633 1
435 500 1
435 782 1
435 951 1
436 522 1
437 532 1
446 849 1
450 696 2
450 947 1
450 572 1
454 772 6
454 592 4
457 522 1
457 716 1
458 577 2
462 833 2
462 920 1
462 530 1
462 851 2
462 915 2
469 630 3
470 569 4
470 789 4
472 743 2
472 912 3
472 602 1
476 609 1
482 569 3
483 607 1
483 927 2
485 513 1
493 731 1
493 629 1
497 977 2
499 517 1
499 743 1
499 586 1
499 684 1
499 558 1
499 591 1
499 565 1
499 535 1
499 542 1
500 951 1
502 901 1
502 550 2
502 915 1
502 569 4
502 538 1
502 687 1
506 743 4
506 783 3
506 670 2
509 969 1
515 927 1
516 783 2
516 743 2
526 629 1
530 630 1
530 629 3
530 891 3
532 1001 3
532 650 2
532 881 1
532 761 1
537 737 1
538 569 4
540 697 1
540 698 2
541 977 2
541 921 2
546 923 1
546 607 2
550 923 2
550 743 1
552 951 3
553 670 3
561 629 1
561 846 1
561 631 1
563 779 2
569 693 4
569 951 1
569 710 4
569 718 1
569 976 4
569 599 5
569 605 4
569 862 6
569 991 3
569 749 5
573 586 4
580 582 1
580 862 5
581 720 1
581 830 2
582 764 1
586 782 1
586 687 1
586 912 1
586 885 5
586 984 1
586 602 2
586 762 2
587 720 1
590 926 3
591 692 1
591 910 1
592 713 3
592 948 5
592 927 6
595 1004 3
595 754 2
602 845 2
602 743 2
605 789 6
605 693 1
607 718 2
607 692 1
607 910 1
609 707 2
609 772 3
609 1003 1
609 880 1
609 890 1
609 923 1
617 720 2
617 714 1
629 749 1
629 630 5
629 658 1
629 685 1
629 846 1
629 631 1
629 891 22
629 894 2
630 685 1
630 851 1
630 920 1
630 915 3
631 846 1
633 923 1
634 788 1
638 706 2
643 685 2
643 670 4
644 702 6
648 765 4
648 885 2
650 745 1
654 738 13
654 783 9
654 682 3
654 991 1
660 771 1
660 692 1
660 783 1
670 783 1
672 844 1
680 720 5
680 707 2
680 790 3
682 738 3
684 704 2
684 844 1
684 918 1
685 1001 2
685 724 3
687 783 1
692 736 1
692 835 1
692 775 1
692 910 2
692 731 1
692 830 6
697 855 3
697 925 1
698 840 2
698 873 2
698 764 2
698 925 1
700 891 1
700 773 2
700 790 1
702 924 2
704 723 1
707 880 1
707 951 3
715 926 1
718 904 1
718 754 1
719 783 3
719 738 3
719 837 2
723 758 1
724 1001 1
731 739 1
731 870 1
731 951 2
738 783 20
738 761 4
742 771 1
743 859 4
743 765 3
748 926 3
754 843 1
758 956 2
761 783 3
762 765 1
762 845 1
764 840 1
765 845 4
770 927 1
771 873 1
772 951 4
774 947 30
790 812 3
791 977 7
795 978 3
795 988 1
823 927 1
830 873 2
835 910 1
837 924 1
838 952 3
840 994 2
840 925 1
845 912 2
849 1001 1
851 978 1
851 915 1
851 920 1
854 927 1
861 896 2
863 901 1
865 951 1
885 984 2
901 993 1
910 923 1
911 1004 1
969 977 4
977 1004 5
