0
1
2
3
4
5
6
7
8
9
10
11
12
13
14
15
16
17
18
19
20
21
22
23
24
25
26
27
28
29
30
31
32
33
34
35
36
37
38
39
40
41
42
43
44
45
46
47
48
49
50
51
52
53
54
55
56
57
58
59
60
61
62
63
64
65
66
67
68
69
70
71
72
73
74
75
76
77
78
79
80
81
82
83
84
85
86
87
88
89
90
91
92
93
94
95
96
97
98
99
100
101
102
103
104
105
106
107
108
109
110
111
112
113
114
115
116
117
118
119
120
121
122
123
124
125
126
127
128
129
130
131
132
133
134
135
136
137
138
139
141
142
143
144
145
146
147
148
149
150
151
152
153
154
155
157
158
159
160
161
162
163
164
165
166
167
168
169
170
171
172
173
174
175
176
177
178
179
180
181
182
183
184
185
186
187
188
189
190
191
192
193
194
195
196
197
198
199
200
201
202
203
204
205
206
207
208
209
210
211
212
213
214
215
216
217
218
219
220
221
222
223
224
225
226
227
228
229
230
231
232
233
235
236
237
238
239
240
241
242
243
244
245
246
247
248
249
250
251
252
253
254
255
256
257
259
260
262
263
264
265
266
267
268
269
270
271
272
273
274
275
276
277
278
279
280
281
282
283
284
285
286
287
288
289
290
291
292
293
294
295
296
297
299
300
301
302
303
304
305
306
307
308
309
310
311
312
313
314
315
316
317
318
319
320
321
322
323
324
325
326
327
328
329
330
331
332
333
334
335
336
337
338
339
340
341
343
344
345
346
347
348
349
350
351
352
353
355
356
357
358
359
360
361
362
364
365
366
367
368
369
370
371
372
373
374
375
376
377
378
379
380
381
382
383
384
385
386
387
388
389
390
391
392
393
394
395
396
397
398
399
400
401
402
403
404
405
406
407
408
409
410
411
412
413
414
415
416
418
419
420
421
422
423
424
425
426
427
428
429
430
431
432
433
434
435
436
437
438
439
440
441
442
443
444
445
446
447
448
449
450
451
452
453
454
455
456
457
458
459
460
461
462
464
465
466
467
468
469
470
471
472
473
474
475
476
477
478
479
480
481
482
483
484
485
486
487
488
489
490
491
492
493
495
496
497
498
499
500
501
502
503
504
505
506
507
508
509
510
511
512
513
514
515
516
517
518
519
520
521
522
523
524
525
526
527
528
530
531
532
533
534
535
536
537
538
539
540
541
542
543
544
545
546
547
548
549
550
551
552
553
554
556
557
558
559
560
561
562
563
564
565
566
567
568
569
570
571
572
573
574
575
576
577
578
579
580
581
582
583
584
585
586
587
588
589
590
591
592
593
594
595
596
597
598
599
600
601
602
603
604
605
606
607
609
610
611
612
613
614
615
616
617
618
619
621
622
623
624
625
626
627
628
629
630
631
632
633
634
635
636
637
638
639
640
641
642
643
644
645
646
647
648
649
650
651
652
653
654
655
656
657
658
659
660
661
662
663
664
665
666
667
668
669
670
671
672
673
674
675
676
677
678
679
680
681
682
683
684
685
686
687
688
689
690
691
692
693
694
695
696
697
698
699
700
701
702
703
704
705
706
707
708
709
710
711
712
713
714
715
716
717
718
719
720
721
722
723
724
725
726
727
728
729
730
731
732
733
734
735
736
737
738
739
740
741
742
743
744
745
746
747
748
749
750
751
752
753
754
756
757
758
759
760
761
762
763
764
765
767
768
769
770
771
772
773
774
775
776
777
778
779
780
781
782
783
784
785
786
787
788
789
790
791
792
793
794
795
796
797
798
799
800
801
802
803
804
805
806
807
808
809
810
811
812
813
814
815
816
817
818
819
820
821
822
823
824
825
826
827
828
829
830
831
832
833
834
835
836
837
838
839
840
841
842
843
844
845
846
847
848
849
850
851
852
853
854
855
856
857
858
859
860
861
862
863
864
865
866
867
868
869
870
871
872
873
874
875
876
877
878
879
880
881
882
883
884
885
886
887
888
889
890
891
892
893
894
895
896
897
898
899
900
901
902
903
904
905
906
907
908
909
910
911
912
913
914
915
916
917
918
919
920
921
922
923
924
925
926
927
928
929
930
931
932
933
934
935
936
937
938
939
940
941
942
943
944
945
946
947
948
949
950
951
952
953
954
955
956
957
958
960
961
962
963
964
965
966
967
968
969
970
971
972
973
974
975
976
977
978
979
980
981
982
983
984
985
986
987
988
989
990
991
992
993
994
995
996
997
998
999
1000
1001
1002
1003
1004
2 953 1
5 553 2
5 670 1
15 680 5
16 754 2
18 896 2
24 280 1
24 547 2
24 851 5
28 987 1
29 808 1
30 256 1
30 868 1
30 765 1
30 790 2
30 61 6
32 377 1
35 280 1
35 978 2
35 469 1
38 324 1
40 214 1
40 695 1
42 337 3
42 322 1
42 612 2
45 66 1
48 319 1
52 356 2
52 168 3
52 557 2
52 912 2
52 472 1
52 602 2
53 120 1
53 633 1
53 923 3
53 540 2
56 482 3
56 987 1
56 159 3
58 818 2
61 75 1
61 718 7
61 591 3
61 334 2
61 662 1
61 696 2
61 991 5
62 485 4
62 646 4
62 935 1
62 551 1
62 214 1
62 542 7
62 159 1
64 890 1
64 139 1
66 986 1
66 227 1
67 207 1
68 987 1
74 416 2
74 803 1
74 166 1
74 782 1
74 912 1
74 984 1
75 248 1
75 772 1
76 705 2
77 912 3
77 168 1
77 260 8
77 439 3
78 731 2
90 865 1
90 890 1
90 940 1
92 280 1
95 433 1
95 987 1
98 713 1
101 377 2
101 724 1
101 718 4
101 423 1
103 423 1
104 416 3
104 765 1
106 832 1
106 788 1
107 553 1
107 810 1
107 214 1
111 935 1
112 168 2
112 803 5
113 927 1
119 812 1
120 193 1
120 772 3
120 586 1
120 752 1
120 633 1
120 923 1
122 693 1
126 782 2
126 790 3
127 916 1
133 648 2
133 602 2
135 161 2
135 772 1
135 549 10
135 936 1
135 170 1
135 942 3
135 371 1
135 628 4
135 214 1
136 200 2
139 323 5
141 978 2
141 188 3
141 469 1
142 280 1
142 846 1
143 696 2
143 580 1
147 577 1
147 355 1
147 933 1
147 230 1
147 171 1
147 972 1
147 590 1
147 277 1
147 347 1
147 285 1
147 926 1
147 686 1
157 334 1
159 704 2
159 290 2
159 963 2
159 167 4
159 617 1
159 940 1
159 493 2
159 783 1
159 912 1
159 692 2
159 214 2
159 251 1
159 923 1
159 239 1
159 607 1
160 280 1
160 629 1
161 994 1
161 900 3
161 581 2
161 540 1
161 662 4
161 443 2
161 572 5
164 322 1
164 638 1
165 401 1
166 416 3
166 674 1
166 803 1
166 586 3
166 743 1
166 782 1
166 912 2
166 765 1
167 280 1
167 978 4
167 851 2
167 469 2
168 416 3
168 260 9
168 232 21
168 266 1
168 556 1
168 782 2
168 557 2
168 912 18
168 984 1
168 949 5
168 439 4
168 472 6
168 356 2
168 447 2
168 575 1
169 595 1
170 581 1
171 972 3
171 590 1
173 541 1
178 214 1
181 537 2
184 595 2
184 423 2
187 695 2
188 920 1
188 978 2
188 851 1
188 469 1
189 377 1
191 692 2
192 664 1
193 633 2
199 996 1
199 506 1
199 924 1
200 952 3
200 915 2
200 428 1
207 978 2
207 469 2
207 630 1
208 977 1
209 912 1
214 776 1
214 940 1
214 530 1
214 920 1
214 544 1
214 290 2
214 731 1
214 935 1
214 684 1
214 306 2
214 692 1
214 569 1
214 835 1
214 324 1
214 844 1
214 334 1
214 720 1
214 852 1
214 987 1
214 220 1
214 865 1
214 738 1
214 868 1
214 743 1
214 746 2
214 371 1
214 629 1
214 765 1
216 558 1
218 862 1
226 712 1
228 605 1
228 502 1
231 698 2
231 987 1
231 540 2
232 416 4
232 912 4
232 472 3
232 313 1
232 575 2
232 607 1
233 692 2
236 977 5
236 898 1
236 716 1
239 866 1
241 469 1
245 698 2
245 987 1
245 540 1
246 377 1
246 724 1
246 423 1
250 927 2
251 482 2
251 987 1
256 416 1
256 648 1
256 356 1
260 416 5
260 912 5
264 454 2
266 416 1
267 280 1
267 586 5
267 803 8
267 517 2
268 592 1
272 662 1
274 469 1
280 647 1
280 656 1
280 408 1
280 658 1
280 915 1
280 920 1
280 424 1
280 817 1
280 954 1
280 547 1
280 526 1
280 990 1
280 530 1
280 851 1
280 629 1
280 469 1
281 377 1
294 416 1
294 803 1
301 978 2
301 469 1
306 374 2
310 586 2
310 863 1
311 697 1
311 987 1
316 428 2
317 374 3
318 558 1
319 458 1
319 386 1
319 558 1
321 565 3
322 706 1
322 343 2
322 879 1
322 534 2
322 663 1
323 402 2
323 939 1
324 638 3
329 910 1
332 435 1
332 500 1
332 782 2
333 693 1
334 356 1
334 517 1
334 617 1
334 586 2
334 684 1
334 809 2
334 535 1
334 542 1
334 607 2
335 810 1
335 867 1
337 936 2
337 505 2
338 987 3
338 540 4
343 663 2
344 952 1
347 933 2
349 428 1
349 990 1
356 743 1
356 586 3
356 912 4
361 987 1
362 383 1
364 987 1
369 535 1
369 927 1
377 866 3
377 708 1
377 422 1
377 423 2
377 630 1
377 530 1
377 731 1
383 528 1
383 922 1
383 909 1
383 589 1
398 775 1
401 429 2
401 415 1
413 927 1
413 935 7
414 572 4
415 471 1
415 987 1
415 607 2
416 586 1
416 949 2
416 439 2
416 765 1
416 927 1
418 977 8
418 996 3
421 978 2
421 469 1
422 731 1
423 996 3
423 977 6
424 978 2
424 469 1
428 838 1
428 915 5
428 857 3
429 925 1
432 987 1
433 881 1
433 987 1
435 500 2
438 818 2
439 912 2
440 737 1
443 742 1
443 662 3
444 927 1
447 984 3
447 586 1
450 900 2
450 662 1
450 935 1
454 592 1
458 577 1
464 980 3
465 812 1
466 695 1
469 547 1
469 817 1
469 978 3
469 851 3
469 954 1
469 795 1
469 957 1
471 617 1
472 782 2
472 912 2
472 575 1
481 565 2
482 809 1
482 987 1
485 500 5
485 542 3
485 927 1
488 568 1
497 977 1
499 684 1
500 814 1
500 542 1
502 605 1
506 996 2
512 978 2
513 927 1
514 638 1
516 761 6
516 881 2
528 742 1
531 987 1
534 591 2
535 823 1
535 927 1
540 641 1
540 955 6
540 840 3
540 873 2
540 890 1
540 698 2
540 987 2
540 863 2
542 746 1
542 927 1
547 978 2
547 851 2
549 866 1
549 701 2
550 746 1
550 743 1
551 927 1
552 978 2
558 844 1
561 629 1
572 731 4
572 870 2
573 586 1
575 912 1
578 714 1
580 791 1
581 936 1
582 987 1
582 764 2
586 617 1
586 687 1
586 912 1
586 782 3
586 984 3
586 762 4
591 692 1
592 713 1
592 927 2
595 754 5
596 695 1
602 648 2
602 912 1
602 743 7
614 978 2
629 978 2
633 858 1
633 772 1
641 987 1
646 927 1
647 953 1
648 765 7
654 991 9
660 769 1
662 742 1
664 810 1
664 702 1
674 803 2
680 731 3
680 707 1
684 704 1
684 956 1
685 1001 3
685 724 1
687 776 2
692 742 2
692 776 1
692 746 9
697 925 3
697 855 2
698 764 2
698 840 2
698 873 2
698 987 2
700 812 1
700 935 3
704 743 1
707 951 1
716 724 1
716 980 2
716 718 5
718 866 3
718 724 1
718 980 2
718 732 2
719 837 2
722 927 1
724 866 1
724 1001 2
731 870 4
738 923 1
742 900 2
743 912 1
743 868 2
746 900 1
746 935 21
746 923 1
761 881 2
762 912 1
764 987 1
765 908 11
765 912 1
765 890 1
770 927 1
782 984 1
789 987 1
790 812 3
795 978 2
809 987 1
817 978 2
823 927 1
838 953 3
838 857 1
840 987 1
841 935 1
849 987 1
851 978 4
854 927 2
858 991 2
872 987 1
873 987 1
890 926 1
912 984 1
912 949 1
921 923 1
925 987 1
954 978 2
955 987 1
957 978 2
977 996 4
977 1001 5
977 1004 3
978 988 2
987 994 1
