0
1
2
3
4
5
6
7
8
9
10
11
12
13
14
15
16
17
18
19
20
21
22
23
24
25
26
27
28
29
30
31
32
33
34
35
36
37
38
39
40
41
42
43
44
45
46
47
48
49
50
51
52
53
54
55
56
57
58
59
60
61
62
63
64
65
66
67
68
69
70
71
72
73
74
75
76
77
78
79
80
81
82
83
84
85
86
87
88
89
90
91
92
93
94
95
96
97
98
99
100
101
102
103
104
105
106
107
108
109
110
111
112
113
114
115
116
117
118
119
120
121
122
123
124
125
126
127
128
129
130
131
132
133
134
135
136
137
138
139
141
142
143
144
145
146
147
148
149
150
151
152
153
154
155
157
158
159
160
161
162
163
164
165
166
167
168
169
170
171
172
173
174
175
176
177
178
179
180
181
182
183
184
185
186
187
188
189
190
191
192
193
194
195
196
197
198
199
200
201
202
203
204
205
206
207
208
209
210
211
212
213
214
215
216
217
218
219
220
221
222
223
224
225
226
227
228
229
230
231
232
233
235
236
237
238
239
240
241
242
243
244
245
246
247
248
249
250
251
252
253
254
255
256
257
259
260
262
263
264
265
266
267
268
269
270
271
272
273
274
275
276
277
278
279
280
281
282
283
284
285
286
287
288
289
290
291
292
293
294
295
296
297
299
300
301
302
303
304
305
306
307
308
309
310
311
312
313
314
315
316
317
318
319
320
321
322
323
324
325
326
327
328
329
330
331
332
333
334
335
336
337
338
339
340
341
343
344
345
346
347
348
349
350
351
352
353
355
356
357
358
359
360
361
362
364
365
366
367
368
369
370
371
372
373
374
375
376
377
378
379
380
381
382
383
384
385
386
387
388
389
390
391
392
393
394
395
396
397
398
399
400
401
402
403
404
405
406
407
408
409
410
411
412
413
414
415
416
418
419
420
421
422
423
424
425
426
427
428
429
430
431
432
433
434
435
436
437
438
439
440
441
442
443
444
445
446
447
448
449
450
451
452
453
454
455
456
457
458
459
460
461
462
464
465
466
467
468
469
470
471
472
473
474
475
476
477
478
479
480
481
482
483
484
485
486
487
488
489
490
491
492
493
495
496
497
498
499
500
501
502
503
504
505
506
507
508
509
510
511
512
513
514
515
516
517
518
519
520
521
522
523
524
525
526
527
528
530
531
532
533
534
535
536
537
538
539
540
541
542
543
544
545
546
547
548
549
550
551
552
553
554
556
557
558
559
560
561
562
563
564
565
566
567
568
569
570
571
572
573
574
575
576
577
578
579
580
581
582
583
584
585
586
587
588
589
590
591
592
593
594
595
596
597
598
599
600
601
602
603
604
605
606
607
609
610
611
612
613
614
615
616
617
618
619
621
622
623
624
625
626
627
628
629
630
631
632
633
634
635
636
637
638
639
640
641
642
643
644
645
646
647
648
649
650
651
652
653
654
655
656
657
658
659
660
661
662
663
664
665
666
667
668
669
670
671
672
673
674
675
676
677
678
679
680
681
682
683
684
685
686
687
688
689
690
691
692
693
694
695
696
697
698
699
700
701
702
703
704
705
706
707
708
709
710
711
712
713
714
715
716
717
718
719
720
721
722
723
724
725
726
727
728
729
730
731
732
733
734
735
736
737
738
739
740
741
742
743
744
745
746
747
748
749
750
751
752
753
754
756
757
758
759
760
761
762
763
764
765
767
768
769
770
771
772
773
774
775
776
777
778
779
780
781
782
783
784
785
786
787
788
789
790
791
792
793
794
795
796
797
798
799
800
801
802
803
804
805
806
807
808
809
810
811
812
813
814
815
816
817
818
819
820
821
822
823
824
825
826
827
828
829
830
831
832
833
834
835
836
837
838
839
840
841
842
843
844
845
846
847
848
849
850
851
852
853
854
855
856
857
858
859
860
861
862
863
864
865
866
867
868
869
870
871
872
873
874
875
876
877
878
879
880
881
882
883
884
885
886
887
888
889
890
891
892
893
894
895
896
897
898
899
900
901
902
903
904
905
906
907
908
909
910
911
912
913
914
915
916
917
918
919
920
921
922
923
924
925
926
927
928
929
930
931
932
933
934
935
936
937
938
939
940
941
942
943
944
945
946
947
948
949
950
951
952
953
954
955
956
957
958
960
961
962
963
964
965
966
967
968
969
970
971
972
973
974
975
976
977
978
979
980
981
982
983
984
985
986
987
988
989
990
991
992
993
994
995
996
997
998
999
1000
1001
1002
1003
1004
0 249 2
0 236 2
0 333 1
2 790 5
2 231 2
4 135 5
6 249 1
6 333 1
8 731 1
14 644 8
14 199 1
14 1001 8
14 173 1
14 381 1
14 724 4
14 506 9
14 924 14
14 410 1
14 702 11
15 680 6
15 731 4
15 284 1
16 19 2
17 316 1
19 407 2
24 629 3
24 31 1
25 48 2
28 987 1
30 356 1
30 790 3
31 316 2
31 165 7
32 880 2
35 978 1
35 469 1
35 207 2
41 723 1
45 782 2
48 458 2
48 558 2
48 216 2
48 956 2
48 319 2
61 935 1
62 800 13
62 485 1
62 646 1
62 113 2
62 369 4
62 214 6
62 542 2
65 923 1
66 782 1
67 344 2
67 963 1
67 165 3
67 846 1
73 499 1
74 112 2
74 392 1
74 586 3
75 923 1
75 948 1
75 334 2
77 168 2
77 260 3
78 333 1
78 710 1
78 422 2
82 135 5
83 306 4
83 91 1
86 443 4
90 656 2
90 192 1
90 978 1
90 435 2
90 935 1
92 658 1
92 316 2
96 509 1
98 401 15
101 724 1
101 423 1
102 514 1
103 514 1
104 648 3
104 721 3
104 908 1
104 765 4
104 356 1
106 788 1
107 810 2
111 935 1
112 392 1
112 267 2
112 214 1
113 880 1
113 646 1
114 249 1
126 294 1
126 168 1
126 586 15
126 782 5
126 885 1
126 790 3
132 842 2
132 139 1
133 648 1
133 951 1
135 581 6
135 870 5
135 935 1
135 936 1
135 170 5
135 942 3
135 371 5
135 628 9
135 214 1
135 932 1
135 700 2
135 746 5
136 316 3
136 526 2
137 936 2
137 273 2
137 523 2
139 323 1
141 978 1
141 469 1
142 316 1
142 301 1
142 165 1
147 454 1
147 277 1
147 686 2
147 239 1
149 880 1
149 249 1
149 716 1
152 443 4
157 746 2
157 740 1
157 935 1
159 214 2
160 629 2
164 322 1
165 428 2
165 207 2
165 401 5
165 344 3
165 857 1
165 316 7
165 990 1
166 586 4
166 267 1
166 500 2
167 656 1
167 817 1
167 978 2
167 469 3
168 260 6
168 586 1
168 782 1
168 949 2
168 790 7
168 356 1
168 923 2
168 575 4
175 849 4
175 275 2
175 532 2
178 333 1
180 727 1
181 696 2
181 249 2
181 274 2
184 595 3
185 915 2
188 978 1
188 469 1
188 502 2
189 502 2
192 664 1
192 381 1
193 338 2
193 595 1
193 540 3
196 454 1
197 530 2
199 996 2
199 506 1
199 644 3
200 316 3
200 935 1
201 249 1
205 546 1
205 997 1
207 424 3
207 558 2
207 978 1
207 469 4
207 954 1
207 795 3
207 988 1
207 373 3
209 880 1
214 290 2
214 515 1
214 306 2
214 923 2
223 322 1
223 746 2
223 935 1
228 693 1
228 502 1
228 333 1
229 769 1
231 840 2
231 698 3
231 540 1
236 249 1
236 1004 7
239 353 1
241 469 1
245 698 3
245 540 1
246 724 1
246 572 2
248 746 2
248 935 1
249 716 1
249 1004 1
249 333 1
249 977 1
249 595 1
249 409 1
249 410 1
250 886 1
250 646 1
260 573 2
263 369 4
267 392 2
267 586 6
267 530 8
267 435 3
267 629 2
267 952 1
267 891 10
271 746 2
274 817 2
274 841 2
275 849 4
275 423 3
280 629 3
280 502 2
284 680 1
284 731 1
284 422 3
288 561 5
288 493 5
288 629 6
288 445 4
291 401 16
293 880 1
293 724 1
294 586 1
294 885 4
301 978 2
301 469 1
302 316 2
306 742 3
306 880 1
306 659 4
306 790 1
311 773 1
316 344 2
316 971 2
316 392 5
316 647 1
316 428 1
316 978 1
316 915 1
316 953 1
316 952 1
316 857 1
316 543 2
316 349 1
316 990 2
321 499 1
322 740 1
322 879 2
322 368 1
322 534 1
322 343 1
322 591 1
327 381 2
329 540 1
332 586 1
333 470 1
333 710 1
333 599 1
333 976 1
333 693 2
333 502 1
333 409 1
333 538 1
333 605 1
333 862 1
333 767 1
334 692 2
334 586 3
334 500 1
335 440 1
335 657 1
335 643 1
338 633 1
347 933 2
353 951 1
356 416 1
356 743 1
356 586 1
356 912 8
356 721 3
356 946 2
356 472 2
356 602 1
356 765 4
360 629 2
360 526 2
362 383 1
369 535 1
369 646 1
377 423 1
378 514 2
381 643 1
383 909 1
383 589 1
388 509 1
401 429 14
401 454 17
407 843 1
410 719 1
413 935 6
414 891 2
415 718 1
416 648 1
416 790 2
418 996 1
421 424 2
421 978 1
421 795 2
421 469 1
422 680 1
422 731 8
423 716 1
424 978 1
424 469 1
427 955 1
427 540 1
430 935 1
432 433 1
433 633 1
435 500 9
435 782 1
443 742 2
443 662 1
444 646 1
445 629 2
447 586 1
450 802 2
450 746 2
450 935 1
454 609 1
454 1003 1
454 592 3
465 790 1
466 947 3
469 547 1
469 614 1
469 817 1
469 978 1
469 954 1
469 795 1
469 957 1
471 752 2
472 648 1
472 912 1
472 946 1
472 782 1
479 904 1
482 886 1
485 646 1
493 978 2
493 629 2
495 633 3
499 956 1
500 586 8
500 782 3
500 692 1
500 814 2
500 762 3
501 935 1
502 935 1
502 746 2
502 605 1
502 530 1
502 693 4
502 538 2
502 862 3
506 738 2
506 644 4
506 1001 27
506 657 1
506 850 1
506 996 2
506 541 8
509 638 3
509 583 1
512 978 1
513 646 1
513 551 4
514 1001 1
514 780 1
514 977 1
514 950 1
516 924 1
516 532 2
517 935 1
526 629 3
528 867 1
530 746 2
530 685 1
530 692 1
530 629 6
530 891 2
530 693 2
534 746 2
534 935 1
535 854 1
535 646 1
540 994 1
540 987 1
540 698 3
540 955 1
541 657 4
542 746 2
542 646 2
542 935 1
543 891 1
546 721 1
546 550 4
547 978 1
551 646 1
551 743 1
552 978 1
552 988 1
561 629 2
561 846 1
561 631 2
571 935 1
573 880 1
573 586 2
575 912 1
577 686 3
581 936 1
581 742 2
582 764 2
586 782 9
586 687 2
586 692 2
586 759 1
586 984 3
586 948 2
586 762 3
586 923 4
587 720 4
591 746 2
592 609 4
592 713 1
602 648 1
614 978 1
629 978 2
629 658 2
629 685 2
629 846 2
629 630 2
629 631 2
629 891 7
633 660 3
634 788 1
638 788 1
644 924 3
646 854 1
646 823 1
648 790 4
650 682 1
654 991 1
656 920 4
668 746 5
668 935 4
671 935 1
679 956 1
680 720 1
684 746 2
684 956 1
686 748 1
687 746 2
692 932 4
692 746 2
693 710 1
696 920 1
696 935 1
697 855 1
698 840 3
698 873 3
698 764 3
700 812 1
700 790 2
715 926 2
716 718 1
718 746 2
718 980 3
719 738 1
721 765 2
723 758 2
731 746 3
736 769 1
738 923 1
738 783 1
739 746 2
739 935 1
742 746 2
746 776 2
746 920 2
746 935 6
746 775 2
746 834 2
746 851 2
746 980 2
746 992 1
746 994 2
757 936 3
758 956 2
761 783 1
765 936 1
765 908 1
774 947 63
782 912 2
782 984 1
789 935 1
790 812 5
790 912 2
795 978 1
809 891 2
817 978 1
819 955 1
834 935 1
841 935 1
844 956 1
851 978 3
854 935 1
912 949 1
923 935 1
925 955 1
935 992 16
954 978 1
957 978 1
978 988 1
