0
1
2
3
4
5
6
7
8
9
10
11
12
13
14
15
16
17
18
19
20
21
22
23
24
25
26
27
28
29
30
31
32
33
34
35
36
37
38
39
40
41
42
43
44
45
46
47
48
49
50
51
52
53
54
55
56
57
58
59
60
61
62
63
64
65
66
67
68
69
70
71
72
73
74
75
76
77
78
79
80
81
82
83
84
85
86
87
88
89
90
91
92
93
94
95
96
97
98
99
100
101
102
103
104
105
106
107
108
109
110
111
112
113
114
115
116
117
118
119
120
121
122
123
124
125
126
127
128
129
130
131
132
133
134
135
136
137
138
139
141
142
143
144
145
146
147
148
149
150
151
152
153
154
155
157
158
159
160
161
162
163
164
165
166
167
168
169
170
171
172
173
174
175
176
177
178
179
180
181
182
183
184
185
186
187
188
189
190
191
192
193
194
195
196
197
198
199
200
201
202
203
204
205
206
207
208
209
210
211
212
213
214
215
216
217
218
219
220
221
222
223
224
225
226
227
228
229
230
231
232
233
235
236
237
238
239
240
241
242
243
244
245
246
247
248
249
250
251
252
253
254
255
256
257
259
260
262
263
264
265
266
267
268
269
270
271
272
273
274
275
276
277
278
279
280
281
282
283
284
285
286
287
288
289
290
291
292
293
294
295
296
297
299
300
301
302
303
304
305
306
307
308
309
310
311
312
313
314
315
316
317
318
319
320
321
322
323
324
325
326
327
328
329
330
331
332
333
334
335
336
337
338
339
340
341
343
344
345
346
347
348
349
350
351
352
353
355
356
357
358
359
360
361
362
364
365
366
367
368
369
370
371
372
373
374
375
376
377
378
379
380
381
382
383
384
385
386
387
388
389
390
391
392
393
394
395
396
397
398
399
400
401
402
403
404
405
406
407
408
409
410
411
412
413
414
415
416
418
419
420
421
422
423
424
425
426
427
428
429
430
431
432
433
434
435
436
437
438
439
440
441
442
443
444
445
446
447
448
449
450
451
452
453
454
455
456
457
458
459
460
461
462
464
465
466
467
468
469
470
471
472
473
474
475
476
477
478
479
480
481
482
483
484
485
486
487
488
489
490
491
492
493
495
496
497
498
499
500
501
502
503
504
505
506
507
508
509
510
511
512
513
514
515
516
517
518
519
520
521
522
523
524
525
526
527
528
530
531
532
533
534
535
536
537
538
539
540
541
542
543
544
545
546
547
548
549
550
551
552
553
554
556
557
558
559
560
561
562
563
564
565
566
567
568
569
570
571
572
573
574
575
576
577
578
579
580
581
582
583
584
585
586
587
588
589
590
591
592
593
594
595
596
597
598
599
600
601
602
603
604
605
606
607
609
610
611
612
613
614
615
616
617
618
619
621
622
623
624
625
626
627
628
629
630
631
632
633
634
635
636
637
638
639
640
641
642
643
644
645
646
647
648
649
650
651
652
653
654
655
656
657
658
659
660
661
662
663
664
665
666
667
668
669
670
671
672
673
674
675
676
677
678
679
680
681
682
683
684
685
686
687
688
689
690
691
692
693
694
695
696
697
698
699
700
701
702
703
704
705
706
707
708
709
710
711
712
713
714
715
716
717
718
719
720
721
722
723
724
725
726
727
728
729
730
731
732
733
734
735
736
737
738
739
740
741
742
743
744
745
746
747
748
749
750
751
752
753
754
756
757
758
759
760
761
762
763
764
765
767
768
769
770
771
772
773
774
775
776
777
778
779
780
781
782
783
784
785
786
787
788
789
790
791
792
793
794
795
796
797
798
799
800
801
802
803
804
805
806
807
808
809
810
811
812
813
814
815
816
817
818
819
820
821
822
823
824
825
826
827
828
829
830
831
832
833
834
835
836
837
838
839
840
841
842
843
844
845
846
847
848
849
850
851
852
853
854
855
856
857
858
859
860
861
862
863
864
865
866
867
868
869
870
871
872
873
874
875
876
877
878
879
880
881
882
883
884
885
886
887
888
889
890
891
892
893
894
895
896
897
898
899
900
901
902
903
904
905
906
907
908
909
910
911
912
913
914
915
916
917
918
919
920
921
922
923
924
925
926
927
928
929
930
931
932
933
934
935
936
937
938
939
940
941
942
943
944
945
946
947
948
949
950
951
952
953
954
955
956
957
958
960
961
962
963
964
965
966
967
968
969
970
971
972
973
974
975
976
977
978
979
980
981
982
983
984
985
986
987
988
989
990
991
992
993
994
995
996
997
998
999
1000
1001
1002
1003
1004
0 569 1
0 189 1
1 309 1
2 700 2
2 812 1
2 790 2
2 231 2
4 135 1
5 808 1
6 569 1
13 532 1
14 924 1
14 724 1
14 702 1
15 422 1
16 718 1
17 316 2
19 333 1
24 530 1
24 629 5
25 684 2
28 987 1
29 333 1
31 316 2
31 165 2
32 197 1
40 802 1
40 900 1
40 272 1
40 662 1
40 695 1
40 568 1
40 187 1
40 572 1
48 956 1
48 499 1
48 684 2
50 402 1
50 559 3
52 356 2
56 987 1
58 818 1
61 991 3
62 513 2
62 485 4
62 542 9
62 646 1
68 987 1
77 912 1
77 260 1
77 168 1
77 356 1
78 569 1
82 135 1
90 416 1
90 994 1
90 356 1
90 168 2
90 142 1
90 949 1
92 316 3
95 987 1
97 309 1
98 713 1
98 107 1
98 429 1
103 1001 2
103 514 7
103 780 3
103 950 4
103 303 2
104 313 1
104 765 1
104 549 1
105 418 1
112 356 1
112 517 1
119 812 1
119 790 1
120 915 3
120 566 2
120 499 1
126 586 1
126 782 1
127 178 2
133 356 1
134 356 1
135 581 2
135 870 1
135 170 1
135 371 1
135 628 1
135 692 2
135 549 1
136 915 1
136 316 2
142 316 3
147 196 1
153 977 1
157 413 1
159 443 1
159 334 1
159 343 3
160 493 1
160 629 2
165 401 3
165 316 4
168 416 2
168 356 2
168 966 3
168 232 8
168 586 3
168 812 2
168 782 7
168 557 1
168 912 9
168 984 3
168 949 5
168 790 8
168 439 5
168 472 15
168 313 2
168 699 2
168 266 2
168 260 1
173 506 1
173 541 3
178 752 3
178 693 1
178 502 2
181 190 1
189 530 1
190 656 1
190 353 2
190 274 1
190 373 1
191 692 2
192 381 1
196 850 1
196 429 1
196 454 1
199 506 3
200 915 2
200 316 2
204 586 1
214 443 1
214 765 1
214 550 1
214 629 1
216 321 3
223 343 2
226 506 1
228 569 1
228 502 1
231 873 1
231 987 1
231 245 1
231 607 1
232 472 1
232 575 1
232 439 3
233 245 1
239 293 2
245 764 1
245 264 1
245 329 1
245 624 1
245 338 1
245 987 1
245 540 1
249 569 1
251 531 1
251 987 1
260 439 1
260 949 1
267 586 3
267 517 1
272 450 1
273 581 1
280 530 1
280 629 1
280 502 1
281 905 2
284 731 1
288 629 1
291 429 1
293 547 1
294 586 1
294 885 1
295 569 1
301 978 1
302 316 2
303 514 1
303 780 1
310 586 1
310 343 1
311 987 1
313 356 1
316 344 2
316 647 4
316 971 2
316 428 2
316 915 9
316 953 2
316 952 2
316 857 2
316 543 2
316 990 3
317 374 1
318 499 1
318 684 4
320 337 1
321 499 1
321 684 2
322 950 1
322 343 1
332 586 1
332 782 3
333 569 1
334 746 1
334 534 1
334 607 3
337 505 3
338 987 1
343 399 1
356 770 1
356 868 1
356 743 1
356 912 2
356 602 1
356 472 18
356 765 1
356 542 1
360 629 2
361 987 1
364 987 1
401 415 2
401 429 2
409 569 1
413 746 2
413 684 1
413 935 3
418 996 3
423 866 1
423 790 1
425 765 1
428 915 4
429 454 1
432 987 1
433 987 1
438 818 1
440 737 1
443 662 1
447 586 1
447 885 1
454 713 1
458 684 2
458 844 3
465 812 1
470 569 1
472 782 14
472 912 1
472 575 1
482 987 1
485 542 3
493 561 1
493 530 2
493 629 4
493 630 1
493 891 1
499 704 1
499 679 1
499 844 1
499 684 1
499 565 1
499 918 1
500 782 1
502 591 1
502 530 1
502 915 2
502 724 1
502 569 1
502 862 1
506 996 1
506 644 1
506 541 3
514 1001 1
514 780 3
514 950 3
516 881 1
516 761 5
526 629 2
530 658 1
530 629 2
530 891 3
531 983 1
531 987 1
531 671 1
538 569 1
540 987 1
542 854 1
543 952 1
552 817 1
558 684 3
559 622 1
561 629 2
565 684 3
569 710 1
569 599 1
569 976 1
569 693 1
569 767 1
569 605 1
569 862 1
569 991 1
581 951 1
582 987 1
586 912 1
586 885 1
586 984 5
586 762 1
587 720 1
590 926 1
595 934 2
595 790 1
607 915 1
624 873 1
629 658 2
629 685 2
629 846 2
629 630 3
629 631 2
629 891 3
641 987 1
648 765 1
654 991 3
659 771 1
680 731 1
684 844 4
684 956 3
692 775 1
692 900 1
692 798 1
698 987 1
700 812 1
700 790 2
715 926 1
718 724 1
738 923 1
742 900 2
742 863 1
746 935 2
759 885 1
761 881 1
764 987 1
765 908 2
771 863 1
774 947 5
780 1001 1
780 950 1
784 863 2
788 950 1
789 987 1
790 812 12
790 866 1
809 987 2
840 873 1
840 987 1
849 987 1
855 936 2
857 915 4
872 987 1
873 987 2
885 984 1
912 949 1
925 987 1
936 951 1
952 971 1
955 987 1
987 994 1
