0
1
2
3
4
5
6
7
8
9
10
11
12
13
14
15
16
17
18
19
20
21
22
23
24
25
26
27
28
29
30
31
32
33
34
35
36
37
38
39
40
41
42
43
44
45
46
47
48
49
50
51
52
53
54
55
56
57
58
59
60
61
62
63
64
65
66
67
68
69
70
71
72
73
74
75
76
77
78
79
80
81
82
83
84
85
86
87
88
89
90
91
92
93
94
95
96
97
98
99
100
101
102
103
104
105
106
107
108
109
110
111
112
113
114
115
116
117
118
119
120
121
122
123
124
125
126
127
128
129
130
131
132
133
134
135
136
137
138
139
141
142
143
144
145
146
147
148
149
150
151
152
153
154
155
157
158
159
160
161
162
163
164
165
166
167
168
169
170
171
172
173
174
175
176
177
178
179
180
181
182
183
184
185
186
187
188
189
190
191
192
193
194
195
196
197
198
199
200
201
202
203
204
205
206
207
208
209
210
211
212
213
214
215
216
217
218
219
220
221
222
223
224
225
226
227
228
229
230
231
232
233
235
236
237
238
239
240
241
242
243
244
245
246
247
248
249
250
251
252
253
254
255
256
257
259
260
262
263
264
265
266
267
268
269
270
271
272
273
274
275
276
277
278
279
280
281
282
283
284
285
286
287
288
289
290
291
292
293
294
295
296
297
299
300
301
302
303
304
305
306
307
308
309
310
311
312
313
314
315
316
317
318
319
320
321
322
323
324
325
326
327
328
329
330
331
332
333
334
335
336
337
338
339
340
341
343
344
345
346
347
348
349
350
351
352
353
355
356
357
358
359
360
361
362
364
365
366
367
368
369
370
371
372
373
374
375
376
377
378
379
380
381
382
383
384
385
386
387
388
389
390
391
392
393
394
395
396
397
398
399
400
401
402
403
404
405
406
407
408
409
410
411
412
413
414
415
416
418
419
420
421
422
423
424
425
426
427
428
429
430
431
432
433
434
435
436
437
438
439
440
441
442
443
444
445
446
447
448
449
450
451
452
453
454
455
456
457
458
459
460
461
462
464
465
466
467
468
469
470
471
472
473
474
475
476
477
478
479
480
481
482
483
484
485
486
487
488
489
490
491
492
493
495
496
497
498
499
500
501
502
503
504
505
506
507
508
509
510
511
512
513
514
515
516
517
518
519
520
521
522
523
524
525
526
527
528
530
531
532
533
534
535
536
537
538
539
540
541
542
543
544
545
546
547
548
549
550
551
552
553
554
556
557
558
559
560
561
562
563
564
565
566
567
568
569
570
571
572
573
574
575
576
577
578
579
580
581
582
583
584
585
586
587
588
589
590
591
592
593
594
595
596
597
598
599
600
601
602
603
604
605
606
607
609
610
611
612
613
614
615
616
617
618
619
621
622
623
624
625
626
627
628
629
630
631
632
633
634
635
636
637
638
639
640
641
642
643
644
645
646
647
648
649
650
651
652
653
654
655
656
657
658
659
660
661
662
663
664
665
666
667
668
669
670
671
672
673
674
675
676
677
678
679
680
681
682
683
684
685
686
687
688
689
690
691
692
693
694
695
696
697
698
699
700
701
702
703
704
705
706
707
708
709
710
711
712
713
714
715
716
717
718
719
720
721
722
723
724
725
726
727
728
729
730
731
732
733
734
735
736
737
738
739
740
741
742
743
744
745
746
747
748
749
750
751
752
753
754
756
757
758
759
760
761
762
763
764
765
767
768
769
770
771
772
773
774
775
776
777
778
779
780
781
782
783
784
785
786
787
788
789
790
791
792
793
794
795
796
797
798
799
800
801
802
803
804
805
806
807
808
809
810
811
812
813
814
815
816
817
818
819
820
821
822
823
824
825
826
827
828
829
830
831
832
833
834
835
836
837
838
839
840
841
842
843
844
845
846
847
848
849
850
851
852
853
854
855
856
857
858
859
860
861
862
863
864
865
866
867
868
869
870
871
872
873
874
875
876
877
878
879
880
881
882
883
884
885
886
887
888
889
890
891
892
893
894
895
896
897
898
899
900
901
902
903
904
905
906
907
908
909
910
911
912
913
914
915
916
917
918
919
920
921
922
923
924
925
926
927
928
929
930
931
932
933
934
935
936
937
938
939
940
941
942
943
944
945
946
947
948
949
950
951
952
953
954
955
956
957
958
960
961
962
963
964
965
966
967
968
969
970
971
972
973
974
975
976
977
978
979
980
981
982
983
984
985
986
987
988
989
990
991
992
993
994
995
996
997
998
999
1000
1001
1002
1003
1004
0 249 1
0 178 4
2 948 1
2 700 1
2 316 1
2 119 1
4 304 1
4 135 2
5 506 6
5 586 1
5 175 2
6 506 5
6 178 2
8 580 1
13 850 1
13 783 1
14 506 8
14 644 3
14 850 1
14 410 1
15 584 3
15 680 2
15 731 5
15 422 1
16 19 1
16 534 2
17 857 1
17 915 1
17 316 1
24 32 1
24 530 1
24 629 2
24 953 4
24 90 3
24 891 8
24 31 1
25 844 1
25 558 1
28 738 1
28 987 2
28 231 5
29 506 6
30 765 3
31 857 2
31 915 1
31 316 5
31 165 6
32 718 1
32 547 1
32 421 1
32 422 1
32 647 1
32 360 1
32 92 2
32 561 1
32 241 1
32 915 1
32 142 1
32 656 1
32 280 1
32 35 1
32 526 1
32 631 1
32 953 1
32 188 1
32 990 1
32 293 1
35 978 1
35 988 1
35 469 1
35 207 1
38 586 1
38 309 2
40 450 2
40 379 1
40 900 1
40 214 1
40 198 1
40 712 2
40 60 1
40 362 1
40 802 1
40 272 2
40 947 1
40 662 1
40 568 1
40 187 1
40 572 2
40 254 1
41 758 1
41 318 1
42 649 1
45 66 1
46 622 1
48 1000 1
48 458 1
48 319 1
48 758 1
48 679 1
50 559 2
53 120 1
53 633 2
53 540 1
53 245 3
55 404 1
56 987 3
56 540 3
58 909 2
61 868 2
61 517 2
61 550 2
61 904 1
61 522 2
61 718 3
61 915 1
61 782 3
61 122 1
62 800 1
62 163 2
62 518 2
62 214 1
66 782 1
67 963 5
67 165 6
67 391 2
67 846 2
67 207 2
67 920 1
67 344 1
67 190 1
68 987 2
70 120 2
70 388 1
70 334 1
70 343 1
71 595 2
72 633 3
72 923 1
72 581 3
72 135 3
73 758 1
74 294 3
74 392 3
74 586 2
74 974 2
74 112 1
74 984 1
75 416 1
75 546 2
75 196 1
75 742 2
75 135 3
75 334 2
75 118 2
75 951 4
75 248 2
75 772 1
75 542 1
77 168 1
78 178 2
78 99 1
82 135 2
83 784 1
83 697 1
83 742 1
83 161 2
84 337 1
86 152 1
86 443 2
86 662 1
87 160 1
88 906 4
88 950 2
88 399 2
90 784 1
90 771 1
90 388 1
90 168 3
90 746 1
90 850 1
90 143 1
90 720 1
90 946 2
90 948 2
90 854 4
90 506 1
90 703 4
90 671 2
91 951 1
91 580 1
91 415 1
92 658 1
92 915 1
92 857 1
92 731 1
92 316 1
92 349 2
95 873 1
95 987 2
96 337 3
98 401 2
98 707 3
98 268 1
98 566 1
99 178 4
99 502 1
101 246 2
101 423 1
103 832 1
103 950 1
103 423 1
104 294 2
104 648 2
104 425 43
104 908 1
104 721 2
104 765 3
105 418 14
105 582 1
106 337 1
111 648 2
112 356 1
112 392 3
112 267 2
112 855 1
112 472 1
112 313 2
112 316 2
114 977 1
114 275 2
114 189 2
117 268 1
118 867 1
118 502 1
119 465 1
119 700 2
120 416 1
120 193 1
120 196 2
120 198 1
120 454 1
120 609 1
120 425 2
120 629 2
120 772 5
120 660 2
120 948 3
120 566 1
120 633 1
120 703 2
120 868 1
120 383 1
122 428 1
122 693 2
125 322 1
125 323 1
125 676 1
125 139 1
125 622 1
126 356 1
126 166 1
126 294 1
126 232 3
126 586 4
126 721 3
126 435 1
126 790 9
126 573 1
127 595 1
129 926 1
131 850 1
133 648 1
134 738 1
135 581 11
135 870 4
135 617 1
135 170 3
135 909 3
135 942 2
135 337 1
135 371 5
135 628 2
135 214 1
135 915 3
136 857 1
136 915 1
136 316 1
136 165 1
136 207 1
138 383 1
139 322 2
139 487 2
141 978 1
141 188 1
141 469 1
141 214 1
142 857 1
142 915 2
142 316 3
142 207 1
147 577 1
147 931 1
147 933 1
147 715 4
147 972 1
147 171 1
147 748 1
147 590 1
147 285 1
147 355 1
147 277 1
147 347 3
147 157 3
147 926 5
147 686 2
150 962 1
150 435 2
150 629 2
150 415 1
151 214 1
157 586 2
157 229 1
157 926 1
157 415 2
159 724 1
159 214 1
159 566 1
160 288 1
160 530 1
160 915 2
160 629 5
160 630 1
163 913 1
164 343 2
164 638 2
164 943 2
165 838 1
165 401 5
165 915 2
165 344 9
165 857 4
165 316 8
165 990 1
166 586 1
166 743 2
167 838 1
167 817 2
167 915 3
167 469 2
167 630 3
167 988 2
168 868 3
168 648 3
168 356 1
168 266 3
168 912 14
168 984 1
168 946 2
168 948 2
168 439 1
168 472 7
168 260 2
168 586 2
169 595 3
169 404 1
170 245 2
170 697 1
170 581 1
170 855 2
173 850 1
173 506 1
175 849 4
175 275 4
175 423 1
178 214 1
178 409 2
178 538 2
178 929 2
178 295 2
178 693 3
178 569 2
178 314 2
178 710 2
178 333 2
178 976 2
178 339 2
178 470 2
178 599 2
178 605 9
178 862 3
178 991 2
178 228 2
178 359 1
178 878 1
178 502 6
178 249 2
178 767 2
179 633 4
181 656 1
181 274 1
181 851 1
181 630 4
184 832 2
184 843 1
184 1004 1
184 710 1
185 833 4
187 450 1
188 978 1
188 229 1
188 469 2
189 281 4
189 546 1
189 491 1
189 1004 2
190 353 1
190 629 1
190 951 1
193 736 1
193 550 4
193 910 1
193 946 3
193 633 1
196 629 1
197 850 1
197 586 1
199 506 1
199 996 1
199 850 1
200 952 11
200 316 1
200 915 3
200 428 1
200 857 1
206 622 2
207 293 3
207 424 1
207 558 2
207 469 4
207 953 2
207 954 1
207 795 2
207 988 1
207 349 3
207 990 3
207 373 3
208 537 2
214 515 1
214 662 2
214 775 1
214 776 1
214 912 2
214 530 1
214 531 1
214 278 1
214 920 1
214 544 1
214 687 1
214 692 1
214 569 1
214 316 1
214 963 1
214 334 1
214 720 1
214 220 1
214 865 1
214 738 1
214 356 3
214 742 5
214 746 1
214 367 3
214 371 1
214 629 1
214 763 1
216 558 2
216 319 1
220 633 2
223 415 4
224 915 1
224 316 1
224 349 2
226 540 1
228 605 1
229 428 1
229 334 1
229 696 1
229 851 1
229 692 1
229 534 1
229 248 2
229 410 1
229 915 1
229 607 6
230 972 1
231 736 3
231 738 2
231 840 2
231 540 3
231 874 3
231 789 1
231 311 1
231 987 2
231 245 3
232 260 2
232 648 5
232 425 3
232 744 1
232 946 1
232 949 1
232 790 2
232 472 4
232 765 1
232 607 1
233 835 3
233 692 2
233 245 1
236 537 2
236 1004 1
239 609 1
239 278 1
241 469 1
245 581 1
245 264 1
245 329 1
245 874 3
245 687 1
245 624 1
245 692 1
245 987 2
245 540 2
246 724 3
246 423 3
248 696 1
248 506 6
248 670 1
248 415 2
249 333 1
250 886 1
250 332 1
250 782 2
250 518 1
250 415 3
251 987 2
256 648 2
256 885 3
256 294 1
260 266 10
260 912 1
260 790 2
260 699 1
266 948 1
266 439 1
267 392 1
267 586 4
267 629 1
267 891 3
267 316 2
268 291 1
268 454 1
268 713 1
268 633 1
270 850 1
272 754 1
272 742 2
272 662 1
273 890 2
273 951 2
275 849 2
275 327 1
278 566 1
278 415 1
280 595 2
280 293 2
280 838 1
280 629 2
281 491 2
284 731 1
288 484 8
288 773 6
288 391 7
288 846 11
288 629 9
288 630 2
290 566 1
293 568 3
293 724 1
293 697 3
294 817 5
294 885 1
294 984 1
294 586 6
294 447 1
301 469 2
302 857 1
302 915 2
302 316 2
304 441 4
306 769 1
306 963 3
306 742 6
306 790 6
309 893 2
310 337 1
311 697 1
311 987 3
313 648 1
313 356 1
316 915 8
316 543 1
316 428 3
316 952 1
316 953 7
316 962 1
316 838 2
316 971 1
316 344 1
316 857 2
316 349 2
316 990 1
316 351 1
316 629 1
319 386 1
319 458 1
319 558 2
319 956 1
321 558 1
322 663 1
322 879 2
322 337 3
322 343 1
322 505 1
324 337 1
324 586 1
324 534 3
326 586 1
327 849 2
327 850 1
327 381 1
327 897 1
329 450 1
329 427 2
329 910 1
329 849 4
329 338 1
329 987 1
329 540 3
332 500 2
334 609 2
334 356 2
334 550 1
334 718 2
334 687 1
334 502 1
334 472 1
334 772 2
334 923 2
334 415 1
335 664 1
335 516 4
336 715 1
336 926 1
337 510 1
337 505 2
337 378 1
337 603 1
337 638 3
337 479 3
338 987 2
343 943 2
343 663 8
343 388 1
344 915 1
344 373 5
344 857 1
349 838 1
349 428 3
349 915 1
353 750 2
353 391 4
356 868 4
356 648 2
356 425 2
356 912 3
356 948 1
356 472 3
356 730 10
356 923 2
356 765 1
360 629 2
361 987 2
362 528 1
362 909 1
362 784 1
362 383 1
369 913 3
369 444 1
369 535 1
372 700 1
372 558 2
372 934 1
372 951 2
373 838 1
373 391 4
378 832 1
379 568 2
383 547 1
383 868 1
383 807 1
383 942 2
383 528 1
383 530 3
383 662 1
383 887 1
383 586 2
388 832 1
388 634 1
388 638 1
390 784 4
391 484 2
391 629 2
392 674 1
397 738 1
397 671 2
397 975 2
399 950 3
401 429 3
401 454 4
401 415 6
404 595 1
407 843 2
408 857 1
408 428 1
409 580 1
410 832 4
410 977 1
410 719 1
414 746 1
414 891 3
414 687 1
415 517 2
415 783 1
415 923 1
415 542 2
415 811 1
415 429 3
415 687 1
415 692 1
415 670 2
415 833 4
415 450 3
415 718 2
415 591 2
415 851 2
415 742 1
415 617 1
416 425 1
416 912 1
416 790 3
418 996 28
421 469 2
422 731 1
423 832 3
423 849 1
423 977 6
424 469 2
425 868 1
425 648 2
425 946 2
425 435 1
425 948 2
425 472 1
425 730 2
425 765 1
428 915 6
428 857 10
429 454 2
432 987 2
433 849 2
433 738 4
433 987 3
435 782 2
435 948 1
435 885 1
435 633 2
439 948 1
439 790 1
443 915 3
443 742 7
443 662 4
443 863 1
444 535 2
445 629 2
445 838 1
450 802 4
450 586 4
450 915 3
450 662 2
450 695 1
450 568 1
450 572 2
450 947 1
454 772 1
458 577 4
458 956 1
458 558 1
465 790 1
469 795 1
469 614 1
469 957 1
469 547 1
469 978 1
469 851 1
469 954 1
469 817 1
472 912 1
472 744 1
472 946 2
472 575 2
480 987 2
482 987 2
484 629 3
484 630 4
484 502 2
490 586 1
493 629 1
493 838 2
493 951 1
499 558 2
500 586 6
500 909 1
500 782 2
500 687 1
500 814 3
500 575 1
502 915 1
502 629 1
502 605 1
506 996 1
506 775 5
506 850 1
506 644 1
506 921 6
506 541 1
506 670 3
510 622 3
513 518 1
514 832 3
514 977 3
514 950 1
516 850 1
516 924 2
516 790 2
517 718 3
518 752 3
518 913 3
518 854 9
518 895 5
526 629 2
527 720 1
527 680 1
527 710 6
527 870 1
528 609 1
528 585 1
528 589 1
528 980 2
528 922 2
530 685 1
530 915 5
530 629 10
530 630 5
530 891 5
531 987 2
535 913 4
538 880 1
540 994 2
540 581 3
540 582 2
540 840 1
540 874 3
540 697 1
540 987 2
541 738 1
541 850 1
542 646 3
543 857 1
543 915 1
544 563 2
544 741 2
547 978 1
551 895 2
552 824 1
552 614 2
558 1000 1
558 956 2
559 622 2
561 629 1
563 580 2
566 772 2
566 614 1
568 742 1
568 660 2
572 731 1
573 586 1
575 966 2
576 850 1
581 742 1
582 994 2
582 987 2
584 731 1
586 912 2
586 915 4
586 662 3
586 687 2
586 984 4
586 617 1
586 885 3
586 762 2
587 775 1
591 718 1
595 934 3
595 1004 3
595 718 3
595 696 1
597 738 1
599 849 3
599 693 3
599 710 1
600 956 1
604 854 1
605 1001 2
605 685 3
605 789 1
609 772 1
609 946 1
609 951 1
610 629 2
614 978 1
617 811 1
617 948 1
618 918 1
622 676 3
624 764 1
629 915 1
629 685 4
629 700 1
629 846 2
629 978 1
629 851 1
629 731 1
629 658 2
629 750 3
629 920 1
629 630 2
629 631 1
629 891 2
630 685 1
630 951 2
631 838 1
633 772 1
633 923 4
634 832 1
638 832 3
641 987 2
644 738 1
644 850 1
647 915 1
648 743 1
648 912 2
648 790 1
650 850 1
654 850 1
654 783 2
656 920 1
656 915 3
656 838 5
657 850 1
659 963 3
659 742 3
662 900 1
662 915 5
663 951 3
668 746 4
668 935 1
670 1004 2
680 707 4
682 850 1
685 1001 4
687 742 2
687 923 1
693 1004 2
697 771 1
697 873 1
697 855 2
697 925 1
698 987 2
700 812 1
700 790 2
702 1001 4
702 850 1
703 784 4
704 844 1
707 880 1
707 923 1
707 951 2
710 832 1
715 926 3
716 883 1
716 718 2
718 904 1
718 724 1
718 980 1
718 883 1
719 850 1
720 833 4
720 935 2
720 746 6
721 790 1
721 765 2
723 758 2
730 912 2
730 868 6
731 915 3
737 849 1
738 1001 1
738 783 2
738 850 1
738 979 1
738 921 1
738 923 2
740 906 1
742 993 5
742 835 2
742 784 5
742 951 4
745 850 1
746 935 11
746 813 5
748 926 1
752 849 1
758 844 1
758 918 8
758 956 2
761 850 1
761 804 1
762 984 1
762 908 1
764 874 3
764 987 2
764 994 1
765 908 1
765 936 1
765 868 1
772 923 4
779 843 3
780 977 3
783 1001 1
783 850 1
784 835 1
784 863 6
789 987 2
796 987 2
799 895 2
804 850 1
809 987 3
813 935 3
817 988 2
828 850 1
828 837 1
832 977 3
832 950 1
837 850 1
838 915 1
838 857 1
840 873 2
840 874 3
840 987 2
843 883 1
849 897 1
849 987 2
850 921 1
850 924 1
850 979 1
850 996 1
850 1001 1
850 881 1
851 915 3
857 971 1
857 915 9
857 952 1
857 953 1
861 896 1
861 934 2
862 909 1
868 912 2
868 948 3
872 987 2
873 874 3
873 987 2
883 915 2
885 984 1
895 913 1
904 980 1
912 984 1
912 946 1
912 948 2
915 920 3
915 952 1
915 953 1
915 971 1
915 988 3
915 990 1
925 987 2
925 951 1
936 942 1
946 948 1
950 977 3
953 978 2
953 957 1
954 978 1
955 987 3
977 996 1
977 1004 4
987 994 3
