0
1
2
3
4
5
6
7
8
9
10
11
12
13
14
15
16
17
18
19
20
21
22
23
24
25
26
27
28
29
30
31
32
33
34
35
36
37
38
39
40
41
42
43
44
45
46
47
48
49
50
51
52
53
54
55
56
57
58
59
60
61
62
63
64
65
66
67
68
69
70
71
72
73
74
75
76
77
78
79
80
81
82
83
84
85
86
87
88
89
90
91
92
93
94
95
96
97
98
99
100
101
102
103
104
105
106
107
108
109
110
111
112
113
114
115
116
117
118
119
120
121
122
123
124
125
126
127
128
129
130
131
132
133
134
135
136
137
138
139
141
142
143
144
145
146
147
148
149
150
151
152
153
154
155
157
158
159
160
161
162
163
164
165
166
167
168
169
170
171
172
173
174
175
176
177
178
179
180
181
182
183
184
185
186
187
188
189
190
191
192
193
194
195
196
197
198
199
200
201
202
203
204
205
206
207
208
209
210
211
212
213
214
215
216
217
218
219
220
221
222
223
224
225
226
227
228
229
230
231
232
233
235
236
237
238
239
240
241
242
243
244
245
246
247
248
249
250
251
252
253
254
255
256
257
259
260
262
263
264
265
266
267
268
269
270
271
272
273
274
275
276
277
278
279
280
281
282
283
284
285
286
287
288
289
290
291
292
293
294
295
296
297
299
300
301
302
303
304
305
306
307
308
309
310
311
312
313
314
315
316
317
318
319
320
321
322
323
324
325
326
327
328
329
330
331
332
333
334
335
336
337
338
339
340
341
343
344
345
346
347
348
349
350
351
352
353
355
356
357
358
359
360
361
362
364
365
366
367
368
369
370
371
372
373
374
375
376
377
378
379
380
381
382
383
384
385
386
387
388
389
390
391
392
393
394
395
396
397
398
399
400
401
402
403
404
405
406
407
408
409
410
411
412
413
414
415
416
418
419
420
421
422
423
424
425
426
427
428
429
430
431
432
433
434
435
436
437
438
439
440
441
442
443
444
445
446
447
448
449
450
451
452
453
454
455
456
457
458
459
460
461
462
464
465
466
467
468
469
470
471
472
473
474
475
476
477
478
479
480
481
482
483
484
485
486
487
488
489
490
491
492
493
495
496
497
498
499
500
501
502
503
504
505
506
507
508
509
510
511
512
513
514
515
516
517
518
519
520
521
522
523
524
525
526
527
528
530
531
532
533
534
535
536
537
538
539
540
541
542
543
544
545
546
547
548
549
550
551
552
553
554
556
557
558
559
560
561
562
563
564
565
566
567
568
569
570
571
572
573
574
575
576
577
578
579
580
581
582
583
584
585
586
587
588
589
590
591
592
593
594
595
596
597
598
599
600
601
602
603
604
605
606
607
609
610
611
612
613
614
615
616
617
618
619
621
622
623
624
625
626
627
628
629
630
631
632
633
634
635
636
637
638
639
640
641
642
643
644
645
646
647
648
649
650
651
652
653
654
655
656
657
658
659
660
661
662
663
664
665
666
667
668
669
670
671
672
673
674
675
676
677
678
679
680
681
682
683
684
685
686
687
688
689
690
691
692
693
694
695
696
697
698
699
700
701
702
703
704
705
706
707
708
709
710
711
712
713
714
715
716
717
718
719
720
721
722
723
724
725
726
727
728
729
730
731
732
733
734
735
736
737
738
739
740
741
742
743
744
745
746
747
748
749
750
751
752
753
754
756
757
758
759
760
761
762
763
764
765
767
768
769
770
771
772
773
774
775
776
777
778
779
780
781
782
783
784
785
786
787
788
789
790
791
792
793
794
795
796
797
798
799
800
801
802
803
804
805
806
807
808
809
810
811
812
813
814
815
816
817
818
819
820
821
822
823
824
825
826
827
828
829
830
831
832
833
834
835
836
837
838
839
840
841
842
843
844
845
846
847
848
849
850
851
852
853
854
855
856
857
858
859
860
861
862
863
864
865
866
867
868
869
870
871
872
873
874
875
876
877
878
879
880
881
882
883
884
885
886
887
888
889
890
891
892
893
894
895
896
897
898
899
900
901
902
903
904
905
906
907
908
909
910
911
912
913
914
915
916
917
918
919
920
921
922
923
924
925
926
927
928
929
930
931
932
933
934
935
936
937
938
939
940
941
942
943
944
945
946
947
948
949
950
951
952
953
954
955
956
957
958
960
961
962
963
964
965
966
967
968
969
970
971
972
973
974
975
976
977
978
979
980
981
982
983
984
985
986
987
988
989
990
991
992
993
994
995
996
997
998
999
1000
1001
1002
1003
1004
0 705 1
0 178 4
0 732 3
0 502 1
0 569 1
2 335 1
2 316 2
2 485 3
2 231 3
4 848 1
4 135 2
5 107 1
6 569 1
6 178 4
7 810 2
11 316 1
13 738 1
13 516 1
13 14 1
13 951 1
14 644 2
14 506 1
14 924 7
14 738 1
15 680 2
15 731 3
15 422 3
16 410 1
17 915 1
17 316 2
24 280 1
24 160 1
24 530 2
28 987 7
29 491 2
29 107 3
29 214 1
29 506 1
29 381 2
29 670 1
30 868 3
30 790 3
31 316 2
31 915 1
31 428 1
31 165 1
32 280 3
32 921 1
32 293 1
32 214 1
35 978 1
39 923 1
40 450 5
40 379 1
40 900 1
40 198 2
40 712 4
40 60 1
40 75 2
40 962 1
40 802 1
40 272 1
40 488 1
40 947 1
40 662 1
40 695 2
40 568 1
40 187 1
40 572 1
40 254 1
41 73 1
41 723 3
41 565 1
42 649 1
42 706 1
42 534 1
45 66 1
48 458 1
48 558 1
50 559 1
52 416 1
52 66 1
52 868 1
52 126 1
53 193 2
53 997 1
53 609 1
53 75 1
53 844 2
53 633 2
53 923 1
56 75 2
56 987 8
60 466 2
61 388 1
61 450 1
61 228 1
61 517 2
61 166 1
61 135 2
61 969 1
61 356 1
61 718 10
61 765 1
61 883 1
61 334 2
61 693 1
61 502 1
61 663 3
61 601 2
61 122 2
61 602 1
61 542 1
62 800 1
62 962 1
62 485 2
62 646 2
62 535 1
62 542 2
65 540 1
66 316 1
66 782 1
67 963 2
67 165 4
67 391 2
67 846 4
67 207 2
67 344 2
68 506 1
68 987 7
68 540 1
69 879 2
70 388 1
70 399 1
70 534 1
70 120 1
70 324 1
70 509 1
71 595 3
73 577 1
74 984 2
74 294 3
74 214 1
74 166 1
75 772 2
75 517 1
75 135 1
75 776 2
75 528 2
75 530 2
75 540 1
75 671 2
75 416 4
75 166 4
75 425 2
75 243 2
75 190 2
75 191 1
75 609 2
75 718 1
75 851 2
75 334 1
75 731 1
75 220 3
75 865 4
75 997 3
75 107 3
75 499 2
75 248 3
75 127 1
76 410 1
78 130 1
78 976 2
78 178 4
78 599 2
78 569 1
78 506 1
82 870 2
82 135 2
83 993 1
83 771 1
83 901 1
83 229 1
83 306 1
83 659 1
83 86 1
83 697 2
83 374 1
83 863 1
84 323 1
85 277 1
86 771 1
86 91 1
86 443 4
87 160 1
90 996 3
90 997 1
90 850 1
90 205 1
90 178 1
90 147 1
90 693 1
90 923 1
90 220 1
90 191 1
91 962 1
91 491 1
91 132 1
91 997 1
91 1001 1
91 139 1
91 301 1
91 957 1
91 688 1
91 953 1
91 514 2
91 323 1
91 404 1
91 599 1
91 152 1
91 409 1
91 125 1
91 702 1
92 316 2
92 915 1
92 428 1
95 987 7
98 713 1
98 429 1
99 929 6
99 207 14
99 178 3
99 502 1
99 599 2
99 569 1
101 423 3
101 246 1
101 127 2
102 705 1
103 832 1
103 423 2
103 510 1
103 943 3
104 868 1
104 790 2
105 418 9
106 402 1
106 229 1
107 898 1
107 899 1
107 1004 1
107 664 1
107 537 1
107 175 1
107 208 1
107 670 1
107 289 1
107 553 2
107 810 1
107 688 1
107 192 1
107 201 1
107 335 1
107 464 1
107 980 1
107 985 1
107 737 1
107 236 1
107 118 1
107 890 2
107 381 2
109 256 1
109 721 1
112 674 1
112 803 1
112 517 1
112 392 1
112 267 2
112 948 1
113 646 1
114 506 1
114 718 1
118 502 1
118 862 1
120 772 10
120 775 1
120 660 4
120 923 2
120 160 4
120 290 1
120 198 3
120 135 4
120 433 1
120 566 4
120 951 2
120 189 1
120 703 1
120 196 3
120 454 2
120 823 3
120 977 2
120 854 2
120 997 1
120 239 2
120 752 6
120 629 1
120 191 6
122 428 4
122 718 1
122 915 2
122 857 2
122 506 1
122 189 1
122 410 1
124 214 1
125 676 2
125 206 1
126 256 1
126 356 1
126 166 1
126 586 1
126 790 4
126 984 4
127 896 1
127 779 2
127 718 1
127 410 2
130 178 1
133 168 1
133 232 4
133 765 1
134 738 1
134 997 1
135 530 1
135 915 7
135 662 2
135 920 1
135 170 2
135 942 2
135 692 1
135 703 3
135 581 17
135 334 1
135 855 1
135 609 1
135 870 11
135 742 3
135 371 14
135 628 6
135 890 1
136 316 3
136 915 2
136 428 1
136 838 3
141 978 1
142 712 2
142 428 3
142 915 2
142 280 1
142 857 3
142 316 4
143 280 3
143 544 1
147 577 8
147 931 2
147 933 2
147 715 2
147 609 1
147 972 2
147 171 2
147 748 3
147 590 2
147 355 2
147 277 2
147 278 1
147 235 1
147 890 3
147 347 2
147 285 2
147 926 6
147 686 2
149 293 5
150 178 1
150 997 1
150 191 1
151 253 2
151 278 1
152 771 1
153 410 1
155 771 1
157 577 1
157 517 1
157 687 1
157 696 3
157 347 2
157 542 1
158 506 1
159 923 1
159 695 1
160 288 1
160 750 1
160 484 1
160 214 2
160 561 1
160 360 1
160 631 1
160 685 1
160 526 1
160 658 2
160 280 1
160 530 2
160 846 1
160 630 1
160 891 1
160 629 1
161 193 1
164 420 1
164 943 1
165 428 1
165 207 3
165 401 7
165 915 1
165 344 9
165 857 1
165 316 5
166 416 1
166 517 2
166 500 1
166 762 1
166 586 1
167 530 2
167 978 2
167 915 3
167 920 1
167 851 3
167 988 1
168 648 1
168 912 2
168 984 1
168 949 4
168 790 1
168 439 5
168 472 2
169 595 1
169 934 1
170 697 2
171 577 1
171 347 2
171 933 1
171 926 2
173 924 1
174 832 1
175 410 1
175 423 1
178 772 1
178 280 1
178 409 3
178 538 4
178 415 5
178 929 3
178 290 1
178 295 2
178 693 4
178 569 5
178 314 3
178 710 3
178 333 5
178 976 3
178 339 3
178 470 8
178 599 3
178 605 17
178 862 4
178 991 2
178 228 4
178 502 15
178 249 4
178 767 3
181 724 2
181 189 2
181 190 2
184 883 1
184 393 1
184 506 1
184 779 2
184 410 1
187 198 1
188 280 1
188 978 2
188 988 1
189 718 8
189 951 4
189 696 2
190 353 3
190 656 2
190 920 3
190 274 3
190 373 3
190 951 1
190 280 1
190 890 1
191 962 1
191 997 2
191 752 1
191 948 1
191 633 1
191 415 1
192 506 1
193 997 1
193 500 1
193 890 2
193 923 1
196 997 1
198 568 1
198 488 1
199 738 1
199 644 4
199 996 1
199 506 1
199 924 1
199 541 1
200 772 3
200 977 2
200 971 1
200 428 1
200 952 7
200 915 1
200 344 1
200 857 1
200 316 3
205 383 2
207 424 2
207 558 1
207 978 2
207 469 1
207 795 1
207 990 2
214 771 4
214 915 1
214 535 2
214 923 11
214 290 4
214 551 1
214 940 1
214 695 1
214 316 2
214 712 1
214 951 2
214 334 1
214 595 1
214 854 2
214 984 4
214 356 3
214 997 1
214 742 2
214 499 1
214 629 1
214 502 1
214 377 1
220 609 3
220 334 1
224 428 1
224 915 1
224 316 2
225 779 1
225 951 1
226 506 1
226 540 1
228 693 1
228 502 1
228 569 1
228 506 1
229 248 1
229 374 1
229 696 33
229 890 1
229 607 3
231 874 1
231 738 1
231 338 1
231 789 3
231 245 1
231 987 7
231 383 1
232 472 4
232 425 7
232 912 1
235 890 1
235 923 2
235 997 1
239 923 1
239 951 6
242 506 1
245 624 1
245 874 1
245 987 7
246 724 2
246 423 3
248 334 2
248 591 1
248 696 21
248 607 2
249 569 1
250 332 1
251 410 1
251 987 7
253 290 1
256 721 3
256 294 1
256 356 2
257 997 1
267 577 1
267 517 3
267 648 4
267 586 1
267 526 2
267 751 2
267 948 1
267 891 6
267 362 1
267 478 5
272 595 1
273 890 1
274 920 1
275 849 3
280 647 1
280 530 5
280 915 2
280 920 1
280 281 2
280 547 1
280 293 3
280 561 1
280 712 1
280 978 1
280 851 1
280 526 3
280 731 3
280 739 2
280 360 1
280 629 1
280 502 2
280 631 1
284 731 2
288 484 12
288 773 12
288 391 15
288 846 14
288 629 11
288 630 1
289 506 1
293 716 1
293 568 3
293 697 4
293 410 2
295 569 1
299 712 1
299 509 2
301 978 2
302 316 2
302 915 1
302 428 1
304 441 1
305 885 1
306 400 1
306 523 2
311 697 1
311 987 7
313 721 1
314 929 2
314 569 1
316 772 2
316 647 2
316 530 1
316 915 10
316 923 2
316 543 2
316 428 10
316 392 5
316 952 2
316 953 2
316 962 2
316 776 1
316 971 2
316 344 2
316 857 4
316 349 3
316 990 2
316 787 1
316 888 2
317 771 7
321 704 1
323 603 1
323 474 1
324 633 1
327 381 6
329 624 1
329 819 3
329 427 1
332 539 1
332 435 6
332 500 4
333 980 1
333 693 1
333 502 1
333 569 1
333 605 2
334 609 2
334 772 3
334 997 1
334 696 1
334 474 1
335 516 1
335 464 3
335 537 1
335 381 1
336 926 2
337 603 1
338 987 7
338 540 1
339 569 1
343 879 1
343 534 2
343 663 6
344 915 1
344 373 7
346 559 1
347 472 3
349 428 2
349 558 1
349 976 2
349 915 1
349 888 1
353 391 6
355 577 2
356 517 5
356 912 14
356 915 3
356 790 1
356 923 3
356 542 3
356 416 6
356 674 1
356 687 2
356 946 1
356 948 1
356 696 3
356 718 2
356 591 2
356 721 1
356 472 9
356 730 3
356 868 3
356 743 2
356 765 2
360 530 1
361 987 7
362 771 1
362 868 2
362 909 1
362 528 2
362 383 2
362 671 1
364 582 1
366 972 2
367 923 1
369 913 3
369 444 2
369 485 2
369 535 1
372 558 1
373 391 4
374 771 1
377 696 3
377 423 9
378 603 1
379 568 1
381 532 2
381 506 1
383 720 1
383 909 2
387 445 1
388 534 3
390 771 4
391 484 2
391 891 2
391 445 1
392 674 4
392 948 1
393 506 1
400 771 1
401 429 3
401 454 1
402 788 1
405 628 1
409 569 1
410 929 1
410 482 1
410 1001 1
410 650 1
410 767 1
410 994 1
410 433 1
410 777 1
410 696 4
410 924 1
410 541 1
410 837 1
415 997 1
415 940 1
415 429 1
415 978 2
416 962 1
416 868 1
416 425 3
416 912 2
416 948 1
416 854 2
416 765 1
418 506 4
418 996 15
418 977 4
420 559 1
421 424 3
421 978 1
421 795 2
422 731 8
423 977 2
423 849 1
424 978 1
424 795 3
424 990 1
425 912 2
425 946 4
425 472 1
428 647 1
428 971 1
428 915 9
428 953 1
428 952 1
428 857 4
428 543 1
428 990 1
429 454 4
432 433 1
432 987 7
433 696 1
433 987 14
433 540 2
435 500 3
438 819 20
438 627 4
439 912 3
439 472 1
439 885 1
440 737 1
440 506 2
443 771 1
443 775 1
443 530 1
443 915 3
443 662 4
443 920 1
450 609 1
450 712 2
450 530 1
450 915 4
450 662 1
450 920 1
450 595 1
454 772 2
458 499 1
458 684 1
465 962 1
465 812 1
466 947 1
469 978 3
470 569 1
471 811 1
471 997 1
472 912 7
473 506 1
474 939 1
474 951 2
476 923 1
480 506 1
480 987 10
482 531 1
482 987 7
499 684 1
499 607 1
500 814 4
500 687 1
502 951 3
502 978 2
502 669 3
502 976 6
502 696 2
502 693 1
502 599 1
502 569 1
502 605 2
502 862 1
502 607 1
505 603 1
506 643 1
506 644 3
506 903 1
506 779 1
506 657 1
506 921 1
506 924 6
506 808 1
506 839 1
506 777 1
506 828 1
506 702 1
506 866 1
506 982 1
506 856 1
506 605 1
506 737 1
506 738 2
506 745 1
506 764 1
509 603 1
512 978 1
513 542 1
514 603 1
517 962 2
517 803 2
517 586 1
517 674 1
517 915 1
517 948 1
517 565 2
517 854 1
517 952 2
517 602 1
517 765 1
517 542 2
526 530 4
526 629 1
527 710 8
528 685 1
528 783 1
530 656 1
530 920 2
530 658 1
530 915 7
530 662 3
530 542 2
530 685 1
530 838 4
530 851 1
530 857 1
530 731 1
530 988 2
530 630 3
530 891 10
531 987 7
532 1001 3
532 804 4
534 591 1
534 822 2
534 696 1
534 735 5
535 542 1
535 854 4
538 569 1
538 951 1
540 962 2
540 994 9
540 840 2
540 873 2
540 874 1
540 855 2
540 697 2
540 987 8
541 850 1
541 738 4
542 646 1
542 586 1
542 684 2
542 687 1
542 915 3
542 591 1
542 923 4
543 891 2
543 915 1
543 971 1
544 563 1
544 669 6
546 704 1
546 844 1
547 712 1
547 978 2
550 704 2
552 978 1
553 810 1
558 704 4
558 684 5
558 844 1
565 684 2
565 723 1
565 956 1
568 947 1
569 929 1
569 693 1
569 710 1
569 976 1
569 599 1
569 605 1
569 862 1
569 991 1
569 767 1
573 974 1
575 966 1
577 933 1
577 926 1
581 855 2
582 987 8
582 923 3
587 776 1
587 617 1
587 731 1
589 720 4
589 962 1
591 915 2
591 696 1
591 923 2
591 607 1
592 993 1
595 934 2
595 716 1
595 718 3
595 915 2
597 738 1
599 929 5
599 693 2
599 605 1
602 721 1
603 780 1
603 822 1
603 735 3
605 1001 2
605 685 5
605 789 3
605 951 1
605 670 1
607 696 29
607 687 1
609 772 3
609 923 3
611 644 1
614 978 1
614 772 7
617 811 2
624 764 1
628 870 2
630 920 1
630 891 1
633 962 1
633 997 1
633 923 1
641 987 7
644 1001 2
644 924 4
647 915 1
654 682 2
656 920 1
656 915 3
657 921 1
657 996 3
659 863 2
662 731 2
662 851 1
662 920 3
662 857 1
662 915 5
668 720 3
668 935 1
669 739 2
669 951 2
671 696 1
672 844 2
674 948 1
680 880 1
680 707 1
680 731 1
682 924 1
683 997 1
684 704 2
684 844 1
684 915 1
685 838 4
685 1001 3
686 926 1
687 776 1
687 915 2
687 923 2
696 834 1
696 742 3
696 775 1
696 915 3
696 851 3
697 771 2
697 873 2
697 855 4
697 925 2
698 987 7
700 812 1
702 924 1
703 771 4
706 951 2
707 923 1
710 929 3
714 890 2
715 926 2
716 718 1
718 923 2
718 754 2
718 951 2
718 883 4
718 915 1
719 738 1
720 935 5
720 746 3
720 813 5
721 743 2
721 790 1
730 912 5
730 868 2
731 792 1
731 915 4
731 739 1
731 920 1
737 849 1
738 783 1
738 951 1
738 921 2
738 923 1
740 788 1
742 771 1
742 915 1
742 951 1
745 828 1
746 813 3
746 935 1
751 948 1
752 772 1
752 997 1
762 984 3
764 874 1
764 987 7
765 790 2
765 868 3
767 929 2
771 993 1
771 901 2
771 784 1
771 835 1
771 863 2
772 883 1
772 915 2
772 951 2
772 857 2
772 923 2
772 862 1
772 997 1
774 947 99
779 843 1
779 883 1
783 850 1
789 987 7
790 881 2
790 812 1
790 912 1
790 868 5
795 978 1
796 987 7
803 948 1
809 987 7
809 951 1
810 881 1
817 978 1
832 976 1
833 997 1
838 857 1
840 874 1
840 987 7
849 987 7
850 881 1
851 978 5
851 915 4
851 920 1
857 915 7
857 951 2
857 920 1
862 909 1
868 974 3
868 912 2
872 987 7
873 874 1
873 987 7
874 925 3
875 923 1
880 923 2
880 997 1
883 951 2
888 990 1
890 962 4
890 923 6
890 997 1
912 984 3
912 915 1
912 949 4
912 923 4
915 923 5
915 952 3
915 953 1
915 971 2
915 988 4
915 990 1
915 920 5
920 978 1
920 988 1
923 951 2
924 996 3
924 1001 1
925 987 7
926 951 2
928 996 2
951 997 1
954 978 1
955 987 7
957 978 1
962 987 1
978 988 1
987 994 7
