0
1
2
3
4
5
6
7
8
9
10
11
12
13
14
15
16
17
18
19
20
21
22
23
24
25
26
27
28
29
30
31
32
33
34
35
36
37
38
39
40
41
42
43
44
45
46
47
48
49
50
51
52
53
54
55
56
57
58
59
60
61
62
63
64
65
66
67
68
69
70
71
72
73
74
75
76
77
78
79
80
81
82
83
84
85
86
87
88
89
90
91
92
93
94
95
96
97
98
99
100
101
102
103
104
105
106
107
108
109
110
111
112
113
114
115
116
117
118
119
120
121
122
123
124
125
126
127
128
129
130
131
132
133
134
135
136
137
138
139
141
142
143
144
145
146
147
148
149
150
151
152
153
154
155
157
158
159
160
161
162
163
164
165
166
167
168
169
170
171
172
173
174
175
176
177
178
179
180
181
182
183
184
185
186
187
188
189
190
191
192
193
194
195
196
197
198
199
200
201
202
203
204
205
206
207
208
209
210
211
212
213
214
215
216
217
218
219
220
221
222
223
224
225
226
227
228
229
230
231
232
233
235
236
237
238
239
240
241
242
243
244
245
246
247
248
249
250
251
252
253
254
255
256
257
259
260
262
263
264
265
266
267
268
269
270
271
272
273
274
275
276
277
278
279
280
281
282
283
284
285
286
287
288
289
290
291
292
293
294
295
296
297
299
300
301
302
303
304
305
306
307
308
309
310
311
312
313
314
315
316
317
318
319
320
321
322
323
324
325
326
327
328
329
330
331
332
333
334
335
336
337
338
339
340
341
343
344
345
346
347
348
349
350
351
352
353
355
356
357
358
359
360
361
362
364
365
366
367
368
369
370
371
372
373
374
375
376
377
378
379
380
381
382
383
384
385
386
387
388
389
390
391
392
393
394
395
396
397
398
399
400
401
402
403
404
405
406
407
408
409
410
411
412
413
414
415
416
418
419
420
421
422
423
424
425
426
427
428
429
430
431
432
433
434
435
436
437
438
439
440
441
442
443
444
445
446
447
448
449
450
451
452
453
454
455
456
457
458
459
460
461
462
464
465
466
467
468
469
470
471
472
473
474
475
476
477
478
479
480
481
482
483
484
485
486
487
488
489
490
491
492
493
495
496
497
498
499
500
501
502
503
504
505
506
507
508
509
510
511
512
513
514
515
516
517
518
519
520
521
522
523
524
525
526
527
528
530
531
532
533
534
535
536
537
538
539
540
541
542
543
544
545
546
547
548
549
550
551
552
553
554
556
557
558
559
560
561
562
563
564
565
566
567
568
569
570
571
572
573
574
575
576
577
578
579
580
581
582
583
584
585
586
587
588
589
590
591
592
593
594
595
596
597
598
599
600
601
602
603
604
605
606
607
609
610
611
612
613
614
615
616
617
618
619
621
622
623
624
625
626
627
628
629
630
631
632
633
634
635
636
637
638
639
640
641
642
643
644
645
646
647
648
649
650
651
652
653
654
655
656
657
658
659
660
661
662
663
664
665
666
667
668
669
670
671
672
673
674
675
676
677
678
679
680
681
682
683
684
685
686
687
688
689
690
691
692
693
694
695
696
697
698
699
700
701
702
703
704
705
706
707
708
709
710
711
712
713
714
715
716
717
718
719
720
721
722
723
724
725
726
727
728
729
730
731
732
733
734
735
736
737
738
739
740
741
742
743
744
745
746
747
748
749
750
751
752
753
754
756
757
758
759
760
761
762
763
764
765
767
768
769
770
771
772
773
774
775
776
777
778
779
780
781
782
783
784
785
786
787
788
789
790
791
792
793
794
795
796
797
798
799
800
801
802
803
804
805
806
807
808
809
810
811
812
813
814
815
816
817
818
819
820
821
822
823
824
825
826
827
828
829
830
831
832
833
834
835
836
837
838
839
840
841
842
843
844
845
846
847
848
849
850
851
852
853
854
855
856
857
858
859
860
861
862
863
864
865
866
867
868
869
870
871
872
873
874
875
876
877
878
879
880
881
882
883
884
885
886
887
888
889
890
891
892
893
894
895
896
897
898
899
900
901
902
903
904
905
906
907
908
909
910
911
912
913
914
915
916
917
918
919
920
921
922
923
924
925
926
927
928
929
930
931
932
933
934
935
936
937
938
939
940
941
942
943
944
945
946
947
948
949
950
951
952
953
954
955
956
957
958
960
961
962
963
964
965
966
967
968
969
970
971
972
973
974
975
976
977
978
979
980
981
982
983
984
985
986
987
988
989
990
991
992
993
994
995
996
997
998
999
1000
1001
1002
1003
1004
0 228 1
0 710 1
0 6 2
0 295 1
0 502 1
0 599 1
0 333 2
0 78 1
0 605 1
0 976 1
0 178 3
0 693 1
0 470 1
0 409 2
0 249 2
0 538 1
0 767 1
0 732 1
0 189 5
0 862 1
0 991 1
2 392 1
4 371 1
4 135 1
5 553 1
5 107 2
6 249 1
6 178 4
6 189 3
6 333 1
7 810 2
8 772 1
12 527 1
13 772 1
13 738 2
13 532 1
13 837 1
13 719 1
14 796 1
14 410 1
14 724 1
14 90 1
14 783 1
15 680 4
15 731 4
15 422 1
16 729 1
16 410 1
16 883 1
16 189 1
17 857 1
18 729 1
19 729 1
24 280 1
24 267 2
24 629 14
25 844 2
25 558 1
25 918 1
25 565 1
29 808 1
29 107 2
30 416 1
30 313 7
30 765 4
30 126 2
31 316 1
31 165 5
31 190 1
32 977 1
32 61 2
32 214 1
32 249 2
35 280 1
35 978 1
35 207 2
38 638 1
40 772 1
40 214 1
40 272 2
40 662 1
40 187 1
40 572 4
41 704 1
41 723 2
41 565 2
42 638 3
45 66 2
46 622 4
46 310 1
48 458 9
48 684 1
48 558 1
48 565 1
48 956 1
48 319 1
50 559 4
52 168 1
52 586 1
52 602 4
52 166 1
53 193 1
53 901 1
53 724 1
53 629 2
53 443 2
53 190 1
56 410 1
56 159 2
58 577 1
58 338 1
59 729 1
61 132 1
61 517 4
61 833 2
61 398 1
61 272 2
61 915 2
61 772 2
61 900 1
61 90 2
61 293 2
61 550 4
61 428 1
61 334 1
61 696 3
61 193 1
61 450 2
61 718 5
61 591 1
61 851 1
61 980 2
61 469 1
61 602 1
61 991 11
61 356 4
61 742 4
61 127 1
62 571 3
62 646 5
62 542 13
62 159 3
65 193 1
67 963 12
67 165 4
67 846 4
67 207 5
67 561 3
67 344 3
70 607 1
73 90 2
73 723 1
74 416 1
74 256 1
74 803 4
74 586 4
74 885 1
74 984 1
74 447 1
75 633 1
75 772 1
75 334 1
77 912 2
77 168 1
77 762 1
77 260 3
77 439 1
78 333 1
78 688 1
78 178 4
78 599 1
78 506 1
82 135 1
83 784 1
83 901 1
83 863 2
90 646 2
90 136 2
90 650 1
90 538 1
90 924 2
90 927 4
90 164 2
90 956 1
90 173 2
90 223 1
90 316 1
90 199 1
90 718 1
90 978 4
90 220 1
90 485 1
90 994 2
90 228 1
90 613 1
90 188 1
90 850 5
90 499 1
90 361 1
90 890 1
90 763 1
90 127 1
92 280 1
92 316 1
92 207 1
95 873 1
96 634 2
96 132 1
96 638 1
98 707 5
98 454 7
98 134 4
98 713 3
98 107 4
98 268 1
98 429 1
98 592 3
98 401 3
98 117 2
101 729 1
101 866 1
101 718 1
101 423 1
103 368 1
103 322 3
103 514 1
103 310 6
103 423 5
104 256 2
104 765 1
105 233 2
105 418 5
106 638 1
107 192 2
107 898 2
107 772 1
107 236 2
107 664 1
107 175 1
107 208 2
107 670 1
107 808 2
107 553 2
107 810 4
107 688 2
107 320 1
107 201 1
107 335 3
107 464 2
107 468 2
107 214 1
107 985 2
107 737 2
107 1004 2
107 118 2
107 980 1
107 381 2
110 112 1
110 674 1
110 803 1
110 166 1
111 794 1
112 416 1
112 674 2
112 803 2
112 517 1
112 392 1
112 267 3
112 168 2
112 573 1
113 337 2
113 542 1
113 927 1
114 1004 2
114 189 2
116 769 2
118 502 4
120 416 2
120 586 1
120 893 1
120 850 1
120 500 1
120 854 3
120 573 1
120 190 1
120 927 1
125 622 11
125 534 1
126 416 2
126 782 1
126 790 1
127 890 5
127 772 1
127 607 1
132 832 1
133 168 1
133 602 3
134 592 5
134 291 4
134 454 9
135 772 1
135 581 3
135 870 1
135 170 1
135 334 2
135 371 1
135 628 2
135 415 1
135 549 1
136 915 5
136 316 3
136 207 2
141 978 1
141 188 1
142 280 1
142 316 2
142 207 1
143 696 1
147 715 1
149 729 1
149 362 1
149 716 1
149 866 2
149 423 3
150 415 2
151 253 1
152 443 1
157 356 1
157 517 1
157 586 2
157 715 1
157 684 1
157 334 3
157 535 2
157 746 1
157 542 1
157 607 1
159 517 1
159 646 1
159 784 1
159 963 2
159 290 1
159 551 2
159 178 1
159 695 4
159 443 3
159 190 1
159 704 1
159 707 2
159 200 1
159 951 1
159 334 1
159 214 8
159 343 1
159 617 1
159 746 1
159 493 2
159 500 1
159 251 2
160 280 1
160 530 1
160 571 6
160 629 3
161 571 2
164 528 2
164 322 5
164 853 2
164 638 3
165 846 1
165 207 3
165 401 8
165 344 3
165 857 1
165 858 1
165 316 4
166 803 1
166 743 1
166 586 1
166 782 1
167 280 1
167 978 1
168 416 3
168 260 2
168 966 1
168 232 7
168 782 2
168 557 1
168 912 13
168 984 1
168 472 1
168 356 3
168 607 1
168 575 1
169 372 1
170 855 2
171 715 1
171 933 1
173 506 1
173 541 1
178 470 3
178 409 3
178 538 4
178 295 3
178 990 1
178 693 3
178 710 4
178 333 4
178 976 3
178 214 1
178 599 3
178 605 4
178 862 3
178 991 3
178 228 4
178 502 5
178 249 3
178 890 1
178 767 4
181 1004 1
181 190 3
184 754 1
184 843 2
186 256 2
186 648 1
186 267 2
186 517 2
187 568 2
188 978 1
188 421 2
189 1004 2
189 716 4
189 550 2
189 904 2
189 236 3
189 652 2
189 365 2
189 718 2
189 595 2
189 470 2
189 201 2
189 249 2
189 410 4
189 607 1
190 353 6
190 196 1
190 614 1
190 658 1
190 656 4
190 920 1
190 274 3
190 373 4
190 772 2
190 890 1
191 416 1
191 499 1
191 927 2
192 506 2
192 381 1
193 707 2
193 443 1
193 617 2
193 850 2
193 923 2
199 644 3
199 506 1
200 952 4
200 915 2
200 316 1
200 971 3
201 754 1
206 534 1
207 428 1
207 558 2
207 424 1
207 978 1
207 630 1
207 795 2
207 469 1
208 977 2
208 236 1
209 472 1
209 356 1
214 772 1
214 776 1
214 940 4
214 530 2
214 835 1
214 278 5
214 920 1
214 923 8
214 290 3
214 987 1
214 684 1
214 306 1
214 687 2
214 692 1
214 951 1
214 569 1
214 443 4
214 544 1
214 578 2
214 707 2
214 324 1
214 844 1
214 334 1
214 720 1
214 852 1
214 472 2
214 731 1
214 220 1
214 865 1
214 738 1
214 868 1
214 743 1
214 617 1
214 746 3
214 371 1
214 629 3
214 633 2
216 321 1
216 618 1
216 565 1
216 558 2
220 890 5
220 772 3
223 322 1
223 638 1
223 510 1
228 333 1
228 502 2
228 605 4
229 568 1
231 738 2
231 338 1
231 698 2
231 502 3
231 245 1
232 416 2
232 782 2
232 912 2
232 439 1
232 472 10
232 415 2
233 692 4
233 245 1
236 977 6
236 716 1
239 809 1
239 858 1
239 951 2
239 663 1
243 729 1
245 994 1
245 764 1
245 264 2
245 329 2
245 624 1
245 698 2
245 540 1
246 729 1
246 423 1
248 772 2
249 333 1
250 823 1
250 927 2
250 535 1
251 994 1
251 687 1
251 540 1
253 290 1
253 890 1
253 566 1
256 416 4
256 868 1
256 517 2
256 294 1
256 648 1
256 267 3
256 885 1
256 313 1
256 478 1
260 416 2
260 586 1
260 912 5
260 949 1
260 439 1
260 762 1
260 699 1
260 575 1
265 729 1
267 803 1
267 517 3
267 648 1
267 466 1
267 280 3
267 478 1
269 540 1
272 772 1
272 450 1
272 900 1
274 920 1
274 841 2
274 647 2
275 849 3
277 571 2
280 647 1
280 656 1
280 408 1
280 658 2
280 915 1
280 920 1
280 424 1
280 817 1
280 954 1
280 846 1
280 547 1
280 526 1
280 858 2
280 990 1
280 607 1
280 530 1
280 851 1
280 469 1
284 731 1
284 422 2
285 571 2
285 715 1
290 589 1
291 401 2
291 1003 1
291 454 8
293 729 1
293 724 1
293 630 1
294 416 2
294 803 1
294 586 4
294 334 3
294 885 1
294 313 1
294 447 1
301 978 6
301 647 2
302 316 1
302 428 3
303 368 1
305 912 1
305 425 2
306 531 1
306 742 4
310 368 1
310 322 1
310 638 1
311 697 2
311 955 4
312 333 1
313 416 2
316 344 1
316 647 1
316 392 3
316 971 2
316 428 1
316 915 1
316 953 1
316 952 1
316 857 2
316 543 1
316 990 1
317 374 4
318 684 1
318 934 3
319 386 1
319 558 1
319 918 1
319 565 1
321 684 1
322 343 7
322 638 1
324 832 1
324 586 2
324 591 1
324 534 2
324 362 1
324 638 2
327 381 4
329 819 2
330 701 2
332 435 1
332 500 2
332 782 3
332 575 2
333 502 1
333 710 1
333 599 1
333 569 1
333 693 1
333 470 1
333 409 1
333 538 1
333 605 1
333 862 1
333 767 1
334 900 1
334 517 3
334 775 1
334 776 1
334 915 1
334 534 1
334 535 3
334 542 1
334 416 1
334 684 1
334 692 2
334 443 1
334 450 1
334 835 1
334 586 2
334 607 4
334 356 1
334 742 2
334 502 1
337 505 1
337 695 2
337 780 1
338 641 2
338 994 1
338 540 3
343 368 1
343 638 1
343 950 1
344 952 3
344 971 1
347 966 2
347 715 1
347 933 2
347 590 1
349 838 2
353 891 3
356 416 2
356 517 2
356 743 2
356 586 1
356 765 2
356 912 2
356 557 1
356 535 1
356 472 11
360 530 2
360 629 1
361 987 1
362 428 1
362 383 1
368 950 1
372 404 1
377 866 3
377 422 1
377 423 2
377 457 1
377 586 4
377 718 1
377 630 2
377 729 1
378 514 1
379 568 1
380 712 1
381 506 1
383 528 1
383 922 1
383 909 1
383 589 2
388 772 1
388 509 1
388 879 1
392 674 3
393 843 6
394 571 4
397 671 1
397 975 1
398 712 1
401 454 15
401 429 5
401 415 5
402 559 3
404 506 1
409 506 1
410 650 1
410 719 1
410 977 2
410 663 3
413 746 5
413 927 4
413 935 17
415 462 1
415 692 1
415 607 2
416 517 1
416 912 3
416 772 2
416 927 2
416 687 1
416 949 1
416 586 2
416 472 2
416 743 1
416 573 2
416 752 1
416 500 1
416 890 2
418 996 4
418 977 6
421 424 4
421 978 1
421 647 3
422 680 4
422 731 4
423 866 3
423 644 2
423 1001 3
423 977 2
423 729 1
423 702 1
424 978 1
424 795 2
424 990 4
427 955 4
428 915 4
428 857 1
429 454 12
433 738 3
435 500 5
435 782 1
440 664 1
440 737 3
440 537 2
442 537 1
443 662 1
444 927 2
444 535 3
447 586 3
450 802 1
450 900 3
450 595 7
450 662 3
450 571 3
450 572 2
454 713 6
454 592 10
458 577 4
458 565 1
464 1004 1
465 812 1
469 978 1
472 743 3
472 782 4
472 912 4
472 765 1
478 517 1
481 565 1
482 990 1
485 646 1
485 542 2
485 927 1
491 506 1
493 530 2
493 561 1
493 978 3
493 629 2
493 891 1
497 977 1
499 752 2
499 684 2
499 558 1
500 515 1
500 586 5
500 814 1
502 591 1
502 693 1
502 607 1
502 605 2
502 511 1
506 644 3
506 745 1
506 688 1
506 951 1
506 772 1
506 599 1
506 702 1
509 634 2
509 638 1
510 638 1
512 978 1
513 927 1
513 535 1
514 832 2
514 780 1
514 950 1
514 638 1
515 586 1
515 927 2
516 532 1
516 804 1
517 803 1
517 743 1
517 648 1
517 535 1
517 772 3
522 729 1
526 772 2
526 629 1
528 609 1
530 891 10
530 630 1
530 746 1
530 629 4
530 571 8
531 607 1
532 790 2
534 939 1
534 772 1
534 571 1
534 638 1
534 607 1
535 586 1
535 684 1
535 722 1
535 823 1
535 607 1
535 542 1
535 927 7
540 987 4
540 840 1
540 873 1
540 633 3
540 890 2
540 955 1
540 698 2
541 738 2
542 772 2
542 646 2
542 746 1
542 571 1
543 952 3
543 971 1
544 772 2
547 978 2
547 851 2
550 743 4
552 978 1
552 858 1
552 951 1
557 912 1
558 672 1
558 565 1
558 956 1
559 622 14
561 846 3
561 629 1
565 672 1
565 684 1
565 956 1
565 926 1
571 900 6
571 742 8
571 870 2
571 935 2
571 776 5
571 684 3
571 910 1
571 885 1
571 663 3
573 586 2
573 885 1
575 782 2
577 715 1
581 855 1
582 764 1
584 731 1
586 782 1
586 772 1
586 687 1
586 854 2
586 984 5
586 868 1
586 752 2
586 885 1
586 759 1
586 762 1
590 715 1
591 915 1
591 692 1
591 607 2
592 713 2
592 923 1
592 927 3
594 1002 1
595 934 6
599 605 5
602 743 8
607 833 1
607 646 1
607 935 1
607 692 1
607 718 1
607 696 2
607 915 2
612 772 1
614 978 2
617 752 1
622 676 9
629 685 1
629 846 1
629 630 1
629 658 3
629 631 1
629 890 2
629 891 4
630 658 2
633 870 2
633 915 1
633 858 1
634 788 2
638 780 1
638 788 1
638 663 1
638 735 1
638 832 2
638 706 1
638 822 1
638 853 1
638 740 1
638 879 1
638 950 1
638 890 2
640 772 2
643 685 1
646 854 1
646 927 1
647 838 1
648 885 1
649 663 1
650 828 1
650 682 1
650 654 1
654 738 2
654 783 1
654 682 2
654 991 7
656 838 2
658 731 1
662 802 1
663 951 2
669 772 1
669 797 1
672 918 1
674 803 2
679 684 1
680 870 1
680 790 3
681 729 1
682 738 1
682 850 2
682 783 1
684 704 2
684 844 1
684 918 1
685 1001 2
685 724 2
692 742 2
692 746 11
692 830 3
692 955 6
692 798 3
697 855 3
697 925 3
698 840 2
698 873 2
698 764 2
700 890 1
701 842 1
707 880 1
707 951 2
708 729 1
708 866 1
711 729 1
715 931 1
715 933 1
715 972 1
715 748 1
715 926 1
716 866 2
716 718 2
716 724 2
716 729 1
718 866 1
718 843 1
718 729 1
719 738 1
720 890 1
722 927 2
723 758 1
724 729 1
729 916 1
729 777 1
729 866 1
737 849 1
738 837 1
738 783 1
738 761 1
738 923 3
742 771 2
742 900 2
742 746 2
742 784 1
746 935 13
746 923 2
758 844 1
758 956 1
761 790 2
762 794 2
765 908 6
765 912 1
769 771 1
771 798 1
771 863 1
772 912 1
772 915 2
772 920 2
772 927 2
772 969 1
772 850 1
772 980 1
773 955 4
774 947 28
779 843 1
783 837 1
784 863 3
784 798 1
790 812 5
794 841 1
795 978 2
807 951 1
817 978 1
843 907 2
843 883 2
844 918 2
844 935 2
844 956 1
851 978 1
854 918 1
854 890 1
854 927 1
857 915 3
858 991 2
885 984 1
890 997 1
898 980 1
912 949 1
915 971 1
915 953 1
918 956 1
921 1004 2
925 955 4
933 966 2
935 966 2
954 978 1
955 987 2
957 978 1
977 1004 3
977 1001 3
978 988 2
