0
1
2
3
4
5
6
7
8
9
10
11
12
13
14
15
16
17
18
19
20
21
22
23
24
25
26
27
28
29
30
31
32
33
34
35
36
37
38
39
40
41
42
43
44
45
46
47
48
49
50
51
52
53
54
55
56
57
58
59
60
61
62
63
64
65
66
67
68
69
70
71
72
73
74
75
76
77
78
79
80
81
82
83
84
85
86
87
88
89
90
91
92
93
94
95
96
97
98
99
100
101
102
103
104
105
106
107
108
109
110
111
112
113
114
115
116
117
118
119
120
121
122
123
124
125
126
127
128
129
130
131
132
133
134
135
136
137
138
139
141
142
143
144
145
146
147
148
149
150
151
152
153
154
155
157
158
159
160
161
162
163
164
165
166
167
168
169
170
171
172
173
174
175
176
177
178
179
180
181
182
183
184
185
186
187
188
189
190
191
192
193
194
195
196
197
198
199
200
201
202
203
204
205
206
207
208
209
210
211
212
213
214
215
216
217
218
219
220
221
222
223
224
225
226
227
228
229
230
231
232
233
235
236
237
238
239
240
241
242
243
244
245
246
247
248
249
250
251
252
253
254
255
256
257
259
260
262
263
264
265
266
267
268
269
270
271
272
273
274
275
276
277
278
279
280
281
282
283
284
285
286
287
288
289
290
291
292
293
294
295
296
297
299
300
301
302
303
304
305
306
307
308
309
310
311
312
313
314
315
316
317
318
319
320
321
322
323
324
325
326
327
328
329
330
331
332
333
334
335
336
337
338
339
340
341
343
344
345
346
347
348
349
350
351
352
353
355
356
357
358
359
360
361
362
364
365
366
367
368
369
370
371
372
373
374
375
376
377
378
379
380
381
382
383
384
385
386
387
388
389
390
391
392
393
394
395
396
397
398
399
400
401
402
403
404
405
406
407
408
409
410
411
412
413
414
415
416
418
419
420
421
422
423
424
425
426
427
428
429
430
431
432
433
434
435
436
437
438
439
440
441
442
443
444
445
446
447
448
449
450
451
452
453
454
455
456
457
458
459
460
461
462
464
465
466
467
468
469
470
471
472
473
474
475
476
477
478
479
480
481
482
483
484
485
486
487
488
489
490
491
492
493
495
496
497
498
499
500
501
502
503
504
505
506
507
508
509
510
511
512
513
514
515
516
517
518
519
520
521
522
523
524
525
526
527
528
530
531
532
533
534
535
536
537
538
539
540
541
542
543
544
545
546
547
548
549
550
551
552
553
554
556
557
558
559
560
561
562
563
564
565
566
567
568
569
570
571
572
573
574
575
576
577
578
579
580
581
582
583
584
585
586
587
588
589
590
591
592
593
594
595
596
597
598
599
600
601
602
603
604
605
606
607
609
610
611
612
613
614
615
616
617
618
619
621
622
623
624
625
626
627
628
629
630
631
632
633
634
635
636
637
638
639
640
641
642
643
644
645
646
647
648
649
650
651
652
653
654
655
656
657
658
659
660
661
662
663
664
665
666
667
668
669
670
671
672
673
674
675
676
677
678
679
680
681
682
683
684
685
686
687
688
689
690
691
692
693
694
695
696
697
698
699
700
701
702
703
704
705
706
707
708
709
710
711
712
713
714
715
716
717
718
719
720
721
722
723
724
725
726
727
728
729
730
731
732
733
734
735
736
737
738
739
740
741
742
743
744
745
746
747
748
749
750
751
752
753
754
756
757
758
759
760
761
762
763
764
765
767
768
769
770
771
772
773
774
775
776
777
778
779
780
781
782
783
784
785
786
787
788
789
790
791
792
793
794
795
796
797
798
799
800
801
802
803
804
805
806
807
808
809
810
811
812
813
814
815
816
817
818
819
820
821
822
823
824
825
826
827
828
829
830
831
832
833
834
835
836
837
838
839
840
841
842
843
844
845
846
847
848
849
850
851
852
853
854
855
856
857
858
859
860
861
862
863
864
865
866
867
868
869
870
871
872
873
874
875
876
877
878
879
880
881
882
883
884
885
886
887
888
889
890
891
892
893
894
895
896
897
898
899
900
901
902
903
904
905
906
907
908
909
910
911
912
913
914
915
916
917
918
919
920
921
922
923
924
925
926
927
928
929
930
931
932
933
934
935
936
937
938
939
940
941
942
943
944
945
946
947
948
949
950
951
952
953
954
955
956
957
958
960
961
962
963
964
965
966
967
968
969
970
971
972
973
974
975
976
977
978
979
980
981
982
983
984
985
986
987
988
989
990
991
992
993
994
995
996
997
998
999
1000
1001
1002
1003
1004
0 605 1
2 32 1
2 700 3
2 812 9
2 790 5
2 119 2
5 107 2
5 605 1
5 670 2
6 772 1
6 333 2
6 605 1
8 772 1
8 414 1
13 850 2
13 772 1
14 611 2
14 1001 14
14 783 1
14 506 3
14 924 2
14 702 1
15 680 1
15 731 12
15 422 1
16 843 1
16 423 1
17 428 1
17 915 4
17 316 2
17 857 1
21 353 1
21 782 1
24 229 1
24 750 1
24 530 5
24 629 2
24 630 2
24 280 2
24 891 11
25 48 2
25 684 1
25 386 1
25 844 1
28 987 1
29 808 1
29 107 1
29 670 1
30 730 1
30 313 1
30 946 6
30 416 1
30 765 1
31 316 2
31 915 1
31 428 1
31 165 6
32 718 1
32 178 1
32 53 1
32 214 5
32 791 1
32 90 1
32 923 1
32 189 2
35 978 1
35 469 1
38 90 6
38 939 1
38 70 1
38 534 3
38 309 1
40 802 1
40 772 1
40 712 3
40 75 2
40 749 2
40 367 1
40 272 2
40 53 1
40 662 1
40 568 1
41 1000 2
41 48 2
41 758 4
41 503 3
42 649 1
42 323 1
42 534 4
45 66 1
45 52 3
45 782 2
46 369 1
46 310 1
48 1000 4
48 458 3
48 684 1
48 558 3
48 723 2
48 216 3
48 956 2
48 319 2
50 559 3
52 66 4
52 356 1
52 232 4
52 912 1
52 168 1
52 948 2
52 439 2
52 472 4
52 868 2
52 602 3
52 765 3
52 126 1
53 321 1
53 738 1
53 193 3
53 687 1
53 274 1
53 120 2
53 443 1
56 994 1
56 987 1
60 568 1
60 187 1
61 388 2
61 517 1
61 742 1
61 169 1
61 716 1
61 718 4
61 591 1
61 530 3
61 502 3
61 90 2
62 800 1
62 163 3
62 646 2
62 113 1
62 500 1
62 542 2
64 534 2
65 772 1
65 687 4
65 220 2
65 367 1
66 966 1
66 782 4
67 963 7
67 165 4
68 987 1
70 832 2
70 299 2
70 324 1
70 534 1
70 919 1
70 943 1
70 309 2
70 310 2
70 601 2
70 376 2
70 772 1
70 367 1
71 595 8
72 443 3
72 772 2
72 662 3
74 166 15
74 294 10
74 104 17
74 586 6
74 974 5
74 112 1
74 948 5
74 885 4
74 984 3
74 573 1
75 772 1
75 870 1
75 940 1
75 334 4
75 272 2
75 306 3
75 147 1
75 662 2
75 248 1
75 443 2
75 220 5
77 912 1
77 425 1
77 266 1
78 605 1
78 502 1
83 784 1
83 152 1
83 697 1
84 534 2
88 106 1
88 950 1
90 771 1
90 133 5
90 518 1
90 648 7
90 173 1
90 784 3
90 147 7
90 923 1
90 813 3
90 948 13
90 953 2
90 190 1
90 721 6
90 850 1
90 602 6
90 866 1
90 233 3
90 746 1
90 765 2
92 915 1
92 316 5
92 349 3
95 329 1
95 987 1
95 239 4
98 707 3
98 454 2
98 134 3
98 713 3
98 107 3
98 268 3
98 401 4
98 117 3
98 278 3
99 178 4
101 246 4
102 534 2
104 168 1
104 425 10
104 885 1
104 294 2
105 374 6
106 534 3
107 192 1
107 898 1
107 899 2
107 772 2
107 393 2
107 138 1
107 652 1
107 643 1
107 532 1
107 664 1
107 537 1
107 670 2
107 289 1
107 808 1
107 553 1
107 810 1
107 175 1
107 688 1
107 320 6
107 327 1
107 201 1
107 1004 1
107 335 1
107 464 1
107 468 1
107 985 1
107 208 1
107 236 1
107 367 1
107 118 1
107 980 2
107 381 1
107 383 5
109 721 1
111 790 2
113 646 1
113 518 1
114 772 1
114 718 3
115 536 1
118 532 1
118 335 2
119 465 1
120 865 1
120 923 2
120 772 15
120 198 1
120 454 2
120 193 2
120 220 1
120 915 1
120 752 2
120 978 1
120 147 1
120 948 5
120 196 1
120 534 2
120 633 3
120 703 1
120 316 1
120 190 1
120 191 2
122 772 1
122 718 3
122 178 3
122 275 1
122 980 3
122 857 1
125 534 3
125 676 1
125 206 1
125 622 7
126 356 1
126 168 2
126 586 3
126 912 2
126 948 4
126 573 1
127 716 1
127 772 2
127 149 1
127 718 3
127 367 1
132 369 2
133 294 1
133 648 1
133 521 10
133 765 1
133 313 4
133 602 1
135 772 2
135 581 1
136 752 1
136 857 1
136 915 3
136 316 5
136 647 1
137 306 1
138 528 1
138 383 4
139 369 3
139 322 2
139 323 2
139 534 4
141 978 1
141 188 2
141 469 1
142 200 2
142 915 1
142 316 2
143 739 1
147 577 2
147 962 1
147 171 2
147 715 2
147 590 1
147 367 2
147 336 2
147 926 4
149 866 1
149 643 1
149 849 1
149 779 1
149 977 1
149 275 1
149 246 1
149 327 1
149 377 1
149 573 1
150 191 1
150 229 1
150 749 1
150 471 4
151 290 1
151 196 2
151 749 2
151 278 1
151 923 2
151 253 4
153 977 2
154 534 2
155 784 1
157 740 2
157 517 1
157 746 1
157 590 1
157 367 1
157 415 2
159 220 3
160 280 1
160 507 1
161 235 2
163 383 1
164 322 1
164 638 2
165 401 4
165 915 1
165 344 4
165 316 4
166 517 1
166 294 2
166 435 2
166 885 1
166 984 2
166 586 4
167 978 1
167 547 1
167 469 2
168 356 2
168 966 4
168 744 1
168 521 2
168 648 1
168 912 23
168 472 7
168 949 4
168 425 4
168 984 1
169 595 1
170 697 2
170 245 1
170 855 1
171 347 1
173 506 6
178 388 1
178 646 3
178 657 3
178 772 1
178 929 1
178 693 2
178 565 2
178 710 2
178 969 1
178 333 1
178 718 1
178 976 1
178 470 5
178 356 1
178 605 10
178 862 2
178 228 1
178 878 1
178 367 2
178 628 2
178 502 5
178 249 2
178 762 1
181 920 1
181 656 1
181 274 1
181 353 1
184 225 1
184 907 1
184 711 2
184 779 1
184 843 1
184 754 1
184 883 2
184 407 1
185 915 2
185 535 1
187 802 2
187 900 2
187 272 2
187 662 2
187 568 2
188 614 1
188 978 1
188 469 1
188 951 1
188 920 1
189 772 2
189 718 2
189 977 2
189 595 1
189 281 5
189 410 2
189 415 2
190 772 1
190 614 1
190 367 1
190 920 1
190 316 2
191 749 2
193 264 2
193 338 1
193 633 1
193 443 1
193 316 2
195 595 1
199 772 1
199 506 2
199 644 2
199 924 4
200 806 2
200 971 1
200 344 1
200 915 9
200 952 7
200 316 5
200 351 1
201 320 1
201 270 1
205 772 2
206 534 2
207 424 1
207 978 1
207 484 1
207 469 1
208 320 2
208 537 1
214 662 2
214 742 1
214 807 1
214 712 4
214 940 2
214 813 2
214 784 2
214 776 1
214 306 1
214 277 1
214 502 5
214 983 4
214 248 2
214 220 1
216 1000 1
216 558 2
216 319 1
218 948 1
220 772 2
220 749 1
220 334 3
220 367 1
223 415 1
224 316 2
224 915 1
224 428 1
225 883 1
228 464 2
228 605 2
228 502 6
229 891 1
229 293 2
229 421 1
231 840 1
231 873 3
231 874 3
231 245 4
231 987 1
231 540 4
231 415 2
232 744 1
232 425 13
232 648 1
232 946 4
232 790 1
232 472 5
233 835 1
233 692 2
233 245 1
233 367 1
235 923 2
235 772 1
236 320 3
236 537 3
239 706 1
239 251 2
239 948 1
241 469 1
245 736 1
245 581 1
245 264 2
245 873 1
245 874 3
245 624 1
245 329 1
245 764 1
245 987 1
245 540 5
246 572 1
246 423 4
247 534 2
248 772 4
248 530 1
248 915 1
248 415 1
249 491 1
249 643 4
249 605 1
249 470 1
250 332 1
250 948 6
251 987 1
253 454 2
256 721 1
256 294 1
260 425 2
266 912 6
266 425 1
266 949 4
266 439 4
267 517 1
267 648 1
267 586 5
267 751 1
267 392 1
267 435 7
267 984 2
267 891 2
267 478 1
270 381 1
272 900 2
272 742 3
272 568 1
272 772 1
273 951 13
274 951 2
275 857 1
275 369 5
278 712 2
278 415 1
280 610 6
280 547 1
280 772 1
280 902 3
280 846 3
280 687 1
280 561 1
280 658 1
280 739 4
280 629 1
280 631 1
280 281 4
280 526 1
280 891 1
281 905 1
281 772 4
281 718 1
283 772 2
284 680 3
284 731 6
284 422 2
288 391 1
289 810 1
290 321 2
292 772 1
293 568 1
293 697 4
293 772 1
293 718 1
294 974 4
294 814 1
294 573 1
294 885 5
294 759 2
294 984 4
294 586 7
299 624 1
300 784 1
301 978 1
301 469 1
302 915 1
302 316 2
306 742 2
306 362 1
306 784 1
306 570 1
306 703 1
309 534 3
310 322 1
310 415 2
311 987 1
313 912 4
313 721 1
313 946 11
313 948 1
313 730 13
316 772 2
316 647 2
316 915 18
316 543 3
316 806 2
316 428 4
316 952 2
316 953 2
316 971 2
316 344 2
316 857 3
316 349 2
316 990 2
316 351 2
316 617 1
316 367 2
316 888 2
318 332 2
318 844 2
318 684 2
319 458 2
319 684 2
319 386 1
320 1004 1
320 411 1
321 499 1
321 684 2
322 534 3
322 343 1
323 622 1
323 369 3
323 534 4
323 951 1
324 367 1
327 414 1
329 338 2
329 540 2
332 435 4
332 782 1
333 470 1
333 749 1
333 502 1
333 605 2
333 767 8
334 415 1
334 923 1
334 367 1
335 643 2
335 772 1
335 810 1
335 670 2
337 904 1
337 505 1
337 663 2
338 624 3
338 849 2
338 987 1
338 540 3
340 772 1
343 399 1
343 534 6
343 663 2
344 915 1
344 373 4
346 634 2
349 915 1
349 428 1
351 952 2
351 428 1
353 391 1
356 602 3
356 517 3
356 586 1
356 912 4
356 721 1
356 472 1
356 730 3
356 765 2
360 902 1
360 526 1
361 987 1
362 802 1
362 771 1
362 716 1
362 974 1
362 565 1
362 918 1
362 664 1
364 582 1
365 866 5
367 776 1
367 684 1
367 534 1
367 927 1
367 544 1
367 940 2
367 557 1
367 435 1
367 569 1
367 963 1
367 720 1
367 978 1
367 472 1
367 987 1
367 865 1
367 997 2
367 850 1
367 499 2
367 629 2
367 502 1
367 946 1
369 832 2
369 513 1
369 936 1
369 823 1
373 391 1
374 742 2
376 832 1
377 718 3
377 423 3
379 568 1
381 532 3
381 670 2
383 873 1
383 586 3
384 790 1
387 730 2
388 772 1
388 534 4
390 784 9
391 484 1
391 750 2
393 754 1
397 671 1
397 975 1
401 429 2
401 454 5
401 415 2
402 634 1
402 788 3
404 595 1
407 883 1
409 605 1
410 650 1
410 663 4
414 891 12
414 772 1
415 517 2
415 783 1
415 535 1
415 923 1
415 542 1
415 687 1
415 692 1
415 670 1
415 450 2
415 718 3
415 591 1
415 851 2
415 742 1
415 617 1
416 946 1
416 803 1
416 948 2
416 790 3
418 977 12
418 996 6
421 978 1
421 469 1
422 731 1
423 832 3
423 718 1
424 978 1
424 795 1
424 469 1
425 772 4
425 912 4
425 946 1
425 948 9
425 949 3
425 790 4
425 439 1
425 765 2
427 955 1
428 522 2
428 888 1
428 915 9
428 511 1
428 952 4
428 857 1
433 994 1
433 987 3
433 796 2
433 789 1
435 772 2
435 586 7
435 948 5
435 885 2
435 696 1
435 500 1
435 573 1
439 912 4
439 949 6
439 730 1
443 662 4
450 712 5
450 530 1
450 915 1
450 900 2
451 469 1
454 1003 4
454 948 2
458 1000 2
458 684 1
458 790 1
458 956 2
460 638 1
460 534 2
469 547 1
469 614 1
469 817 1
469 978 2
469 954 1
469 795 1
469 957 1
470 789 3
470 569 2
470 605 1
470 693 2
471 811 1
472 912 5
472 949 1
474 534 3
477 534 2
480 987 1
482 987 1
483 687 1
489 534 2
499 844 2
499 684 5
502 605 2
502 724 1
502 718 1
502 506 1
503 1000 1
506 996 1
506 1001 14
506 1004 4
506 724 1
506 644 1
506 924 1
506 541 1
506 670 1
509 638 1
510 534 3
512 978 1
514 780 1
514 950 1
517 674 2
517 586 1
517 948 2
517 565 1
517 854 1
517 772 2
517 602 1
517 765 1
517 542 1
518 799 3
518 772 1
518 895 3
521 912 1
526 772 1
526 902 3
527 720 1
527 710 3
530 772 3
530 586 1
530 915 2
530 891 6
531 987 1
532 1001 3
534 649 4
534 906 2
534 788 3
534 919 2
534 772 2
534 879 2
534 676 2
534 939 3
534 562 2
534 822 1
534 591 4
534 601 2
534 740 2
534 622 2
534 893 2
534 638 1
538 605 1
540 736 1
540 641 11
540 994 2
540 955 1
540 873 6
540 874 3
540 697 2
540 987 1
542 722 1
542 772 2
543 915 1
543 654 1
544 772 1
546 738 2
547 978 1
547 851 1
547 988 1
550 629 1
551 895 1
551 823 2
552 978 1
553 772 1
553 670 1
556 912 1
558 1000 1
559 622 3
561 629 2
565 772 1
565 715 1
565 684 1
568 947 1
568 662 2
569 605 1
573 586 2
573 885 1
575 966 1
580 669 1
580 686 3
581 855 5
581 942 5
582 994 1
582 987 1
584 731 3
586 772 4
586 617 2
586 974 9
586 696 1
586 885 7
586 984 9
586 762 1
586 915 1
587 833 1
587 789 2
590 772 2
591 712 2
591 915 2
591 724 1
595 772 1
595 934 1
595 716 1
595 718 6
595 790 1
595 696 1
595 923 3
595 700 1
597 843 1
598 946 1
599 605 1
602 648 6
602 721 3
605 670 3
605 685 2
605 693 3
605 710 1
605 976 1
605 862 1
605 1001 1
605 767 1
614 978 1
617 776 1
617 987 1
622 676 3
622 634 3
624 840 4
624 789 3
624 696 1
629 772 1
630 978 2
630 772 1
633 890 1
633 707 1
634 788 2
638 790 2
640 772 2
641 987 2
641 955 1
643 685 1
644 783 1
647 915 1
648 765 6
648 721 11
654 738 1
654 991 3
654 682 1
654 783 1
656 772 2
657 772 1
658 891 1
663 950 1
668 746 2
668 813 1
668 935 4
669 772 2
670 688 2
670 980 2
671 772 1
676 730 2
676 751 1
679 684 1
682 772 1
684 704 1
684 746 1
684 844 1
684 718 2
684 918 1
685 1001 1
687 712 1
687 915 1
687 724 1
697 771 1
697 873 1
697 855 11
697 925 3
698 987 1
699 912 1
700 812 2
700 782 1
700 790 2
703 784 1
703 951 1
706 939 1
706 951 1
715 926 2
716 866 4
716 772 1
716 718 3
716 790 2
718 904 2
718 915 9
718 841 2
718 969 1
718 724 2
718 866 3
718 742 2
718 754 2
718 883 1
720 863 2
720 746 1
720 935 1
721 743 1
721 765 5
723 1000 2
723 758 2
724 772 1
724 1004 5
730 751 2
730 912 8
730 946 1
731 890 2
738 837 1
738 745 2
738 783 1
738 923 2
740 788 3
740 879 1
742 772 1
744 912 2
746 935 10
746 813 10
748 926 2
752 776 3
754 843 1
754 883 2
758 844 1
758 918 2
762 912 1
763 772 1
764 874 3
764 987 1
765 772 1
772 898 1
772 912 4
772 784 2
772 787 3
772 931 1
772 807 1
772 948 2
772 915 2
772 920 2
772 834 1
772 969 2
772 970 1
772 850 2
772 987 2
772 881 1
772 883 1
772 980 1
772 890 1
779 843 1
779 883 1
782 790 8
789 951 2
789 987 1
790 868 2
790 812 6
790 948 1
795 978 4
796 987 3
799 895 1
803 948 3
804 881 1
808 899 1
809 987 2
811 833 1
813 935 3
813 912 4
817 978 1
823 890 3
823 895 1
838 857 1
840 994 1
840 987 1
840 874 3
840 955 1
841 909 1
843 883 2
849 987 1
851 978 4
857 915 8
872 987 2
873 874 3
873 987 1
880 946 1
883 907 2
883 919 1
885 974 7
885 984 1
890 962 1
890 923 3
891 995 1
912 946 2
912 949 1
912 948 1
912 984 2
915 923 1
915 952 3
915 971 1
915 953 1
915 990 1
920 978 1
925 951 1
939 951 1
951 978 1
954 978 1
955 987 2
957 978 1
969 977 2
974 984 1
977 1004 8
978 988 1
987 994 3
