0
1
2
3
4
5
6
7
8
9
10
11
12
13
14
15
16
17
18
19
20
21
22
23
24
25
26
27
28
29
30
31
32
33
34
35
36
37
38
39
40
41
42
43
44
45
46
47
48
49
50
51
52
53
54
55
56
57
58
59
60
61
62
63
64
65
66
67
68
69
70
71
72
73
74
75
76
77
78
79
80
81
82
83
84
85
86
87
88
89
90
91
92
93
94
95
96
97
98
99
100
101
102
103
104
105
106
107
108
109
110
111
112
113
114
115
116
117
118
119
120
121
122
123
124
125
126
127
128
129
130
131
132
133
134
135
136
137
138
139
141
142
143
144
145
146
147
148
149
150
151
152
153
154
155
157
158
159
160
161
162
163
164
165
166
167
168
169
170
171
172
173
174
175
176
177
178
179
180
181
182
183
184
185
186
187
188
189
190
191
192
193
194
195
196
197
198
199
200
201
202
203
204
205
206
207
208
209
210
211
212
213
214
215
216
217
218
219
220
221
222
223
224
225
226
227
228
229
230
231
232
233
235
236
237
238
239
240
241
242
243
244
245
246
247
248
249
250
251
252
253
254
255
256
257
259
260
262
263
264
265
266
267
268
269
270
271
272
273
274
275
276
277
278
279
280
281
282
283
284
285
286
287
288
289
290
291
292
293
294
295
296
297
299
300
301
302
303
304
305
306
307
308
309
310
311
312
313
314
315
316
317
318
319
320
321
322
323
324
325
326
327
328
329
330
331
332
333
334
335
336
337
338
339
340
341
343
344
345
346
347
348
349
350
351
352
353
355
356
357
358
359
360
361
362
364
365
366
367
368
369
370
371
372
373
374
375
376
377
378
379
380
381
382
383
384
385
386
387
388
389
390
391
392
393
394
395
396
397
398
399
400
401
402
403
404
405
406
407
408
409
410
411
412
413
414
415
416
418
419
420
421
422
423
424
425
426
427
428
429
430
431
432
433
434
435
436
437
438
439
440
441
442
443
444
445
446
447
448
449
450
451
452
453
454
455
456
457
458
459
460
461
462
464
465
466
467
468
469
470
471
472
473
474
475
476
477
478
479
480
481
482
483
484
485
486
487
488
489
490
491
492
493
495
496
497
498
499
500
501
502
503
504
505
506
507
508
509
510
511
512
513
514
515
516
517
518
519
520
521
522
523
524
525
526
527
528
530
531
532
533
534
535
536
537
538
539
540
541
542
543
544
545
546
547
548
549
550
551
552
553
554
556
557
558
559
560
561
562
563
564
565
566
567
568
569
570
571
572
573
574
575
576
577
578
579
580
581
582
583
584
585
586
587
588
589
590
591
592
593
594
595
596
597
598
599
600
601
602
603
604
605
606
607
609
610
611
612
613
614
615
616
617
618
619
621
622
623
624
625
626
627
628
629
630
631
632
633
634
635
636
637
638
639
640
641
642
643
644
645
646
647
648
649
650
651
652
653
654
655
656
657
658
659
660
661
662
663
664
665
666
667
668
669
670
671
672
673
674
675
676
677
678
679
680
681
682
683
684
685
686
687
688
689
690
691
692
693
694
695
696
697
698
699
700
701
702
703
704
705
706
707
708
709
710
711
712
713
714
715
716
717
718
719
720
721
722
723
724
725
726
727
728
729
730
731
732
733
734
735
736
737
738
739
740
741
742
743
744
745
746
747
748
749
750
751
752
753
754
756
757
758
759
760
761
762
763
764
765
767
768
769
770
771
772
773
774
775
776
777
778
779
780
781
782
783
784
785
786
787
788
789
790
791
792
793
794
795
796
797
798
799
800
801
802
803
804
805
806
807
808
809
810
811
812
813
814
815
816
817
818
819
820
821
822
823
824
825
826
827
828
829
830
831
832
833
834
835
836
837
838
839
840
841
842
843
844
845
846
847
848
849
850
851
852
853
854
855
856
857
858
859
860
861
862
863
864
865
866
867
868
869
870
871
872
873
874
875
876
877
878
879
880
881
882
883
884
885
886
887
888
889
890
891
892
893
894
895
896
897
898
899
900
901
902
903
904
905
906
907
908
909
910
911
912
913
914
915
916
917
918
919
920
921
922
923
924
925
926
927
928
929
930
931
932
933
934
935
936
937
938
939
940
941
942
943
944
945
946
947
948
949
950
951
952
953
954
955
956
957
958
960
961
962
963
964
965
966
967
968
969
970
971
972
973
974
975
976
977
978
979
980
981
982
983
984
985
986
987
988
989
990
991
992
993
994
995
996
997
998
999
1000
1001
1002
1003
1004
0 6 2
0 519 1
0 409 2
0 538 2
0 929 2
0 178 4
0 693 2
0 314 2
0 710 2
0 333 2
0 78 2
0 976 2
0 470 2
0 599 2
0 732 1
0 605 2
0 862 2
0 991 1
0 99 2
0 228 2
0 236 1
0 502 2
0 249 2
0 767 2
2 322 1
2 868 1
2 551 2
2 977 1
2 52 3
2 790 2
2 984 1
2 889 1
2 700 2
4 135 1
5 921 1
5 491 2
5 732 1
5 189 3
5 335 1
6 178 2
7 810 1
8 544 2
8 90 1
13 881 1
13 506 1
13 516 1
13 738 3
14 738 2
14 996 1
14 783 1
14 881 1
14 506 1
14 381 1
14 410 1
15 680 5
15 738 1
15 731 7
15 837 1
15 422 6
16 410 1
16 102 4
17 428 1
17 316 1
19 718 2
24 267 2
24 530 1
24 629 4
24 630 3
24 280 4
24 31 2
25 48 1
28 987 5
29 808 2
29 898 1
29 381 2
29 670 1
30 168 1
30 868 1
30 356 3
31 165 13
31 92 1
31 428 2
31 915 2
31 316 1
31 990 1
32 197 2
32 718 2
32 977 1
32 791 8
32 280 1
32 921 1
32 862 1
35 280 1
35 978 1
35 469 1
38 832 2
38 586 5
38 324 1
38 474 2
38 502 2
39 120 1
40 802 2
40 198 1
40 712 2
40 362 1
40 450 2
40 662 3
40 187 4
40 572 2
41 73 1
41 758 1
45 66 1
48 704 1
48 458 2
48 684 2
48 558 1
48 499 3
48 758 1
48 216 1
48 956 2
48 319 1
50 559 1
52 232 2
52 313 2
52 868 3
52 112 1
53 120 2
53 940 1
53 316 1
53 193 1
56 482 4
56 987 5
58 769 1
58 909 5
60 187 1
61 388 1
61 517 5
61 135 2
61 782 6
61 915 4
61 280 2
61 166 1
61 692 4
61 696 4
61 450 3
61 718 26
61 591 2
61 851 1
61 334 3
61 214 2
61 472 1
61 89 5
61 605 2
61 607 6
61 356 7
61 742 4
61 502 10
62 800 1
62 542 1
62 646 4
62 823 1
64 139 1
66 227 1
67 963 13
67 165 7
67 190 1
68 987 5
68 189 2
69 879 1
70 90 1
70 310 2
70 534 1
71 595 1
73 499 1
73 758 2
73 723 1
74 112 1
74 294 7
74 166 3
74 232 1
74 586 1
74 782 1
74 912 1
74 168 1
74 885 1
74 214 2
74 984 1
74 447 1
75 120 4
75 948 2
75 772 5
75 190 1
75 334 2
76 410 1
78 929 1
78 178 1
78 99 1
82 700 1
82 135 2
83 307 1
83 771 1
83 742 2
83 863 1
86 443 1
86 742 2
90 534 1
90 541 1
90 416 2
90 547 1
90 170 1
90 178 1
90 948 2
90 692 1
90 316 1
90 191 1
90 720 1
90 978 1
90 343 1
90 220 5
90 356 3
90 233 2
90 746 2
90 107 1
90 850 1
90 885 2
90 120 1
90 506 1
91 120 1
91 499 1
92 428 2
92 316 2
95 987 5
96 832 1
96 388 1
96 299 1
96 420 1
98 592 1
98 401 15
98 707 3
98 429 3
99 929 2
99 569 1
99 228 1
99 502 2
99 710 1
99 599 2
99 333 1
99 605 1
99 976 1
99 178 5
99 693 1
99 470 1
99 409 1
99 249 1
99 314 3
99 538 1
99 862 1
99 767 1
101 996 1
101 423 4
102 139 1
103 832 1
103 977 3
103 423 2
103 663 1
104 472 3
104 721 1
104 885 2
104 765 5
104 425 33
105 418 4
106 740 1
107 192 1
107 201 1
107 810 4
107 236 2
107 718 4
107 980 1
107 537 1
107 381 1
107 415 2
111 586 1
112 674 1
112 517 2
112 267 7
112 782 4
112 369 1
112 948 1
112 888 1
112 730 2
112 700 1
113 250 2
113 823 1
114 738 1
114 837 1
114 718 1
118 732 1
118 502 1
119 700 1
120 257 1
120 875 1
120 772 9
120 193 2
120 290 1
120 909 2
120 143 1
120 528 1
120 151 1
120 923 4
120 415 1
120 752 1
120 546 1
120 198 1
120 935 1
120 948 4
120 566 10
120 190 1
120 833 1
120 707 3
120 196 3
120 454 1
120 589 1
120 462 1
120 334 1
120 471 1
120 476 2
120 609 6
120 587 1
120 739 1
120 362 1
120 235 1
120 880 2
120 633 2
120 890 1
120 253 1
120 383 1
122 738 1
122 410 1
122 915 2
122 428 2
122 837 1
123 180 1
124 823 1
125 139 1
126 356 1
126 166 6
126 294 3
126 168 2
126 586 4
126 782 2
126 912 3
126 790 1
126 889 1
127 779 3
127 423 3
127 843 2
127 718 3
127 595 1
127 246 5
127 184 4
127 281 2
127 415 6
133 602 1
134 592 1
134 844 1
135 769 2
135 581 7
135 870 2
135 746 1
135 170 2
135 337 4
135 371 2
135 692 5
135 405 7
135 742 2
135 628 2
135 923 1
136 200 1
136 428 1
136 316 1
139 323 1
139 676 1
139 487 1
139 939 1
139 206 1
139 622 1
139 534 1
139 601 1
139 154 1
139 477 1
139 510 1
141 978 1
141 188 1
141 421 2
142 188 1
142 428 4
142 207 3
142 274 1
142 915 3
142 280 1
142 316 2
142 543 1
143 580 1
143 410 2
143 796 1
143 544 2
147 416 2
147 577 4
147 931 2
147 933 2
147 230 2
147 171 2
147 972 2
147 590 2
147 355 2
147 277 2
147 214 3
147 347 2
147 715 1
147 285 2
147 926 2
147 686 2
149 372 1
149 716 5
151 253 2
152 443 1
152 742 2
153 977 2
153 410 1
153 483 2
153 229 1
157 577 1
157 586 1
157 277 2
157 854 1
157 517 1
159 290 2
159 742 1
159 746 1
159 951 1
159 920 1
159 316 1
160 280 2
160 915 1
160 629 4
160 630 1
164 420 1
164 310 1
164 638 3
165 428 2
165 207 1
165 401 17
165 344 4
165 857 1
165 316 8
166 356 3
166 517 1
166 743 1
166 168 2
166 586 10
166 782 1
166 912 1
166 854 1
166 759 1
166 573 2
166 447 1
167 280 2
167 585 2
167 978 1
167 469 3
168 260 3
168 266 31
168 782 1
168 912 19
168 790 9
168 416 1
168 425 8
168 948 5
168 949 32
168 439 1
168 586 14
168 447 2
168 966 2
168 214 1
168 472 22
168 730 1
168 356 18
168 232 9
168 362 6
168 575 1
168 765 1
169 595 2
169 372 1
170 855 1
170 231 3
171 347 1
171 933 1
173 657 1
173 506 1
173 996 1
173 738 2
175 737 1
175 423 6
175 849 3
175 275 3
175 246 2
175 410 1
178 915 1
178 409 1
178 538 1
178 415 1
178 929 2
178 295 1
178 692 1
178 693 1
178 569 1
178 314 3
178 700 2
178 710 1
178 333 2
178 718 2
178 976 6
178 978 2
178 339 1
178 470 1
178 599 1
178 605 9
178 862 2
178 991 1
178 482 1
178 228 1
178 502 15
178 249 1
178 381 3
178 767 1
180 897 2
181 920 1
181 724 1
181 189 1
181 190 4
184 832 1
184 779 1
184 843 2
184 754 1
184 883 1
184 410 1
185 684 1
186 267 2
187 802 1
188 614 1
188 978 3
188 469 1
188 502 1
188 280 1
189 772 2
189 517 3
189 783 2
189 921 1
189 410 2
189 670 2
189 690 2
189 440 2
189 442 2
189 201 2
189 718 4
189 977 1
189 595 1
189 862 1
189 742 1
189 362 1
189 364 2
189 502 4
189 506 3
189 381 2
190 353 6
190 614 1
190 334 2
190 656 5
190 274 4
190 629 5
190 373 5
191 416 1
191 692 7
192 506 1
192 381 4
193 546 1
193 707 2
193 712 2
193 500 3
193 662 2
193 923 2
195 595 4
195 916 1
196 731 1
196 413 1
197 746 1
197 923 1
197 586 1
199 738 2
199 996 4
199 1001 1
199 644 2
199 506 2
199 541 2
200 971 3
200 428 1
200 915 4
200 952 2
200 316 1
207 424 1
207 978 1
207 469 4
207 630 2
207 795 2
207 373 1
208 977 1
208 335 1
209 356 2
214 416 1
214 290 6
214 707 2
214 502 1
214 742 1
214 746 2
214 428 2
214 334 2
214 687 1
214 912 5
214 531 2
214 278 1
214 951 3
214 923 2
214 316 3
214 765 2
216 321 2
216 458 1
216 956 1
216 618 1
223 746 1
225 883 2
225 779 1
226 440 2
228 929 1
228 693 3
228 502 2
228 605 1
229 742 6
229 523 2
229 241 1
229 307 1
229 790 1
229 607 3
231 923 1
231 329 1
231 245 1
231 987 5
231 874 1
231 830 4
231 607 2
232 356 1
232 425 1
232 912 1
232 305 1
232 946 2
232 948 1
232 949 6
232 313 3
232 472 8
233 692 5
233 746 1
235 923 1
236 537 18
239 577 3
239 538 1
239 502 2
239 742 3
239 951 2
240 586 2
241 280 1
241 469 1
245 840 1
245 329 1
245 874 1
245 692 1
245 987 5
245 764 5
246 779 1
246 423 4
249 929 1
249 693 1
249 410 2
250 513 2
250 770 2
250 886 1
250 646 2
250 551 2
250 535 2
250 332 1
250 369 4
250 722 4
250 854 2
250 823 3
250 607 3
250 444 3
250 542 3
250 485 2
251 928 3
251 410 1
251 987 5
251 482 1
251 383 2
253 290 3
253 566 3
255 577 1
256 416 1
256 313 1
256 267 1
256 356 1
256 294 2
260 266 2
262 810 1
264 329 1
264 581 1
266 912 2
266 949 4
266 790 3
266 439 1
267 674 1
267 517 3
267 648 1
267 392 3
267 435 2
267 948 1
267 662 5
267 478 3
270 738 2
272 754 2
272 595 5
272 662 1
272 383 1
273 951 2
275 849 4
277 314 1
277 285 1
278 923 4
280 772 1
280 647 1
280 656 3
280 920 1
280 530 2
280 915 2
280 281 5
280 547 1
280 421 1
280 422 1
280 685 1
280 561 2
280 658 2
280 953 1
280 526 2
280 445 1
280 502 1
280 718 1
280 288 1
280 851 1
280 846 2
280 990 1
280 293 1
280 484 1
280 614 1
280 360 2
280 493 1
280 629 15
280 630 2
280 631 2
280 891 1
284 731 2
284 422 5
284 951 1
288 484 16
288 773 15
288 838 1
288 391 10
288 493 18
288 846 18
288 561 18
288 629 21
288 630 2
288 445 9
289 506 1
289 899 1
290 589 1
291 401 15
291 429 3
291 454 1
293 362 1
293 862 5
294 416 3
294 573 1
294 885 6
294 759 3
294 984 1
294 313 5
294 586 4
294 447 2
299 832 1
299 388 1
299 939 4
299 622 1
299 951 1
301 978 1
301 469 1
302 428 3
304 441 1
305 425 1
305 946 1
306 771 3
306 742 2
306 784 1
306 307 2
306 951 1
306 863 2
306 383 2
307 835 1
307 659 1
307 901 1
307 863 2
308 418 1
310 586 4
310 534 2
310 343 1
311 987 5
311 955 1
313 416 1
313 356 12
313 472 6
313 765 2
314 929 2
314 710 1
314 538 4
316 647 1
316 915 11
316 428 10
316 952 1
316 953 1
316 543 1
316 838 1
316 971 1
316 344 1
316 857 4
316 349 2
316 990 1
316 483 1
316 629 2
318 499 1
318 790 2
318 934 1
319 672 1
320 843 1
321 499 6
321 844 1
321 565 1
322 334 1
322 591 1
322 343 5
322 634 2
322 735 1
324 586 4
326 586 3
327 849 2
327 738 2
327 381 2
327 414 3
329 443 1
332 416 1
332 586 2
332 782 6
332 435 1
332 500 25
332 573 2
332 542 2
333 929 1
333 693 1
333 502 3
333 767 2
334 388 1
334 776 1
334 502 1
334 718 2
334 687 1
334 692 1
334 534 5
334 772 2
334 638 4
334 607 2
335 643 1
335 737 1
335 553 1
335 810 1
335 468 1
335 1004 1
335 528 1
335 700 1
335 464 1
335 664 2
335 537 1
335 980 4
335 381 1
335 670 1
337 505 1
337 534 2
338 987 5
343 534 2
343 399 3
343 950 1
343 663 1
344 428 1
347 577 1
347 933 2
349 976 14
349 428 3
349 915 2
353 920 2
353 891 1
356 517 3
356 912 8
356 721 3
356 730 4
356 416 7
356 602 5
356 946 2
356 948 6
356 447 1
356 586 6
356 718 2
356 854 1
356 472 21
356 868 9
356 743 5
356 765 11
356 383 1
360 526 1
360 629 3
360 630 1
361 987 5
362 993 1
362 647 1
362 909 3
362 464 1
362 952 2
362 528 2
362 383 2
364 506 1
364 692 1
369 823 1
369 535 4
372 404 1
372 934 1
377 423 2
379 568 3
380 440 1
381 532 3
381 921 1
381 506 1
381 980 2
381 670 1
383 528 2
383 720 4
383 531 5
383 887 1
383 586 4
388 832 1
388 502 1
388 951 1
388 638 2
392 948 1
393 907 1
394 823 1
399 474 1
400 742 2
401 454 16
401 429 20
401 415 16
404 934 1
409 929 1
410 777 1
410 650 1
410 924 1
410 541 1
410 433 1
410 837 1
410 994 1
410 719 1
410 977 10
410 482 1
410 1001 1
415 544 1
415 833 3
415 587 1
415 429 6
415 946 1
416 782 10
416 912 3
416 472 1
416 425 2
416 946 2
416 435 1
416 948 9
416 707 3
416 586 4
416 984 1
416 868 1
416 885 1
416 633 2
416 447 3
416 765 1
418 996 30
418 977 15
420 559 1
421 424 2
421 978 1
421 469 1
421 795 3
422 680 2
422 527 1
422 731 3
423 832 1
423 996 4
423 710 3
423 849 1
423 779 5
423 780 3
423 630 2
423 977 4
424 978 1
424 469 1
424 795 2
424 989 1
425 912 3
425 946 5
425 948 5
425 949 2
425 472 1
425 765 2
428 647 1
428 971 1
428 915 9
428 953 1
428 952 5
428 857 7
428 543 1
428 990 1
429 454 6
432 987 5
433 994 3
433 987 6
433 482 1
433 789 1
435 586 1
435 782 3
435 500 9
437 738 2
439 912 3
440 537 8
440 737 2
443 742 2
443 721 1
443 692 2
443 662 7
444 535 2
444 823 1
447 586 7
447 557 1
447 912 1
447 762 1
450 802 2
450 712 1
450 595 4
450 923 2
450 572 1
454 609 4
454 772 3
454 592 2
458 577 1
458 844 1
458 558 1
458 499 1
458 956 2
462 517 1
464 502 2
465 499 2
465 812 1
469 512 2
469 547 1
469 614 1
469 817 1
469 978 1
469 851 1
469 954 1
469 795 1
469 957 1
471 483 2
472 782 2
472 912 7
472 949 3
473 650 1
474 939 3
479 837 2
480 506 1
480 987 5
482 641 1
482 809 1
482 531 2
482 987 5
482 606 4
485 646 2
485 823 4
491 731 1
493 561 1
493 978 2
493 629 4
493 630 2
499 844 1
499 684 5
499 558 2
499 565 3
499 890 1
499 956 1
499 607 1
500 550 1
500 814 4
500 782 3
500 575 1
502 915 4
502 534 1
502 538 2
502 923 2
502 929 1
502 693 2
502 710 1
502 718 5
502 591 1
502 976 2
502 851 2
502 605 1
502 862 1
506 738 3
506 996 1
506 745 1
506 783 2
506 881 1
506 1001 1
506 576 1
506 921 1
506 923 1
506 828 1
509 939 1
511 849 1
512 978 1
512 979 1
513 823 1
514 832 1
514 977 4
514 780 1
514 582 1
514 950 2
516 738 2
516 532 5
516 790 2
516 743 2
517 718 1
517 674 2
517 803 1
517 586 2
517 814 1
517 765 1
517 948 1
517 565 1
517 854 2
517 602 4
517 542 2
526 629 4
526 630 1
528 589 2
528 922 2
530 746 1
530 915 1
530 629 4
530 630 1
531 987 5
532 761 1
532 738 2
534 939 1
534 951 1
534 862 4
534 607 1
535 823 1
538 929 1
540 840 1
540 994 11
540 874 1
540 987 5
540 955 3
541 738 2
541 1001 2
541 923 1
541 924 2
542 646 1
542 586 1
542 854 1
542 823 3
542 765 1
543 951 3
544 563 2
544 669 2
546 614 4
546 746 1
546 595 2
546 662 1
547 614 3
547 978 2
547 862 4
550 920 1
550 595 1
550 662 1
551 823 1
552 978 1
556 823 1
558 704 2
558 684 2
558 565 2
558 956 2
561 630 1
561 629 4
565 586 1
565 844 6
565 723 3
565 854 1
566 772 1
568 947 4
572 802 1
572 862 2
573 586 2
575 912 2
575 782 1
576 738 2
577 926 1
580 791 1
581 742 3
582 832 1
582 987 7
582 994 3
586 782 2
586 912 2
586 674 1
586 854 2
586 868 2
586 602 3
586 743 2
586 617 1
586 762 5
586 765 3
590 933 1
591 746 1
591 718 1
591 607 1
592 609 4
592 713 1
592 948 1
595 752 3
595 718 1
595 923 3
599 929 1
599 872 2
599 693 1
602 868 1
602 743 1
602 721 1
602 854 1
602 765 1
603 780 1
605 929 1
605 685 1
605 718 2
605 693 3
605 862 2
607 782 3
607 746 1
607 687 2
607 692 1
607 718 7
607 724 1
609 772 2
609 951 2
614 772 2
614 978 1
614 862 1
614 629 1
622 939 1
624 692 4
626 863 1
629 658 4
629 685 4
629 846 3
629 630 6
629 631 3
629 891 4
630 685 1
630 846 1
630 658 1
630 631 1
630 891 1
633 707 2
634 832 2
638 832 2
638 700 3
641 738 1
641 987 5
641 837 1
643 657 2
643 685 1
644 738 2
644 924 6
646 823 1
650 738 2
650 686 2
654 738 2
656 920 1
657 738 2
659 742 2
659 863 1
662 833 1
662 900 3
663 951 1
668 746 8
668 935 1
672 946 1
672 844 3
674 948 1
674 854 1
679 956 1
680 731 4
680 707 2
682 738 2
684 704 1
684 844 2
685 1001 1
686 872 1
687 776 2
687 746 2
687 718 2
687 923 2
692 769 1
692 742 3
692 703 1
692 746 5
692 775 1
692 718 1
692 935 3
692 696 2
692 830 1
693 929 1
693 862 1
697 855 1
698 738 1
698 987 5
698 837 1
700 782 1
700 881 1
700 790 1
702 738 2
702 850 1
703 771 1
704 844 1
704 743 2
706 951 1
707 880 4
707 951 5
707 923 3
710 929 1
710 832 1
710 779 1
710 737 2
711 779 1
716 718 12
718 915 3
718 843 4
718 724 7
718 866 2
718 883 9
718 980 1
719 738 5
720 935 4
720 746 3
721 743 1
721 765 6
722 823 1
724 1004 3
724 978 1
724 883 5
724 921 2
730 912 3
730 868 4
735 822 1
738 783 5
738 921 2
738 923 5
738 924 2
738 945 2
738 828 3
738 837 6
738 850 2
738 979 2
738 916 1
738 996 2
738 745 4
738 881 2
738 1001 2
738 761 2
740 788 1
740 879 1
742 769 2
742 900 1
742 901 2
742 879 1
742 935 1
742 835 2
742 863 2
742 993 2
742 765 9
742 784 2
743 765 3
746 935 24
746 915 1
748 926 1
754 779 1
758 844 2
764 840 1
764 874 1
764 987 5
765 912 1
765 936 1
765 946 1
765 854 1
765 868 6
767 929 1
769 771 2
769 863 1
771 835 3
771 870 1
771 863 2
772 923 3
772 862 1
774 947 181
779 843 1
779 907 1
779 849 1
779 883 2
780 832 1
780 977 4
780 950 1
782 912 2
782 790 3
782 984 1
783 837 1
783 921 1
789 987 5
790 837 1
790 868 3
795 978 3
803 948 2
809 987 5
810 881 4
817 978 1
821 823 1
823 854 1
823 927 1
832 950 1
837 916 1
840 874 1
840 987 5
843 883 1
849 987 5
850 924 2
851 978 1
851 920 1
854 948 2
855 951 2
857 915 1
857 951 5
862 929 1
862 909 7
863 993 1
868 912 1
872 987 5
873 874 1
873 987 5
880 951 1
883 915 1
887 909 1
898 951 1
912 949 12
915 971 1
915 923 1
921 1004 5
921 923 2
925 987 5
925 955 1
925 951 1
933 966 1
939 951 4
950 977 4
954 978 1
955 987 6
957 978 1
969 977 1
977 1004 2
977 1001 5
978 988 2
987 994 5
