0
1
2
3
4
5
6
7
8
9
10
11
12
13
14
15
16
17
18
19
20
21
22
23
24
25
26
27
28
29
30
31
32
33
34
35
36
37
38
39
40
41
42
43
44
45
46
47
48
49
50
51
52
53
54
55
56
57
58
59
60
61
62
63
64
65
66
67
68
69
70
71
72
73
74
75
76
77
78
79
80
81
82
83
84
85
86
87
88
89
90
91
92
93
94
95
96
97
98
99
100
101
102
103
104
105
106
107
108
109
110
111
112
113
114
115
116
117
118
119
120
121
122
123
124
125
126
127
128
129
130
131
132
133
134
135
136
137
138
139
141
142
143
144
145
146
147
148
149
150
151
152
153
154
155
157
158
159
160
161
162
163
164
165
166
167
168
169
170
171
172
173
174
175
176
177
178
179
180
181
182
183
184
185
186
187
188
189
190
191
192
193
194
195
196
197
198
199
200
201
202
203
204
205
206
207
208
209
210
211
212
213
214
215
216
217
218
219
220
221
222
223
224
225
226
227
228
229
230
231
232
233
235
236
237
238
239
240
241
242
243
244
245
246
247
248
249
250
251
252
253
254
255
256
257
259
260
262
263
264
265
266
267
268
269
270
271
272
273
274
275
276
277
278
279
280
281
282
283
284
285
286
287
288
289
290
291
292
293
294
295
296
297
299
300
301
302
303
304
305
306
307
308
309
310
311
312
313
314
315
316
317
318
319
320
321
322
323
324
325
326
327
328
329
330
331
332
333
334
335
336
337
338
339
340
341
343
344
345
346
347
348
349
350
351
352
353
355
356
357
358
359
360
361
362
364
365
366
367
368
369
370
371
372
373
374
375
376
377
378
379
380
381
382
383
384
385
386
387
388
389
390
391
392
393
394
395
396
397
398
399
400
401
402
403
404
405
406
407
408
409
410
411
412
413
414
415
416
418
419
420
421
422
423
424
425
426
427
428
429
430
431
432
433
434
435
436
437
438
439
440
441
442
443
444
445
446
447
448
449
450
451
452
453
454
455
456
457
458
459
460
461
462
464
465
466
467
468
469
470
471
472
473
474
475
476
477
478
479
480
481
482
483
484
485
486
487
488
489
490
491
492
493
495
496
497
498
499
500
501
502
503
504
505
506
507
508
509
510
511
512
513
514
515
516
517
518
519
520
521
522
523
524
525
526
527
528
530
531
532
533
534
535
536
537
538
539
540
541
542
543
544
545
546
547
548
549
550
551
552
553
554
556
557
558
559
560
561
562
563
564
565
566
567
568
569
570
571
572
573
574
575
576
577
578
579
580
581
582
583
584
585
586
587
588
589
590
591
592
593
594
595
596
597
598
599
600
601
602
603
604
605
606
607
609
610
611
612
613
614
615
616
617
618
619
621
622
623
624
625
626
627
628
629
630
631
632
633
634
635
636
637
638
639
640
641
642
643
644
645
646
647
648
649
650
651
652
653
654
655
656
657
658
659
660
661
662
663
664
665
666
667
668
669
670
671
672
673
674
675
676
677
678
679
680
681
682
683
684
685
686
687
688
689
690
691
692
693
694
695
696
697
698
699
700
701
702
703
704
705
706
707
708
709
710
711
712
713
714
715
716
717
718
719
720
721
722
723
724
725
726
727
728
729
730
731
732
733
734
735
736
737
738
739
740
741
742
743
744
745
746
747
748
749
750
751
752
753
754
756
757
758
759
760
761
762
763
764
765
767
768
769
770
771
772
773
774
775
776
777
778
779
780
781
782
783
784
785
786
787
788
789
790
791
792
793
794
795
796
797
798
799
800
801
802
803
804
805
806
807
808
809
810
811
812
813
814
815
816
817
818
819
820
821
822
823
824
825
826
827
828
829
830
831
832
833
834
835
836
837
838
839
840
841
842
843
844
845
846
847
848
849
850
851
852
853
854
855
856
857
858
859
860
861
862
863
864
865
866
867
868
869
870
871
872
873
874
875
876
877
878
879
880
881
882
883
884
885
886
887
888
889
890
891
892
893
894
895
896
897
898
899
900
901
902
903
904
905
906
907
908
909
910
911
912
913
914
915
916
917
918
919
920
921
922
923
924
925
926
927
928
929
930
931
932
933
934
935
936
937
938
939
940
941
942
943
944
945
946
947
948
949
950
951
952
953
954
955
956
957
958
960
961
962
963
964
965
966
967
968
969
970
971
972
973
974
975
976
977
978
979
980
981
982
983
984
985
986
987
988
989
990
991
992
993
994
995
996
997
998
999
1000
1001
1002
1003
1004
0 178 3
0 732 1
0 470 3
2 32 2
2 812 1
2 484 2
5 491 1
5 107 3
5 1004 1
5 175 2
5 464 1
5 980 1
5 118 1
5 335 1
6 178 2
7 810 1
8 544 2
13 516 2
14 611 4
14 644 2
14 1001 1
14 173 2
14 506 2
14 924 12
15 680 2
16 777 2
16 754 1
16 843 1
24 160 1
24 35 1
24 200 1
24 428 1
24 750 4
24 530 4
24 629 2
24 280 4
24 953 2
24 891 11
24 31 1
28 987 4
29 506 1
29 899 1
30 946 1
30 356 4
31 428 2
31 165 5
32 189 3
32 214 2
32 791 1
32 921 1
32 923 2
32 669 1
40 802 1
40 712 2
40 662 2
40 568 1
40 187 1
40 572 1
41 723 1
41 503 7
42 509 1
43 232 1
45 52 1
45 126 1
45 782 1
46 310 1
50 559 2
52 66 2
52 356 8
52 168 1
52 782 1
52 232 1
52 790 2
52 868 2
52 765 1
53 193 1
53 609 1
53 951 1
53 687 1
53 662 1
53 311 1
53 633 1
53 923 1
56 987 4
61 388 1
61 517 2
61 135 1
61 393 1
61 915 2
61 900 1
61 602 1
61 550 1
61 692 3
61 450 2
61 718 7
61 591 1
61 851 1
61 334 1
61 90 2
61 991 1
61 739 1
61 356 1
61 166 2
61 742 3
61 502 1
61 891 2
62 163 1
62 518 3
62 646 3
62 113 3
62 500 1
62 120 1
62 485 2
65 75 1
65 687 1
65 772 2
65 151 1
66 782 3
66 126 2
67 963 9
67 165 5
67 391 4
67 846 4
67 207 3
67 344 4
68 987 4
70 752 1
70 120 1
70 84 1
70 534 5
70 399 2
71 595 7
73 704 1
74 586 3
74 885 1
74 294 4
74 743 1
75 692 3
75 772 1
75 749 4
77 260 1
77 168 8
77 521 2
77 912 2
77 232 1
77 90 1
78 289 5
78 178 3
78 693 1
78 599 1
82 870 1
84 638 1
84 534 1
84 310 2
88 906 2
90 136 3
90 267 2
90 912 1
90 915 1
90 923 2
90 292 1
90 423 1
90 168 2
90 813 1
90 948 2
90 952 2
90 443 1
90 316 3
90 854 2
90 866 3
90 356 1
90 101 1
90 742 3
90 361 2
90 883 2
90 890 1
95 987 4
96 832 1
98 707 4
98 454 1
98 134 3
98 713 3
98 107 3
98 268 3
98 429 3
98 401 1
98 117 3
98 278 3
99 929 1
99 178 4
99 862 4
101 377 1
101 246 2
101 423 1
104 133 1
104 294 1
104 168 1
104 425 9
104 946 2
104 948 2
104 790 3
105 418 3
105 374 5
106 788 1
106 638 2
107 810 2
107 335 1
107 464 1
107 664 1
107 367 2
107 383 1
111 946 1
111 294 1
112 1000 1
112 313 2
112 730 1
112 267 4
112 356 1
118 502 1
118 365 2
118 670 1
118 335 2
119 812 1
120 772 2
120 518 3
120 530 1
120 534 2
120 280 2
120 542 1
120 160 2
120 547 2
120 178 3
120 566 2
120 823 3
120 188 5
120 189 2
120 191 1
120 200 3
120 586 1
120 857 1
120 614 1
120 752 1
120 629 3
122 977 2
122 428 6
126 168 1
126 984 6
126 869 1
127 281 1
127 423 1
132 832 1
132 337 3
133 168 1
133 648 1
133 948 2
133 602 2
133 765 5
136 200 2
136 857 1
136 316 1
138 383 6
141 241 1
141 383 1
143 544 2
143 658 1
147 577 1
147 355 1
147 933 1
147 715 1
147 972 1
147 171 1
147 748 1
147 590 1
147 277 2
147 347 1
147 285 1
147 926 1
147 686 1
148 486 1
149 372 3
150 499 1
150 471 1
151 923 3
151 253 1
153 977 4
153 410 4
153 969 2
157 577 1
157 931 1
157 933 1
157 171 2
157 590 2
157 277 2
157 248 1
157 347 1
157 285 1
157 926 3
160 550 1
160 658 1
160 629 2
160 507 1
160 280 1
163 383 1
163 895 4
165 344 3
165 401 3
165 316 2
166 586 1
166 435 1
167 229 4
167 552 1
167 207 3
167 978 1
167 851 2
167 630 1
167 957 1
168 744 1
168 260 11
168 521 7
168 266 1
168 912 42
168 472 34
168 425 7
168 557 1
168 949 5
168 439 9
168 948 6
168 966 3
168 332 1
168 589 1
168 984 1
168 356 10
168 868 2
168 232 7
169 595 1
169 372 4
175 849 4
175 275 9
175 335 3
178 409 2
178 538 2
178 415 1
178 929 4
178 546 2
178 295 2
178 693 4
178 569 2
178 314 2
178 710 2
178 333 2
178 976 2
178 339 2
178 718 1
178 470 6
178 599 3
178 605 9
178 862 7
178 991 2
178 228 2
178 367 1
178 502 2
178 249 2
178 767 2
181 724 1
181 189 1
181 190 3
184 883 5
185 199 1
185 535 1
187 900 1
187 272 1
187 662 3
187 695 1
187 572 1
188 978 1
189 491 1
189 749 2
189 718 4
189 977 2
189 883 1
189 692 1
189 249 1
189 410 3
189 923 2
190 353 3
190 486 2
190 656 3
190 274 3
190 373 3
191 749 1
193 290 3
193 581 1
193 687 2
193 499 1
193 948 2
193 633 1
197 923 2
199 738 3
199 924 4
199 996 2
200 344 1
200 806 2
200 971 4
200 428 3
200 952 2
200 530 1
200 915 1
200 469 1
200 857 4
200 351 2
201 843 1
207 484 3
207 424 5
207 373 1
207 630 1
207 795 3
208 236 1
214 290 1
214 742 1
214 712 2
214 334 1
214 367 1
214 595 1
214 923 1
214 316 1
214 765 1
216 321 2
216 458 4
216 318 1
220 749 2
220 367 1
223 415 3
225 883 1
226 506 1
228 693 1
229 692 4
229 851 1
229 356 1
229 749 1
231 994 2
231 764 1
231 840 1
231 873 2
231 874 2
231 738 1
231 624 1
231 264 2
231 245 1
231 233 1
231 987 7
231 540 6
231 830 1
232 425 3
232 946 2
232 790 2
232 472 4
233 835 2
233 935 8
233 692 12
233 245 1
233 540 1
236 320 1
236 1004 1
239 538 1
239 706 1
245 764 1
245 840 2
245 329 2
245 874 2
245 624 1
245 264 2
245 987 4
245 540 6
246 423 2
248 740 1
248 749 1
248 530 1
248 506 3
248 891 2
249 929 1
249 643 1
249 783 1
249 470 1
250 518 1
250 886 2
250 782 2
250 749 2
251 987 4
256 294 2
260 266 1
260 439 1
262 810 1
264 540 1
266 912 3
266 439 3
267 517 1
267 936 1
267 586 3
267 435 2
267 948 5
267 790 2
268 633 2
270 381 3
272 450 2
272 662 2
272 742 1
273 306 3
273 951 6
274 951 5
275 849 8
275 423 1
275 1004 2
275 710 1
277 772 1
277 931 2
278 454 1
278 712 1
278 290 1
278 866 2
278 687 1
278 923 1
280 610 2
280 484 4
280 902 3
280 526 1
280 629 5
284 584 1
284 731 1
288 629 2
288 630 1
288 391 4
289 810 2
289 899 1
290 866 2
290 617 2
290 923 1
293 697 1
293 546 1
293 724 3
294 586 5
294 885 3
294 790 1
294 984 3
294 313 3
294 762 1
294 447 1
299 832 2
299 388 1
299 788 1
299 624 2
300 601 1
304 441 2
304 317 1
306 790 2
306 742 4
310 343 4
311 994 1
311 987 4
311 955 2
313 356 11
313 425 1
313 912 4
313 946 10
313 598 5
313 730 2
314 929 5
314 693 1
316 962 2
316 630 3
316 428 7
316 367 1
316 915 2
316 857 2
316 952 4
316 953 2
317 441 1
318 704 1
318 332 1
320 1004 2
321 704 1
321 458 1
321 684 2
321 618 3
322 591 1
322 534 4
322 663 1
324 585 2
324 367 1
324 534 4
324 601 1
324 591 1
324 638 2
327 414 4
329 448 1
329 587 2
329 749 1
329 624 1
329 819 1
329 343 1
329 890 1
329 540 3
332 586 2
332 782 1
332 435 1
332 500 4
332 558 1
332 854 1
333 605 2
333 767 2
334 423 2
334 749 1
334 367 1
334 692 4
335 810 1
335 1004 1
335 528 1
335 980 1
335 670 1
337 505 1
337 510 1
337 919 3
338 987 4
338 540 1
338 951 1
343 950 4
343 399 1
343 853 2
343 534 2
343 663 2
344 373 3
344 971 1
346 832 1
347 355 1
347 933 4
347 790 7
349 976 1
349 428 1
351 952 1
351 428 1
353 391 5
356 425 9
356 912 13
356 744 1
356 530 2
356 367 1
356 472 5
356 730 2
356 948 6
356 765 3
356 517 1
360 891 1
360 629 2
360 902 1
361 987 4
365 866 2
367 517 1
367 518 1
367 776 1
367 940 2
367 530 1
367 835 1
367 920 1
367 836 1
367 923 1
367 542 1
367 927 1
367 544 1
367 731 2
367 425 1
367 684 1
367 946 1
367 435 1
367 692 1
367 569 1
367 948 2
367 963 1
367 586 1
367 844 1
367 720 1
367 852 1
367 987 3
367 865 1
367 738 1
367 743 1
367 371 1
367 629 1
369 832 1
369 913 2
369 518 1
369 646 1
369 535 1
372 404 3
372 934 2
373 391 3
376 832 1
377 423 1
378 514 2
381 506 1
381 670 1
383 528 1
383 909 1
383 720 3
383 850 3
383 500 6
383 918 1
383 887 4
383 586 3
387 730 1
387 851 1
387 676 1
388 832 1
388 634 1
388 509 1
390 784 7
390 742 3
391 610 4
391 484 4
391 750 2
393 843 2
397 891 3
401 683 1
401 415 3
401 429 6
402 788 2
405 581 1
407 843 2
410 923 1
414 563 1
414 891 21
414 445 1
415 833 3
415 617 1
415 811 3
415 429 5
415 718 5
415 660 1
418 996 21
420 879 3
421 795 2
422 680 1
422 731 5
423 718 2
424 795 2
425 521 2
425 912 10
425 648 3
425 948 2
425 790 4
427 955 1
428 522 2
428 915 3
428 888 1
428 857 1
429 454 7
433 738 1
433 987 5
433 789 3
435 586 2
435 782 3
435 948 1
435 885 1
439 912 6
439 521 1
443 742 1
450 802 1
450 900 2
450 712 2
450 662 1
450 572 1
458 758 1
464 980 1
468 643 1
469 512 2
470 789 18
470 693 1
472 966 1
472 743 3
472 912 12
472 949 4
480 506 1
480 987 4
482 987 4
484 629 2
484 630 1
485 895 1
491 977 3
493 629 2
499 704 2
499 684 1
499 679 1
500 814 2
500 782 2
502 749 1
502 718 1
502 693 1
503 723 2
506 644 2
506 1001 2
506 1004 1
506 921 3
506 923 1
506 924 1
509 832 1
513 646 1
514 832 2
514 1001 2
514 780 2
514 977 3
514 950 2
516 850 2
517 803 3
517 586 2
517 813 1
518 609 2
518 962 1
518 646 2
518 854 2
518 535 1
518 895 9
526 561 1
526 546 4
526 629 2
526 902 3
527 720 1
528 585 1
528 687 1
530 658 1
530 629 6
530 891 5
531 987 7
534 546 1
534 550 1
534 622 1
534 591 1
534 692 2
534 638 1
535 913 2
540 641 1
540 994 3
540 955 8
540 840 3
540 873 3
540 874 2
540 624 4
540 692 1
540 987 7
540 830 2
541 738 1
542 546 1
542 646 1
543 891 1
543 971 1
544 739 1
544 669 2
545 946 17
546 738 2
546 684 1
546 843 1
546 844 1
546 784 1
546 590 1
546 764 1
546 629 2
551 895 4
561 629 2
565 684 2
565 679 1
566 772 2
568 802 1
568 660 1
568 695 1
572 802 1
573 586 2
575 966 2
580 669 3
580 686 1
581 703 1
581 855 1
582 987 4
585 909 1
586 974 3
586 751 1
586 912 1
586 782 4
586 885 4
586 984 6
586 602 1
586 730 1
587 784 6
587 617 2
589 909 1
591 692 3
591 638 1
595 790 1
595 718 2
599 693 1
601 638 1
602 648 4
602 721 3
602 765 1
605 1001 1
605 693 1
607 687 1
609 909 2
611 921 1
611 924 7
611 644 1
614 772 2
614 629 1
617 923 3
624 840 1
624 789 2
628 870 1
629 750 2
629 658 2
629 685 3
629 846 2
629 630 4
629 631 2
629 891 4
630 978 2
634 832 2
638 832 1
638 700 4
641 987 4
641 955 1
644 783 1
648 721 15
648 765 2
657 921 3
659 784 1
660 951 2
662 900 2
662 782 1
668 720 1
668 813 1
671 749 1
679 684 2
680 707 2
680 731 1
684 704 1
685 1001 1
686 926 1
687 923 5
692 995 1
692 742 4
692 873 2
692 749 8
692 718 5
692 915 1
693 862 6
696 935 1
697 855 3
698 987 5
700 988 1
700 790 1
703 784 1
704 765 2
706 951 1
707 880 1
707 951 1
710 832 3
715 926 1
716 866 1
718 742 1
718 754 2
718 752 2
718 724 1
719 738 1
719 828 1
719 837 2
720 935 4
720 813 3
721 948 1
721 765 2
724 883 1
724 1004 1
730 912 2
730 854 1
730 868 1
738 761 1
739 750 2
742 784 1
742 835 1
742 749 1
744 912 1
744 946 2
745 828 1
746 813 3
746 782 1
749 865 1
749 834 1
749 835 1
749 997 1
749 775 1
749 854 3
751 854 1
752 948 1
752 997 1
754 843 1
754 883 1
758 1000 2
759 974 1
762 984 1
764 840 1
764 874 2
764 987 4
765 868 1
765 948 1
772 912 1
775 891 2
779 843 2
779 883 1
780 977 1
782 806 1
782 838 1
782 790 6
782 857 1
782 984 1
782 988 1
782 890 1
783 850 1
788 906 1
789 849 4
789 951 1
789 987 4
790 881 2
795 978 2
796 987 4
799 895 2
806 952 1
806 838 1
809 987 6
810 881 1
813 996 1
813 935 1
823 895 2
832 977 1
840 873 3
840 874 2
840 987 4
840 925 1
843 883 3
844 918 1
849 987 4
850 924 7
850 979 1
851 978 5
858 991 1
868 984 1
872 987 4
873 874 2
873 987 4
873 925 1
874 925 1
878 929 1
885 962 1
885 974 1
890 923 3
890 962 2
891 995 4
912 984 3
912 948 4
912 949 3
920 978 1
923 979 1
925 955 1
949 966 2
950 977 1
955 987 7
969 977 1
977 1004 2
987 994 4
