0
1
2
3
4
5
6
7
8
9
10
11
12
13
14
15
16
17
18
19
20
21
22
23
24
25
26
27
28
29
30
31
32
33
34
35
36
37
38
39
40
41
42
43
44
45
46
47
48
49
50
51
52
53
54
55
56
57
58
59
60
61
62
63
64
65
66
67
68
69
70
71
72
73
74
75
76
77
78
79
80
81
82
83
84
85
86
87
88
89
90
91
92
93
94
95
96
97
98
99
100
101
102
103
104
105
106
107
108
109
110
111
112
113
114
115
116
117
118
119
120
121
122
123
124
125
126
127
128
129
130
131
132
133
134
135
136
137
138
139
141
142
143
144
145
146
147
148
149
150
151
152
153
154
155
157
158
159
160
161
162
163
164
165
166
167
168
169
170
171
172
173
174
175
176
177
178
179
180
181
182
183
184
185
186
187
188
189
190
191
192
193
194
195
196
197
198
199
200
201
202
203
204
205
206
207
208
209
210
211
212
213
214
215
216
217
218
219
220
221
222
223
224
225
226
227
228
229
230
231
232
233
235
236
237
238
239
240
241
242
243
244
245
246
247
248
249
250
251
252
253
254
255
256
257
259
260
262
263
264
265
266
267
268
269
270
271
272
273
274
275
276
277
278
279
280
281
282
283
284
285
286
287
288
289
290
291
292
293
294
295
296
297
299
300
301
302
303
304
305
306
307
308
309
310
311
312
313
314
315
316
317
318
319
320
321
322
323
324
325
326
327
328
329
330
331
332
333
334
335
336
337
338
339
340
341
343
344
345
346
347
348
349
350
351
352
353
355
356
357
358
359
360
361
362
364
365
366
367
368
369
370
371
372
373
374
375
376
377
378
379
380
381
382
383
384
385
386
387
388
389
390
391
392
393
394
395
396
397
398
399
400
401
402
403
404
405
406
407
408
409
410
411
412
413
414
415
416
418
419
420
421
422
423
424
425
426
427
428
429
430
431
432
433
434
435
436
437
438
439
440
441
442
443
444
445
446
447
448
449
450
451
452
453
454
455
456
457
458
459
460
461
462
464
465
466
467
468
469
470
471
472
473
474
475
476
477
478
479
480
481
482
483
484
485
486
487
488
489
490
491
492
493
495
496
497
498
499
500
501
502
503
504
505
506
507
508
509
510
511
512
513
514
515
516
517
518
519
520
521
522
523
524
525
526
527
528
530
531
532
533
534
535
536
537
538
539
540
541
542
543
544
545
546
547
548
549
550
551
552
553
554
556
557
558
559
560
561
562
563
564
565
566
567
568
569
570
571
572
573
574
575
576
577
578
579
580
581
582
583
584
585
586
587
588
589
590
591
592
593
594
595
596
597
598
599
600
601
602
603
604
605
606
607
609
610
611
612
613
614
615
616
617
618
619
621
622
623
624
625
626
627
628
629
630
631
632
633
634
635
636
637
638
639
640
641
642
643
644
645
646
647
648
649
650
651
652
653
654
655
656
657
658
659
660
661
662
663
664
665
666
667
668
669
670
671
672
673
674
675
676
677
678
679
680
681
682
683
684
685
686
687
688
689
690
691
692
693
694
695
696
697
698
699
700
701
702
703
704
705
706
707
708
709
710
711
712
713
714
715
716
717
718
719
720
721
722
723
724
725
726
727
728
729
730
731
732
733
734
735
736
737
738
739
740
741
742
743
744
745
746
747
748
749
750
751
752
753
754
756
757
758
759
760
761
762
763
764
765
767
768
769
770
771
772
773
774
775
776
777
778
779
780
781
782
783
784
785
786
787
788
789
790
791
792
793
794
795
796
797
798
799
800
801
802
803
804
805
806
807
808
809
810
811
812
813
814
815
816
817
818
819
820
821
822
823
824
825
826
827
828
829
830
831
832
833
834
835
836
837
838
839
840
841
842
843
844
845
846
847
848
849
850
851
852
853
854
855
856
857
858
859
860
861
862
863
864
865
866
867
868
869
870
871
872
873
874
875
876
877
878
879
880
881
882
883
884
885
886
887
888
889
890
891
892
893
894
895
896
897
898
899
900
901
902
903
904
905
906
907
908
909
910
911
912
913
914
915
916
917
918
919
920
921
922
923
924
925
926
927
928
929
930
931
932
933
934
935
936
937
938
939
940
941
942
943
944
945
946
947
948
949
950
951
952
953
954
955
956
957
958
960
961
962
963
964
965
966
967
968
969
970
971
972
973
974
975
976
977
978
979
980
981
982
983
984
985
986
987
988
989
990
991
992
993
994
995
996
997
998
999
1000
1001
1002
1003
1004
0 6 1
0 228 1
0 502 1
0 710 1
0 295 1
0 118 1
0 599 1
0 333 1
0 78 1
0 976 1
0 178 1
0 693 1
0 470 1
0 409 1
0 249 1
0 538 1
0 767 1
0 732 2
0 605 2
0 862 1
0 991 1
1 309 2
2 700 1
2 790 2
4 371 1
4 771 7
5 90 1
5 175 1
6 178 1
6 333 1
12 680 1
13 850 1
13 516 2
13 719 1
14 738 2
14 327 2
14 719 1
14 410 1
14 381 2
14 702 1
16 777 1
16 506 1
16 541 1
17 92 1
17 428 1
24 280 1
24 891 5
24 629 3
25 48 1
25 684 1
29 767 2
30 908 1
31 915 1
31 428 1
31 165 18
32 280 1
32 337 1
32 791 2
35 280 1
35 851 1
40 90 1
41 723 2
41 956 1
41 679 1
42 322 1
48 458 1
48 684 1
48 558 1
48 499 1
48 216 1
48 956 2
48 319 2
52 168 3
52 416 2
52 912 2
52 166 1
53 633 1
58 909 1
61 546 1
61 450 3
61 718 1
61 272 1
61 662 1
61 443 2
62 912 1
62 168 1
62 770 1
62 356 1
62 472 2
65 305 2
67 963 3
67 165 6
67 846 2
67 207 1
67 561 3
67 344 1
74 984 1
74 126 1
75 609 1
75 987 2
75 772 2
75 997 4
75 107 1
75 191 1
75 334 1
75 91 1
75 499 1
75 250 1
75 607 2
75 220 2
75 190 1
75 127 1
77 260 9
77 168 11
77 266 15
77 912 2
77 949 4
77 575 7
85 844 1
86 483 2
90 900 1
90 742 5
90 135 3
90 650 1
90 107 1
90 850 1
90 915 3
90 662 1
91 347 1
92 658 2
92 731 3
92 207 1
92 847 1
96 299 1
98 713 3
98 107 1
98 268 1
98 429 2
98 592 5
98 401 8
101 377 1
101 246 2
101 423 2
102 139 1
103 514 1
103 780 1
103 950 1
103 310 2
103 303 1
104 765 1
105 418 6
106 322 1
106 139 1
106 510 1
107 808 1
107 810 1
107 850 1
107 381 2
111 762 1
111 586 2
111 557 1
111 573 1
112 267 2
112 803 1
113 927 2
116 159 1
117 268 1
118 532 1
119 812 2
120 454 1
120 326 2
120 687 1
120 500 1
120 566 7
120 923 1
120 927 1
122 428 3
122 693 3
122 599 2
126 912 1
127 716 1
133 648 3
134 592 7
134 850 1
134 268 1
134 454 3
135 450 5
135 549 1
135 233 15
135 942 5
135 272 2
135 692 1
135 920 1
135 581 8
136 200 2
136 915 3
136 207 2
137 936 2
137 742 1
139 832 1
139 322 1
139 323 1
139 510 1
142 280 1
143 580 2
147 416 1
147 159 4
149 293 1
152 362 3
152 443 3
152 742 1
157 347 2
157 462 1
159 290 1
159 742 3
159 940 1
159 915 1
159 334 1
159 787 4
159 214 3
159 633 1
159 220 1
160 629 1
164 322 1
164 638 1
165 401 14
165 344 2
165 316 2
165 990 2
166 392 1
166 674 1
166 586 1
166 290 2
167 978 1
167 851 2
167 502 1
168 416 3
168 260 14
168 232 1
168 266 11
168 782 2
168 912 22
168 305 1
168 949 3
168 918 1
168 472 5
168 362 1
168 575 2
171 590 1
173 506 1
175 737 3
175 275 8
175 670 1
175 849 6
178 333 11
178 693 3
178 502 4
178 862 1
181 189 1
181 190 1
184 393 1
184 754 1
184 333 1
184 710 1
184 607 1
188 280 1
188 528 1
189 977 7
190 353 2
190 656 1
190 274 1
190 373 1
190 920 1
191 746 1
191 499 1
191 692 1
191 661 1
191 415 5
191 413 1
191 927 1
193 633 1
193 338 1
196 268 1
199 644 3
199 506 4
199 996 3
199 541 3
200 857 1
200 915 9
200 428 5
200 971 1
207 547 1
207 424 3
207 795 3
214 865 1
214 290 1
214 742 1
214 321 3
214 617 1
214 623 5
214 912 1
214 951 2
216 321 3
216 956 1
216 319 1
220 334 1
223 462 1
223 343 3
228 693 2
228 605 8
229 306 1
229 628 1
229 469 2
229 607 2
231 840 1
231 994 1
231 783 1
231 245 2
231 607 4
232 575 1
233 450 9
233 540 1
233 245 1
236 977 1
239 857 1
239 542 1
241 280 1
245 764 1
245 264 1
245 329 1
245 624 1
245 540 7
246 377 1
246 724 1
246 423 2
248 506 1
248 462 1
249 409 1
249 605 1
249 470 1
250 927 2
256 416 2
256 313 5
256 294 1
260 266 8
260 912 3
260 949 4
260 575 2
264 540 4
266 557 1
266 912 2
266 949 4
266 575 6
267 629 2
268 291 2
268 454 1
268 713 1
268 592 3
268 401 1
268 633 1
272 450 12
272 754 1
272 742 1
273 951 1
275 849 5
275 327 1
277 935 1
278 923 1
280 647 1
280 656 1
280 530 1
280 915 1
280 920 1
280 421 1
280 422 1
280 561 1
280 978 2
280 547 1
280 526 1
280 990 1
280 360 1
280 851 1
280 629 1
280 631 1
280 891 2
284 680 1
291 401 6
291 429 2
294 305 1
294 586 3
294 817 1
294 984 1
294 313 2
299 607 1
301 547 1
301 493 1
305 472 1
305 912 1
306 450 1
306 771 1
306 660 3
306 742 9
310 343 4
311 697 1
313 984 1
313 416 4
316 915 2
318 332 1
319 1002 3
319 558 1
321 704 2
321 618 1
321 684 3
321 499 2
321 565 1
322 649 3
322 879 2
322 534 1
322 663 1
322 509 1
322 638 2
324 402 2
324 415 1
327 657 1
327 381 6
329 427 1
329 540 2
332 586 1
332 500 1
333 506 1
333 605 2
334 416 1
334 923 2
334 746 1
334 534 1
334 607 5
334 987 2
335 537 3
335 810 2
335 790 2
335 839 1
338 994 1
341 915 1
343 663 1
343 534 1
344 543 1
347 966 1
347 933 5
353 891 5
356 912 4
356 586 1
356 602 1
360 891 1
360 629 1
362 528 1
362 421 1
362 383 3
364 506 1
364 582 1
369 535 1
369 927 2
371 951 1
372 404 2
377 729 3
377 457 1
379 568 1
383 720 4
383 586 2
383 887 4
388 687 1
388 607 1
392 674 2
398 712 2
398 450 2
401 454 7
401 683 1
401 429 15
401 415 12
415 416 1
415 940 2
415 978 2
415 629 1
416 586 3
416 912 1
416 439 1
416 602 2
416 927 3
418 996 2
418 977 14
421 424 4
421 547 1
421 795 4
423 832 7
423 977 2
424 547 1
424 795 9
424 990 2
427 540 1
428 915 10
428 857 2
429 925 2
429 454 11
433 987 3
435 586 3
435 500 1
435 782 2
439 912 3
439 949 2
443 450 1
444 535 1
444 927 2
445 891 1
450 802 3
450 900 2
450 742 8
450 754 2
450 851 2
450 462 2
450 602 4
450 542 1
454 592 7
458 684 1
462 517 1
462 742 1
462 718 1
462 783 1
462 851 2
462 670 1
462 591 1
462 542 1
469 851 1
470 605 1
471 865 1
472 912 7
479 904 1
482 606 2
483 607 1
485 823 1
485 927 2
488 568 2
493 795 2
493 978 1
493 629 2
493 630 1
493 891 1
497 977 3
499 684 1
500 515 1
500 586 6
500 573 2
500 607 2
502 605 1
502 862 1
506 644 5
506 783 1
506 688 1
506 921 1
506 996 6
506 541 7
506 670 1
513 927 2
516 783 1
526 629 1
530 891 2
530 629 5
532 688 1
534 591 2
534 822 1
534 920 1
534 638 1
534 607 4
535 927 2
540 840 9
540 624 1
540 955 2
540 764 1
541 576 1
541 996 6
542 646 1
542 823 1
542 927 3
546 771 1
546 550 3
546 873 2
546 920 1
546 857 1
550 920 1
550 703 2
551 927 2
557 912 1
557 586 1
561 629 2
561 846 3
565 684 1
565 956 1
568 947 1
573 586 2
575 814 1
575 912 2
575 782 4
575 949 2
581 855 1
584 680 1
586 762 1
586 607 2
587 720 2
591 746 2
591 923 2
592 713 4
592 927 9
595 754 1
595 934 1
599 693 1
602 743 2
602 908 2
602 912 1
605 710 1
605 789 1
605 700 1
605 862 1
606 879 1
607 1001 1
607 687 1
612 832 1
629 658 1
629 685 1
629 846 1
629 630 1
629 631 1
629 891 2
630 920 3
630 891 1
630 685 2
644 977 1
644 996 6
646 927 2
648 912 1
654 738 3
654 783 1
654 991 1
658 891 2
659 742 3
661 812 1
663 950 1
670 808 1
672 758 1
679 684 1
680 707 1
680 720 3
680 731 16
682 738 1
682 783 1
684 704 2
684 844 1
684 918 2
687 739 1
687 951 1
687 923 1
692 746 3
697 855 1
697 925 1
700 890 1
700 891 2
703 771 1
718 980 4
719 738 2
719 837 2
719 783 1
720 855 2
722 927 3
737 849 5
738 783 1
739 915 1
740 879 1
742 900 2
742 920 1
742 915 4
746 935 14
746 812 1
752 775 3
752 927 1
761 881 1
761 924 1
761 837 1
765 908 1
770 912 1
770 927 2
774 947 35
782 790 2
790 812 5
795 978 2
812 935 1
819 873 1
823 927 2
837 881 2
837 924 2
838 857 1
850 987 2
851 920 1
851 978 3
851 915 1
854 927 3
857 915 2
858 991 1
881 924 2
890 923 1
912 949 3
923 951 2
925 987 2
935 966 3
977 1001 4
977 1004 6
978 988 1
