0
1
2
3
4
5
6
7
8
9
10
11
12
13
14
15
16
17
18
19
20
21
22
23
24
25
26
27
28
29
30
31
32
33
34
35
36
37
38
39
40
41
42
43
44
45
46
47
48
49
50
51
52
53
54
55
56
57
58
59
60
61
62
63
64
65
66
67
68
69
70
71
72
73
74
75
76
77
78
79
80
81
82
83
84
85
86
87
88
89
90
91
92
93
94
95
96
97
98
99
100
101
102
103
104
105
106
107
108
109
110
111
112
113
114
115
116
117
118
119
120
121
122
123
124
125
126
127
128
129
130
131
132
133
134
135
136
137
138
139
141
142
143
144
145
146
147
148
149
150
151
152
153
154
155
157
158
159
160
161
162
163
164
165
166
167
168
169
170
171
172
173
174
175
176
177
178
179
180
181
182
183
184
185
186
187
188
189
190
191
192
193
194
195
196
197
198
199
200
201
202
203
204
205
206
207
208
209
210
211
212
213
214
215
216
217
218
219
220
221
222
223
224
225
226
227
228
229
230
231
232
233
235
236
237
238
239
240
241
242
243
244
245
246
247
248
249
250
251
252
253
254
255
256
257
259
260
262
263
264
265
266
267
268
269
270
271
272
273
274
275
276
277
278
279
280
281
282
283
284
285
286
287
288
289
290
291
292
293
294
295
296
297
299
300
301
302
303
304
305
306
307
308
309
310
311
312
313
314
315
316
317
318
319
320
321
322
323
324
325
326
327
328
329
330
331
332
333
334
335
336
337
338
339
340
341
343
344
345
346
347
348
349
350
351
352
353
355
356
357
358
359
360
361
362
364
365
366
367
368
369
370
371
372
373
374
375
376
377
378
379
380
381
382
383
384
385
386
387
388
389
390
391
392
393
394
395
396
397
398
399
400
401
402
403
404
405
406
407
408
409
410
411
412
413
414
415
416
418
419
420
421
422
423
424
425
426
427
428
429
430
431
432
433
434
435
436
437
438
439
440
441
442
443
444
445
446
447
448
449
450
451
452
453
454
455
456
457
458
459
460
461
462
464
465
466
467
468
469
470
471
472
473
474
475
476
477
478
479
480
481
482
483
484
485
486
487
488
489
490
491
492
493
495
496
497
498
499
500
501
502
503
504
505
506
507
508
509
510
511
512
513
514
515
516
517
518
519
520
521
522
523
524
525
526
527
528
530
531
532
533
534
535
536
537
538
539
540
541
542
543
544
545
546
547
548
549
550
551
552
553
554
556
557
558
559
560
561
562
563
564
565
566
567
568
569
570
571
572
573
574
575
576
577
578
579
580
581
582
583
584
585
586
587
588
589
590
591
592
593
594
595
596
597
598
599
600
601
602
603
604
605
606
607
609
610
611
612
613
614
615
616
617
618
619
621
622
623
624
625
626
627
628
629
630
631
632
633
634
635
636
637
638
639
640
641
642
643
644
645
646
647
648
649
650
651
652
653
654
655
656
657
658
659
660
661
662
663
664
665
666
667
668
669
670
671
672
673
674
675
676
677
678
679
680
681
682
683
684
685
686
687
688
689
690
691
692
693
694
695
696
697
698
699
700
701
702
703
704
705
706
707
708
709
710
711
712
713
714
715
716
717
718
719
720
721
722
723
724
725
726
727
728
729
730
731
732
733
734
735
736
737
738
739
740
741
742
743
744
745
746
747
748
749
750
751
752
753
754
756
757
758
759
760
761
762
763
764
765
767
768
769
770
771
772
773
774
775
776
777
778
779
780
781
782
783
784
785
786
787
788
789
790
791
792
793
794
795
796
797
798
799
800
801
802
803
804
805
806
807
808
809
810
811
812
813
814
815
816
817
818
819
820
821
822
823
824
825
826
827
828
829
830
831
832
833
834
835
836
837
838
839
840
841
842
843
844
845
846
847
848
849
850
851
852
853
854
855
856
857
858
859
860
861
862
863
864
865
866
867
868
869
870
871
872
873
874
875
876
877
878
879
880
881
882
883
884
885
886
887
888
889
890
891
892
893
894
895
896
897
898
899
900
901
902
903
904
905
906
907
908
909
910
911
912
913
914
915
916
917
918
919
920
921
922
923
924
925
926
927
928
929
930
931
932
933
934
935
936
937
938
939
940
941
942
943
944
945
946
947
948
949
950
951
952
953
954
955
956
957
958
960
961
962
963
964
965
966
967
968
969
970
971
972
973
974
975
976
977
978
979
980
981
982
983
984
985
986
987
988
989
990
991
992
993
994
995
996
997
998
999
1000
1001
1002
1003
1004
0 178 2
0 6 1
2 236 2
4 120 2
4 135 8
5 29 4
6 249 1
6 178 2
7 810 1
8 696 1
10 657 1
13 738 1
14 516 2
14 1001 7
14 924 2
14 783 3
14 850 3
14 724 3
14 790 13
14 644 10
14 506 9
14 700 2
14 702 16
15 680 1
15 731 4
24 160 2
24 739 1
24 647 1
24 143 1
24 658 1
24 629 3
24 278 1
24 280 8
24 891 2
25 48 1
25 918 2
29 688 2
29 899 1
30 104 1
30 602 2
31 990 1
31 165 3
31 142 3
32 718 2
32 143 2
32 791 9
32 280 3
32 731 1
32 159 1
35 280 1
37 77 3
40 450 2
40 900 1
40 802 1
40 272 3
40 120 1
40 662 1
40 695 1
40 568 1
40 187 1
40 572 1
41 723 1
41 558 1
42 638 1
45 66 2
45 227 2
48 321 3
48 458 1
48 499 1
48 565 1
48 319 1
53 193 1
53 147 1
56 540 1
58 947 1
58 909 1
60 450 1
61 135 1
61 490 1
61 142 1
61 464 2
61 243 2
61 718 7
61 120 2
62 416 1
62 646 1
65 629 1
66 227 4
66 966 1
67 344 7
67 561 3
67 963 4
67 165 7
67 846 3
69 879 3
70 120 1
70 939 2
70 534 3
70 638 2
70 343 3
72 120 2
74 256 1
74 416 1
74 392 5
74 166 6
74 294 2
74 648 1
74 112 2
74 586 2
74 912 1
74 104 1
74 885 1
74 759 2
74 984 1
74 313 1
74 168 1
74 447 1
75 147 1
75 220 3
75 135 1
77 416 2
77 648 1
77 557 1
77 912 4
77 232 2
77 890 1
77 168 1
77 762 2
77 126 4
78 178 2
78 702 1
82 135 4
83 306 1
86 152 1
86 443 3
86 742 1
90 147 2
90 316 1
91 723 1
91 580 2
91 147 1
92 838 1
98 592 1
98 401 2
98 707 1
98 429 2
98 713 2
101 866 1
101 423 2
103 343 2
103 423 3
103 514 1
103 310 2
103 943 2
104 648 1
104 721 4
104 765 2
105 947 3
105 374 4
106 788 1
107 688 1
107 553 2
107 980 3
107 415 1
112 392 1
112 267 1
114 718 1
117 268 1
118 867 1
118 502 1
118 862 1
119 812 1
120 517 2
120 775 2
120 136 2
120 450 1
120 783 1
120 530 2
120 915 1
120 534 1
120 535 2
120 280 2
120 542 1
120 416 1
120 549 2
120 135 5
120 687 1
120 433 2
120 306 1
120 947 1
120 310 2
120 823 1
120 572 2
120 834 1
120 841 3
120 586 3
120 843 2
120 718 1
120 720 1
120 978 1
120 851 1
120 469 2
120 854 3
120 987 1
120 220 1
120 865 1
120 994 2
120 996 2
120 485 2
120 742 2
120 316 1
120 850 1
120 189 1
120 754 2
120 147 1
120 629 1
120 248 1
120 127 1
122 479 2
126 232 1
127 843 1
127 718 2
133 602 1
134 592 2
134 147 1
135 720 1
135 581 16
135 870 6
135 292 1
135 170 3
135 337 1
135 528 2
135 742 2
135 371 4
135 628 1
135 405 1
135 951 2
135 772 1
135 415 1
135 191 2
135 159 1
136 165 1
136 200 3
136 428 2
136 142 4
136 341 1
136 316 1
139 477 3
139 343 1
141 280 2
141 428 2
142 165 3
142 200 4
142 267 11
142 428 1
142 301 5
142 302 1
142 915 1
142 280 1
142 344 2
142 316 2
142 990 3
143 696 1
143 731 1
143 422 1
147 515 1
147 772 1
147 193 1
147 277 2
147 285 2
147 926 2
147 415 1
147 416 1
147 933 2
147 171 3
147 686 2
147 951 1
147 159 1
147 577 3
147 707 1
147 972 2
147 590 2
147 931 1
147 334 1
147 214 1
147 347 6
147 355 2
147 230 2
147 235 1
147 752 1
147 633 1
147 890 1
151 706 2
152 443 12
152 742 1
157 577 4
157 415 1
159 577 1
159 707 1
159 243 1
159 742 1
159 233 1
159 746 2
159 940 2
159 334 1
159 629 1
159 530 1
159 595 1
159 343 1
159 472 1
159 851 2
159 316 4
159 865 2
160 360 1
160 526 1
160 530 1
160 947 1
160 629 2
161 947 1
165 401 3
165 947 1
165 344 3
165 316 5
165 349 1
166 267 1
166 674 1
166 743 1
168 416 2
168 260 4
168 232 2
168 912 5
170 951 1
171 347 1
171 590 1
173 657 2
173 506 1
173 890 1
173 738 1
175 737 2
175 246 1
175 423 1
178 519 2
178 409 2
178 538 2
178 295 2
178 693 5
178 569 2
178 710 2
178 333 2
178 976 2
178 339 2
178 470 2
178 599 2
178 605 5
178 862 2
178 991 2
178 228 2
178 502 6
178 249 3
178 767 2
181 190 2
184 423 2
185 742 1
187 450 2
188 280 2
190 353 2
190 483 1
190 629 1
190 656 3
190 274 2
190 373 2
191 752 1
191 692 1
192 381 3
193 443 1
193 707 1
194 626 1
194 951 2
196 416 1
199 996 1
199 506 5
199 924 1
199 541 5
200 971 5
200 316 1
207 795 1
214 746 1
214 707 1
214 940 1
214 629 1
216 558 2
223 415 1
223 343 3
226 440 2
228 605 4
229 742 2
229 790 1
231 736 1
231 738 1
231 540 3
231 245 2
231 873 1
231 698 1
231 987 3
231 764 1
232 416 1
232 790 2
232 439 2
233 329 2
233 692 6
233 245 1
233 334 3
239 609 2
239 951 2
241 280 1
245 764 1
245 264 2
245 329 1
245 624 2
245 698 1
245 540 2
245 830 1
246 423 2
248 329 1
248 415 1
248 692 2
248 591 1
250 551 1
254 450 1
256 416 6
256 313 4
256 356 1
256 294 1
257 947 1
260 912 2
260 416 1
260 439 2
264 738 1
264 388 1
264 663 3
264 450 1
264 947 1
264 596 1
264 343 1
264 692 1
264 764 2
264 510 1
266 912 1
267 416 3
267 803 2
267 517 5
267 838 1
267 586 5
267 662 1
268 633 1
268 291 1
268 454 1
272 900 1
272 754 1
272 700 1
272 450 1
274 841 2
274 772 1
274 614 1
277 285 1
278 415 1
280 647 2
280 656 1
280 658 2
280 547 2
280 421 1
280 422 1
280 561 4
280 953 1
280 373 1
280 526 2
280 990 1
280 293 1
280 360 2
280 629 3
280 631 2
281 905 1
283 483 2
288 561 2
288 493 2
288 445 2
288 629 2
290 589 1
291 401 2
291 429 2
294 416 4
294 817 1
294 885 1
294 984 1
294 586 2
294 447 1
299 832 1
299 634 1
299 951 1
299 559 1
301 647 2
305 946 2
306 771 2
306 742 1
310 947 1
310 477 1
310 343 3
311 955 1
311 540 2
313 416 2
313 648 2
316 392 26
316 428 8
316 915 1
316 990 2
317 374 3
319 386 1
319 558 3
320 537 2
321 704 2
321 458 1
321 844 2
321 565 1
322 879 1
327 657 3
327 506 2
327 381 1
329 775 1
329 910 2
329 624 1
329 692 3
332 586 4
332 435 1
334 550 2
334 742 4
334 746 1
334 910 4
334 692 4
334 617 2
334 415 1
337 649 2
337 505 2
337 663 5
341 915 1
343 950 1
343 534 1
343 663 11
344 952 1
349 976 1
356 912 1
356 416 1
360 629 2
360 526 1
361 440 1
362 383 2
369 582 2
377 696 2
377 729 1
377 951 2
379 568 1
381 532 1
381 440 1
381 537 1
381 506 1
383 589 1
383 887 1
388 534 3
388 591 1
400 742 1
401 454 4
401 429 6
401 415 2
402 638 1
402 559 1
407 843 3
413 746 10
413 530 1
413 935 7
414 891 5
415 517 1
415 783 1
415 923 1
415 542 1
415 429 2
415 687 1
415 692 1
415 670 1
415 833 1
415 450 1
415 462 6
415 591 1
415 851 1
415 718 1
415 865 1
415 742 1
415 617 1
415 752 1
416 435 2
416 868 1
416 646 1
416 912 2
416 885 1
416 759 1
416 586 4
421 795 3
423 977 3
424 795 1
424 990 1
427 955 1
428 915 1
428 857 3
428 990 1
429 454 4
435 557 1
435 782 1
435 500 1
435 700 1
440 737 3
440 657 1
440 537 8
443 742 4
443 662 2
444 854 1
445 891 1
447 586 3
450 802 1
450 900 1
450 595 1
450 754 2
450 947 1
450 695 1
450 572 1
453 951 1
454 592 7
458 844 1
458 684 1
458 558 1
458 723 1
458 565 1
458 918 1
468 537 1
472 912 2
472 782 2
479 947 1
482 809 1
482 990 1
483 696 1
485 513 1
485 646 1
485 823 1
493 629 2
497 773 3
499 704 1
500 586 1
502 710 1
502 591 1
502 976 1
502 605 4
506 738 1
506 644 1
506 657 3
506 790 1
506 996 2
506 541 2
506 702 1
506 881 2
509 634 2
509 559 1
512 978 2
516 837 1
516 532 1
516 790 9
516 761 2
516 700 1
526 629 2
526 790 2
528 585 1
528 580 2
528 909 1
528 581 1
530 772 2
530 935 2
530 746 6
530 685 2
530 692 2
530 629 6
530 630 2
530 891 8
532 537 2
532 700 1
534 939 1
534 591 3
537 775 2
540 994 6
540 987 2
540 873 3
540 855 3
540 697 1
540 698 1
540 955 3
540 925 2
541 657 1
541 738 2
541 644 2
542 772 1
542 823 1
543 654 1
546 704 1
546 850 1
550 746 3
552 858 3
553 670 1
556 912 1
558 684 1
558 565 1
561 629 2
561 846 2
565 704 1
565 723 2
568 947 1
570 742 1
573 586 1
575 912 2
575 782 2
576 761 1
576 738 1
577 936 6
581 936 1
581 692 2
581 951 1
581 890 1
582 832 2
582 994 1
582 764 1
582 840 1
586 912 2
586 947 2
586 885 3
591 910 1
591 692 1
592 609 4
593 718 1
595 754 1
595 951 1
595 790 2
599 605 6
602 743 4
605 789 5
607 696 3
617 830 1
624 738 3
625 890 1
629 630 2
629 658 3
629 685 2
629 846 2
629 631 2
629 891 2
630 971 2
630 951 2
633 707 1
634 788 1
638 832 1
638 649 1
638 790 2
638 700 1
644 1001 3
644 924 9
644 702 2
646 823 1
648 765 1
649 890 3
649 663 2
650 738 1
650 850 1
654 738 2
654 837 1
654 991 2
658 731 2
659 771 1
659 742 1
660 873 1
670 688 3
680 707 1
680 790 1
681 951 1
684 746 1
686 926 1
688 898 2
688 702 5
692 742 2
692 775 1
692 746 6
692 910 2
696 718 1
696 851 1
697 855 1
698 840 1
698 873 1
698 764 1
702 738 1
707 951 1
711 718 1
715 926 1
718 866 4
718 724 4
718 980 1
719 837 1
721 743 5
722 854 1
730 912 1
738 837 1
738 783 1
738 921 2
738 951 3
738 761 2
740 879 1
742 769 2
742 771 4
742 901 1
742 835 1
742 863 1
742 993 1
742 784 1
746 935 9
748 926 2
752 833 1
758 956 1
759 912 1
761 924 2
761 783 1
765 772 1
771 863 1
772 926 1
782 912 4
783 790 1
789 863 1
790 881 1
790 812 6
795 990 1
832 951 1
837 947 1
837 924 1
850 890 1
851 978 2
855 951 1
858 991 1
885 984 1
890 915 1
910 923 1
912 949 1
925 955 1
947 948 1
951 957 1
955 987 1
964 978 1
