0
1
2
3
4
5
6
7
8
9
10
11
12
13
14
15
16
17
18
19
20
21
22
23
24
25
26
27
28
29
30
31
32
33
34
35
36
37
38
39
40
41
42
43
44
45
46
47
48
49
50
51
52
53
54
55
56
57
58
59
60
61
62
63
64
65
66
67
68
69
70
71
72
73
74
75
76
77
78
79
80
81
82
83
84
85
86
87
88
89
90
91
92
93
94
95
96
97
98
99
100
101
102
103
104
105
106
107
108
109
110
111
112
113
114
115
116
117
118
119
120
121
122
123
124
125
126
127
128
129
130
131
132
133
134
135
136
137
138
139
141
142
143
144
145
146
147
148
149
150
151
152
153
154
155
157
158
159
160
161
162
163
164
165
166
167
168
169
170
171
172
173
174
175
176
177
178
179
180
181
182
183
184
185
186
187
188
189
190
191
192
193
194
195
196
197
198
199
200
201
202
203
204
205
206
207
208
209
210
211
212
213
214
215
216
217
218
219
220
221
222
223
224
225
226
227
228
229
230
231
232
233
235
236
237
238
239
240
241
242
243
244
245
246
247
248
249
250
251
252
253
254
255
256
257
259
260
262
263
264
265
266
267
268
269
270
271
272
273
274
275
276
277
278
279
280
281
282
283
284
285
286
287
288
289
290
291
292
293
294
295
296
297
299
300
301
302
303
304
305
306
307
308
309
310
311
312
313
314
315
316
317
318
319
320
321
322
323
324
325
326
327
328
329
330
331
332
333
334
335
336
337
338
339
340
341
343
344
345
346
347
348
349
350
351
352
353
355
356
357
358
359
360
361
362
364
365
366
367
368
369
370
371
372
373
374
375
376
377
378
379
380
381
382
383
384
385
386
387
388
389
390
391
392
393
394
395
396
397
398
399
400
401
402
403
404
405
406
407
408
409
410
411
412
413
414
415
416
418
419
420
421
422
423
424
425
426
427
428
429
430
431
432
433
434
435
436
437
438
439
440
441
442
443
444
445
446
447
448
449
450
451
452
453
454
455
456
457
458
459
460
461
462
464
465
466
467
468
469
470
471
472
473
474
475
476
477
478
479
480
481
482
483
484
485
486
487
488
489
490
491
492
493
495
496
497
498
499
500
501
502
503
504
505
506
507
508
509
510
511
512
513
514
515
516
517
518
519
520
521
522
523
524
525
526
527
528
530
531
532
533
534
535
536
537
538
539
540
541
542
543
544
545
546
547
548
549
550
551
552
553
554
556
557
558
559
560
561
562
563
564
565
566
567
568
569
570
571
572
573
574
575
576
577
578
579
580
581
582
583
584
585
586
587
588
589
590
591
592
593
594
595
596
597
598
599
600
601
602
603
604
605
606
607
609
610
611
612
613
614
615
616
617
618
619
621
622
623
624
625
626
627
628
629
630
631
632
633
634
635
636
637
638
639
640
641
642
643
644
645
646
647
648
649
650
651
652
653
654
655
656
657
658
659
660
661
662
663
664
665
666
667
668
669
670
671
672
673
674
675
676
677
678
679
680
681
682
683
684
685
686
687
688
689
690
691
692
693
694
695
696
697
698
699
700
701
702
703
704
705
706
707
708
709
710
711
712
713
714
715
716
717
718
719
720
721
722
723
724
725
726
727
728
729
730
731
732
733
734
735
736
737
738
739
740
741
742
743
744
745
746
747
748
749
750
751
752
753
754
756
757
758
759
760
761
762
763
764
765
767
768
769
770
771
772
773
774
775
776
777
778
779
780
781
782
783
784
785
786
787
788
789
790
791
792
793
794
795
796
797
798
799
800
801
802
803
804
805
806
807
808
809
810
811
812
813
814
815
816
817
818
819
820
821
822
823
824
825
826
827
828
829
830
831
832
833
834
835
836
837
838
839
840
841
842
843
844
845
846
847
848
849
850
851
852
853
854
855
856
857
858
859
860
861
862
863
864
865
866
867
868
869
870
871
872
873
874
875
876
877
878
879
880
881
882
883
884
885
886
887
888
889
890
891
892
893
894
895
896
897
898
899
900
901
902
903
904
905
906
907
908
909
910
911
912
913
914
915
916
917
918
919
920
921
922
923
924
925
926
927
928
929
930
931
932
933
934
935
936
937
938
939
940
941
942
943
944
945
946
947
948
949
950
951
952
953
954
955
956
957
958
960
961
962
963
964
965
966
967
968
969
970
971
972
973
974
975
976
977
978
979
980
981
982
983
984
985
986
987
988
989
990
991
992
993
994
995
996
997
998
999
1000
1001
1002
1003
1004
0 705 1
0 6 1
0 228 1
0 502 1
0 710 1
0 295 1
0 599 1
0 333 1
0 78 1
0 976 1
0 178 5
0 693 1
0 470 1
0 409 1
0 249 2
0 538 1
0 767 1
0 732 3
0 605 1
0 862 1
0 991 1
1 309 1
1 310 2
2 680 3
2 812 2
2 526 7
2 272 3
2 334 4
2 790 6
2 469 3
4 771 1
4 581 1
4 638 1
5 491 1
5 724 1
5 670 1
5 335 1
6 178 4
12 406 1
13 719 1
14 881 1
14 410 1
14 724 1
16 883 2
16 541 2
17 857 2
17 316 1
19 127 1
24 160 1
24 891 3
24 428 2
24 629 24
25 704 2
25 48 1
25 90 2
25 499 1
27 147 1
28 987 3
29 808 2
29 335 1
30 313 6
30 868 2
30 765 2
30 209 1
31 428 4
31 207 4
31 316 1
31 165 13
31 847 1
32 433 1
35 858 1
35 469 2
35 207 1
38 832 3
38 90 4
40 568 2
40 450 7
40 572 2
40 466 2
40 695 1
41 565 2
42 402 1
42 612 1
46 310 1
48 704 1
48 458 2
48 558 1
48 499 1
48 216 2
48 956 1
48 319 1
52 472 2
52 168 1
52 356 1
53 193 2
53 940 1
53 850 1
53 343 1
53 923 1
53 159 1
53 927 1
56 987 3
56 789 1
58 818 3
61 450 3
61 356 3
61 293 1
61 991 1
61 393 1
61 522 1
61 718 1
61 176 1
61 502 4
61 377 2
61 159 2
61 517 2
62 90 3
62 646 1
62 159 1
64 612 1
65 193 1
65 923 1
65 687 1
67 561 2
67 963 1
67 165 3
67 846 4
67 207 4
68 987 3
68 963 2
69 343 1
74 166 1
75 772 3
75 1003 1
75 692 8
75 633 1
75 220 1
75 607 3
77 472 1
77 168 7
77 356 1
77 260 1
78 422 2
78 169 1
78 178 4
78 506 1
78 702 1
82 267 3
83 784 1
86 443 5
86 662 1
90 832 1
90 900 1
90 742 3
90 142 1
90 783 1
90 612 1
90 499 1
90 558 1
90 787 1
90 216 1
90 506 1
90 868 2
91 609 1
91 612 1
91 842 1
91 499 1
91 950 1
91 189 1
92 658 1
92 316 2
95 987 3
96 420 1
98 707 11
98 454 5
98 134 8
98 713 11
98 107 11
98 268 11
98 429 8
98 592 13
98 401 6
98 291 3
98 117 10
101 423 2
102 705 1
102 139 1
102 125 1
103 612 2
103 310 2
103 423 2
104 648 1
104 765 1
105 233 1
105 374 1
105 582 1
105 742 2
106 788 1
107 643 1
107 201 1
107 810 3
107 553 2
107 670 1
107 159 2
111 416 1
112 416 1
112 267 1
112 517 1
113 927 1
117 268 1
117 454 1
118 335 5
119 790 11
120 772 5
120 198 1
120 454 3
120 334 2
120 752 2
120 854 1
120 196 1
120 191 3
120 927 2
122 980 1
125 622 1
125 139 1
125 939 1
126 586 6
132 612 1
133 168 1
133 356 1
134 592 5
134 454 3
135 450 6
135 963 4
135 549 3
135 170 1
135 334 3
135 942 2
135 855 1
135 697 1
135 703 6
135 765 1
135 581 8
136 200 2
136 857 1
136 316 1
136 629 1
136 165 2
139 324 1
139 487 1
139 939 1
139 524 1
139 206 1
139 174 1
139 534 1
139 154 1
139 477 1
139 510 1
141 188 2
142 165 1
142 647 1
142 428 1
142 847 1
142 915 3
142 316 3
147 577 1
147 171 2
147 772 4
147 933 1
147 230 2
147 232 2
147 715 1
147 972 1
147 590 1
147 285 1
147 277 2
147 347 2
147 686 1
147 157 1
147 926 3
147 607 2
149 849 2
151 278 1
152 443 2
153 977 6
157 740 1
157 607 1
159 214 5
159 810 6
159 171 2
159 334 1
159 502 1
159 923 2
159 316 5
159 853 1
160 838 6
160 530 2
160 526 1
160 658 1
160 629 3
160 214 5
160 858 1
160 891 1
165 847 1
165 401 11
165 344 2
165 857 1
165 207 3
165 316 6
165 990 1
166 416 4
166 290 1
166 356 6
166 232 1
166 586 10
166 573 1
166 762 1
167 188 2
167 920 1
167 851 1
167 469 2
167 502 1
167 280 4
167 988 1
167 862 1
168 416 7
168 260 13
168 305 1
168 232 2
168 586 5
168 782 8
168 557 2
168 912 13
168 472 15
168 439 2
168 984 3
168 356 14
168 266 6
168 607 1
168 765 1
168 575 3
169 688 1
170 697 2
171 347 1
171 700 1
175 849 4
175 275 6
175 423 1
175 335 1
178 228 3
178 502 14
178 710 3
178 295 2
178 599 3
178 333 3
178 976 3
178 693 3
178 470 3
178 409 3
178 249 3
178 538 4
178 991 5
178 605 3
178 862 5
178 767 3
180 958 1
181 190 2
184 779 2
184 710 1
184 686 1
185 833 1
185 762 2
185 343 1
187 450 1
188 301 1
188 978 1
188 851 1
188 469 3
188 988 2
188 607 1
189 462 4
189 239 2
189 977 1
189 410 4
189 607 2
190 353 1
190 656 1
190 274 2
190 373 1
190 920 1
191 752 1
191 415 4
192 381 1
193 416 2
193 771 1
193 617 1
193 940 1
193 784 1
193 404 1
193 316 3
193 415 2
196 401 1
197 850 1
199 644 1
199 506 9
199 996 2
199 837 4
199 541 3
200 428 4
200 971 1
200 316 1
200 915 1
201 335 1
203 863 1
207 424 3
207 847 1
207 469 5
207 795 2
208 236 1
208 335 1
209 356 3
214 321 1
214 278 1
214 746 3
214 629 2
214 662 1
214 923 1
216 458 1
216 319 1
220 334 3
220 415 1
223 534 1
223 510 1
223 462 2
223 343 2
228 605 1
228 335 1
229 607 1
231 462 1
231 338 2
231 245 2
231 502 4
231 698 3
231 987 3
231 540 1
231 607 1
232 416 1
232 356 1
232 294 2
232 557 1
232 782 1
233 450 1
233 692 3
233 245 1
236 335 1
239 609 1
239 742 2
239 692 1
239 891 2
239 703 1
241 469 2
245 546 1
245 963 2
245 764 1
245 329 2
245 624 1
245 264 1
245 951 1
245 698 3
245 987 3
245 540 2
245 798 2
246 377 1
246 724 1
246 423 2
248 506 2
248 687 1
249 409 1
250 886 1
250 927 1
251 987 3
253 566 1
256 416 4
256 313 2
256 356 1
260 472 1
260 762 1
267 517 2
267 838 1
267 392 2
267 435 5
267 891 3
268 592 1
268 633 1
268 291 1
272 568 1
272 450 3
273 951 2
274 847 1
275 849 5
277 355 1
277 347 1
278 338 1
278 462 2
280 281 4
280 450 1
280 629 3
284 680 1
291 401 3
291 429 3
293 546 2
294 416 1
294 817 1
294 447 4
299 634 1
301 469 2
302 316 1
305 912 1
305 356 2
306 771 1
306 450 4
306 659 3
306 742 6
310 612 1
310 586 2
310 368 2
310 343 1
311 697 4
311 987 3
311 582 1
316 647 1
316 915 2
316 415 3
316 428 8
316 952 1
316 953 1
316 543 1
316 838 4
316 971 1
316 344 1
316 857 1
316 990 1
316 607 3
316 483 1
318 499 1
319 386 1
319 458 3
319 918 1
319 956 1
321 618 1
321 499 1
321 684 1
322 740 1
322 534 1
322 334 2
322 879 3
323 622 2
324 612 1
325 718 1
326 416 1
327 849 1
327 381 10
329 540 1
329 963 2
329 660 3
332 435 3
332 500 3
333 502 1
334 416 1
334 356 1
334 586 2
334 462 2
334 687 2
334 692 1
334 534 1
334 746 1
334 671 2
335 643 1
335 532 1
335 664 1
335 537 1
335 670 2
335 808 1
335 553 1
335 810 1
335 688 1
335 464 1
335 468 1
335 726 1
335 985 1
335 737 1
335 867 1
335 1004 3
335 980 1
335 381 1
338 994 1
338 987 3
338 415 1
343 534 2
343 853 3
343 663 4
344 952 1
347 355 2
347 933 1
347 966 1
353 891 3
356 517 3
356 912 13
356 984 1
356 542 7
356 927 2
356 416 2
356 557 1
356 687 6
356 573 1
356 586 16
356 718 1
356 591 6
356 472 15
356 607 4
356 743 2
356 502 2
356 762 5
356 765 6
360 629 2
361 987 3
364 987 3
364 764 1
364 582 1
369 513 1
369 927 1
377 457 2
377 866 1
379 568 3
381 810 1
381 506 2
381 670 1
383 720 5
383 586 4
383 597 1
383 589 2
388 746 1
388 534 2
398 712 1
398 450 1
399 622 1
401 454 7
401 429 17
401 415 7
404 595 1
405 697 1
406 680 1
410 650 1
410 719 1
410 977 1
410 663 4
413 746 7
413 935 3
414 506 3
415 812 1
415 752 1
415 692 1
415 617 2
416 782 1
416 912 3
416 927 2
416 674 1
416 573 3
416 586 9
416 854 1
416 868 1
416 602 1
416 743 1
416 1003 1
416 885 1
416 762 2
418 977 7
418 996 37
421 424 3
421 795 1
421 469 2
422 731 3
423 513 2
423 996 6
423 977 4
424 629 1
424 795 7
424 990 1
424 469 2
428 647 1
428 915 4
428 857 2
428 990 2
429 454 8
432 987 3
433 738 1
433 987 3
435 586 4
435 500 5
435 782 1
438 818 3
442 1004 1
443 450 1
443 835 1
443 963 2
443 662 2
444 927 1
445 891 1
450 900 3
450 920 1
450 662 5
450 802 2
450 692 1
450 695 1
450 568 1
450 572 1
450 712 2
450 595 4
450 596 1
450 602 1
450 742 4
454 609 2
454 772 4
454 713 1
454 592 7
458 577 1
458 558 1
458 499 1
458 956 1
462 607 3
462 617 2
462 586 3
462 687 2
462 692 2
462 535 2
462 591 2
462 923 2
466 947 2
469 547 2
469 817 2
469 978 1
469 954 2
469 795 2
469 957 2
471 865 1
471 987 1
472 586 3
472 782 8
472 912 2
477 534 1
479 904 1
482 531 1
482 987 3
482 862 2
482 990 1
483 891 2
485 823 1
485 927 1
488 568 2
491 670 1
493 530 2
493 629 2
495 568 3
495 862 1
497 977 7
499 704 1
499 679 1
499 844 1
499 684 1
499 528 2
499 565 1
499 918 1
499 607 1
500 586 4
500 546 4
500 550 5
502 718 3
502 851 1
502 951 3
502 538 3
502 862 2
502 607 4
506 996 4
506 837 4
506 1001 1
506 702 2
506 644 1
506 783 3
506 541 4
509 510 2
510 622 1
510 534 1
511 987 3
513 927 1
516 881 1
516 761 3
516 790 4
516 783 1
517 891 3
522 550 1
526 629 2
530 629 4
530 630 1
530 858 1
530 891 4
531 641 1
531 987 5
531 994 3
531 687 1
534 746 1
534 591 1
535 854 1
535 927 1
540 955 3
540 774 6
540 680 1
540 1004 1
540 697 4
540 698 3
540 987 5
540 925 1
541 996 1
541 582 2
541 1001 2
541 682 3
541 850 2
542 586 6
542 823 1
542 854 1
542 927 1
546 550 2
546 629 2
546 595 1
546 563 2
546 565 1
546 920 1
547 978 1
549 607 1
550 812 1
551 927 1
551 823 1
557 586 1
557 912 1
558 918 1
561 629 2
561 846 8
565 704 1
565 684 1
565 723 2
568 947 5
568 662 1
573 586 11
575 782 5
581 720 2
581 963 2
582 832 1
582 994 1
582 849 1
582 987 3
582 764 8
586 912 3
586 687 5
586 591 5
586 984 1
586 607 1
586 762 8
586 765 3
587 720 2
588 963 2
591 718 1
591 746 2
591 607 2
592 713 3
592 927 8
599 693 1
599 767 1
600 956 1
602 765 2
602 743 1
603 634 2
605 700 1
605 789 10
607 692 2
607 833 1
607 963 2
607 843 1
607 729 1
607 1001 4
609 707 1
609 772 3
609 1003 1
609 923 1
609 633 1
609 996 1
612 853 1
612 676 1
614 656 1
614 978 1
617 720 1
622 676 1
626 807 1
629 658 2
629 685 2
629 846 1
629 630 2
629 631 2
629 633 2
629 891 18
629 953 1
629 990 1
630 891 2
633 772 2
633 830 1
634 788 1
641 987 3
644 996 3
644 702 1
646 927 1
646 823 1
647 915 2
648 765 3
654 738 3
654 991 3
654 783 2
658 847 2
659 771 4
680 707 1
680 720 1
684 765 1
685 838 1
687 776 1
688 898 1
692 736 1
692 963 2
692 742 1
692 746 7
697 855 9
697 925 4
698 840 3
698 873 3
698 764 3
700 812 3
704 844 1
707 880 5
710 779 1
712 963 2
716 896 1
716 777 1
716 883 1
716 724 2
718 765 1
718 754 1
718 980 1
719 738 1
719 837 3
719 783 1
720 833 1
720 936 2
720 855 1
722 927 1
723 758 1
724 796 1
738 783 2
740 788 2
742 771 1
742 900 2
742 772 3
742 765 1
746 963 2
746 935 3
758 844 1
758 918 2
761 881 2
764 963 2
764 987 3
765 908 2
769 963 2
770 927 1
772 809 1
772 951 1
772 926 1
773 955 1
774 947 15
779 832 1
779 843 1
782 790 3
783 850 1
789 987 3
790 812 10
790 956 3
809 987 3
810 1004 1
823 927 1
828 881 1
835 963 2
836 963 2
838 857 2
840 987 3
844 918 1
849 987 3
851 904 1
851 978 1
851 858 1
854 968 1
854 927 1
855 963 2
855 955 2
858 891 1
858 991 1
872 987 3
873 987 3
911 1004 1
918 956 1
925 955 1
933 966 1
935 966 3
955 987 3
963 995 2
977 996 6
977 1001 6
977 1004 7
987 994 3
