0
1
2
3
4
5
6
7
8
9
10
11
12
13
14
15
16
17
18
19
20
21
22
23
24
25
26
27
28
29
30
31
32
33
34
35
36
37
38
39
40
41
42
43
44
45
46
47
48
49
50
51
52
53
54
55
56
57
58
59
60
61
62
63
64
65
66
67
68
69
70
71
72
73
74
75
76
77
78
79
80
81
82
83
84
85
86
87
88
89
90
91
92
93
94
95
96
97
98
99
100
101
102
103
104
105
106
107
108
109
110
111
112
113
114
115
116
117
118
119
120
121
122
123
124
125
126
127
128
129
130
131
132
133
134
135
136
137
138
139
141
142
143
144
145
146
147
148
149
150
151
152
153
154
155
157
158
159
160
161
162
163
164
165
166
167
168
169
170
171
172
173
174
175
176
177
178
179
180
181
182
183
184
185
186
187
188
189
190
191
192
193
194
195
196
197
198
199
200
201
202
203
204
205
206
207
208
209
210
211
212
213
214
215
216
217
218
219
220
221
222
223
224
225
226
227
228
229
230
231
232
233
235
236
237
238
239
240
241
242
243
244
245
246
247
248
249
250
251
252
253
254
255
256
257
259
260
262
263
264
265
266
267
268
269
270
271
272
273
274
275
276
277
278
279
280
281
282
283
284
285
286
287
288
289
290
291
292
293
294
295
296
297
299
300
301
302
303
304
305
306
307
308
309
310
311
312
313
314
315
316
317
318
319
320
321
322
323
324
325
326
327
328
329
330
331
332
333
334
335
336
337
338
339
340
341
343
344
345
346
347
348
349
350
351
352
353
355
356
357
358
359
360
361
362
364
365
366
367
368
369
370
371
372
373
374
375
376
377
378
379
380
381
382
383
384
385
386
387
388
389
390
391
392
393
394
395
396
397
398
399
400
401
402
403
404
405
406
407
408
409
410
411
412
413
414
415
416
418
419
420
421
422
423
424
425
426
427
428
429
430
431
432
433
434
435
436
437
438
439
440
441
442
443
444
445
446
447
448
449
450
451
452
453
454
455
456
457
458
459
460
461
462
464
465
466
467
468
469
470
471
472
473
474
475
476
477
478
479
480
481
482
483
484
485
486
487
488
489
490
491
492
493
495
496
497
498
499
500
501
502
503
504
505
506
507
508
509
510
511
512
513
514
515
516
517
518
519
520
521
522
523
524
525
526
527
528
530
531
532
533
534
535
536
537
538
539
540
541
542
543
544
545
546
547
548
549
550
551
552
553
554
556
557
558
559
560
561
562
563
564
565
566
567
568
569
570
571
572
573
574
575
576
577
578
579
580
581
582
583
584
585
586
587
588
589
590
591
592
593
594
595
596
597
598
599
600
601
602
603
604
605
606
607
609
610
611
612
613
614
615
616
617
618
619
621
622
623
624
625
626
627
628
629
630
631
632
633
634
635
636
637
638
639
640
641
642
643
644
645
646
647
648
649
650
651
652
653
654
655
656
657
658
659
660
661
662
663
664
665
666
667
668
669
670
671
672
673
674
675
676
677
678
679
680
681
682
683
684
685
686
687
688
689
690
691
692
693
694
695
696
697
698
699
700
701
702
703
704
705
706
707
708
709
710
711
712
713
714
715
716
717
718
719
720
721
722
723
724
725
726
727
728
729
730
731
732
733
734
735
736
737
738
739
740
741
742
743
744
745
746
747
748
749
750
751
752
753
754
756
757
758
759
760
761
762
763
764
765
767
768
769
770
771
772
773
774
775
776
777
778
779
780
781
782
783
784
785
786
787
788
789
790
791
792
793
794
795
796
797
798
799
800
801
802
803
804
805
806
807
808
809
810
811
812
813
814
815
816
817
818
819
820
821
822
823
824
825
826
827
828
829
830
831
832
833
834
835
836
837
838
839
840
841
842
843
844
845
846
847
848
849
850
851
852
853
854
855
856
857
858
859
860
861
862
863
864
865
866
867
868
869
870
871
872
873
874
875
876
877
878
879
880
881
882
883
884
885
886
887
888
889
890
891
892
893
894
895
896
897
898
899
900
901
902
903
904
905
906
907
908
909
910
911
912
913
914
915
916
917
918
919
920
921
922
923
924
925
926
927
928
929
930
931
932
933
934
935
936
937
938
939
940
941
942
943
944
945
946
947
948
949
950
951
952
953
954
955
956
957
958
960
961
962
963
964
965
966
967
968
969
970
971
972
973
974
975
976
977
978
979
980
981
982
983
984
985
986
987
988
989
990
991
992
993
994
995
996
997
998
999
1000
1001
1002
1003
1004
0 6 1
0 228 1
0 502 1
0 710 1
0 295 1
0 599 1
0 333 2
0 78 1
0 976 1
0 178 2
0 693 4
0 470 1
0 409 1
0 249 1
0 538 1
0 767 1
0 605 1
0 862 1
0 991 1
1 310 3
1 46 1
2 231 4
2 168 5
2 908 1
2 526 2
2 465 1
2 790 2
2 991 1
4 771 2
5 553 1
5 890 1
5 483 1
5 670 2
6 333 2
6 178 1
6 693 1
6 189 1
6 670 1
12 720 1
13 738 2
13 14 1
14 576 1
14 738 2
14 199 1
14 270 1
14 783 1
14 945 1
14 921 1
14 506 1
14 702 7
15 680 2
15 731 2
15 422 2
16 1004 1
16 541 1
17 915 1
17 316 2
24 160 3
24 428 2
24 143 2
24 530 1
24 629 8
24 280 1
25 458 2
29 1004 1
30 356 13
30 260 1
30 936 2
30 908 2
30 912 1
30 209 2
30 232 7
30 313 6
30 602 1
30 765 5
30 868 1
31 92 1
31 915 4
31 316 2
31 165 15
31 990 6
32 534 1
32 143 1
32 214 1
32 791 1
32 280 1
32 61 1
35 978 1
35 207 2
38 309 1
39 923 1
40 900 2
40 272 1
40 596 1
40 662 1
40 187 1
40 572 1
40 159 1
41 723 1
41 758 1
45 227 3
46 622 2
48 458 2
48 684 1
48 277 2
48 319 1
50 559 4
52 356 4
52 168 2
52 912 1
52 868 1
52 602 1
52 126 1
53 633 1
53 923 1
53 193 1
56 641 1
56 90 1
61 483 1
61 229 1
61 522 6
61 718 9
61 591 3
61 243 3
61 181 1
61 696 2
61 991 9
61 687 1
61 607 1
62 250 2
62 214 2
62 542 17
62 646 1
64 534 1
65 334 1
66 227 8
67 963 17
67 165 4
67 846 3
67 207 4
67 561 2
67 344 3
68 176 1
72 159 3
72 581 2
72 135 10
73 319 1
74 356 1
74 782 2
74 166 3
75 772 1
75 522 1
75 334 3
75 633 2
75 607 2
75 220 2
75 191 1
77 912 2
77 168 8
77 266 1
77 260 1
77 294 2
78 178 1
78 731 1
78 693 1
78 333 2
82 628 3
83 784 1
83 697 1
84 97 3
84 534 1
86 443 5
90 416 1
90 193 1
90 283 2
90 742 1
90 647 1
90 107 1
90 144 6
90 787 2
90 464 1
90 629 1
90 506 1
90 923 1
90 316 1
90 381 1
90 830 1
91 499 2
92 207 1
92 165 1
92 647 1
92 428 1
92 142 1
92 847 1
92 915 5
92 731 1
92 316 2
95 987 1
98 707 8
98 134 7
98 454 8
98 713 7
98 107 8
98 268 10
98 429 6
98 592 3
98 401 10
98 291 4
98 117 8
101 127 1
101 866 2
101 175 1
101 246 4
101 423 4
102 534 2
103 832 2
103 514 2
103 164 2
103 423 3
103 780 2
103 950 2
104 908 10
105 233 2
105 418 3
105 582 1
105 374 6
107 320 1
107 643 1
107 810 2
107 236 1
107 980 1
111 586 3
111 885 1
112 674 1
112 803 1
112 166 1
112 168 3
112 267 5
112 392 1
114 189 4
117 268 2
118 178 2
118 732 1
118 335 5
120 612 1
120 923 1
120 196 1
120 454 1
120 191 1
122 428 4
122 693 1
125 622 9
125 174 2
126 416 1
126 260 2
126 166 3
126 586 1
126 782 2
126 356 2
126 602 1
126 700 2
127 883 1
127 334 1
127 718 3
127 159 1
133 416 2
133 648 1
133 168 1
134 592 2
134 291 1
134 268 2
134 454 1
135 581 20
135 870 1
135 170 3
135 942 4
135 176 1
135 337 1
135 371 2
135 692 6
135 742 3
136 200 10
136 658 1
136 915 1
136 316 2
136 165 2
139 832 1
141 241 2
141 978 3
141 188 4
141 469 1
142 165 2
142 316 4
142 428 1
142 207 1
142 915 1
147 577 1
147 715 2
147 196 2
147 933 4
147 171 3
147 686 2
147 277 3
147 285 3
147 926 1
150 617 1
150 415 4
157 356 1
157 166 1
157 776 1
157 462 1
157 530 1
157 686 2
157 347 4
157 926 1
159 900 1
159 776 1
159 278 1
159 923 2
159 542 1
159 546 1
159 987 2
159 940 1
159 306 1
159 798 1
159 334 2
159 214 2
159 731 2
159 607 4
159 738 2
159 742 3
159 233 1
159 239 1
159 629 1
159 502 7
159 765 1
160 658 2
160 280 1
160 530 4
160 629 3
160 891 1
165 952 1
165 647 1
165 971 2
165 428 1
165 200 1
165 401 13
165 915 3
165 302 1
165 344 6
165 857 1
165 858 3
165 316 10
165 990 2
166 416 1
166 356 1
166 586 3
167 978 3
167 851 1
167 214 1
168 260 7
168 266 1
168 782 1
168 912 11
168 472 4
168 557 1
168 305 1
168 949 5
168 439 7
168 699 1
168 447 1
168 209 2
168 984 3
168 356 9
168 602 1
168 607 1
168 868 4
168 232 13
168 362 3
168 765 1
173 738 1
173 506 2
173 428 4
173 541 2
175 737 1
175 423 1
175 849 5
175 275 9
175 246 1
176 769 1
176 482 1
176 995 1
176 836 1
176 581 1
176 329 1
176 746 1
176 588 1
176 692 1
176 245 1
176 855 1
176 641 1
176 764 1
178 409 1
178 228 1
178 502 9
178 710 1
178 295 1
178 470 1
178 333 3
178 334 6
178 976 1
178 693 1
178 599 3
178 249 1
178 538 1
178 767 1
178 605 1
178 862 1
178 991 1
180 958 1
180 727 1
181 696 1
182 648 1
184 875 1
184 779 2
185 833 1
185 987 1
186 256 2
186 648 1
186 267 2
186 517 1
187 596 1
188 978 1
188 614 1
188 658 1
188 851 1
188 630 1
188 988 1
189 546 1
189 1004 2
189 716 1
189 904 1
189 236 6
189 652 1
189 365 1
189 718 4
189 977 1
189 595 1
189 883 1
189 470 1
189 201 1
189 249 1
189 410 2
189 670 1
190 274 1
190 951 3
191 692 1
191 253 1
191 415 4
193 546 1
193 707 1
193 230 1
193 923 1
195 410 1
196 850 1
196 429 1
196 454 2
199 921 1
199 738 1
199 996 1
200 915 8
200 952 5
200 857 1
200 316 3
207 647 1
207 424 6
207 428 3
207 558 1
207 978 1
207 469 2
207 953 1
207 795 4
208 977 2
208 236 1
209 868 2
209 356 14
209 472 1
214 544 1
214 609 1
214 687 1
214 923 3
216 558 1
216 758 1
220 471 2
223 322 1
223 853 1
223 462 1
223 343 2
227 966 1
228 333 1
228 693 3
228 502 5
228 605 4
229 306 1
229 742 6
229 607 1
231 873 2
231 738 1
231 502 1
231 698 2
231 607 1
232 356 10
232 782 3
232 868 1
232 472 2
232 260 1
232 575 1
232 607 1
233 692 7
233 245 3
233 329 2
233 540 2
235 923 1
236 1004 2
236 980 4
236 506 1
239 923 1
239 663 1
241 547 1
241 645 1
241 817 1
241 630 2
241 795 1
241 957 1
245 698 2
246 377 1
246 724 1
246 423 8
248 506 1
248 462 1
249 333 1
249 693 1
250 542 2
250 886 3
251 641 1
251 506 2
256 416 2
256 517 1
256 648 2
256 267 2
256 313 4
256 478 1
257 268 1
260 416 2
260 356 3
260 912 3
260 949 6
260 868 1
260 602 1
264 454 1
266 912 1
267 517 2
267 647 2
267 648 1
267 586 4
267 700 2
267 478 1
268 291 2
268 454 3
268 713 2
268 683 1
268 592 2
268 633 2
270 921 1
270 738 1
272 596 1
272 662 1
274 920 1
274 658 1
275 849 2
275 316 3
278 462 1
280 360 1
280 658 1
280 685 1
280 846 1
280 493 1
280 561 1
280 530 1
280 629 3
280 630 1
280 631 1
280 526 1
280 891 1
280 445 1
281 586 4
284 680 1
284 422 1
291 454 6
291 713 1
291 429 3
291 401 8
293 724 1
294 416 1
294 313 1
294 586 2
294 817 1
295 693 1
299 483 1
301 978 1
301 547 1
302 915 1
302 316 2
305 912 2
306 742 5
306 776 2
306 659 3
306 374 1
306 915 1
309 832 1
311 697 1
311 955 2
312 333 2
313 416 2
313 356 6
313 765 3
316 344 2
316 647 3
316 971 2
316 428 6
316 915 4
316 953 2
316 952 2
316 857 2
316 543 2
316 990 2
318 684 1
322 780 1
322 343 2
323 622 8
323 534 1
327 738 1
327 381 4
329 832 2
330 764 2
332 435 2
332 500 5
332 782 1
332 575 1
333 502 1
333 710 1
333 599 1
333 569 1
333 693 2
333 470 1
333 409 1
333 538 1
333 605 1
333 862 1
333 767 1
334 772 1
334 776 1
334 586 2
334 462 2
334 612 1
334 607 3
334 383 1
335 664 1
335 867 1
335 670 2
337 586 1
338 987 1
341 915 4
344 838 1
344 915 1
344 543 2
347 590 1
347 966 1
353 891 1
356 776 8
356 912 13
356 530 6
356 915 7
356 730 8
356 671 3
356 416 2
356 684 3
356 648 1
356 586 6
356 450 2
356 462 1
356 472 18
356 602 4
356 607 4
356 868 4
356 742 4
356 765 23
360 629 1
360 630 2
360 543 1
362 609 1
362 618 1
362 383 2
364 418 1
369 535 3
374 742 1
374 953 1
377 866 3
377 422 2
377 423 3
377 718 2
377 883 1
377 729 4
381 643 2
381 670 1
383 720 9
383 940 1
383 732 1
388 832 1
388 617 1
388 612 1
388 638 1
388 534 2
392 803 1
397 671 1
397 975 1
401 454 13
401 683 1
401 429 10
401 415 12
402 559 3
409 693 1
410 832 1
410 896 2
410 969 1
410 650 1
410 719 1
410 977 2
410 663 3
410 638 1
415 833 2
415 752 2
415 978 1
415 607 2
416 868 1
416 648 2
416 586 2
416 912 1
416 927 2
416 573 2
416 607 2
418 977 2
418 531 4
418 996 15
421 424 14
421 978 1
421 795 4
422 613 2
422 680 2
422 700 1
422 658 1
422 696 2
422 731 4
423 866 3
423 977 5
424 978 2
424 795 8
424 990 3
427 955 2
428 838 2
428 915 14
428 857 4
428 795 1
429 454 10
432 433 4
432 915 1
433 881 3
435 500 2
435 782 3
437 738 1
443 742 2
443 908 1
443 662 2
444 535 5
447 984 3
447 586 4
450 802 4
450 742 2
450 776 7
450 586 2
450 462 1
450 530 3
450 915 5
450 695 1
450 568 1
450 572 2
450 671 1
454 609 1
454 713 1
454 587 1
454 592 5
454 772 1
458 684 1
458 704 1
458 577 1
459 517 1
462 517 1
462 783 1
462 923 1
462 670 1
462 671 1
462 687 1
462 692 1
462 542 1
462 833 1
462 718 1
462 591 1
462 851 1
462 607 4
462 742 2
462 743 1
462 617 1
465 783 1
466 568 1
469 978 1
469 795 1
470 693 1
471 987 1
472 743 1
472 782 13
472 868 1
476 923 1
479 718 1
482 641 1
482 531 3
483 646 2
483 607 2
485 513 1
485 794 1
485 542 3
493 978 1
493 685 1
493 561 1
493 530 2
493 629 5
497 773 1
499 684 4
499 918 1
499 607 2
500 782 1
500 814 2
502 532 2
502 693 1
502 607 2
506 738 1
506 996 2
506 775 4
506 783 1
506 688 1
506 921 1
506 670 4
512 978 1
516 738 1
517 742 1
517 776 5
517 530 1
517 915 4
517 671 1
526 629 1
528 609 1
530 742 5
530 776 10
530 586 5
530 684 3
530 765 1
530 915 10
530 629 23
530 630 2
530 891 14
530 671 4
531 641 2
531 987 3
532 688 1
532 738 1
534 676 1
538 693 1
540 697 3
540 698 2
540 955 3
540 987 1
541 738 1
541 996 2
542 890 1
542 607 3
543 915 2
543 971 1
546 550 2
546 607 1
547 585 1
547 658 1
547 978 1
547 851 1
552 978 1
552 901 1
553 980 1
557 912 2
559 622 10
561 658 1
561 629 1
569 607 1
573 586 6
576 921 1
576 738 1
582 840 1
582 686 1
585 764 1
586 776 8
586 782 1
586 915 7
586 671 3
586 684 2
586 854 2
586 984 4
586 868 2
586 742 4
586 617 1
587 720 8
591 776 1
591 915 1
591 696 2
591 923 1
591 607 2
592 713 1
592 927 3
595 718 1
596 662 2
599 693 1
602 743 1
602 868 1
605 789 1
605 693 5
607 915 2
607 696 2
607 927 1
607 742 3
609 772 1
612 740 1
614 978 1
614 851 4
617 833 1
617 720 2
622 676 9
629 891 5
629 685 1
629 658 2
629 846 1
629 630 2
629 631 1
633 920 2
633 923 4
641 809 1
643 685 1
644 738 1
644 996 1
644 702 1
647 915 1
648 765 1
650 738 3
650 682 2
650 654 1
650 783 1
650 881 1
650 686 2
654 682 2
654 738 6
654 991 3
657 738 1
658 990 1
659 742 1
662 900 1
663 950 4
670 808 1
671 684 1
671 915 6
671 891 1
671 765 1
672 844 2
680 720 3
682 738 4
682 783 2
684 742 2
684 776 7
684 956 1
684 844 1
684 915 5
685 838 1
685 1001 3
685 724 2
687 776 1
687 923 2
693 710 1
693 976 1
693 767 1
693 862 1
693 991 1
696 991 1
697 771 1
697 855 5
697 925 3
698 840 2
698 873 2
698 764 2
700 838 2
700 881 4
700 908 1
700 849 1
700 956 2
702 738 1
703 771 3
707 923 1
707 951 1
710 779 1
710 767 1
711 718 1
715 926 1
716 724 1
716 718 1
718 866 5
718 904 1
718 754 1
718 980 1
718 724 1
719 738 2
720 833 1
720 855 2
723 758 1
724 1001 2
737 849 1
738 783 4
738 921 3
738 924 1
738 945 1
738 828 2
738 837 2
738 850 3
738 979 1
738 996 1
738 745 2
738 881 1
738 1001 1
738 761 1
740 788 2
742 769 1
742 891 1
742 765 1
742 915 7
742 900 2
743 908 1
758 956 1
758 918 1
762 908 1
765 776 3
765 908 3
765 915 4
765 868 1
772 923 3
773 955 3
774 947 35
776 915 10
776 891 3
779 843 1
788 879 2
790 812 1
795 978 1
796 977 1
809 987 1
817 978 1
828 837 2
833 987 1
840 987 1
844 956 1
849 987 1
851 978 2
851 988 1
857 915 3
858 991 2
868 912 2
875 923 1
880 923 1
890 923 1
890 987 1
891 915 4
891 920 1
915 923 2
915 952 1
915 953 1
915 971 1
915 990 1
923 951 1
925 955 2
933 966 3
935 966 2
951 996 1
954 978 1
955 987 2
957 978 1
977 1001 7
977 1004 2
978 988 1
