0
1
2
3
4
5
6
7
8
9
10
11
12
13
14
15
16
17
18
19
20
21
22
23
24
25
26
27
28
29
30
31
32
33
34
35
36
37
38
39
40
41
42
43
44
45
46
47
48
49
50
51
52
53
54
55
56
57
58
59
60
61
62
63
64
65
66
67
68
69
70
71
72
73
74
75
76
77
78
79
80
81
82
83
84
85
86
87
88
89
90
91
92
93
94
95
96
97
98
99
100
101
102
103
104
105
106
107
108
109
110
111
112
113
114
115
116
117
118
119
120
121
122
123
124
125
126
127
128
129
130
131
132
133
134
135
136
137
138
139
141
142
143
144
145
146
147
148
149
150
151
152
153
154
155
157
158
159
160
161
162
163
164
165
166
167
168
169
170
171
172
173
174
175
176
177
178
179
180
181
182
183
184
185
186
187
188
189
190
191
192
193
194
195
196
197
198
199
200
201
202
203
204
205
206
207
208
209
210
211
212
213
214
215
216
217
218
219
220
221
222
223
224
225
226
227
228
229
230
231
232
233
235
236
237
238
239
240
241
242
243
244
245
246
247
248
249
250
251
252
253
254
255
256
257
259
260
262
263
264
265
266
267
268
269
270
271
272
273
274
275
276
277
278
279
280
281
282
283
284
285
286
287
288
289
290
291
292
293
294
295
296
297
299
300
301
302
303
304
305
306
307
308
309
310
311
312
313
314
315
316
317
318
319
320
321
322
323
324
325
326
327
328
329
330
331
332
333
334
335
336
337
338
339
340
341
343
344
345
346
347
348
349
350
351
352
353
355
356
357
358
359
360
361
362
364
365
366
367
368
369
370
371
372
373
374
375
376
377
378
379
380
381
382
383
384
385
386
387
388
389
390
391
392
393
394
395
396
397
398
399
400
401
402
403
404
405
406
407
408
409
410
411
412
413
414
415
416
418
419
420
421
422
423
424
425
426
427
428
429
430
431
432
433
434
435
436
437
438
439
440
441
442
443
444
445
446
447
448
449
450
451
452
453
454
455
456
457
458
459
460
461
462
464
465
466
467
468
469
470
471
472
473
474
475
476
477
478
479
480
481
482
483
484
485
486
487
488
489
490
491
492
493
495
496
497
498
499
500
501
502
503
504
505
506
507
508
509
510
511
512
513
514
515
516
517
518
519
520
521
522
523
524
525
526
527
528
530
531
532
533
534
535
536
537
538
539
540
541
542
543
544
545
546
547
548
549
550
551
552
553
554
556
557
558
559
560
561
562
563
564
565
566
567
568
569
570
571
572
573
574
575
576
577
578
579
580
581
582
583
584
585
586
587
588
589
590
591
592
593
594
595
596
597
598
599
600
601
602
603
604
605
606
607
609
610
611
612
613
614
615
616
617
618
619
621
622
623
624
625
626
627
628
629
630
631
632
633
634
635
636
637
638
639
640
641
642
643
644
645
646
647
648
649
650
651
652
653
654
655
656
657
658
659
660
661
662
663
664
665
666
667
668
669
670
671
672
673
674
675
676
677
678
679
680
681
682
683
684
685
686
687
688
689
690
691
692
693
694
695
696
697
698
699
700
701
702
703
704
705
706
707
708
709
710
711
712
713
714
715
716
717
718
719
720
721
722
723
724
725
726
727
728
729
730
731
732
733
734
735
736
737
738
739
740
741
742
743
744
745
746
747
748
749
750
751
752
753
754
756
757
758
759
760
761
762
763
764
765
767
768
769
770
771
772
773
774
775
776
777
778
779
780
781
782
783
784
785
786
787
788
789
790
791
792
793
794
795
796
797
798
799
800
801
802
803
804
805
806
807
808
809
810
811
812
813
814
815
816
817
818
819
820
821
822
823
824
825
826
827
828
829
830
831
832
833
834
835
836
837
838
839
840
841
842
843
844
845
846
847
848
849
850
851
852
853
854
855
856
857
858
859
860
861
862
863
864
865
866
867
868
869
870
871
872
873
874
875
876
877
878
879
880
881
882
883
884
885
886
887
888
889
890
891
892
893
894
895
896
897
898
899
900
901
902
903
904
905
906
907
908
909
910
911
912
913
914
915
916
917
918
919
920
921
922
923
924
925
926
927
928
929
930
931
932
933
934
935
936
937
938
939
940
941
942
943
944
945
946
947
948
949
950
951
952
953
954
955
956
957
958
960
961
962
963
964
965
966
967
968
969
970
971
972
973
974
975
976
977
978
979
980
981
982
983
984
985
986
987
988
989
990
991
992
993
994
995
996
997
998
999
1000
1001
1002
1003
1004
0 178 2
1 310 2
2 812 1
2 77 6
2 465 1
2 178 1
2 499 1
2 790 2
2 119 1
2 700 1
2 991 1
4 720 1
4 441 1
4 371 1
4 159 1
5 553 1
5 175 1
5 335 1
6 178 2
7 810 2
12 720 1
13 738 1
13 14 3
13 783 1
14 576 1
14 738 2
14 131 1
14 516 1
14 837 1
14 199 1
14 650 1
14 173 1
14 270 1
14 719 3
14 881 3
14 996 1
14 921 1
14 761 1
14 506 1
14 924 2
14 541 1
14 702 2
15 680 3
15 731 2
15 422 1
16 754 2
16 506 1
17 915 2
17 316 2
24 280 1
24 530 2
24 629 2
24 838 1
25 319 1
28 987 3
29 333 1
29 335 1
30 313 1
31 915 4
31 316 3
31 990 1
32 280 1
32 572 2
32 143 1
35 280 1
35 469 1
38 322 1
38 591 1
38 343 1
40 802 1
40 379 1
40 566 1
40 488 1
40 60 1
40 290 1
40 272 3
40 712 1
40 947 1
40 596 1
40 662 1
40 695 2
40 568 1
40 187 1
40 572 1
40 254 1
41 704 1
41 565 1
42 323 2
45 66 2
45 227 2
48 458 1
48 684 1
48 565 1
48 558 2
52 168 4
52 416 1
52 472 1
52 356 2
52 232 1
53 416 2
53 614 1
53 471 1
56 280 2
56 987 3
58 577 1
58 338 1
61 607 3
61 991 9
62 214 1
62 542 3
62 646 4
65 607 1
66 227 3
67 963 23
67 165 9
67 846 8
67 207 8
67 561 7
67 344 8
68 987 3
72 90 1
72 581 2
72 135 11
74 762 1
74 166 3
74 294 1
75 772 1
77 369 15
77 266 9
77 699 1
77 575 4
78 178 2
78 506 1
82 720 1
83 771 1
86 443 1
90 997 1
90 199 1
90 167 1
90 178 2
90 663 1
90 281 2
90 191 1
90 220 1
90 701 2
90 927 1
92 280 1
92 915 4
92 316 2
95 987 3
96 788 1
96 638 1
96 223 1
98 707 6
98 454 9
98 134 5
98 713 5
98 107 10
98 268 6
98 429 4
98 592 7
98 401 7
98 291 3
98 117 5
98 278 1
98 607 1
101 377 1
102 534 1
103 514 2
103 950 2
104 765 1
107 898 2
107 713 1
107 810 1
107 236 5
107 532 1
107 537 1
107 670 2
107 159 1
111 586 2
112 674 1
112 267 2
112 166 1
113 854 2
117 268 1
118 532 2
118 502 1
118 335 1
119 790 1
125 676 1
125 622 1
126 984 2
126 313 2
126 586 6
126 730 1
127 629 1
127 334 1
127 607 1
134 592 5
134 738 1
135 581 3
135 936 3
135 329 2
135 942 3
135 720 2
135 628 1
135 405 1
135 692 1
136 200 2
136 280 1
136 915 7
136 316 3
139 832 2
141 241 1
141 362 1
141 469 1
141 302 1
142 280 1
142 915 8
142 316 3
142 165 1
143 696 2
143 410 2
146 326 2
147 416 1
147 454 2
151 471 1
152 443 1
157 586 1
157 684 1
157 166 2
159 517 2
159 915 2
159 663 5
159 542 1
159 671 1
159 167 1
159 433 1
159 692 1
159 927 1
159 188 5
159 329 1
159 209 2
159 978 8
159 343 1
159 220 1
159 742 2
159 743 1
159 746 1
159 659 1
159 377 1
160 280 1
160 629 2
164 638 1
165 207 3
165 401 12
165 915 2
165 344 3
165 857 1
165 316 10
166 704 1
166 674 1
166 586 2
166 294 2
166 743 1
166 332 1
166 557 1
167 547 2
167 978 1
167 851 1
167 469 1
167 630 4
167 280 1
168 416 1
168 966 2
168 586 1
168 782 4
168 912 7
168 949 1
168 313 1
169 372 1
170 720 1
170 405 1
170 855 1
173 506 1
173 924 1
173 541 1
175 423 3
175 335 1
175 849 2
175 275 5
175 532 1
178 409 2
178 538 2
178 646 1
178 295 2
178 693 3
178 710 2
178 333 4
178 976 5
178 334 3
178 470 2
178 599 2
178 605 2
178 862 2
178 991 2
178 482 1
178 228 2
178 502 8
178 249 2
178 767 2
181 656 1
184 832 1
184 710 1
184 423 1
185 987 1
185 471 1
188 280 1
188 978 2
188 988 1
188 469 1
189 880 1
189 236 2
190 656 1
190 629 1
191 927 1
192 362 1
192 506 1
193 290 1
193 607 1
199 644 1
199 506 1
199 924 1
200 971 2
200 344 1
200 915 4
200 341 1
200 952 3
200 316 3
200 543 1
201 335 1
207 424 7
207 558 1
207 469 3
207 280 1
207 795 7
208 537 1
208 335 1
214 742 3
214 617 1
214 912 1
214 629 2
214 765 1
216 321 4
216 558 2
220 772 1
223 322 1
223 939 1
223 879 1
223 343 1
223 638 1
228 362 1
228 333 1
228 502 2
228 605 3
229 306 1
231 738 4
231 233 3
231 994 1
231 624 3
231 245 2
231 698 1
231 987 3
231 540 2
232 912 1
232 966 2
233 245 2
236 320 1
236 1004 4
236 335 1
236 980 1
236 537 3
239 324 1
239 629 1
239 951 1
241 280 1
241 469 1
245 698 1
245 987 3
245 540 4
246 377 1
248 506 1
250 416 2
250 700 1
250 886 1
251 987 3
253 290 1
256 416 1
256 356 1
260 416 1
266 416 1
267 280 1
267 586 6
267 662 1
268 633 1
268 291 1
268 454 1
269 925 1
270 783 1
272 568 2
272 450 3
274 656 1
274 280 1
274 920 1
275 849 2
278 290 1
280 647 1
280 656 1
280 408 1
280 547 1
280 421 1
280 424 1
280 561 1
280 301 1
280 817 1
280 658 1
280 953 1
280 954 1
280 846 1
280 526 1
280 990 1
280 293 1
280 360 1
280 493 1
280 629 3
280 631 1
280 469 1
281 497 1
281 905 1
290 589 1
291 401 4
291 429 1
291 454 4
292 769 1
293 724 3
293 711 2
294 416 1
294 586 2
299 388 5
299 559 1
301 469 1
302 915 2
302 316 3
303 950 1
304 720 1
304 441 1
305 416 1
305 743 1
306 771 2
306 362 1
306 659 1
306 742 5
310 586 1
311 987 4
311 955 1
313 416 1
316 647 3
316 915 11
316 543 3
316 428 4
316 415 1
316 952 3
316 953 1
316 971 3
316 344 2
316 857 4
316 349 1
316 990 3
316 607 1
316 629 5
316 890 2
319 618 1
319 684 1
319 956 1
319 558 2
321 618 1
321 684 1
321 558 1
322 343 2
322 879 5
324 534 1
327 849 1
327 381 2
329 540 1
329 910 1
332 435 1
332 782 1
332 575 1
333 506 1
334 772 1
334 617 1
334 586 1
334 388 1
334 607 8
335 643 1
335 532 1
335 664 2
335 537 1
335 670 1
335 808 1
335 553 1
335 810 2
335 688 1
335 464 1
335 468 1
335 985 1
335 737 1
335 867 2
335 1004 1
335 980 1
335 381 1
337 505 3
338 987 4
341 739 1
341 915 3
343 663 4
344 915 2
344 952 1
347 966 1
353 656 1
353 891 3
356 586 1
356 684 1
356 912 3
356 602 1
360 629 2
361 987 3
362 704 1
362 900 2
362 421 1
362 464 1
362 371 1
362 758 1
364 506 1
364 987 3
371 720 1
372 595 1
372 404 2
373 656 1
374 953 1
377 393 1
377 586 1
377 630 2
377 731 2
378 514 2
379 568 2
383 720 4
383 732 2
392 674 1
401 454 13
401 429 10
401 415 5
404 506 1
407 843 5
409 506 1
410 719 1
415 416 2
416 912 6
416 439 1
416 949 1
416 927 2
418 977 5
418 996 3
420 509 1
421 424 10
421 795 3
421 469 1
422 731 1
423 832 3
423 977 1
424 469 1
424 795 11
424 990 2
427 955 1
427 540 1
428 857 1
428 915 10
428 838 4
428 647 1
429 454 12
432 987 3
433 738 1
433 987 3
440 537 1
444 471 2
445 629 1
447 586 2
450 754 2
450 572 1
450 546 2
454 772 3
454 713 1
454 592 10
456 720 1
458 577 5
458 684 1
458 558 2
458 918 1
458 956 1
466 662 1
469 547 1
469 817 1
469 630 1
469 954 1
469 795 1
469 957 1
471 617 1
471 987 1
472 912 1
472 782 3
481 565 1
482 531 1
482 987 3
482 606 1
483 607 1
491 506 1
491 644 1
493 629 2
499 684 1
499 558 2
500 586 2
502 951 1
502 862 3
502 607 1
505 612 1
506 644 1
506 783 3
506 921 1
506 924 1
506 541 1
506 670 1
506 688 1
506 702 1
506 599 1
506 996 1
506 745 1
510 622 1
510 534 1
512 979 1
514 780 2
514 950 3
516 790 1
517 586 1
517 684 1
526 530 1
526 629 2
527 720 1
530 630 1
530 891 12
530 629 12
531 987 5
531 607 5
532 553 4
532 790 2
534 638 1
534 607 1
535 586 1
535 684 1
537 674 1
538 951 1
540 832 2
540 641 2
540 994 2
540 955 9
540 698 1
540 987 3
541 738 1
541 644 1
541 1001 2
541 702 2
542 586 1
542 684 1
542 646 1
543 952 2
543 915 4
546 900 2
549 866 2
558 956 3
559 622 1
561 629 2
565 704 2
565 723 1
568 596 2
569 607 3
569 629 1
569 599 1
572 862 1
572 951 3
573 586 4
573 772 1
575 782 3
581 720 1
581 936 1
582 987 3
586 772 1
586 782 1
586 684 2
586 687 1
586 984 6
586 743 1
586 617 1
587 720 11
591 607 3
592 713 2
592 927 4
597 738 1
602 908 1
602 765 1
605 789 1
607 612 1
607 742 1
607 692 1
607 718 1
607 687 1
609 720 2
609 772 1
609 791 1
612 633 1
617 687 1
626 873 1
628 720 2
628 638 5
629 658 3
629 685 2
629 846 2
629 978 1
629 865 1
629 630 2
629 631 2
629 891 11
630 978 5
641 987 3
644 738 2
644 924 2
647 915 9
650 738 2
650 654 1
650 682 2
650 783 2
654 738 1
654 682 1
654 991 6
656 838 2
656 920 1
659 742 2
672 844 2
680 720 3
682 738 2
682 783 1
684 743 1
687 772 1
687 742 1
692 736 1
692 910 1
697 720 1
698 840 1
698 873 1
698 764 1
700 790 3
702 924 1
702 783 1
709 851 1
709 980 1
711 843 1
718 724 2
720 870 2
720 833 1
720 936 1
720 871 1
720 855 3
731 870 1
738 1001 1
738 783 2
738 979 1
738 921 2
738 923 2
739 915 2
742 769 1
742 771 2
742 784 2
742 915 4
745 828 1
746 935 2
758 956 1
761 881 1
761 866 3
762 984 1
762 765 1
764 987 3
765 908 1
771 901 2
773 955 1
774 947 30
783 1001 1
789 987 3
790 956 3
790 812 7
795 978 1
809 987 3
817 851 1
832 955 3
838 857 1
838 988 1
840 987 3
844 956 1
844 918 1
849 987 3
851 978 1
851 980 1
857 915 6
858 991 2
872 987 3
873 987 3
881 928 2
912 949 3
915 952 2
915 953 2
915 971 4
915 990 4
924 1001 1
925 955 1
933 966 1
935 966 1
952 971 1
955 987 4
969 977 2
977 1001 2
977 1004 2
987 994 3
