0
1
2
3
4
5
6
7
8
9
10
11
12
13
14
15
16
17
18
19
20
21
22
23
24
25
26
27
28
29
30
31
32
33
34
35
36
37
38
39
40
41
42
43
44
45
46
47
48
49
50
51
52
53
54
55
56
57
58
59
60
61
62
63
64
65
66
67
68
69
70
71
72
73
74
75
76
77
78
79
80
81
82
83
84
85
86
87
88
89
90
91
92
93
94
95
96
97
98
99
100
101
102
103
104
105
106
107
108
109
110
111
112
113
114
115
116
117
118
119
120
121
122
123
124
125
126
127
128
129
130
131
132
133
134
135
136
137
138
139
141
142
143
144
145
146
147
148
149
150
151
152
153
154
155
157
158
159
160
161
162
163
164
165
166
167
168
169
170
171
172
173
174
175
176
177
178
179
180
181
182
183
184
185
186
187
188
189
190
191
192
193
194
195
196
197
198
199
200
201
202
203
204
205
206
207
208
209
210
211
212
213
214
215
216
217
218
219
220
221
222
223
224
225
226
227
228
229
230
231
232
233
235
236
237
238
239
240
241
242
243
244
245
246
247
248
249
250
251
252
253
254
255
256
257
259
260
262
263
264
265
266
267
268
269
270
271
272
273
274
275
276
277
278
279
280
281
282
283
284
285
286
287
288
289
290
291
292
293
294
295
296
297
299
300
301
302
303
304
305
306
307
308
309
310
311
312
313
314
315
316
317
318
319
320
321
322
323
324
325
326
327
328
329
330
331
332
333
334
335
336
337
338
339
340
341
343
344
345
346
347
348
349
350
351
352
353
355
356
357
358
359
360
361
362
364
365
366
367
368
369
370
371
372
373
374
375
376
377
378
379
380
381
382
383
384
385
386
387
388
389
390
391
392
393
394
395
396
397
398
399
400
401
402
403
404
405
406
407
408
409
410
411
412
413
414
415
416
418
419
420
421
422
423
424
425
426
427
428
429
430
431
432
433
434
435
436
437
438
439
440
441
442
443
444
445
446
447
448
449
450
451
452
453
454
455
456
457
458
459
460
461
462
464
465
466
467
468
469
470
471
472
473
474
475
476
477
478
479
480
481
482
483
484
485
486
487
488
489
490
491
492
493
495
496
497
498
499
500
501
502
503
504
505
506
507
508
509
510
511
512
513
514
515
516
517
518
519
520
521
522
523
524
525
526
527
528
530
531
532
533
534
535
536
537
538
539
540
541
542
543
544
545
546
547
548
549
550
551
552
553
554
556
557
558
559
560
561
562
563
564
565
566
567
568
569
570
571
572
573
574
575
576
577
578
579
580
581
582
583
584
585
586
587
588
589
590
591
592
593
594
595
596
597
598
599
600
601
602
603
604
605
606
607
609
610
611
612
613
614
615
616
617
618
619
621
622
623
624
625
626
627
628
629
630
631
632
633
634
635
636
637
638
639
640
641
642
643
644
645
646
647
648
649
650
651
652
653
654
655
656
657
658
659
660
661
662
663
664
665
666
667
668
669
670
671
672
673
674
675
676
677
678
679
680
681
682
683
684
685
686
687
688
689
690
691
692
693
694
695
696
697
698
699
700
701
702
703
704
705
706
707
708
709
710
711
712
713
714
715
716
717
718
719
720
721
722
723
724
725
726
727
728
729
730
731
732
733
734
735
736
737
738
739
740
741
742
743
744
745
746
747
748
749
750
751
752
753
754
756
757
758
759
760
761
762
763
764
765
767
768
769
770
771
772
773
774
775
776
777
778
779
780
781
782
783
784
785
786
787
788
789
790
791
792
793
794
795
796
797
798
799
800
801
802
803
804
805
806
807
808
809
810
811
812
813
814
815
816
817
818
819
820
821
822
823
824
825
826
827
828
829
830
831
832
833
834
835
836
837
838
839
840
841
842
843
844
845
846
847
848
849
850
851
852
853
854
855
856
857
858
859
860
861
862
863
864
865
866
867
868
869
870
871
872
873
874
875
876
877
878
879
880
881
882
883
884
885
886
887
888
889
890
891
892
893
894
895
896
897
898
899
900
901
902
903
904
905
906
907
908
909
910
911
912
913
914
915
916
917
918
919
920
921
922
923
924
925
926
927
928
929
930
931
932
933
934
935
936
937
938
939
940
941
942
943
944
945
946
947
948
949
950
951
952
953
954
955
956
957
958
960
961
962
963
964
965
966
967
968
969
970
971
972
973
974
975
976
977
978
979
980
981
982
983
984
985
986
987
988
989
990
991
992
993
994
995
996
997
998
999
1000
1001
1002
1003
1004
0 6 1
0 519 1
0 409 1
0 538 1
0 929 1
0 178 3
0 693 1
0 314 1
0 705 1
0 710 1
0 333 1
0 78 1
0 976 1
0 470 1
0 599 1
0 732 4
0 605 1
0 862 1
0 991 1
0 99 1
0 228 1
0 502 1
0 249 1
0 767 1
2 516 1
2 126 3
2 782 3
4 304 1
4 771 1
4 135 1
5 107 3
5 491 1
5 670 2
5 335 4
6 178 2
6 236 1
6 189 1
7 810 2
8 544 2
13 516 1
13 951 1
14 796 2
14 724 2
14 921 1
14 924 5
14 381 1
14 702 1
15 680 1
15 731 4
15 422 1
16 752 1
16 716 2
19 716 1
19 333 1
24 891 4
24 772 1
24 629 6
24 846 1
24 493 1
25 48 2
25 844 1
28 482 1
28 987 3
29 107 2
29 381 1
29 670 4
31 165 7
31 990 4
32 280 2
32 840 1
32 692 1
32 718 1
32 591 1
35 362 1
38 832 3
38 638 1
40 272 1
40 450 1
40 772 1
40 214 3
40 695 1
41 73 2
41 565 1
41 503 1
42 534 1
42 310 2
42 951 3
45 227 1
46 310 1
48 458 3
48 684 1
48 558 2
48 216 2
48 956 3
48 319 2
50 559 7
52 256 1
52 912 1
52 868 1
52 133 1
52 232 2
52 356 7
52 648 1
52 112 8
52 168 1
52 416 1
52 948 1
52 472 1
52 313 6
52 126 5
53 542 1
53 454 1
56 482 3
56 772 1
56 214 1
56 840 1
56 617 2
56 566 1
56 68 1
56 987 8
56 540 2
58 909 3
60 187 1
61 900 1
61 517 3
61 550 3
61 243 1
61 840 1
61 522 5
61 843 1
61 782 6
61 687 2
61 595 1
61 334 4
61 718 12
61 692 2
61 586 1
61 607 1
62 800 1
62 416 2
62 163 1
62 485 6
62 646 2
62 551 2
62 444 1
62 535 1
62 369 1
62 113 2
62 722 1
62 513 1
62 854 1
62 823 7
62 120 1
62 250 1
62 799 1
62 913 1
62 542 5
62 895 1
66 227 1
67 963 13
67 165 9
67 391 7
67 846 5
67 207 4
67 561 3
67 344 9
68 987 3
68 540 2
69 879 3
70 772 1
70 334 2
70 534 1
70 343 1
70 120 5
70 607 1
70 415 2
73 723 2
74 416 1
74 256 1
74 294 1
74 166 1
74 743 1
74 648 2
74 912 3
74 104 1
74 885 1
74 984 2
74 232 1
74 447 1
75 948 2
75 772 1
75 334 1
78 178 2
78 951 1
82 628 1
82 135 1
83 784 1
84 534 1
86 765 1
89 718 1
90 704 2
90 720 1
90 388 1
90 997 3
90 832 1
90 135 2
90 746 3
90 236 3
90 397 3
90 624 2
90 448 2
90 246 1
90 644 1
90 464 1
95 987 3
98 707 9
98 454 2
98 134 7
98 713 3
98 107 11
98 268 9
98 429 3
98 592 11
98 401 7
98 117 9
99 178 2
99 599 1
101 377 1
101 175 1
101 716 1
101 246 1
101 423 5
103 663 3
103 423 2
104 133 2
104 648 1
104 425 34
104 721 4
104 765 4
105 418 1
107 192 2
107 898 2
107 899 2
107 236 3
107 652 2
107 643 1
107 532 2
107 664 2
107 537 2
107 670 2
107 289 2
107 808 2
107 553 3
107 810 6
107 175 2
107 688 2
107 393 2
107 320 2
107 201 3
107 1004 2
107 718 2
107 335 2
107 464 2
107 468 4
107 471 1
107 985 2
107 737 2
107 208 2
107 118 2
107 980 3
107 381 3
109 730 1
111 586 2
111 746 1
112 674 1
112 803 1
112 646 2
112 1000 1
112 267 3
112 392 3
113 648 3
113 854 1
117 268 1
118 365 1
118 502 2
118 335 4
119 812 1
120 772 1
120 823 2
120 948 3
120 534 3
120 535 2
120 542 1
125 622 5
126 416 3
126 356 5
126 648 2
126 586 2
126 782 3
126 912 2
126 790 3
126 984 3
126 948 1
126 700 2
127 772 2
127 718 1
127 607 1
129 715 1
133 356 1
133 912 2
133 648 2
133 602 1
134 592 3
135 581 9
135 870 2
135 936 1
135 617 1
135 170 1
135 334 1
135 337 2
135 371 4
135 628 1
135 942 16
135 214 1
135 855 5
135 692 1
135 405 3
141 188 1
141 214 1
143 544 1
143 280 1
143 362 1
143 669 1
143 214 1
144 544 1
147 347 4
147 772 1
147 157 1
149 716 1
151 253 1
152 765 1
152 742 1
153 977 2
153 418 6
153 996 1
153 410 1
157 718 3
159 450 1
159 233 1
159 940 2
159 724 1
159 214 8
159 638 2
160 360 1
160 629 5
160 526 1
163 646 3
164 322 1
164 638 4
165 344 9
165 401 9
165 316 4
166 704 1
166 416 1
166 356 1
166 743 2
166 586 1
167 988 2
167 469 1
168 356 1
168 966 1
168 648 4
168 912 8
168 790 3
168 948 1
169 314 1
170 936 2
170 840 1
171 933 1
173 454 1
175 737 1
175 423 3
175 849 6
175 275 1
175 246 2
178 214 2
178 409 2
178 538 2
178 929 2
178 295 2
178 693 2
178 569 2
178 314 2
178 710 2
178 333 3
178 976 2
178 339 2
178 718 1
178 470 2
178 599 2
178 605 2
178 862 2
178 991 2
178 228 2
178 502 4
178 249 2
178 767 2
180 897 1
181 552 1
181 724 1
181 190 1
184 700 1
185 833 1
185 501 1
188 421 2
188 614 3
188 752 2
188 978 4
188 502 3
189 772 1
189 550 1
189 333 2
189 502 3
189 410 1
189 316 1
189 670 1
190 353 1
190 772 1
190 614 2
190 656 3
190 274 1
190 373 2
190 951 1
190 920 1
191 607 3
191 692 6
191 935 1
192 506 1
192 381 2
193 416 2
193 454 3
193 617 1
193 714 1
193 633 1
193 923 1
198 454 1
199 644 2
200 952 4
200 971 2
200 316 1
201 595 1
201 335 2
206 622 1
207 424 2
207 428 1
207 493 2
207 558 2
207 847 2
207 373 1
207 795 4
207 988 1
208 977 1
208 236 3
214 515 1
214 776 1
214 530 1
214 531 1
214 278 2
214 920 1
214 923 2
214 544 1
214 290 1
214 940 3
214 687 1
214 692 1
214 569 1
214 316 3
214 416 1
214 450 1
214 963 2
214 324 1
214 712 2
214 334 1
214 720 1
214 220 1
214 865 1
214 738 1
214 356 1
214 742 1
214 746 1
214 371 1
214 629 1
214 502 2
216 458 1
216 956 1
220 772 2
224 349 5
226 540 1
228 693 1
228 333 1
229 421 1
231 738 1
231 329 1
231 874 3
231 415 1
231 245 1
231 538 2
231 987 5
231 540 1
231 607 1
232 356 3
232 425 3
232 782 6
232 305 1
232 946 1
232 790 1
232 472 1
233 692 1
245 540 2
245 874 3
245 269 1
245 692 3
245 987 3
245 764 3
246 423 7
250 332 2
250 854 2
250 607 3
251 482 1
251 987 9
256 356 3
266 912 1
266 790 1
266 439 8
267 772 1
267 517 3
267 648 3
267 586 7
267 751 3
267 936 1
267 435 3
267 478 2
268 633 1
268 454 1
273 951 1
274 772 1
275 849 5
280 772 2
280 902 2
280 846 3
280 978 1
280 629 4
280 502 3
280 731 1
280 862 1
281 497 1
281 772 1
284 731 2
288 750 2
288 484 9
288 773 8
288 391 22
288 493 12
288 846 11
288 561 9
288 629 12
288 630 2
288 445 6
289 810 3
289 506 1
289 335 7
291 401 1
293 976 2
293 716 1
294 586 1
294 782 3
294 817 1
294 885 1
294 313 1
299 343 1
304 441 2
306 771 1
306 700 1
310 706 3
310 586 5
310 950 3
310 343 2
310 735 4
311 840 1
311 955 1
311 987 3
313 356 3
313 885 3
314 693 1
314 599 4
316 838 1
316 629 2
316 952 1
318 844 1
319 832 2
319 1002 1
321 499 1
321 565 1
322 388 2
322 638 2
322 534 1
323 622 2
327 414 1
329 624 4
329 775 2
329 719 1
329 582 1
332 416 1
332 500 11
332 910 1
333 502 2
333 767 3
334 416 1
334 994 2
334 772 3
334 517 1
334 586 1
334 687 1
334 435 1
334 692 1
334 500 1
334 638 1
334 607 2
335 899 5
335 537 1
335 381 1
336 926 1
337 607 3
338 987 3
338 540 3
340 772 1
343 399 3
343 534 1
343 607 3
343 863 2
345 479 5
347 715 2
347 933 1
349 976 4
353 630 2
353 891 8
353 373 1
353 391 15
355 933 1
356 648 4
356 912 2
356 790 1
356 517 1
356 416 12
356 425 3
356 435 1
356 948 1
356 586 2
356 472 6
356 602 1
356 868 2
356 743 6
356 765 3
356 383 5
360 629 3
361 987 3
362 771 3
362 909 2
362 724 1
362 565 1
362 862 1
362 383 1
364 540 2
365 457 1
365 377 2
369 392 1
369 646 1
369 535 5
371 863 1
372 404 1
373 391 15
376 410 1
377 866 1
377 422 2
377 457 1
377 630 1
379 862 1
381 532 4
381 537 2
381 670 3
383 432 1
383 589 1
383 720 3
383 887 5
383 586 2
388 638 7
391 484 1
391 445 7
401 454 9
401 429 3
401 415 5
402 559 1
409 605 1
410 976 2
410 497 1
414 891 11
415 833 1
415 429 2
415 946 1
416 648 2
416 586 2
416 782 3
416 912 2
416 948 1
416 885 1
416 772 1
416 602 1
416 765 2
418 996 74
418 977 1
419 977 2
421 424 1
421 795 4
422 680 2
422 731 5
422 613 1
423 832 3
423 849 8
423 716 1
423 630 3
423 977 4
424 951 1
424 795 4
424 990 2
425 721 3
425 946 5
425 765 1
427 955 1
428 951 1
429 454 7
432 482 1
432 987 3
433 840 1
433 809 1
433 738 2
433 987 5
433 540 2
435 586 6
435 782 2
435 500 1
435 772 1
439 912 3
439 948 1
443 742 3
444 535 1
450 772 1
450 923 1
450 572 1
454 772 1
454 614 1
454 488 1
454 592 4
454 594 1
454 633 1
455 502 1
458 956 1
458 684 1
462 833 1
465 812 2
465 790 1
468 643 1
469 978 1
471 673 2
472 912 1
472 946 1
474 603 1
478 517 1
479 980 1
480 506 1
480 987 3
480 482 1
481 565 2
482 641 3
482 987 3
482 809 1
482 990 2
493 629 4
493 630 1
497 773 1
499 844 1
499 704 1
499 772 1
499 565 1
500 772 1
500 617 3
500 586 5
500 814 2
500 782 1
500 762 1
502 538 2
502 710 1
502 718 1
502 591 4
502 506 1
502 923 6
502 687 3
502 862 3
503 704 1
506 576 3
506 929 1
506 644 4
506 997 2
506 745 1
506 688 1
506 657 6
506 828 1
506 670 1
510 534 7
510 622 3
513 646 1
514 977 1
516 804 3
516 532 3
516 783 2
517 648 1
517 586 2
517 718 4
517 751 1
517 952 2
526 561 1
526 629 3
527 720 2
528 867 1
530 891 1
530 629 6
531 987 3
532 700 1
532 804 1
534 772 1
534 591 1
534 746 1
538 605 2
540 994 6
540 987 3
540 840 4
540 873 6
540 874 3
540 855 3
540 697 6
540 955 1
540 764 2
541 738 1
542 772 1
542 854 2
543 838 1
544 669 3
546 595 2
546 550 1
547 862 1
550 841 1
550 746 5
552 951 2
558 956 1
559 622 7
561 846 3
561 978 3
561 629 3
561 990 1
565 772 1
566 772 2
570 765 1
576 657 16
576 783 1
577 926 1
581 855 1
582 840 1
582 987 3
586 782 4
586 885 2
586 984 2
586 602 1
586 762 4
586 735 4
591 718 2
591 923 2
591 607 1
592 609 1
592 713 1
592 948 2
595 718 2
599 710 1
602 854 1
602 765 1
605 840 1
605 1001 2
605 685 5
605 693 1
605 670 3
607 783 1
607 833 1
607 891 1
607 718 3
607 687 1
607 692 6
607 696 1
609 772 1
622 676 5
624 692 1
629 772 1
629 902 1
629 658 3
629 685 3
629 846 3
629 858 2
629 700 1
629 750 3
629 630 3
629 631 3
629 891 6
630 668 1
633 772 2
633 680 1
633 858 1
634 788 2
638 832 2
638 950 4
641 987 3
644 924 3
648 868 1
648 721 1
648 790 5
648 765 5
650 682 1
654 783 1
657 921 6
662 862 1
668 720 1
668 746 7
668 935 2
670 688 3
684 844 1
685 1001 4
687 841 1
687 746 1
687 692 1
687 923 2
692 935 1
692 746 1
692 841 1
697 873 1
697 925 1
697 855 3
698 987 3
700 838 1
700 790 1
707 951 1
708 718 1
710 779 1
715 926 2
716 866 1
716 718 2
716 724 1
718 916 1
718 851 1
718 731 4
720 833 1
720 935 1
720 746 5
720 813 1
721 765 4
737 849 5
738 745 1
738 783 1
738 979 1
738 951 1
738 921 1
738 923 3
739 746 1
739 772 3
742 900 1
746 900 1
746 935 5
746 841 4
746 813 3
748 926 1
752 920 1
754 883 2
758 956 1
758 844 1
764 840 1
764 874 3
764 987 3
765 868 2
772 926 1
772 948 1
772 951 2
772 841 1
772 866 1
772 868 1
772 870 1
774 947 49
780 977 1
780 950 1
782 790 3
782 984 2
783 921 1
789 987 3
803 948 1
803 951 3
804 881 2
809 987 3
810 881 5
813 912 2
813 935 2
822 950 1
823 913 2
823 895 1
838 857 1
840 955 1
840 925 1
840 873 1
840 874 3
840 987 4
843 907 1
849 987 3
850 881 3
850 996 1
854 948 1
862 909 3
866 951 1
872 987 3
873 874 3
873 987 3
883 951 1
890 948 1
912 949 1
921 923 1
924 996 4
925 955 1
925 987 3
948 949 1
950 1001 3
950 977 1
951 978 1
951 996 1
955 987 4
977 1004 5
987 994 3
