0
1
2
3
4
5
6
7
8
9
10
11
12
13
14
15
16
17
18
19
20
21
22
23
24
25
26
27
28
29
30
31
32
33
34
35
36
37
38
39
40
41
42
43
44
45
46
47
48
49
50
51
52
53
54
55
56
57
58
59
60
61
62
63
64
65
66
67
68
69
70
71
72
73
74
75
76
77
78
79
80
81
82
83
84
85
86
87
88
89
90
91
92
93
94
95
96
97
98
99
100
101
102
103
104
105
106
107
108
109
110
111
112
113
114
115
116
117
118
119
120
121
122
123
124
125
126
127
128
129
130
131
132
133
134
135
136
137
138
139
141
142
143
144
145
146
147
148
149
150
151
152
153
154
155
157
158
159
160
161
162
163
164
165
166
167
168
169
170
171
172
173
174
175
176
177
178
179
180
181
182
183
184
185
186
187
188
189
190
191
192
193
194
195
196
197
198
199
200
201
202
203
204
205
206
207
208
209
210
211
212
213
214
215
216
217
218
219
220
221
222
223
224
225
226
227
228
229
230
231
232
233
235
236
237
238
239
240
241
242
243
244
245
246
247
248
249
250
251
252
253
254
255
256
257
259
260
262
263
264
265
266
267
268
269
270
271
272
273
274
275
276
277
278
279
280
281
282
283
284
285
286
287
288
289
290
291
292
293
294
295
296
297
299
300
301
302
303
304
305
306
307
308
309
310
311
312
313
314
315
316
317
318
319
320
321
322
323
324
325
326
327
328
329
330
331
332
333
334
335
336
337
338
339
340
341
343
344
345
346
347
348
349
350
351
352
353
355
356
357
358
359
360
361
362
364
365
366
367
368
369
370
371
372
373
374
375
376
377
378
379
380
381
382
383
384
385
386
387
388
389
390
391
392
393
394
395
396
397
398
399
400
401
402
403
404
405
406
407
408
409
410
411
412
413
414
415
416
418
419
420
421
422
423
424
425
426
427
428
429
430
431
432
433
434
435
436
437
438
439
440
441
442
443
444
445
446
447
448
449
450
451
452
453
454
455
456
457
458
459
460
461
462
464
465
466
467
468
469
470
471
472
473
474
475
476
477
478
479
480
481
482
483
484
485
486
487
488
489
490
491
492
493
495
496
497
498
499
500
501
502
503
504
505
506
507
508
509
510
511
512
513
514
515
516
517
518
519
520
521
522
523
524
525
526
527
528
530
531
532
533
534
535
536
537
538
539
540
541
542
543
544
545
546
547
548
549
550
551
552
553
554
556
557
558
559
560
561
562
563
564
565
566
567
568
569
570
571
572
573
574
575
576
577
578
579
580
581
582
583
584
585
586
587
588
589
590
591
592
593
594
595
596
597
598
599
600
601
602
603
604
605
606
607
609
610
611
612
613
614
615
616
617
618
619
621
622
623
624
625
626
627
628
629
630
631
632
633
634
635
636
637
638
639
640
641
642
643
644
645
646
647
648
649
650
651
652
653
654
655
656
657
658
659
660
661
662
663
664
665
666
667
668
669
670
671
672
673
674
675
676
677
678
679
680
681
682
683
684
685
686
687
688
689
690
691
692
693
694
695
696
697
698
699
700
701
702
703
704
705
706
707
708
709
710
711
712
713
714
715
716
717
718
719
720
721
722
723
724
725
726
727
728
729
730
731
732
733
734
735
736
737
738
739
740
741
742
743
744
745
746
747
748
749
750
751
752
753
754
756
757
758
759
760
761
762
763
764
765
767
768
769
770
771
772
773
774
775
776
777
778
779
780
781
782
783
784
785
786
787
788
789
790
791
792
793
794
795
796
797
798
799
800
801
802
803
804
805
806
807
808
809
810
811
812
813
814
815
816
817
818
819
820
821
822
823
824
825
826
827
828
829
830
831
832
833
834
835
836
837
838
839
840
841
842
843
844
845
846
847
848
849
850
851
852
853
854
855
856
857
858
859
860
861
862
863
864
865
866
867
868
869
870
871
872
873
874
875
876
877
878
879
880
881
882
883
884
885
886
887
888
889
890
891
892
893
894
895
896
897
898
899
900
901
902
903
904
905
906
907
908
909
910
911
912
913
914
915
916
917
918
919
920
921
922
923
924
925
926
927
928
929
930
931
932
933
934
935
936
937
938
939
940
941
942
943
944
945
946
947
948
949
950
951
952
953
954
955
956
957
958
960
961
962
963
964
965
966
967
968
969
970
971
972
973
974
975
976
977
978
979
980
981
982
983
984
985
986
987
988
989
990
991
992
993
994
995
996
997
998
999
1000
1001
1002
1003
1004
0 5 2
0 6 1
0 519 1
0 409 1
0 538 1
0 295 1
0 178 4
0 693 1
0 118 1
0 710 1
0 333 1
0 78 1
0 976 1
0 470 1
0 599 1
0 605 1
0 862 1
0 991 1
0 228 1
0 502 1
0 249 2
0 767 1
2 466 1
2 118 6
2 790 11
2 662 1
2 231 1
4 720 1
4 771 2
5 491 1
5 808 1
5 107 1
5 921 1
5 189 1
6 881 1
6 178 2
6 502 1
7 416 3
7 810 1
8 544 2
13 532 3
13 850 1
13 516 1
13 214 1
14 644 1
14 1001 2
14 850 1
14 506 3
14 924 12
14 702 1
15 680 6
15 731 5
16 102 3
19 333 1
24 267 3
24 846 2
24 530 2
24 629 3
24 891 13
24 445 2
25 704 1
25 946 2
28 987 5
29 867 1
29 249 1
29 107 1
29 189 2
30 416 1
30 948 5
30 765 3
31 990 2
31 915 1
31 316 3
31 165 11
31 142 1
32 214 4
32 791 4
35 988 1
38 832 1
38 322 1
38 324 3
38 586 2
38 782 2
38 638 1
40 802 1
40 900 1
40 712 2
40 450 4
40 272 1
40 662 1
40 695 2
40 568 1
40 187 2
40 572 1
40 254 1
41 73 3
41 723 1
45 66 1
48 684 1
48 458 1
48 956 2
49 248 1
50 559 4
52 356 1
52 168 1
52 948 2
52 313 2
52 868 4
52 126 2
53 120 1
53 193 1
53 633 1
56 432 1
56 587 1
56 482 1
56 987 5
56 951 2
58 909 1
60 187 1
61 356 1
61 776 2
61 393 2
61 718 22
61 687 1
61 90 2
62 485 1
62 646 1
62 113 1
62 369 1
62 535 3
62 250 1
62 542 6
65 75 1
67 963 10
67 165 5
67 391 3
67 846 8
67 207 3
67 561 3
67 344 4
67 190 1
68 120 1
68 987 5
68 189 1
69 950 1
69 879 1
70 90 1
70 324 2
73 723 2
74 112 2
74 984 1
74 885 1
74 166 5
74 447 5
75 257 1
75 334 2
75 850 1
75 220 1
75 607 3
77 912 1
78 178 3
78 951 1
83 697 2
83 863 1
85 844 1
86 443 2
90 644 2
90 517 2
90 776 1
90 649 1
90 787 2
90 920 1
90 809 1
90 170 3
90 940 1
90 948 1
90 692 1
90 316 2
90 190 1
90 191 1
90 324 1
90 197 1
90 841 3
90 850 1
90 220 2
90 609 1
90 866 1
90 742 3
90 360 2
90 629 1
90 506 1
91 147 2
91 93 1
91 607 2
92 953 1
92 915 1
92 316 3
92 142 1
93 752 2
93 587 1
95 987 5
96 420 1
98 401 1
98 707 1
98 429 2
98 454 6
98 291 1
101 377 3
101 246 4
101 423 2
103 977 2
103 514 3
103 310 2
104 133 2
104 648 2
104 425 2
104 908 1
104 721 1
104 790 2
104 984 1
105 418 17
105 582 1
107 192 2
107 898 3
107 236 1
107 664 1
107 537 1
107 208 1
107 670 1
107 808 1
107 553 2
107 810 1
107 175 2
107 688 1
107 393 1
107 191 1
107 320 1
107 201 2
107 335 6
107 464 1
107 468 1
107 985 1
107 737 1
107 1004 1
107 118 1
107 120 1
107 980 1
107 381 3
111 416 1
112 416 2
112 674 3
112 803 3
112 517 2
112 166 4
112 392 3
112 267 8
112 948 5
112 313 2
112 186 1
112 316 1
113 513 1
113 250 2
114 122 1
114 718 1
117 291 1
118 790 8
118 553 1
118 724 1
118 502 5
118 732 1
118 862 1
120 900 1
120 388 3
120 274 1
120 147 2
120 534 1
120 196 1
120 542 3
120 416 1
120 454 1
120 948 5
120 926 1
120 566 2
120 823 1
120 188 1
120 190 4
120 191 1
120 198 1
120 715 1
120 850 1
120 742 2
120 765 2
120 752 1
120 371 1
120 629 2
120 381 1
122 178 1
122 924 2
122 718 1
125 206 1
125 622 2
126 294 10
126 648 2
126 782 2
126 885 1
126 948 5
126 602 2
127 607 1
132 388 1
134 592 3
134 291 1
134 316 1
135 337 1
136 838 3
136 200 1
136 142 1
136 207 3
136 915 1
136 316 3
137 306 1
138 383 1
141 512 3
141 241 1
141 978 1
141 988 1
142 344 1
142 165 1
142 647 1
142 200 1
142 316 3
142 971 1
142 428 1
142 302 1
142 207 3
142 915 3
142 953 2
142 952 1
142 857 1
142 543 1
142 990 1
143 544 2
147 416 2
147 577 6
147 931 1
147 933 1
147 454 3
147 257 1
147 171 1
147 590 1
147 239 1
147 355 1
147 686 1
147 214 2
147 347 1
147 715 1
147 926 1
147 277 1
149 372 3
150 890 1
151 253 1
152 443 1
153 624 1
153 769 3
153 818 1
153 782 1
157 356 7
157 517 1
157 746 2
157 684 4
157 687 1
157 277 1
157 185 1
157 586 1
157 542 2
159 940 1
159 718 1
160 200 3
160 586 1
160 915 2
160 629 4
164 832 4
164 879 2
164 638 4
164 943 1
165 838 2
165 207 2
165 401 6
165 915 1
165 344 6
165 316 9
166 416 3
166 704 1
166 674 3
166 356 1
166 743 3
166 392 3
166 586 5
166 782 2
166 573 1
166 168 3
166 883 3
166 340 1
167 193 1
167 614 1
167 552 1
167 978 1
167 274 2
167 851 1
167 988 1
168 260 7
168 782 3
168 912 15
168 790 6
168 416 4
168 425 8
168 435 1
168 949 11
168 439 5
168 313 6
168 575 3
168 704 1
168 197 1
168 966 7
168 472 11
168 356 1
168 868 9
168 232 2
168 362 1
168 885 2
169 372 3
170 855 1
171 277 2
173 850 1
175 275 2
175 849 7
178 657 3
178 280 5
178 409 2
178 538 2
178 295 2
178 693 3
178 569 2
178 188 3
178 189 5
178 710 2
178 333 2
178 976 2
178 977 2
178 339 2
178 470 2
178 599 2
178 605 2
178 862 6
178 991 2
178 228 2
178 628 3
178 502 16
178 249 3
178 767 2
180 958 2
181 537 2
181 189 1
181 190 3
184 393 1
184 407 1
184 607 1
185 850 1
185 830 2
186 256 1
186 648 1
186 267 7
186 517 1
187 802 1
187 947 4
187 695 1
188 585 1
188 978 1
188 469 1
188 502 2
188 988 1
189 201 1
189 364 1
189 690 1
189 718 1
189 783 1
189 977 1
189 381 1
189 629 2
189 502 3
189 951 1
189 440 1
189 921 1
189 506 5
189 670 1
189 442 1
190 353 3
190 614 1
190 656 3
190 274 3
190 920 1
190 891 3
190 373 3
191 752 1
191 692 2
191 220 1
192 381 9
193 707 1
193 454 3
193 264 1
193 873 1
193 714 9
193 335 2
193 338 1
195 595 1
196 850 1
197 326 1
197 721 1
197 850 1
197 987 2
198 454 1
199 996 1
199 654 1
199 433 1
199 850 1
199 506 3
199 924 15
200 316 6
200 428 1
200 530 3
200 883 3
200 629 3
200 952 2
200 857 2
200 915 8
207 391 1
207 795 1
207 978 1
207 469 1
207 953 1
207 891 1
207 988 1
207 349 3
209 356 2
213 229 1
214 416 1
214 707 1
214 577 3
214 712 3
214 746 10
214 912 3
214 530 1
214 692 1
214 629 4
214 951 4
214 857 3
214 316 2
214 798 2
216 321 1
216 458 1
220 609 1
220 334 1
220 383 1
223 746 1
228 605 3
228 502 2
228 693 4
229 696 2
229 241 1
229 306 2
229 301 1
230 577 2
231 840 1
231 874 3
231 624 1
231 245 1
231 987 5
231 540 1
231 830 2
231 607 1
232 704 3
232 425 4
232 332 1
232 946 3
232 759 2
236 537 2
239 577 1
239 502 1
239 630 2
239 951 5
241 988 1
243 265 3
245 546 2
245 550 1
245 329 2
245 874 3
245 987 5
245 540 2
246 293 2
246 724 5
246 423 6
248 609 2
249 506 5
249 393 1
250 513 2
250 770 2
250 485 2
250 646 2
250 551 2
250 535 3
250 332 1
250 369 6
250 722 2
250 854 2
250 823 2
250 444 2
250 542 5
251 987 5
253 290 2
253 566 2
256 356 2
256 648 1
256 267 3
256 885 1
256 313 1
257 609 1
260 868 1
260 782 1
264 329 3
264 454 5
266 790 2
266 439 4
267 656 1
267 517 6
267 614 1
267 648 11
267 586 5
267 952 2
267 530 1
267 435 1
267 948 2
267 662 1
267 349 2
267 478 8
268 946 2
268 291 1
270 850 1
270 654 1
272 379 1
273 581 1
273 951 10
274 614 1
275 849 3
277 746 1
278 923 1
280 502 1
280 629 3
280 614 1
281 718 5
284 584 4
284 680 4
284 731 5
288 484 17
288 391 13
288 493 18
288 846 18
288 561 14
288 530 1
288 629 21
288 630 1
288 445 13
289 810 1
289 335 1
291 454 2
291 713 1
291 429 2
291 401 1
293 883 1
293 724 1
293 862 1
294 416 1
294 586 7
294 332 3
294 817 1
294 885 2
294 984 4
294 313 1
294 762 1
299 509 3
301 978 2
301 795 1
301 988 1
302 915 1
302 316 3
304 317 1
305 425 1
306 752 1
306 771 3
306 742 4
306 784 1
306 659 4
306 570 1
306 720 1
306 703 1
309 474 1
310 586 1
310 663 2
310 853 3
310 477 7
311 697 1
311 987 5
313 416 2
313 356 3
313 912 1
313 885 2
313 472 1
316 915 20
316 543 3
316 428 6
316 952 3
316 953 3
316 971 3
316 724 4
316 344 3
316 857 6
316 349 3
316 990 3
316 629 3
316 630 4
318 684 1
319 844 1
319 458 1
319 684 2
319 558 2
319 946 2
319 918 1
321 499 2
321 684 1
322 879 1
322 343 3
323 337 1
324 326 1
324 638 2
324 510 2
326 416 1
326 586 1
326 587 1
326 696 2
327 921 1
327 850 1
327 381 1
329 775 1
329 624 1
329 819 1
329 692 1
332 586 3
332 782 3
332 435 1
332 500 3
332 542 2
333 743 1
333 502 1
333 767 4
334 850 1
337 505 1
337 870 1
338 987 5
341 915 1
343 663 3
344 915 1
347 933 1
348 984 1
349 976 3
356 517 3
356 912 3
356 915 1
356 721 1
356 730 3
356 542 2
356 416 1
356 684 4
356 687 1
356 946 3
356 948 9
356 415 1
356 586 4
356 718 3
356 591 2
356 472 18
356 602 3
356 607 1
356 868 1
356 743 3
356 499 1
356 502 1
356 765 1
360 629 5
361 987 5
362 416 1
362 771 2
362 502 3
362 381 1
362 383 3
365 732 1
369 646 1
369 535 1
372 404 3
377 866 1
377 422 2
377 423 1
377 393 3
377 718 4
377 724 2
377 457 3
377 696 4
377 729 3
377 731 1
378 514 3
379 568 2
379 443 3
379 662 1
379 454 1
380 440 1
381 643 1
381 532 4
381 921 1
383 720 4
383 586 3
383 528 2
383 531 4
388 638 1
391 891 1
391 629 2
392 674 2
392 948 2
397 671 1
397 975 1
400 807 2
401 454 2
401 429 3
401 415 1
402 832 2
402 788 1
402 559 1
410 977 2
410 951 1
411 418 1
414 891 2
415 948 1
415 429 2
415 425 1
416 854 3
416 648 2
416 782 25
416 912 4
416 674 1
416 948 9
416 573 1
416 832 1
416 707 1
416 586 8
416 602 1
416 868 10
416 743 1
416 885 2
416 887 1
416 765 2
418 977 11
418 996 16
420 559 1
421 424 3
421 795 1
421 988 1
422 680 1
422 731 2
422 724 1
422 613 1
423 849 2
423 977 1
424 795 1
424 988 1
425 648 3
425 946 4
425 472 3
425 607 2
427 955 1
428 915 2
429 454 9
432 809 1
432 987 5
432 468 1
433 987 5
434 704 1
435 868 1
435 586 2
435 782 2
439 912 3
440 537 2
442 977 1
443 662 4
444 535 1
445 891 6
445 629 2
447 984 1
447 885 1
450 802 2
450 712 3
450 595 1
450 695 1
450 572 1
454 592 3
456 720 1
458 956 1
458 558 1
468 643 1
469 512 7
469 988 1
469 630 1
472 912 1
472 946 1
472 535 3
472 575 2
480 987 5
482 531 2
482 987 5
483 696 2
484 629 2
485 513 1
485 646 3
491 899 2
493 530 3
493 629 5
493 630 5
495 568 2
499 704 1
499 684 1
499 844 1
500 948 1
500 542 1
500 814 2
500 782 1
502 700 2
502 718 2
502 724 3
502 693 1
502 790 4
502 951 1
502 538 1
502 605 1
502 862 1
506 996 5
506 1001 2
506 690 1
506 850 1
506 654 1
506 924 6
506 541 3
509 832 1
509 634 3
509 780 2
509 939 2
510 622 2
512 988 1
513 646 4
514 832 6
514 1001 3
514 780 4
514 977 5
514 950 3
516 804 1
516 743 1
516 654 1
516 850 1
516 532 10
516 644 2
516 924 3
517 746 1
517 586 7
517 948 4
517 952 2
517 602 1
517 542 1
526 629 3
526 614 1
527 720 2
527 870 2
528 866 3
528 909 2
530 838 1
530 746 1
530 846 1
530 915 2
530 629 11
530 630 7
530 891 2
531 987 7
532 804 2
532 553 2
532 761 2
532 700 1
534 746 1
534 879 1
534 607 1
538 862 1
540 641 4
540 874 3
540 624 3
540 855 1
540 697 4
540 987 5
541 644 2
541 850 1
542 646 1
542 684 1
542 746 2
542 586 1
542 823 2
543 915 1
544 791 2
544 580 1
544 669 2
546 550 2
547 891 1
547 988 1
551 646 1
552 988 1
552 951 1
553 566 1
558 618 3
559 622 5
561 846 7
561 629 3
561 614 1
565 844 1
565 684 3
566 772 1
568 695 2
572 802 1
572 614 1
576 850 1
576 654 1
581 936 5
581 633 2
581 855 1
581 951 2
582 849 1
582 994 1
582 987 5
585 695 2
586 674 1
586 868 1
586 782 13
586 984 3
586 762 3
587 833 1
587 936 3
587 752 2
591 742 1
591 607 1
592 609 2
592 948 5
593 718 1
595 934 2
595 718 1
600 672 1
605 685 2
605 693 1
607 742 1
607 718 1
607 692 2
607 724 3
614 647 1
614 988 1
614 685 1
614 656 1
614 858 1
614 891 1
622 676 2
629 658 3
629 685 3
629 846 3
629 724 2
629 630 5
629 631 3
629 891 7
630 685 2
633 707 1
633 946 2
633 951 1
633 789 1
634 788 1
638 832 1
638 700 1
641 987 5
643 685 1
644 783 1
644 850 1
647 915 1
648 948 2
648 885 1
648 984 1
650 850 1
650 654 1
654 896 1
654 738 2
654 837 1
654 783 2
654 850 1
654 979 1
654 921 1
654 719 1
657 850 1
663 951 13
663 950 8
668 720 1
668 746 7
672 946 2
672 918 1
674 782 1
674 948 2
678 802 4
679 863 1
680 896 2
680 707 2
680 720 1
680 731 1
682 850 1
684 704 1
684 746 2
684 844 3
684 918 2
684 956 1
685 1001 2
692 742 1
692 746 1
695 802 2
696 935 1
697 771 2
697 855 4
697 720 1
697 925 2
698 987 5
702 850 2
702 924 4
704 743 1
707 880 2
707 951 1
711 724 1
716 718 2
718 731 5
718 883 6
718 915 9
718 724 5
719 850 1
720 833 1
720 771 1
720 935 10
720 746 5
720 813 1
720 855 1
721 765 1
724 883 3
730 868 24
731 739 1
737 849 2
738 745 1
738 850 1
742 771 2
742 900 6
743 765 2
745 850 1
745 828 1
746 935 10
746 813 9
752 833 1
758 844 1
759 782 1
761 850 1
764 840 8
764 874 3
764 987 5
765 936 2
765 946 2
765 948 5
769 771 3
772 850 1
773 955 1
774 947 5
780 977 2
782 832 2
782 868 5
782 984 5
783 804 3
783 850 2
783 921 1
784 901 1
789 987 6
790 863 2
795 891 3
795 988 1
795 957 1
803 948 2
804 850 9
807 951 1
808 898 1
809 994 1
809 987 8
810 881 2
817 851 1
817 988 1
833 850 1
833 948 2
837 850 1
837 924 1
840 874 3
840 987 5
844 946 2
849 987 5
850 921 1
850 924 1
850 987 1
850 996 1
850 1001 1
850 881 1
851 978 2
851 988 1
853 920 1
854 946 2
854 918 5
857 915 7
862 909 1
863 993 1
872 987 5
873 874 3
873 987 5
883 915 2
883 951 1
885 889 1
885 984 2
891 915 3
912 948 1
915 920 1
915 952 1
915 953 1
915 971 1
915 990 1
918 946 3
921 1004 2
924 1001 4
925 987 5
946 956 2
950 977 2
953 957 1
953 990 1
954 988 1
955 987 6
957 988 1
977 1004 5
978 988 1
987 994 6
