0
1
2
3
4
5
6
7
8
9
10
11
12
13
14
15
16
17
18
19
20
21
22
23
24
25
26
27
28
29
30
31
32
33
34
35
36
37
38
39
40
41
42
43
44
45
46
47
48
49
50
51
52
53
54
55
56
57
58
59
60
61
62
63
64
65
66
67
68
69
70
71
72
73
74
75
76
77
78
79
80
81
82
83
84
85
86
87
88
89
90
91
92
93
94
95
96
97
98
99
100
101
102
103
104
105
106
107
108
109
110
111
112
113
114
115
116
117
118
119
120
121
122
123
124
125
126
127
128
129
130
131
132
133
134
135
136
137
138
139
141
142
143
144
145
146
147
148
149
150
151
152
153
154
155
157
158
159
160
161
162
163
164
165
166
167
168
169
170
171
172
173
174
175
176
177
178
179
180
181
182
183
184
185
186
187
188
189
190
191
192
193
194
195
196
197
198
199
200
201
202
203
204
205
206
207
208
209
210
211
212
213
214
215
216
217
218
219
220
221
222
223
224
225
226
227
228
229
230
231
232
233
235
236
237
238
239
240
241
242
243
244
245
246
247
248
249
250
251
252
253
254
255
256
257
259
260
262
263
264
265
266
267
268
269
270
271
272
273
274
275
276
277
278
279
280
281
282
283
284
285
286
287
288
289
290
291
292
293
294
295
296
297
299
300
301
302
303
304
305
306
307
308
309
310
311
312
313
314
315
316
317
318
319
320
321
322
323
324
325
326
327
328
329
330
331
332
333
334
335
336
337
338
339
340
341
343
344
345
346
347
348
349
350
351
352
353
355
356
357
358
359
360
361
362
364
365
366
367
368
369
370
371
372
373
374
375
376
377
378
379
380
381
382
383
384
385
386
387
388
389
390
391
392
393
394
395
396
397
398
399
400
401
402
403
404
405
406
407
408
409
410
411
412
413
414
415
416
418
419
420
421
422
423
424
425
426
427
428
429
430
431
432
433
434
435
436
437
438
439
440
441
442
443
444
445
446
447
448
449
450
451
452
453
454
455
456
457
458
459
460
461
462
464
465
466
467
468
469
470
471
472
473
474
475
476
477
478
479
480
481
482
483
484
485
486
487
488
489
490
491
492
493
495
496
497
498
499
500
501
502
503
504
505
506
507
508
509
510
511
512
513
514
515
516
517
518
519
520
521
522
523
524
525
526
527
528
530
531
532
533
534
535
536
537
538
539
540
541
542
543
544
545
546
547
548
549
550
551
552
553
554
556
557
558
559
560
561
562
563
564
565
566
567
568
569
570
571
572
573
574
575
576
577
578
579
580
581
582
583
584
585
586
587
588
589
590
591
592
593
594
595
596
597
598
599
600
601
602
603
604
605
606
607
609
610
611
612
613
614
615
616
617
618
619
621
622
623
624
625
626
627
628
629
630
631
632
633
634
635
636
637
638
639
640
641
642
643
644
645
646
647
648
649
650
651
652
653
654
655
656
657
658
659
660
661
662
663
664
665
666
667
668
669
670
671
672
673
674
675
676
677
678
679
680
681
682
683
684
685
686
687
688
689
690
691
692
693
694
695
696
697
698
699
700
701
702
703
704
705
706
707
708
709
710
711
712
713
714
715
716
717
718
719
720
721
722
723
724
725
726
727
728
729
730
731
732
733
734
735
736
737
738
739
740
741
742
743
744
745
746
747
748
749
750
751
752
753
754
756
757
758
759
760
761
762
763
764
765
767
768
769
770
771
772
773
774
775
776
777
778
779
780
781
782
783
784
785
786
787
788
789
790
791
792
793
794
795
796
797
798
799
800
801
802
803
804
805
806
807
808
809
810
811
812
813
814
815
816
817
818
819
820
821
822
823
824
825
826
827
828
829
830
831
832
833
834
835
836
837
838
839
840
841
842
843
844
845
846
847
848
849
850
851
852
853
854
855
856
857
858
859
860
861
862
863
864
865
866
867
868
869
870
871
872
873
874
875
876
877
878
879
880
881
882
883
884
885
886
887
888
889
890
891
892
893
894
895
896
897
898
899
900
901
902
903
904
905
906
907
908
909
910
911
912
913
914
915
916
917
918
919
920
921
922
923
924
925
926
927
928
929
930
931
932
933
934
935
936
937
938
939
940
941
942
943
944
945
946
947
948
949
950
951
952
953
954
955
956
957
958
960
961
962
963
964
965
966
967
968
969
970
971
972
973
974
975
976
977
978
979
980
981
982
983
984
985
986
987
988
989
990
991
992
993
994
995
996
997
998
999
1000
1001
1002
1003
1004
0 977 1
0 605 1
0 470 1
2 736 2
2 231 3
2 812 1
2 629 3
2 790 5
2 700 1
2 885 1
4 441 1
4 371 4
5 506 1
5 107 2
5 29 1
5 491 2
6 718 1
6 506 1
6 605 1
6 470 1
8 544 2
11 619 1
11 662 1
13 738 4
13 644 1
13 850 1
13 693 1
14 576 1
14 738 5
14 923 2
14 644 1
14 890 1
14 270 1
14 783 1
14 881 1
14 850 1
14 921 2
14 506 4
14 719 1
14 924 5
14 410 1
14 702 2
15 680 5
15 584 1
15 731 2
15 284 1
15 422 2
16 777 2
16 718 6
22 663 1
24 507 1
24 629 5
24 280 1
24 891 3
24 990 4
24 31 3
28 264 1
28 987 6
29 808 2
29 506 2
29 107 1
29 381 10
30 416 1
30 313 2
30 765 5
30 790 2
31 280 1
32 580 1
32 197 1
32 840 1
32 718 2
32 433 3
32 920 1
32 791 2
32 280 1
32 921 3
32 669 6
35 469 1
35 207 1
38 324 1
40 802 6
40 900 4
40 662 5
40 450 10
40 272 4
40 214 1
40 695 4
40 568 4
40 196 1
40 187 7
40 572 4
41 1000 1
41 73 3
41 723 1
41 565 2
41 758 3
41 503 5
42 962 1
42 509 2
46 106 1
46 310 3
48 1000 1
48 956 1
48 684 3
48 216 6
50 559 2
52 356 1
52 868 4
52 765 1
53 120 2
53 633 1
53 290 1
53 923 3
53 703 2
56 840 1
56 994 1
56 987 8
56 772 2
56 566 1
61 742 2
61 840 1
61 522 3
61 718 2
61 693 4
61 120 5
61 991 1
62 513 1
62 485 3
62 646 5
62 113 2
62 890 1
62 571 5
65 544 1
65 720 1
65 70 4
65 425 1
65 107 1
65 850 1
65 335 4
65 784 5
65 978 1
65 948 2
65 629 1
65 316 1
65 987 1
65 220 6
65 190 1
65 703 4
67 963 9
67 165 2
67 391 1
67 846 3
67 207 2
67 344 2
68 987 6
70 322 3
70 388 1
70 334 1
70 367 1
70 663 4
70 120 1
70 890 1
71 595 5
73 1000 1
73 723 1
73 503 1
74 984 2
74 168 2
74 912 1
75 995 2
75 334 7
75 692 1
75 633 1
75 891 6
75 220 1
77 168 12
77 948 1
77 912 7
77 356 2
78 605 1
82 371 1
82 628 2
82 870 1
83 697 1
83 855 1
86 443 2
88 106 2
88 906 1
88 950 1
88 402 1
90 168 1
90 233 1
90 912 2
90 500 2
90 120 1
90 381 1
90 542 1
91 120 2
91 178 1
91 220 2
91 415 1
92 952 1
92 280 1
92 915 2
92 428 2
95 873 1
95 987 6
96 324 1
98 120 1
98 401 7
98 707 1
98 429 2
99 929 2
99 862 1
99 669 1
99 502 1
99 605 1
103 310 4
104 416 1
104 425 5
104 948 1
106 832 1
106 514 4
106 323 1
106 132 1
106 943 2
106 649 1
106 906 4
106 139 2
106 780 1
106 622 1
106 399 2
106 402 2
106 788 1
106 164 2
106 634 1
106 603 2
107 643 3
107 1004 1
107 664 1
107 537 1
107 670 1
107 553 1
107 810 2
107 299 1
107 320 1
107 201 2
107 335 1
107 464 1
107 468 1
107 985 1
107 208 1
107 236 1
107 367 1
107 118 1
107 980 6
107 381 7
109 721 1
111 746 1
112 674 3
112 517 5
112 166 2
112 1000 8
112 267 9
112 392 2
113 854 6
114 387 1
114 718 2
117 120 1
119 812 4
120 257 2
120 772 5
120 518 1
120 267 2
120 783 1
120 147 7
120 278 1
120 923 1
120 542 2
120 178 4
120 948 12
120 566 2
120 190 2
120 191 1
120 193 1
120 707 1
120 196 3
120 454 2
120 850 1
120 609 1
120 617 1
120 235 2
120 752 3
120 890 1
122 718 2
122 479 2
125 676 1
126 166 1
126 168 5
126 586 4
126 782 6
126 912 1
126 648 2
126 435 2
126 790 2
126 984 9
126 700 1
127 718 2
131 264 1
133 602 3
133 948 1
133 765 4
135 264 1
135 153 2
135 942 1
136 200 4
136 428 3
136 142 4
136 915 1
136 629 1
136 952 1
136 857 3
137 306 1
137 239 1
139 832 2
139 706 2
139 309 1
141 469 1
141 214 1
141 383 1
142 224 1
142 267 9
142 316 1
142 280 1
143 544 3
143 580 1
147 416 2
147 196 1
147 454 1
147 951 1
147 415 2
149 372 2
150 833 2
150 471 2
150 191 2
150 415 1
151 923 1
153 482 2
153 995 2
153 996 5
153 581 2
153 329 2
153 746 2
153 588 2
153 418 6
153 977 14
153 818 4
153 692 2
153 245 2
153 855 2
153 764 2
153 540 7
155 784 3
157 356 3
157 517 4
157 586 4
157 684 5
157 277 1
157 535 3
157 472 4
157 746 1
157 542 4
158 563 1
158 445 1
158 391 1
159 768 1
160 571 7
160 629 3
160 367 1
161 388 1
161 239 2
161 784 3
161 900 1
161 571 2
161 863 3
163 913 2
163 542 1
164 638 6
165 344 2
165 401 6
165 207 1
166 416 3
166 356 2
166 586 6
166 573 1
166 435 1
166 948 1
166 759 1
166 762 1
166 765 1
167 978 1
167 547 1
167 188 1
167 469 1
168 260 8
168 648 2
168 521 2
168 266 2
168 912 48
168 790 4
168 416 3
168 425 1
168 813 2
168 177 3
168 948 2
168 949 15
168 439 9
168 699 1
168 575 1
168 332 1
168 472 14
168 868 1
168 356 8
168 744 8
168 232 5
168 890 1
169 387 1
169 372 1
170 840 2
170 855 2
171 347 4
171 933 1
171 951 1
173 506 1
173 738 1
173 644 1
173 850 1
175 849 3
175 275 3
175 423 3
177 790 3
178 214 3
178 418 6
178 502 6
178 749 5
178 367 4
178 528 1
178 693 3
178 470 7
178 569 1
178 314 2
178 605 16
178 862 29
181 422 1
181 190 1
182 948 1
184 832 1
185 833 3
185 742 1
185 233 3
185 684 2
185 915 2
185 502 1
185 248 2
185 762 1
185 570 1
185 670 1
187 450 2
188 280 2
188 301 1
188 851 1
188 469 2
189 491 1
189 718 11
189 977 1
189 696 3
189 249 3
189 410 7
190 196 2
190 373 1
190 353 1
190 752 1
190 920 2
190 274 1
190 948 3
190 656 1
190 415 1
190 191 3
191 692 1
192 690 1
192 381 19
193 633 1
193 935 1
196 454 1
196 429 1
196 850 1
197 850 1
197 923 1
199 506 1
199 738 1
199 644 1
199 850 1
200 971 1
200 428 2
200 915 4
200 952 3
200 351 1
206 534 1
207 424 2
207 547 1
207 373 2
207 857 2
207 954 1
207 795 3
207 990 2
207 293 2
214 515 1
214 775 1
214 776 2
214 267 1
214 912 1
214 530 1
214 531 1
214 662 1
214 920 1
214 923 5
214 542 1
214 544 1
214 290 3
214 940 1
214 692 1
214 951 2
214 569 1
214 316 4
214 703 2
214 963 1
214 586 1
214 720 1
214 854 1
214 738 1
214 356 1
214 742 1
214 746 1
214 367 1
214 371 1
214 629 5
214 891 1
216 321 4
216 618 2
216 558 2
216 890 1
216 956 1
216 458 3
220 334 1
220 367 1
223 746 1
224 428 5
224 349 4
224 806 3
228 470 1
228 605 2
228 502 3
228 693 1
229 834 1
229 293 1
229 692 3
229 629 1
229 374 1
229 443 1
231 873 3
231 874 3
231 245 1
231 233 1
231 987 6
231 764 1
231 329 1
232 742 1
232 425 4
232 912 2
232 744 1
232 946 2
232 472 2
233 692 8
233 245 1
233 890 2
235 273 1
236 537 1
239 609 2
239 324 1
239 742 1
239 428 4
239 538 1
241 851 2
241 469 1
241 326 1
243 718 4
245 736 1
245 994 1
245 995 1
245 264 2
245 874 3
245 692 1
245 987 6
245 540 1
247 601 1
248 746 1
248 891 3
249 528 1
249 433 1
249 605 1
249 470 1
250 444 1
250 854 1
251 840 1
251 506 2
251 987 6
256 721 1
256 730 1
256 294 3
257 401 1
257 454 1
260 790 1
264 994 2
264 581 1
264 361 1
264 364 1
264 462 1
264 338 2
264 995 1
264 692 1
264 597 1
264 329 1
264 632 1
264 540 2
264 789 1
266 912 1
267 517 3
267 648 3
267 586 4
267 751 2
267 984 3
267 948 1
267 478 4
269 987 1
270 738 2
270 644 1
270 850 1
272 450 2
272 772 1
273 306 1
273 951 5
274 920 1
275 849 4
277 571 6
278 290 1
280 902 1
280 647 1
280 656 1
280 530 2
280 915 2
280 920 2
280 547 2
280 421 1
280 424 1
280 561 2
280 951 1
280 953 2
280 445 1
280 288 1
280 846 1
280 851 2
280 526 2
280 990 1
280 360 2
280 367 1
280 629 4
280 631 2
280 891 6
281 377 3
281 491 1
281 718 4
284 680 2
284 584 1
284 731 1
288 610 8
288 484 8
288 391 12
288 846 10
288 750 14
288 630 2
288 629 13
290 586 1
290 589 3
290 367 3
293 902 2
293 365 2
293 718 2
293 697 2
294 984 1
294 586 4
299 591 1
299 334 2
299 559 1
300 784 1
301 547 1
301 469 1
302 428 2
302 454 1
304 456 1
304 441 3
306 400 1
306 742 3
306 784 2
306 659 3
306 374 1
306 570 1
306 703 1
310 423 1
311 994 1
311 987 6
313 416 1
313 356 1
313 912 1
313 721 1
313 948 3
313 730 3
314 929 5
314 333 2
314 693 3
314 409 1
316 962 1
316 806 2
316 428 3
316 367 1
316 915 15
316 334 2
316 629 3
316 857 1
316 890 1
316 351 1
318 946 3
318 684 1
318 566 1
319 1000 1
319 736 2
319 956 2
321 618 1
321 499 3
321 684 1
324 460 1
324 367 1
324 534 1
327 738 1
327 644 1
327 381 1
329 427 2
329 910 2
329 951 1
332 347 5
332 435 2
332 500 14
332 870 1
333 743 1
333 605 2
333 470 1
333 767 4
334 768 7
334 995 9
334 367 1
334 534 3
334 696 2
334 414 1
335 899 1
335 553 1
335 688 2
335 643 7
335 790 1
335 867 1
335 381 4
337 919 2
337 581 8
337 663 2
338 840 1
338 994 1
338 987 6
338 951 2
341 915 1
343 534 2
343 663 5
344 373 2
347 355 1
347 933 4
347 782 1
347 590 1
347 472 4
349 952 1
349 428 1
351 782 1
353 391 1
355 933 2
356 416 1
356 517 1
356 721 1
356 425 4
356 586 3
356 684 1
356 813 1
356 912 4
356 744 1
356 948 1
356 472 5
356 730 2
356 542 1
360 891 1
360 629 2
361 987 6
362 464 1
362 812 1
362 372 1
364 377 1
364 764 1
364 582 1
365 866 1
367 775 1
367 776 1
367 812 1
367 528 1
367 684 1
367 530 1
367 835 1
367 731 1
367 940 1
367 946 2
367 692 1
367 569 1
367 544 1
367 963 1
367 609 3
367 844 1
367 720 1
367 852 1
367 987 1
367 865 1
367 738 1
367 997 1
367 743 1
367 920 1
367 371 1
367 629 2
369 913 4
369 407 1
369 535 4
371 581 2
371 870 1
371 628 1
372 934 1
372 595 1
372 404 4
373 391 8
373 454 1
374 400 1
376 919 6
377 708 1
377 718 4
378 514 4
381 643 1
381 658 2
381 980 4
381 532 2
383 528 2
383 720 2
383 586 3
383 499 5
387 851 2
387 484 1
387 667 1
388 534 3
390 784 9
391 484 5
391 750 5
391 951 1
391 445 2
391 629 1
392 803 1
392 948 1
394 571 6
397 671 1
397 975 1
398 712 1
398 900 1
399 950 2
400 813 1
401 454 9
401 429 13
401 415 9
402 788 1
403 929 1
403 890 2
404 595 4
409 605 1
410 718 1
410 502 2
414 692 2
414 891 34
414 995 2
414 591 1
415 833 4
415 995 2
415 811 1
415 429 3
416 803 2
416 743 2
416 425 2
416 912 3
416 648 1
416 946 1
416 948 4
416 885 1
416 790 2
416 868 2
416 765 1
416 629 2
418 977 31
418 996 19
418 538 4
421 424 1
421 795 4
421 469 1
422 680 5
422 731 6
423 832 1
423 718 1
423 849 1
423 630 4
424 795 1
424 990 3
425 782 2
425 912 22
425 946 4
425 948 8
425 949 1
425 699 1
425 765 5
428 806 2
428 915 16
428 952 3
428 857 4
429 454 6
433 738 3
433 840 1
433 994 1
433 987 9
435 962 1
435 586 7
435 782 1
435 948 1
435 885 1
435 500 2
435 762 1
437 738 1
437 644 1
438 818 4
440 506 3
443 742 1
443 662 5
444 535 4
445 750 4
445 629 1
445 891 2
448 738 1
450 802 2
450 571 13
450 900 1
450 517 1
450 595 3
450 662 2
450 695 2
450 568 2
450 572 2
450 947 1
454 544 1
454 609 4
454 706 1
454 1003 3
454 752 1
454 948 1
454 629 1
458 679 1
458 1000 1
458 844 1
458 890 2
458 956 5
464 980 2
465 812 1
466 712 1
469 547 2
469 614 1
469 851 2
469 630 4
469 954 1
470 710 1
470 693 1
470 502 3
470 951 4
470 538 1
470 605 3
470 862 3
470 789 1
472 517 2
472 586 2
472 684 2
472 912 6
472 946 11
472 948 1
472 535 1
472 542 2
478 818 4
478 517 1
480 506 1
480 987 6
482 987 6
484 750 4
484 629 2
484 630 2
484 507 1
485 854 3
485 542 3
485 646 1
486 656 1
493 629 2
497 977 1
499 844 1
499 684 1
500 814 3
500 948 1
500 823 1
502 538 1
502 775 1
502 746 1
502 718 3
502 591 1
502 878 1
502 605 1
503 704 1
503 1000 3
503 723 3
503 758 4
506 738 1
506 644 3
506 783 1
506 850 1
506 921 1
506 890 1
506 541 1
507 685 2
507 629 1
509 832 1
509 788 1
512 979 1
513 823 2
514 832 2
514 1001 2
514 780 4
514 977 5
514 950 4
516 644 1
516 738 1
516 924 2
516 850 1
516 828 1
517 648 1
517 586 2
517 684 2
517 751 2
517 948 1
517 535 1
517 542 2
518 542 3
518 895 2
522 746 1
522 866 2
522 546 1
522 718 2
526 629 6
527 720 1
527 870 1
527 710 3
528 609 1
528 775 1
528 663 1
528 765 1
528 542 1
528 703 1
530 891 5
530 630 4
530 692 1
530 629 11
530 571 11
531 987 6
532 738 1
532 644 1
534 768 1
534 601 1
534 649 2
534 746 1
534 591 2
534 571 1
535 551 1
535 586 1
535 684 1
535 542 1
538 605 1
540 736 1
540 546 1
540 987 6
540 582 1
540 840 1
540 873 1
540 874 3
540 994 1
540 749 1
540 692 4
540 955 7
541 576 4
541 738 4
541 644 1
541 850 1
541 828 2
542 746 1
542 586 2
542 823 1
542 684 2
542 646 3
542 571 1
544 669 2
546 891 2
546 844 1
546 550 1
547 902 2
547 851 5
547 630 1
550 891 1
550 746 1
553 670 3
558 956 1
561 629 2
565 704 2
565 723 1
565 684 1
568 947 1
569 605 1
571 900 14
571 870 2
571 742 18
571 935 8
571 776 5
571 684 14
571 813 25
571 910 1
571 663 3
571 731 4
571 885 3
572 890 2
573 586 8
575 912 1
575 782 1
576 644 1
576 738 2
576 850 1
580 791 1
581 942 1
581 855 1
582 840 1
582 890 1
582 987 6
584 731 3
585 909 1
585 901 1
586 765 1
586 684 2
586 984 3
586 885 4
586 825 1
586 762 3
587 624 1
589 909 4
591 768 1
591 776 1
591 746 2
591 910 1
591 692 1
591 607 2
595 718 4
595 790 1
599 605 3
601 676 1
601 919 6
602 648 2
602 721 1
602 765 1
605 976 1
605 710 1
605 693 2
605 862 1
605 767 1
607 696 3
607 891 3
609 707 1
609 772 3
609 951 5
609 633 4
611 921 1
611 850 1
614 851 1
617 720 2
617 776 1
617 692 2
618 684 1
624 840 2
629 923 1
629 685 2
629 658 2
629 951 1
629 846 2
629 891 7
629 750 2
629 630 5
629 631 2
630 656 2
630 978 5
630 891 2
633 772 1
633 997 1
633 923 3
634 788 1
638 700 2
638 862 1
641 987 6
643 685 26
643 782 1
644 650 1
644 783 1
644 657 1
644 921 1
644 923 1
644 924 6
644 682 1
644 945 1
644 828 1
644 702 1
644 837 1
644 719 1
644 850 2
644 979 1
644 654 1
644 738 2
644 996 1
644 1001 1
644 881 1
644 745 1
644 761 1
646 890 3
648 782 1
648 912 1
648 721 8
648 765 5
650 738 1
650 850 1
650 682 4
654 738 5
654 783 1
654 991 5
656 920 4
657 921 2
657 738 2
657 890 1
657 850 1
659 742 3
660 951 2
662 742 2
663 813 1
663 879 1
665 746 1
668 720 2
668 746 8
668 935 4
671 995 2
672 844 3
679 684 1
679 844 1
680 707 2
680 731 6
682 738 1
684 704 1
684 844 1
684 918 1
685 782 4
686 872 2
687 776 1
687 746 1
687 910 1
692 775 2
692 910 1
692 920 1
692 923 2
692 819 1
692 834 1
692 851 1
692 742 2
692 746 3
696 995 3
696 783 1
696 948 1
697 925 3
697 855 9
698 987 7
700 935 5
700 812 1
700 782 1
700 790 1
702 738 1
702 850 1
703 863 1
706 951 1
707 1003 3
707 951 3
708 718 1
710 849 1
712 775 1
716 866 2
716 718 2
718 777 2
718 915 1
718 969 2
718 843 3
718 724 3
718 732 2
718 866 3
718 746 2
718 754 4
718 883 2
718 980 1
719 738 2
719 850 1
720 833 1
720 935 5
720 746 7
720 813 4
720 855 2
721 743 1
721 948 1
721 790 1
721 765 10
723 1000 1
723 758 3
730 868 8
730 912 1
731 746 1
731 789 2
738 783 6
738 772 1
738 921 1
738 923 1
738 924 1
738 945 1
738 828 2
738 837 2
738 850 2
738 979 1
738 996 1
738 1001 1
738 881 1
738 745 2
738 761 1
739 750 1
742 993 3
742 863 2
742 900 2
742 784 2
742 901 1
743 948 4
744 912 19
745 850 1
746 912 4
746 923 1
746 935 13
746 813 18
746 841 1
749 890 3
749 995 2
751 948 1
758 844 6
758 918 3
758 956 3
761 850 1
764 874 3
764 987 6
765 912 1
765 948 4
771 855 1
775 900 1
780 977 3
782 806 1
782 912 4
782 790 1
783 890 1
784 863 4
789 994 1
789 987 6
790 868 1
790 812 2
790 863 1
796 987 6
799 913 2
799 895 3
800 984 1
803 948 1
807 818 4
809 840 1
809 987 6
810 881 1
813 935 5
813 912 4
818 997 4
823 895 1
828 850 1
832 977 3
837 850 1
840 955 1
840 874 3
840 987 6
840 873 1
848 860 1
849 987 6
850 921 1
850 924 1
850 995 2
850 979 1
850 996 1
850 1001 1
850 881 1
851 915 1
851 978 6
851 951 1
851 920 2
854 948 1
857 915 1
857 952 1
861 934 1
865 891 2
866 876 1
868 912 1
868 948 2
872 987 6
873 874 3
873 987 6
874 925 2
878 929 3
890 962 2
890 941 1
890 912 2
890 948 2
891 995 3
891 997 1
891 951 1
912 948 6
912 949 5
915 952 2
919 1000 5
921 923 1
950 977 2
951 954 1
955 987 6
974 984 1
977 996 10
977 1004 4
987 994 7
