0
1
2
3
4
5
6
7
8
9
10
11
12
13
14
15
16
17
18
19
20
21
22
23
24
25
26
27
28
29
30
31
32
33
34
35
36
37
38
39
40
41
42
43
44
45
46
47
48
49
50
51
52
53
54
55
56
57
58
59
60
61
62
63
64
65
66
67
68
69
70
71
72
73
74
75
76
77
78
79
80
81
82
83
84
85
86
87
88
89
90
91
92
93
94
95
96
97
98
99
100
101
102
103
104
105
106
107
108
109
110
111
112
113
114
115
116
117
118
119
120
121
122
123
124
125
126
127
128
129
130
131
132
133
134
135
136
137
138
139
141
142
143
144
145
146
147
148
149
150
151
152
153
154
155
157
158
159
160
161
162
163
164
165
166
167
168
169
170
171
172
173
174
175
176
177
178
179
180
181
182
183
184
185
186
187
188
189
190
191
192
193
194
195
196
197
198
199
200
201
202
203
204
205
206
207
208
209
210
211
212
213
214
215
216
217
218
219
220
221
222
223
224
225
226
227
228
229
230
231
232
233
235
236
237
238
239
240
241
242
243
244
245
246
247
248
249
250
251
252
253
254
255
256
257
259
260
262
263
264
265
266
267
268
269
270
271
272
273
274
275
276
277
278
279
280
281
282
283
284
285
286
287
288
289
290
291
292
293
294
295
296
297
299
300
301
302
303
304
305
306
307
308
309
310
311
312
313
314
315
316
317
318
319
320
321
322
323
324
325
326
327
328
329
330
331
332
333
334
335
336
337
338
339
340
341
343
344
345
346
347
348
349
350
351
352
353
355
356
357
358
359
360
361
362
364
365
366
367
368
369
370
371
372
373
374
375
376
377
378
379
380
381
382
383
384
385
386
387
388
389
390
391
392
393
394
395
396
397
398
399
400
401
402
403
404
405
406
407
408
409
410
411
412
413
414
415
416
418
419
420
421
422
423
424
425
426
427
428
429
430
431
432
433
434
435
436
437
438
439
440
441
442
443
444
445
446
447
448
449
450
451
452
453
454
455
456
457
458
459
460
461
462
464
465
466
467
468
469
470
471
472
473
474
475
476
477
478
479
480
481
482
483
484
485
486
487
488
489
490
491
492
493
495
496
497
498
499
500
501
502
503
504
505
506
507
508
509
510
511
512
513
514
515
516
517
518
519
520
521
522
523
524
525
526
527
528
530
531
532
533
534
535
536
537
538
539
540
541
542
543
544
545
546
547
548
549
550
551
552
553
554
556
557
558
559
560
561
562
563
564
565
566
567
568
569
570
571
572
573
574
575
576
577
578
579
580
581
582
583
584
585
586
587
588
589
590
591
592
593
594
595
596
597
598
599
600
601
602
603
604
605
606
607
609
610
611
612
613
614
615
616
617
618
619
621
622
623
624
625
626
627
628
629
630
631
632
633
634
635
636
637
638
639
640
641
642
643
644
645
646
647
648
649
650
651
652
653
654
655
656
657
658
659
660
661
662
663
664
665
666
667
668
669
670
671
672
673
674
675
676
677
678
679
680
681
682
683
684
685
686
687
688
689
690
691
692
693
694
695
696
697
698
699
700
701
702
703
704
705
706
707
708
709
710
711
712
713
714
715
716
717
718
719
720
721
722
723
724
725
726
727
728
729
730
731
732
733
734
735
736
737
738
739
740
741
742
743
744
745
746
747
748
749
750
751
752
753
754
756
757
758
759
760
761
762
763
764
765
767
768
769
770
771
772
773
774
775
776
777
778
779
780
781
782
783
784
785
786
787
788
789
790
791
792
793
794
795
796
797
798
799
800
801
802
803
804
805
806
807
808
809
810
811
812
813
814
815
816
817
818
819
820
821
822
823
824
825
826
827
828
829
830
831
832
833
834
835
836
837
838
839
840
841
842
843
844
845
846
847
848
849
850
851
852
853
854
855
856
857
858
859
860
861
862
863
864
865
866
867
868
869
870
871
872
873
874
875
876
877
878
879
880
881
882
883
884
885
886
887
888
889
890
891
892
893
894
895
896
897
898
899
900
901
902
903
904
905
906
907
908
909
910
911
912
913
914
915
916
917
918
919
920
921
922
923
924
925
926
927
928
929
930
931
932
933
934
935
936
937
938
939
940
941
942
943
944
945
946
947
948
949
950
951
952
953
954
955
956
957
958
960
961
962
963
964
965
966
967
968
969
970
971
972
973
974
975
976
977
978
979
980
981
982
983
984
985
986
987
988
989
990
991
992
993
994
995
996
997
998
999
1000
1001
1002
1003
1004
0 569 3
2 868 1
2 38 1
2 236 1
2 812 1
2 335 2
2 790 3
2 923 2
2 126 2
4 585 1
4 135 2
5 553 1
5 491 1
5 381 1
6 569 3
7 418 1
12 720 1
12 680 1
15 680 2
15 731 1
15 422 1
16 843 1
24 647 1
24 136 1
24 142 1
24 493 1
24 656 1
24 274 1
24 408 1
24 281 1
24 31 1
24 32 1
24 547 1
24 167 1
24 561 1
24 428 1
24 301 1
24 817 1
24 658 1
24 953 1
24 188 1
24 189 1
24 160 1
24 450 1
24 846 1
24 207 1
24 35 1
24 526 1
24 731 1
24 990 1
24 228 1
24 360 1
24 530 1
24 629 6
24 502 1
24 891 1
24 469 1
25 672 1
25 679 1
28 987 2
29 506 2
29 90 2
29 335 1
30 936 1
30 313 1
30 743 1
31 165 10
32 977 1
32 90 1
32 197 1
35 978 3
35 207 2
38 591 1
40 193 1
40 450 2
40 596 2
40 695 1
40 187 5
40 572 6
40 927 1
41 723 5
41 565 2
41 499 1
45 66 1
45 227 2
45 782 4
48 458 1
48 499 1
48 956 1
52 868 1
52 126 3
53 776 1
53 193 1
53 920 1
53 160 1
53 61 1
56 633 1
56 746 1
56 987 4
58 909 3
61 450 1
61 718 9
61 659 2
61 692 2
61 127 1
62 485 1
62 646 1
65 771 1
65 135 1
65 927 1
66 227 4
66 782 9
67 344 2
67 165 5
67 846 6
67 207 3
68 176 1
68 506 1
68 987 1
73 499 1
74 126 2
74 782 2
74 759 2
75 193 1
75 91 1
75 196 1
75 997 1
75 550 3
75 107 1
75 191 1
75 987 1
75 415 1
75 334 1
75 772 2
75 612 1
75 127 1
75 220 1
75 190 1
75 607 2
77 912 11
77 168 8
78 569 3
82 135 2
83 771 1
86 443 5
86 703 1
90 416 2
90 769 2
90 997 1
90 742 2
90 904 1
90 270 1
90 783 1
90 977 1
90 980 1
90 718 1
90 122 1
90 381 1
90 479 1
91 607 1
95 873 1
95 994 1
95 987 3
95 923 1
96 832 1
98 401 1
98 707 1
98 429 2
101 866 1
101 423 2
103 423 1
103 310 3
103 663 2
104 305 1
104 126 1
105 418 3
106 1001 2
106 828 1
106 638 2
107 393 1
107 810 1
107 980 2
107 664 1
107 569 1
107 607 1
111 416 2
112 674 1
112 267 1
113 551 2
113 927 2
114 149 1
122 924 3
126 416 6
126 356 1
126 168 1
126 790 4
126 759 1
126 700 1
127 569 1
127 732 1
133 416 1
133 602 1
134 592 2
134 291 2
134 454 7
135 692 3
135 581 7
135 870 2
135 936 1
135 746 1
135 942 1
135 176 1
135 371 2
135 628 7
135 341 2
135 292 1
135 170 6
135 405 1
136 200 2
136 915 2
139 638 5
139 477 1
139 534 1
141 978 2
147 416 2
147 196 1
147 454 6
147 686 3
147 308 1
147 277 1
147 157 1
147 927 4
149 716 2
152 443 2
153 977 15
153 418 1
153 996 1
157 746 1
157 926 1
157 686 2
159 290 1
159 940 3
159 912 3
159 500 2
159 695 1
159 923 1
160 629 2
160 607 1
164 402 2
164 638 1
165 344 3
165 401 12
165 190 1
166 609 2
166 743 1
167 978 5
167 851 1
167 988 2
167 207 2
168 416 1
168 868 2
168 585 1
168 912 9
168 260 1
168 575 1
170 720 3
171 347 3
171 715 2
171 933 1
171 590 1
173 506 2
176 769 1
176 482 1
176 995 1
176 836 1
176 581 1
176 329 1
176 588 1
176 591 1
176 690 1
176 692 1
176 245 1
176 855 1
176 641 1
176 764 1
180 215 2
180 958 1
180 727 3
181 190 3
184 832 2
184 710 1
184 423 1
187 450 4
187 272 3
187 712 1
187 662 2
187 572 2
188 301 3
188 207 2
188 978 3
188 851 1
188 569 1
190 353 3
190 656 2
190 274 2
191 752 1
191 927 1
193 416 1
193 609 1
193 454 1
193 617 1
193 714 2
193 850 1
193 633 1
193 443 1
193 540 1
193 927 1
196 927 2
197 987 1
197 923 1
197 718 1
199 996 1
199 506 8
199 924 5
200 952 1
200 971 1
205 841 2
205 389 2
207 547 2
207 421 2
207 424 7
207 241 2
207 301 2
207 817 2
207 978 2
207 851 2
207 469 4
207 954 2
207 795 5
207 957 2
208 236 1
208 652 1
209 880 1
214 290 3
214 746 1
214 912 5
214 306 1
214 662 1
214 923 3
214 316 3
215 644 2
216 321 2
216 499 2
220 334 1
221 746 1
223 322 1
226 361 1
228 569 3
228 470 1
228 502 1
228 693 1
229 784 1
229 306 1
229 771 1
231 698 1
231 987 1
231 245 1
231 607 3
232 575 1
233 746 1
233 450 1
236 506 1
239 939 1
239 596 1
245 994 1
245 329 1
245 698 1
245 987 2
245 540 1
246 423 2
248 696 1
248 746 1
249 569 3
250 782 1
250 886 1
250 927 2
251 987 1
253 290 1
253 566 1
256 416 1
267 674 1
267 435 1
267 685 4
267 838 1
272 450 5
272 900 7
272 742 1
272 754 1
272 595 1
277 927 1
280 629 2
280 846 1
284 680 2
291 401 3
291 429 2
291 454 4
292 769 3
293 569 1
293 572 1
294 416 2
294 817 2
294 586 4
295 569 3
299 832 1
299 388 1
301 978 2
303 343 1
305 912 2
305 765 1
306 450 2
306 771 3
306 742 5
306 659 1
309 780 1
310 329 2
310 534 2
311 697 1
311 987 1
313 416 1
313 765 1
313 743 1
316 915 2
316 428 1
317 374 2
318 332 3
318 684 1
318 499 1
318 844 1
318 758 1
319 499 1
321 618 1
321 499 3
321 700 2
327 381 1
329 624 2
329 738 3
329 582 1
332 500 4
333 569 3
334 923 1
334 746 1
334 718 2
334 502 1
334 569 1
334 607 2
334 671 1
335 664 1
335 867 2
335 700 1
338 433 1
338 987 1
339 569 1
341 942 1
343 368 1
343 740 1
343 663 1
343 399 1
347 933 2
347 966 3
353 891 2
356 912 2
356 743 2
356 927 1
360 629 2
360 526 4
361 987 1
362 946 1
362 909 1
362 383 1
364 987 1
364 764 2
369 444 1
369 927 2
377 729 2
377 866 2
377 716 5
377 718 3
377 422 3
380 712 1
380 440 1
383 912 3
383 531 1
388 843 1
388 534 1
393 907 1
396 804 1
397 671 1
397 975 1
398 450 1
401 454 9
401 429 14
401 415 10
407 843 2
409 569 3
410 638 1
410 719 1
414 629 1
416 868 1
416 517 1
416 912 6
416 927 4
418 977 11
421 424 6
421 978 2
421 795 1
422 680 1
422 731 2
423 832 5
423 866 1
423 710 4
423 977 2
423 607 1
424 585 2
424 978 2
424 795 5
424 990 5
427 955 4
428 915 1
429 454 10
431 988 1
432 987 1
433 738 1
433 987 1
433 951 1
434 672 1
435 586 1
435 500 6
443 742 2
444 535 4
444 823 1
444 927 2
447 762 2
450 900 3
450 662 7
450 802 4
450 678 3
450 947 1
450 692 1
450 695 2
450 568 2
450 571 1
450 572 2
450 712 1
450 596 1
450 602 1
450 742 3
450 746 1
454 772 4
454 609 3
454 592 6
454 927 1
458 844 1
458 499 1
458 956 1
462 833 5
469 978 2
470 789 6
470 569 5
470 538 1
470 862 1
470 693 1
471 483 1
472 912 3
472 575 1
472 743 2
481 565 1
482 569 4
482 987 1
482 606 2
483 617 1
485 927 2
493 629 1
495 568 1
495 862 1
499 758 2
499 618 1
499 844 1
499 558 2
499 723 1
499 918 1
499 956 1
500 586 3
500 782 1
500 535 2
501 663 1
502 935 1
502 746 1
502 693 1
502 569 5
502 538 1
502 605 1
502 607 2
506 644 1
506 1001 1
506 850 2
506 537 1
506 996 1
506 924 1
509 832 1
511 987 1
512 978 1
513 823 1
513 927 2
515 927 1
517 952 1
517 746 1
522 718 1
526 629 2
530 746 1
530 629 3
530 607 1
531 987 1
531 659 2
534 746 2
534 843 1
534 591 1
535 823 4
535 927 2
538 569 4
540 987 4
540 581 1
540 840 2
540 696 2
540 697 1
540 698 1
540 955 3
542 746 1
542 823 1
542 550 1
542 927 2
546 595 1
547 978 2
550 776 2
550 746 1
550 595 2
551 927 2
552 978 3
557 912 4
561 629 2
561 846 5
565 723 1
568 947 1
569 687 1
569 693 3
569 710 3
569 976 3
569 599 3
569 605 3
569 862 3
569 991 3
569 767 3
571 900 1
572 862 1
575 912 2
581 720 5
581 936 1
581 855 3
582 987 1
586 984 1
586 696 1
588 987 1
591 746 2
591 843 1
591 718 1
591 607 3
592 713 1
592 607 2
592 927 3
597 716 1
602 868 1
602 743 1
602 648 1
602 765 3
603 951 1
605 693 1
607 617 3
607 692 1
607 687 1
609 707 1
609 772 1
609 807 2
609 927 1
609 865 1
614 978 3
617 776 2
617 714 3
617 720 2
624 738 5
629 838 1
629 631 2
629 658 1
629 685 2
629 880 2
629 846 1
629 630 2
629 891 2
629 700 1
629 927 1
630 952 1
634 832 1
638 832 1
638 706 2
638 663 1
641 987 1
643 685 4
644 924 4
644 702 2
646 927 2
647 915 2
648 765 1
654 738 2
654 783 1
657 761 1
658 838 1
659 718 2
672 844 2
679 684 1
680 707 3
680 720 2
680 731 4
681 866 1
686 966 1
686 927 1
687 746 1
687 843 1
690 849 1
692 742 2
692 775 1
692 746 8
693 710 4
697 771 1
697 855 3
697 925 1
698 840 1
698 873 1
698 764 1
700 812 5
700 716 1
700 881 3
700 891 1
707 1003 1
707 880 1
707 951 1
710 832 3
710 779 1
711 843 2
714 890 1
715 926 1
716 866 2
716 883 1
718 866 2
718 904 2
718 746 1
718 843 2
718 980 1
720 833 4
720 855 1
722 927 2
723 758 1
727 951 1
731 746 1
738 783 2
738 850 2
740 879 1
740 788 1
742 900 4
742 746 1
742 784 2
743 746 1
746 776 1
746 783 1
746 915 1
746 920 1
746 923 2
746 935 8
746 775 1
746 834 1
746 851 1
746 980 1
748 926 1
758 918 1
762 765 1
764 987 1
765 868 1
770 927 2
773 955 2
774 947 43
782 923 2
789 987 1
790 812 11
795 978 3
796 977 1
809 987 2
817 978 2
823 927 2
838 952 1
838 971 5
840 987 1
844 956 1
849 987 1
851 988 1
851 978 3
854 927 2
866 951 1
872 987 1
873 987 1
912 923 3
933 966 3
935 966 3
954 978 2
955 987 6
957 978 1
969 977 1
977 996 3
977 1004 6
977 1001 3
978 988 5
987 994 1
