0
1
2
3
4
5
6
7
8
9
10
11
12
13
14
15
16
17
18
19
20
21
22
23
24
25
26
27
28
29
30
31
32
33
34
35
36
37
38
39
40
41
42
43
44
45
46
47
48
49
50
51
52
53
54
55
56
57
58
59
60
61
62
63
64
65
66
67
68
69
70
71
72
73
74
75
76
77
78
79
80
81
82
83
84
85
86
87
88
89
90
91
92
93
94
95
96
97
98
99
100
101
102
103
104
105
106
107
108
109
110
111
112
113
114
115
116
117
118
119
120
121
122
123
124
125
126
127
128
129
130
131
132
133
134
135
136
137
138
139
141
142
143
144
145
146
147
148
149
150
151
152
153
154
155
157
158
159
160
161
162
163
164
165
166
167
168
169
170
171
172
173
174
175
176
177
178
179
180
181
182
183
184
185
186
187
188
189
190
191
192
193
194
195
196
197
198
199
200
201
202
203
204
205
206
207
208
209
210
211
212
213
214
215
216
217
218
219
220
221
222
223
224
225
226
227
228
229
230
231
232
233
235
236
237
238
239
240
241
242
243
244
245
246
247
248
249
250
251
252
253
254
255
256
257
259
260
262
263
264
265
266
267
268
269
270
271
272
273
274
275
276
277
278
279
280
281
282
283
284
285
286
287
288
289
290
291
292
293
294
295
296
297
299
300
301
302
303
304
305
306
307
308
309
310
311
312
313
314
315
316
317
318
319
320
321
322
323
324
325
326
327
328
329
330
331
332
333
334
335
336
337
338
339
340
341
343
344
345
346
347
348
349
350
351
352
353
355
356
357
358
359
360
361
362
364
365
366
367
368
369
370
371
372
373
374
375
376
377
378
379
380
381
382
383
384
385
386
387
388
389
390
391
392
393
394
395
396
397
398
399
400
401
402
403
404
405
406
407
408
409
410
411
412
413
414
415
416
418
419
420
421
422
423
424
425
426
427
428
429
430
431
432
433
434
435
436
437
438
439
440
441
442
443
444
445
446
447
448
449
450
451
452
453
454
455
456
457
458
459
460
461
462
464
465
466
467
468
469
470
471
472
473
474
475
476
477
478
479
480
481
482
483
484
485
486
487
488
489
490
491
492
493
495
496
497
498
499
500
501
502
503
504
505
506
507
508
509
510
511
512
513
514
515
516
517
518
519
520
521
522
523
524
525
526
527
528
530
531
532
533
534
535
536
537
538
539
540
541
542
543
544
545
546
547
548
549
550
551
552
553
554
556
557
558
559
560
561
562
563
564
565
566
567
568
569
570
571
572
573
574
575
576
577
578
579
580
581
582
583
584
585
586
587
588
589
590
591
592
593
594
595
596
597
598
599
600
601
602
603
604
605
606
607
609
610
611
612
613
614
615
616
617
618
619
621
622
623
624
625
626
627
628
629
630
631
632
633
634
635
636
637
638
639
640
641
642
643
644
645
646
647
648
649
650
651
652
653
654
655
656
657
658
659
660
661
662
663
664
665
666
667
668
669
670
671
672
673
674
675
676
677
678
679
680
681
682
683
684
685
686
687
688
689
690
691
692
693
694
695
696
697
698
699
700
701
702
703
704
705
706
707
708
709
710
711
712
713
714
715
716
717
718
719
720
721
722
723
724
725
726
727
728
729
730
731
732
733
734
735
736
737
738
739
740
741
742
743
744
745
746
747
748
749
750
751
752
753
754
756
757
758
759
760
761
762
763
764
765
767
768
769
770
771
772
773
774
775
776
777
778
779
780
781
782
783
784
785
786
787
788
789
790
791
792
793
794
795
796
797
798
799
800
801
802
803
804
805
806
807
808
809
810
811
812
813
814
815
816
817
818
819
820
821
822
823
824
825
826
827
828
829
830
831
832
833
834
835
836
837
838
839
840
841
842
843
844
845
846
847
848
849
850
851
852
853
854
855
856
857
858
859
860
861
862
863
864
865
866
867
868
869
870
871
872
873
874
875
876
877
878
879
880
881
882
883
884
885
886
887
888
889
890
891
892
893
894
895
896
897
898
899
900
901
902
903
904
905
906
907
908
909
910
911
912
913
914
915
916
917
918
919
920
921
922
923
924
925
926
927
928
929
930
931
932
933
934
935
936
937
938
939
940
941
942
943
944
945
946
947
948
949
950
951
952
953
954
955
956
957
958
960
961
962
963
964
965
966
967
968
969
970
971
972
973
974
975
976
977
978
979
980
981
982
983
984
985
986
987
988
989
990
991
992
993
994
995
996
997
998
999
1000
1001
1002
1003
1004
0 178 2
0 883 1
0 716 1
0 189 1
2 923 1
2 812 1
2 998 1
2 126 1
4 135 3
5 491 1
5 553 1
5 586 1
5 107 1
5 175 1
5 29 1
6 178 2
7 810 2
8 544 1
8 731 1
13 951 2
13 783 1
14 1001 1
14 410 1
14 924 1
14 506 2
15 680 3
15 731 7
15 422 3
16 102 1
16 951 2
17 316 1
17 165 1
19 333 1
24 493 2
24 846 1
24 909 4
24 530 5
24 629 2
24 891 5
25 956 1
25 318 1
29 808 1
29 249 3
29 107 1
30 313 1
30 885 2
30 765 1
31 915 1
31 316 1
31 165 5
32 921 1
32 214 1
32 791 3
38 832 1
38 586 2
38 324 2
39 923 1
41 48 1
41 73 3
41 723 2
41 956 1
41 565 1
42 649 2
42 323 2
42 534 2
42 951 1
46 310 3
48 558 1
50 559 1
52 112 1
52 868 3
52 201 1
52 912 3
52 948 3
52 126 1
53 120 1
53 193 1
53 923 1
53 443 1
53 609 1
58 586 2
58 818 1
58 90 2
58 909 1
61 674 1
61 517 6
61 742 3
61 167 1
61 522 1
61 782 2
61 802 2
61 718 11
61 141 3
61 243 3
61 398 1
61 502 1
61 663 2
61 851 2
61 915 1
62 163 3
62 485 2
62 646 3
62 159 1
62 214 1
62 535 2
62 120 1
62 571 2
62 542 1
62 799 1
65 193 1
67 963 3
67 165 5
67 391 3
67 846 3
67 207 2
67 344 2
70 90 1
70 310 1
73 723 1
74 674 5
74 166 3
74 294 2
74 392 6
74 112 4
74 984 1
74 313 2
75 772 1
75 147 3
75 948 2
78 178 2
82 83 1
83 400 1
83 771 2
83 901 1
83 870 2
83 784 3
83 855 1
83 697 2
83 863 1
86 152 1
86 443 1
86 662 2
90 865 1
90 891 1
90 1003 1
90 940 2
90 530 1
90 116 5
90 629 1
90 692 1
90 923 1
90 125 2
90 191 1
91 779 1
91 292 1
92 316 1
92 428 2
92 165 1
98 592 2
98 401 1
98 429 1
99 178 2
99 599 1
101 685 1
101 423 1
103 514 1
103 663 2
104 721 1
104 908 1
104 425 52
105 418 6
106 322 2
106 740 3
106 950 2
107 192 1
107 898 1
107 899 1
107 236 2
107 664 1
107 537 1
107 175 1
107 208 1
107 670 1
107 289 1
107 553 1
107 688 1
107 951 2
107 320 1
107 201 1
107 335 2
107 464 1
107 468 1
107 985 1
107 737 1
107 1004 1
107 118 1
107 980 1
107 381 1
112 674 5
112 803 1
112 166 3
112 392 4
112 267 1
112 948 1
112 313 2
114 275 1
114 716 1
119 465 1
119 700 1
119 812 1
120 772 1
120 198 1
120 586 2
120 948 5
120 190 1
120 566 2
120 196 1
120 923 3
122 469 2
126 294 2
126 166 3
126 232 2
126 586 10
126 782 2
126 948 3
126 790 9
126 573 1
127 754 1
133 416 2
133 602 2
134 592 4
134 232 1
135 742 1
135 936 3
135 337 2
135 628 3
135 405 1
135 692 1
135 317 3
136 344 1
136 952 2
136 316 1
136 165 1
138 383 1
139 1001 2
141 188 3
141 469 1
142 915 1
142 316 1
142 165 1
143 544 1
143 235 1
143 731 1
147 416 2
147 577 4
147 931 1
147 933 1
147 972 1
147 171 1
147 748 1
147 590 1
147 752 1
147 355 1
147 277 2
147 347 3
147 285 1
147 926 1
147 686 1
149 716 1
151 609 1
151 290 1
151 923 3
151 253 1
153 977 4
153 418 4
153 996 3
157 577 3
157 740 1
157 933 2
157 746 1
157 171 1
157 590 2
157 718 1
157 347 4
157 285 2
157 277 1
159 577 1
159 713 1
159 746 2
159 214 1
159 920 1
159 923 1
160 571 3
160 586 2
160 530 1
160 629 3
160 165 2
161 586 2
161 571 1
163 913 4
163 646 2
165 647 1
165 401 1
165 915 1
165 543 1
165 428 1
165 302 1
165 952 1
165 953 1
165 316 6
165 200 1
165 586 2
165 971 1
165 344 4
165 857 1
165 990 2
166 674 4
166 803 2
166 294 2
166 392 3
166 759 2
166 765 2
167 851 2
167 469 1
168 416 5
168 260 2
168 232 9
168 425 3
168 266 17
168 912 17
168 948 1
168 949 25
168 790 3
168 439 10
168 472 12
171 577 1
173 506 1
178 409 2
178 538 2
178 415 1
178 929 4
178 295 2
178 693 5
178 569 2
178 314 3
178 710 2
178 333 2
178 976 5
178 339 2
178 470 2
178 599 6
178 605 2
178 862 5
178 991 2
178 228 2
178 502 3
178 249 2
178 767 2
180 897 2
180 829 1
181 537 2
184 832 1
184 843 1
184 710 1
184 423 1
185 684 2
185 915 3
185 502 1
185 248 3
185 762 2
185 670 2
188 851 1
188 862 1
188 614 2
189 969 1
189 316 1
189 862 1
192 381 1
193 617 1
193 443 1
193 923 2
199 541 1
200 971 4
200 952 1
200 915 2
200 344 3
200 316 2
207 424 1
207 957 1
207 630 3
207 847 1
214 577 1
214 290 1
214 923 1
214 742 2
214 746 1
214 951 3
214 443 1
216 321 1
216 558 1
223 746 2
223 343 2
224 316 1
224 349 1
229 306 1
231 338 1
231 874 2
232 425 8
232 586 1
232 946 6
232 949 4
232 790 6
232 472 6
233 923 4
233 692 9
233 687 1
235 923 2
239 923 1
239 951 1
243 742 2
243 517 1
245 874 2
245 764 1
245 951 2
246 423 1
248 684 1
248 915 1
248 502 1
248 762 1
248 670 1
250 542 1
253 290 1
253 566 1
255 577 2
257 586 2
262 810 1
264 586 2
266 912 4
266 416 1
267 586 2
267 912 1
267 530 3
267 435 1
267 948 1
272 450 1
272 900 2
272 662 2
273 951 1
274 817 1
277 577 1
277 700 1
278 609 1
278 923 1
280 530 1
280 629 1
280 862 1
284 731 2
284 422 1
285 577 1
288 530 1
288 629 1
288 846 1
290 425 2
290 671 1
291 401 1
291 1003 2
291 429 1
293 547 3
294 416 1
294 586 2
294 782 1
294 984 1
299 509 2
301 493 5
302 316 1
304 441 3
304 860 1
307 586 2
310 706 2
310 586 5
310 943 3
310 402 1
310 343 3
310 362 3
310 735 1
311 697 1
311 955 1
313 356 1
313 948 1
313 472 1
314 538 1
316 344 1
316 647 1
316 971 1
316 428 1
316 629 1
316 915 2
316 953 1
316 952 1
316 857 2
316 543 1
316 990 1
319 1002 4
319 558 1
321 565 3
322 740 1
322 534 1
322 638 7
322 879 1
324 586 1
326 586 1
329 624 1
332 782 2
333 767 2
334 851 1
334 692 2
334 742 1
335 643 3
335 381 3
337 617 1
337 505 1
338 540 2
343 943 1
343 950 2
343 663 2
347 577 1
347 933 1
349 976 7
349 428 2
353 391 1
355 577 1
356 984 1
356 586 1
356 602 2
356 383 1
360 530 1
360 629 1
362 512 1
362 371 1
362 491 1
362 383 3
367 923 1
369 913 3
369 535 2
371 860 1
377 457 3
378 514 1
379 947 1
381 468 1
383 867 1
383 589 1
383 720 4
383 595 1
383 891 1
388 832 3
388 634 3
388 718 1
388 638 3
392 948 1
392 674 7
394 571 1
401 454 1
401 429 2
401 415 3
407 779 1
409 977 2
409 605 1
410 832 1
410 719 1
414 923 4
415 833 2
415 517 1
415 742 1
415 429 3
415 462 3
415 670 1
416 617 2
416 946 1
416 948 4
416 949 4
416 586 4
416 426 1
418 977 2
418 996 8
421 424 2
421 795 1
422 731 2
423 977 2
424 795 1
425 586 3
425 946 7
425 472 1
425 765 3
427 955 1
428 915 2
429 454 1
432 468 1
433 849 3
433 540 2
438 818 1
439 912 1
443 662 1
444 535 5
447 586 1
447 790 2
450 900 2
450 712 2
450 595 1
450 662 1
450 571 1
466 662 1
469 851 1
472 782 3
472 984 1
476 923 1
478 818 1
479 586 2
480 977 2
481 565 1
482 531 1
482 987 2
484 530 1
485 854 1
485 799 1
493 530 2
493 629 4
497 773 2
499 558 1
499 758 4
500 782 1
502 746 1
502 915 1
502 862 2
503 704 1
503 956 2
506 872 1
506 1001 1
514 832 1
514 1001 1
514 780 1
514 977 2
514 950 4
516 532 2
516 924 2
516 881 2
516 828 1
517 586 1
517 718 5
517 948 1
526 530 1
526 629 1
527 771 1
527 870 1
528 923 1
530 658 1
530 915 1
530 685 1
530 561 1
530 571 5
530 846 1
530 746 2
530 750 1
530 629 7
530 630 4
530 631 1
530 891 2
534 746 2
534 939 3
534 879 1
534 571 1
540 641 1
540 994 14
540 987 3
540 874 2
540 951 3
540 624 4
540 855 2
540 697 5
540 955 1
541 921 1
542 746 1
542 799 1
543 951 1
544 739 1
544 580 1
544 741 1
544 563 1
544 791 1
544 669 1
546 731 1
546 844 1
550 812 2
551 799 1
558 704 1
558 684 1
558 565 1
561 629 1
561 846 5
563 731 7
565 679 1
565 844 1
566 772 2
567 586 1
571 900 2
571 742 7
571 870 2
571 935 2
571 776 2
571 684 3
571 813 19
571 885 1
571 663 3
577 931 1
577 933 2
577 715 1
577 972 1
577 748 1
577 590 1
577 686 1
577 926 1
582 994 4
584 731 2
586 782 2
586 912 3
586 947 2
586 948 2
586 735 2
586 837 2
586 602 1
586 617 3
586 885 2
586 762 2
586 765 1
591 746 1
591 718 1
592 609 1
592 948 4
595 934 1
595 746 1
595 718 2
595 696 1
602 721 2
602 743 3
603 622 1
605 929 1
605 685 2
605 1001 1
609 963 1
609 617 1
609 687 1
609 944 1
609 633 2
609 890 1
609 923 9
614 988 1
617 923 1
629 750 1
629 658 1
629 685 1
629 846 1
629 630 1
629 631 1
629 891 5
630 773 1
630 685 1
630 668 1
633 923 4
634 832 1
634 788 1
638 832 2
638 950 1
638 790 1
638 663 2
646 799 1
648 765 3
650 682 2
650 828 1
650 738 1
650 654 1
650 783 1
654 682 1
663 951 1
663 950 2
665 746 1
668 746 5
668 915 1
668 813 1
668 935 4
674 948 1
680 731 1
682 738 1
682 783 1
684 844 1
684 956 1
685 1001 1
687 746 1
687 923 4
692 746 1
692 923 2
696 731 1
697 771 1
697 855 1
697 925 1
700 920 2
700 812 1
700 956 1
702 1001 1
703 771 9
703 935 2
704 743 5
707 923 2
707 951 3
715 926 1
718 742 3
718 883 2
718 746 1
718 843 1
718 724 2
718 980 2
718 851 4
718 731 1
720 746 3
720 915 1
720 935 11
721 765 4
723 758 1
724 883 2
730 912 4
730 868 3
731 739 1
731 870 1
731 789 4
731 797 1
738 951 1
740 788 1
746 775 1
746 915 3
746 920 1
746 935 7
746 813 4
746 851 1
748 926 1
751 948 1
758 844 1
764 994 1
764 874 2
765 868 1
765 912 3
765 946 2
772 923 1
774 947 69
780 977 1
782 868 1
782 984 2
787 909 6
790 868 1
790 812 1
790 956 3
791 862 2
799 823 1
799 895 4
803 948 1
813 915 1
813 935 3
840 874 2
849 987 1
849 925 1
851 978 2
854 948 2
857 915 1
862 909 1
873 874 2
875 923 1
880 923 2
890 923 2
912 949 1
915 935 1
915 920 1
921 977 2
923 951 2
924 996 3
925 955 1
948 949 2
950 977 1
951 957 1
953 957 1
955 987 1
977 996 1
977 1004 4
