0
1
2
3
4
5
6
7
8
9
10
11
12
13
14
15
16
17
18
19
20
21
22
23
24
25
26
27
28
29
30
31
32
33
34
35
36
37
38
39
40
41
42
43
44
45
46
47
48
49
50
51
52
53
54
55
56
57
58
59
60
61
62
63
64
65
66
67
68
69
70
71
72
73
74
75
76
77
78
79
80
81
82
83
84
85
86
87
88
89
90
91
92
93
94
95
96
97
98
99
100
101
102
103
104
105
106
107
108
109
110
111
112
113
114
115
116
117
118
119
120
121
122
123
124
125
126
127
128
129
130
131
132
133
134
135
136
137
138
139
141
142
143
144
145
146
147
148
149
150
151
152
153
154
155
157
158
159
160
161
162
163
164
165
166
167
168
169
170
171
172
173
174
175
176
177
178
179
180
181
182
183
184
185
186
187
188
189
190
191
192
193
194
195
196
197
198
199
200
201
202
203
204
205
206
207
208
209
210
211
212
213
214
215
216
217
218
219
220
221
222
223
224
225
226
227
228
229
230
231
232
233
235
236
237
238
239
240
241
242
243
244
245
246
247
248
249
250
251
252
253
254
255
256
257
259
260
262
263
264
265
266
267
268
269
270
271
272
273
274
275
276
277
278
279
280
281
282
283
284
285
286
287
288
289
290
291
292
293
294
295
296
297
299
300
301
302
303
304
305
306
307
308
309
310
311
312
313
314
315
316
317
318
319
320
321
322
323
324
325
326
327
328
329
330
331
332
333
334
335
336
337
338
339
340
341
343
344
345
346
347
348
349
350
351
352
353
355
356
357
358
359
360
361
362
364
365
366
367
368
369
370
371
372
373
374
375
376
377
378
379
380
381
382
383
384
385
386
387
388
389
390
391
392
393
394
395
396
397
398
399
400
401
402
403
404
405
406
407
408
409
410
411
412
413
414
415
416
418
419
420
421
422
423
424
425
426
427
428
429
430
431
432
433
434
435
436
437
438
439
440
441
442
443
444
445
446
447
448
449
450
451
452
453
454
455
456
457
458
459
460
461
462
464
465
466
467
468
469
470
471
472
473
474
475
476
477
478
479
480
481
482
483
484
485
486
487
488
489
490
491
492
493
495
496
497
498
499
500
501
502
503
504
505
506
507
508
509
510
511
512
513
514
515
516
517
518
519
520
521
522
523
524
525
526
527
528
530
531
532
533
534
535
536
537
538
539
540
541
542
543
544
545
546
547
548
549
550
551
552
553
554
556
557
558
559
560
561
562
563
564
565
566
567
568
569
570
571
572
573
574
575
576
577
578
579
580
581
582
583
584
585
586
587
588
589
590
591
592
593
594
595
596
597
598
599
600
601
602
603
604
605
606
607
609
610
611
612
613
614
615
616
617
618
619
621
622
623
624
625
626
627
628
629
630
631
632
633
634
635
636
637
638
639
640
641
642
643
644
645
646
647
648
649
650
651
652
653
654
655
656
657
658
659
660
661
662
663
664
665
666
667
668
669
670
671
672
673
674
675
676
677
678
679
680
681
682
683
684
685
686
687
688
689
690
691
692
693
694
695
696
697
698
699
700
701
702
703
704
705
706
707
708
709
710
711
712
713
714
715
716
717
718
719
720
721
722
723
724
725
726
727
728
729
730
731
732
733
734
735
736
737
738
739
740
741
742
743
744
745
746
747
748
749
750
751
752
753
754
756
757
758
759
760
761
762
763
764
765
767
768
769
770
771
772
773
774
775
776
777
778
779
780
781
782
783
784
785
786
787
788
789
790
791
792
793
794
795
796
797
798
799
800
801
802
803
804
805
806
807
808
809
810
811
812
813
814
815
816
817
818
819
820
821
822
823
824
825
826
827
828
829
830
831
832
833
834
835
836
837
838
839
840
841
842
843
844
845
846
847
848
849
850
851
852
853
854
855
856
857
858
859
860
861
862
863
864
865
866
867
868
869
870
871
872
873
874
875
876
877
878
879
880
881
882
883
884
885
886
887
888
889
890
891
892
893
894
895
896
897
898
899
900
901
902
903
904
905
906
907
908
909
910
911
912
913
914
915
916
917
918
919
920
921
922
923
924
925
926
927
928
929
930
931
932
933
934
935
936
937
938
939
940
941
942
943
944
945
946
947
948
949
950
951
952
953
954
955
956
957
958
960
961
962
963
964
965
966
967
968
969
970
971
972
973
974
975
976
977
978
979
980
981
982
983
984
985
986
987
988
989
990
991
992
993
994
995
996
997
998
999
1000
1001
1002
1003
1004
0 569 2
0 732 1
0 470 1
1 106 1
1 309 1
2 75 3
2 956 1
2 790 5
5 107 2
5 670 2
5 175 6
6 569 2
6 75 1
6 470 1
8 159 1
12 406 1
13 738 1
13 719 3
14 644 4
14 1001 1
14 365 3
14 506 1
14 924 1
14 702 1
15 680 3
15 731 3
15 406 2
15 422 1
16 716 2
17 200 1
24 160 1
24 547 3
24 530 2
24 629 5
24 631 1
24 891 2
24 31 2
25 48 2
25 458 2
26 40 1
29 670 1
30 936 3
30 313 2
30 356 7
30 765 1
30 135 1
31 165 6
31 200 1
31 428 1
31 569 1
31 990 1
32 90 1
32 572 1
32 693 2
34 855 2
35 978 5
35 207 1
38 832 1
38 638 2
38 159 5
40 450 2
40 712 5
40 272 2
40 147 1
40 159 3
41 704 1
48 672 1
48 546 1
48 684 4
48 558 1
48 499 1
53 290 1
53 443 1
53 75 1
53 569 1
53 923 2
53 61 1
56 193 5
56 531 1
56 692 1
56 749 2
58 586 3
58 818 2
58 909 2
61 388 1
61 517 2
61 718 2
61 854 3
61 343 1
62 800 1
62 513 1
62 485 3
62 646 1
62 551 1
62 369 1
62 854 3
62 542 3
64 322 1
64 612 1
64 534 1
65 784 1
65 280 2
65 220 3
65 334 2
65 687 1
67 963 1
72 159 2
75 772 3
75 135 1
75 915 1
75 535 1
75 923 2
75 670 1
75 550 1
75 945 1
75 607 2
75 189 1
75 334 3
75 850 1
75 462 1
75 91 1
75 220 3
75 223 1
75 617 1
75 107 1
75 879 2
75 127 1
77 912 2
77 556 2
77 168 2
77 260 7
78 569 1
82 135 2
90 609 1
90 802 1
90 742 3
90 865 1
90 978 1
90 660 3
90 569 1
90 702 3
91 607 1
92 953 2
92 142 1
96 832 3
96 420 1
96 299 1
96 788 1
96 634 1
96 509 1
96 638 1
98 291 5
98 454 4
98 134 4
98 713 15
98 107 16
98 268 5
98 429 1
98 592 8
98 707 3
98 117 4
98 278 5
101 149 1
101 246 2
101 423 4
102 174 2
103 832 2
103 514 4
103 950 6
103 303 3
105 418 6
105 582 11
106 740 3
106 229 1
106 1001 4
106 139 1
106 780 1
106 788 1
106 309 1
106 634 1
107 553 1
107 687 1
107 664 1
107 980 2
107 118 2
107 440 1
107 670 1
111 586 1
112 256 1
112 674 2
112 267 2
112 517 1
112 631 2
113 854 2
113 927 1
118 716 1
120 752 1
120 291 1
120 772 1
120 854 4
120 454 4
122 693 2
125 174 2
126 232 2
132 842 9
132 879 2
133 416 1
134 592 4
134 515 1
134 850 1
134 454 2
135 581 4
135 870 2
135 936 1
135 692 1
135 248 1
135 628 2
136 200 3
136 428 1
136 915 2
136 629 2
136 857 1
136 159 1
137 443 3
139 174 2
141 978 5
141 188 2
142 200 1
142 267 6
142 207 2
142 915 1
142 953 1
143 872 1
143 796 1
143 580 2
147 577 1
147 214 1
147 926 1
150 415 2
153 977 12
157 517 1
157 775 1
157 684 1
157 586 3
157 844 1
157 718 3
157 915 7
157 462 1
157 248 8
157 542 5
159 517 5
159 915 1
159 660 2
159 923 5
159 669 1
159 290 1
159 306 1
159 307 1
159 565 5
159 695 1
159 833 1
159 450 6
159 712 6
159 713 1
159 586 1
159 334 2
159 720 1
159 214 6
159 609 1
159 495 1
159 500 1
159 629 2
160 586 3
160 629 7
160 630 1
164 548 2
164 420 4
164 174 1
165 200 1
165 207 4
165 401 6
165 915 1
165 948 1
166 586 3
166 517 2
166 743 1
167 817 1
167 978 8
167 274 1
167 862 3
167 207 1
168 416 1
168 260 6
168 232 2
168 912 3
168 915 1
168 439 1
168 472 4
170 697 2
171 933 5
171 966 1
173 541 2
174 832 3
174 548 1
174 879 1
174 534 1
174 505 1
174 510 2
175 423 1
175 1004 3
175 849 14
175 275 2
175 670 2
180 217 1
180 829 1
180 958 1
184 393 1
184 607 1
185 353 3
185 850 1
185 762 1
185 833 1
186 256 1
186 267 7
186 517 1
187 466 1
188 421 1
188 207 1
188 978 5
188 630 2
188 569 1
188 431 1
189 236 5
189 1004 3
189 862 2
189 569 1
190 353 1
190 656 1
190 274 1
190 373 1
190 471 1
190 920 1
190 891 3
190 629 1
191 752 1
191 749 1
191 415 3
193 290 1
193 923 2
193 550 1
193 776 1
193 617 1
193 714 12
193 629 1
193 890 1
193 443 1
193 700 1
193 830 2
194 306 1
196 586 3
197 609 1
197 923 5
199 592 1
199 924 1
199 506 3
199 644 1
199 996 1
200 344 1
200 267 1
200 647 1
200 971 3
200 428 1
200 915 1
200 302 1
200 953 1
200 952 2
200 857 1
200 543 1
200 316 1
200 990 1
202 629 4
207 547 1
207 424 2
207 301 1
207 558 2
207 817 2
207 978 4
207 851 1
207 469 2
207 241 1
207 953 1
207 954 2
207 795 3
207 957 3
207 421 1
208 236 1
209 356 2
214 609 1
214 290 1
214 742 5
214 586 1
214 223 1
214 272 3
214 885 1
214 951 1
214 923 4
214 765 2
216 321 1
216 558 1
220 749 2
220 334 1
220 415 1
223 322 2
223 462 1
223 663 2
228 569 2
228 693 1
228 470 1
228 605 2
229 769 1
229 483 2
229 742 4
229 306 1
229 469 2
231 698 2
231 607 2
232 575 2
235 609 1
236 1004 1
236 977 2
236 537 4
236 506 1
239 609 2
239 951 1
245 624 2
245 698 2
246 377 1
246 724 6
246 718 2
246 423 3
248 450 1
248 581 1
248 550 4
248 586 1
248 492 1
248 462 1
248 595 1
248 718 1
248 502 1
248 762 1
248 915 4
249 569 4
249 862 1
249 470 2
250 332 2
250 854 2
250 927 1
253 290 1
253 566 2
256 416 1
256 356 3
256 517 2
256 648 2
256 267 5
256 313 1
256 478 1
260 416 3
260 912 1
260 790 2
260 575 3
263 369 1
264 586 3
264 469 1
264 749 3
267 630 3
267 869 1
267 648 4
267 586 7
267 658 1
267 530 1
267 662 7
267 478 9
267 517 9
268 291 1
272 900 2
274 920 1
275 849 7
280 920 1
280 851 2
280 629 8
280 462 1
281 569 1
281 731 1
281 631 1
284 731 4
291 609 1
291 454 3
291 1003 1
291 429 2
291 401 7
293 569 2
293 605 1
294 817 1
295 569 2
299 634 1
299 788 1
301 656 1
301 978 4
301 493 3
303 509 1
303 343 2
306 659 1
308 748 1
308 926 1
311 697 3
311 955 2
313 984 1
313 885 3
313 765 3
316 915 2
316 428 2
318 558 1
319 558 1
320 843 1
321 704 10
321 618 1
321 499 1
321 558 2
322 388 5
322 879 5
324 700 1
326 587 2
327 381 3
329 624 1
329 334 1
331 418 2
332 500 3
333 569 2
333 605 1
333 470 2
334 546 1
334 995 2
334 586 1
334 749 1
334 718 1
334 687 2
334 692 1
334 462 1
334 607 2
334 923 1
335 464 1
335 532 2
335 790 1
338 951 2
343 587 2
343 663 3
347 577 1
347 933 3
347 966 2
356 416 5
356 868 3
356 517 1
356 743 1
356 586 3
356 684 2
356 915 1
356 574 1
356 472 2
356 762 1
356 859 1
356 765 1
360 696 1
360 569 2
360 629 7
360 526 1
362 993 1
362 547 1
362 602 1
362 909 1
362 528 1
362 922 1
362 381 1
364 624 1
366 972 1
369 770 1
369 556 1
369 854 2
369 927 1
372 572 1
377 423 2
377 530 1
377 630 3
377 731 1
377 605 1
377 607 7
379 568 1
380 440 1
380 664 1
381 643 3
382 702 1
383 586 3
392 838 3
398 712 5
401 429 34
401 454 9
401 415 9
404 718 1
407 843 3
409 569 2
409 506 1
409 470 2
410 719 2
415 833 3
415 612 1
415 435 2
415 630 4
415 504 1
415 569 5
415 987 3
416 586 2
416 573 1
416 912 1
416 472 1
416 762 2
416 602 1
416 868 1
418 977 15
418 996 24
421 424 1
421 817 1
421 978 6
421 795 4
422 680 5
422 569 1
422 731 2
424 817 1
424 978 5
424 795 8
424 990 1
427 955 2
428 915 4
428 953 1
428 569 5
428 862 2
429 925 1
429 454 5
433 693 1
435 500 3
435 782 1
437 516 1
438 818 4
440 537 6
443 546 1
443 742 3
443 550 1
443 662 3
444 854 2
444 927 1
446 764 1
449 462 1
450 802 1
450 462 1
450 712 3
450 718 1
454 609 1
454 772 5
454 592 4
458 704 4
458 844 1
458 558 1
462 783 1
462 833 3
462 517 1
462 742 1
462 718 1
462 687 1
462 851 1
462 692 1
462 629 1
462 670 1
462 591 1
462 923 1
462 542 1
466 712 3
466 662 2
469 978 4
469 630 5
469 954 1
470 569 3
470 710 1
470 599 1
470 693 1
470 502 1
470 538 1
470 605 2
470 862 1
470 789 6
472 743 2
472 915 1
472 859 2
478 517 1
479 586 3
482 569 5
482 531 2
483 607 1
485 854 2
485 927 1
491 497 1
491 569 1
493 978 2
493 629 5
493 630 1
497 977 2
497 773 1
499 844 2
499 684 3
499 558 3
499 687 1
499 565 1
499 918 1
499 956 1
499 607 1
500 782 4
500 890 4
500 923 2
502 718 2
502 569 8
502 538 1
502 862 1
506 644 9
506 921 1
506 996 3
509 780 1
512 978 3
513 854 2
513 927 1
516 790 7
517 542 1
517 602 1
517 648 1
517 586 3
517 684 1
517 765 2
517 565 1
517 854 4
526 629 5
530 718 2
530 629 11
530 920 1
530 891 1
531 641 1
531 987 2
535 684 1
535 542 1
535 854 2
535 927 1
537 737 1
538 569 2
540 697 3
540 698 2
540 955 3
540 987 3
541 977 4
541 586 3
541 923 2
541 881 1
542 684 1
542 915 1
542 854 2
542 927 1
546 609 1
546 550 3
546 844 1
546 607 1
547 978 7
547 846 1
550 743 1
551 854 2
551 927 1
552 978 4
558 844 1
558 684 1
558 956 2
561 629 5
561 846 4
561 631 3
565 723 1
569 808 1
569 685 1
569 693 4
569 951 2
569 953 1
569 580 1
569 710 2
569 976 2
569 977 1
569 599 3
569 605 5
569 862 12
569 991 2
569 749 11
569 631 4
572 662 1
573 586 5
573 868 5
577 926 2
577 686 4
580 976 1
580 791 1
581 936 1
581 692 1
584 680 2
585 909 1
585 870 1
586 687 1
586 684 1
586 648 1
586 718 3
586 854 3
586 984 2
586 602 1
586 868 3
586 885 2
586 762 5
587 720 3
588 987 1
591 851 1
591 718 1
591 607 3
592 713 1
592 927 3
599 710 1
602 743 2
605 693 2
607 687 2
607 927 2
609 833 1
609 707 3
609 772 4
609 951 3
609 633 2
609 890 1
609 923 1
609 927 1
612 633 2
614 978 6
617 720 3
617 833 2
617 714 3
628 871 5
629 658 5
629 915 3
629 685 5
629 846 4
629 630 5
629 631 5
629 891 7
629 894 4
630 838 2
630 685 4
630 790 3
634 788 3
634 638 1
638 862 1
643 685 11
644 996 1
644 1001 2
644 650 3
644 752 2
644 977 1
644 702 2
646 854 3
646 927 1
648 885 6
648 762 1
648 765 1
649 663 1
654 991 2
656 920 1
657 921 1
658 838 2
659 742 5
660 784 1
663 706 1
663 950 3
670 702 2
672 844 1
680 707 1
680 731 1
682 738 1
684 704 3
684 743 1
684 844 1
684 915 1
686 872 1
687 776 1
687 718 1
692 769 1
692 830 1
697 925 3
697 855 4
698 840 2
698 873 2
698 764 2
700 812 1
700 790 2
702 842 11
703 951 4
704 743 1
704 723 4
707 880 3
708 718 3
714 890 3
715 926 2
716 718 1
718 866 2
718 915 3
718 724 1
718 980 1
718 916 2
719 738 2
719 783 2
720 731 2
720 833 1
722 854 2
722 927 1
723 933 3
731 915 4
737 849 6
740 788 1
742 769 4
743 859 2
745 996 1
752 850 2
758 844 1
758 956 1
758 918 2
761 969 3
762 868 2
762 984 1
762 915 1
765 936 10
765 915 1
769 830 1
770 927 1
773 955 2
774 947 19
776 935 1
783 921 1
788 832 1
790 812 7
791 862 1
795 978 3
817 978 6
823 854 2
823 927 1
828 1001 2
833 850 1
843 907 1
850 1001 1
851 920 1
851 978 5
854 923 1
854 927 1
857 915 1
861 896 1
872 987 2
873 955 1
880 923 1
890 923 1
912 915 1
915 920 1
915 951 1
915 980 1
925 955 2
933 966 3
935 966 2
954 978 5
955 987 3
957 978 3
969 977 1
977 996 2
977 1001 6
977 1004 1
978 988 4
