0
1
2
3
4
5
6
7
8
9
10
11
12
13
14
15
16
17
18
19
20
21
22
23
24
25
26
27
28
29
30
31
32
33
34
35
36
37
38
39
40
41
42
43
44
45
46
47
48
49
50
51
52
53
54
55
56
57
58
59
60
61
62
63
64
65
66
67
68
69
70
71
72
73
74
75
76
77
78
79
80
81
82
83
84
85
86
87
88
89
90
91
92
93
94
95
96
97
98
99
100
101
102
103
104
105
106
107
108
109
110
111
112
113
114
115
116
117
118
119
120
121
122
123
124
125
126
127
128
129
130
131
132
133
134
135
136
137
138
139
141
142
143
144
145
146
147
148
149
150
151
152
153
154
155
157
158
159
160
161
162
163
164
165
166
167
168
169
170
171
172
173
174
175
176
177
178
179
180
181
182
183
184
185
186
187
188
189
190
191
192
193
194
195
196
197
198
199
200
201
202
203
204
205
206
207
208
209
210
211
212
213
214
215
216
217
218
219
220
221
222
223
224
225
226
227
228
229
230
231
232
233
235
236
237
238
239
240
241
242
243
244
245
246
247
248
249
250
251
252
253
254
255
256
257
259
260
262
263
264
265
266
267
268
269
270
271
272
273
274
275
276
277
278
279
280
281
282
283
284
285
286
287
288
289
290
291
292
293
294
295
296
297
299
300
301
302
303
304
305
306
307
308
309
310
311
312
313
314
315
316
317
318
319
320
321
322
323
324
325
326
327
328
329
330
331
332
333
334
335
336
337
338
339
340
341
343
344
345
346
347
348
349
350
351
352
353
355
356
357
358
359
360
361
362
364
365
366
367
368
369
370
371
372
373
374
375
376
377
378
379
380
381
382
383
384
385
386
387
388
389
390
391
392
393
394
395
396
397
398
399
400
401
402
403
404
405
406
407
408
409
410
411
412
413
414
415
416
418
419
420
421
422
423
424
425
426
427
428
429
430
431
432
433
434
435
436
437
438
439
440
441
442
443
444
445
446
447
448
449
450
451
452
453
454
455
456
457
458
459
460
461
462
464
465
466
467
468
469
470
471
472
473
474
475
476
477
478
479
480
481
482
483
484
485
486
487
488
489
490
491
492
493
495
496
497
498
499
500
501
502
503
504
505
506
507
508
509
510
511
512
513
514
515
516
517
518
519
520
521
522
523
524
525
526
527
528
530
531
532
533
534
535
536
537
538
539
540
541
542
543
544
545
546
547
548
549
550
551
552
553
554
556
557
558
559
560
561
562
563
564
565
566
567
568
569
570
571
572
573
574
575
576
577
578
579
580
581
582
583
584
585
586
587
588
589
590
591
592
593
594
595
596
597
598
599
600
601
602
603
604
605
606
607
609
610
611
612
613
614
615
616
617
618
619
621
622
623
624
625
626
627
628
629
630
631
632
633
634
635
636
637
638
639
640
641
642
643
644
645
646
647
648
649
650
651
652
653
654
655
656
657
658
659
660
661
662
663
664
665
666
667
668
669
670
671
672
673
674
675
676
677
678
679
680
681
682
683
684
685
686
687
688
689
690
691
692
693
694
695
696
697
698
699
700
701
702
703
704
705
706
707
708
709
710
711
712
713
714
715
716
717
718
719
720
721
722
723
724
725
726
727
728
729
730
731
732
733
734
735
736
737
738
739
740
741
742
743
744
745
746
747
748
749
750
751
752
753
754
756
757
758
759
760
761
762
763
764
765
767
768
769
770
771
772
773
774
775
776
777
778
779
780
781
782
783
784
785
786
787
788
789
790
791
792
793
794
795
796
797
798
799
800
801
802
803
804
805
806
807
808
809
810
811
812
813
814
815
816
817
818
819
820
821
822
823
824
825
826
827
828
829
830
831
832
833
834
835
836
837
838
839
840
841
842
843
844
845
846
847
848
849
850
851
852
853
854
855
856
857
858
859
860
861
862
863
864
865
866
867
868
869
870
871
872
873
874
875
876
877
878
879
880
881
882
883
884
885
886
887
888
889
890
891
892
893
894
895
896
897
898
899
900
901
902
903
904
905
906
907
908
909
910
911
912
913
914
915
916
917
918
919
920
921
922
923
924
925
926
927
928
929
930
931
932
933
934
935
936
937
938
939
940
941
942
943
944
945
946
947
948
949
950
951
952
953
954
955
956
957
958
960
961
962
963
964
965
966
967
968
969
970
971
972
973
974
975
976
977
978
979
980
981
982
983
984
985
986
987
988
989
990
991
992
993
994
995
996
997
998
999
1000
1001
1002
1003
1004
0 705 1
2 700 7
2 749 2
2 790 2
4 441 1
4 371 3
5 491 1
5 236 2
5 335 1
5 214 1
5 175 6
5 670 2
11 506 1
13 850 1
13 214 1
14 924 4
15 422 2
16 777 1
16 754 1
16 19 2
17 316 1
22 663 2
24 35 1
24 530 1
24 629 8
24 280 2
24 891 1
24 990 3
24 31 2
25 48 1
28 56 1
28 641 1
28 987 2
29 808 3
29 107 3
29 899 3
29 335 1
30 104 1
30 946 8
30 743 1
31 410 1
31 165 1
31 990 1
32 580 2
32 197 4
32 915 2
32 791 3
32 280 1
32 90 1
32 669 2
35 585 1
35 362 1
35 207 1
35 978 1
35 851 1
35 469 1
35 988 1
38 832 1
38 528 1
40 367 1
40 695 2
40 900 1
40 415 1
41 1000 2
41 73 1
41 458 1
41 48 1
41 723 3
41 503 11
46 139 1
46 310 1
48 1000 3
48 458 2
48 844 1
48 558 1
48 723 2
48 216 1
48 956 1
48 319 2
50 559 3
52 868 9
52 229 1
52 166 1
52 586 2
52 267 1
52 812 3
52 782 1
52 790 6
52 765 2
53 963 1
53 367 1
53 944 2
53 850 1
53 887 1
53 633 1
55 404 1
56 482 5
56 105 2
56 987 2
56 990 2
56 95 2
58 909 2
61 522 2
61 332 1
61 718 1
61 991 4
62 800 2
62 513 1
62 163 1
62 646 7
62 518 5
62 113 5
62 214 1
62 542 5
62 485 4
65 713 1
65 220 1
65 782 1
65 334 2
65 687 3
67 344 1
67 963 2
67 165 1
67 207 1
68 987 2
70 214 3
70 633 1
70 534 2
70 334 3
71 595 8
73 704 2
73 723 1
74 166 5
74 294 1
74 104 3
74 586 1
74 912 1
74 168 1
74 435 1
74 948 1
74 984 1
75 232 5
75 633 1
75 220 1
75 870 2
75 334 2
77 232 2
77 168 4
77 266 1
77 912 3
78 178 3
78 314 1
78 862 1
78 502 1
82 628 1
84 324 1
86 152 4
86 443 1
88 950 1
90 192 3
90 450 2
90 220 1
90 316 1
90 1002 1
90 107 4
90 236 3
90 500 4
90 944 3
90 435 1
90 948 3
90 151 2
90 248 2
90 857 1
90 188 1
90 765 2
92 915 1
93 192 2
95 987 2
96 388 1
96 346 1
96 420 2
98 290 1
98 707 5
98 454 2
98 134 4
98 713 4
98 107 6
98 268 6
98 429 2
98 401 5
98 117 4
98 278 4
99 314 1
99 491 1
99 207 1
99 862 2
99 599 1
101 951 1
101 718 1
101 246 3
101 423 2
104 256 1
104 416 3
104 356 1
104 425 33
104 908 1
104 721 1
104 948 1
104 790 5
104 765 2
105 742 1
105 374 7
106 780 1
106 788 1
107 192 1
107 320 1
107 643 1
107 201 1
107 810 1
107 367 1
107 214 2
107 381 1
107 335 3
109 256 1
109 425 1
111 294 1
112 674 4
112 517 2
112 646 2
112 392 4
112 267 4
112 751 1
112 948 1
112 730 2
113 646 1
114 372 1
117 268 2
118 335 6
120 707 1
120 356 1
120 220 3
120 742 1
120 540 3
120 752 1
120 274 1
120 948 2
120 987 2
120 316 1
120 765 1
120 703 1
122 915 1
122 772 1
122 479 1
125 510 1
125 323 1
125 139 2
125 622 2
125 206 1
126 356 1
126 294 2
126 586 3
126 435 1
126 948 2
126 790 9
126 984 1
127 415 1
129 577 1
130 178 3
133 256 1
133 602 1
133 948 1
133 765 1
134 948 1
135 170 1
135 371 2
135 628 2
135 581 2
135 870 2
136 915 1
136 207 1
139 832 1
139 534 2
141 978 1
141 362 1
141 469 2
143 544 1
143 669 1
147 577 3
147 278 1
147 355 1
147 933 1
147 715 1
147 972 1
147 171 1
147 748 1
147 590 1
147 277 1
147 214 1
147 347 4
147 285 1
147 926 1
147 686 1
148 486 1
149 372 3
150 471 4
151 617 1
151 923 1
151 253 1
152 443 1
153 977 1
153 418 1
153 411 1
153 996 1
154 950 1
157 590 1
157 926 5
157 277 2
160 530 1
160 571 3
160 629 1
163 250 1
164 879 2
165 207 3
165 401 2
165 948 1
165 344 1
165 316 1
166 294 1
166 743 1
166 392 1
166 521 1
166 573 1
166 885 1
166 586 1
167 547 2
167 978 1
167 274 2
167 851 1
167 469 2
167 630 1
168 260 1
168 232 1
168 521 2
168 266 2
168 556 1
168 746 1
168 813 2
168 912 35
168 946 2
168 586 1
168 948 2
168 949 11
168 439 5
168 472 17
168 575 4
169 372 3
170 782 4
170 245 1
170 405 1
170 581 2
171 590 1
173 506 1
175 849 5
175 275 3
175 335 1
178 470 1
178 976 1
178 862 9
178 502 7
178 767 1
178 605 13
178 990 2
178 415 1
181 656 2
181 189 1
181 190 1
184 832 2
185 833 2
185 506 1
185 334 1
188 988 1
188 978 1
188 469 2
189 491 1
189 749 5
190 353 1
190 656 2
190 274 2
190 373 1
190 890 1
191 752 1
191 948 1
192 643 2
192 335 1
192 381 4
193 443 1
193 550 1
193 870 2
193 334 1
193 367 2
193 707 1
193 633 2
193 891 4
196 401 1
196 731 1
197 923 1
199 924 1
199 644 1
200 428 1
200 344 2
200 915 2
200 630 2
200 952 3
200 857 2
200 316 1
201 236 1
201 335 1
207 484 2
207 424 8
207 428 2
207 558 5
207 978 3
207 373 8
207 630 2
207 953 1
207 954 1
207 795 9
207 988 3
207 349 2
207 990 1
207 469 5
208 335 1
214 388 1
214 662 4
214 518 3
214 267 1
214 783 1
214 912 2
214 531 6
214 534 5
214 367 4
214 290 1
214 940 3
214 944 1
214 433 3
214 946 1
214 951 2
214 316 2
214 765 2
214 334 8
214 850 2
214 595 4
214 343 1
214 987 2
214 220 1
214 226 1
214 614 4
214 230 1
214 239 1
214 502 2
214 381 1
214 638 1
216 321 3
216 1000 2
216 458 1
216 558 3
216 956 2
216 319 1
220 749 1
220 367 1
223 718 4
223 334 1
223 343 1
225 883 3
225 951 3
228 314 1
228 605 4
228 335 1
229 776 1
230 347 1
231 873 2
231 874 2
231 987 3
231 540 5
232 425 5
232 912 5
232 946 2
232 790 3
232 472 6
232 313 1
232 575 4
233 746 2
233 835 1
235 948 1
236 1004 1
236 335 1
236 532 3
236 537 3
239 713 1
239 706 1
239 367 1
239 951 1
245 840 5
245 329 1
245 874 2
245 987 2
245 540 15
246 377 1
246 724 6
246 423 3
248 980 1
250 518 1
250 886 2
251 482 1
251 987 2
256 294 4
256 912 6
256 648 3
256 730 1
257 948 1
260 912 1
260 790 1
262 335 1
264 764 1
266 425 1
266 439 1
267 517 1
267 648 2
267 586 3
267 751 1
267 948 1
267 891 10
267 478 1
268 291 2
268 454 2
268 713 2
268 633 3
273 951 5
274 920 1
274 469 2
275 849 2
275 479 1
277 972 1
277 700 1
277 813 4
278 290 1
280 902 2
280 360 1
280 658 1
280 530 1
280 629 1
284 584 2
284 680 2
284 731 4
284 422 4
285 336 1
288 610 5
288 484 6
288 391 6
288 846 8
288 530 1
288 629 9
288 630 1
288 891 1
289 810 1
289 381 1
289 335 1
293 697 4
293 724 2
294 500 1
294 759 1
294 762 1
294 586 9
299 832 1
299 559 1
301 978 1
301 988 1
301 469 1
302 316 1
306 659 1
306 790 4
306 742 1
306 981 3
311 987 2
311 540 1
311 925 1
313 472 2
313 730 3
313 948 1
313 946 1
314 710 2
314 599 4
314 605 2
314 767 2
316 962 1
316 971 1
316 428 3
316 367 1
316 915 17
316 415 1
316 952 7
316 857 6
316 543 1
316 349 5
316 990 1
316 351 2
318 840 3
318 684 1
318 332 1
318 758 1
319 832 2
319 1000 2
319 458 3
319 499 1
321 499 1
322 343 1
322 334 2
322 879 3
323 534 1
324 676 1
324 585 1
327 921 4
327 381 1
327 414 1
329 832 2
329 764 1
329 910 1
329 819 5
329 731 1
329 540 3
332 443 1
332 500 1
333 605 1
334 772 1
334 776 2
334 915 3
334 534 1
334 923 1
334 687 2
334 435 1
334 692 1
334 696 1
334 586 2
334 587 1
334 718 1
334 591 1
334 724 1
334 995 1
334 502 3
335 899 1
335 643 1
335 664 1
335 537 1
335 670 1
335 808 1
335 553 1
335 810 1
335 688 1
335 464 2
335 468 1
335 985 1
335 737 1
335 1004 1
335 980 1
335 381 1
335 639 1
336 926 3
337 919 1
337 638 3
337 663 2
338 987 2
338 951 1
343 534 1
343 399 2
344 373 1
347 472 2
347 933 2
347 966 1
349 976 2
353 750 3
353 891 2
353 486 2
353 391 6
356 425 3
356 746 2
356 912 3
356 721 1
356 948 2
356 730 3
356 765 4
360 530 1
360 629 1
360 526 1
361 987 2
362 371 1
362 771 1
364 764 1
365 522 2
367 963 2
367 868 2
367 581 2
367 518 1
367 865 1
367 720 2
367 946 3
367 948 1
369 913 5
369 535 1
371 870 1
371 585 7
371 441 3
372 934 3
372 595 1
372 404 7
372 572 3
373 391 2
374 742 1
376 559 2
376 919 1
377 422 1
378 514 1
381 643 4
381 1004 1
381 532 1
383 895 1
383 887 2
387 988 1
388 742 1
388 534 3
390 851 5
391 610 1
391 484 1
391 530 1
391 414 1
394 571 3
401 454 4
401 429 3
401 415 3
402 534 1
404 732 1
404 595 4
405 782 2
405 870 1
407 1004 1
414 995 4
414 563 5
414 891 26
414 445 2
415 946 1
415 948 3
415 987 2
415 542 2
416 425 2
416 946 1
416 948 2
416 765 3
418 996 14
420 879 2
420 559 2
421 978 1
421 988 1
421 469 1
422 613 1
422 527 1
422 731 4
423 832 3
423 779 2
423 1004 3
423 849 1
424 978 1
424 469 1
424 795 3
424 988 1
424 990 1
425 545 1
425 521 1
425 912 2
425 721 1
425 648 2
425 948 8
425 949 4
425 790 10
425 439 1
425 500 1
425 765 2
425 946 2
428 915 19
428 953 1
428 888 2
428 857 3
428 990 3
429 454 1
433 994 1
433 987 3
433 796 2
433 789 2
435 586 5
435 782 1
435 880 2
435 948 1
435 500 5
437 516 1
439 912 7
439 949 2
439 730 2
443 962 1
443 742 3
443 550 2
443 662 3
445 530 1
445 891 2
445 782 1
445 507 1
450 572 2
450 662 1
451 469 1
454 713 2
458 704 3
458 1000 5
458 618 2
458 558 1
458 499 1
458 956 4
466 568 1
469 512 2
469 795 3
469 552 1
469 817 1
469 954 2
469 957 1
469 978 2
469 547 2
469 988 3
469 614 2
469 851 4
469 630 4
470 569 1
470 789 4
472 746 2
472 782 1
472 912 15
472 946 8
472 948 1
472 730 1
472 575 3
480 506 1
480 987 2
480 828 3
481 565 1
482 531 2
482 606 1
482 987 2
482 798 1
484 530 1
484 629 1
484 630 3
485 542 1
493 530 1
493 629 1
497 977 1
497 773 1
499 704 1
499 679 1
499 844 3
499 684 2
499 558 1
499 956 1
500 586 8
500 782 5
500 687 1
500 814 5
502 749 2
502 878 1
502 862 1
503 704 3
503 723 3
503 1000 1
506 1001 2
506 724 1
509 832 2
509 893 2
509 638 1
510 534 1
512 978 1
514 832 1
514 1001 1
514 780 1
514 977 1
514 950 4
516 700 1
516 532 18
516 804 2
517 952 1
518 646 2
518 895 3
518 799 3
521 912 2
523 765 2
526 530 1
526 629 1
527 720 2
528 663 1
530 658 2
530 685 1
530 561 1
530 954 1
530 571 3
530 846 1
530 851 1
530 750 1
530 629 13
530 630 4
530 631 1
530 891 5
531 987 2
534 822 1
534 649 1
534 591 1
535 913 1
540 641 1
540 581 5
540 840 5
540 874 2
540 624 5
540 987 6
540 764 1
540 925 1
542 746 2
542 823 2
543 952 2
545 946 2
547 585 1
547 817 1
547 978 1
547 851 2
547 988 1
550 812 1
552 978 1
558 1000 3
558 844 1
559 622 1
561 629 2
563 891 3
563 741 1
565 723 1
570 851 2
571 684 3
572 662 1
573 586 1
575 912 10
575 782 1
581 742 2
581 942 3
582 987 2
582 764 2
582 955 1
585 695 2
586 746 2
586 782 4
586 912 1
586 984 5
586 762 2
586 885 6
587 591 1
589 922 1
589 887 1
591 995 1
591 910 1
591 851 1
591 915 1
593 718 1
595 716 2
599 710 1
601 919 12
602 948 1
602 765 1
605 693 2
607 617 1
614 978 1
614 988 1
618 704 1
622 676 1
624 746 3
628 937 1
628 870 2
629 750 1
629 658 1
629 685 1
629 915 1
629 846 1
629 630 4
629 631 1
629 891 3
630 685 2
630 851 4
630 951 5
630 891 1
633 707 1
634 788 2
638 951 3
641 987 2
641 955 1
643 670 1
648 721 7
648 948 1
648 765 11
654 719 1
654 991 2
659 742 4
663 706 2
667 988 1
668 720 2
668 746 5
668 813 2
668 935 4
671 995 1
680 707 1
687 851 1
688 808 1
692 746 2
692 910 1
695 951 1
697 855 5
697 925 5
698 987 2
700 812 1
700 790 3
703 784 1
704 868 3
704 743 4
707 951 2
710 832 3
711 843 1
715 926 5
715 951 1
718 754 1
718 724 10
718 980 1
720 833 1
720 935 8
720 746 1
720 813 4
721 908 1
721 948 1
721 765 7
723 1000 2
723 758 1
724 1004 1
724 883 2
730 912 2
730 868 6
731 890 2
736 835 1
737 849 1
740 788 1
740 879 2
742 784 1
742 900 6
742 863 1
743 868 2
743 746 2
743 948 1
743 765 1
744 912 3
746 912 2
746 935 14
746 813 11
748 933 1
749 819 2
750 891 2
752 784 1
752 850 1
752 948 1
754 843 1
754 907 5
761 804 2
762 913 2
764 840 2
764 874 2
764 790 2
764 987 2
765 868 2
765 948 8
782 912 5
782 790 1
784 981 2
789 987 2
790 812 1
790 948 5
795 978 2
795 988 1
795 990 1
796 987 3
799 895 6
803 948 1
807 951 2
809 987 2
810 881 2
813 912 1
813 935 3
817 978 1
823 895 3
840 874 2
840 987 2
844 956 5
849 987 2
850 979 1
851 954 1
851 978 4
851 951 2
851 920 1
851 988 2
851 957 1
857 915 8
868 912 1
868 948 2
872 987 4
873 880 1
873 874 2
873 987 2
873 925 1
874 925 2
885 974 1
891 995 8
912 948 1
912 949 5
915 953 2
919 1000 19
925 955 1
926 951 5
946 948 2
951 954 2
954 978 1
954 988 1
955 987 3
957 978 1
969 977 3
978 988 2
987 994 2
