0
1
2
3
4
5
6
7
8
9
10
11
12
13
14
15
16
17
18
19
20
21
22
23
24
25
26
27
28
29
30
31
32
33
34
35
36
37
38
39
40
41
42
43
44
45
46
47
48
49
50
51
52
53
54
55
56
57
58
59
60
61
62
63
64
65
66
67
68
69
70
71
72
73
74
75
76
77
78
79
80
81
82
83
84
85
86
87
88
89
90
91
92
93
94
95
96
97
98
99
100
101
102
103
104
105
106
107
108
109
110
111
112
113
114
115
116
117
118
119
120
121
122
123
124
125
126
127
128
129
130
131
132
133
134
135
136
137
138
139
141
142
143
144
145
146
147
148
149
150
151
152
153
154
155
157
158
159
160
161
162
163
164
165
166
167
168
169
170
171
172
173
174
175
176
177
178
179
180
181
182
183
184
185
186
187
188
189
190
191
192
193
194
195
196
197
198
199
200
201
202
203
204
205
206
207
208
209
210
211
212
213
214
215
216
217
218
219
220
221
222
223
224
225
226
227
228
229
230
231
232
233
235
236
237
238
239
240
241
242
243
244
245
246
247
248
249
250
251
252
253
254
255
256
257
259
260
262
263
264
265
266
267
268
269
270
271
272
273
274
275
276
277
278
279
280
281
282
283
284
285
286
287
288
289
290
291
292
293
294
295
296
297
299
300
301
302
303
304
305
306
307
308
309
310
311
312
313
314
315
316
317
318
319
320
321
322
323
324
325
326
327
328
329
330
331
332
333
334
335
336
337
338
339
340
341
343
344
345
346
347
348
349
350
351
352
353
355
356
357
358
359
360
361
362
364
365
366
367
368
369
370
371
372
373
374
375
376
377
378
379
380
381
382
383
384
385
386
387
388
389
390
391
392
393
394
395
396
397
398
399
400
401
402
403
404
405
406
407
408
409
410
411
412
413
414
415
416
418
419
420
421
422
423
424
425
426
427
428
429
430
431
432
433
434
435
436
437
438
439
440
441
442
443
444
445
446
447
448
449
450
451
452
453
454
455
456
457
458
459
460
461
462
464
465
466
467
468
469
470
471
472
473
474
475
476
477
478
479
480
481
482
483
484
485
486
487
488
489
490
491
492
493
495
496
497
498
499
500
501
502
503
504
505
506
507
508
509
510
511
512
513
514
515
516
517
518
519
520
521
522
523
524
525
526
527
528
530
531
532
533
534
535
536
537
538
539
540
541
542
543
544
545
546
547
548
549
550
551
552
553
554
556
557
558
559
560
561
562
563
564
565
566
567
568
569
570
571
572
573
574
575
576
577
578
579
580
581
582
583
584
585
586
587
588
589
590
591
592
593
594
595
596
597
598
599
600
601
602
603
604
605
606
607
609
610
611
612
613
614
615
616
617
618
619
621
622
623
624
625
626
627
628
629
630
631
632
633
634
635
636
637
638
639
640
641
642
643
644
645
646
647
648
649
650
651
652
653
654
655
656
657
658
659
660
661
662
663
664
665
666
667
668
669
670
671
672
673
674
675
676
677
678
679
680
681
682
683
684
685
686
687
688
689
690
691
692
693
694
695
696
697
698
699
700
701
702
703
704
705
706
707
708
709
710
711
712
713
714
715
716
717
718
719
720
721
722
723
724
725
726
727
728
729
730
731
732
733
734
735
736
737
738
739
740
741
742
743
744
745
746
747
748
749
750
751
752
753
754
756
757
758
759
760
761
762
763
764
765
767
768
769
770
771
772
773
774
775
776
777
778
779
780
781
782
783
784
785
786
787
788
789
790
791
792
793
794
795
796
797
798
799
800
801
802
803
804
805
806
807
808
809
810
811
812
813
814
815
816
817
818
819
820
821
822
823
824
825
826
827
828
829
830
831
832
833
834
835
836
837
838
839
840
841
842
843
844
845
846
847
848
849
850
851
852
853
854
855
856
857
858
859
860
861
862
863
864
865
866
867
868
869
870
871
872
873
874
875
876
877
878
879
880
881
882
883
884
885
886
887
888
889
890
891
892
893
894
895
896
897
898
899
900
901
902
903
904
905
906
907
908
909
910
911
912
913
914
915
916
917
918
919
920
921
922
923
924
925
926
927
928
929
930
931
932
933
934
935
936
937
938
939
940
941
942
943
944
945
946
947
948
949
950
951
952
953
954
955
956
957
958
960
961
962
963
964
965
966
967
968
969
970
971
972
973
974
975
976
977
978
979
980
981
982
983
984
985
986
987
988
989
990
991
992
993
994
995
996
997
998
999
1000
1001
1002
1003
1004
0 249 1
0 178 3
1 324 1
1 310 3
2 790 5
2 782 1
2 838 1
2 231 1
4 362 1
4 135 1
5 553 1
6 178 1
13 738 1
13 516 2
13 14 4
13 783 1
14 192 1
14 738 1
14 516 10
14 1001 7
14 173 3
14 16 1
14 506 5
14 702 4
15 680 2
15 731 1
16 410 1
24 35 1
24 167 1
24 360 1
24 31 1
24 561 1
24 267 1
24 301 1
24 207 1
24 656 1
24 817 1
24 274 1
24 547 2
24 629 13
24 280 2
24 530 2
24 188 1
24 469 1
25 672 1
26 40 1
28 987 2
29 506 1
29 335 1
30 104 1
30 168 1
30 356 1
31 428 1
31 838 1
31 165 8
31 990 1
32 280 1
32 61 2
32 862 2
35 280 1
35 469 1
35 207 1
40 802 2
40 900 1
40 712 1
40 272 1
40 568 1
40 187 2
40 572 2
40 159 2
42 534 1
42 663 6
46 132 1
48 704 1
52 416 3
52 356 3
52 166 11
52 168 5
52 586 2
52 573 1
53 193 1
53 772 1
53 609 1
53 311 1
53 120 1
53 633 1
56 994 2
56 987 2
56 935 1
58 909 2
61 334 1
61 718 2
62 214 1
62 542 3
62 646 2
62 159 1
65 687 1
67 963 3
67 165 6
67 846 11
67 207 5
67 561 7
67 344 7
68 987 2
74 984 1
74 586 2
74 166 3
75 772 2
75 150 1
75 248 1
75 633 1
75 607 1
75 220 4
75 927 2
77 168 2
77 912 1
77 260 1
78 178 1
78 951 1
82 585 2
82 628 2
82 572 1
82 135 1
83 771 2
90 996 1
90 199 1
90 841 3
90 270 1
90 881 1
90 978 1
90 927 2
90 761 1
90 731 1
90 541 1
90 479 2
91 607 2
92 428 1
92 207 1
95 987 2
96 264 1
96 634 1
96 638 2
98 707 5
98 134 2
98 713 5
98 107 8
98 268 2
98 429 1
98 592 6
98 401 3
102 832 1
103 310 1
104 765 1
105 433 1
105 418 11
105 582 1
106 832 2
106 788 1
106 229 1
106 622 1
107 393 1
107 236 1
107 335 3
111 935 1
112 803 2
112 267 1
112 517 1
113 927 1
120 772 1
120 454 1
120 912 1
120 178 1
120 927 3
122 857 2
122 410 1
122 915 4
125 622 5
126 416 2
126 356 2
126 168 1
126 586 2
126 790 1
126 984 1
127 149 2
127 189 2
127 415 3
131 738 1
132 842 3
134 592 5
134 291 2
134 454 3
135 292 4
135 581 6
135 870 1
135 170 2
135 334 3
135 594 2
135 371 1
135 628 5
135 942 8
135 248 1
136 160 3
136 280 1
136 915 1
136 428 2
136 207 2
139 832 1
139 477 1
139 622 1
141 241 1
141 978 1
142 280 1
142 428 1
143 580 1
147 347 1
147 159 1
147 927 2
149 372 1
149 607 1
150 415 3
153 410 1
157 347 1
157 462 1
157 686 4
159 865 1
159 290 5
159 742 1
159 712 2
159 334 1
159 944 3
159 787 1
159 724 1
159 502 1
159 923 2
160 614 3
160 428 3
160 526 1
160 530 3
160 629 8
160 280 1
160 857 1
164 638 1
165 552 1
165 428 2
165 207 1
165 401 13
165 344 5
165 858 1
165 316 1
166 356 1
166 573 2
167 280 1
167 978 3
167 851 1
167 469 2
168 416 6
168 356 11
168 868 1
168 232 9
168 586 1
168 557 2
168 782 9
168 912 27
168 305 1
168 439 1
168 472 15
168 260 16
168 347 1
168 313 1
168 575 8
170 405 1
171 347 4
171 933 1
171 590 1
173 738 1
173 582 2
173 428 2
173 506 1
173 702 3
175 849 6
175 410 1
175 275 3
175 423 1
176 220 1
178 409 2
178 538 1
178 295 1
178 693 2
178 569 3
178 710 2
178 333 1
178 976 1
178 339 1
178 470 1
178 599 2
178 605 1
178 862 1
178 991 1
178 482 1
178 228 2
178 502 3
178 249 1
178 767 1
180 727 3
184 832 1
184 393 1
184 607 1
185 433 1
185 371 1
187 568 1
187 450 1
188 421 1
188 614 1
188 362 1
188 431 1
188 280 2
188 978 2
188 469 1
188 988 2
189 410 1
189 546 1
190 629 1
191 415 10
191 692 2
191 927 5
193 714 5
193 923 1
193 940 1
193 782 2
196 429 1
196 927 1
197 738 1
199 738 1
200 952 2
200 428 1
200 971 1
200 915 5
207 647 1
207 424 8
207 558 2
207 847 1
207 978 1
207 469 2
207 795 3
207 988 1
207 280 1
208 236 4
209 356 2
214 416 1
214 290 1
214 742 1
214 647 3
214 746 1
214 935 2
214 334 1
214 692 1
214 278 1
214 923 1
216 321 1
220 334 2
223 462 1
228 724 2
228 605 1
229 421 1
229 790 2
229 607 1
231 994 1
231 338 2
231 987 3
231 245 1
232 574 1
232 575 1
233 835 1
233 692 1
233 462 1
236 537 6
241 469 1
244 997 1
245 433 1
245 987 3
245 540 1
246 377 1
246 724 2
248 462 1
248 830 1
250 886 2
250 927 1
251 410 1
251 987 2
256 416 4
256 313 1
260 912 4
260 762 1
260 790 3
264 329 1
264 454 1
267 656 3
267 674 2
267 517 1
267 586 8
267 435 1
268 592 1
270 738 1
273 951 2
274 280 1
275 849 5
278 290 1
278 454 1
278 776 1
278 923 1
278 316 1
280 647 2
280 493 1
280 656 1
280 530 4
280 915 2
280 408 1
280 547 3
280 561 2
280 301 1
280 817 1
280 658 1
280 953 1
280 851 2
280 526 2
280 990 1
280 360 2
280 920 2
280 629 4
280 630 4
280 631 2
290 687 2
290 739 1
291 401 4
291 429 1
291 454 4
292 581 1
292 942 5
294 817 1
294 868 1
301 647 2
301 493 1
301 656 1
301 978 5
301 469 1
302 428 1
305 416 1
305 765 1
306 784 1
306 771 3
306 659 2
306 901 1
306 742 3
308 418 3
310 477 4
311 697 2
311 955 3
311 987 2
313 416 3
316 592 2
316 915 5
316 428 1
318 758 1
319 1002 4
319 558 2
322 343 1
322 460 1
322 638 2
322 879 1
323 832 1
327 849 2
327 738 1
327 381 10
329 819 4
329 910 1
332 416 1
332 500 1
334 746 3
334 915 1
334 692 2
335 980 1
335 381 2
335 670 1
337 936 4
338 987 2
338 773 1
341 942 1
343 534 2
343 663 2
344 952 2
344 428 1
347 933 1
347 966 1
347 575 1
353 891 1
355 607 1
356 515 1
356 868 6
356 586 3
356 684 3
356 557 1
356 462 1
356 912 10
356 574 1
356 472 8
356 602 1
356 765 1
360 629 4
361 987 2
362 502 1
362 383 1
364 987 2
369 513 1
369 423 2
369 927 1
372 595 1
372 404 1
377 696 2
377 729 2
377 422 2
388 509 1
392 674 1
392 803 2
392 630 6
397 671 1
397 975 1
398 712 1
399 603 1
401 454 6
401 429 6
401 415 8
402 634 2
407 423 2
410 482 1
410 837 1
410 1001 1
410 650 1
410 777 1
410 994 1
410 541 1
410 433 1
410 969 2
410 924 1
415 833 1
415 660 2
415 692 1
416 868 1
416 586 1
416 772 1
416 629 7
416 927 6
418 996 22
421 424 5
421 795 3
421 469 1
422 680 2
422 731 5
424 469 1
424 795 9
424 990 1
427 955 3
428 647 1
428 971 1
428 847 1
428 915 6
428 953 1
428 952 1
428 857 3
428 543 1
428 990 1
429 454 5
432 987 2
433 994 1
433 987 2
435 586 1
435 782 2
437 738 1
443 742 1
443 703 1
444 535 6
444 927 2
447 984 3
447 586 5
450 462 1
454 592 4
454 927 3
458 684 1
458 558 1
459 564 1
462 833 1
462 517 1
462 742 1
462 718 1
462 783 1
462 528 1
462 531 3
462 542 1
462 670 1
462 851 1
462 591 1
462 830 1
469 547 1
469 817 1
469 978 1
469 954 1
469 795 1
469 988 1
469 957 1
472 912 5
472 782 5
472 575 9
482 987 2
485 927 1
488 568 1
491 497 1
493 630 5
493 629 5
495 568 1
495 862 1
497 977 1
499 833 2
499 607 1
502 724 3
502 569 1
502 538 4
502 862 2
506 738 1
506 996 2
506 657 1
506 1001 4
506 1004 1
506 605 1
506 881 1
506 796 1
506 541 2
508 738 1
509 780 1
509 788 1
509 638 1
509 510 1
509 735 1
510 832 2
510 622 5
511 987 2
513 927 1
516 738 1
516 804 1
516 881 1
516 532 1
516 761 1
517 803 3
526 629 3
530 838 2
530 629 10
530 630 4
530 891 13
531 994 1
531 987 3
532 738 1
538 951 1
540 840 1
540 697 2
540 955 3
540 987 3
541 738 1
542 546 1
543 915 1
546 679 1
546 841 2
546 684 1
546 912 1
546 920 2
546 669 3
547 978 1
552 858 1
552 851 4
557 912 2
561 629 4
561 846 8
573 586 2
575 782 7
575 912 3
576 738 1
582 832 3
582 994 1
582 987 2
582 764 4
586 782 3
586 912 1
586 885 1
586 984 6
586 868 4
586 686 1
587 720 2
591 746 3
592 713 2
592 927 5
595 934 2
599 693 7
599 767 1
602 743 2
605 693 1
607 912 1
607 927 1
609 927 2
609 997 1
612 663 1
614 858 1
614 851 2
614 978 1
617 714 1
622 676 4
626 807 1
629 685 2
629 658 3
629 846 2
629 630 3
629 631 2
629 891 3
630 731 1
633 963 1
638 832 1
638 939 1
641 987 2
644 738 1
648 765 1
650 738 1
650 686 2
650 654 1
653 738 1
654 996 2
654 738 2
654 682 1
654 783 1
657 738 1
660 769 1
680 707 1
682 738 1
684 844 1
687 731 1
692 775 1
692 746 3
697 855 2
697 925 2
700 812 1
702 738 1
703 771 2
704 743 1
710 832 1
719 738 1
719 837 1
722 927 2
738 783 1
738 921 1
738 923 1
738 924 1
738 837 1
738 850 1
738 979 1
738 996 1
738 1001 1
738 747 1
738 881 1
738 745 1
738 761 1
740 788 1
742 769 1
742 835 1
742 900 3
742 901 1
742 993 1
742 784 1
746 935 12
746 915 2
748 926 2
758 918 2
764 987 2
772 789 1
773 955 4
774 947 1
776 923 2
779 843 1
789 987 2
790 812 11
795 978 1
809 994 1
809 987 3
823 927 2
824 858 1
832 936 1
838 971 1
838 915 1
840 987 2
849 987 2
851 978 2
854 927 1
857 915 3
863 994 1
872 987 4
873 987 2
915 952 1
925 955 3
935 966 4
952 971 2
954 978 1
955 987 4
978 988 5
987 994 3
