0
1
2
3
4
5
6
7
8
9
10
11
12
13
14
15
16
17
18
19
20
21
22
23
24
25
26
27
28
29
30
31
32
33
34
35
36
37
38
39
40
41
42
43
44
45
46
47
48
49
50
51
52
53
54
55
56
57
58
59
60
61
62
63
64
65
66
67
68
69
70
71
72
73
74
75
76
77
78
79
80
81
82
83
84
85
86
87
88
89
90
91
92
93
94
95
96
97
98
99
100
101
102
103
104
105
106
107
108
109
110
111
112
113
114
115
116
117
118
119
120
121
122
123
124
125
126
127
128
129
130
131
132
133
134
135
136
137
138
139
141
142
143
144
145
146
147
148
149
150
151
152
153
154
155
157
158
159
160
161
162
163
164
165
166
167
168
169
170
171
172
173
174
175
176
177
178
179
180
181
182
183
184
185
186
187
188
189
190
191
192
193
194
195
196
197
198
199
200
201
202
203
204
205
206
207
208
209
210
211
212
213
214
215
216
217
218
219
220
221
222
223
224
225
226
227
228
229
230
231
232
233
235
236
237
238
239
240
241
242
243
244
245
246
247
248
249
250
251
252
253
254
255
256
257
259
260
262
263
264
265
266
267
268
269
270
271
272
273
274
275
276
277
278
279
280
281
282
283
284
285
286
287
288
289
290
291
292
293
294
295
296
297
299
300
301
302
303
304
305
306
307
308
309
310
311
312
313
314
315
316
317
318
319
320
321
322
323
324
325
326
327
328
329
330
331
332
333
334
335
336
337
338
339
340
341
343
344
345
346
347
348
349
350
351
352
353
355
356
357
358
359
360
361
362
364
365
366
367
368
369
370
371
372
373
374
375
376
377
378
379
380
381
382
383
384
385
386
387
388
389
390
391
392
393
394
395
396
397
398
399
400
401
402
403
404
405
406
407
408
409
410
411
412
413
414
415
416
418
419
420
421
422
423
424
425
426
427
428
429
430
431
432
433
434
435
436
437
438
439
440
441
442
443
444
445
446
447
448
449
450
451
452
453
454
455
456
457
458
459
460
461
462
464
465
466
467
468
469
470
471
472
473
474
475
476
477
478
479
480
481
482
483
484
485
486
487
488
489
490
491
492
493
495
496
497
498
499
500
501
502
503
504
505
506
507
508
509
510
511
512
513
514
515
516
517
518
519
520
521
522
523
524
525
526
527
528
530
531
532
533
534
535
536
537
538
539
540
541
542
543
544
545
546
547
548
549
550
551
552
553
554
556
557
558
559
560
561
562
563
564
565
566
567
568
569
570
571
572
573
574
575
576
577
578
579
580
581
582
583
584
585
586
587
588
589
590
591
592
593
594
595
596
597
598
599
600
601
602
603
604
605
606
607
609
610
611
612
613
614
615
616
617
618
619
621
622
623
624
625
626
627
628
629
630
631
632
633
634
635
636
637
638
639
640
641
642
643
644
645
646
647
648
649
650
651
652
653
654
655
656
657
658
659
660
661
662
663
664
665
666
667
668
669
670
671
672
673
674
675
676
677
678
679
680
681
682
683
684
685
686
687
688
689
690
691
692
693
694
695
696
697
698
699
700
701
702
703
704
705
706
707
708
709
710
711
712
713
714
715
716
717
718
719
720
721
722
723
724
725
726
727
728
729
730
731
732
733
734
735
736
737
738
739
740
741
742
743
744
745
746
747
748
749
750
751
752
753
754
756
757
758
759
760
761
762
763
764
765
767
768
769
770
771
772
773
774
775
776
777
778
779
780
781
782
783
784
785
786
787
788
789
790
791
792
793
794
795
796
797
798
799
800
801
802
803
804
805
806
807
808
809
810
811
812
813
814
815
816
817
818
819
820
821
822
823
824
825
826
827
828
829
830
831
832
833
834
835
836
837
838
839
840
841
842
843
844
845
846
847
848
849
850
851
852
853
854
855
856
857
858
859
860
861
862
863
864
865
866
867
868
869
870
871
872
873
874
875
876
877
878
879
880
881
882
883
884
885
886
887
888
889
890
891
892
893
894
895
896
897
898
899
900
901
902
903
904
905
906
907
908
909
910
911
912
913
914
915
916
917
918
919
920
921
922
923
924
925
926
927
928
929
930
931
932
933
934
935
936
937
938
939
940
941
942
943
944
945
946
947
948
949
950
951
952
953
954
955
956
957
958
960
961
962
963
964
965
966
967
968
969
970
971
972
973
974
975
976
977
978
979
980
981
982
983
984
985
986
987
988
989
990
991
992
993
994
995
996
997
998
999
1000
1001
1002
1003
1004
0 5 1
2 790 1
2 231 3
13 783 1
14 850 1
14 924 7
16 772 2
24 280 3
24 658 1
25 956 1
30 356 1
31 990 1
35 658 1
35 207 1
41 565 1
45 227 1
48 499 1
50 559 1
53 193 1
58 818 1
60 187 1
61 122 1
61 883 1
61 724 1
61 718 5
61 607 3
62 800 2
62 646 3
62 542 6
62 485 8
66 227 3
67 344 1
67 963 2
67 165 1
67 846 2
67 207 2
70 534 2
70 343 1
72 581 3
72 135 3
73 618 1
73 956 1
74 573 1
74 294 1
74 447 1
75 609 2
78 599 1
86 443 4
86 662 1
90 416 1
90 609 1
90 534 1
91 634 1
91 933 1
92 990 1
95 987 1
98 592 3
98 401 4
101 423 3
103 514 3
103 423 6
103 1001 2
103 780 2
103 977 3
103 950 3
103 378 2
104 425 3
104 730 1
104 790 1
104 126 1
105 418 1
106 164 1
107 335 1
111 586 1
112 313 1
120 764 1
120 197 2
120 190 1
122 693 2
126 648 1
133 984 3
133 602 1
133 294 1
134 592 4
135 581 1
135 942 1
135 170 2
135 718 1
135 628 1
135 334 1
136 658 1
136 316 1
136 990 1
136 207 1
138 887 1
142 658 1
142 838 1
142 990 1
143 410 2
147 416 2
147 159 2
150 415 1
159 214 2
159 334 1
160 658 1
160 915 4
160 629 2
160 630 1
165 401 4
165 316 1
165 990 1
166 416 1
167 658 1
167 469 2
168 260 1
168 949 2
168 439 1
169 595 2
173 850 1
173 506 2
175 737 1
175 849 7
175 275 3
175 473 2
178 228 1
178 628 1
178 502 4
178 280 1
178 249 1
178 188 1
178 189 1
178 862 1
180 958 1
180 727 1
181 920 2
181 190 1
184 423 1
185 720 2
185 833 1
185 499 1
185 684 1
188 658 1
189 410 1
190 353 1
190 656 1
190 274 1
190 373 1
192 381 1
193 546 1
199 850 1
200 915 1
200 647 2
207 424 1
207 658 1
207 373 1
207 954 1
207 795 1
207 988 2
207 349 1
214 720 1
223 322 2
223 343 3
223 853 1
223 310 2
223 663 1
225 779 1
228 693 4
228 502 1
231 994 1
232 472 1
236 506 1
239 951 1
246 572 3
246 423 3
250 886 2
250 646 1
256 356 1
264 540 2
267 586 2
267 435 2
272 900 1
274 658 1
275 737 1
275 849 4
275 473 1
277 933 1
280 658 1
280 629 1
285 933 1
288 561 1
288 493 1
288 629 1
288 445 1
288 391 1
291 401 4
291 454 1
293 549 2
294 416 2
294 648 1
294 586 3
294 817 1
294 885 2
294 984 1
294 313 2
294 447 1
299 509 1
301 658 1
302 990 1
305 425 2
305 946 7
305 765 1
306 659 3
310 943 1
313 472 1
313 356 1
316 915 1
316 543 1
318 499 1
319 832 3
319 618 1
321 499 1
322 334 2
323 951 1
327 644 3
327 381 1
329 624 1
332 500 2
334 609 2
334 530 1
334 534 2
337 505 1
338 890 1
343 950 1
343 663 4
349 976 1
349 990 1
356 743 2
356 718 1
356 912 1
356 500 1
356 790 1
356 472 1
356 602 1
356 730 1
360 658 1
364 582 1
369 823 1
369 646 1
369 535 3
372 595 3
378 977 1
378 514 1
378 950 1
381 702 5
383 720 1
383 887 1
388 634 1
388 509 1
388 718 1
401 454 6
401 683 10
401 429 4
401 415 5
404 718 1
415 546 1
415 718 3
415 429 1
416 946 1
416 629 3
416 890 1
418 996 7
418 977 3
421 424 1
421 658 1
421 795 2
423 977 1
424 658 1
425 946 1
425 908 3
425 765 8
428 915 1
428 990 1
429 683 2
429 454 2
435 586 4
435 500 1
435 782 3
438 818 1
443 662 2
444 535 3
447 586 2
447 573 2
450 712 2
450 718 2
454 592 5
469 978 2
469 658 1
472 966 2
472 743 1
472 575 1
473 849 1
478 818 1
493 658 1
493 530 1
497 773 1
499 833 1
499 546 1
499 558 1
499 890 1
500 586 1
500 782 5
502 718 2
502 693 1
502 791 2
502 607 1
509 780 1
513 646 1
514 1001 1
514 780 1
514 977 3
514 950 2
516 532 1
516 924 1
516 743 3
517 803 2
517 718 1
526 658 1
528 609 1
530 718 1
530 685 3
530 915 1
530 629 5
530 920 1
530 607 1
532 650 1
532 804 1
533 784 1
534 718 1
534 890 1
534 607 1
540 994 1
541 738 1
542 718 1
543 952 1
543 971 1
546 609 2
547 658 1
547 851 1
550 660 1
558 946 5
561 658 1
573 586 1
577 933 1
581 609 1
586 762 1
586 984 2
586 602 6
591 718 2
592 609 2
607 718 1
607 851 1
607 920 1
607 915 1
609 772 1
609 687 2
614 858 1
629 920 2
629 851 1
629 891 1
629 915 2
630 685 1
630 951 2
631 658 1
644 745 1
647 658 1
647 990 1
648 765 1
649 663 1
650 682 3
650 738 1
650 783 1
654 682 2
654 738 1
656 658 1
658 795 1
658 817 1
658 954 1
658 990 1
660 873 1
663 950 1
664 702 1
668 746 2
668 935 1
682 738 3
682 783 2
692 718 1
693 700 1
693 791 2
697 855 1
700 790 1
716 718 1
718 915 2
718 920 1
718 851 1
718 724 3
718 742 2
718 883 1
720 935 2
724 883 2
736 951 1
737 849 2
738 837 2
738 783 2
742 900 4
746 813 1
746 935 4
762 984 1
765 908 1
771 784 1
780 977 2
780 950 2
783 837 1
790 868 8
790 812 10
803 948 1
813 935 2
840 873 1
850 1001 1
851 978 4
851 920 1
857 915 1
857 990 1
883 915 1
890 994 1
915 920 1
926 933 1
935 992 1
950 1001 1
950 977 4
953 990 1
977 1004 2
977 1001 1
978 988 1
