0
1
2
3
4
5
6
7
8
9
10
11
12
13
14
15
16
17
18
19
20
21
22
23
24
25
26
27
28
29
30
31
32
33
34
35
36
37
38
39
40
41
42
43
44
45
46
47
48
49
50
51
52
53
54
55
56
57
58
59
60
61
62
63
64
65
66
67
68
69
70
71
72
73
74
75
76
77
78
79
80
81
82
83
84
85
86
87
88
89
90
91
92
93
94
95
96
97
98
99
100
101
102
103
104
105
106
107
108
109
110
111
112
113
114
115
116
117
118
119
120
121
122
123
124
125
126
127
128
129
130
131
132
133
134
135
136
137
138
139
141
142
143
144
145
146
147
148
149
150
151
152
153
154
155
157
158
159
160
161
162
163
164
165
166
167
168
169
170
171
172
173
174
175
176
177
178
179
180
181
182
183
184
185
186
187
188
189
190
191
192
193
194
195
196
197
198
199
200
201
202
203
204
205
206
207
208
209
210
211
212
213
214
215
216
217
218
219
220
221
222
223
224
225
226
227
228
229
230
231
232
233
235
236
237
238
239
240
241
242
243
244
245
246
247
248
249
250
251
252
253
254
255
256
257
259
260
262
263
264
265
266
267
268
269
270
271
272
273
274
275
276
277
278
279
280
281
282
283
284
285
286
287
288
289
290
291
292
293
294
295
296
297
299
300
301
302
303
304
305
306
307
308
309
310
311
312
313
314
315
316
317
318
319
320
321
322
323
324
325
326
327
328
329
330
331
332
333
334
335
336
337
338
339
340
341
343
344
345
346
347
348
349
350
351
352
353
355
356
357
358
359
360
361
362
364
365
366
367
368
369
370
371
372
373
374
375
376
377
378
379
380
381
382
383
384
385
386
387
388
389
390
391
392
393
394
395
396
397
398
399
400
401
402
403
404
405
406
407
408
409
410
411
412
413
414
415
416
418
419
420
421
422
423
424
425
426
427
428
429
430
431
432
433
434
435
436
437
438
439
440
441
442
443
444
445
446
447
448
449
450
451
452
453
454
455
456
457
458
459
460
461
462
464
465
466
467
468
469
470
471
472
473
474
475
476
477
478
479
480
481
482
483
484
485
486
487
488
489
490
491
492
493
495
496
497
498
499
500
501
502
503
504
505
506
507
508
509
510
511
512
513
514
515
516
517
518
519
520
521
522
523
524
525
526
527
528
530
531
532
533
534
535
536
537
538
539
540
541
542
543
544
545
546
547
548
549
550
551
552
553
554
556
557
558
559
560
561
562
563
564
565
566
567
568
569
570
571
572
573
574
575
576
577
578
579
580
581
582
583
584
585
586
587
588
589
590
591
592
593
594
595
596
597
598
599
600
601
602
603
604
605
606
607
609
610
611
612
613
614
615
616
617
618
619
621
622
623
624
625
626
627
628
629
630
631
632
633
634
635
636
637
638
639
640
641
642
643
644
645
646
647
648
649
650
651
652
653
654
655
656
657
658
659
660
661
662
663
664
665
666
667
668
669
670
671
672
673
674
675
676
677
678
679
680
681
682
683
684
685
686
687
688
689
690
691
692
693
694
695
696
697
698
699
700
701
702
703
704
705
706
707
708
709
710
711
712
713
714
715
716
717
718
719
720
721
722
723
724
725
726
727
728
729
730
731
732
733
734
735
736
737
738
739
740
741
742
743
744
745
746
747
748
749
750
751
752
753
754
756
757
758
759
760
761
762
763
764
765
767
768
769
770
771
772
773
774
775
776
777
778
779
780
781
782
783
784
785
786
787
788
789
790
791
792
793
794
795
796
797
798
799
800
801
802
803
804
805
806
807
808
809
810
811
812
813
814
815
816
817
818
819
820
821
822
823
824
825
826
827
828
829
830
831
832
833
834
835
836
837
838
839
840
841
842
843
844
845
846
847
848
849
850
851
852
853
854
855
856
857
858
859
860
861
862
863
864
865
866
867
868
869
870
871
872
873
874
875
876
877
878
879
880
881
882
883
884
885
886
887
888
889
890
891
892
893
894
895
896
897
898
899
900
901
902
903
904
905
906
907
908
909
910
911
912
913
914
915
916
917
918
919
920
921
922
923
924
925
926
927
928
929
930
931
932
933
934
935
936
937
938
939
940
941
942
943
944
945
946
947
948
949
950
951
952
953
954
955
956
957
958
960
961
962
963
964
965
966
967
968
969
970
971
972
973
974
975
976
977
978
979
980
981
982
983
984
985
986
987
988
989
990
991
992
993
994
995
996
997
998
999
1000
1001
1002
1003
1004
0 330 1
1 324 1
2 61 1
2 700 3
2 77 5
2 790 1
2 231 2
4 720 1
4 585 1
4 135 2
5 275 3
5 609 2
5 491 2
6 249 1
6 506 1
10 506 1
11 619 1
11 662 1
12 680 1
13 532 2
13 173 1
14 921 1
14 924 2
15 680 4
15 731 2
16 541 2
17 857 1
17 915 3
24 160 1
24 739 2
24 136 2
24 143 1
24 629 3
24 280 3
25 844 1
30 256 1
30 356 1
30 581 1
30 936 1
30 942 2
30 313 2
30 765 1
31 915 1
31 92 1
31 165 2
31 142 1
32 862 1
32 143 2
34 936 1
34 692 1
35 280 2
35 978 1
36 120 1
38 324 2
40 193 2
40 290 2
40 927 1
40 566 1
40 662 1
40 499 1
40 53 2
40 214 1
40 471 1
40 633 1
40 90 2
40 159 2
40 415 2
41 956 1
46 322 1
48 499 1
53 997 2
53 927 1
56 746 1
58 120 2
58 577 1
58 909 2
61 356 1
61 718 4
61 591 1
61 383 1
61 181 2
61 687 3
61 915 1
61 991 1
62 485 2
62 646 2
62 394 1
62 214 1
62 159 2
62 542 1
62 927 1
64 322 1
65 720 1
65 771 3
65 196 1
65 997 1
65 609 1
65 746 1
65 127 1
65 940 1
65 592 1
65 850 1
65 147 1
65 692 2
65 534 3
65 569 1
65 927 2
65 220 2
65 415 3
67 344 2
67 963 4
67 165 2
67 207 2
69 324 2
71 595 1
75 196 1
75 997 1
75 127 3
75 248 1
75 772 2
75 927 1
75 220 1
75 415 1
77 168 1
77 575 1
78 569 1
82 135 2
83 742 1
86 443 3
86 742 1
87 160 1
90 416 1
90 612 1
90 997 1
90 201 1
90 924 2
90 595 1
90 885 2
90 502 1
90 841 1
90 248 2
90 569 2
90 223 2
90 220 1
90 927 1
91 220 1
92 207 3
92 165 2
92 647 1
92 142 2
92 847 1
92 658 1
92 915 2
92 953 1
92 731 1
96 832 1
96 132 1
96 299 1
96 388 1
96 634 1
96 509 1
96 638 1
97 936 2
97 456 1
98 449 1
98 707 4
98 454 2
98 134 3
98 713 3
98 107 4
98 268 4
98 429 3
98 592 6
98 401 1
98 291 2
98 117 4
98 278 1
98 927 1
101 149 1
101 246 2
101 423 1
103 1001 1
103 423 6
104 765 1
106 402 1
107 808 1
107 553 5
107 335 1
107 120 1
107 127 2
112 459 2
114 609 2
114 1004 3
114 585 1
116 159 2
120 416 1
120 769 1
120 607 1
120 997 1
120 326 1
120 865 1
120 743 2
120 850 2
120 499 1
120 629 2
120 609 1
120 569 2
120 927 1
120 220 2
120 190 1
120 127 2
125 322 1
125 324 1
125 622 5
126 416 1
126 260 5
126 790 1
126 356 3
126 602 2
126 447 1
127 866 1
127 843 2
127 546 1
127 334 2
127 687 1
127 471 1
127 569 1
127 415 3
132 139 1
133 585 2
134 592 3
134 660 1
134 997 2
134 863 2
135 292 1
135 581 4
135 870 2
135 936 2
135 746 2
135 371 2
135 812 1
135 942 1
135 337 1
135 531 1
135 628 7
135 405 2
135 214 1
135 851 1
135 700 1
135 607 1
136 142 1
136 207 2
136 915 1
136 629 1
136 280 1
137 771 1
137 443 1
139 322 1
139 323 1
139 780 3
139 402 1
139 477 1
139 510 1
141 978 1
141 851 1
141 188 1
141 469 1
142 344 1
142 165 1
142 647 1
142 200 2
142 188 1
142 971 1
142 428 1
142 302 1
142 952 1
142 915 2
142 280 2
142 953 1
142 408 1
142 857 1
142 831 1
142 990 1
147 196 1
147 629 1
147 499 1
147 415 2
147 277 1
147 214 6
147 607 1
147 159 6
147 157 5
147 927 1
149 275 2
149 716 1
150 415 1
152 742 1
153 977 1
157 248 2
157 746 1
157 718 1
157 542 5
158 716 3
159 865 1
159 609 1
159 940 1
159 334 2
159 190 1
159 595 1
159 629 2
159 214 1
159 920 1
159 569 1
159 927 1
159 671 1
160 846 1
160 561 1
160 360 1
160 631 1
160 685 1
160 526 2
160 658 1
160 530 4
160 629 4
160 630 1
160 280 3
160 858 1
164 548 1
164 638 1
165 257 1
165 316 1
165 683 2
165 401 6
165 915 1
165 344 2
166 586 1
166 883 2
166 294 2
167 280 2
167 978 1
167 188 1
167 469 1
167 607 2
168 416 1
168 260 3
168 232 2
168 586 1
168 912 5
168 472 1
168 356 3
173 506 2
173 541 2
173 186 1
176 887 1
181 189 1
184 393 1
186 325 1
186 975 1
186 528 1
186 783 1
186 671 1
188 280 1
188 978 2
189 585 2
189 1004 2
189 609 2
190 656 1
191 415 1
191 927 2
193 443 1
193 997 1
193 550 2
193 927 1
196 609 1
196 997 1
196 940 1
196 401 3
196 629 1
196 569 1
196 220 1
199 506 2
199 924 1
200 952 3
200 915 2
201 362 1
202 629 3
207 978 1
207 469 2
207 280 1
207 953 3
208 537 1
208 652 1
214 776 1
214 940 1
214 530 1
214 662 1
214 920 1
214 544 1
214 684 1
214 569 1
214 835 1
214 324 1
214 865 1
214 844 1
214 334 1
214 720 1
214 595 1
214 852 1
214 987 1
214 220 1
214 609 1
214 738 1
214 743 1
214 371 1
214 629 1
217 815 1
220 607 1
220 772 1
220 749 1
220 334 1
220 720 2
220 499 1
220 629 1
220 471 2
220 890 1
220 927 1
221 746 1
223 638 2
226 249 1
229 742 1
229 319 1
231 810 1
231 910 1
231 698 1
231 987 1
231 607 3
232 472 1
235 569 1
235 890 1
235 997 1
235 927 1
236 537 1
239 609 1
239 595 1
239 927 1
239 599 1
242 769 1
245 698 1
245 836 1
248 550 1
248 746 1
248 364 1
248 334 2
248 530 3
248 506 1
248 591 1
249 359 1
249 921 1
249 569 1
249 409 1
250 886 2
252 506 1
256 356 2
257 415 1
257 927 1
260 912 1
260 575 1
267 944 4
267 586 2
267 971 1
267 662 1
267 459 2
270 532 2
272 450 1
272 900 1
274 280 1
278 569 1
278 499 1
278 591 1
280 647 1
280 493 1
280 656 2
280 915 3
280 408 2
280 547 2
280 424 1
280 561 1
280 301 1
280 817 2
280 530 2
280 953 1
280 954 1
280 526 4
280 990 2
280 360 1
280 658 3
280 920 2
280 851 2
280 629 3
280 631 1
280 469 1
281 971 2
291 401 6
292 581 2
293 605 2
294 313 2
294 586 4
294 817 2
301 978 1
302 915 1
303 663 1
306 585 2
306 374 1
306 742 2
308 926 1
311 697 1
313 416 2
313 885 1
313 765 2
318 595 1
319 736 1
319 423 2
320 883 1
322 548 2
322 399 1
322 788 1
322 622 1
322 534 2
322 509 1
322 638 1
324 706 1
324 612 2
324 460 1
324 402 2
324 343 2
324 676 1
324 638 2
327 381 2
330 841 1
334 997 1
334 415 1
335 532 1
337 581 1
338 987 1
344 915 1
347 966 1
356 416 1
356 772 1
356 743 1
356 684 2
356 912 4
356 542 1
356 762 1
360 629 3
364 506 1
369 535 1
371 936 1
377 457 2
377 422 5
377 423 2
379 568 1
380 712 1
381 643 2
388 612 1
389 640 1
393 883 1
400 742 1
401 454 6
401 429 5
401 415 10
404 595 1
407 883 1
407 843 1
408 428 1
409 569 1
410 969 1
410 924 1
414 891 1
415 416 1
415 546 1
415 683 1
415 940 2
415 569 6
415 720 2
415 987 1
415 607 1
415 865 1
415 612 1
415 997 2
415 499 1
415 630 5
416 586 1
418 977 2
421 585 1
421 978 1
423 832 2
423 710 1
423 977 7
424 978 1
428 857 1
428 915 2
428 630 2
435 500 3
443 662 3
443 742 5
443 703 2
447 586 1
450 900 1
450 746 1
450 595 1
450 662 3
450 695 1
450 568 3
452 595 1
454 592 3
454 927 2
454 609 1
456 720 1
456 936 1
459 803 3
459 674 3
459 517 2
469 978 1
469 630 3
472 575 1
482 569 16
485 692 1
493 561 3
493 629 5
493 630 3
493 685 4
497 977 2
499 609 1
499 720 1
499 607 2
500 586 1
502 746 1
502 693 1
502 599 1
506 576 1
506 996 2
506 657 1
506 692 1
506 644 1
506 541 1
510 622 3
513 823 1
514 832 2
516 532 1
516 790 1
517 746 1
526 629 3
528 763 2
530 746 1
530 658 3
530 629 6
530 891 4
532 812 2
532 783 1
534 612 1
534 746 1
534 550 3
535 542 1
540 840 1
540 855 3
540 697 3
540 698 1
540 764 1
540 830 1
541 921 1
542 646 1
542 746 1
542 927 1
543 915 1
547 978 2
548 638 2
550 595 1
552 978 1
561 629 4
561 846 2
565 684 2
568 771 2
569 693 2
569 951 2
569 710 1
569 720 1
569 599 3
569 605 2
569 862 3
569 609 1
569 752 1
569 890 1
573 868 1
581 936 2
581 585 1
581 942 1
581 951 1
581 765 2
582 994 1
585 695 2
586 868 2
586 984 2
592 713 1
592 863 1
592 927 3
595 934 1
595 915 2
595 790 1
595 951 1
595 700 1
597 863 1
602 743 3
605 921 3
605 789 1
605 693 2
607 843 2
607 720 1
609 866 1
609 707 1
609 772 1
609 807 1
609 716 3
609 951 1
609 927 1
612 633 1
612 740 1
612 927 1
614 978 1
617 720 2
622 676 1
626 873 1
629 772 1
629 658 3
629 685 3
629 846 3
629 720 1
629 630 3
629 631 3
629 891 6
629 894 3
630 656 1
630 920 6
633 997 1
633 927 3
638 951 1
643 685 2
644 1001 1
647 915 1
650 682 3
654 738 1
654 783 1
659 742 1
662 802 2
679 844 2
680 720 2
680 707 1
682 783 1
687 891 2
687 915 1
692 769 1
692 997 1
692 775 1
692 746 5
692 742 1
697 936 1
697 720 1
697 855 1
697 925 1
698 840 1
698 873 1
698 764 1
700 790 2
702 842 3
704 743 2
713 927 1
716 1004 1
716 718 1
716 915 2
716 890 2
718 866 3
718 746 1
718 843 1
720 936 2
720 833 1
720 855 1
720 942 2
720 927 1
723 753 1
724 921 1
731 746 1
738 761 1
738 923 2
738 783 1
739 915 1
742 993 1
742 901 1
742 769 1
742 746 1
742 771 1
742 835 2
742 863 1
743 746 1
746 776 1
746 783 1
746 915 1
746 920 1
746 935 2
746 775 1
746 812 2
746 834 1
746 836 1
746 851 1
746 980 1
752 850 1
752 927 1
753 758 1
761 804 1
761 866 1
762 765 1
764 840 2
764 994 1
765 868 1
765 942 2
765 936 2
771 784 1
772 997 1
790 812 2
790 881 1
795 978 1
796 921 1
817 978 1
835 900 1
841 931 1
843 907 1
851 978 1
851 915 2
851 858 1
855 936 2
857 915 2
881 921 1
890 997 1
890 927 1
915 952 1
915 953 1
915 971 1
915 990 1
921 1004 3
927 951 1
933 966 1
935 966 1
936 942 1
954 978 1
957 978 1
969 977 2
977 1004 4
977 1001 3
978 988 1
