0
1
2
3
4
5
6
7
8
9
10
11
12
13
14
15
16
17
18
19
20
21
22
23
24
25
26
27
28
29
30
31
32
33
34
35
36
37
38
39
40
41
42
43
44
45
46
47
48
49
50
51
52
53
54
55
56
57
58
59
60
61
62
63
64
65
66
67
68
69
70
71
72
73
74
75
76
77
78
79
80
81
82
83
84
85
86
87
88
89
90
91
92
93
94
95
96
97
98
99
100
101
102
103
104
105
106
107
108
109
110
111
112
113
114
115
116
117
118
119
120
121
122
123
124
125
126
127
128
129
130
131
132
133
134
135
136
137
138
139
141
142
143
144
145
146
147
148
149
150
151
152
153
154
155
157
158
159
160
161
162
163
164
165
166
167
168
169
170
171
172
173
174
175
176
177
178
179
180
181
182
183
184
185
186
187
188
189
190
191
192
193
194
195
196
197
198
199
200
201
202
203
204
205
206
207
208
209
210
211
212
213
214
215
216
217
218
219
220
221
222
223
224
225
226
227
228
229
230
231
232
233
235
236
237
238
239
240
241
242
243
244
245
246
247
248
249
250
251
252
253
254
255
256
257
259
260
262
263
264
265
266
267
268
269
270
271
272
273
274
275
276
277
278
279
280
281
282
283
284
285
286
287
288
289
290
291
292
293
294
295
296
297
299
300
301
302
303
304
305
306
307
308
309
310
311
312
313
314
315
316
317
318
319
320
321
322
323
324
325
326
327
328
329
330
331
332
333
334
335
336
337
338
339
340
341
343
344
345
346
347
348
349
350
351
352
353
355
356
357
358
359
360
361
362
364
365
366
367
368
369
370
371
372
373
374
375
376
377
378
379
380
381
382
383
384
385
386
387
388
389
390
391
392
393
394
395
396
397
398
399
400
401
402
403
404
405
406
407
408
409
410
411
412
413
414
415
416
418
419
420
421
422
423
424
425
426
427
428
429
430
431
432
433
434
435
436
437
438
439
440
441
442
443
444
445
446
447
448
449
450
451
452
453
454
455
456
457
458
459
460
461
462
464
465
466
467
468
469
470
471
472
473
474
475
476
477
478
479
480
481
482
483
484
485
486
487
488
489
490
491
492
493
495
496
497
498
499
500
501
502
503
504
505
506
507
508
509
510
511
512
513
514
515
516
517
518
519
520
521
522
523
524
525
526
527
528
530
531
532
533
534
535
536
537
538
539
540
541
542
543
544
545
546
547
548
549
550
551
552
553
554
556
557
558
559
560
561
562
563
564
565
566
567
568
569
570
571
572
573
574
575
576
577
578
579
580
581
582
583
584
585
586
587
588
589
590
591
592
593
594
595
596
597
598
599
600
601
602
603
604
605
606
607
609
610
611
612
613
614
615
616
617
618
619
621
622
623
624
625
626
627
628
629
630
631
632
633
634
635
636
637
638
639
640
641
642
643
644
645
646
647
648
649
650
651
652
653
654
655
656
657
658
659
660
661
662
663
664
665
666
667
668
669
670
671
672
673
674
675
676
677
678
679
680
681
682
683
684
685
686
687
688
689
690
691
692
693
694
695
696
697
698
699
700
701
702
703
704
705
706
707
708
709
710
711
712
713
714
715
716
717
718
719
720
721
722
723
724
725
726
727
728
729
730
731
732
733
734
735
736
737
738
739
740
741
742
743
744
745
746
747
748
749
750
751
752
753
754
756
757
758
759
760
761
762
763
764
765
767
768
769
770
771
772
773
774
775
776
777
778
779
780
781
782
783
784
785
786
787
788
789
790
791
792
793
794
795
796
797
798
799
800
801
802
803
804
805
806
807
808
809
810
811
812
813
814
815
816
817
818
819
820
821
822
823
824
825
826
827
828
829
830
831
832
833
834
835
836
837
838
839
840
841
842
843
844
845
846
847
848
849
850
851
852
853
854
855
856
857
858
859
860
861
862
863
864
865
866
867
868
869
870
871
872
873
874
875
876
877
878
879
880
881
882
883
884
885
886
887
888
889
890
891
892
893
894
895
896
897
898
899
900
901
902
903
904
905
906
907
908
909
910
911
912
913
914
915
916
917
918
919
920
921
922
923
924
925
926
927
928
929
930
931
932
933
934
935
936
937
938
939
940
941
942
943
944
945
946
947
948
949
950
951
952
953
954
955
956
957
958
960
961
962
963
964
965
966
967
968
969
970
971
972
973
974
975
976
977
978
979
980
981
982
983
984
985
986
987
988
989
990
991
992
993
994
995
996
997
998
999
1000
1001
1002
1003
1004
0 249 4
1 309 1
2 700 2
2 790 3
2 231 1
4 304 2
4 135 2
5 29 1
6 249 4
13 850 1
14 1001 3
14 506 5
14 850 1
14 410 1
14 702 5
15 584 2
15 680 3
18 622 1
24 280 1
24 891 1
25 844 1
25 684 2
25 558 2
25 723 1
25 956 3
25 318 1
28 809 1
30 313 1
30 356 6
30 765 1
31 316 1
32 280 1
32 572 1
37 168 1
37 313 1
38 324 3
48 458 2
61 718 3
61 991 3
62 551 1
62 823 1
62 542 1
62 935 1
67 344 2
67 963 2
70 633 1
70 91 1
74 912 1
74 166 1
75 107 2
77 168 1
77 91 1
77 260 1
82 135 2
91 416 1
91 844 1
91 912 1
91 723 1
91 565 1
91 758 1
92 316 1
92 647 1
98 707 1
98 454 1
98 134 1
98 713 1
98 107 1
98 268 1
98 429 1
98 592 3
98 401 1
98 291 1
98 117 1
98 278 1
104 721 3
104 294 1
105 418 1
106 399 1
112 267 1
113 542 1
114 249 3
119 335 1
120 135 1
122 479 1
125 622 4
126 586 1
126 868 2
127 281 3
127 410 1
132 842 3
134 592 2
134 614 1
135 581 4
135 870 2
135 233 3
135 170 4
135 718 5
135 371 2
135 692 4
135 942 2
135 628 2
135 746 2
136 200 2
136 915 6
136 316 1
139 477 1
139 534 2
142 915 2
142 316 2
149 249 3
157 746 1
159 963 1
159 713 1
159 334 1
159 369 1
159 530 1
159 535 1
165 915 1
165 316 1
165 990 1
166 416 1
166 743 1
167 181 1
168 260 10
168 966 3
168 232 4
168 266 4
168 557 1
168 782 1
168 912 5
168 949 6
168 790 6
168 472 3
169 595 1
170 697 1
173 850 1
175 849 1
175 898 1
175 275 1
175 1004 1
178 232 1
180 727 1
181 274 1
181 190 1
187 450 1
188 280 1
189 249 2
190 656 1
190 353 1
190 274 1
190 373 1
191 692 1
195 595 1
196 401 3
197 850 1
199 850 1
199 644 1
199 541 3
200 952 1
200 915 1
200 316 2
201 249 3
207 469 1
209 356 1
223 663 1
228 538 3
228 605 1
231 624 1
231 921 1
231 698 1
231 738 1
232 416 2
232 472 2
232 313 1
233 692 1
235 951 1
236 249 3
236 532 1
245 698 1
248 746 1
249 716 3
249 1004 3
249 977 3
249 595 3
249 409 3
249 410 3
260 912 1
260 416 1
266 790 3
267 586 4
267 684 1
267 530 3
267 435 5
267 891 1
280 547 1
280 647 1
280 360 1
280 915 1
280 526 1
280 920 1
280 530 2
280 851 1
280 561 1
280 631 1
281 718 2
288 561 1
288 445 1
288 493 1
294 586 7
294 885 1
294 447 5
302 316 1
306 771 1
306 742 1
310 388 2
310 477 1
313 356 2
316 392 7
316 647 1
316 971 1
316 428 1
316 915 2
316 953 1
316 952 2
316 857 1
316 543 1
316 990 1
318 684 2
318 558 4
320 843 1
321 684 2
321 458 3
321 844 3
327 850 1
329 587 1
329 910 1
332 586 1
335 810 1
337 505 2
343 663 1
356 721 1
356 912 3
356 790 2
356 472 1
356 602 1
362 802 2
372 595 3
377 423 1
381 532 1
381 670 1
383 530 1
386 758 1
388 534 3
410 719 1
415 586 1
416 586 1
416 912 3
416 949 1
416 439 1
418 996 3
425 908 2
428 915 2
428 990 1
435 586 3
435 500 1
435 782 1
439 912 1
440 737 1
443 742 1
445 891 1
447 586 17
450 746 1
450 947 1
450 662 1
454 592 2
458 844 1
458 684 5
458 558 2
458 565 1
458 956 1
472 912 1
472 782 1
485 542 2
485 823 4
493 530 1
500 814 8
500 951 1
502 746 1
506 644 1
506 1001 3
506 970 1
506 657 1
506 850 1
506 996 1
506 890 1
509 969 3
510 622 1
516 1001 1
516 850 1
516 924 4
517 530 1
530 891 2
530 746 2
530 591 1
530 630 1
532 1001 1
534 746 1
538 693 1
540 994 2
540 698 1
541 850 1
542 646 1
542 746 1
542 823 3
558 684 4
558 844 5
558 565 4
558 918 2
558 956 2
559 622 5
561 658 2
565 684 4
565 844 1
565 758 1
565 956 1
576 850 1
581 692 1
582 994 1
582 764 1
587 834 1
587 617 1
592 609 2
595 716 3
600 956 1
614 991 1
622 676 4
634 638 1
638 700 1
644 1001 3
644 850 1
644 924 1
650 850 1
654 991 3
657 850 1
662 802 1
663 890 1
663 950 1
670 688 1
672 844 1
682 850 1
684 704 1
684 918 1
684 746 1
684 844 4
684 758 3
684 956 1
687 746 1
692 746 2
698 840 1
698 873 1
698 764 1
700 746 1
700 812 1
702 850 1
718 746 1
719 850 1
723 844 1
724 915 3
730 868 6
731 746 1
738 850 1
739 746 1
740 788 2
742 746 1
742 900 2
745 850 1
746 935 7
746 994 1
746 775 1
746 920 1
746 980 1
758 844 2
758 918 1
759 912 1
761 928 2
761 850 1
783 850 1
790 812 1
790 868 1
837 850 1
844 918 1
844 956 4
850 921 1
850 924 1
850 996 2
850 1001 1
850 881 1
957 990 1
