0
1
2
3
4
5
6
7
8
9
10
11
12
13
14
15
16
17
18
19
20
21
22
23
24
25
26
27
28
29
30
31
32
33
34
35
36
37
38
39
40
41
42
43
44
45
46
47
48
49
50
51
52
53
54
55
56
57
58
59
60
61
62
63
64
65
66
67
68
69
70
71
72
73
74
75
76
77
78
79
80
81
82
83
84
85
86
87
88
89
90
91
92
93
94
95
96
97
98
99
100
101
102
103
104
105
106
107
108
109
110
111
112
113
114
115
116
117
118
119
120
121
122
123
124
125
126
127
128
129
130
131
132
133
134
135
136
137
138
139
141
142
143
144
145
146
147
148
149
150
151
152
153
154
155
157
158
159
160
161
162
163
164
165
166
167
168
169
170
171
172
173
174
175
176
177
178
179
180
181
182
183
184
185
186
187
188
189
190
191
192
193
194
195
196
197
198
199
200
201
202
203
204
205
206
207
208
209
210
211
212
213
214
215
216
217
218
219
220
221
222
223
224
225
226
227
228
229
230
231
232
233
235
236
237
238
239
240
241
242
243
244
245
246
247
248
249
250
251
252
253
254
255
256
257
259
260
262
263
264
265
266
267
268
269
270
271
272
273
274
275
276
277
278
279
280
281
282
283
284
285
286
287
288
289
290
291
292
293
294
295
296
297
299
300
301
302
303
304
305
306
307
308
309
310
311
312
313
314
315
316
317
318
319
320
321
322
323
324
325
326
327
328
329
330
331
332
333
334
335
336
337
338
339
340
341
343
344
345
346
347
348
349
350
351
352
353
355
356
357
358
359
360
361
362
364
365
366
367
368
369
370
371
372
373
374
375
376
377
378
379
380
381
382
383
384
385
386
387
388
389
390
391
392
393
394
395
396
397
398
399
400
401
402
403
404
405
406
407
408
409
410
411
412
413
414
415
416
418
419
420
421
422
423
424
425
426
427
428
429
430
431
432
433
434
435
436
437
438
439
440
441
442
443
444
445
446
447
448
449
450
451
452
453
454
455
456
457
458
459
460
461
462
464
465
466
467
468
469
470
471
472
473
474
475
476
477
478
479
480
481
482
483
484
485
486
487
488
489
490
491
492
493
495
496
497
498
499
500
501
502
503
504
505
506
507
508
509
510
511
512
513
514
515
516
517
518
519
520
521
522
523
524
525
526
527
528
530
531
532
533
534
535
536
537
538
539
540
541
542
543
544
545
546
547
548
549
550
551
552
553
554
556
557
558
559
560
561
562
563
564
565
566
567
568
569
570
571
572
573
574
575
576
577
578
579
580
581
582
583
584
585
586
587
588
589
590
591
592
593
594
595
596
597
598
599
600
601
602
603
604
605
606
607
609
610
611
612
613
614
615
616
617
618
619
621
622
623
624
625
626
627
628
629
630
631
632
633
634
635
636
637
638
639
640
641
642
643
644
645
646
647
648
649
650
651
652
653
654
655
656
657
658
659
660
661
662
663
664
665
666
667
668
669
670
671
672
673
674
675
676
677
678
679
680
681
682
683
684
685
686
687
688
689
690
691
692
693
694
695
696
697
698
699
700
701
702
703
704
705
706
707
708
709
710
711
712
713
714
715
716
717
718
719
720
721
722
723
724
725
726
727
728
729
730
731
732
733
734
735
736
737
738
739
740
741
742
743
744
745
746
747
748
749
750
751
752
753
754
756
757
758
759
760
761
762
763
764
765
767
768
769
770
771
772
773
774
775
776
777
778
779
780
781
782
783
784
785
786
787
788
789
790
791
792
793
794
795
796
797
798
799
800
801
802
803
804
805
806
807
808
809
810
811
812
813
814
815
816
817
818
819
820
821
822
823
824
825
826
827
828
829
830
831
832
833
834
835
836
837
838
839
840
841
842
843
844
845
846
847
848
849
850
851
852
853
854
855
856
857
858
859
860
861
862
863
864
865
866
867
868
869
870
871
872
873
874
875
876
877
878
879
880
881
882
883
884
885
886
887
888
889
890
891
892
893
894
895
896
897
898
899
900
901
902
903
904
905
906
907
908
909
910
911
912
913
914
915
916
917
918
919
920
921
922
923
924
925
926
927
928
929
930
931
932
933
934
935
936
937
938
939
940
941
942
943
944
945
946
947
948
949
950
951
952
953
954
955
956
957
958
960
961
962
963
964
965
966
967
968
969
970
971
972
973
974
975
976
977
978
979
980
981
982
983
984
985
986
987
988
989
990
991
992
993
994
995
996
997
998
999
1000
1001
1002
1003
1004
0 808 1
0 569 2
1 309 1
2 30 1
2 790 6
4 720 2
4 135 3
5 248 1
5 506 1
5 29 1
5 670 1
5 175 2
6 29 1
6 248 1
6 569 2
6 506 1
6 189 1
6 414 1
7 418 1
8 633 1
8 414 2
13 532 1
13 516 2
14 796 1
14 1001 1
14 29 1
14 724 4
14 532 2
14 410 1
14 924 2
14 506 1
14 702 1
15 680 2
15 731 1
15 422 1
16 457 1
16 410 2
16 724 1
16 127 5
24 530 2
24 891 1
24 629 19
24 31 1
25 499 2
25 684 1
29 898 1
29 643 1
29 783 1
29 921 1
29 796 1
29 541 1
29 670 1
29 808 1
29 442 1
29 189 1
29 208 1
29 249 2
29 605 1
29 226 1
29 1004 1
29 881 1
29 248 2
29 377 1
29 506 2
29 381 3
30 313 4
30 765 3
31 165 6
31 838 1
31 847 1
32 791 1
32 891 2
32 534 1
32 502 1
32 143 2
35 161 1
35 978 1
35 469 1
38 832 1
38 609 1
38 343 2
38 591 1
40 802 2
40 272 1
40 662 1
40 568 1
40 187 1
40 572 1
41 704 1
42 832 2
42 939 2
42 164 1
42 139 2
42 879 2
42 368 2
42 402 1
42 663 2
42 612 1
42 638 1
45 66 1
45 52 4
46 676 1
48 704 1
48 458 1
48 684 2
48 558 1
52 168 2
52 416 1
52 66 4
53 923 1
56 482 2
56 987 1
56 410 1
58 577 1
58 338 1
61 450 1
61 522 1
61 843 2
61 716 2
61 718 9
61 591 1
61 692 1
61 334 1
61 159 2
62 214 2
62 513 2
62 485 2
62 646 7
62 551 2
62 369 2
62 854 1
62 571 3
62 542 2
62 159 1
64 477 1
65 544 1
65 75 1
65 499 1
65 671 1
65 927 1
67 561 1
67 963 8
67 165 2
67 846 1
67 207 6
71 595 1
73 499 1
73 277 1
75 633 2
75 923 2
75 772 1
77 168 1
77 260 4
77 439 2
78 569 1
82 720 1
82 135 3
83 863 1
84 832 1
86 443 2
90 360 1
90 500 1
90 742 2
90 526 2
92 847 1
96 832 1
96 132 1
96 299 1
96 388 1
96 634 1
96 509 1
96 638 1
98 449 1
98 707 24
98 454 3
98 134 5
98 713 17
98 107 26
98 268 6
98 429 5
98 592 10
98 401 6
98 291 2
98 117 5
98 278 4
101 246 5
104 648 2
104 765 2
105 418 2
105 582 8
105 374 6
106 1001 1
106 402 1
106 828 1
107 236 1
107 643 1
107 980 1
107 810 1
112 674 3
112 267 1
113 927 1
114 189 1
118 502 1
120 772 1
122 410 1
122 924 2
125 676 1
126 168 2
126 416 2
126 602 5
126 790 2
127 265 1
127 916 1
127 718 2
131 532 1
133 168 2
133 416 3
133 765 1
134 592 6
134 291 2
134 454 3
135 581 10
135 870 5
135 170 5
135 942 11
135 371 5
135 628 6
135 414 1
135 607 3
136 200 1
137 936 1
138 850 2
138 542 2
138 887 1
139 832 1
139 164 1
139 477 1
139 402 1
143 696 4
143 731 2
143 422 1
143 739 1
149 716 3
149 718 1
150 772 1
150 415 1
151 566 1
152 443 3
152 742 1
153 977 11
153 410 1
157 171 1
159 923 3
159 841 3
159 214 1
159 233 5
159 283 3
159 220 1
160 891 1
160 428 1
160 685 2
160 526 2
160 629 8
160 280 1
160 571 6
161 571 2
161 239 1
164 477 1
164 638 1
164 402 1
165 847 1
165 401 10
165 344 2
165 316 2
166 416 1
166 586 2
166 573 1
166 759 1
167 978 1
167 988 3
167 469 1
168 416 1
168 868 2
168 232 2
168 586 5
168 557 2
168 912 6
168 984 3
168 472 11
168 356 2
168 607 2
170 581 1
173 532 1
173 924 1
173 541 1
175 410 1
175 275 4
181 190 2
184 650 2
184 843 1
184 686 6
185 462 1
188 978 1
188 469 2
189 1004 1
189 904 1
189 652 1
189 716 1
189 365 1
189 718 1
189 977 1
189 595 1
189 236 1
189 470 1
189 201 1
189 249 2
189 410 1
190 353 3
190 373 1
190 656 2
190 274 2
190 629 1
191 752 2
192 506 2
193 736 1
193 617 2
193 714 2
193 782 1
193 923 3
193 540 1
197 987 2
197 532 1
199 532 2
199 506 1
199 644 1
199 924 7
200 952 2
200 971 2
200 344 1
200 543 1
207 424 1
207 558 3
207 847 1
207 547 1
207 469 7
207 795 6
208 236 4
209 356 1
209 765 1
214 742 1
214 935 1
214 844 1
214 306 3
214 662 2
214 923 1
216 321 3
228 569 2
229 334 2
229 607 2
231 994 1
231 840 2
231 531 1
231 245 1
231 698 1
231 607 2
232 782 4
232 575 1
233 450 1
233 692 5
236 1004 1
236 716 1
236 383 1
239 538 1
239 951 2
241 547 1
241 469 1
245 624 1
245 698 1
245 540 1
246 423 5
248 696 1
248 921 1
248 506 2
248 670 1
249 569 4
249 716 1
250 332 1
250 886 3
250 927 2
251 410 1
257 416 1
257 987 1
260 912 5
264 454 1
267 586 2
267 891 1
267 530 3
267 662 1
270 532 1
272 450 1
272 443 2
272 900 1
272 662 1
273 951 1
275 849 1
277 458 1
277 571 2
278 290 2
278 566 1
280 281 3
280 891 1
280 629 4
280 739 1
285 571 2
290 718 1
290 321 2
290 566 1
291 454 1
291 401 1
291 429 2
293 547 1
294 765 1
295 569 2
299 832 1
299 634 1
301 656 1
301 978 1
301 547 1
305 765 1
305 318 1
305 743 1
306 771 2
306 450 1
306 659 1
306 742 1
311 697 1
311 955 2
313 765 1
315 423 1
316 847 1
319 558 1
320 1004 1
321 499 2
322 337 1
322 343 1
324 362 1
326 692 2
327 532 1
327 381 5
329 624 1
329 819 1
329 414 1
332 435 3
333 569 2
334 416 2
334 483 1
334 776 1
334 692 2
334 607 2
335 385 1
337 505 3
338 987 3
338 700 2
343 950 1
343 663 2
347 966 1
353 891 2
356 515 1
356 648 1
356 684 1
356 912 1
356 472 7
360 585 1
360 526 4
360 561 1
360 629 6
360 891 1
361 987 1
362 868 1
364 987 1
364 764 3
364 582 1
364 414 1
369 927 1
369 551 1
377 696 1
377 729 1
377 630 4
377 422 3
380 712 1
381 643 1
381 532 2
381 670 4
383 720 1
383 887 1
393 1004 1
394 571 5
395 514 1
398 712 2
398 450 1
401 454 2
401 429 5
401 415 6
402 879 2
402 735 1
404 595 1
409 569 2
410 482 1
410 837 1
410 1001 1
410 650 2
410 777 1
410 994 1
410 719 1
410 433 1
410 969 1
410 924 1
410 663 3
410 541 1
414 731 1
414 746 1
414 687 1
414 530 1
414 739 1
414 692 1
414 980 1
414 506 1
414 891 1
415 612 1
416 868 1
416 743 1
416 586 2
416 472 1
418 977 14
418 996 11
420 879 3
421 424 1
421 547 1
421 795 4
421 469 1
423 849 1
423 977 3
424 847 1
424 547 1
424 469 1
424 795 3
427 955 2
429 925 1
429 454 5
432 987 4
433 738 2
433 987 3
433 815 2
435 500 1
435 782 4
437 532 2
443 450 1
443 742 2
444 927 1
445 891 1
450 802 4
450 571 4
450 900 3
450 742 1
450 692 1
450 662 1
450 602 1
454 772 1
454 592 4
458 684 1
466 662 3
469 547 1
469 817 1
469 978 1
469 954 1
469 795 1
470 569 2
472 743 6
472 602 1
472 575 3
482 994 2
482 847 1
482 531 1
482 569 2
482 987 3
482 606 1
485 513 1
485 927 1
485 551 1
493 561 2
493 978 1
493 891 1
493 629 9
493 630 3
497 977 6
499 684 3
499 558 1
499 607 2
500 586 3
501 879 2
502 569 2
502 693 1
502 607 1
506 644 2
506 849 1
506 532 1
506 670 1
506 921 1
506 924 1
506 702 1
508 532 1
509 634 1
511 987 2
512 547 1
513 927 1
513 551 1
516 532 1
516 924 4
517 607 1
526 561 1
526 629 6
526 891 1
528 609 2
530 838 8
530 629 8
530 630 2
530 891 4
530 607 1
531 641 2
531 994 17
531 987 1
532 650 1
532 783 1
532 657 1
532 644 1
532 921 1
532 923 1
532 924 1
532 541 1
532 653 1
532 682 1
532 700 1
532 702 1
532 576 1
532 837 1
532 719 1
532 850 1
532 979 1
532 654 1
532 738 1
532 996 1
532 1001 1
532 747 1
532 881 1
532 745 1
532 761 1
535 927 1
538 832 1
538 569 3
538 951 4
540 987 1
540 697 1
540 698 1
540 955 1
542 927 1
542 646 1
542 571 1
542 607 1
546 923 1
546 550 1
547 978 1
547 795 1
547 957 1
551 646 1
551 854 2
551 927 1
552 951 1
553 670 2
558 565 1
561 846 1
561 629 7
561 891 1
563 696 2
568 947 2
569 710 2
569 599 2
569 976 2
569 693 2
569 767 1
569 605 2
569 862 2
569 991 2
571 900 7
571 742 8
571 870 2
571 935 2
571 776 6
571 684 3
571 910 1
571 663 3
571 885 1
573 586 1
575 912 1
580 791 1
581 720 4
581 855 2
582 987 1
586 782 2
586 759 2
586 984 16
591 607 1
591 812 1
591 718 1
592 927 5
599 693 1
602 765 3
602 743 3
607 739 1
607 997 1
607 870 1
607 684 1
607 940 1
607 692 2
607 890 1
607 731 6
609 772 1
612 633 1
614 851 1
617 720 1
617 714 2
622 676 1
629 772 1
629 658 7
629 685 6
629 846 6
629 630 8
629 631 6
629 891 8
630 685 3
630 952 2
630 891 1
631 891 1
633 669 1
633 739 3
634 832 1
634 939 2
634 788 1
634 638 1
638 832 1
643 685 1
644 996 1
644 924 4
646 927 1
646 854 1
647 838 4
648 765 4
650 654 1
650 686 7
652 1004 1
654 738 1
658 891 1
658 838 1
662 900 4
665 746 2
669 696 3
672 844 1
680 720 1
680 731 1
682 924 1
682 783 1
684 704 4
685 1001 3
685 724 1
685 891 1
687 923 1
692 742 3
692 746 3
692 830 1
697 855 1
697 925 1
698 840 1
698 873 1
698 764 1
700 812 1
700 790 3
702 924 9
704 841 2
704 723 1
710 832 2
718 980 1
720 855 1
722 927 2
724 1001 4
724 951 3
724 796 1
731 789 1
738 850 3
738 783 2
740 788 3
740 879 1
742 900 1
743 765 2
746 900 1
746 935 13
758 918 1
761 850 1
762 984 1
764 994 2
770 927 1
773 955 2
774 947 48
777 994 1
779 843 1
782 923 2
783 881 1
783 921 2
789 994 1
789 987 2
790 812 2
795 978 4
808 876 1
823 927 1
828 1001 3
840 987 1
841 923 1
843 883 1
846 891 1
847 954 1
851 978 2
854 927 2
880 890 1
912 984 1
924 1001 1
925 955 2
933 966 2
935 966 2
936 942 2
955 987 3
977 1001 8
977 1004 8
978 988 5
