0
1
2
3
4
5
6
7
8
9
10
11
12
13
14
15
16
17
18
19
20
21
22
23
24
25
26
27
28
29
30
31
32
33
34
35
36
37
38
39
40
41
42
43
44
45
46
47
48
49
50
51
52
53
54
55
56
57
58
59
60
61
62
63
64
65
66
67
68
69
70
71
72
73
74
75
76
77
78
79
80
81
82
83
84
85
86
87
88
89
90
91
92
93
94
95
96
97
98
99
100
101
102
103
104
105
106
107
108
109
110
111
112
113
114
115
116
117
118
119
120
121
122
123
124
125
126
127
128
129
130
131
132
133
134
135
136
137
138
139
141
142
143
144
145
146
147
148
149
150
151
152
153
154
155
157
158
159
160
161
162
163
164
165
166
167
168
169
170
171
172
173
174
175
176
177
178
179
180
181
182
183
184
185
186
187
188
189
190
191
192
193
194
195
196
197
198
199
200
201
202
203
204
205
206
207
208
209
210
211
212
213
214
215
216
217
218
219
220
221
222
223
224
225
226
227
228
229
230
231
232
233
235
236
237
238
239
240
241
242
243
244
245
246
247
248
249
250
251
252
253
254
255
256
257
259
260
262
263
264
265
266
267
268
269
270
271
272
273
274
275
276
277
278
279
280
281
282
283
284
285
286
287
288
289
290
291
292
293
294
295
296
297
299
300
301
302
303
304
305
306
307
308
309
310
311
312
313
314
315
316
317
318
319
320
321
322
323
324
325
326
327
328
329
330
331
332
333
334
335
336
337
338
339
340
341
343
344
345
346
347
348
349
350
351
352
353
355
356
357
358
359
360
361
362
364
365
366
367
368
369
370
371
372
373
374
375
376
377
378
379
380
381
382
383
384
385
386
387
388
389
390
391
392
393
394
395
396
397
398
399
400
401
402
403
404
405
406
407
408
409
410
411
412
413
414
415
416
418
419
420
421
422
423
424
425
426
427
428
429
430
431
432
433
434
435
436
437
438
439
440
441
442
443
444
445
446
447
448
449
450
451
452
453
454
455
456
457
458
459
460
461
462
464
465
466
467
468
469
470
471
472
473
474
475
476
477
478
479
480
481
482
483
484
485
486
487
488
489
490
491
492
493
495
496
497
498
499
500
501
502
503
504
505
506
507
508
509
510
511
512
513
514
515
516
517
518
519
520
521
522
523
524
525
526
527
528
530
531
532
533
534
535
536
537
538
539
540
541
542
543
544
545
546
547
548
549
550
551
552
553
554
556
557
558
559
560
561
562
563
564
565
566
567
568
569
570
571
572
573
574
575
576
577
578
579
580
581
582
583
584
585
586
587
588
589
590
591
592
593
594
595
596
597
598
599
600
601
602
603
604
605
606
607
609
610
611
612
613
614
615
616
617
618
619
621
622
623
624
625
626
627
628
629
630
631
632
633
634
635
636
637
638
639
640
641
642
643
644
645
646
647
648
649
650
651
652
653
654
655
656
657
658
659
660
661
662
663
664
665
666
667
668
669
670
671
672
673
674
675
676
677
678
679
680
681
682
683
684
685
686
687
688
689
690
691
692
693
694
695
696
697
698
699
700
701
702
703
704
705
706
707
708
709
710
711
712
713
714
715
716
717
718
719
720
721
722
723
724
725
726
727
728
729
730
731
732
733
734
735
736
737
738
739
740
741
742
743
744
745
746
747
748
749
750
751
752
753
754
756
757
758
759
760
761
762
763
764
765
767
768
769
770
771
772
773
774
775
776
777
778
779
780
781
782
783
784
785
786
787
788
789
790
791
792
793
794
795
796
797
798
799
800
801
802
803
804
805
806
807
808
809
810
811
812
813
814
815
816
817
818
819
820
821
822
823
824
825
826
827
828
829
830
831
832
833
834
835
836
837
838
839
840
841
842
843
844
845
846
847
848
849
850
851
852
853
854
855
856
857
858
859
860
861
862
863
864
865
866
867
868
869
870
871
872
873
874
875
876
877
878
879
880
881
882
883
884
885
886
887
888
889
890
891
892
893
894
895
896
897
898
899
900
901
902
903
904
905
906
907
908
909
910
911
912
913
914
915
916
917
918
919
920
921
922
923
924
925
926
927
928
929
930
931
932
933
934
935
936
937
938
939
940
941
942
943
944
945
946
947
948
949
950
951
952
953
954
955
956
957
958
960
961
962
963
964
965
966
967
968
969
970
971
972
973
974
975
976
977
978
979
980
981
982
983
984
985
986
987
988
989
990
991
992
993
994
995
996
997
998
999
1000
1001
1002
1003
1004
0 569 1
1 309 1
1 310 1
2 868 2
2 231 2
2 52 2
2 790 5
2 602 2
2 891 2
4 135 2
5 175 1
6 569 1
6 333 1
13 719 1
14 761 1
14 724 4
14 719 1
15 680 1
15 731 1
16 843 1
16 173 1
16 724 1
16 506 1
16 732 2
16 127 1
17 915 1
24 891 9
24 647 2
24 629 13
24 685 4
25 48 1
27 147 1
28 987 1
29 688 1
29 249 1
29 333 2
30 256 1
30 356 6
30 294 3
30 648 1
30 209 1
30 313 2
30 90 1
30 765 1
31 915 1
31 428 4
31 165 1
31 847 1
32 716 1
32 718 1
32 977 3
32 915 4
32 862 2
32 127 1
35 978 1
35 167 1
35 858 1
35 469 1
35 847 1
40 712 1
40 193 1
40 450 3
40 572 1
41 723 1
41 565 1
41 758 1
42 534 1
48 458 1
48 558 1
48 565 2
48 216 1
48 956 3
48 319 1
49 248 2
53 290 1
56 987 1
60 695 1
61 450 1
61 135 3
61 712 1
61 233 5
61 718 5
61 591 1
61 534 1
61 700 1
61 991 1
62 542 1
65 771 1
65 927 1
65 191 3
67 344 8
67 963 10
67 165 5
67 207 11
68 987 1
69 706 1
71 595 1
75 220 2
75 772 7
77 912 2
77 168 6
77 260 1
82 267 2
82 135 2
83 784 1
84 343 1
90 416 1
90 731 1
90 356 1
90 454 1
90 987 1
90 841 1
90 746 1
90 718 1
90 980 1
90 191 1
90 189 2
90 927 2
91 832 1
91 407 1
92 207 1
92 915 1
92 847 3
95 531 1
95 585 1
95 987 2
95 427 1
96 420 1
98 592 6
98 401 3
98 707 1
98 429 2
98 454 7
101 377 1
101 866 3
101 423 2
103 514 8
103 423 2
105 418 1
107 214 1
107 335 1
112 674 3
112 267 2
119 812 1
119 790 2
119 335 3
122 924 1
122 693 3
125 676 3
125 622 3
126 168 5
126 256 4
126 416 3
126 700 1
126 573 1
127 184 2
127 883 1
127 718 2
133 984 2
133 602 1
134 592 8
134 291 1
134 454 5
135 581 3
135 870 2
135 942 9
135 371 2
135 628 5
135 214 1
135 703 1
136 371 1
136 915 2
136 629 1
136 543 1
141 469 1
142 915 3
142 428 2
143 580 1
147 416 1
147 577 1
147 927 1
147 933 1
147 230 1
147 454 5
147 171 1
147 972 1
147 590 3
147 308 1
147 277 1
147 347 1
147 285 1
147 926 1
147 686 1
150 454 1
150 415 8
152 771 1
157 193 3
157 740 1
157 775 1
157 617 1
157 586 3
157 590 1
157 915 1
157 248 2
157 542 1
159 278 3
159 534 2
159 940 8
159 290 1
159 398 4
159 687 2
159 912 6
159 915 1
159 500 1
159 214 5
159 923 11
159 316 1
159 703 2
160 857 2
160 543 1
160 629 4
160 301 1
164 402 1
164 548 4
164 322 2
165 454 1
165 422 4
165 428 2
165 847 2
165 401 10
165 915 1
165 857 1
165 858 1
165 316 2
165 990 1
167 274 1
167 978 1
167 469 2
167 954 1
167 988 1
167 957 1
168 416 5
168 260 4
168 232 3
168 557 2
168 912 14
168 472 2
168 984 2
168 356 5
168 868 5
168 575 1
170 697 1
173 364 1
173 783 1
173 248 1
173 921 1
173 506 1
173 670 1
175 737 3
175 327 1
175 423 1
175 688 1
175 849 6
175 275 2
180 958 1
181 190 1
184 393 1
184 607 1
184 710 2
185 833 2
185 915 2
185 629 1
188 547 1
188 274 1
188 978 1
188 469 5
188 988 1
188 957 2
189 977 6
189 595 1
189 718 4
190 353 1
190 847 1
190 656 1
190 629 3
190 920 1
191 927 4
191 415 7
192 381 1
193 581 1
193 230 2
193 720 2
193 923 2
193 700 2
199 644 1
200 952 5
200 971 4
200 915 1
200 543 1
203 306 3
207 424 5
207 847 3
207 561 2
207 469 2
207 795 7
209 868 1
209 356 4
214 776 1
214 940 1
214 783 1
214 912 1
214 530 1
214 915 1
214 920 1
214 923 1
214 544 1
214 290 3
214 731 1
214 684 1
214 692 1
214 569 1
214 316 2
214 835 1
214 324 1
214 844 3
214 334 1
214 720 1
214 852 1
214 987 1
214 220 1
214 865 2
214 738 1
214 743 1
214 371 1
214 629 2
214 891 1
214 765 1
215 639 1
216 321 2
216 956 1
220 752 2
220 633 2
220 334 1
226 724 1
228 569 1
229 306 4
229 659 1
229 374 1
231 873 1
231 698 2
231 987 1
231 245 1
233 450 1
236 537 7
236 393 1
239 854 2
241 469 1
245 698 2
245 987 2
246 572 2
246 724 2
246 423 2
248 550 2
249 569 1
250 927 3
251 987 1
253 290 1
253 566 1
256 313 3
256 356 6
256 765 1
260 912 1
267 891 4
267 586 3
268 592 1
272 754 1
272 450 1
274 656 1
275 849 2
280 629 3
284 731 2
290 739 1
290 669 1
291 401 3
291 454 2
293 724 1
293 605 1
294 313 3
295 569 1
299 388 2
299 509 1
299 638 3
301 493 1
302 915 1
302 847 1
306 450 1
306 374 2
306 742 3
310 343 1
311 955 6
311 987 1
313 416 3
313 356 2
316 428 5
316 847 1
316 915 4
316 857 2
318 585 2
318 332 4
319 956 1
321 956 3
321 565 1
322 879 1
322 343 1
327 849 3
327 381 4
329 660 1
333 743 1
333 783 1
333 569 1
333 506 1
333 767 1
334 356 1
334 586 2
334 591 1
334 628 4
334 607 2
338 433 1
338 987 1
341 951 1
343 706 1
343 822 1
343 534 2
343 939 1
343 663 3
343 735 1
344 915 1
344 543 1
347 966 1
353 891 6
356 416 2
356 515 1
356 868 2
356 586 1
356 912 4
356 505 2
356 472 1
356 765 3
356 607 6
360 629 2
361 987 1
364 506 2
364 987 1
364 764 1
364 983 1
372 595 2
372 404 1
372 934 2
377 718 2
378 514 1
379 568 2
380 712 1
388 843 1
388 534 1
388 638 2
393 907 1
398 712 8
398 450 2
401 454 6
401 429 12
401 415 11
402 534 1
407 843 1
408 847 1
409 569 1
410 934 1
415 833 4
415 569 11
416 586 4
416 868 1
416 927 1
418 977 11
421 424 6
421 795 2
421 469 1
422 731 4
423 710 3
423 977 3
424 847 2
424 978 2
424 469 1
424 795 13
424 990 2
427 697 1
427 955 6
428 802 2
428 915 15
428 953 1
428 857 2
429 925 1
429 454 9
431 988 1
432 987 1
433 987 2
433 738 5
435 586 8
435 500 1
435 782 1
437 516 1
443 450 1
444 823 1
444 535 1
444 927 2
447 586 1
450 802 1
450 900 1
450 742 1
450 712 3
450 947 1
450 692 1
450 662 1
450 695 1
450 602 1
454 609 2
454 772 6
454 713 4
454 592 10
454 890 1
454 543 1
454 922 1
454 863 1
461 506 2
462 833 2
462 762 1
469 547 1
469 817 1
469 978 3
469 630 2
469 954 1
469 795 1
470 569 2
470 789 1
471 987 3
472 912 1
472 743 1
473 643 1
479 980 1
482 569 9
482 987 1
493 561 1
493 658 1
493 629 3
493 685 2
499 565 1
499 607 1
500 586 1
502 569 3
506 769 1
506 783 1
506 670 2
509 634 1
511 987 1
513 927 2
514 832 1
514 780 1
514 950 1
516 532 2
526 629 2
528 607 1
530 891 5
530 629 8
531 987 2
532 537 1
534 843 1
534 879 1
534 638 2
535 927 1
538 569 1
540 697 2
540 698 2
540 955 8
540 987 1
542 927 1
542 646 3
543 971 1
543 915 1
543 952 2
546 614 1
547 978 1
548 638 1
552 851 1
557 912 2
558 585 1
558 956 1
561 585 1
561 629 6
561 846 6
563 731 2
565 956 2
569 710 1
569 976 1
569 693 1
569 862 1
569 599 2
569 991 1
569 605 1
569 990 1
577 590 1
577 926 1
581 936 1
581 703 2
582 987 1
582 764 2
585 659 1
586 782 2
586 765 2
586 854 1
587 720 3
588 987 1
591 843 1
592 713 3
592 818 1
592 927 8
595 754 1
595 718 1
602 743 4
605 693 1
607 833 1
607 696 5
609 731 2
609 772 2
609 707 1
609 927 1
617 720 2
629 847 1
629 630 2
629 838 1
629 631 2
629 658 2
629 685 2
629 846 1
629 891 43
630 891 4
638 706 1
638 663 3
638 951 1
641 987 1
647 915 2
650 682 1
650 654 1
654 682 2
659 742 2
678 696 1
680 720 2
680 731 5
680 707 1
682 738 1
682 837 3
682 783 1
682 719 1
686 933 1
687 843 1
687 812 1
692 983 1
697 855 1
698 840 2
698 873 2
698 764 2
702 738 1
703 771 1
707 1003 1
707 951 1
710 832 4
711 843 1
711 724 1
711 718 1
715 926 1
716 718 2
718 904 1
718 843 1
718 754 1
718 724 1
718 883 1
719 738 1
719 837 3
719 783 1
720 855 1
722 927 1
724 951 1
724 796 1
731 739 1
737 849 2
738 837 2
738 850 1
740 788 1
758 956 2
758 918 3
764 994 1
764 983 1
764 987 1
769 983 1
769 951 1
772 927 2
773 955 6
774 947 56
779 843 1
783 837 2
789 987 1
790 891 1
790 812 6
809 987 1
823 927 1
833 987 1
840 987 1
847 953 1
847 954 2
849 987 1
850 987 1
851 978 2
854 927 2
857 915 3
858 915 2
861 896 1
862 977 1
863 993 1
872 987 1
873 987 1
890 951 1
891 920 1
915 952 1
915 971 1
915 953 1
915 990 1
921 977 6
925 955 6
933 966 1
935 966 1
936 942 2
951 979 1
955 987 8
957 978 1
977 996 2
977 1001 6
977 1004 3
978 988 1
987 994 1
