0
1
2
3
4
5
6
7
8
9
10
11
12
13
14
15
16
17
18
19
20
21
22
23
24
25
26
27
28
29
30
31
32
33
34
35
36
37
38
39
40
41
42
43
44
45
46
47
48
49
50
51
52
53
54
55
56
57
58
59
60
61
62
63
64
65
66
67
68
69
70
71
72
73
74
75
76
77
78
79
80
81
82
83
84
85
86
87
88
89
90
91
92
93
94
95
96
97
98
99
100
101
102
103
104
105
106
107
108
109
110
111
112
113
114
115
116
117
118
119
120
121
122
123
124
125
126
127
128
129
130
131
132
133
134
135
136
137
138
139
141
142
143
144
145
146
147
148
149
150
151
152
153
154
155
157
158
159
160
161
162
163
164
165
166
167
168
169
170
171
172
173
174
175
176
177
178
179
180
181
182
183
184
185
186
187
188
189
190
191
192
193
194
195
196
197
198
199
200
201
202
203
204
205
206
207
208
209
210
211
212
213
214
215
216
217
218
219
220
221
222
223
224
225
226
227
228
229
230
231
232
233
235
236
237
238
239
240
241
242
243
244
245
246
247
248
249
250
251
252
253
254
255
256
257
259
260
262
263
264
265
266
267
268
269
270
271
272
273
274
275
276
277
278
279
280
281
282
283
284
285
286
287
288
289
290
291
292
293
294
295
296
297
299
300
301
302
303
304
305
306
307
308
309
310
311
312
313
314
315
316
317
318
319
320
321
322
323
324
325
326
327
328
329
330
331
332
333
334
335
336
337
338
339
340
341
343
344
345
346
347
348
349
350
351
352
353
355
356
357
358
359
360
361
362
364
365
366
367
368
369
370
371
372
373
374
375
376
377
378
379
380
381
382
383
384
385
386
387
388
389
390
391
392
393
394
395
396
397
398
399
400
401
402
403
404
405
406
407
408
409
410
411
412
413
414
415
416
418
419
420
421
422
423
424
425
426
427
428
429
430
431
432
433
434
435
436
437
438
439
440
441
442
443
444
445
446
447
448
449
450
451
452
453
454
455
456
457
458
459
460
461
462
464
465
466
467
468
469
470
471
472
473
474
475
476
477
478
479
480
481
482
483
484
485
486
487
488
489
490
491
492
493
495
496
497
498
499
500
501
502
503
504
505
506
507
508
509
510
511
512
513
514
515
516
517
518
519
520
521
522
523
524
525
526
527
528
530
531
532
533
534
535
536
537
538
539
540
541
542
543
544
545
546
547
548
549
550
551
552
553
554
556
557
558
559
560
561
562
563
564
565
566
567
568
569
570
571
572
573
574
575
576
577
578
579
580
581
582
583
584
585
586
587
588
589
590
591
592
593
594
595
596
597
598
599
600
601
602
603
604
605
606
607
609
610
611
612
613
614
615
616
617
618
619
621
622
623
624
625
626
627
628
629
630
631
632
633
634
635
636
637
638
639
640
641
642
643
644
645
646
647
648
649
650
651
652
653
654
655
656
657
658
659
660
661
662
663
664
665
666
667
668
669
670
671
672
673
674
675
676
677
678
679
680
681
682
683
684
685
686
687
688
689
690
691
692
693
694
695
696
697
698
699
700
701
702
703
704
705
706
707
708
709
710
711
712
713
714
715
716
717
718
719
720
721
722
723
724
725
726
727
728
729
730
731
732
733
734
735
736
737
738
739
740
741
742
743
744
745
746
747
748
749
750
751
752
753
754
756
757
758
759
760
761
762
763
764
765
767
768
769
770
771
772
773
774
775
776
777
778
779
780
781
782
783
784
785
786
787
788
789
790
791
792
793
794
795
796
797
798
799
800
801
802
803
804
805
806
807
808
809
810
811
812
813
814
815
816
817
818
819
820
821
822
823
824
825
826
827
828
829
830
831
832
833
834
835
836
837
838
839
840
841
842
843
844
845
846
847
848
849
850
851
852
853
854
855
856
857
858
859
860
861
862
863
864
865
866
867
868
869
870
871
872
873
874
875
876
877
878
879
880
881
882
883
884
885
886
887
888
889
890
891
892
893
894
895
896
897
898
899
900
901
902
903
904
905
906
907
908
909
910
911
912
913
914
915
916
917
918
919
920
921
922
923
924
925
926
927
928
929
930
931
932
933
934
935
936
937
938
939
940
941
942
943
944
945
946
947
948
949
950
951
952
953
954
955
956
957
958
960
961
962
963
964
965
966
967
968
969
970
971
972
973
974
975
976
977
978
979
980
981
982
983
984
985
986
987
988
989
990
991
992
993
994
995
996
997
998
999
1000
1001
1002
1003
1004
0 178 1
0 470 3
2 32 2
5 107 1
5 980 1
5 118 1
5 335 1
6 178 1
8 544 2
8 414 1
14 611 2
14 644 1
14 1001 3
14 173 1
14 506 1
14 924 1
15 680 2
16 777 2
16 754 1
16 843 1
17 857 1
17 428 1
24 160 1
24 35 1
24 750 1
24 530 3
24 629 2
24 280 2
24 891 5
28 987 3
29 506 1
29 899 1
30 946 1
30 356 4
31 165 3
32 669 1
32 189 3
32 214 1
32 791 1
40 568 1
40 712 2
40 187 1
40 572 1
40 662 2
41 503 4
42 509 1
45 66 1
45 52 1
45 126 1
45 782 1
46 310 1
50 559 2
52 66 2
52 356 6
52 168 1
52 782 1
52 868 2
52 765 1
53 923 1
53 662 1
53 687 1
56 987 3
61 739 1
61 742 1
61 550 1
61 718 3
61 692 2
61 891 2
61 991 5
62 120 1
62 163 1
62 500 1
62 542 2
65 687 1
65 772 2
65 151 1
66 782 3
66 126 2
67 963 2
67 165 4
67 391 3
67 846 3
67 207 3
67 344 3
68 987 3
70 752 1
70 601 1
70 84 1
70 534 2
70 120 1
71 595 1
74 586 1
74 743 1
75 692 3
75 772 1
77 260 1
77 168 8
77 425 1
77 266 1
77 912 2
77 521 2
77 90 1
78 289 3
78 178 1
78 599 1
84 534 1
84 310 2
88 906 1
90 866 1
90 292 1
90 101 1
90 742 2
90 423 1
90 168 2
90 267 2
90 813 1
90 136 2
90 915 1
90 948 1
90 854 2
90 952 2
90 883 1
90 316 3
95 987 3
96 832 1
98 429 1
99 929 1
99 178 3
99 862 1
101 377 1
104 133 1
104 168 1
104 425 5
104 946 2
104 948 2
104 790 3
105 418 1
105 374 1
106 788 1
106 638 2
107 335 1
107 367 1
107 383 1
111 946 1
112 313 2
112 730 1
112 267 4
112 356 1
118 365 2
118 670 1
118 335 2
120 160 1
120 547 1
120 772 2
120 614 1
120 200 2
120 518 1
120 530 1
120 752 1
120 178 3
120 629 2
120 534 2
120 823 1
120 280 1
120 857 1
120 188 4
120 189 2
120 542 1
120 191 1
122 428 1
126 168 1
126 984 5
126 869 1
127 423 1
132 832 1
133 168 1
133 602 2
133 948 2
133 765 3
136 200 2
136 857 1
136 316 1
138 383 5
141 241 1
141 383 1
143 544 2
147 277 1
151 923 3
153 977 2
153 410 2
153 969 1
157 577 1
157 931 1
157 933 1
157 171 1
157 590 1
157 277 2
157 347 1
157 285 1
157 926 1
160 629 2
163 383 1
163 895 3
165 344 3
165 401 3
165 316 1
167 630 1
168 744 1
168 260 7
168 521 5
168 266 1
168 912 43
168 472 33
168 425 8
168 557 1
168 949 5
168 439 7
168 948 4
168 966 1
168 589 1
168 984 1
168 356 8
168 868 2
168 232 2
169 372 1
173 506 3
175 849 4
175 275 5
175 335 3
178 409 1
178 538 1
178 929 3
178 546 1
178 295 1
178 693 2
178 569 1
178 314 1
178 710 1
178 333 1
178 976 1
178 339 1
178 718 1
178 470 4
178 599 1
178 605 2
178 862 1
178 991 1
178 228 1
178 367 1
178 502 1
178 249 1
178 767 1
181 190 1
184 883 5
187 272 1
187 662 3
188 978 1
189 883 1
189 718 2
190 656 1
190 353 1
190 274 1
190 373 1
193 633 1
193 290 3
193 499 1
193 948 2
193 687 2
199 924 4
200 806 1
200 971 2
200 428 3
200 952 1
200 915 1
200 351 2
201 270 1
207 484 2
207 424 1
207 373 1
207 630 1
207 795 2
214 742 1
214 712 2
214 367 1
214 595 1
214 316 1
216 458 1
220 749 1
220 367 1
223 415 3
225 883 1
228 693 1
229 356 1
231 994 1
231 764 1
231 840 1
231 873 1
231 874 1
231 624 1
231 264 1
231 245 1
231 233 1
231 987 3
231 540 2
231 830 1
232 425 2
232 946 2
232 472 2
232 790 4
233 835 2
233 692 9
233 245 1
233 935 6
245 764 1
245 840 2
245 329 1
245 874 1
245 624 1
245 264 1
245 987 3
245 540 2
248 749 1
249 643 1
249 470 1
250 782 2
251 987 3
256 294 2
260 425 2
260 266 1
260 439 1
266 425 1
266 912 1
266 949 2
266 439 4
267 517 1
267 936 1
267 586 4
267 435 2
267 948 3
267 790 1
270 381 4
272 450 2
272 662 2
272 742 1
273 306 3
273 951 4
274 951 5
275 849 7
277 772 1
277 931 2
278 712 1
278 923 1
278 454 1
280 484 4
280 629 3
280 902 2
288 629 2
288 630 1
288 391 2
289 810 1
289 899 1
290 923 1
290 617 1
293 697 1
293 724 1
294 313 3
294 586 1
294 984 2
299 832 2
299 388 1
299 788 1
300 601 1
304 441 1
306 742 3
310 343 3
311 987 3
311 955 2
313 912 3
313 946 10
313 356 1
314 929 5
314 693 1
316 630 2
316 428 2
316 367 1
316 915 1
316 952 2
316 953 2
317 441 1
318 332 1
320 1004 2
321 704 1
321 458 1
322 534 3
324 585 2
324 367 1
324 638 1
324 591 1
327 414 4
329 448 1
329 540 2
329 749 1
332 586 1
332 500 3
332 854 1
333 605 2
333 767 2
334 367 1
335 643 1
335 810 1
335 528 1
335 980 1
335 670 2
337 505 1
337 919 3
338 987 3
338 951 1
343 950 2
343 853 1
343 663 1
344 373 3
344 971 1
346 832 1
346 634 1
347 933 1
349 976 1
351 428 1
353 391 1
356 425 5
356 912 8
356 744 1
356 530 1
356 472 2
356 730 1
356 765 1
360 629 2
360 902 1
361 987 3
365 866 2
367 517 1
367 518 1
367 776 1
367 940 2
367 530 1
367 835 1
367 920 1
367 542 1
367 927 1
367 544 1
367 731 1
367 684 1
367 946 1
367 692 1
367 569 1
367 948 1
367 963 1
367 844 1
367 720 1
367 852 1
367 987 1
367 865 1
367 738 1
367 743 1
367 371 1
367 629 1
369 832 1
369 913 1
369 646 1
373 391 1
376 832 1
377 423 1
378 514 2
383 720 3
383 850 3
383 500 6
383 918 1
383 887 4
383 586 2
387 851 1
388 832 1
390 784 2
390 742 3
391 610 2
391 484 1
397 891 1
401 683 1
401 429 1
402 788 2
414 891 11
415 833 2
415 742 1
415 617 1
415 811 2
415 429 1
415 718 2
415 660 1
415 542 1
416 803 1
418 977 4
418 996 15
420 879 1
421 795 1
422 731 4
424 795 1
425 521 2
425 912 8
425 648 3
425 949 1
425 790 2
425 439 1
427 955 1
428 522 2
428 888 1
428 857 1
429 454 4
433 738 1
433 987 3
433 789 3
435 586 2
435 948 1
435 782 2
439 912 2
439 521 1
443 742 1
450 802 1
450 900 2
450 712 2
450 662 1
450 572 1
464 980 1
469 512 2
470 789 3
470 693 1
472 966 1
472 912 11
472 949 4
480 987 3
482 987 3
484 629 2
484 630 2
491 977 1
493 629 2
499 704 1
499 684 1
499 679 1
500 814 1
500 782 2
502 749 1
502 718 1
503 723 1
506 644 2
506 1001 3
506 1004 2
506 921 1
506 924 1
509 832 1
513 646 1
514 832 2
514 1001 2
514 780 2
514 977 3
514 950 2
516 850 1
517 586 2
517 542 1
518 609 2
518 962 1
518 895 7
526 629 2
526 902 3
527 720 1
530 658 1
530 629 5
530 891 4
531 987 4
534 546 1
534 550 1
534 622 1
535 913 1
540 641 1
540 994 2
540 955 7
540 840 2
540 873 1
540 874 1
540 624 3
540 692 1
540 987 6
542 646 1
543 891 1
543 971 1
544 739 1
544 669 2
545 946 17
551 895 3
561 629 2
565 684 1
565 679 1
566 772 2
568 695 1
572 802 1
573 586 1
580 669 3
580 686 1
581 703 1
581 855 1
582 987 3
586 974 3
586 751 1
586 912 1
586 782 1
586 885 1
586 984 7
586 602 1
586 730 1
591 692 2
591 638 1
595 718 1
599 693 1
602 721 1
605 693 1
607 687 1
609 909 1
614 772 2
617 923 3
624 840 1
624 789 2
628 870 1
629 750 2
629 658 2
629 685 2
629 846 2
629 630 4
629 631 2
629 891 3
630 978 2
634 832 2
638 832 1
638 790 3
638 700 4
641 987 3
641 955 1
648 721 8
654 991 4
657 921 3
659 784 1
660 951 2
662 900 2
668 720 1
671 749 1
679 684 2
680 707 1
684 704 1
687 923 1
692 742 4
692 873 2
692 749 6
692 718 2
696 935 1
698 987 4
700 988 1
700 790 1
704 765 1
706 951 1
710 832 3
718 742 1
718 754 1
718 724 1
719 828 1
719 837 2
720 935 3
720 813 3
721 948 1
721 765 1
724 1004 1
730 912 3
730 854 1
739 750 2
742 784 1
742 835 1
742 749 1
744 912 1
744 946 2
745 828 1
746 813 2
746 782 1
749 865 1
749 834 1
749 997 1
749 775 1
751 854 1
752 997 1
754 883 1
762 984 1
764 840 1
764 874 1
764 987 3
765 868 1
765 948 1
772 912 1
775 891 1
779 843 1
779 883 1
780 977 1
782 790 5
782 857 1
782 984 1
782 988 1
782 890 1
783 850 1
788 906 1
789 987 3
789 951 1
790 812 1
790 881 2
796 987 3
799 895 1
806 952 1
806 838 1
809 987 5
810 881 1
823 895 2
832 977 1
840 873 2
840 874 1
840 987 3
840 925 1
843 883 1
849 987 3
850 979 1
851 978 3
858 991 1
868 984 1
872 987 3
873 874 1
873 987 3
873 925 1
874 925 1
878 929 1
890 923 1
891 995 1
912 984 4
920 978 1
925 955 1
949 966 2
950 977 1
955 987 6
969 977 1
987 994 3
