0
1
2
3
4
5
6
7
8
9
10
11
12
13
14
15
16
17
18
19
20
21
22
23
24
25
26
27
28
29
30
31
32
33
34
35
36
37
38
39
40
41
42
43
44
45
46
47
48
49
50
51
52
53
54
55
56
57
58
59
60
61
62
63
64
65
66
67
68
69
70
71
72
73
74
75
76
77
78
79
80
81
82
83
84
85
86
87
88
89
90
91
92
93
94
95
96
97
98
99
100
101
102
103
104
105
106
107
108
109
110
111
112
113
114
115
116
117
118
119
120
121
122
123
124
125
126
127
128
129
130
131
132
133
134
135
136
137
138
139
141
142
143
144
145
146
147
148
149
150
151
152
153
154
155
157
158
159
160
161
162
163
164
165
166
167
168
169
170
171
172
173
174
175
176
177
178
179
180
181
182
183
184
185
186
187
188
189
190
191
192
193
194
195
196
197
198
199
200
201
202
203
204
205
206
207
208
209
210
211
212
213
214
215
216
217
218
219
220
221
222
223
224
225
226
227
228
229
230
231
232
233
235
236
237
238
239
240
241
242
243
244
245
246
247
248
249
250
251
252
253
254
255
256
257
259
260
262
263
264
265
266
267
268
269
270
271
272
273
274
275
276
277
278
279
280
281
282
283
284
285
286
287
288
289
290
291
292
293
294
295
296
297
299
300
301
302
303
304
305
306
307
308
309
310
311
312
313
314
315
316
317
318
319
320
321
322
323
324
325
326
327
328
329
330
331
332
333
334
335
336
337
338
339
340
341
343
344
345
346
347
348
349
350
351
352
353
355
356
357
358
359
360
361
362
364
365
366
367
368
369
370
371
372
373
374
375
376
377
378
379
380
381
382
383
384
385
386
387
388
389
390
391
392
393
394
395
396
397
398
399
400
401
402
403
404
405
406
407
408
409
410
411
412
413
414
415
416
418
419
420
421
422
423
424
425
426
427
428
429
430
431
432
433
434
435
436
437
438
439
440
441
442
443
444
445
446
447
448
449
450
451
452
453
454
455
456
457
458
459
460
461
462
464
465
466
467
468
469
470
471
472
473
474
475
476
477
478
479
480
481
482
483
484
485
486
487
488
489
490
491
492
493
495
496
497
498
499
500
501
502
503
504
505
506
507
508
509
510
511
512
513
514
515
516
517
518
519
520
521
522
523
524
525
526
527
528
530
531
532
533
534
535
536
537
538
539
540
541
542
543
544
545
546
547
548
549
550
551
552
553
554
556
557
558
559
560
561
562
563
564
565
566
567
568
569
570
571
572
573
574
575
576
577
578
579
580
581
582
583
584
585
586
587
588
589
590
591
592
593
594
595
596
597
598
599
600
601
602
603
604
605
606
607
609
610
611
612
613
614
615
616
617
618
619
621
622
623
624
625
626
627
628
629
630
631
632
633
634
635
636
637
638
639
640
641
642
643
644
645
646
647
648
649
650
651
652
653
654
655
656
657
658
659
660
661
662
663
664
665
666
667
668
669
670
671
672
673
674
675
676
677
678
679
680
681
682
683
684
685
686
687
688
689
690
691
692
693
694
695
696
697
698
699
700
701
702
703
704
705
706
707
708
709
710
711
712
713
714
715
716
717
718
719
720
721
722
723
724
725
726
727
728
729
730
731
732
733
734
735
736
737
738
739
740
741
742
743
744
745
746
747
748
749
750
751
752
753
754
756
757
758
759
760
761
762
763
764
765
767
768
769
770
771
772
773
774
775
776
777
778
779
780
781
782
783
784
785
786
787
788
789
790
791
792
793
794
795
796
797
798
799
800
801
802
803
804
805
806
807
808
809
810
811
812
813
814
815
816
817
818
819
820
821
822
823
824
825
826
827
828
829
830
831
832
833
834
835
836
837
838
839
840
841
842
843
844
845
846
847
848
849
850
851
852
853
854
855
856
857
858
859
860
861
862
863
864
865
866
867
868
869
870
871
872
873
874
875
876
877
878
879
880
881
882
883
884
885
886
887
888
889
890
891
892
893
894
895
896
897
898
899
900
901
902
903
904
905
906
907
908
909
910
911
912
913
914
915
916
917
918
919
920
921
922
923
924
925
926
927
928
929
930
931
932
933
934
935
936
937
938
939
940
941
942
943
944
945
946
947
948
949
950
951
952
953
954
955
956
957
958
960
961
962
963
964
965
966
967
968
969
970
971
972
973
974
975
976
977
978
979
980
981
982
983
984
985
986
987
988
989
990
991
992
993
994
995
996
997
998
999
1000
1001
1002
1003
1004
0 6 1
0 519 1
0 409 1
0 538 1
0 929 1
0 178 1
0 693 1
0 314 1
0 710 1
0 333 1
0 78 1
0 976 1
0 470 1
0 599 1
0 605 1
0 862 1
0 991 1
0 99 1
0 228 1
0 502 1
0 249 1
0 767 1
2 231 1
5 277 1
5 670 5
11 633 3
13 532 1
14 796 1
14 924 5
14 381 1
24 891 1
52 868 1
52 126 1
61 356 2
61 517 6
61 742 4
61 718 5
61 306 1
61 851 1
61 854 1
61 782 1
61 502 2
61 89 1
61 900 1
61 90 1
61 915 2
62 646 3
62 542 2
67 963 8
75 522 1
75 997 2
78 506 1
83 742 1
86 765 1
89 854 1
90 714 1
90 260 1
105 418 2
107 192 1
107 553 1
107 718 2
107 201 1
113 535 1
118 365 1
118 335 1
126 416 1
126 868 6
126 294 2
126 586 3
126 782 1
126 500 2
126 790 1
126 762 2
126 948 1
135 628 4
135 581 1
135 942 3
135 855 1
137 581 1
153 977 1
153 836 2
157 517 1
159 742 1
161 771 1
166 762 1
166 517 1
168 556 1
168 949 1
173 657 2
173 506 1
178 862 2
192 506 1
199 506 3
199 644 3
208 977 1
208 236 1
208 783 1
214 997 1
214 742 1
220 833 2
232 949 1
232 765 3
233 692 2
239 742 1
248 506 2
248 364 1
248 607 1
250 886 1
251 987 1
264 329 1
267 648 1
267 517 1
267 478 1
267 751 1
289 810 3
289 506 1
293 862 3
294 648 1
306 742 4
329 692 1
332 500 1
335 898 3
335 899 3
356 586 1
356 868 3
356 854 1
356 743 2
362 841 2
362 573 1
362 383 1
364 506 1
369 913 1
369 485 3
369 535 2
379 862 1
381 980 1
381 532 5
381 670 4
383 887 3
404 506 1
410 1001 1
414 746 1
414 891 2
414 687 1
415 963 1
416 648 1
416 868 2
416 949 2
418 996 4
425 648 1
433 849 1
433 994 2
433 987 1
433 540 3
433 789 1
443 742 2
478 517 1
480 506 1
485 854 1
500 814 8
506 576 4
506 899 1
506 644 1
506 929 1
506 775 1
506 745 1
506 688 1
506 657 4
506 828 1
506 767 1
516 532 2
516 783 1
517 674 1
517 803 2
517 900 1
517 742 1
517 648 1
517 718 1
517 751 1
517 915 1
517 565 1
517 854 2
517 542 1
522 546 1
522 746 1
528 765 1
530 891 3
531 987 2
534 862 3
541 924 10
541 719 2
542 765 1
546 803 1
546 550 1
547 862 2
568 742 2
570 765 1
576 657 2
586 762 3
591 742 1
602 743 1
605 1001 2
605 728 1
605 685 3
605 670 1
607 997 1
617 776 1
629 891 2
630 685 1
643 685 3
644 924 4
644 702 1
648 868 3
648 912 1
648 946 2
648 948 1
648 885 1
648 790 2
648 984 1
654 738 1
659 742 1
662 862 1
663 950 2
685 1001 6
685 898 2
687 940 1
687 742 1
721 765 2
730 868 1
737 849 1
738 760 3
738 837 1
742 923 1
742 784 2
742 915 1
762 984 2
765 868 2
774 947 45
810 881 3
841 935 1
868 984 1
868 889 1
912 949 1
