0
1
2
3
4
5
6
7
8
9
10
11
12
13
14
15
16
17
18
19
20
21
22
23
24
25
26
27
28
29
30
31
32
33
34
35
36
37
38
39
40
41
42
43
44
45
46
47
48
49
50
51
52
53
54
55
56
57
58
59
60
61
62
63
64
65
66
67
68
69
70
71
72
73
74
75
76
77
78
79
80
81
82
83
84
85
86
87
88
89
90
91
92
93
94
95
96
97
98
99
100
101
102
103
104
105
106
107
108
109
110
111
112
113
114
115
116
117
118
119
120
121
122
123
124
125
126
127
128
129
130
131
132
133
134
135
136
137
138
139
141
142
143
144
145
146
147
148
149
150
151
152
153
154
155
157
158
159
160
161
162
163
164
165
166
167
168
169
170
171
172
173
174
175
176
177
178
179
180
181
182
183
184
185
186
187
188
189
190
191
192
193
194
195
196
197
198
199
200
201
202
203
204
205
206
207
208
209
210
211
212
213
214
215
216
217
218
219
220
221
222
223
224
225
226
227
228
229
230
231
232
233
235
236
237
238
239
240
241
242
243
244
245
246
247
248
249
250
251
252
253
254
255
256
257
259
260
262
263
264
265
266
267
268
269
270
271
272
273
274
275
276
277
278
279
280
281
282
283
284
285
286
287
288
289
290
291
292
293
294
295
296
297
299
300
301
302
303
304
305
306
307
308
309
310
311
312
313
314
315
316
317
318
319
320
321
322
323
324
325
326
327
328
329
330
331
332
333
334
335
336
337
338
339
340
341
343
344
345
346
347
348
349
350
351
352
353
355
356
357
358
359
360
361
362
364
365
366
367
368
369
370
371
372
373
374
375
376
377
378
379
380
381
382
383
384
385
386
387
388
389
390
391
392
393
394
395
396
397
398
399
400
401
402
403
404
405
406
407
408
409
410
411
412
413
414
415
416
418
419
420
421
422
423
424
425
426
427
428
429
430
431
432
433
434
435
436
437
438
439
440
441
442
443
444
445
446
447
448
449
450
451
452
453
454
455
456
457
458
459
460
461
462
464
465
466
467
468
469
470
471
472
473
474
475
476
477
478
479
480
481
482
483
484
485
486
487
488
489
490
491
492
493
495
496
497
498
499
500
501
502
503
504
505
506
507
508
509
510
511
512
513
514
515
516
517
518
519
520
521
522
523
524
525
526
527
528
530
531
532
533
534
535
536
537
538
539
540
541
542
543
544
545
546
547
548
549
550
551
552
553
554
556
557
558
559
560
561
562
563
564
565
566
567
568
569
570
571
572
573
574
575
576
577
578
579
580
581
582
583
584
585
586
587
588
589
590
591
592
593
594
595
596
597
598
599
600
601
602
603
604
605
606
607
609
610
611
612
613
614
615
616
617
618
619
621
622
623
624
625
626
627
628
629
630
631
632
633
634
635
636
637
638
639
640
641
642
643
644
645
646
647
648
649
650
651
652
653
654
655
656
657
658
659
660
661
662
663
664
665
666
667
668
669
670
671
672
673
674
675
676
677
678
679
680
681
682
683
684
685
686
687
688
689
690
691
692
693
694
695
696
697
698
699
700
701
702
703
704
705
706
707
708
709
710
711
712
713
714
715
716
717
718
719
720
721
722
723
724
725
726
727
728
729
730
731
732
733
734
735
736
737
738
739
740
741
742
743
744
745
746
747
748
749
750
751
752
753
754
756
757
758
759
760
761
762
763
764
765
767
768
769
770
771
772
773
774
775
776
777
778
779
780
781
782
783
784
785
786
787
788
789
790
791
792
793
794
795
796
797
798
799
800
801
802
803
804
805
806
807
808
809
810
811
812
813
814
815
816
817
818
819
820
821
822
823
824
825
826
827
828
829
830
831
832
833
834
835
836
837
838
839
840
841
842
843
844
845
846
847
848
849
850
851
852
853
854
855
856
857
858
859
860
861
862
863
864
865
866
867
868
869
870
871
872
873
874
875
876
877
878
879
880
881
882
883
884
885
886
887
888
889
890
891
892
893
894
895
896
897
898
899
900
901
902
903
904
905
906
907
908
909
910
911
912
913
914
915
916
917
918
919
920
921
922
923
924
925
926
927
928
929
930
931
932
933
934
935
936
937
938
939
940
941
942
943
944
945
946
947
948
949
950
951
952
953
954
955
956
957
958
960
961
962
963
964
965
966
967
968
969
970
971
972
973
974
975
976
977
978
979
980
981
982
983
984
985
986
987
988
989
990
991
992
993
994
995
996
997
998
999
1000
1001
1002
1003
1004
0 6 1
0 519 1
0 409 1
0 538 1
0 929 1
0 178 3
0 693 1
0 314 1
0 189 1
0 710 1
0 716 1
0 333 1
0 78 1
0 976 1
0 470 1
0 599 1
0 732 1
0 605 2
0 862 1
0 991 1
0 99 1
0 228 1
0 883 1
0 502 1
0 249 1
0 767 1
2 812 1
2 638 1
2 790 2
2 535 4
2 923 1
2 126 1
4 135 3
5 491 1
5 553 1
5 586 1
5 107 2
5 175 1
5 335 1
5 29 1
6 178 2
6 334 2
7 810 2
8 544 1
8 731 1
13 783 1
13 951 4
14 1001 1
14 410 2
14 924 5
14 719 1
15 680 3
15 731 8
15 422 4
16 184 1
16 101 2
16 102 1
16 951 2
17 316 2
17 165 1
19 333 1
24 493 2
24 846 1
24 909 4
24 530 8
24 629 4
24 891 8
25 48 1
25 956 1
25 318 1
28 987 3
29 107 1
29 808 5
29 491 1
29 724 1
29 249 3
30 313 1
30 885 2
30 743 2
31 424 4
31 428 2
31 915 1
31 316 2
31 165 7
32 184 1
32 921 1
32 214 1
32 791 4
35 978 2
35 469 1
35 207 1
38 832 4
38 184 1
38 586 2
38 324 2
39 923 1
41 73 5
41 48 1
41 723 3
41 565 1
41 758 1
41 956 1
42 649 2
42 323 2
42 534 2
42 951 1
46 310 4
48 458 1
48 558 2
48 216 1
48 956 1
48 319 1
49 248 1
50 559 1
52 912 2
52 948 3
52 868 5
52 201 1
53 120 1
53 193 1
53 923 1
53 443 1
53 609 1
56 587 1
56 101 3
56 987 3
58 586 2
58 90 2
58 909 3
60 187 1
61 674 2
61 517 6
61 742 3
61 243 4
61 502 1
61 522 4
61 167 1
61 802 2
61 334 1
61 141 2
61 851 7
61 718 15
61 398 1
61 663 2
61 782 2
61 915 1
62 571 2
62 163 3
62 485 2
62 646 3
62 535 2
62 214 1
62 823 2
62 120 2
62 250 2
62 799 1
62 542 1
62 159 2
65 193 1
67 963 8
67 165 8
67 391 4
67 846 3
67 207 2
67 344 4
68 987 3
68 724 1
69 879 1
70 752 1
70 90 1
70 324 1
70 310 1
73 672 1
73 723 2
74 674 5
74 166 4
74 294 5
74 232 2
74 362 2
74 112 4
74 392 6
74 984 1
74 313 3
75 772 1
75 147 4
75 948 4
78 929 1
78 178 2
78 951 1
82 184 1
82 83 1
83 400 1
83 771 2
83 901 1
83 870 2
83 784 4
83 855 1
83 697 2
83 863 1
86 152 1
86 443 3
86 662 2
90 865 1
90 891 1
90 742 1
90 1001 1
90 746 1
90 1003 1
90 940 3
90 530 1
90 720 1
90 850 1
90 116 5
90 629 1
90 692 1
90 923 1
90 125 2
90 191 1
91 779 1
91 292 1
92 428 2
92 316 2
92 165 1
95 987 3
98 592 2
98 401 1
98 429 1
99 929 1
99 178 2
99 599 1
101 225 2
101 866 5
101 779 2
101 996 2
101 710 2
101 897 2
101 184 2
101 716 2
101 423 3
101 876 2
101 685 3
101 175 2
101 849 2
101 275 2
101 724 4
101 149 2
101 246 2
101 883 2
101 127 2
103 832 1
103 514 1
103 663 2
104 425 65
104 908 1
104 721 1
105 418 8
106 322 2
106 740 3
106 950 2
107 192 1
107 898 1
107 899 1
107 1004 1
107 664 1
107 537 1
107 670 2
107 415 1
107 289 1
107 553 2
107 175 1
107 688 1
107 951 2
107 320 1
107 201 1
107 335 3
107 208 1
107 468 1
107 985 1
107 737 1
107 236 2
107 464 2
107 118 2
107 980 1
107 381 2
112 224 2
112 674 5
112 803 1
112 166 3
112 232 2
112 267 1
112 392 4
112 948 3
112 313 3
112 700 2
112 126 1
114 275 2
114 716 1
119 465 1
119 700 1
119 812 1
120 772 1
120 198 1
120 586 2
120 190 1
120 687 1
120 948 7
120 196 1
120 566 2
120 823 1
120 857 2
120 923 5
122 469 2
126 166 2
126 294 8
126 232 2
126 586 10
126 782 2
126 948 5
126 790 10
126 984 1
126 573 1
127 754 1
127 334 1
127 415 1
133 416 2
133 602 2
134 592 5
134 232 1
135 742 4
135 936 2
135 337 2
135 628 4
135 405 1
135 692 1
135 317 3
136 200 2
136 344 1
136 952 2
136 316 2
136 165 1
138 383 1
139 1001 2
141 241 2
141 978 2
141 469 1
141 630 2
141 188 5
142 915 1
142 316 2
142 165 1
143 544 1
143 235 1
143 731 1
147 416 3
147 577 9
147 931 1
147 933 1
147 972 1
147 171 1
147 748 1
147 590 1
147 752 3
147 355 1
147 277 2
147 347 5
147 285 1
147 926 1
147 686 1
149 716 2
150 415 1
151 609 1
151 290 1
151 923 3
151 253 1
153 977 6
153 418 3
153 996 3
157 577 3
157 740 1
157 933 2
157 746 1
157 171 1
157 718 2
157 277 1
157 590 2
157 184 1
157 347 4
157 285 2
157 415 2
159 577 1
159 742 2
159 713 1
159 746 2
159 214 3
159 920 1
159 923 1
159 703 2
160 165 4
160 586 2
160 687 1
160 530 1
160 629 5
160 571 3
161 586 2
161 571 1
163 913 4
163 646 2
165 647 1
165 915 1
165 543 1
165 428 1
165 302 1
165 952 1
165 953 1
165 316 9
165 200 1
165 586 2
165 971 1
165 344 8
165 857 1
165 990 2
165 401 6
166 416 1
166 674 5
166 803 3
166 294 2
166 392 4
166 759 3
166 313 1
166 765 2
167 851 2
167 978 2
167 547 1
167 469 2
168 416 7
168 260 4
168 966 4
168 232 9
168 425 7
168 266 8
168 912 22
168 984 2
168 948 3
168 949 22
168 790 3
168 439 8
168 472 14
171 577 1
171 347 1
171 590 1
173 506 1
175 582 2
178 214 2
178 915 1
178 280 1
178 409 3
178 538 2
178 929 4
178 295 2
178 687 1
178 693 7
178 569 2
178 314 3
178 188 1
178 189 1
178 710 2
178 333 2
178 976 8
178 339 2
178 470 2
178 599 6
178 605 3
178 862 6
178 991 2
178 228 2
178 502 4
178 249 2
178 767 2
181 537 2
181 724 1
181 190 3
184 259 1
184 388 1
184 393 1
184 522 1
184 907 1
184 279 1
184 538 1
184 410 1
184 296 1
184 426 1
184 201 1
184 189 1
184 708 1
184 710 1
184 711 1
184 969 1
184 843 2
184 333 1
184 718 1
184 977 1
184 724 1
184 732 1
184 862 1
184 607 1
184 225 1
184 615 1
184 999 1
184 1004 1
184 365 1
184 701 1
184 754 1
184 883 1
184 884 1
184 246 1
184 505 1
185 684 2
185 915 3
185 502 1
185 248 3
185 762 2
185 670 2
188 614 2
188 200 1
188 687 1
188 978 2
188 851 1
188 469 1
188 862 1
189 969 1
189 687 1
189 377 1
189 316 1
189 862 1
190 353 3
190 656 5
190 274 3
190 373 3
192 506 1
192 381 1
193 923 2
193 614 1
193 617 1
193 714 2
193 850 1
193 987 1
193 443 1
194 951 1
200 971 4
200 687 1
200 344 3
200 915 2
200 952 2
200 857 1
200 316 3
207 424 1
207 847 1
207 978 2
207 469 1
207 630 3
207 954 1
207 957 2
214 720 1
214 290 4
214 443 2
214 742 2
214 935 1
214 746 2
214 577 1
214 334 1
214 687 1
214 912 3
214 278 1
214 951 3
214 923 3
216 321 1
216 956 1
216 558 1
223 746 2
223 343 2
223 415 1
224 316 1
224 349 3
228 314 1
228 605 2
229 306 1
231 264 1
231 874 3
231 987 3
231 338 1
232 425 9
232 912 2
232 946 8
232 949 4
232 790 5
232 472 20
232 586 1
233 923 4
233 692 9
233 687 1
235 923 2
239 656 2
239 595 3
239 923 1
239 951 2
241 469 1
243 742 2
243 517 1
245 264 3
245 540 2
245 874 3
245 951 2
245 987 3
245 764 1
246 423 1
248 684 1
248 915 1
248 502 1
248 762 1
248 670 1
248 415 2
249 605 1
250 369 1
250 542 1
251 987 3
253 290 1
253 566 1
255 577 3
256 416 2
256 313 1
256 294 2
257 586 2
262 810 1
264 329 1
264 586 2
264 644 1
266 912 5
266 416 1
267 586 2
267 526 2
267 912 5
267 530 3
267 435 1
267 948 3
272 450 1
272 900 2
272 662 2
273 951 2
274 817 1
277 577 1
277 700 1
278 609 1
278 923 5
278 415 1
280 530 1
280 629 4
280 862 1
280 687 1
284 731 2
284 422 1
285 577 2
288 484 8
288 773 8
288 391 8
288 493 8
288 846 10
288 561 7
288 530 1
288 629 11
288 630 5
288 445 8
290 425 2
290 671 1
291 401 1
291 1003 2
291 429 1
293 547 3
293 724 2
293 605 1
294 416 1
294 782 2
294 885 1
294 790 1
294 984 5
294 313 4
294 762 1
294 586 3
294 447 1
299 509 2
301 978 4
301 469 1
301 493 5
302 316 2
304 441 3
304 860 1
306 334 2
307 586 2
310 706 2
310 586 5
310 943 3
310 402 1
310 343 3
310 362 3
310 735 1
311 697 1
311 987 3
311 955 1
313 416 1
313 356 2
313 912 1
313 948 1
313 885 1
313 472 3
314 929 2
314 333 1
314 599 5
314 538 1
314 605 3
314 767 1
316 647 1
316 915 3
316 543 2
316 428 2
316 952 2
316 953 3
316 838 1
316 971 2
316 344 2
316 857 3
316 349 1
316 990 2
316 629 1
319 1002 4
319 558 1
321 565 4
322 740 1
322 534 1
322 638 7
322 879 1
324 586 1
326 586 1
326 587 1
329 692 1
329 819 1
329 364 1
329 624 1
332 425 1
332 500 3
332 782 4
333 605 1
333 767 2
334 742 4
334 718 3
334 687 3
334 851 1
334 692 7
334 534 2
334 415 1
334 607 2
335 643 3
335 381 3
337 505 1
337 617 1
338 624 2
338 987 3
338 540 2
343 943 1
343 950 2
343 663 2
347 577 1
347 715 1
347 933 2
347 748 1
347 590 1
349 976 6
349 428 2
353 391 1
355 577 1
356 425 1
356 586 1
356 912 3
356 984 1
356 383 1
360 530 1
360 629 3
361 987 3
362 512 2
362 803 1
362 491 1
362 371 1
362 383 3
367 923 1
369 913 3
369 535 2
371 860 1
376 601 1
377 977 1
377 410 1
377 457 3
378 514 1
379 947 1
381 468 1
383 867 1
383 589 1
383 720 4
383 595 1
383 891 1
388 832 4
388 718 1
388 534 1
388 634 2
388 638 3
391 629 2
392 948 2
392 674 7
394 571 1
401 454 2
401 429 3
401 415 3
404 700 1
409 977 2
409 605 1
410 832 1
410 719 1
414 923 4
415 517 2
415 783 1
415 923 1
415 542 2
415 429 3
415 687 1
415 692 1
415 670 2
415 833 3
415 450 2
415 587 1
415 462 4
415 591 1
415 851 2
415 718 1
415 742 2
415 617 1
415 595 1
416 868 2
416 617 2
416 912 1
416 946 1
416 948 5
416 949 5
416 586 4
416 426 1
418 996 4
418 977 6
421 424 2
421 978 2
421 795 1
421 469 1
422 731 5
423 977 2
424 978 2
424 469 1
424 795 1
425 517 1
425 586 4
425 765 4
425 946 7
425 472 1
425 730 3
425 602 1
427 955 2
428 915 6
428 857 1
428 990 1
429 454 1
432 987 3
432 468 1
433 849 4
433 994 2
433 987 4
433 540 3
439 912 1
440 737 1
441 700 1
443 662 2
443 742 2
443 743 2
443 602 2
444 535 5
445 629 2
447 586 1
447 790 2
450 900 2
450 712 4
450 595 2
450 662 1
450 571 1
454 592 1
458 577 1
465 890 2
465 499 1
465 629 4
466 662 2
469 547 1
469 614 1
469 817 1
469 978 2
469 851 1
469 954 1
469 795 1
469 957 1
470 605 1
471 752 1
472 782 3
472 912 1
472 984 1
476 923 1
479 586 2
479 716 3
480 977 5
480 987 3
482 531 1
482 987 5
484 530 2
484 629 2
485 854 1
485 799 1
493 750 2
493 530 2
493 629 6
493 630 1
497 773 2
499 558 1
499 758 4
500 782 2
502 746 1
502 687 1
502 915 1
502 605 1
502 862 1
503 704 1
503 956 2
506 1001 1
506 644 1
512 978 2
514 832 1
514 1001 1
514 780 1
514 977 3
514 950 4
516 924 5
516 804 4
516 881 2
516 532 2
516 828 1
517 586 1
517 718 6
517 948 2
526 561 2
526 530 1
526 629 3
527 771 1
527 870 1
528 923 2
530 658 1
530 915 1
530 685 1
530 687 1
530 561 1
530 571 5
530 846 1
530 746 2
530 750 1
530 629 9
530 630 9
530 631 1
530 891 3
531 987 3
532 576 1
534 939 3
534 879 1
534 851 1
534 571 1
534 746 3
538 605 1
540 641 1
540 994 14
540 955 3
540 836 1
540 874 3
540 855 2
540 624 4
540 849 1
540 951 11
540 697 5
540 987 6
541 921 1
542 746 1
542 687 1
542 854 1
542 799 1
543 951 1
544 739 1
544 580 1
544 741 1
544 563 1
544 791 1
544 669 1
546 731 1
546 844 1
547 978 2
547 851 1
550 812 3
551 799 1
552 978 2
558 704 1
558 684 1
558 565 1
558 956 1
561 846 6
561 629 3
563 731 7
565 844 1
565 679 1
566 772 2
567 586 1
569 605 1
571 900 2
571 742 7
571 870 2
571 935 2
571 776 2
571 684 3
571 813 19
571 885 1
571 663 3
577 931 2
577 933 3
577 715 1
577 972 1
577 748 1
577 590 1
577 686 1
577 926 3
582 994 5
582 987 3
584 731 2
586 782 2
586 912 5
586 947 2
586 948 2
586 735 2
586 837 2
586 602 1
586 617 3
586 885 2
586 762 2
586 765 1
591 746 1
591 718 1
592 609 2
592 948 4
595 934 3
595 746 1
595 718 5
595 790 4
595 696 1
599 929 1
599 605 1
602 743 6
603 622 1
605 929 1
605 710 1
605 1001 1
605 685 2
605 693 3
605 862 1
609 944 1
609 963 1
609 617 1
609 687 1
609 633 2
609 890 1
609 923 9
614 978 2
614 988 1
617 923 2
629 658 3
629 685 3
629 687 1
629 846 3
629 750 3
629 630 3
629 631 3
629 890 1
629 891 7
630 685 1
630 773 3
630 668 1
630 894 1
633 923 4
634 788 7
634 638 1
638 832 2
638 790 1
638 950 1
638 663 2
638 700 1
641 987 3
644 738 1
644 783 1
646 799 1
648 765 3
650 682 2
650 828 1
650 738 1
650 654 1
650 783 1
654 682 1
654 837 1
662 900 1
663 951 3
663 950 2
665 746 1
668 935 4
668 746 5
668 813 1
668 720 3
668 915 1
672 946 1
672 956 2
674 948 2
680 731 2
682 738 1
682 783 1
684 844 1
684 956 2
685 1001 1
687 900 1
687 915 1
687 923 5
687 823 1
687 857 1
687 862 1
687 742 1
687 746 1
692 746 2
692 923 2
693 977 2
696 731 1
697 771 1
697 855 2
697 925 1
698 987 3
700 812 1
700 782 1
700 750 1
700 920 2
700 956 6
702 1001 1
703 771 9
703 935 2
704 743 7
706 951 2
707 923 2
707 951 4
710 929 1
715 926 1
718 742 3
718 883 4
718 746 1
718 843 1
718 724 6
718 980 2
718 851 5
718 731 3
720 935 14
720 746 9
720 813 3
720 915 1
721 765 5
723 758 2
724 883 9
730 912 4
730 868 3
731 739 1
731 870 1
731 789 4
731 797 1
735 879 1
738 951 1
740 832 1
740 788 1
742 851 1
746 775 1
746 915 3
746 920 1
746 935 9
746 813 5
746 851 1
748 926 1
751 948 2
758 844 1
758 956 1
764 994 1
764 874 3
764 987 3
765 868 2
765 912 3
765 946 3
767 929 1
772 923 2
773 955 1
774 947 102
780 977 1
782 868 1
782 984 4
787 909 6
789 987 3
790 868 1
790 812 1
790 956 3
791 862 1
795 978 2
799 823 1
799 895 4
803 948 2
809 987 3
810 881 1
813 935 5
813 915 1
817 978 2
840 874 3
840 987 3
849 994 2
849 987 4
849 925 1
851 978 4
854 948 2
857 915 2
862 909 1
868 889 2
870 935 1
872 987 3
873 874 3
873 987 3
875 923 1
880 923 2
890 923 3
890 948 1
912 948 1
912 949 5
912 923 2
915 935 1
915 920 1
921 977 2
923 951 2
925 987 3
925 955 2
948 949 2
950 977 2
951 957 1
953 957 1
954 978 2
955 987 5
957 978 2
977 996 1
977 1004 4
978 988 2
987 994 3
