0
1
2
3
4
5
6
7
8
9
10
11
12
13
14
15
16
17
18
19
20
21
22
23
24
25
26
27
28
29
30
31
32
33
34
35
36
37
38
39
40
41
42
43
44
45
46
47
48
49
50
51
52
53
54
55
56
57
58
59
60
61
62
63
64
65
66
67
68
69
70
71
72
73
74
75
76
77
78
79
80
81
82
83
84
85
86
87
88
89
90
91
92
93
94
95
96
97
98
99
100
101
102
103
104
105
106
107
108
109
110
111
112
113
114
115
116
117
118
119
120
121
122
123
124
125
126
127
128
129
130
131
132
133
134
135
136
137
138
139
141
142
143
144
145
146
147
148
149
150
151
152
153
154
155
157
158
159
160
161
162
163
164
165
166
167
168
169
170
171
172
173
174
175
176
177
178
179
180
181
182
183
184
185
186
187
188
189
190
191
192
193
194
195
196
197
198
199
200
201
202
203
204
205
206
207
208
209
210
211
212
213
214
215
216
217
218
219
220
221
222
223
224
225
226
227
228
229
230
231
232
233
235
236
237
238
239
240
241
242
243
244
245
246
247
248
249
250
251
252
253
254
255
256
257
259
260
262
263
264
265
266
267
268
269
270
271
272
273
274
275
276
277
278
279
280
281
282
283
284
285
286
287
288
289
290
291
292
293
294
295
296
297
299
300
301
302
303
304
305
306
307
308
309
310
311
312
313
314
315
316
317
318
319
320
321
322
323
324
325
326
327
328
329
330
331
332
333
334
335
336
337
338
339
340
341
343
344
345
346
347
348
349
350
351
352
353
355
356
357
358
359
360
361
362
364
365
366
367
368
369
370
371
372
373
374
375
376
377
378
379
380
381
382
383
384
385
386
387
388
389
390
391
392
393
394
395
396
397
398
399
400
401
402
403
404
405
406
407
408
409
410
411
412
413
414
415
416
418
419
420
421
422
423
424
425
426
427
428
429
430
431
432
433
434
435
436
437
438
439
440
441
442
443
444
445
446
447
448
449
450
451
452
453
454
455
456
457
458
459
460
461
462
464
465
466
467
468
469
470
471
472
473
474
475
476
477
478
479
480
481
482
483
484
485
486
487
488
489
490
491
492
493
495
496
497
498
499
500
501
502
503
504
505
506
507
508
509
510
511
512
513
514
515
516
517
518
519
520
521
522
523
524
525
526
527
528
530
531
532
533
534
535
536
537
538
539
540
541
542
543
544
545
546
547
548
549
550
551
552
553
554
556
557
558
559
560
561
562
563
564
565
566
567
568
569
570
571
572
573
574
575
576
577
578
579
580
581
582
583
584
585
586
587
588
589
590
591
592
593
594
595
596
597
598
599
600
601
602
603
604
605
606
607
609
610
611
612
613
614
615
616
617
618
619
621
622
623
624
625
626
627
628
629
630
631
632
633
634
635
636
637
638
639
640
641
642
643
644
645
646
647
648
649
650
651
652
653
654
655
656
657
658
659
660
661
662
663
664
665
666
667
668
669
670
671
672
673
674
675
676
677
678
679
680
681
682
683
684
685
686
687
688
689
690
691
692
693
694
695
696
697
698
699
700
701
702
703
704
705
706
707
708
709
710
711
712
713
714
715
716
717
718
719
720
721
722
723
724
725
726
727
728
729
730
731
732
733
734
735
736
737
738
739
740
741
742
743
744
745
746
747
748
749
750
751
752
753
754
756
757
758
759
760
761
762
763
764
765
767
768
769
770
771
772
773
774
775
776
777
778
779
780
781
782
783
784
785
786
787
788
789
790
791
792
793
794
795
796
797
798
799
800
801
802
803
804
805
806
807
808
809
810
811
812
813
814
815
816
817
818
819
820
821
822
823
824
825
826
827
828
829
830
831
832
833
834
835
836
837
838
839
840
841
842
843
844
845
846
847
848
849
850
851
852
853
854
855
856
857
858
859
860
861
862
863
864
865
866
867
868
869
870
871
872
873
874
875
876
877
878
879
880
881
882
883
884
885
886
887
888
889
890
891
892
893
894
895
896
897
898
899
900
901
902
903
904
905
906
907
908
909
910
911
912
913
914
915
916
917
918
919
920
921
922
923
924
925
926
927
928
929
930
931
932
933
934
935
936
937
938
939
940
941
942
943
944
945
946
947
948
949
950
951
952
953
954
955
956
957
958
960
961
962
963
964
965
966
967
968
969
970
971
972
973
974
975
976
977
978
979
980
981
982
983
984
985
986
987
988
989
990
991
992
993
994
995
996
997
998
999
1000
1001
1002
1003
1004
0 228 1
0 710 1
0 6 3
0 295 1
0 502 1
0 599 1
0 333 2
0 78 1
0 605 1
0 976 1
0 693 1
0 470 1
0 409 1
0 249 2
0 538 1
0 767 1
0 732 1
0 189 4
0 862 1
0 991 1
1 337 2
1 310 1
2 872 1
2 790 2
2 854 1
4 848 5
4 456 2
4 135 3
5 808 1
5 553 1
5 228 1
5 670 1
6 772 1
6 333 1
7 810 4
8 120 1
12 527 1
13 532 1
14 644 1
14 796 1
14 199 1
14 1001 2
14 173 1
14 724 1
14 506 1
14 924 1
14 381 2
14 702 4
15 680 7
15 731 8
15 422 7
16 522 1
16 410 1
16 19 1
16 546 1
16 127 2
24 136 1
24 493 2
24 530 9
24 629 1
24 280 1
24 891 29
24 189 4
25 684 1
28 987 2
30 256 5
30 416 1
30 356 4
30 648 3
30 845 2
30 104 1
30 885 1
30 313 1
30 472 1
30 868 3
30 765 3
31 200 3
31 165 10
31 990 5
32 977 1
32 891 1
32 214 4
32 534 1
35 188 3
37 232 4
37 313 1
37 356 1
38 843 1
38 388 2
38 534 1
40 609 1
40 450 3
40 772 1
40 198 1
40 712 2
40 272 1
40 466 1
40 947 1
40 662 1
40 695 1
40 568 2
40 900 4
40 187 3
40 572 3
41 723 2
42 402 1
45 227 6
46 622 1
48 956 1
50 402 2
50 559 1
52 472 1
52 586 1
52 356 2
53 633 1
53 190 2
53 193 2
56 987 4
58 909 2
61 159 1
61 692 1
61 517 1
61 718 4
61 591 3
62 542 1
62 646 1
66 227 12
67 344 3
67 561 3
67 963 11
67 165 10
67 207 2
68 987 2
69 399 1
70 164 1
70 91 1
70 772 4
70 334 2
71 595 4
72 193 1
72 546 1
73 499 2
73 679 1
74 256 2
74 133 2
74 294 2
74 648 2
74 586 4
74 332 2
74 885 2
74 984 2
74 313 2
74 266 3
74 447 2
75 220 6
75 178 1
75 772 2
76 399 4
77 912 1
77 168 1
78 333 1
82 267 1
82 628 3
82 135 4
83 784 1
84 534 1
86 443 16
86 662 1
90 482 2
90 771 3
90 997 1
90 650 1
90 178 1
90 850 1
90 214 1
91 416 1
91 356 4
95 987 2
96 634 1
96 420 5
97 456 1
98 707 12
98 454 6
98 134 10
98 713 14
98 107 13
98 268 14
98 429 7
98 592 10
98 401 11
98 291 3
98 117 13
98 278 3
101 377 5
101 866 3
101 246 2
102 323 2
103 950 1
103 423 6
104 765 2
106 402 2
106 634 1
106 950 1
106 229 1
107 772 3
107 201 1
107 810 2
107 236 2
107 464 1
107 980 1
107 120 1
107 537 1
111 845 1
112 674 7
112 356 5
112 517 3
112 392 12
112 267 8
112 472 5
112 313 3
113 646 1
113 927 4
117 268 2
117 454 1
118 553 1
118 365 2
118 502 1
119 880 1
120 544 1
120 865 1
120 197 1
120 987 1
120 772 1
120 997 1
120 703 5
120 718 1
120 977 2
120 178 1
120 147 1
120 629 1
120 823 1
120 920 1
120 927 1
120 189 1
120 190 1
120 127 2
122 410 1
126 586 2
127 772 4
127 293 1
127 423 3
127 716 3
127 883 4
127 724 1
127 189 7
133 356 5
133 232 1
133 168 1
133 313 1
133 602 3
134 592 4
134 291 2
134 923 1
134 454 2
135 692 3
135 528 1
135 581 19
135 870 5
135 609 1
135 549 4
135 942 2
135 720 5
135 742 2
135 371 3
135 628 9
135 772 6
135 923 3
135 703 3
136 165 1
136 838 3
136 200 15
136 267 1
136 424 1
136 316 1
141 188 1
141 772 1
143 696 1
143 796 1
147 171 2
147 157 1
147 454 1
149 716 2
150 718 2
151 290 1
151 253 1
152 443 1
153 769 1
153 482 1
153 996 1
153 1001 2
153 418 1
153 977 7
153 410 1
157 772 1
157 926 2
159 776 1
159 290 1
159 214 3
159 607 1
161 900 3
164 950 1
165 424 2
165 401 12
165 344 4
165 316 5
165 990 2
166 416 2
166 356 2
166 743 2
166 586 3
166 845 1
166 765 1
166 602 1
166 762 2
167 978 1
168 196 1
168 356 1
168 266 1
168 845 2
168 912 3
168 949 2
168 439 2
168 984 2
168 260 7
168 447 2
169 372 1
170 720 1
170 697 3
171 347 1
171 277 1
171 590 1
171 933 1
173 506 4
173 541 1
175 849 2
175 410 1
178 482 1
178 228 1
178 976 1
178 502 2
178 772 2
178 762 1
178 767 1
181 537 3
181 724 2
181 190 1
184 843 1
186 256 2
186 648 1
186 267 2
186 517 2
187 450 1
188 656 7
188 978 5
188 502 2
188 920 3
189 772 1
189 200 3
189 883 1
189 718 1
189 595 8
189 502 3
189 410 2
189 731 6
190 353 1
190 772 1
190 656 2
190 274 1
190 373 1
191 830 1
192 381 1
193 512 2
193 546 1
193 612 2
193 550 2
193 334 1
193 850 1
193 633 1
194 769 2
194 863 2
194 399 2
194 901 2
194 229 2
196 912 1
196 291 1
196 454 2
197 546 1
197 923 2
199 506 2
199 541 1
200 428 2
200 530 2
200 883 1
200 952 3
200 316 3
201 772 1
204 586 1
206 638 1
207 469 1
209 356 1
209 765 1
214 230 1
214 290 3
214 388 2
214 278 1
214 742 1
214 935 1
214 776 2
214 687 1
214 464 2
214 712 5
214 534 1
214 923 1
214 316 3
214 765 3
216 321 1
216 956 2
216 558 1
220 546 2
220 772 1
220 334 1
220 987 1
220 607 1
223 772 1
223 853 1
228 333 1
228 605 4
231 448 1
231 738 2
231 245 1
231 921 2
231 698 3
231 987 2
232 966 2
232 648 1
232 305 1
232 472 2
232 313 2
232 575 2
235 923 2
236 537 2
239 522 1
245 264 2
245 698 3
245 987 2
245 671 2
246 377 1
246 724 1
246 710 2
246 423 1
248 692 1
248 772 1
248 591 1
249 333 1
250 535 1
250 646 1
250 927 4
251 410 1
251 987 2
251 671 1
253 290 1
253 566 1
256 416 2
256 356 6
256 517 2
256 294 2
256 648 1
256 267 3
256 478 1
256 313 2
257 454 1
257 566 1
260 266 2
263 369 1
266 699 1
267 517 4
267 648 1
267 586 8
267 628 1
267 280 1
267 478 1
268 291 1
268 454 4
268 713 1
268 633 2
272 900 2
274 630 1
275 849 2
275 327 1
278 454 1
278 566 1
280 772 1
280 502 2
280 978 1
280 920 1
280 530 3
280 851 1
280 629 3
280 630 1
280 388 4
280 915 1
281 905 1
281 978 1
284 680 1
284 731 2
288 629 1
290 566 1
291 454 9
291 713 1
291 401 5
292 772 1
293 546 1
293 883 2
293 862 8
294 416 1
294 868 1
294 782 3
294 885 1
294 762 1
294 586 20
294 447 1
299 322 1
304 456 1
305 416 2
306 771 1
306 772 1
306 374 2
306 742 2
306 659 2
306 790 2
310 477 1
311 697 1
311 987 2
311 955 2
312 333 1
313 416 2
313 356 9
313 984 1
313 472 2
313 765 2
315 769 1
316 718 1
316 915 1
316 543 1
317 374 2
318 684 2
318 454 2
320 843 1
321 618 1
321 684 2
322 343 6
322 879 1
324 609 1
324 638 2
324 534 1
324 591 2
327 381 2
329 832 3
329 624 1
329 842 2
329 427 1
329 510 1
332 586 3
332 435 2
332 500 1
332 782 3
333 502 1
333 710 1
333 599 1
333 569 1
333 693 1
333 470 1
333 409 1
333 538 1
333 605 1
333 862 1
333 767 2
334 772 1
334 993 1
334 617 1
334 687 1
334 692 1
334 534 1
334 696 4
334 607 2
335 737 4
335 867 1
335 810 7
335 528 1
335 899 3
335 532 2
335 381 3
337 505 2
338 624 2
338 987 2
353 891 5
356 416 2
356 912 2
356 772 1
356 517 1
356 743 1
356 845 2
356 472 16
356 730 7
356 765 5
361 987 2
364 772 1
364 842 1
364 987 2
364 764 2
364 502 1
369 513 1
369 646 1
369 927 4
371 456 1
371 772 1
372 595 1
372 404 1
374 659 1
377 866 1
377 422 1
377 423 1
377 738 1
377 530 1
377 630 3
379 568 1
379 662 1
381 643 2
381 772 1
381 810 1
383 720 1
383 586 3
383 887 1
388 832 6
388 771 1
388 772 1
388 534 7
388 790 1
388 951 1
388 900 3
388 638 3
393 843 1
398 712 2
399 977 4
401 454 19
401 429 23
401 415 9
402 950 1
402 559 1
404 595 1
405 628 2
407 843 1
410 482 1
410 837 1
410 1001 1
410 650 1
410 777 1
410 994 1
410 433 1
410 969 1
410 924 1
410 541 1
413 752 1
413 844 1
413 935 1
414 891 1
415 429 2
416 648 6
416 586 1
416 782 1
416 500 3
416 927 1
416 772 2
416 765 1
416 447 1
418 977 6
418 996 1
418 1001 1
420 740 1
420 559 2
421 424 7
422 527 6
422 731 7
422 680 2
423 832 2
423 710 1
423 969 2
423 716 2
423 977 1
423 883 3
424 428 1
424 891 3
424 990 3
426 843 1
427 955 2
428 990 1
429 454 16
432 987 2
433 987 3
435 500 2
439 912 1
443 742 3
443 662 17
444 927 4
444 646 1
444 535 2
447 984 3
447 586 5
450 609 1
450 772 1
450 712 3
450 746 1
450 662 1
450 695 1
450 900 1
454 609 1
454 772 6
454 999 1
454 713 1
454 1003 1
454 592 7
454 752 1
456 832 1
456 720 1
456 936 2
458 844 1
458 684 2
458 956 1
458 558 1
459 517 1
460 522 1
469 978 1
471 617 1
472 912 1
472 782 1
472 575 1
477 534 1
478 517 1
482 531 2
482 983 1
482 987 2
485 646 3
485 927 4
490 687 1
491 796 1
493 530 2
493 630 26
499 684 1
500 586 4
500 782 4
500 687 1
500 575 1
501 772 1
502 978 1
502 772 1
502 534 1
502 710 1
502 693 2
502 731 2
502 862 3
506 576 2
506 996 2
506 1001 2
506 783 3
506 541 3
510 622 1
511 978 1
513 823 1
513 646 1
513 927 4
516 761 1
517 648 1
517 803 1
517 772 1
522 546 1
522 843 1
528 771 5
530 772 1
530 629 15
530 630 12
530 891 7
531 772 1
531 987 4
531 692 2
532 550 1
534 609 1
534 939 2
534 772 1
534 879 2
534 951 1
534 550 2
534 923 1
534 862 9
535 772 1
535 646 1
535 927 4
540 736 1
540 641 1
540 955 2
540 698 3
540 987 7
540 830 1
542 772 1
542 927 4
546 550 1
546 807 1
546 716 1
546 590 1
546 595 1
546 724 1
546 987 1
547 862 3
551 646 1
551 927 4
552 858 1
552 614 3
552 951 1
553 670 1
558 684 2
558 956 2
558 844 1
559 622 2
565 684 3
566 713 1
572 724 2
573 586 3
577 936 2
581 936 2
582 987 2
584 731 2
586 609 1
586 772 1
586 782 2
586 885 1
586 984 9
586 762 1
587 720 4
591 772 1
592 713 1
592 927 4
595 934 3
595 883 9
599 605 4
602 845 2
602 743 8
605 789 1
607 696 2
609 772 3
609 923 6
613 738 1
615 843 1
617 776 1
622 676 1
624 764 2
628 720 1
629 772 2
629 685 3
629 630 5
629 891 7
630 685 1
630 656 1
633 772 1
633 923 2
638 832 2
641 987 2
643 761 2
644 850 1
644 924 5
646 823 1
646 722 1
646 854 2
646 927 5
648 765 4
650 828 3
650 682 1
654 682 1
662 996 1
662 802 1
665 746 1
680 720 2
682 738 1
682 783 1
684 704 1
684 772 1
684 844 8
684 956 2
685 1001 1
685 724 1
692 772 1
692 746 3
692 775 1
692 830 1
693 862 6
697 925 2
697 855 5
698 840 3
698 873 3
698 987 2
698 764 3
704 743 1
707 880 1
710 832 1
711 843 1
716 718 2
716 883 4
718 772 1
718 883 2
718 731 2
720 772 2
720 870 1
722 927 4
723 758 2
724 883 3
730 868 2
731 772 1
731 741 1
737 849 1
738 923 3
742 769 1
742 771 7
742 900 5
742 772 1
742 863 2
743 746 2
746 900 1
746 935 9
746 844 1
754 772 1
758 956 2
758 918 1
762 845 1
762 765 2
764 987 2
765 908 1
765 845 2
765 868 2
769 951 2
769 798 1
770 927 4
771 784 1
771 900 2
771 863 1
772 783 1
772 920 1
772 915 1
772 900 1
772 927 1
772 987 2
772 863 1
772 865 2
772 834 1
772 978 3
772 851 2
772 980 1
772 830 1
773 955 2
774 947 28
779 843 1
782 984 1
784 900 3
789 987 2
790 868 4
790 812 1
801 1001 2
808 898 1
809 987 2
815 1004 2
819 951 2
823 927 4
828 1001 3
840 987 2
843 907 2
843 883 1
843 999 1
844 918 1
845 912 2
849 987 2
851 978 2
854 927 5
863 993 2
872 987 2
873 987 2
883 977 1
890 923 1
912 949 1
920 978 1
925 987 2
925 955 2
933 966 2
950 1001 1
953 957 2
955 987 4
977 996 3
977 1001 12
977 1004 1
987 994 2
996 1001 1
