0
1
2
3
4
5
6
7
8
9
10
11
12
13
14
15
16
17
18
19
20
21
22
23
24
25
26
27
28
29
30
31
32
33
34
35
36
37
38
39
40
41
42
43
44
45
46
47
48
49
50
51
52
53
54
55
56
57
58
59
60
61
62
63
64
65
66
67
68
69
70
71
72
73
74
75
76
77
78
79
80
81
82
83
84
85
86
87
88
89
90
91
92
93
94
95
96
97
98
99
100
101
102
103
104
105
106
107
108
109
110
111
112
113
114
115
116
117
118
119
120
121
122
123
124
125
126
127
128
129
130
131
132
133
134
135
136
137
138
139
141
142
143
144
145
146
147
148
149
150
151
152
153
154
155
157
158
159
160
161
162
163
164
165
166
167
168
169
170
171
172
173
174
175
176
177
178
179
180
181
182
183
184
185
186
187
188
189
190
191
192
193
194
195
196
197
198
199
200
201
202
203
204
205
206
207
208
209
210
211
212
213
214
215
216
217
218
219
220
221
222
223
224
225
226
227
228
229
230
231
232
233
235
236
237
238
239
240
241
242
243
244
245
246
247
248
249
250
251
252
253
254
255
256
257
259
260
262
263
264
265
266
267
268
269
270
271
272
273
274
275
276
277
278
279
280
281
282
283
284
285
286
287
288
289
290
291
292
293
294
295
296
297
299
300
301
302
303
304
305
306
307
308
309
310
311
312
313
314
315
316
317
318
319
320
321
322
323
324
325
326
327
328
329
330
331
332
333
334
335
336
337
338
339
340
341
343
344
345
346
347
348
349
350
351
352
353
355
356
357
358
359
360
361
362
364
365
366
367
368
369
370
371
372
373
374
375
376
377
378
379
380
381
382
383
384
385
386
387
388
389
390
391
392
393
394
395
396
397
398
399
400
401
402
403
404
405
406
407
408
409
410
411
412
413
414
415
416
418
419
420
421
422
423
424
425
426
427
428
429
430
431
432
433
434
435
436
437
438
439
440
441
442
443
444
445
446
447
448
449
450
451
452
453
454
455
456
457
458
459
460
461
462
464
465
466
467
468
469
470
471
472
473
474
475
476
477
478
479
480
481
482
483
484
485
486
487
488
489
490
491
492
493
495
496
497
498
499
500
501
502
503
504
505
506
507
508
509
510
511
512
513
514
515
516
517
518
519
520
521
522
523
524
525
526
527
528
530
531
532
533
534
535
536
537
538
539
540
541
542
543
544
545
546
547
548
549
550
551
552
553
554
556
557
558
559
560
561
562
563
564
565
566
567
568
569
570
571
572
573
574
575
576
577
578
579
580
581
582
583
584
585
586
587
588
589
590
591
592
593
594
595
596
597
598
599
600
601
602
603
604
605
606
607
609
610
611
612
613
614
615
616
617
618
619
621
622
623
624
625
626
627
628
629
630
631
632
633
634
635
636
637
638
639
640
641
642
643
644
645
646
647
648
649
650
651
652
653
654
655
656
657
658
659
660
661
662
663
664
665
666
667
668
669
670
671
672
673
674
675
676
677
678
679
680
681
682
683
684
685
686
687
688
689
690
691
692
693
694
695
696
697
698
699
700
701
702
703
704
705
706
707
708
709
710
711
712
713
714
715
716
717
718
719
720
721
722
723
724
725
726
727
728
729
730
731
732
733
734
735
736
737
738
739
740
741
742
743
744
745
746
747
748
749
750
751
752
753
754
756
757
758
759
760
761
762
763
764
765
767
768
769
770
771
772
773
774
775
776
777
778
779
780
781
782
783
784
785
786
787
788
789
790
791
792
793
794
795
796
797
798
799
800
801
802
803
804
805
806
807
808
809
810
811
812
813
814
815
816
817
818
819
820
821
822
823
824
825
826
827
828
829
830
831
832
833
834
835
836
837
838
839
840
841
842
843
844
845
846
847
848
849
850
851
852
853
854
855
856
857
858
859
860
861
862
863
864
865
866
867
868
869
870
871
872
873
874
875
876
877
878
879
880
881
882
883
884
885
886
887
888
889
890
891
892
893
894
895
896
897
898
899
900
901
902
903
904
905
906
907
908
909
910
911
912
913
914
915
916
917
918
919
920
921
922
923
924
925
926
927
928
929
930
931
932
933
934
935
936
937
938
939
940
941
942
943
944
945
946
947
948
949
950
951
952
953
954
955
956
957
958
960
961
962
963
964
965
966
967
968
969
970
971
972
973
974
975
976
977
978
979
980
981
982
983
984
985
986
987
988
989
990
991
992
993
994
995
996
997
998
999
1000
1001
1002
1003
1004
0 249 1
0 178 2
0 333 1
0 502 2
2 228 3
2 789 1
2 790 1
4 304 3
4 196 1
4 293 1
4 135 1
6 178 2
6 333 1
13 738 2
13 516 5
14 410 1
14 924 3
14 506 1
14 702 1
15 680 3
15 731 8
15 422 2
16 410 1
16 541 2
16 718 1
16 783 1
17 857 1
24 547 1
24 561 1
24 136 1
24 360 1
24 274 1
24 35 1
25 684 2
28 987 1
29 381 1
31 344 2
31 316 1
31 165 1
32 580 1
35 469 1
38 586 1
38 324 5
38 782 1
40 712 3
40 572 1
40 214 1
41 758 1
42 90 2
42 70 1
48 684 2
48 956 1
48 319 2
50 559 2
52 232 1
52 948 4
52 356 3
53 577 1
53 742 1
53 193 1
53 659 2
53 343 1
53 56 1
56 482 1
56 987 6
58 909 2
61 120 1
61 522 1
61 356 1
61 502 2
61 718 9
62 369 1
62 542 1
62 646 2
62 485 1
67 344 4
67 353 1
67 963 7
67 165 1
68 377 1
68 987 1
69 395 1
70 322 1
70 324 3
70 214 1
70 534 1
70 310 2
70 343 2
70 90 1
74 112 2
74 392 1
74 674 5
74 166 2
74 743 1
75 850 2
75 107 1
75 772 2
75 334 3
76 410 1
77 416 2
77 168 2
77 439 2
78 178 2
78 333 1
78 951 1
82 628 1
82 135 1
83 784 1
83 697 1
86 443 3
86 662 1
90 160 2
90 996 1
90 997 1
90 776 1
90 940 1
90 915 2
90 338 1
90 147 3
90 660 1
90 343 1
90 568 1
90 891 1
90 316 5
90 862 1
90 191 2
91 433 2
91 607 1
92 838 5
95 987 1
96 420 2
96 509 1
98 592 3
98 401 1
98 107 1
98 707 1
101 246 4
101 423 1
102 509 1
103 514 1
103 950 1
103 423 7
103 943 1
103 977 2
103 310 4
104 416 3
104 133 2
104 743 1
104 648 1
104 425 1
104 721 1
104 762 1
104 765 1
105 418 29
105 362 1
107 201 1
107 718 1
107 335 1
107 553 1
111 782 2
111 743 1
112 674 4
112 517 1
112 166 2
112 392 1
112 267 3
112 782 1
112 948 1
120 416 1
120 291 1
120 772 3
120 454 1
120 522 1
120 850 1
120 783 1
120 752 1
120 573 1
120 883 1
120 948 4
120 854 1
120 823 1
120 196 1
120 586 1
120 191 1
122 410 1
126 416 2
126 294 2
126 782 4
126 500 3
126 790 6
126 313 1
127 724 1
127 334 1
132 832 1
132 634 1
132 388 1
132 509 1
133 313 1
133 602 1
134 592 3
134 168 4
135 692 3
135 292 1
135 581 5
135 742 2
135 137 6
135 870 1
135 942 3
135 337 1
135 371 3
135 628 5
135 718 2
135 790 4
135 855 2
135 700 3
135 170 1
135 405 3
136 200 2
136 316 2
136 165 1
138 383 1
138 867 1
138 887 2
139 509 1
142 915 2
142 428 1
142 469 1
143 580 2
147 416 2
147 257 1
147 577 2
147 171 1
147 926 3
149 716 2
151 253 3
153 1001 2
153 418 2
153 996 2
153 410 1
153 977 5
157 740 1
157 517 1
159 416 1
159 534 1
159 166 2
159 712 2
159 214 2
159 951 1
159 572 1
160 772 1
160 838 1
160 200 2
160 915 2
160 857 1
164 402 1
164 853 1
164 638 1
165 428 1
165 401 1
165 344 4
165 857 1
165 316 2
166 674 3
166 517 1
166 743 3
166 392 1
166 267 3
166 782 3
167 274 4
167 988 1
167 469 1
168 416 1
168 356 5
168 648 1
168 782 3
168 912 6
168 209 1
168 949 3
168 790 5
168 313 1
168 472 9
168 260 5
170 855 1
171 347 1
171 933 1
171 590 1
173 506 1
173 428 2
175 849 3
175 410 1
175 275 4
176 586 1
178 388 2
178 470 2
178 519 2
178 409 2
178 538 2
178 415 2
178 295 2
178 693 2
178 607 1
178 710 2
178 333 2
178 976 2
178 339 2
178 214 1
178 599 2
178 605 2
178 862 2
178 991 2
178 228 2
178 231 2
178 502 10
178 249 2
178 250 1
178 767 2
184 393 1
185 850 1
185 830 1
187 254 1
188 772 2
188 421 1
188 502 3
189 281 5
189 546 1
189 772 2
189 502 3
189 718 1
191 692 1
191 334 1
192 381 5
193 272 1
193 923 2
193 454 2
196 850 1
196 259 1
196 949 1
197 586 1
199 996 2
199 506 5
199 924 8
199 837 1
200 530 4
200 915 21
200 344 2
200 857 3
200 883 3
200 316 4
206 509 1
207 424 1
207 558 1
207 469 3
207 795 2
207 988 1
207 373 1
209 356 8
209 790 1
214 450 1
214 935 4
214 746 3
214 843 1
214 428 2
214 718 2
214 912 1
214 712 2
214 502 1
214 951 1
214 923 1
214 316 1
216 321 2
216 558 1
216 319 1
220 362 2
220 383 1
220 334 1
220 471 1
223 343 2
228 333 3
228 502 1
228 605 11
229 306 2
229 607 3
230 577 6
231 738 1
231 873 1
231 245 2
231 698 1
231 987 2
231 607 2
232 472 1
232 356 1
233 692 2
235 923 1
235 335 1
236 537 5
239 577 2
239 711 1
239 951 5
245 692 1
245 698 1
245 987 1
245 764 3
246 377 2
246 423 4
248 591 1
248 334 1
248 607 2
249 393 2
249 333 1
249 605 3
251 410 1
251 987 1
253 290 3
253 566 3
256 416 1
260 912 2
260 790 5
260 313 1
267 517 1
267 586 2
267 435 2
267 948 1
267 629 1
267 790 2
267 891 3
274 841 1
274 469 2
275 849 3
278 1003 1
278 334 1
280 772 1
280 629 2
280 502 1
281 718 1
281 479 1
284 731 2
288 391 7
288 493 10
288 561 10
288 629 10
288 630 4
288 445 8
290 566 1
291 401 1
293 724 2
294 416 3
294 313 1
294 817 2
294 447 5
299 832 1
299 634 1
299 509 1
304 441 1
304 317 1
305 765 1
306 784 3
306 771 1
306 659 2
306 383 1
310 528 3
311 987 1
311 540 1
311 955 1
312 333 1
313 416 1
313 356 4
313 730 1
313 765 1
315 423 1
316 392 2
316 428 5
316 915 11
316 629 1
319 386 1
319 684 1
319 758 3
321 565 1
321 558 1
322 334 2
322 879 1
323 509 1
326 557 1
329 624 1
329 775 1
332 500 2
333 502 1
333 710 1
333 743 1
333 599 2
333 569 1
333 693 1
333 470 1
333 409 1
333 538 1
333 605 1
333 862 1
333 767 4
334 609 1
334 772 2
334 617 1
334 524 1
334 687 1
334 692 2
334 890 1
334 923 1
335 737 6
335 664 2
335 657 2
338 433 1
338 987 1
338 540 1
341 915 8
343 718 1
343 950 1
343 663 1
346 634 1
353 920 1
353 656 1
356 416 3
356 517 1
356 586 3
356 718 2
356 765 2
356 912 2
356 648 3
356 790 4
356 472 8
356 762 1
361 987 1
362 771 3
362 854 1
362 383 9
364 377 1
364 987 1
365 866 1
366 972 2
369 823 1
369 535 6
371 441 1
372 595 1
377 718 1
377 729 1
377 731 2
378 509 1
379 568 2
383 526 1
383 887 4
383 953 1
388 832 1
388 718 3
388 509 3
388 638 1
392 674 1
392 948 1
401 454 1
401 429 1
402 788 1
402 509 1
404 595 1
409 790 1
410 482 1
410 837 1
410 777 1
410 1001 1
410 650 1
410 994 1
410 433 1
410 969 1
410 951 2
410 924 1
410 541 1
410 719 1
414 530 1
414 891 2
415 833 1
415 851 1
415 978 1
416 707 2
416 586 6
416 782 10
416 648 1
416 948 3
416 854 3
416 633 1
416 868 6
418 996 33
418 977 36
420 559 2
421 424 1
421 795 1
422 680 1
422 731 8
423 866 1
423 977 1
423 849 1
424 795 2
424 851 1
425 721 4
425 946 7
425 908 1
425 765 2
427 955 1
428 915 16
428 857 3
429 925 1
429 454 1
432 987 1
432 468 1
433 633 1
433 987 3
435 586 4
435 782 2
443 602 1
443 662 1
443 743 4
444 854 1
444 535 3
447 602 1
450 712 2
450 718 1
454 772 3
454 592 3
468 643 1
469 512 6
472 912 1
472 790 1
480 987 1
482 987 1
485 823 1
493 530 2
493 795 1
493 630 1
495 568 6
497 773 1
499 844 3
499 550 2
500 586 3
500 814 1
500 782 1
502 710 1
502 718 1
502 976 2
502 724 1
502 693 1
502 951 1
502 772 3
502 862 1
506 576 1
506 996 1
506 924 3
506 783 1
506 657 1
506 951 3
506 508 1
506 541 1
509 832 2
509 939 1
509 634 2
509 780 1
509 559 1
509 788 1
509 638 1
509 893 1
509 510 1
510 939 1
510 534 3
514 977 1
514 950 1
516 804 1
516 743 1
516 532 1
516 790 6
516 761 1
517 935 3
517 718 1
517 948 1
517 854 2
517 602 1
522 546 1
523 749 1
528 909 2
530 772 1
530 915 5
530 629 3
530 630 3
530 891 1
531 987 14
532 700 1
532 804 1
534 649 1
534 546 1
535 722 1
535 542 1
540 641 1
540 987 1
540 774 7
540 624 2
540 855 1
540 697 1
540 698 1
540 955 2
540 925 1
540 830 1
541 738 1
541 783 1
542 546 1
542 854 1
542 718 1
546 550 2
546 679 1
546 841 1
546 920 2
550 743 2
552 851 1
552 951 1
558 956 1
558 565 1
559 622 1
563 696 2
563 739 1
565 723 2
565 844 1
573 586 3
577 951 2
582 849 1
582 987 1
582 764 1
585 862 2
585 695 3
586 782 34
586 854 2
586 868 8
586 602 7
589 607 1
591 718 1
592 609 2
592 713 1
592 948 2
595 718 2
599 710 1
602 743 6
602 782 9
602 984 2
607 718 1
607 692 3
607 696 2
607 890 1
609 772 3
614 954 1
614 858 1
614 685 2
630 685 4
630 951 3
630 795 2
630 957 5
634 832 2
634 638 1
638 832 2
638 790 1
641 987 1
643 685 1
644 1001 3
644 850 2
648 782 1
648 790 1
648 868 2
654 738 1
656 953 1
659 742 1
663 951 5
663 950 6
668 720 1
668 935 1
671 692 1
672 844 1
674 948 1
680 707 1
680 731 1
684 844 1
684 918 1
687 712 1
692 718 1
692 746 1
693 710 2
697 771 1
697 925 1
697 855 2
698 764 1
698 840 1
698 873 1
698 987 1
702 924 1
703 771 7
704 743 2
707 880 1
707 951 2
712 802 1
716 866 2
716 718 3
718 904 1
718 915 1
718 851 1
718 980 2
718 754 1
720 833 1
720 746 2
720 813 3
720 935 2
721 765 1
723 758 1
738 783 2
738 850 1
738 921 2
738 923 2
743 782 1
745 828 1
746 813 2
746 935 19
748 926 2
754 883 3
758 956 2
764 994 2
764 840 4
764 987 1
769 830 1
771 863 2
772 866 1
772 870 1
772 915 1
772 951 1
772 857 1
772 923 3
772 862 1
773 955 1
774 947 49
780 977 1
782 912 3
782 868 13
782 885 1
782 854 5
782 984 1
783 837 1
789 994 1
789 987 1
790 812 2
790 868 5
794 854 1
802 900 1
803 948 1
804 881 4
804 828 1
809 987 1
813 900 2
813 935 3
815 1004 2
817 957 1
819 955 1
833 850 2
837 924 5
838 953 1
838 952 1
840 987 1
841 920 2
849 987 1
850 987 1
857 915 2
862 909 3
872 987 1
873 987 1
883 915 1
925 987 1
925 955 1
950 977 1
955 987 3
977 996 2
977 1004 1
977 1001 2
987 994 2
