0
1
2
3
4
5
6
7
8
9
10
11
12
13
14
15
16
17
18
19
20
21
22
23
24
25
26
27
28
29
30
31
32
33
34
35
36
37
38
39
40
41
42
43
44
45
46
47
48
49
50
51
52
53
54
55
56
57
58
59
60
61
62
63
64
65
66
67
68
69
70
71
72
73
74
75
76
77
78
79
80
81
82
83
84
85
86
87
88
89
90
91
92
93
94
95
96
97
98
99
100
101
102
103
104
105
106
107
108
109
110
111
112
113
114
115
116
117
118
119
120
121
122
123
124
125
126
127
128
129
130
131
132
133
134
135
136
137
138
139
141
142
143
144
145
146
147
148
149
150
151
152
153
154
155
157
158
159
160
161
162
163
164
165
166
167
168
169
170
171
172
173
174
175
176
177
178
179
180
181
182
183
184
185
186
187
188
189
190
191
192
193
194
195
196
197
198
199
200
201
202
203
204
205
206
207
208
209
210
211
212
213
214
215
216
217
218
219
220
221
222
223
224
225
226
227
228
229
230
231
232
233
235
236
237
238
239
240
241
242
243
244
245
246
247
248
249
250
251
252
253
254
255
256
257
259
260
262
263
264
265
266
267
268
269
270
271
272
273
274
275
276
277
278
279
280
281
282
283
284
285
286
287
288
289
290
291
292
293
294
295
296
297
299
300
301
302
303
304
305
306
307
308
309
310
311
312
313
314
315
316
317
318
319
320
321
322
323
324
325
326
327
328
329
330
331
332
333
334
335
336
337
338
339
340
341
343
344
345
346
347
348
349
350
351
352
353
355
356
357
358
359
360
361
362
364
365
366
367
368
369
370
371
372
373
374
375
376
377
378
379
380
381
382
383
384
385
386
387
388
389
390
391
392
393
394
395
396
397
398
399
400
401
402
403
404
405
406
407
408
409
410
411
412
413
414
415
416
418
419
420
421
422
423
424
425
426
427
428
429
430
431
432
433
434
435
436
437
438
439
440
441
442
443
444
445
446
447
448
449
450
451
452
453
454
455
456
457
458
459
460
461
462
464
465
466
467
468
469
470
471
472
473
474
475
476
477
478
479
480
481
482
483
484
485
486
487
488
489
490
491
492
493
495
496
497
498
499
500
501
502
503
504
505
506
507
508
509
510
511
512
513
514
515
516
517
518
519
520
521
522
523
524
525
526
527
528
530
531
532
533
534
535
536
537
538
539
540
541
542
543
544
545
546
547
548
549
550
551
552
553
554
556
557
558
559
560
561
562
563
564
565
566
567
568
569
570
571
572
573
574
575
576
577
578
579
580
581
582
583
584
585
586
587
588
589
590
591
592
593
594
595
596
597
598
599
600
601
602
603
604
605
606
607
609
610
611
612
613
614
615
616
617
618
619
621
622
623
624
625
626
627
628
629
630
631
632
633
634
635
636
637
638
639
640
641
642
643
644
645
646
647
648
649
650
651
652
653
654
655
656
657
658
659
660
661
662
663
664
665
666
667
668
669
670
671
672
673
674
675
676
677
678
679
680
681
682
683
684
685
686
687
688
689
690
691
692
693
694
695
696
697
698
699
700
701
702
703
704
705
706
707
708
709
710
711
712
713
714
715
716
717
718
719
720
721
722
723
724
725
726
727
728
729
730
731
732
733
734
735
736
737
738
739
740
741
742
743
744
745
746
747
748
749
750
751
752
753
754
756
757
758
759
760
761
762
763
764
765
767
768
769
770
771
772
773
774
775
776
777
778
779
780
781
782
783
784
785
786
787
788
789
790
791
792
793
794
795
796
797
798
799
800
801
802
803
804
805
806
807
808
809
810
811
812
813
814
815
816
817
818
819
820
821
822
823
824
825
826
827
828
829
830
831
832
833
834
835
836
837
838
839
840
841
842
843
844
845
846
847
848
849
850
851
852
853
854
855
856
857
858
859
860
861
862
863
864
865
866
867
868
869
870
871
872
873
874
875
876
877
878
879
880
881
882
883
884
885
886
887
888
889
890
891
892
893
894
895
896
897
898
899
900
901
902
903
904
905
906
907
908
909
910
911
912
913
914
915
916
917
918
919
920
921
922
923
924
925
926
927
928
929
930
931
932
933
934
935
936
937
938
939
940
941
942
943
944
945
946
947
948
949
950
951
952
953
954
955
956
957
958
960
961
962
963
964
965
966
967
968
969
970
971
972
973
974
975
976
977
978
979
980
981
982
983
984
985
986
987
988
989
990
991
992
993
994
995
996
997
998
999
1000
1001
1002
1003
1004
0 432 4
0 512 3
2 952 1
2 648 3
2 790 4
2 231 2
5 118 1
7 810 3
8 544 1
10 541 2
13 120 2
13 772 2
13 532 8
13 516 3
14 644 2
14 199 1
14 1001 1
14 173 1
14 410 1
14 924 3
14 506 1
14 702 1
15 680 3
15 731 1
15 422 2
16 184 1
16 843 1
16 718 3
17 316 1
24 772 1
24 493 3
24 530 1
24 630 4
24 280 7
24 891 2
28 987 1
30 765 2
31 493 3
31 316 2
31 165 6
31 990 1
31 142 2
32 184 1
32 280 1
32 921 1
32 143 1
35 280 1
38 184 1
38 832 1
38 586 3
38 324 3
40 585 2
45 66 1
45 782 2
46 310 1
48 319 1
50 420 1
50 69 1
50 70 1
50 943 1
50 559 3
50 879 1
52 912 1
52 948 1
53 193 4
53 772 2
53 214 1
53 951 1
53 120 2
53 890 1
56 587 1
56 994 1
56 987 1
56 423 2
58 909 4
61 483 2
61 356 1
61 742 4
61 332 1
61 718 4
61 915 2
61 696 2
61 89 5
62 915 1
62 772 1
65 752 1
66 227 2
66 782 2
67 344 5
67 963 10
67 165 7
67 846 1
67 391 2
68 987 1
70 633 1
70 324 1
70 90 1
70 334 1
74 416 1
74 674 3
74 294 1
74 166 2
74 743 1
74 392 1
74 586 1
74 112 2
74 447 1
75 772 2
75 997 1
75 334 2
75 850 1
75 948 1
75 718 1
75 220 1
77 168 1
82 184 1
82 628 1
82 870 1
84 534 1
86 662 1
90 978 1
90 609 1
90 720 2
90 388 2
90 193 1
90 188 1
90 554 2
90 493 1
90 624 2
90 850 2
90 851 1
90 996 1
90 923 1
90 220 1
90 746 2
90 670 1
90 260 1
91 740 1
91 307 1
91 948 2
91 334 1
92 316 2
92 142 1
95 987 1
96 420 3
98 707 12
98 454 8
98 134 10
98 713 11
98 107 13
98 268 12
98 429 13
98 592 11
98 401 13
98 291 8
98 117 12
98 278 12
101 149 1
101 423 1
102 939 1
103 977 1
103 310 1
104 425 12
104 765 2
104 721 1
107 808 1
107 201 1
107 810 1
107 468 1
107 980 3
111 586 1
112 674 3
112 803 1
112 166 2
112 392 2
112 267 3
112 948 4
112 730 1
113 513 1
113 854 4
114 377 3
114 718 1
118 532 3
118 732 3
118 502 2
118 553 2
120 772 7
120 915 1
120 923 7
120 540 3
120 671 1
120 416 1
120 178 1
120 948 2
120 823 1
120 443 1
120 188 1
120 189 1
120 190 1
120 160 1
120 834 1
120 963 1
120 581 1
120 200 1
120 977 1
120 857 3
120 862 1
120 865 1
120 997 1
120 742 11
120 316 1
120 629 2
120 502 1
120 765 1
122 924 1
122 718 1
125 939 1
125 622 2
126 586 2
126 948 2
126 885 1
126 790 10
127 607 1
132 842 4
132 399 1
134 592 2
134 291 1
135 936 2
135 746 1
135 628 5
135 581 3
135 718 1
136 165 1
136 200 2
136 428 1
136 142 2
136 915 3
136 302 1
136 952 1
136 857 2
136 316 2
138 383 1
139 402 1
139 939 1
141 188 2
142 344 1
142 165 1
142 647 2
142 971 1
142 428 1
142 302 1
142 200 1
142 274 2
142 915 5
142 280 1
142 953 1
142 952 1
142 857 1
142 543 3
142 316 2
142 990 1
143 544 1
143 159 1
147 193 1
147 577 2
147 715 1
147 277 1
147 214 1
147 926 1
149 716 1
149 866 1
149 372 1
151 253 2
157 356 4
157 517 6
157 746 1
157 586 6
157 684 6
157 686 1
157 184 1
157 765 4
157 542 3
159 742 3
159 776 1
159 940 3
159 851 1
159 724 5
159 214 1
159 920 1
160 658 1
160 915 2
160 629 1
160 280 1
160 857 1
164 322 1
164 638 1
165 401 6
165 915 1
165 344 6
165 857 1
165 316 13
166 416 2
166 674 3
166 516 1
166 743 2
166 392 1
166 586 3
166 573 1
166 356 1
167 656 1
167 817 1
167 614 1
168 356 3
168 232 4
168 586 2
168 912 21
168 948 1
168 949 7
168 790 4
168 439 7
168 472 5
168 266 4
168 765 1
169 595 1
169 372 1
171 933 1
173 428 1
173 506 1
173 644 1
175 849 1
176 586 1
178 915 1
178 693 2
178 502 8
178 249 1
178 538 1
178 923 1
178 605 2
178 862 1
181 189 2
184 259 1
184 388 1
184 393 1
184 522 1
184 907 1
184 279 1
184 538 1
184 410 1
184 423 2
184 296 1
184 426 1
184 201 1
184 189 1
184 779 1
184 708 1
184 710 1
184 711 1
184 969 1
184 843 1
184 333 1
184 718 1
184 977 1
184 724 1
184 732 1
184 862 1
184 607 1
184 225 2
184 615 1
184 999 1
184 1004 1
184 365 1
184 701 1
184 754 1
184 883 1
184 884 1
184 246 1
184 505 1
185 833 2
185 830 2
187 695 1
188 772 1
188 614 1
188 301 1
188 656 1
188 530 1
188 915 1
188 469 1
188 502 2
188 280 2
188 988 1
188 629 1
189 772 1
189 200 1
189 428 1
189 718 1
189 280 2
189 915 1
189 629 1
189 502 3
189 951 2
189 410 1
190 353 2
190 920 1
191 692 4
192 644 1
192 381 3
193 940 1
193 923 4
193 890 1
195 595 7
196 291 2
196 429 1
199 644 1
199 506 1
199 924 6
199 541 4
200 977 2
200 971 1
200 428 1
200 344 1
200 915 3
200 952 2
200 857 4
200 923 2
200 316 3
200 543 1
206 939 1
207 424 3
207 558 1
208 236 1
214 577 2
214 278 1
214 776 1
214 502 1
214 940 3
214 428 2
214 813 1
214 912 2
214 712 1
214 662 9
214 951 1
214 255 1
216 458 1
216 558 1
216 319 1
220 383 1
223 322 1
223 746 1
225 362 1
229 586 2
231 769 1
231 742 1
231 840 2
231 874 2
231 239 2
231 624 2
231 245 1
231 987 1
231 607 1
232 425 2
232 912 2
232 949 3
232 790 4
232 472 7
232 765 1
233 692 1
233 718 1
235 425 1
235 890 1
235 997 1
235 951 1
236 537 1
239 595 2
239 772 1
239 951 3
241 978 1
245 769 2
245 742 2
245 840 2
245 329 1
245 874 2
245 525 1
245 624 4
245 798 1
245 987 1
245 830 1
246 977 1
246 377 1
246 423 1
248 329 1
248 746 1
248 334 1
248 591 2
248 915 5
248 692 1
248 607 2
249 409 2
249 693 3
250 369 3
250 607 3
251 987 1
253 290 1
253 566 1
256 948 1
260 266 2
260 762 1
264 329 1
264 540 4
264 581 1
264 454 2
266 439 1
267 936 4
267 685 1
267 392 1
267 435 2
267 948 4
267 629 1
272 568 1
273 951 4
275 849 2
275 479 2
277 746 1
280 647 1
280 526 1
280 920 1
280 658 2
280 915 1
280 288 1
280 547 2
280 685 1
280 561 3
280 530 5
280 445 1
280 373 1
280 502 6
280 846 2
280 851 1
280 862 2
280 360 1
280 493 1
280 629 6
280 630 1
280 631 1
280 891 1
281 718 1
284 680 2
284 731 1
284 422 3
288 484 10
288 391 7
288 493 10
288 846 10
288 561 11
288 629 10
288 445 7
289 899 2
290 589 1
291 454 2
291 1003 2
291 429 4
291 401 3
293 724 3
293 862 1
294 416 4
294 817 1
294 868 1
294 586 1
299 509 2
302 316 1
306 659 2
306 742 2
306 863 1
310 706 2
310 477 7
310 943 2
311 987 1
311 773 1
313 912 1
313 356 1
316 344 1
316 838 1
316 971 2
316 428 7
316 647 1
316 915 4
316 953 2
316 952 3
316 857 2
316 543 2
316 349 1
316 990 2
318 587 1
318 332 1
318 934 2
319 386 1
319 558 1
319 918 2
321 499 1
321 558 1
322 548 1
322 879 2
322 368 2
322 343 3
322 740 2
323 337 1
323 939 1
323 622 1
323 638 2
324 939 1
324 460 1
324 591 1
326 587 2
329 624 2
332 416 1
332 782 3
332 435 2
332 500 4
333 767 1
334 772 1
334 776 1
334 586 1
334 843 1
335 664 5
335 899 2
337 505 3
338 987 1
343 718 1
343 663 1
353 656 1
353 391 1
356 517 2
356 743 1
356 425 1
356 586 2
356 684 1
356 718 2
356 912 3
356 946 2
356 948 4
356 472 5
356 765 7
360 629 1
360 526 1
361 987 1
362 909 2
362 383 4
364 764 1
365 866 1
372 404 1
372 934 1
374 742 1
377 718 2
377 729 2
377 630 3
379 552 1
379 568 2
381 810 2
383 589 2
383 720 9
383 887 2
388 843 1
388 718 1
388 534 3
392 674 4
392 685 2
392 948 7
401 454 3
401 429 5
401 415 3
407 843 1
409 580 1
410 650 1
410 719 1
410 663 2
415 833 2
415 587 1
415 429 2
415 978 1
415 630 2
416 586 7
416 782 1
416 984 1
416 946 1
416 435 1
416 948 2
416 885 1
416 759 1
416 447 1
418 977 5
420 559 3
421 424 3
421 795 2
421 630 2
422 680 1
422 731 4
423 849 1
423 977 1
424 795 3
425 946 5
425 633 2
425 765 2
427 955 1
427 540 1
428 915 4
428 977 1
428 530 1
428 851 3
428 920 1
429 454 3
432 987 1
433 987 1
435 586 2
439 912 4
439 949 7
440 537 2
443 662 1
447 586 1
447 573 2
450 568 1
450 746 1
450 718 1
450 662 2
454 592 3
458 956 1
458 558 3
464 980 9
468 643 2
469 851 2
471 617 1
472 912 1
472 949 2
472 765 2
477 939 1
477 534 2
479 977 2
480 987 1
482 531 1
482 987 1
487 939 1
491 724 3
493 838 2
493 630 1
497 977 1
497 773 1
499 704 1
499 833 1
499 758 1
499 607 1
500 814 2
500 550 2
500 782 1
502 772 3
502 746 1
502 718 2
502 915 2
502 724 2
502 951 2
502 923 1
502 862 1
506 644 2
506 996 1
506 541 1
510 939 1
514 977 1
516 804 8
516 532 3
516 828 2
517 586 3
517 684 1
517 718 1
517 765 1
517 948 3
517 542 1
525 769 1
525 742 1
527 720 4
527 870 4
530 746 1
530 851 1
530 629 5
530 857 1
531 987 8
532 700 1
534 939 2
534 935 1
534 746 2
534 843 1
534 591 4
534 862 2
537 664 1
540 840 2
540 874 2
540 987 1
542 772 1
542 746 1
542 586 2
542 718 1
542 765 1
542 915 1
544 791 1
544 563 1
544 669 1
547 851 2
547 862 8
547 614 1
552 614 1
558 844 2
558 956 1
559 622 7
563 731 2
565 844 2
568 947 3
573 586 1
581 936 2
581 855 1
582 987 1
582 764 1
582 686 1
584 731 1
585 673 1
586 912 1
586 915 2
586 684 2
586 687 1
586 948 9
586 854 2
586 984 1
586 868 1
586 602 2
586 607 2
586 762 1
586 765 3
587 936 2
587 720 1
587 731 1
591 746 1
591 843 1
591 718 1
591 923 1
591 607 1
592 609 3
592 948 1
599 976 1
599 710 2
602 765 1
605 685 3
607 718 3
607 692 1
609 880 1
609 905 1
609 951 1
609 633 1
622 676 3
624 692 1
626 703 1
629 772 2
629 977 3
629 915 2
629 857 2
630 952 2
638 740 1
638 790 1
641 987 1
644 1001 4
644 924 7
648 948 1
648 765 5
650 738 1
650 682 1
650 654 1
650 783 1
657 921 1
660 772 1
662 900 2
663 950 2
665 746 2
668 746 15
669 951 1
672 918 1
674 948 3
676 939 1
680 707 1
680 720 4
680 731 1
684 746 1
684 844 1
684 765 1
687 772 1
687 746 1
687 843 1
687 923 1
692 742 2
692 775 1
692 746 2
692 718 2
692 830 1
693 791 2
695 802 1
698 987 1
700 782 1
707 880 1
707 951 1
711 843 1
716 866 1
716 718 3
718 904 1
718 915 1
718 843 1
718 851 1
718 724 4
718 746 1
718 754 1
718 883 2
718 980 1
720 833 2
720 746 4
721 765 4
724 890 1
731 739 1
731 746 1
737 849 1
739 746 1
740 832 1
742 769 2
742 798 1
742 900 1
742 746 1
742 915 2
742 772 12
742 923 7
742 830 1
746 775 2
746 776 1
746 920 1
746 935 11
746 813 4
746 834 1
746 844 1
746 851 1
746 980 1
746 994 1
752 994 2
752 987 2
758 844 2
761 866 1
764 874 2
764 987 1
765 946 1
765 948 3
769 830 1
769 798 1
772 915 6
772 951 1
772 923 10
772 823 4
772 857 4
772 866 3
772 890 3
774 947 59
780 977 1
783 921 1
789 987 1
790 868 1
795 978 1
803 948 3
804 881 2
809 987 1
813 935 5
819 955 1
823 915 1
828 850 1
838 857 2
840 874 2
840 987 1
844 918 3
849 987 1
851 978 5
851 920 2
854 918 3
857 915 10
857 951 2
857 923 1
862 909 2
862 915 1
862 923 1
872 987 1
873 874 2
873 987 1
883 951 3
890 923 1
900 923 1
900 915 1
912 948 1
915 923 8
924 1001 2
924 996 2
925 955 1
925 987 1
950 977 1
951 957 1
955 987 1
979 996 1
987 994 1
