0
1
2
3
4
5
6
7
8
9
10
11
12
13
14
15
16
17
18
19
20
21
22
23
24
25
26
27
28
29
30
31
32
33
34
35
36
37
38
39
40
41
42
43
44
45
46
47
48
49
50
51
52
53
54
55
56
57
58
59
60
61
62
63
64
65
66
67
68
69
70
71
72
73
74
75
76
77
78
79
80
81
82
83
84
85
86
87
88
89
90
91
92
93
94
95
96
97
98
99
100
101
102
103
104
105
106
107
108
109
110
111
112
113
114
115
116
117
118
119
120
121
122
123
124
125
126
127
128
129
130
131
132
133
134
135
136
137
138
139
141
142
143
144
145
146
147
148
149
150
151
152
153
154
155
157
158
159
160
161
162
163
164
165
166
167
168
169
170
171
172
173
174
175
176
177
178
179
180
181
182
183
184
185
186
187
188
189
190
191
192
193
194
195
196
197
198
199
200
201
202
203
204
205
206
207
208
209
210
211
212
213
214
215
216
217
218
219
220
221
222
223
224
225
226
227
228
229
230
231
232
233
235
236
237
238
239
240
241
242
243
244
245
246
247
248
249
250
251
252
253
254
255
256
257
259
260
262
263
264
265
266
267
268
269
270
271
272
273
274
275
276
277
278
279
280
281
282
283
284
285
286
287
288
289
290
291
292
293
294
295
296
297
299
300
301
302
303
304
305
306
307
308
309
310
311
312
313
314
315
316
317
318
319
320
321
322
323
324
325
326
327
328
329
330
331
332
333
334
335
336
337
338
339
340
341
343
344
345
346
347
348
349
350
351
352
353
355
356
357
358
359
360
361
362
364
365
366
367
368
369
370
371
372
373
374
375
376
377
378
379
380
381
382
383
384
385
386
387
388
389
390
391
392
393
394
395
396
397
398
399
400
401
402
403
404
405
406
407
408
409
410
411
412
413
414
415
416
418
419
420
421
422
423
424
425
426
427
428
429
430
431
432
433
434
435
436
437
438
439
440
441
442
443
444
445
446
447
448
449
450
451
452
453
454
455
456
457
458
459
460
461
462
464
465
466
467
468
469
470
471
472
473
474
475
476
477
478
479
480
481
482
483
484
485
486
487
488
489
490
491
492
493
495
496
497
498
499
500
501
502
503
504
505
506
507
508
509
510
511
512
513
514
515
516
517
518
519
520
521
522
523
524
525
526
527
528
530
531
532
533
534
535
536
537
538
539
540
541
542
543
544
545
546
547
548
549
550
551
552
553
554
556
557
558
559
560
561
562
563
564
565
566
567
568
569
570
571
572
573
574
575
576
577
578
579
580
581
582
583
584
585
586
587
588
589
590
591
592
593
594
595
596
597
598
599
600
601
602
603
604
605
606
607
609
610
611
612
613
614
615
616
617
618
619
621
622
623
624
625
626
627
628
629
630
631
632
633
634
635
636
637
638
639
640
641
642
643
644
645
646
647
648
649
650
651
652
653
654
655
656
657
658
659
660
661
662
663
664
665
666
667
668
669
670
671
672
673
674
675
676
677
678
679
680
681
682
683
684
685
686
687
688
689
690
691
692
693
694
695
696
697
698
699
700
701
702
703
704
705
706
707
708
709
710
711
712
713
714
715
716
717
718
719
720
721
722
723
724
725
726
727
728
729
730
731
732
733
734
735
736
737
738
739
740
741
742
743
744
745
746
747
748
749
750
751
752
753
754
756
757
758
759
760
761
762
763
764
765
767
768
769
770
771
772
773
774
775
776
777
778
779
780
781
782
783
784
785
786
787
788
789
790
791
792
793
794
795
796
797
798
799
800
801
802
803
804
805
806
807
808
809
810
811
812
813
814
815
816
817
818
819
820
821
822
823
824
825
826
827
828
829
830
831
832
833
834
835
836
837
838
839
840
841
842
843
844
845
846
847
848
849
850
851
852
853
854
855
856
857
858
859
860
861
862
863
864
865
866
867
868
869
870
871
872
873
874
875
876
877
878
879
880
881
882
883
884
885
886
887
888
889
890
891
892
893
894
895
896
897
898
899
900
901
902
903
904
905
906
907
908
909
910
911
912
913
914
915
916
917
918
919
920
921
922
923
924
925
926
927
928
929
930
931
932
933
934
935
936
937
938
939
940
941
942
943
944
945
946
947
948
949
950
951
952
953
954
955
956
957
958
960
961
962
963
964
965
966
967
968
969
970
971
972
973
974
975
976
977
978
979
980
981
982
983
984
985
986
987
988
989
990
991
992
993
994
995
996
997
998
999
1000
1001
1002
1003
1004
0 569 1
1 324 1
2 532 1
2 700 1
2 790 3
4 135 2
6 569 2
6 189 1
13 682 4
13 783 2
13 850 1
13 532 1
13 923 1
13 719 2
14 796 1
14 850 1
14 923 1
14 724 1
14 702 1
15 680 2
17 857 1
17 915 3
24 891 9
24 526 2
30 104 1
30 765 1
31 915 1
31 165 1
32 214 2
32 791 1
34 997 1
35 978 1
39 923 1
45 227 6
48 458 1
52 472 3
52 168 1
52 868 2
52 126 2
53 290 1
53 923 1
53 61 1
56 65 2
56 987 1
58 818 1
61 718 4
61 991 1
62 513 1
62 485 1
62 646 2
62 551 1
62 394 1
62 369 1
62 854 1
62 823 1
62 571 4
62 542 1
64 534 1
65 334 1
65 278 3
65 135 3
66 227 14
67 344 1
67 963 6
67 165 1
67 207 1
75 749 1
77 168 3
77 912 1
77 260 7
78 688 1
78 951 1
82 135 2
84 343 1
86 662 1
90 923 1
92 658 1
92 915 3
92 207 2
98 592 6
98 429 1
101 423 1
103 368 1
103 223 1
105 418 1
106 740 1
106 1001 1
106 788 1
106 634 1
106 828 2
106 509 1
107 381 1
112 674 1
112 803 1
112 356 1
112 517 1
112 392 1
112 267 2
112 948 1
113 823 1
113 927 2
114 122 2
114 189 1
119 790 1
120 923 4
120 223 1
120 191 1
124 823 1
126 166 2
126 294 1
131 850 1
133 416 1
133 168 1
134 592 4
135 581 8
135 870 2
135 362 1
135 942 2
135 720 1
135 742 4
135 371 2
135 628 2
135 248 1
136 857 1
136 915 3
137 771 1
141 978 1
142 658 1
142 915 6
143 580 1
146 326 3
147 416 1
150 772 1
157 248 1
157 844 1
158 719 2
159 586 1
159 923 1
159 334 1
160 891 1
160 571 5
160 629 1
160 526 2
161 771 3
161 571 2
164 638 1
165 401 2
165 915 1
166 168 1
166 416 1
167 978 1
167 851 1
168 416 1
168 260 9
168 232 1
168 362 1
168 557 2
168 912 4
168 868 1
168 607 1
173 850 1
175 423 1
181 920 1
185 502 1
185 830 1
186 722 1
187 466 1
187 695 1
188 656 1
188 978 1
188 851 1
188 469 1
189 1004 1
189 716 2
189 904 3
189 969 1
189 652 1
189 365 1
189 718 4
189 977 1
189 595 1
189 236 3
189 470 1
189 201 1
189 249 1
189 410 1
191 749 1
191 415 1
193 752 1
193 857 1
193 923 1
194 528 1
194 306 3
198 568 1
199 506 1
199 923 1
199 850 1
200 696 1
200 952 1
200 915 3
207 424 2
207 978 1
207 847 3
214 586 1
214 515 1
214 923 1
214 765 2
216 321 1
220 749 1
228 569 1
228 502 1
229 306 1
229 483 1
229 628 1
231 698 1
231 923 1
235 923 1
239 706 1
239 923 1
239 596 1
245 329 1
245 698 1
246 724 4
246 423 1
249 569 1
250 823 1
250 886 1
250 927 2
256 472 1
260 912 6
267 944 4
267 674 4
268 592 1
270 850 1
274 391 1
276 674 1
277 571 3
280 530 1
280 846 1
280 658 1
280 851 3
280 569 1
280 920 1
280 281 1
280 731 1
280 915 3
285 571 3
291 429 1
292 701 1
293 724 1
293 572 1
293 718 1
294 790 2
295 569 1
299 388 1
299 509 2
301 978 1
302 915 1
305 472 3
306 771 2
306 742 4
306 784 2
306 703 4
308 418 2
313 472 1
316 915 2
318 844 1
319 423 3
322 343 1
327 850 1
332 435 3
332 500 1
333 569 1
334 776 2
334 940 1
334 687 1
334 923 1
335 532 2
337 505 1
343 663 1
344 915 1
347 933 1
353 891 6
356 472 1
356 868 1
356 517 1
360 526 1
362 383 1
364 987 1
369 823 1
369 646 1
369 927 2
371 585 1
374 953 1
377 718 1
377 422 2
381 921 1
381 532 3
392 674 1
394 571 6
394 823 1
396 761 2
397 671 1
397 975 1
401 429 3
401 415 3
409 688 1
409 569 1
410 923 1
415 569 2
416 762 1
416 912 1
416 648 2
416 759 1
416 602 1
416 765 1
416 927 1
418 977 5
420 559 1
421 424 5
421 817 1
421 978 1
421 630 6
424 978 1
424 795 3
424 990 1
428 915 3
429 454 2
433 987 1
433 789 2
435 500 4
435 782 2
438 818 1
443 662 2
443 703 2
444 823 1
444 927 2
447 984 2
447 586 1
450 571 4
450 572 1
450 695 1
454 592 4
458 844 1
458 684 1
469 978 1
470 569 2
470 789 2
472 743 1
472 602 1
472 868 1
476 923 1
478 818 1
482 569 5
485 513 1
485 823 1
485 646 1
485 927 2
493 658 2
493 630 10
499 684 1
500 923 1
502 538 1
502 862 1
502 569 1
506 644 1
506 657 1
506 850 1
506 951 1
506 923 1
506 541 1
510 534 1
513 927 2
513 646 1
513 823 3
516 761 3
516 850 1
516 532 2
519 790 1
526 685 2
528 607 2
530 569 1
530 915 1
531 987 1
532 881 2
532 790 2
532 761 2
532 700 4
535 823 1
535 927 2
538 569 1
540 840 2
540 698 1
540 955 1
541 921 2
541 923 1
541 850 1
541 951 1
542 823 1
542 571 1
542 854 1
542 927 2
543 915 1
546 920 1
547 978 1
549 701 1
551 823 4
551 646 1
551 927 2
552 978 1
556 823 1
558 565 2
561 846 1
565 956 1
569 693 1
569 710 1
569 976 1
569 599 1
569 605 1
569 862 1
569 991 1
569 749 5
571 900 8
571 742 7
571 870 2
571 935 2
571 776 6
571 684 4
571 910 2
571 885 2
571 663 3
576 850 1
585 659 1
591 915 1
591 692 2
592 713 5
592 948 1
592 927 3
599 688 1
607 915 1
614 978 1
617 720 2
628 870 1
629 891 1
630 685 1
633 923 1
634 788 1
639 1004 1
643 685 4
644 850 1
644 923 1
644 924 1
644 702 4
646 823 1
646 927 2
647 953 4
647 658 1
647 915 5
647 847 1
648 765 2
650 977 1
650 850 1
650 923 1
654 850 1
654 738 1
654 783 1
657 850 1
660 749 1
672 844 2
680 707 1
682 850 1
682 783 2
682 719 2
684 844 1
685 1001 1
685 724 1
687 772 1
688 808 1
692 746 2
692 749 1
692 775 1
696 935 1
697 855 1
698 840 1
698 873 1
698 764 1
700 761 1
702 850 1
703 771 1
703 772 1
707 923 1
711 718 1
716 866 1
718 754 1
719 923 1
719 850 1
720 942 2
722 823 1
722 927 2
723 933 1
731 789 1
738 850 1
738 923 1
742 769 1
742 900 7
743 859 1
743 868 1
758 844 2
761 850 1
761 790 4
764 994 2
770 927 2
772 923 1
774 947 10
783 837 1
783 850 1
783 923 1
789 987 1
790 812 1
790 823 3
795 978 1
796 977 1
817 978 1
821 823 1
823 854 1
823 927 3
837 850 1
837 923 1
840 987 1
844 956 1
849 858 1
850 921 1
850 924 1
850 945 1
850 979 1
850 996 1
850 1001 1
850 881 4
851 920 2
851 978 1
851 915 1
854 927 2
857 915 3
861 896 1
868 912 1
875 923 1
880 923 1
890 923 1
915 952 3
915 953 2
915 971 2
915 990 1
915 920 1
921 923 2
923 924 1
923 951 1
923 979 1
923 996 1
923 1001 1
954 978 1
957 978 1
977 1001 3
978 988 1
