0
1
2
3
4
5
6
7
8
9
10
11
12
13
14
15
16
17
18
19
20
21
22
23
24
25
26
27
28
29
30
31
32
33
34
35
36
37
38
39
40
41
42
43
44
45
46
47
48
49
50
51
52
53
54
55
56
57
58
59
60
61
62
63
64
65
66
67
68
69
70
71
72
73
74
75
76
77
78
79
80
81
82
83
84
85
86
87
88
89
90
91
92
93
94
95
96
97
98
99
100
101
102
103
104
105
106
107
108
109
110
111
112
113
114
115
116
117
118
119
120
121
122
123
124
125
126
127
128
129
130
131
132
133
134
135
136
137
138
139
141
142
143
144
145
146
147
148
149
150
151
152
153
154
155
157
158
159
160
161
162
163
164
165
166
167
168
169
170
171
172
173
174
175
176
177
178
179
180
181
182
183
184
185
186
187
188
189
190
191
192
193
194
195
196
197
198
199
200
201
202
203
204
205
206
207
208
209
210
211
212
213
214
215
216
217
218
219
220
221
222
223
224
225
226
227
228
229
230
231
232
233
235
236
237
238
239
240
241
242
243
244
245
246
247
248
249
250
251
252
253
254
255
256
257
259
260
262
263
264
265
266
267
268
269
270
271
272
273
274
275
276
277
278
279
280
281
282
283
284
285
286
287
288
289
290
291
292
293
294
295
296
297
299
300
301
302
303
304
305
306
307
308
309
310
311
312
313
314
315
316
317
318
319
320
321
322
323
324
325
326
327
328
329
330
331
332
333
334
335
336
337
338
339
340
341
343
344
345
346
347
348
349
350
351
352
353
355
356
357
358
359
360
361
362
364
365
366
367
368
369
370
371
372
373
374
375
376
377
378
379
380
381
382
383
384
385
386
387
388
389
390
391
392
393
394
395
396
397
398
399
400
401
402
403
404
405
406
407
408
409
410
411
412
413
414
415
416
418
419
420
421
422
423
424
425
426
427
428
429
430
431
432
433
434
435
436
437
438
439
440
441
442
443
444
445
446
447
448
449
450
451
452
453
454
455
456
457
458
459
460
461
462
464
465
466
467
468
469
470
471
472
473
474
475
476
477
478
479
480
481
482
483
484
485
486
487
488
489
490
491
492
493
495
496
497
498
499
500
501
502
503
504
505
506
507
508
509
510
511
512
513
514
515
516
517
518
519
520
521
522
523
524
525
526
527
528
530
531
532
533
534
535
536
537
538
539
540
541
542
543
544
545
546
547
548
549
550
551
552
553
554
556
557
558
559
560
561
562
563
564
565
566
567
568
569
570
571
572
573
574
575
576
577
578
579
580
581
582
583
584
585
586
587
588
589
590
591
592
593
594
595
596
597
598
599
600
601
602
603
604
605
606
607
609
610
611
612
613
614
615
616
617
618
619
621
622
623
624
625
626
627
628
629
630
631
632
633
634
635
636
637
638
639
640
641
642
643
644
645
646
647
648
649
650
651
652
653
654
655
656
657
658
659
660
661
662
663
664
665
666
667
668
669
670
671
672
673
674
675
676
677
678
679
680
681
682
683
684
685
686
687
688
689
690
691
692
693
694
695
696
697
698
699
700
701
702
703
704
705
706
707
708
709
710
711
712
713
714
715
716
717
718
719
720
721
722
723
724
725
726
727
728
729
730
731
732
733
734
735
736
737
738
739
740
741
742
743
744
745
746
747
748
749
750
751
752
753
754
756
757
758
759
760
761
762
763
764
765
767
768
769
770
771
772
773
774
775
776
777
778
779
780
781
782
783
784
785
786
787
788
789
790
791
792
793
794
795
796
797
798
799
800
801
802
803
804
805
806
807
808
809
810
811
812
813
814
815
816
817
818
819
820
821
822
823
824
825
826
827
828
829
830
831
832
833
834
835
836
837
838
839
840
841
842
843
844
845
846
847
848
849
850
851
852
853
854
855
856
857
858
859
860
861
862
863
864
865
866
867
868
869
870
871
872
873
874
875
876
877
878
879
880
881
882
883
884
885
886
887
888
889
890
891
892
893
894
895
896
897
898
899
900
901
902
903
904
905
906
907
908
909
910
911
912
913
914
915
916
917
918
919
920
921
922
923
924
925
926
927
928
929
930
931
932
933
934
935
936
937
938
939
940
941
942
943
944
945
946
947
948
949
950
951
952
953
954
955
956
957
958
960
961
962
963
964
965
966
967
968
969
970
971
972
973
974
975
976
977
978
979
980
981
982
983
984
985
986
987
988
989
990
991
992
993
994
995
996
997
998
999
1000
1001
1002
1003
1004
0 249 1
0 178 2
0 605 2
2 812 2
2 782 6
2 466 2
2 334 2
2 405 1
2 790 1
2 700 2
3 782 1
4 371 1
4 135 6
5 464 1
5 491 1
5 980 1
5 118 1
5 175 4
6 249 2
6 178 3
6 605 2
6 409 1
8 414 1
13 314 4
13 443 1
13 516 1
13 654 1
13 719 1
14 516 1
14 719 2
14 850 4
14 506 11
14 783 2
14 924 4
14 702 15
15 680 2
15 731 4
15 422 1
16 777 4
16 19 1
17 857 4
17 316 2
21 782 1
24 782 1
24 143 1
24 530 2
24 629 4
24 280 3
24 891 2
24 445 2
25 48 1
25 458 2
25 558 1
28 840 1
28 987 5
29 899 2
29 381 8
29 175 1
30 425 2
30 948 1
30 765 1
31 349 1
31 316 3
31 214 1
31 990 7
31 165 7
32 580 1
32 293 1
32 840 2
32 534 1
32 791 1
32 61 1
35 902 2
35 207 2
38 343 2
39 923 1
40 450 2
40 900 1
40 214 1
40 712 2
40 662 1
40 379 1
40 572 4
40 415 1
41 48 1
41 458 2
42 323 1
46 369 1
48 1000 2
48 458 4
48 558 1
48 499 1
48 723 1
48 216 1
48 956 3
48 319 2
50 559 3
52 416 1
52 356 4
52 168 2
52 648 4
52 948 1
52 790 2
52 472 1
52 868 2
52 765 4
52 126 2
53 609 1
53 290 1
53 518 1
53 425 1
53 546 2
53 435 1
53 633 2
53 923 1
56 840 3
56 987 5
56 214 1
58 483 1
58 948 1
60 947 1
61 546 6
61 840 5
61 586 1
61 522 1
61 718 3
61 338 1
61 693 1
61 122 2
61 170 1
61 181 1
62 800 9
62 485 2
62 646 3
62 500 3
62 214 4
62 542 2
65 865 2
65 135 2
65 75 8
65 147 1
65 948 1
65 316 3
67 963 8
67 165 4
67 391 1
67 846 2
67 207 1
67 656 1
67 344 3
68 840 1
68 987 5
69 343 1
70 388 1
70 264 2
70 334 1
70 90 2
70 509 1
70 415 2
71 595 3
73 565 2
74 256 3
74 392 7
74 294 6
74 166 2
74 648 2
74 586 1
74 974 2
74 112 5
74 104 1
74 948 2
74 214 6
74 984 3
74 313 1
74 90 4
74 573 1
75 772 1
75 334 1
77 168 5
77 425 1
77 266 1
77 912 6
77 790 2
77 759 5
77 472 2
78 710 1
78 878 1
78 178 2
78 502 7
78 951 1
78 249 1
78 605 2
78 767 1
82 784 1
82 870 1
82 135 2
83 784 2
83 697 1
86 443 1
88 106 1
90 769 1
90 898 1
90 147 6
90 534 1
90 923 7
90 157 1
90 926 3
90 166 2
90 168 6
90 178 2
90 948 7
90 850 2
90 980 2
90 214 2
90 122 1
90 609 3
90 356 2
90 107 1
90 881 3
90 114 1
90 506 2
90 638 1
91 833 1
91 850 2
91 499 1
91 415 1
91 185 1
92 915 2
92 316 2
93 192 1
95 840 1
95 873 1
95 987 5
95 251 1
96 420 1
98 401 9
98 707 3
98 268 1
98 429 1
98 454 1
99 599 1
99 249 1
99 178 3
99 207 1
99 929 1
101 377 1
101 246 2
101 423 2
104 294 2
104 425 51
104 974 1
104 721 4
104 472 1
106 906 2
106 634 1
106 402 1
107 289 1
107 810 2
107 335 2
107 464 2
107 664 1
107 980 1
107 118 1
107 696 1
109 721 1
109 913 3
112 674 4
112 517 3
112 166 2
112 392 1
112 267 3
113 646 1
114 169 1
117 268 1
118 135 1
118 365 1
118 178 1
118 732 1
119 812 5
119 700 1
120 880 2
120 707 2
120 772 3
120 198 1
120 742 2
120 425 5
120 752 2
120 948 1
120 566 2
120 196 2
120 923 1
120 191 1
122 185 1
122 980 2
122 718 1
124 535 1
126 356 1
126 133 1
126 168 1
126 586 5
126 782 1
126 573 1
127 184 1
127 178 3
127 595 2
127 916 1
127 415 1
129 577 1
129 926 3
133 984 2
133 472 1
134 257 1
134 850 4
135 278 2
135 581 9
135 870 5
135 942 5
135 628 2
135 371 3
135 692 2
135 405 2
135 292 3
135 383 1
135 316 2
135 415 2
136 200 2
136 857 1
136 952 1
136 316 3
137 581 4
139 369 2
139 534 2
139 510 1
141 188 1
141 469 1
142 316 3
142 207 1
147 416 10
147 577 3
147 454 5
147 715 3
147 686 2
147 150 2
147 926 2
147 383 1
148 486 1
149 716 2
149 293 1
149 718 1
149 423 1
151 617 1
151 890 1
151 923 3
151 278 1
151 687 1
152 443 4
157 577 1
157 277 2
157 686 3
159 923 1
160 530 3
160 948 1
160 629 5
160 838 2
161 948 1
163 913 1
163 799 2
163 518 1
163 895 5
165 586 1
165 207 7
165 401 14
165 948 1
165 344 5
165 316 4
165 990 1
166 435 1
166 500 3
166 984 4
166 586 4
167 387 1
167 424 1
167 207 1
167 978 1
167 469 2
167 954 1
167 795 1
167 957 1
168 356 12
168 966 3
168 948 12
168 425 2
168 266 3
168 912 46
168 984 2
168 949 4
168 790 2
168 439 3
168 472 21
168 313 1
168 923 2
168 260 5
168 232 4
168 575 2
169 688 1
169 595 3
170 784 1
170 840 3
170 231 1
171 577 2
171 347 1
171 590 1
171 933 1
171 926 2
173 506 9
173 516 1
173 719 1
175 275 2
175 423 2
178 409 2
178 538 2
178 415 2
178 929 2
178 295 2
178 990 2
178 693 3
178 569 2
178 314 2
178 710 2
178 333 2
178 976 2
178 339 2
178 470 4
178 599 2
178 605 29
178 862 8
178 991 3
178 228 3
178 359 1
178 749 2
178 752 1
178 502 19
178 249 3
178 767 2
181 656 1
181 353 1
181 274 1
181 920 1
184 832 3
184 633 1
185 833 1
187 450 1
189 376 1
189 530 3
189 718 2
190 656 1
191 948 1
191 415 2
193 707 1
193 316 1
193 923 1
196 401 1
196 468 1
197 719 1
199 516 1
199 506 13
199 996 1
199 719 1
200 971 1
200 428 2
200 344 1
200 915 4
200 952 5
200 857 2
200 351 3
200 316 4
200 543 1
201 506 1
207 424 1
207 428 5
207 493 1
207 558 8
207 373 3
207 888 1
207 954 2
207 795 4
207 349 1
207 990 4
207 469 3
214 662 2
214 518 5
214 776 1
214 912 2
214 278 1
214 923 7
214 290 2
214 940 1
214 951 1
214 316 1
214 586 2
214 833 1
214 450 1
214 707 1
214 712 2
214 742 6
214 500 4
216 321 7
216 458 2
216 684 1
216 558 4
216 565 2
216 956 1
216 318 3
220 278 1
223 718 4
224 316 2
224 990 2
228 249 1
228 605 4
228 502 1
229 397 1
229 777 1
229 421 3
229 334 1
229 415 1
231 923 1
231 840 5
231 874 3
231 749 5
231 849 2
231 338 1
231 245 2
231 921 2
231 987 5
231 540 1
231 511 1
232 472 12
232 313 1
232 356 4
232 425 10
233 746 3
233 835 1
233 692 8
233 278 1
233 935 1
235 890 1
235 923 1
235 948 1
236 393 3
236 532 2
239 577 2
239 923 1
239 609 1
240 435 1
243 607 1
245 840 1
245 329 1
245 874 3
245 338 2
245 987 5
245 540 1
246 724 1
246 423 3
248 550 4
249 519 1
249 409 1
249 538 1
249 929 1
249 693 1
249 314 1
249 710 1
249 333 1
249 976 1
249 470 1
249 599 1
249 605 3
249 862 1
249 991 1
249 502 1
249 377 3
249 506 1
249 767 1
250 948 1
250 332 3
250 662 1
250 886 1
251 840 1
251 987 5
256 356 1
256 294 2
256 425 3
256 974 1
256 721 1
257 948 1
260 912 3
260 948 3
264 738 2
266 425 1
267 517 1
267 586 1
267 435 4
267 948 4
267 630 2
267 984 1
267 891 5
268 291 1
268 454 1
268 713 1
268 633 1
270 516 1
270 719 1
273 951 16
274 656 1
274 469 1
275 369 2
277 577 1
277 931 1
278 833 1
278 850 1
278 500 2
278 629 2
278 617 1
278 923 6
280 293 1
280 902 9
280 915 3
280 530 6
280 851 3
280 629 9
280 700 1
284 680 1
284 731 3
284 422 2
285 577 2
288 610 12
288 484 12
288 773 12
288 391 13
288 846 14
288 530 2
288 629 18
288 630 4
289 506 1
289 810 1
290 589 6
293 724 1
293 377 1
293 697 3
293 862 2
294 332 3
294 974 1
294 435 2
294 885 2
294 790 1
294 759 3
294 984 1
294 313 1
294 586 2
294 447 1
302 316 3
302 543 1
306 696 2
306 374 1
306 334 1
309 832 1
310 948 1
310 343 5
311 840 3
311 697 1
311 987 5
313 356 3
313 721 1
313 425 1
313 974 1
313 912 1
313 598 2
314 693 1
314 929 1
316 647 2
316 392 1
316 450 1
316 530 3
316 915 16
316 920 2
316 543 3
316 806 2
316 428 3
316 952 6
316 953 3
316 962 1
316 971 3
316 978 1
316 851 2
316 344 2
316 857 4
316 731 2
316 349 2
316 990 3
316 351 6
316 742 1
316 888 2
318 840 5
318 332 1
318 558 3
318 400 3
318 499 1
319 832 3
319 386 1
319 1002 3
319 844 1
319 558 2
319 956 5
319 458 4
320 337 1
321 618 2
321 499 3
321 684 1
321 565 1
323 343 1
324 586 1
324 951 1
327 516 1
327 719 1
329 624 1
329 540 1
332 803 1
332 617 3
332 425 9
332 586 13
332 844 2
332 782 3
332 435 4
332 948 4
332 974 1
332 854 1
332 759 2
332 472 8
332 500 9
332 539 2
332 923 1
333 605 4
333 767 1
334 772 1
334 776 2
334 586 2
334 718 1
334 687 2
334 435 1
334 692 3
334 696 2
334 500 1
334 890 2
334 923 1
334 700 3
334 607 1
335 810 1
336 577 1
336 926 2
337 479 1
338 994 1
338 840 3
338 873 1
338 624 1
338 849 2
338 987 5
338 540 2
343 534 1
343 399 2
343 853 3
343 950 8
343 663 8
344 373 5
344 952 1
346 559 2
347 577 1
347 590 1
347 933 1
347 966 2
351 952 1
351 915 1
351 782 2
353 656 1
353 391 2
355 577 2
356 416 2
356 721 2
356 425 4
356 648 2
356 744 3
356 782 2
356 765 2
356 912 8
356 948 3
356 472 15
356 923 1
356 602 1
360 629 4
360 526 2
361 840 1
361 987 5
362 528 1
362 609 3
362 383 3
364 641 1
365 718 1
367 713 1
367 923 1
367 940 1
369 485 1
369 646 2
369 423 1
369 535 2
371 530 1
371 415 1
373 391 2
377 685 2
377 951 1
377 696 3
378 514 1
379 568 1
379 662 1
381 506 1
381 532 8
381 702 1
383 912 2
383 589 2
383 720 2
383 731 1
383 586 3
390 784 12
391 610 1
391 484 1
392 517 1
396 761 1
397 671 1
397 975 1
400 813 2
401 454 10
401 429 15
401 415 17
402 943 1
404 718 1
405 782 1
407 843 6
409 605 2
414 891 13
415 833 6
415 546 1
415 454 3
415 425 1
415 518 3
415 811 7
415 429 9
415 718 1
416 707 1
416 425 8
416 912 3
416 948 7
416 790 9
418 996 6
420 559 2
421 795 3
422 696 1
422 680 4
422 731 14
423 832 1
423 866 1
423 977 1
423 716 1
423 849 2
424 795 4
424 990 6
425 912 5
425 946 2
425 948 3
425 721 2
425 598 1
425 472 8
425 868 2
425 743 1
425 633 1
425 765 3
427 955 5
428 915 8
428 888 1
428 990 3
428 543 1
429 454 4
433 840 1
433 531 1
433 987 8
433 789 2
435 586 3
435 782 3
435 500 5
435 573 1
437 516 1
437 719 1
440 737 1
443 742 1
444 535 1
445 891 1
450 802 1
450 923 2
450 965 2
450 712 2
450 947 1
450 662 1
450 695 1
450 572 1
454 772 1
454 1003 4
458 704 2
458 1000 3
458 684 2
458 558 2
458 723 2
458 956 3
459 517 1
464 980 4
465 812 4
465 700 1
466 586 2
466 782 3
470 605 4
472 721 1
472 648 1
472 744 1
472 912 8
472 948 1
472 868 3
472 602 2
476 923 1
479 948 1
479 980 1
479 718 1
480 840 1
480 987 5
482 840 2
482 531 2
482 990 1
482 987 5
483 775 1
484 838 1
484 493 4
484 782 1
484 629 4
484 630 12
485 646 3
485 551 1
486 656 2
486 920 1
488 947 1
491 644 1
493 629 4
499 683 1
499 558 2
499 890 1
500 586 5
500 687 3
500 948 2
500 782 2
500 923 4
502 995 1
502 749 4
502 878 8
502 851 1
502 693 3
502 605 5
503 704 2
506 576 2
506 996 4
506 1001 4
506 1004 3
506 719 3
506 921 7
506 516 1
506 951 1
506 644 3
506 783 2
506 924 3
506 541 2
506 702 3
507 658 1
507 629 1
507 782 2
511 849 1
512 630 4
513 646 2
514 832 1
514 1001 1
514 780 1
514 977 1
514 950 3
516 644 1
516 650 1
516 783 1
516 657 1
516 532 1
516 921 1
516 923 1
516 924 4
516 541 1
516 682 1
516 945 1
516 828 1
516 654 1
516 576 1
516 837 1
516 719 2
516 850 1
516 979 1
516 738 1
516 996 1
516 1001 1
516 881 1
516 702 1
516 745 1
516 761 1
516 764 1
517 674 2
517 803 2
517 586 1
517 751 1
517 948 3
518 895 7
518 854 1
518 823 4
518 913 1
518 535 4
518 799 5
522 718 1
523 863 2
526 530 1
526 629 4
527 870 1
528 731 1
528 566 3
530 687 2
530 685 3
530 920 3
530 658 3
530 851 6
530 629 7
530 630 2
530 891 5
530 915 6
531 840 1
531 987 7
532 719 1
533 784 1
535 833 1
535 722 2
535 854 1
538 605 2
540 641 2
540 987 10
540 633 1
540 840 3
540 873 4
540 874 3
540 855 2
540 697 4
540 955 4
541 738 3
541 837 1
541 719 2
541 850 2
541 923 1
543 971 1
543 952 1
546 833 1
546 550 1
546 715 1
551 799 2
551 646 1
551 895 6
553 688 2
558 1000 2
558 956 2
559 622 1
561 629 4
563 731 3
565 684 1
565 943 1
565 723 2
569 605 2
575 949 1
575 966 3
576 719 1
577 933 5
577 715 2
577 748 1
577 590 1
577 926 4
577 686 1
580 582 2
581 742 2
581 692 3
581 855 1
581 703 1
582 840 1
582 764 1
582 987 6
585 922 1
586 782 6
586 915 1
586 923 6
586 687 2
586 948 1
586 974 2
586 984 5
586 730 1
586 751 1
587 833 2
591 663 1
591 718 1
591 607 2
595 790 1
595 718 4
598 918 1
599 929 1
599 710 1
599 605 6
600 956 1
602 721 4
605 710 2
605 840 1
605 1001 4
605 685 9
605 976 2
605 693 3
605 862 2
605 767 2
607 1003 1
607 687 1
607 696 2
609 707 2
609 772 2
609 716 1
609 948 1
609 951 1
609 633 1
609 923 1
609 890 1
617 811 2
617 923 3
618 684 1
624 746 1
624 692 2
629 891 5
629 902 1
629 838 1
629 658 4
629 685 4
629 846 4
629 630 4
629 631 4
629 750 4
633 707 3
633 923 1
634 788 3
638 832 1
638 649 1
638 790 1
638 879 1
641 840 2
641 987 7
643 685 1
644 996 2
644 1001 9
644 719 3
644 850 1
644 702 4
648 974 1
650 682 1
650 850 1
650 719 1
654 738 6
654 837 3
654 682 1
654 719 2
654 783 2
654 991 6
656 838 1
656 782 2
656 920 1
657 719 1
658 846 2
662 900 2
668 746 3
671 975 1
672 956 1
674 948 1
677 782 1
680 731 6
680 707 3
682 738 1
682 783 1
682 850 3
682 719 3
684 704 1
684 844 1
685 1001 3
686 926 2
687 718 1
687 696 2
687 724 1
687 923 1
692 775 2
692 776 1
692 746 3
692 749 1
692 935 1
692 696 2
695 947 1
696 900 1
696 746 2
697 771 1
697 855 4
697 925 4
698 840 1
698 987 6
700 812 5
700 790 1
702 719 1
704 956 3
706 951 1
707 880 1
707 951 4
707 923 5
711 718 1
715 926 5
716 718 1
717 782 1
718 843 1
718 904 6
718 969 2
718 980 2
718 724 3
719 783 3
719 921 1
719 923 1
719 924 1
719 945 1
719 828 1
719 837 4
719 850 1
719 979 1
719 738 1
719 996 1
719 1001 5
719 881 1
719 745 1
719 761 1
720 833 1
720 746 3
721 743 2
723 758 1
724 1004 3
724 883 2
738 837 2
738 783 4
738 921 1
738 923 5
742 900 3
746 935 2
746 813 5
748 926 5
752 811 1
754 883 1
758 956 2
762 984 1
764 994 1
764 840 6
764 874 3
764 987 5
765 912 1
765 948 2
772 923 1
774 947 10
776 923 1
778 881 1
779 843 1
780 950 1
782 915 4
782 790 1
782 838 2
782 984 2
782 988 1
782 867 1
783 881 1
784 870 1
784 855 1
784 863 4
789 840 1
789 987 5
790 868 3
790 812 4
790 912 3
790 881 1
796 840 1
796 987 5
799 895 3
809 840 1
809 987 6
813 935 1
817 851 2
817 988 1
823 895 11
832 950 2
833 987 1
837 948 1
837 924 1
838 915 1
840 925 3
840 955 3
840 849 2
840 987 7
840 994 1
840 872 1
840 873 1
840 874 3
844 956 1
844 918 2
849 874 1
849 987 5
850 996 1
850 924 1
851 978 7
851 920 3
851 915 6
857 915 5
858 991 1
866 951 3
868 974 1
872 987 8
873 874 3
873 987 5
874 925 1
875 923 1
878 929 2
880 923 1
881 924 1
890 1003 2
890 948 2
890 923 3
912 948 3
912 949 7
915 920 3
923 948 2
923 951 1
924 1001 2
925 955 1
940 948 1
947 948 1
948 974 1
952 971 1
955 987 9
974 984 1
987 994 5
