0
1
2
3
4
5
6
7
8
9
10
11
12
13
14
15
16
17
18
19
20
21
22
23
24
25
26
27
28
29
30
31
32
33
34
35
36
37
38
39
40
41
42
43
44
45
46
47
48
49
50
51
52
53
54
55
56
57
58
59
60
61
62
63
64
65
66
67
68
69
70
71
72
73
74
75
76
77
78
79
80
81
82
83
84
85
86
87
88
89
90
91
92
93
94
95
96
97
98
99
100
101
102
103
104
105
106
107
108
109
110
111
112
113
114
115
116
117
118
119
120
121
122
123
124
125
126
127
128
129
130
131
132
133
134
135
136
137
138
139
141
142
143
144
145
146
147
148
149
150
151
152
153
154
155
157
158
159
160
161
162
163
164
165
166
167
168
169
170
171
172
173
174
175
176
177
178
179
180
181
182
183
184
185
186
187
188
189
190
191
192
193
194
195
196
197
198
199
200
201
202
203
204
205
206
207
208
209
210
211
212
213
214
215
216
217
218
219
220
221
222
223
224
225
226
227
228
229
230
231
232
233
235
236
237
238
239
240
241
242
243
244
245
246
247
248
249
250
251
252
253
254
255
256
257
259
260
262
263
264
265
266
267
268
269
270
271
272
273
274
275
276
277
278
279
280
281
282
283
284
285
286
287
288
289
290
291
292
293
294
295
296
297
299
300
301
302
303
304
305
306
307
308
309
310
311
312
313
314
315
316
317
318
319
320
321
322
323
324
325
326
327
328
329
330
331
332
333
334
335
336
337
338
339
340
341
343
344
345
346
347
348
349
350
351
352
353
355
356
357
358
359
360
361
362
364
365
366
367
368
369
370
371
372
373
374
375
376
377
378
379
380
381
382
383
384
385
386
387
388
389
390
391
392
393
394
395
396
397
398
399
400
401
402
403
404
405
406
407
408
409
410
411
412
413
414
415
416
418
419
420
421
422
423
424
425
426
427
428
429
430
431
432
433
434
435
436
437
438
439
440
441
442
443
444
445
446
447
448
449
450
451
452
453
454
455
456
457
458
459
460
461
462
464
465
466
467
468
469
470
471
472
473
474
475
476
477
478
479
480
481
482
483
484
485
486
487
488
489
490
491
492
493
495
496
497
498
499
500
501
502
503
504
505
506
507
508
509
510
511
512
513
514
515
516
517
518
519
520
521
522
523
524
525
526
527
528
530
531
532
533
534
535
536
537
538
539
540
541
542
543
544
545
546
547
548
549
550
551
552
553
554
556
557
558
559
560
561
562
563
564
565
566
567
568
569
570
571
572
573
574
575
576
577
578
579
580
581
582
583
584
585
586
587
588
589
590
591
592
593
594
595
596
597
598
599
600
601
602
603
604
605
606
607
609
610
611
612
613
614
615
616
617
618
619
621
622
623
624
625
626
627
628
629
630
631
632
633
634
635
636
637
638
639
640
641
642
643
644
645
646
647
648
649
650
651
652
653
654
655
656
657
658
659
660
661
662
663
664
665
666
667
668
669
670
671
672
673
674
675
676
677
678
679
680
681
682
683
684
685
686
687
688
689
690
691
692
693
694
695
696
697
698
699
700
701
702
703
704
705
706
707
708
709
710
711
712
713
714
715
716
717
718
719
720
721
722
723
724
725
726
727
728
729
730
731
732
733
734
735
736
737
738
739
740
741
742
743
744
745
746
747
748
749
750
751
752
753
754
756
757
758
759
760
761
762
763
764
765
767
768
769
770
771
772
773
774
775
776
777
778
779
780
781
782
783
784
785
786
787
788
789
790
791
792
793
794
795
796
797
798
799
800
801
802
803
804
805
806
807
808
809
810
811
812
813
814
815
816
817
818
819
820
821
822
823
824
825
826
827
828
829
830
831
832
833
834
835
836
837
838
839
840
841
842
843
844
845
846
847
848
849
850
851
852
853
854
855
856
857
858
859
860
861
862
863
864
865
866
867
868
869
870
871
872
873
874
875
876
877
878
879
880
881
882
883
884
885
886
887
888
889
890
891
892
893
894
895
896
897
898
899
900
901
902
903
904
905
906
907
908
909
910
911
912
913
914
915
916
917
918
919
920
921
922
923
924
925
926
927
928
929
930
931
932
933
934
935
936
937
938
939
940
941
942
943
944
945
946
947
948
949
950
951
952
953
954
955
956
957
958
960
961
962
963
964
965
966
967
968
969
970
971
972
973
974
975
976
977
978
979
980
981
982
983
984
985
986
987
988
989
990
991
992
993
994
995
996
997
998
999
1000
1001
1002
1003
1004
0 333 1
2 700 2
2 629 2
2 790 2
6 333 1
14 1001 1
14 506 8
14 644 2
14 924 1
14 702 22
15 680 3
30 765 1
31 165 2
32 61 1
38 334 2
45 782 1
52 66 1
58 818 1
62 168 1
62 444 1
64 139 1
66 782 2
67 963 2
67 165 3
67 846 3
67 207 2
67 561 1
67 344 1
74 392 1
74 126 3
77 260 1
78 333 1
86 443 1
90 168 1
90 416 1
90 656 1
90 335 1
90 479 1
91 724 1
98 401 2
101 866 1
101 423 1
102 139 1
103 514 2
103 1001 1
103 780 1
103 977 1
103 950 1
103 378 1
104 721 3
104 765 3
104 126 5
119 880 2
120 772 2
125 139 1
126 294 8
126 648 2
126 586 8
126 782 3
126 500 1
135 932 1
135 942 1
139 323 1
139 676 1
139 487 1
139 939 1
139 206 1
139 174 1
139 534 1
139 324 1
139 154 1
139 477 1
139 510 1
147 715 2
147 214 2
152 443 3
157 746 1
157 347 1
157 686 1
159 692 2
159 214 1
160 629 1
165 344 1
165 401 4
165 316 2
166 586 1
166 500 1
167 978 1
167 469 1
168 260 1
168 556 1
168 912 1
168 790 1
168 439 1
171 715 1
173 506 3
175 849 3
175 275 3
178 502 2
178 862 1
181 552 1
181 696 1
181 189 2
193 923 1
199 506 9
200 746 1
200 316 2
207 795 1
207 953 1
207 469 2
214 290 1
214 807 4
214 617 1
214 530 1
214 306 1
214 692 1
214 731 1
228 605 6
228 502 2
228 333 1
231 698 1
231 245 1
232 790 1
236 867 1
239 353 1
239 988 1
245 698 1
245 540 1
249 333 1
256 721 1
256 356 1
260 912 1
267 530 1
267 629 1
274 353 1
274 817 1
275 849 3
283 586 1
284 680 3
284 731 1
285 715 1
288 561 3
288 493 3
288 445 3
288 838 1
288 629 3
291 401 2
294 313 1
306 784 3
306 790 3
311 540 1
312 333 1
322 334 1
333 502 1
333 710 1
333 599 1
333 569 1
333 693 1
333 470 1
333 409 1
333 538 1
333 605 1
333 862 1
333 767 1
334 534 1
335 643 1
335 980 2
347 715 1
353 951 1
356 416 2
356 746 1
377 423 1
401 454 6
401 429 2
401 415 2
413 746 2
413 700 1
413 935 9
416 765 1
421 424 2
421 795 2
422 680 2
422 731 1
423 849 2
424 658 1
424 795 3
435 500 1
438 818 1
440 810 1
443 662 1
444 535 3
447 586 2
454 592 5
454 772 1
454 713 5
472 912 3
472 946 1
479 980 1
493 630 1
500 586 2
500 814 2
500 782 4
502 862 1
506 996 8
506 1001 10
506 951 1
506 541 1
516 881 1
516 783 1
516 761 1
517 746 1
528 923 1
530 838 1
530 629 3
530 630 1
530 858 1
540 692 4
540 855 1
540 697 1
540 698 1
540 925 1
541 923 3
542 746 1
550 746 1
556 949 1
561 838 1
575 912 1
577 715 1
577 686 3
581 936 5
581 932 1
581 692 1
586 746 1
586 782 1
590 715 1
591 923 1
592 609 2
592 713 1
629 630 1
630 920 1
644 924 4
648 721 1
650 828 1
654 738 1
665 746 1
666 828 1
668 746 5
668 935 4
680 731 3
684 746 1
686 715 1
687 746 2
692 746 9
698 840 1
698 873 1
698 764 1
707 951 1
715 931 1
715 933 1
715 972 1
715 748 1
715 926 1
731 746 2
738 923 2
742 784 1
742 746 1
746 992 3
746 923 1
746 935 15
746 812 3
761 928 1
764 840 1
772 923 6
782 984 1
819 1003 1
921 923 2
953 957 1
