0
1
2
3
4
5
6
7
8
9
10
11
12
13
14
15
16
17
18
19
20
21
22
23
24
25
26
27
28
29
30
31
32
33
34
35
36
37
38
39
40
41
42
43
44
45
46
47
48
49
50
51
52
53
54
55
56
57
58
59
60
61
62
63
64
65
66
67
68
69
70
71
72
73
74
75
76
77
78
79
80
81
82
83
84
85
86
87
88
89
90
91
92
93
94
95
96
97
98
99
100
101
102
103
104
105
106
107
108
109
110
111
112
113
114
115
116
117
118
119
120
121
122
123
124
125
126
127
128
129
130
131
132
133
134
135
136
137
138
139
141
142
143
144
145
146
147
148
149
150
151
152
153
154
155
157
158
159
160
161
162
163
164
165
166
167
168
169
170
171
172
173
174
175
176
177
178
179
180
181
182
183
184
185
186
187
188
189
190
191
192
193
194
195
196
197
198
199
200
201
202
203
204
205
206
207
208
209
210
211
212
213
214
215
216
217
218
219
220
221
222
223
224
225
226
227
228
229
230
231
232
233
235
236
237
238
239
240
241
242
243
244
245
246
247
248
249
250
251
252
253
254
255
256
257
259
260
262
263
264
265
266
267
268
269
270
271
272
273
274
275
276
277
278
279
280
281
282
283
284
285
286
287
288
289
290
291
292
293
294
295
296
297
299
300
301
302
303
304
305
306
307
308
309
310
311
312
313
314
315
316
317
318
319
320
321
322
323
324
325
326
327
328
329
330
331
332
333
334
335
336
337
338
339
340
341
343
344
345
346
347
348
349
350
351
352
353
355
356
357
358
359
360
361
362
364
365
366
367
368
369
370
371
372
373
374
375
376
377
378
379
380
381
382
383
384
385
386
387
388
389
390
391
392
393
394
395
396
397
398
399
400
401
402
403
404
405
406
407
408
409
410
411
412
413
414
415
416
418
419
420
421
422
423
424
425
426
427
428
429
430
431
432
433
434
435
436
437
438
439
440
441
442
443
444
445
446
447
448
449
450
451
452
453
454
455
456
457
458
459
460
461
462
464
465
466
467
468
469
470
471
472
473
474
475
476
477
478
479
480
481
482
483
484
485
486
487
488
489
490
491
492
493
495
496
497
498
499
500
501
502
503
504
505
506
507
508
509
510
511
512
513
514
515
516
517
518
519
520
521
522
523
524
525
526
527
528
530
531
532
533
534
535
536
537
538
539
540
541
542
543
544
545
546
547
548
549
550
551
552
553
554
556
557
558
559
560
561
562
563
564
565
566
567
568
569
570
571
572
573
574
575
576
577
578
579
580
581
582
583
584
585
586
587
588
589
590
591
592
593
594
595
596
597
598
599
600
601
602
603
604
605
606
607
609
610
611
612
613
614
615
616
617
618
619
621
622
623
624
625
626
627
628
629
630
631
632
633
634
635
636
637
638
639
640
641
642
643
644
645
646
647
648
649
650
651
652
653
654
655
656
657
658
659
660
661
662
663
664
665
666
667
668
669
670
671
672
673
674
675
676
677
678
679
680
681
682
683
684
685
686
687
688
689
690
691
692
693
694
695
696
697
698
699
700
701
702
703
704
705
706
707
708
709
710
711
712
713
714
715
716
717
718
719
720
721
722
723
724
725
726
727
728
729
730
731
732
733
734
735
736
737
738
739
740
741
742
743
744
745
746
747
748
749
750
751
752
753
754
756
757
758
759
760
761
762
763
764
765
767
768
769
770
771
772
773
774
775
776
777
778
779
780
781
782
783
784
785
786
787
788
789
790
791
792
793
794
795
796
797
798
799
800
801
802
803
804
805
806
807
808
809
810
811
812
813
814
815
816
817
818
819
820
821
822
823
824
825
826
827
828
829
830
831
832
833
834
835
836
837
838
839
840
841
842
843
844
845
846
847
848
849
850
851
852
853
854
855
856
857
858
859
860
861
862
863
864
865
866
867
868
869
870
871
872
873
874
875
876
877
878
879
880
881
882
883
884
885
886
887
888
889
890
891
892
893
894
895
896
897
898
899
900
901
902
903
904
905
906
907
908
909
910
911
912
913
914
915
916
917
918
919
920
921
922
923
924
925
926
927
928
929
930
931
932
933
934
935
936
937
938
939
940
941
942
943
944
945
946
947
948
949
950
951
952
953
954
955
956
957
958
960
961
962
963
964
965
966
967
968
969
970
971
972
973
974
975
976
977
978
979
980
981
982
983
984
985
986
987
988
989
990
991
992
993
994
995
996
997
998
999
1000
1001
1002
1003
1004
0 569 1
0 178 7
0 333 1
0 502 1
0 605 1
1 337 2
2 700 1
2 790 3
2 126 2
2 231 1
4 304 1
4 585 1
4 771 3
5 118 1
5 553 1
5 107 1
5 175 1
5 502 3
5 506 2
5 335 3
5 29 1
6 569 1
6 178 8
6 333 2
12 870 5
14 881 2
14 506 1
14 702 2
15 680 3
15 731 4
15 422 3
17 200 2
17 316 3
24 641 1
24 994 1
24 891 2
24 647 4
24 629 13
24 280 4
24 955 1
24 540 4
25 704 2
26 40 1
28 641 1
28 994 1
28 987 4
28 540 2
28 955 1
29 236 1
29 335 3
30 256 1
30 868 1
30 104 2
30 908 1
30 912 2
30 168 2
30 936 1
30 765 4
30 126 3
31 200 2
31 316 3
31 165 1
31 838 1
32 669 1
32 143 1
32 693 3
32 214 2
32 280 2
32 316 1
32 61 2
32 862 2
35 280 3
35 469 1
35 207 1
40 802 2
40 379 1
40 900 2
40 198 1
40 712 1
40 316 1
40 450 6
40 60 1
40 272 3
40 488 1
40 947 1
40 596 1
40 662 2
40 695 3
40 568 3
40 90 2
40 187 3
40 572 2
40 254 1
40 927 1
41 723 1
42 337 2
45 260 1
46 132 1
48 528 1
48 918 1
50 559 1
53 987 2
53 923 3
53 614 3
53 731 3
56 641 2
56 482 2
56 987 4
56 990 1
56 159 3
58 909 5
61 771 1
61 900 1
61 135 8
61 136 1
61 784 1
61 659 2
61 662 1
61 132 1
61 161 1
61 802 2
61 550 2
61 428 3
61 306 5
61 692 3
61 695 1
61 568 2
61 185 3
61 187 2
61 830 1
61 703 3
61 450 6
61 581 1
61 718 7
61 591 1
61 851 1
61 469 5
61 857 2
61 602 3
61 991 6
61 272 2
61 742 5
61 915 3
61 765 2
62 746 2
62 646 4
62 542 6
64 534 2
65 987 1
66 227 1
66 260 3
67 963 10
67 165 6
67 846 6
67 207 8
67 561 4
67 344 5
67 190 1
68 176 1
68 987 4
71 595 1
71 951 1
72 90 1
72 135 4
74 803 4
74 166 2
74 294 7
74 112 1
74 435 1
74 126 5
75 987 1
75 927 1
77 168 6
77 912 3
77 260 1
77 294 1
78 569 1
78 178 8
78 333 2
82 628 1
82 870 1
83 769 1
83 159 1
83 807 1
86 443 2
87 160 2
90 517 1
90 526 2
90 912 2
90 535 1
90 664 1
90 538 1
90 670 1
90 927 2
90 802 2
90 935 1
90 944 2
90 200 1
90 798 2
90 186 1
90 187 1
90 316 1
90 191 2
90 704 1
90 459 1
90 343 1
90 857 1
90 987 2
90 220 1
90 865 1
90 226 1
90 742 2
90 107 1
90 499 1
90 891 1
91 120 1
91 987 1
91 334 1
92 280 2
92 200 2
92 316 3
92 647 1
95 433 1
95 987 6
98 707 5
98 454 4
98 134 3
98 713 5
98 107 5
98 268 5
98 429 3
98 592 9
98 401 6
98 291 3
98 117 5
98 278 4
101 246 3
101 423 2
102 139 1
103 950 1
103 310 3
103 423 1
104 908 1
104 765 4
105 418 1
106 139 1
107 192 1
107 454 1
107 810 1
107 208 1
107 980 1
107 316 1
112 674 1
112 803 7
112 294 2
112 166 2
112 267 5
113 854 2
113 927 2
116 772 1
118 335 3
119 812 1
120 987 1
120 135 1
120 586 1
120 923 1
120 334 1
120 752 1
125 139 1
126 416 1
126 260 2
126 168 1
126 782 2
126 500 2
127 866 2
127 316 1
127 454 3
131 987 1
132 334 1
133 168 2
133 256 1
133 602 2
133 908 1
134 592 5
134 987 1
134 454 1
135 161 4
135 987 2
135 292 2
135 581 10
135 870 1
135 337 2
135 936 1
135 170 1
135 942 5
135 176 2
135 178 1
135 371 2
135 628 5
135 462 1
135 692 3
135 703 3
135 720 1
135 549 6
136 200 4
136 915 4
136 280 1
136 857 1
136 316 5
137 936 3
137 742 1
138 783 2
138 867 2
138 415 1
139 513 1
139 323 1
139 324 1
139 487 1
139 939 1
139 524 1
139 206 1
139 174 1
139 534 1
139 154 1
139 477 1
139 510 2
141 469 1
142 165 1
142 200 2
142 267 1
142 207 1
142 469 1
142 214 1
142 280 3
142 316 3
142 159 1
143 696 1
143 580 1
143 159 1
147 196 1
147 454 1
147 171 2
147 214 2
147 347 2
147 926 1
147 927 1
150 833 1
151 253 2
152 443 2
157 462 4
159 544 2
159 891 1
159 502 2
159 940 6
159 493 5
159 239 1
159 923 1
159 724 10
159 214 4
159 951 1
159 251 1
159 987 4
159 707 1
159 963 1
159 607 4
160 280 3
160 891 1
160 629 3
160 493 3
161 994 1
161 443 1
161 581 1
165 200 2
165 207 2
165 401 8
165 316 5
166 674 1
166 803 9
166 356 1
166 294 3
166 586 4
166 267 1
166 759 3
166 765 2
167 280 2
167 469 3
167 181 1
168 260 9
168 294 2
168 232 4
168 362 4
168 782 11
168 912 30
168 984 2
168 439 2
168 472 6
168 966 2
168 765 1
169 372 1
170 697 1
171 362 1
171 933 1
173 541 1
175 737 1
175 849 2
175 275 12
175 335 3
176 769 1
176 482 1
176 995 1
176 836 1
176 581 1
176 329 1
176 746 1
176 588 1
176 692 1
176 245 1
176 855 1
176 641 1
176 764 1
178 409 7
178 538 7
178 646 5
178 295 5
178 693 8
178 316 1
178 710 7
178 333 8
178 976 7
178 339 1
178 470 7
178 599 7
178 605 11
178 862 8
178 991 7
178 228 7
178 502 16
178 249 9
178 767 10
180 829 1
180 727 2
181 338 1
181 274 1
181 724 1
181 696 3
181 537 1
181 190 3
185 752 2
185 762 1
185 987 1
186 256 1
186 648 1
186 267 1
186 517 1
187 596 1
188 280 2
188 469 1
189 236 1
189 718 5
189 977 1
189 915 4
189 920 1
189 410 2
190 353 3
190 656 3
190 274 3
190 373 4
190 951 1
190 920 2
190 316 1
191 752 1
191 692 2
191 927 1
192 381 1
192 335 2
193 707 1
193 782 1
193 338 2
193 633 2
193 987 1
193 927 1
194 951 2
196 987 1
196 454 2
196 927 1
197 850 1
197 987 1
197 790 2
199 996 1
199 644 11
200 971 3
200 316 8
200 647 2
200 428 2
200 344 3
200 915 6
200 302 2
200 952 3
200 857 3
200 543 2
200 990 2
201 754 1
201 335 1
207 424 3
207 558 1
207 547 2
207 469 6
207 280 1
207 795 2
207 988 1
208 335 3
209 765 3
213 374 1
214 290 4
214 987 1
214 278 1
214 746 2
214 687 1
214 531 4
214 306 2
214 707 3
214 343 2
214 923 4
214 316 2
216 321 2
223 322 2
223 462 3
223 343 4
227 966 1
228 569 1
228 333 1
228 502 1
228 605 1
229 306 4
229 659 2
231 840 1
231 738 1
231 624 1
231 245 2
231 698 1
231 987 5
231 764 1
231 607 2
232 575 1
232 607 2
233 329 2
233 746 5
233 692 21
233 581 1
236 898 2
236 1004 2
236 537 6
236 335 4
239 987 1
241 280 2
245 698 1
245 987 4
246 377 1
246 423 2
248 987 1
248 462 3
249 569 1
249 333 2
249 605 4
250 886 1
250 782 2
250 927 3
251 987 4
253 290 3
253 566 2
253 454 2
256 416 3
256 294 1
257 987 1
260 557 1
260 912 8
260 790 1
260 439 2
260 762 1
264 454 3
267 416 1
267 674 1
267 803 3
267 294 1
267 586 2
267 280 1
268 454 2
272 450 2
272 900 2
272 754 1
272 595 5
274 647 2
274 552 1
274 920 2
274 280 1
274 469 1
277 458 1
278 462 2
280 647 3
280 493 2
280 656 3
280 658 4
280 915 4
280 408 2
280 281 1
280 547 3
280 421 2
280 422 2
280 817 2
280 424 2
280 301 1
280 561 4
280 530 9
280 953 2
280 954 2
280 445 1
280 846 2
280 851 4
280 526 4
280 990 3
280 293 2
280 685 1
280 739 1
280 614 2
280 360 3
280 920 4
280 629 4
280 630 1
280 631 3
280 891 1
280 469 2
290 566 2
291 401 3
293 547 1
293 605 1
293 718 2
294 416 1
294 674 1
294 803 4
294 586 3
294 817 1
294 984 1
294 313 1
294 699 1
294 447 1
295 569 1
299 322 3
299 388 4
301 647 4
302 316 3
306 771 4
306 742 20
306 807 1
306 659 5
306 660 2
306 374 2
309 832 1
310 343 3
311 641 1
311 994 1
311 955 1
311 697 2
311 987 4
311 540 2
312 333 1
316 647 6
316 915 9
316 543 3
316 428 13
316 431 1
316 952 3
316 953 2
316 544 1
316 838 3
316 971 3
316 720 1
316 978 1
316 344 3
316 857 4
316 987 1
316 349 2
316 990 3
316 607 4
316 739 1
316 997 1
316 850 1
316 629 4
316 502 1
317 374 3
318 918 1
320 980 1
321 684 2
321 918 1
322 343 4
322 420 1
324 334 2
327 381 2
329 987 1
329 540 1
329 819 1
332 435 1
332 500 8
332 918 1
332 782 15
332 575 6
333 409 1
333 502 1
333 710 1
333 743 1
333 599 1
333 693 1
333 470 1
333 569 2
333 538 1
333 605 2
333 862 1
333 767 3
334 987 1
334 772 1
334 454 2
334 776 1
334 462 2
334 692 1
334 534 3
334 607 3
334 638 2
334 671 1
335 643 3
335 664 7
335 537 3
335 670 3
335 808 3
335 553 3
335 810 1
335 688 3
335 464 3
335 468 3
335 985 1
335 737 3
335 1004 3
335 980 6
335 381 3
337 514 2
337 936 4
337 780 1
337 505 1
337 634 2
337 477 1
338 994 1
338 955 1
338 641 1
338 987 7
338 540 2
340 528 1
343 612 1
343 534 1
343 950 1
343 853 2
343 663 4
344 952 1
347 577 1
347 933 4
347 966 1
349 976 8
353 891 1
356 416 2
356 743 1
356 472 2
356 765 2
356 927 1
360 629 3
360 526 7
361 987 5
362 371 1
362 870 1
364 987 4
369 927 2
372 404 2
372 934 1
377 506 1
377 630 1
377 718 1
379 568 1
381 506 2
381 980 1
383 720 2
383 586 2
388 528 2
388 638 1
392 696 1
396 761 1
397 671 1
397 975 1
401 454 6
401 429 3
401 415 9
404 595 1
409 569 1
410 1004 2
413 746 1
413 927 4
413 935 4
414 572 2
415 454 1
415 617 1
415 692 1
415 629 1
416 586 1
416 782 1
416 912 1
416 500 2
416 472 1
416 607 2
416 765 1
416 927 2
418 969 1
418 996 8
418 977 14
421 424 6
421 795 3
421 630 3
421 647 2
422 731 1
423 977 2
423 650 4
424 795 2
428 454 1
428 915 9
428 857 3
428 543 1
429 454 5
432 433 1
432 987 4
433 641 1
433 987 7
435 500 1
435 782 5
437 1001 1
443 662 2
444 927 2
447 984 1
450 802 1
450 900 1
450 462 4
450 765 1
450 754 1
450 595 4
450 692 7
450 662 1
450 572 2
450 703 1
454 612 1
454 552 1
454 875 1
454 592 5
454 562 1
454 822 1
454 735 1
458 558 1
459 517 5
462 517 4
462 783 3
462 923 2
462 670 4
462 687 3
462 692 2
462 542 3
462 586 1
462 718 3
462 591 3
462 851 3
462 987 1
462 739 1
462 742 4
462 617 2
468 506 1
469 512 5
469 978 1
470 569 1
470 605 1
471 987 1
472 743 4
472 782 9
472 912 4
472 575 1
482 987 5
482 531 1
485 927 2
485 542 1
485 823 3
488 568 2
493 561 1
493 530 2
493 629 5
493 630 4
493 891 7
495 568 1
499 684 1
500 782 1
500 814 6
502 532 1
502 599 3
502 569 1
502 538 1
502 605 3
506 576 2
506 996 1
506 783 1
506 644 2
506 670 1
509 832 2
513 823 1
513 927 2
516 532 1
526 891 1
526 629 4
528 783 1
528 692 3
528 565 1
528 765 1
530 658 1
530 629 3
530 630 1
530 891 3
531 987 16
534 832 1
534 951 2
535 823 1
535 927 1
538 569 1
540 641 6
540 994 5
540 955 3
540 873 1
540 698 1
540 987 4
540 543 2
541 1001 1
541 738 1
541 979 1
542 646 2
542 746 1
542 823 1
542 927 1
543 641 1
543 994 1
543 971 1
543 955 1
546 771 1
546 692 2
546 550 4
547 647 2
549 866 1
550 746 1
550 692 1
551 927 2
553 1001 3
557 912 1
559 634 1
561 647 6
561 846 5
561 629 4
565 684 2
565 918 1
565 679 1
566 713 1
568 947 2
569 710 1
569 599 1
569 976 1
569 693 1
569 767 1
569 605 1
569 862 1
569 991 1
572 862 1
573 586 3
575 782 1
576 987 2
576 783 1
577 936 6
581 936 4
582 987 4
582 955 2
586 782 2
586 759 3
586 762 2
587 720 1
591 692 1
591 607 1
592 927 5
595 900 1
595 934 2
595 718 1
596 695 1
599 710 4
602 743 2
605 710 1
605 789 4
605 862 1
607 927 1
607 617 1
607 987 1
609 987 1
612 663 2
617 791 1
628 772 1
628 870 1
629 978 3
629 658 3
629 685 3
629 846 3
629 630 3
629 631 3
629 891 9
629 927 1
630 954 2
633 987 1
633 923 4
638 832 2
641 994 2
641 955 2
641 987 4
644 702 1
646 890 1
646 927 2
647 838 1
648 908 1
648 700 1
648 765 2
650 738 1
650 1001 1
650 682 1
650 654 1
650 783 1
650 828 2
654 979 1
654 738 2
654 991 2
659 771 1
659 742 1
659 807 2
660 769 2
670 980 1
671 987 1
674 803 8
679 684 1
679 918 1
680 731 1
683 987 1
684 704 1
684 844 2
684 918 1
684 956 2
686 927 1
687 739 1
687 791 4
692 775 1
692 746 13
692 987 1
697 925 2
697 855 2
698 840 1
698 873 1
698 764 1
700 771 1
704 918 1
704 743 1
707 951 1
710 767 1
711 843 1
715 926 1
716 724 1
716 718 4
718 866 2
718 754 5
718 883 1
718 724 4
718 980 1
719 738 2
719 828 4
722 927 2
731 987 1
733 764 1
738 783 1
738 923 2
738 745 2
738 921 1
738 761 6
738 987 1
738 828 2
742 769 1
742 771 1
742 900 5
742 784 1
742 951 1
743 868 3
743 890 1
743 765 2
743 927 1
746 935 17
746 987 1
748 926 1
752 987 1
761 850 1
762 908 1
764 987 4
765 912 1
765 908 5
769 987 1
770 927 2
772 803 1
772 987 1
772 850 2
772 923 1
774 947 39
789 994 1
789 987 4
790 812 9
794 854 1
796 977 1
798 987 1
809 987 5
823 927 1
832 950 1
833 987 1
835 987 1
840 987 4
841 920 4
844 918 1
849 987 4
850 987 1
854 927 4
857 915 5
858 991 3
872 987 5
873 987 4
890 987 1
908 936 1
915 971 2
923 987 1
933 966 2
935 966 1
951 987 1
955 994 2
955 987 4
963 987 1
969 977 2
977 1001 3
977 1004 6
983 987 1
987 994 4
