0
1
2
3
4
5
6
7
8
9
10
11
12
13
14
15
16
17
18
19
20
21
22
23
24
25
26
27
28
29
30
31
32
33
34
35
36
37
38
39
40
41
42
43
44
45
46
47
48
49
50
51
52
53
54
55
56
57
58
59
60
61
62
63
64
65
66
67
68
69
70
71
72
73
74
75
76
77
78
79
80
81
82
83
84
85
86
87
88
89
90
91
92
93
94
95
96
97
98
99
100
101
102
103
104
105
106
107
108
109
110
111
112
113
114
115
116
117
118
119
120
121
122
123
124
125
126
127
128
129
130
131
132
133
134
135
136
137
138
139
141
142
143
144
145
146
147
148
149
150
151
152
153
154
155
157
158
159
160
161
162
163
164
165
166
167
168
169
170
171
172
173
174
175
176
177
178
179
180
181
182
183
184
185
186
187
188
189
190
191
192
193
194
195
196
197
198
199
200
201
202
203
204
205
206
207
208
209
210
211
212
213
214
215
216
217
218
219
220
221
222
223
224
225
226
227
228
229
230
231
232
233
235
236
237
238
239
240
241
242
243
244
245
246
247
248
249
250
251
252
253
254
255
256
257
259
260
262
263
264
265
266
267
268
269
270
271
272
273
274
275
276
277
278
279
280
281
282
283
284
285
286
287
288
289
290
291
292
293
294
295
296
297
299
300
301
302
303
304
305
306
307
308
309
310
311
312
313
314
315
316
317
318
319
320
321
322
323
324
325
326
327
328
329
330
331
332
333
334
335
336
337
338
339
340
341
343
344
345
346
347
348
349
350
351
352
353
355
356
357
358
359
360
361
362
364
365
366
367
368
369
370
371
372
373
374
375
376
377
378
379
380
381
382
383
384
385
386
387
388
389
390
391
392
393
394
395
396
397
398
399
400
401
402
403
404
405
406
407
408
409
410
411
412
413
414
415
416
418
419
420
421
422
423
424
425
426
427
428
429
430
431
432
433
434
435
436
437
438
439
440
441
442
443
444
445
446
447
448
449
450
451
452
453
454
455
456
457
458
459
460
461
462
464
465
466
467
468
469
470
471
472
473
474
475
476
477
478
479
480
481
482
483
484
485
486
487
488
489
490
491
492
493
495
496
497
498
499
500
501
502
503
504
505
506
507
508
509
510
511
512
513
514
515
516
517
518
519
520
521
522
523
524
525
526
527
528
530
531
532
533
534
535
536
537
538
539
540
541
542
543
544
545
546
547
548
549
550
551
552
553
554
556
557
558
559
560
561
562
563
564
565
566
567
568
569
570
571
572
573
574
575
576
577
578
579
580
581
582
583
584
585
586
587
588
589
590
591
592
593
594
595
596
597
598
599
600
601
602
603
604
605
606
607
609
610
611
612
613
614
615
616
617
618
619
621
622
623
624
625
626
627
628
629
630
631
632
633
634
635
636
637
638
639
640
641
642
643
644
645
646
647
648
649
650
651
652
653
654
655
656
657
658
659
660
661
662
663
664
665
666
667
668
669
670
671
672
673
674
675
676
677
678
679
680
681
682
683
684
685
686
687
688
689
690
691
692
693
694
695
696
697
698
699
700
701
702
703
704
705
706
707
708
709
710
711
712
713
714
715
716
717
718
719
720
721
722
723
724
725
726
727
728
729
730
731
732
733
734
735
736
737
738
739
740
741
742
743
744
745
746
747
748
749
750
751
752
753
754
756
757
758
759
760
761
762
763
764
765
767
768
769
770
771
772
773
774
775
776
777
778
779
780
781
782
783
784
785
786
787
788
789
790
791
792
793
794
795
796
797
798
799
800
801
802
803
804
805
806
807
808
809
810
811
812
813
814
815
816
817
818
819
820
821
822
823
824
825
826
827
828
829
830
831
832
833
834
835
836
837
838
839
840
841
842
843
844
845
846
847
848
849
850
851
852
853
854
855
856
857
858
859
860
861
862
863
864
865
866
867
868
869
870
871
872
873
874
875
876
877
878
879
880
881
882
883
884
885
886
887
888
889
890
891
892
893
894
895
896
897
898
899
900
901
902
903
904
905
906
907
908
909
910
911
912
913
914
915
916
917
918
919
920
921
922
923
924
925
926
927
928
929
930
931
932
933
934
935
936
937
938
939
940
941
942
943
944
945
946
947
948
949
950
951
952
953
954
955
956
957
958
960
961
962
963
964
965
966
967
968
969
970
971
972
973
974
975
976
977
978
979
980
981
982
983
984
985
986
987
988
989
990
991
992
993
994
995
996
997
998
999
1000
1001
1002
1003
1004
0 569 3
1 309 1
2 416 2
2 66 1
2 231 2
2 272 6
2 787 2
2 790 2
2 313 3
5 532 1
5 246 3
5 670 1
6 569 3
6 189 1
8 731 1
14 506 3
14 719 1
15 680 1
15 731 1
24 629 4
29 670 1
30 356 2
30 845 2
30 166 1
31 165 4
31 990 1
32 977 4
32 293 1
32 862 1
32 791 1
34 997 2
34 855 1
40 147 1
40 214 1
41 723 2
45 66 1
48 956 1
48 565 2
48 558 2
52 356 1
52 166 1
53 120 1
53 305 1
53 978 1
53 542 1
53 535 1
58 951 1
61 718 1
61 991 3
62 646 1
64 322 1
65 120 2
65 220 1
65 326 1
65 687 2
67 344 1
67 963 3
67 207 1
71 595 1
72 159 3
75 220 1
75 107 1
75 772 5
75 334 1
77 168 1
77 356 2
77 260 3
78 951 1
82 870 1
86 152 1
90 940 2
90 749 4
90 850 1
90 915 1
90 692 3
90 541 1
95 193 1
96 420 1
98 707 5
98 134 1
98 454 3
98 713 2
98 107 3
98 268 3
98 592 5
98 291 2
98 117 2
98 278 1
101 377 1
101 423 1
103 514 2
103 164 2
103 106 2
103 780 2
103 303 2
103 950 2
104 765 6
104 743 1
105 418 2
106 828 1
107 201 1
107 236 1
107 718 2
107 440 1
107 670 1
111 845 1
114 522 2
114 189 1
117 268 1
118 716 1
120 772 3
120 454 3
120 743 2
122 866 1
122 924 1
122 837 1
122 479 1
126 586 6
126 885 2
127 189 1
134 592 2
134 291 2
135 581 4
135 942 1
135 197 1
136 200 1
136 915 2
136 428 5
136 159 1
143 796 1
145 522 1
147 277 1
147 214 3
147 157 1
150 415 2
152 443 10
159 443 1
159 324 1
159 713 1
159 940 9
159 724 1
159 923 1
160 629 1
165 401 2
165 948 1
166 515 1
166 356 4
166 168 1
166 586 2
166 845 1
166 868 1
166 602 1
168 416 1
168 356 1
168 845 2
168 439 1
171 686 1
173 428 1
173 541 3
175 849 3
175 423 2
175 246 1
175 446 1
175 1001 1
180 727 1
187 700 3
189 1004 1
189 904 1
189 652 1
189 716 1
189 365 1
189 718 1
189 595 1
189 236 1
189 470 1
189 201 1
189 249 1
189 410 1
189 969 1
190 353 1
190 656 2
190 274 2
190 373 1
190 920 2
190 891 4
191 415 1
193 633 1
193 714 1
193 923 2
193 290 1
196 429 1
199 924 2
200 952 1
200 915 1
202 629 1
207 424 1
207 988 1
207 847 1
209 356 2
214 272 3
214 712 1
214 629 2
214 255 1
220 692 1
220 334 1
223 322 2
228 569 3
229 771 1
229 483 1
231 698 1
231 607 2
233 692 4
236 537 1
239 502 1
245 698 1
245 764 1
246 377 1
246 724 3
246 423 1
248 692 2
249 569 3
250 886 1
250 927 1
256 885 1
257 421 1
260 356 3
264 469 1
267 944 1
267 586 4
267 891 6
267 658 2
268 291 3
268 454 2
268 713 1
268 592 1
268 633 1
280 629 1
280 462 1
284 680 1
291 454 4
291 429 2
291 401 1
293 724 1
294 586 1
294 885 1
295 569 3
305 416 1
305 356 5
306 771 1
306 374 1
308 418 1
308 926 1
311 697 1
313 885 1
318 587 1
318 332 2
324 388 2
324 534 6
325 863 1
329 692 1
329 910 1
332 500 4
333 569 3
334 612 1
335 464 1
335 385 1
335 898 1
335 670 6
337 505 2
337 780 1
338 433 1
338 951 1
341 951 1
343 663 3
347 966 1
353 891 2
356 500 2
356 515 1
356 868 1
356 743 3
356 912 1
356 472 2
356 845 2
356 765 1
356 607 1
360 629 3
360 526 1
365 716 1
377 866 4
377 423 2
377 457 1
377 716 2
380 712 1
381 921 1
381 532 1
388 853 1
395 514 1
398 712 2
401 429 8
401 454 3
401 415 3
404 595 1
409 569 3
409 506 2
410 719 1
415 833 1
415 630 4
415 569 2
416 586 1
416 885 1
416 633 1
418 977 4
418 996 3
421 424 1
422 731 1
423 866 2
423 1001 1
423 849 2
423 446 1
424 795 1
427 955 1
428 915 1
429 454 5
433 987 2
435 633 1
435 500 1
435 782 1
435 951 1
436 522 1
437 532 1
446 849 1
450 696 2
454 772 5
454 592 3
457 522 1
457 716 1
458 577 2
462 833 1
462 920 1
462 530 1
462 851 2
462 915 2
470 569 3
470 789 4
472 743 1
476 609 1
482 569 1
483 927 2
493 629 1
497 977 1
500 951 1
502 569 2
502 538 1
502 915 1
502 550 2
515 927 1
526 629 1
530 629 2
532 1001 3
532 650 2
532 881 1
532 761 1
537 737 1
538 569 3
540 697 1
540 698 1
546 607 2
550 923 1
550 743 1
552 951 1
553 670 3
561 629 1
561 631 1
569 710 3
569 951 1
569 599 3
569 718 1
569 976 3
569 693 3
569 605 3
569 862 5
569 991 3
580 862 2
581 720 1
586 782 1
586 687 1
586 885 4
586 602 3
586 762 1
587 720 1
591 692 1
591 910 1
592 713 2
592 948 2
592 927 2
602 845 2
602 743 1
605 789 6
605 693 1
607 718 2
607 692 1
607 910 1
609 707 2
609 772 3
609 1003 1
609 880 1
609 890 1
609 923 1
617 720 1
617 714 1
629 630 1
629 658 1
629 685 1
629 846 1
629 631 1
629 891 15
629 894 1
630 685 1
631 846 1
633 923 1
638 706 2
643 685 1
643 670 4
648 765 4
648 885 2
650 745 1
654 738 2
654 682 1
654 991 1
660 771 1
660 692 1
660 783 1
672 844 1
680 720 2
680 707 2
680 790 1
682 738 1
684 704 2
684 918 1
685 1001 1
685 724 1
692 736 1
692 835 1
692 775 1
692 910 2
692 731 1
692 830 4
697 855 3
697 925 1
698 840 1
698 873 1
698 764 1
700 790 1
702 924 2
704 723 1
707 951 3
718 904 1
718 754 1
719 783 1
719 738 2
719 837 1
731 739 1
731 870 1
738 761 2
743 765 2
748 926 1
762 765 1
762 845 1
765 845 4
770 927 1
771 873 1
772 951 4
774 947 23
790 812 3
791 977 7
795 978 1
823 927 1
830 873 2
835 910 1
837 924 1
838 952 3
840 994 2
845 912 2
849 1001 1
851 920 1
851 915 1
854 927 1
865 951 1
885 984 2
910 923 1
911 1004 1
969 977 1
977 1004 4
