0
1
2
3
4
5
6
7
8
9
10
11
12
13
14
15
16
17
18
19
20
21
22
23
24
25
26
27
28
29
30
31
32
33
34
35
36
37
38
39
40
41
42
43
44
45
46
47
48
49
50
51
52
53
54
55
56
57
58
59
60
61
62
63
64
65
66
67
68
69
70
71
72
73
74
75
76
77
78
79
80
81
82
83
84
85
86
87
88
89
90
91
92
93
94
95
96
97
98
99
100
101
102
103
104
105
106
107
108
109
110
111
112
113
114
115
116
117
118
119
120
121
122
123
124
125
126
127
128
129
130
131
132
133
134
135
136
137
138
139
141
142
143
144
145
146
147
148
149
150
151
152
153
154
155
157
158
159
160
161
162
163
164
165
166
167
168
169
170
171
172
173
174
175
176
177
178
179
180
181
182
183
184
185
186
187
188
189
190
191
192
193
194
195
196
197
198
199
200
201
202
203
204
205
206
207
208
209
210
211
212
213
214
215
216
217
218
219
220
221
222
223
224
225
226
227
228
229
230
231
232
233
235
236
237
238
239
240
241
242
243
244
245
246
247
248
249
250
251
252
253
254
255
256
257
259
260
262
263
264
265
266
267
268
269
270
271
272
273
274
275
276
277
278
279
280
281
282
283
284
285
286
287
288
289
290
291
292
293
294
295
296
297
299
300
301
302
303
304
305
306
307
308
309
310
311
312
313
314
315
316
317
318
319
320
321
322
323
324
325
326
327
328
329
330
331
332
333
334
335
336
337
338
339
340
341
343
344
345
346
347
348
349
350
351
352
353
355
356
357
358
359
360
361
362
364
365
366
367
368
369
370
371
372
373
374
375
376
377
378
379
380
381
382
383
384
385
386
387
388
389
390
391
392
393
394
395
396
397
398
399
400
401
402
403
404
405
406
407
408
409
410
411
412
413
414
415
416
418
419
420
421
422
423
424
425
426
427
428
429
430
431
432
433
434
435
436
437
438
439
440
441
442
443
444
445
446
447
448
449
450
451
452
453
454
455
456
457
458
459
460
461
462
464
465
466
467
468
469
470
471
472
473
474
475
476
477
478
479
480
481
482
483
484
485
486
487
488
489
490
491
492
493
495
496
497
498
499
500
501
502
503
504
505
506
507
508
509
510
511
512
513
514
515
516
517
518
519
520
521
522
523
524
525
526
527
528
530
531
532
533
534
535
536
537
538
539
540
541
542
543
544
545
546
547
548
549
550
551
552
553
554
556
557
558
559
560
561
562
563
564
565
566
567
568
569
570
571
572
573
574
575
576
577
578
579
580
581
582
583
584
585
586
587
588
589
590
591
592
593
594
595
596
597
598
599
600
601
602
603
604
605
606
607
609
610
611
612
613
614
615
616
617
618
619
621
622
623
624
625
626
627
628
629
630
631
632
633
634
635
636
637
638
639
640
641
642
643
644
645
646
647
648
649
650
651
652
653
654
655
656
657
658
659
660
661
662
663
664
665
666
667
668
669
670
671
672
673
674
675
676
677
678
679
680
681
682
683
684
685
686
687
688
689
690
691
692
693
694
695
696
697
698
699
700
701
702
703
704
705
706
707
708
709
710
711
712
713
714
715
716
717
718
719
720
721
722
723
724
725
726
727
728
729
730
731
732
733
734
735
736
737
738
739
740
741
742
743
744
745
746
747
748
749
750
751
752
753
754
756
757
758
759
760
761
762
763
764
765
767
768
769
770
771
772
773
774
775
776
777
778
779
780
781
782
783
784
785
786
787
788
789
790
791
792
793
794
795
796
797
798
799
800
801
802
803
804
805
806
807
808
809
810
811
812
813
814
815
816
817
818
819
820
821
822
823
824
825
826
827
828
829
830
831
832
833
834
835
836
837
838
839
840
841
842
843
844
845
846
847
848
849
850
851
852
853
854
855
856
857
858
859
860
861
862
863
864
865
866
867
868
869
870
871
872
873
874
875
876
877
878
879
880
881
882
883
884
885
886
887
888
889
890
891
892
893
894
895
896
897
898
899
900
901
902
903
904
905
906
907
908
909
910
911
912
913
914
915
916
917
918
919
920
921
922
923
924
925
926
927
928
929
930
931
932
933
934
935
936
937
938
939
940
941
942
943
944
945
946
947
948
949
950
951
952
953
954
955
956
957
958
960
961
962
963
964
965
966
967
968
969
970
971
972
973
974
975
976
977
978
979
980
981
982
983
984
985
986
987
988
989
990
991
992
993
994
995
996
997
998
999
1000
1001
1002
1003
1004
0 249 1
0 178 2
1 103 1
2 236 3
2 356 1
2 334 1
2 126 1
2 231 2
4 771 5
5 506 1
6 178 3
6 506 1
6 189 1
8 362 1
14 719 2
14 724 1
14 410 2
14 796 1
14 506 2
14 702 4
15 731 1
15 422 3
17 428 1
19 333 2
24 280 1
24 891 2
24 629 1
24 846 1
24 493 3
25 704 2
25 844 1
26 450 1
29 506 1
29 381 1
30 416 1
30 209 1
30 168 3
30 908 1
30 104 1
30 313 2
30 765 1
31 165 4
31 316 1
31 428 2
31 847 1
31 915 2
31 207 1
31 92 2
31 511 1
32 280 1
32 977 1
32 197 1
32 862 1
40 712 3
40 450 1
40 466 2
40 159 2
41 704 1
41 558 2
46 103 1
48 704 2
48 319 2
52 168 1
52 602 4
53 193 1
53 290 1
53 923 1
53 166 1
58 818 3
61 450 2
61 388 1
61 293 1
61 522 1
61 854 2
61 343 2
61 991 1
61 159 1
67 963 17
67 165 1
67 846 3
67 207 9
67 561 3
67 344 3
74 126 1
75 609 1
75 772 1
75 997 1
75 107 1
75 191 1
75 850 1
75 499 1
75 607 1
75 220 5
75 190 1
75 127 1
77 912 4
77 168 7
77 266 1
77 260 1
77 232 1
78 178 2
82 771 1
86 443 4
86 483 3
90 516 3
90 166 1
90 327 2
90 135 1
90 850 1
90 783 1
90 881 1
90 178 7
90 502 1
90 356 1
90 927 1
91 842 2
91 950 1
91 607 1
92 731 1
92 428 2
92 142 1
92 207 3
92 658 1
92 847 1
92 316 1
96 388 1
98 707 3
98 713 2
98 107 4
98 268 2
98 429 4
98 592 6
98 401 2
98 117 1
101 246 1
101 423 1
103 832 1
103 514 3
103 423 1
103 780 1
103 303 1
103 368 1
103 950 1
104 742 1
104 908 2
104 765 12
104 126 5
105 418 2
107 643 1
107 810 1
111 794 1
113 542 1
114 522 1
114 189 1
120 196 1
120 198 1
120 454 1
120 752 1
120 742 1
120 927 1
120 191 1
122 428 2
126 294 5
126 586 5
126 232 1
126 984 1
126 765 1
127 916 2
127 861 2
133 984 2
133 648 2
134 592 4
135 450 4
135 581 1
135 936 1
135 170 1
135 371 1
135 692 1
135 765 2
136 857 1
136 428 4
136 316 1
136 207 1
137 936 1
137 581 1
138 528 1
138 867 1
142 647 2
142 428 3
142 493 2
142 915 5
142 316 3
142 990 1
143 696 2
143 580 1
143 791 1
147 355 1
147 347 2
147 607 4
149 426 1
151 923 1
152 483 1
152 443 3
152 742 1
157 607 2
159 416 2
159 609 1
159 290 2
159 278 1
159 209 1
159 712 5
159 617 1
159 171 3
159 450 2
159 783 1
159 912 2
159 214 3
159 923 3
160 530 1
160 629 2
160 630 1
164 638 1
165 428 2
165 401 6
165 344 3
165 316 3
166 416 2
166 743 1
166 168 3
166 586 1
166 573 1
167 851 1
167 862 1
168 260 2
168 305 1
168 266 1
168 782 3
168 912 9
168 984 1
168 439 3
168 472 7
168 356 2
168 362 1
168 575 1
171 590 1
175 849 1
175 275 3
175 532 1
175 423 1
178 228 2
178 502 6
178 710 2
178 599 2
178 333 3
178 976 2
178 693 2
178 470 2
178 409 2
178 249 2
178 538 2
178 767 2
178 605 2
178 862 2
178 991 1
181 189 2
188 280 1
189 1004 4
189 201 1
189 904 1
189 716 1
189 362 1
189 652 1
189 365 1
189 718 1
189 977 1
189 595 1
189 724 1
189 236 2
189 470 1
189 249 1
189 377 1
189 410 1
190 629 1
193 890 1
193 923 1
199 532 1
199 506 8
199 924 1
199 644 2
200 344 1
200 316 2
200 971 2
200 428 11
200 915 8
206 534 1
207 424 8
207 558 1
207 469 3
207 795 1
207 988 1
208 977 1
214 290 4
214 687 2
214 278 4
214 923 2
214 316 1
216 319 1
223 531 3
223 343 2
228 693 3
229 568 1
231 264 1
231 994 1
231 531 1
231 245 1
231 502 1
231 698 2
231 540 2
232 313 1
233 450 4
233 692 1
245 264 1
245 698 2
245 540 2
245 830 4
246 293 1
246 423 2
248 506 2
249 333 1
249 470 1
250 886 4
256 416 1
260 912 2
264 582 2
264 329 1
264 764 1
264 540 3
267 656 7
267 530 4
267 586 5
267 891 17
267 435 2
268 592 1
272 450 3
272 742 2
272 703 1
273 609 1
275 849 1
277 546 1
277 347 1
278 923 1
280 547 1
280 647 2
280 360 1
280 561 1
280 915 2
280 526 1
280 920 2
280 530 5
280 851 2
280 629 2
280 631 1
281 506 8
290 687 1
291 401 2
291 1003 1
291 429 2
291 854 2
293 426 1
293 724 1
293 718 1
294 416 3
294 586 2
301 493 2
302 316 1
302 428 2
305 912 1
305 790 2
306 450 1
306 443 2
306 742 2
306 607 1
311 697 1
313 765 2
316 647 1
316 971 4
316 428 6
316 915 5
316 629 2
316 543 1
316 952 1
316 857 1
316 990 1
316 415 1
318 499 1
318 758 1
319 386 2
319 458 3
319 558 1
319 956 2
321 499 1
322 534 2
324 415 2
327 381 2
332 782 2
333 710 3
333 362 1
333 599 2
333 607 2
334 1004 1
334 586 1
338 415 1
343 663 1
343 853 1
344 952 1
347 966 3
347 933 2
353 891 11
355 607 1
356 743 1
356 586 1
356 912 6
356 648 1
356 472 3
356 602 1
356 607 1
362 802 1
362 868 1
362 854 1
362 428 1
362 628 1
362 502 1
362 599 1
362 383 4
364 994 2
377 696 2
377 729 2
377 866 2
377 423 1
378 514 1
379 568 3
383 720 7
383 528 1
388 534 2
398 712 1
398 450 3
401 454 2
401 429 5
401 415 5
405 936 1
405 855 1
410 719 2
416 546 1
416 912 1
416 633 1
416 927 2
418 996 51
418 977 12
421 424 9
421 630 4
422 731 5
423 866 3
423 977 2
424 795 9
424 990 2
427 540 2
428 971 2
428 647 2
428 915 13
428 953 2
428 952 2
428 857 8
428 543 2
428 990 2
429 454 3
433 738 1
433 951 2
435 586 2
435 782 1
437 532 1
438 818 3
442 670 1
443 450 4
443 483 3
443 742 2
443 692 1
443 662 2
444 535 1
447 586 1
450 802 2
450 900 2
450 742 2
450 712 3
450 851 2
450 692 1
450 662 4
450 602 2
454 592 6
454 854 1
462 762 1
466 802 1
466 572 1
466 662 3
471 752 2
472 912 5
472 782 8
472 575 2
485 542 3
485 823 1
488 568 1
493 561 1
493 530 2
493 630 1
495 568 1
497 977 1
499 704 1
499 833 1
499 558 2
500 586 1
502 538 1
502 862 2
506 644 2
506 775 1
506 670 1
506 921 1
506 924 1
506 996 2
506 702 1
509 510 1
513 535 2
514 780 1
514 950 1
516 881 2
516 996 1
516 790 1
516 761 2
528 867 1
528 909 1
530 630 2
530 891 13
532 837 1
532 553 2
532 541 1
534 768 1
535 823 3
535 854 1
535 927 1
540 641 1
540 855 1
540 697 2
540 698 2
540 955 3
542 854 2
542 823 1
546 771 4
546 550 1
546 590 1
546 703 2
547 978 1
547 846 1
550 703 2
553 808 2
557 912 1
558 672 1
558 956 1
559 622 1
561 846 11
561 629 1
565 679 2
573 586 2
575 912 2
575 782 7
580 791 1
582 764 2
586 868 3
586 687 2
586 984 3
586 762 1
587 720 1
591 746 1
591 915 2
591 692 1
591 854 1
592 713 3
592 927 6
595 790 1
599 693 3
600 956 1
602 648 1
605 789 2
605 693 1
607 1001 4
607 692 2
607 696 1
607 927 1
609 707 1
609 1003 1
609 880 2
609 951 1
617 923 2
629 846 2
629 656 2
629 891 1
630 891 2
633 923 1
634 788 2
638 832 1
644 977 2
644 996 4
646 823 1
647 846 1
648 912 1
648 765 1
650 682 4
650 738 2
650 783 1
654 738 3
654 783 1
659 703 1
662 802 1
664 810 2
669 791 1
680 720 1
682 738 2
682 783 1
687 923 1
687 915 2
692 742 1
692 746 1
697 925 1
698 840 2
698 873 2
698 764 2
712 991 1
716 866 1
720 833 1
722 927 1
738 783 1
739 846 1
742 901 3
746 923 1
746 935 2
758 956 4
758 918 1
761 996 2
762 794 1
765 908 1
771 855 2
774 947 31
784 863 1
790 812 6
794 854 1
809 987 2
819 887 1
837 850 1
851 920 1
851 978 3
851 891 2
857 915 1
861 934 1
890 923 1
915 923 2
933 966 2
935 966 2
969 977 1
977 1001 3
977 1004 4
977 996 3
978 988 1
