0
1
2
3
4
5
6
7
8
9
10
11
12
13
14
15
16
17
18
19
20
21
22
23
24
25
26
27
28
29
30
31
32
33
34
35
36
37
38
39
40
41
42
43
44
45
46
47
48
49
50
51
52
53
54
55
56
57
58
59
60
61
62
63
64
65
66
67
68
69
70
71
72
73
74
75
76
77
78
79
80
81
82
83
84
85
86
87
88
89
90
91
92
93
94
95
96
97
98
99
100
101
102
103
104
105
106
107
108
109
110
111
112
113
114
115
116
117
118
119
120
121
122
123
124
125
126
127
128
129
130
131
132
133
134
135
136
137
138
139
141
142
143
144
145
146
147
148
149
150
151
152
153
154
155
157
158
159
160
161
162
163
164
165
166
167
168
169
170
171
172
173
174
175
176
177
178
179
180
181
182
183
184
185
186
187
188
189
190
191
192
193
194
195
196
197
198
199
200
201
202
203
204
205
206
207
208
209
210
211
212
213
214
215
216
217
218
219
220
221
222
223
224
225
226
227
228
229
230
231
232
233
235
236
237
238
239
240
241
242
243
244
245
246
247
248
249
250
251
252
253
254
255
256
257
259
260
262
263
264
265
266
267
268
269
270
271
272
273
274
275
276
277
278
279
280
281
282
283
284
285
286
287
288
289
290
291
292
293
294
295
296
297
299
300
301
302
303
304
305
306
307
308
309
310
311
312
313
314
315
316
317
318
319
320
321
322
323
324
325
326
327
328
329
330
331
332
333
334
335
336
337
338
339
340
341
343
344
345
346
347
348
349
350
351
352
353
355
356
357
358
359
360
361
362
364
365
366
367
368
369
370
371
372
373
374
375
376
377
378
379
380
381
382
383
384
385
386
387
388
389
390
391
392
393
394
395
396
397
398
399
400
401
402
403
404
405
406
407
408
409
410
411
412
413
414
415
416
418
419
420
421
422
423
424
425
426
427
428
429
430
431
432
433
434
435
436
437
438
439
440
441
442
443
444
445
446
447
448
449
450
451
452
453
454
455
456
457
458
459
460
461
462
464
465
466
467
468
469
470
471
472
473
474
475
476
477
478
479
480
481
482
483
484
485
486
487
488
489
490
491
492
493
495
496
497
498
499
500
501
502
503
504
505
506
507
508
509
510
511
512
513
514
515
516
517
518
519
520
521
522
523
524
525
526
527
528
530
531
532
533
534
535
536
537
538
539
540
541
542
543
544
545
546
547
548
549
550
551
552
553
554
556
557
558
559
560
561
562
563
564
565
566
567
568
569
570
571
572
573
574
575
576
577
578
579
580
581
582
583
584
585
586
587
588
589
590
591
592
593
594
595
596
597
598
599
600
601
602
603
604
605
606
607
609
610
611
612
613
614
615
616
617
618
619
621
622
623
624
625
626
627
628
629
630
631
632
633
634
635
636
637
638
639
640
641
642
643
644
645
646
647
648
649
650
651
652
653
654
655
656
657
658
659
660
661
662
663
664
665
666
667
668
669
670
671
672
673
674
675
676
677
678
679
680
681
682
683
684
685
686
687
688
689
690
691
692
693
694
695
696
697
698
699
700
701
702
703
704
705
706
707
708
709
710
711
712
713
714
715
716
717
718
719
720
721
722
723
724
725
726
727
728
729
730
731
732
733
734
735
736
737
738
739
740
741
742
743
744
745
746
747
748
749
750
751
752
753
754
756
757
758
759
760
761
762
763
764
765
767
768
769
770
771
772
773
774
775
776
777
778
779
780
781
782
783
784
785
786
787
788
789
790
791
792
793
794
795
796
797
798
799
800
801
802
803
804
805
806
807
808
809
810
811
812
813
814
815
816
817
818
819
820
821
822
823
824
825
826
827
828
829
830
831
832
833
834
835
836
837
838
839
840
841
842
843
844
845
846
847
848
849
850
851
852
853
854
855
856
857
858
859
860
861
862
863
864
865
866
867
868
869
870
871
872
873
874
875
876
877
878
879
880
881
882
883
884
885
886
887
888
889
890
891
892
893
894
895
896
897
898
899
900
901
902
903
904
905
906
907
908
909
910
911
912
913
914
915
916
917
918
919
920
921
922
923
924
925
926
927
928
929
930
931
932
933
934
935
936
937
938
939
940
941
942
943
944
945
946
947
948
949
950
951
952
953
954
955
956
957
958
960
961
962
963
964
965
966
967
968
969
970
971
972
973
974
975
976
977
978
979
980
981
982
983
984
985
986
987
988
989
990
991
992
993
994
995
996
997
998
999
1000
1001
1002
1003
1004
0 605 1
0 470 1
2 736 2
2 231 4
2 812 1
2 876 1
2 334 1
2 782 1
2 700 2
2 629 4
4 441 1
4 371 4
5 506 2
5 107 3
5 29 1
5 491 2
6 718 1
6 506 1
6 605 1
6 470 2
8 544 2
13 738 4
13 644 1
13 850 1
14 32 2
14 576 1
14 738 5
14 644 1
14 270 1
14 783 1
14 881 1
14 850 1
14 921 2
14 506 4
14 719 1
14 924 5
14 410 1
14 702 3
15 680 8
15 584 1
15 731 5
15 284 1
15 422 2
16 718 4
22 663 1
24 160 1
24 507 1
24 530 2
24 629 3
24 280 1
24 891 2
24 990 3
24 31 5
28 987 2
29 808 2
29 506 2
29 107 2
29 381 8
30 416 1
30 313 2
30 765 5
30 790 2
31 428 2
31 165 1
31 990 1
32 580 1
32 197 1
32 840 1
32 746 1
32 433 3
32 718 2
32 791 2
32 696 1
32 669 1
35 978 1
35 851 1
35 469 1
35 207 1
38 324 1
40 802 4
40 900 2
40 214 2
40 450 7
40 272 2
40 662 3
40 695 2
40 568 2
40 187 3
40 572 2
41 1000 3
41 73 2
41 48 3
41 723 2
41 565 2
41 758 3
41 503 5
42 962 1
42 509 2
46 106 1
48 1000 3
48 684 5
48 499 1
48 723 2
48 956 1
50 559 5
52 948 1
52 868 5
52 126 2
52 356 3
53 609 1
53 997 1
53 120 1
53 633 1
53 923 1
53 542 1
53 703 1
56 840 1
56 994 1
56 987 4
56 772 3
56 566 1
61 840 1
61 120 1
61 693 1
61 742 1
61 991 3
62 800 2
62 513 1
62 485 2
62 646 2
62 214 1
62 890 1
62 571 5
65 720 1
65 70 4
65 334 1
65 335 4
65 784 5
65 948 1
65 220 4
65 190 1
65 703 4
67 963 5
67 165 1
67 391 1
67 846 1
67 207 1
67 344 1
68 987 2
69 735 1
69 879 1
70 768 1
70 322 3
70 388 1
70 334 1
70 367 1
70 663 4
70 120 1
70 890 1
71 595 3
72 772 1
73 1000 1
73 723 2
73 503 1
74 984 2
75 995 4
75 772 1
75 334 5
75 468 1
75 891 7
75 220 1
77 260 3
77 168 14
77 266 1
77 912 5
77 948 1
77 356 3
78 605 1
82 528 1
82 371 1
82 628 2
83 855 1
86 443 2
86 863 1
88 106 2
88 906 1
88 950 1
90 168 1
90 233 1
90 554 1
90 912 2
90 500 1
90 120 1
90 542 1
91 120 1
91 415 1
92 952 1
92 428 3
92 915 1
92 316 1
92 349 1
95 873 1
95 987 2
96 324 1
98 707 1
98 454 1
98 713 1
98 268 1
98 429 1
98 401 2
99 929 1
99 605 1
99 669 1
99 862 4
99 502 1
103 310 4
103 423 3
104 416 1
104 425 5
104 948 1
105 863 1
106 832 1
106 514 4
106 323 1
106 132 1
106 943 2
106 649 1
106 906 4
106 139 2
106 780 1
106 622 1
106 399 2
106 402 2
106 788 1
106 164 2
106 634 1
106 603 2
107 898 1
107 643 4
107 236 2
107 652 1
107 664 2
107 537 2
107 670 2
107 808 1
107 553 2
107 810 2
107 175 1
107 393 1
107 320 2
107 201 4
107 335 2
107 464 2
107 468 2
107 985 2
107 208 2
107 1004 2
107 118 2
107 120 1
107 980 6
107 381 8
109 913 2
112 674 5
112 356 1
112 517 2
112 166 3
112 1000 8
112 267 8
112 392 2
112 472 2
113 854 6
114 387 1
114 716 1
114 718 2
114 977 1
114 403 1
114 700 1
117 120 1
117 268 1
119 812 1
120 257 1
120 235 1
120 772 8
120 518 1
120 267 2
120 783 1
120 656 1
120 147 7
120 278 1
120 923 1
120 542 3
120 178 2
120 948 4
120 566 3
120 696 2
120 190 5
120 193 1
120 196 2
120 454 2
120 718 2
120 850 1
120 343 1
120 609 1
120 229 2
120 617 1
120 752 2
120 754 2
120 499 1
120 890 1
120 127 1
122 718 2
122 479 2
126 168 2
126 586 3
126 782 7
126 912 1
126 435 2
126 790 3
126 984 2
126 700 1
127 777 1
127 843 1
127 718 2
133 602 2
133 948 1
133 765 1
134 746 1
134 268 1
134 566 1
135 153 2
136 200 3
136 428 3
136 142 6
136 915 5
136 629 1
136 952 1
136 857 2
136 316 1
137 306 1
137 863 1
139 832 2
139 706 2
139 309 1
141 978 1
141 469 1
141 214 1
142 224 1
142 267 8
142 274 1
142 915 1
142 316 1
143 544 3
143 580 1
147 416 2
147 933 1
147 454 1
147 268 2
147 880 1
147 951 1
147 415 2
149 372 2
149 716 1
150 833 2
150 415 1
152 863 1
153 482 2
153 995 2
153 996 4
153 581 2
153 329 2
153 746 2
153 588 2
153 418 6
153 977 9
153 818 4
153 692 2
153 245 2
153 855 2
153 764 2
153 540 6
157 356 3
157 517 4
157 746 1
157 171 1
157 684 5
157 277 1
157 535 3
157 472 4
157 740 1
157 586 4
157 542 4
158 563 1
158 445 1
158 391 1
160 428 1
160 367 2
160 629 1
160 280 1
160 571 7
161 784 1
161 388 1
161 571 2
161 900 1
161 863 2
163 913 1
163 542 1
164 638 7
165 344 2
165 401 4
165 207 2
166 416 4
166 674 1
166 356 2
166 392 1
166 586 4
166 948 2
166 759 1
166 762 1
167 978 2
167 547 2
167 188 1
167 469 2
168 260 10
168 521 1
168 266 11
168 912 40
168 472 16
168 790 3
168 416 1
168 425 1
168 813 2
168 177 1
168 948 2
168 949 8
168 439 11
168 699 3
168 575 2
168 332 2
168 984 1
168 868 1
168 356 11
168 744 8
168 232 12
168 890 1
169 372 1
169 595 1
169 716 1
169 387 1
170 840 2
170 855 2
171 951 1
171 347 6
171 933 1
173 644 1
173 506 1
173 850 1
173 738 1
175 275 3
175 849 3
177 790 3
178 214 1
178 482 2
178 749 4
178 502 9
178 418 6
178 367 3
178 693 2
178 470 6
178 569 1
178 314 2
178 605 23
178 862 33
181 190 1
182 948 1
184 832 3
184 977 1
184 754 1
184 843 1
184 393 1
185 833 3
185 742 1
185 233 3
185 684 2
185 915 3
185 502 1
185 248 2
185 762 1
185 570 1
185 670 1
187 450 1
188 978 1
188 851 1
188 469 2
189 1004 2
189 718 9
189 502 1
189 696 3
189 249 3
189 410 5
190 196 1
190 415 1
190 353 1
190 656 2
190 920 2
190 274 2
190 948 3
190 191 3
190 752 1
190 373 1
191 371 1
191 692 2
191 581 1
192 381 10
193 633 1
193 935 1
196 268 1
197 850 1
199 506 2
199 850 1
199 644 2
199 738 1
200 971 2
200 428 2
200 915 6
200 952 3
200 316 1
203 863 1
206 534 1
207 424 2
207 428 2
207 978 1
207 373 2
207 857 2
207 954 1
207 795 3
207 349 1
207 990 2
207 293 2
213 863 1
214 515 1
214 518 1
214 775 1
214 776 1
214 267 1
214 912 8
214 530 1
214 531 2
214 662 1
214 920 1
214 923 7
214 542 1
214 544 1
214 290 4
214 294 1
214 940 1
214 692 1
214 951 1
214 569 1
214 316 3
214 963 1
214 712 2
214 586 1
214 720 1
214 738 1
214 356 2
214 742 1
214 746 1
214 371 1
214 629 3
214 765 1
216 321 2
216 458 5
216 618 2
216 956 1
216 890 1
220 334 1
220 383 2
223 746 1
224 428 3
224 316 1
224 349 3
224 806 3
228 470 1
228 693 2
228 502 4
228 605 2
229 293 1
229 692 3
229 374 1
229 443 2
229 863 1
231 423 1
231 233 2
231 874 3
231 334 1
231 468 1
231 245 1
231 873 1
231 987 2
231 764 1
231 329 1
232 260 1
232 742 1
232 425 2
232 912 4
232 744 5
232 472 8
232 765 1
232 575 1
233 746 1
233 749 1
233 692 9
233 245 4
233 890 2
233 863 1
235 273 1
236 537 2
239 609 2
239 538 1
239 428 1
239 324 1
241 469 1
241 326 1
243 995 2
243 772 2
243 718 4
245 874 3
245 987 2
245 764 1
248 891 3
248 550 2
249 506 1
249 605 1
249 470 2
250 444 1
250 854 1
251 840 1
251 506 1
251 987 2
256 730 1
256 294 2
257 454 1
260 790 1
264 338 5
264 540 1
266 912 3
266 790 1
266 439 3
266 699 4
267 517 3
267 648 3
267 586 10
267 751 2
267 435 2
267 948 1
267 478 4
268 454 2
268 713 1
268 633 1
269 987 1
270 738 2
270 644 1
270 850 1
272 450 1
272 772 1
273 306 1
273 951 12
274 920 1
274 614 1
275 849 4
277 571 6
278 290 1
280 902 1
280 526 1
280 367 1
280 530 2
280 851 3
280 629 3
280 920 2
280 281 1
280 891 8
280 915 3
281 491 1
281 772 1
281 718 4
284 680 3
284 731 3
288 610 6
288 484 6
288 391 10
288 846 11
288 750 11
288 629 11
288 630 2
289 899 1
290 586 1
290 589 3
290 367 4
290 923 1
293 365 1
293 902 2
293 718 2
294 586 11
294 885 4
294 759 2
294 984 2
299 559 1
301 978 1
301 547 1
301 469 1
302 428 2
302 454 1
304 456 3
304 441 3
306 400 1
306 742 3
306 784 2
306 659 3
306 374 1
306 570 1
306 703 1
306 863 1
307 863 1
310 735 1
310 423 1
310 343 1
311 994 1
311 987 2
311 925 1
313 416 1
313 730 3
313 356 5
314 409 1
314 929 4
314 605 1
314 333 2
315 863 1
315 423 3
316 772 3
316 428 4
316 915 19
316 334 2
316 629 2
316 857 2
316 890 1
316 349 1
316 351 1
317 863 1
318 946 2
318 684 1
319 1000 3
319 736 2
319 956 2
321 618 1
321 499 3
321 684 1
322 832 1
322 528 1
324 460 1
324 534 1
326 587 1
327 738 1
327 644 1
329 910 2
329 624 1
329 819 3
329 540 1
332 581 1
332 870 1
332 912 1
332 435 2
332 500 13
333 605 2
333 470 1
334 768 3
334 995 5
334 772 1
334 812 2
334 687 1
334 534 3
334 388 1
334 414 2
334 607 1
335 899 3
335 553 1
335 643 4
335 440 2
335 381 3
337 505 4
337 663 1
337 581 3
337 919 2
338 994 1
338 840 1
338 819 1
338 951 1
338 987 2
341 915 2
343 534 2
343 663 4
344 373 2
347 472 4
347 577 2
347 933 4
347 782 1
349 428 1
349 976 1
349 952 1
351 782 2
353 391 2
355 933 2
356 517 1
356 912 9
356 542 1
356 416 3
356 425 13
356 684 1
356 813 1
356 948 6
356 699 2
356 586 2
356 472 9
356 730 1
356 744 3
356 765 6
360 891 1
360 629 1
361 987 2
362 464 1
362 812 1
362 372 1
364 377 1
364 582 1
365 866 1
367 997 1
367 775 1
367 812 1
367 946 1
367 528 1
367 978 1
369 913 7
369 535 4
371 870 1
371 628 1
372 934 1
372 595 1
372 404 4
373 391 5
373 454 1
374 863 1
376 919 4
377 708 1
377 772 1
377 718 4
378 514 7
381 658 2
381 980 1
381 532 2
383 720 2
383 586 3
383 526 3
383 528 4
383 499 3
387 851 2
387 484 1
387 667 1
388 534 4
390 784 9
391 484 3
391 750 3
391 951 1
391 445 2
392 803 1
392 948 1
394 571 6
397 671 1
397 975 1
398 712 2
398 900 1
399 950 2
400 813 3
400 863 1
401 429 6
401 454 6
401 415 3
402 788 1
403 977 1
403 890 2
403 929 2
404 595 2
407 977 1
409 605 1
410 718 1
410 502 2
414 891 34
414 995 8
414 692 2
414 591 2
415 833 3
415 811 1
415 429 3
416 803 2
416 743 1
416 648 5
416 425 4
416 912 2
416 946 1
416 948 4
416 885 1
416 790 2
416 868 2
416 765 1
416 629 2
418 977 27
418 996 18
418 538 2
420 879 1
421 424 2
421 978 1
421 795 6
421 469 1
422 680 5
422 731 4
423 832 2
423 630 4
423 718 1
423 849 1
424 978 1
424 795 1
424 990 3
425 782 2
425 912 25
425 946 4
425 948 11
425 699 1
425 765 2
428 806 1
428 915 12
428 857 3
428 952 5
428 953 1
428 990 1
429 454 5
433 994 2
433 840 1
433 738 3
433 591 1
433 987 6
435 962 1
435 586 9
435 782 1
435 948 1
435 885 2
435 500 1
435 762 1
437 738 1
437 644 1
438 818 4
439 699 3
439 949 2
440 506 3
443 742 1
443 662 4
443 863 1
444 535 4
445 891 2
445 750 2
448 738 1
450 802 1
450 571 13
450 595 1
450 915 1
450 662 1
450 695 1
450 568 1
450 572 1
454 544 1
454 609 4
454 772 4
454 1003 4
454 752 1
454 948 1
454 706 1
454 629 1
458 1000 3
458 890 2
458 956 5
458 679 1
464 980 2
465 812 1
466 712 1
469 547 2
469 614 1
469 978 1
469 851 4
469 630 4
469 954 1
470 710 1
470 789 2
470 502 2
470 538 1
470 605 3
470 862 3
470 693 1
472 517 2
472 586 2
472 684 2
472 744 1
472 912 5
472 946 7
472 948 1
472 535 1
472 542 2
472 575 2
478 818 4
478 517 1
480 506 1
480 987 2
482 987 2
484 716 1
484 750 2
484 630 2
485 890 1
485 542 2
485 646 1
486 656 1
497 773 1
499 704 1
499 844 1
499 684 3
500 586 1
500 782 1
500 687 4
500 948 1
500 814 3
500 823 1
500 923 3
500 575 1
502 746 1
502 718 2
502 878 1
502 591 1
502 605 2
503 704 2
503 1000 3
503 723 5
503 758 4
506 738 1
506 644 3
506 541 2
506 850 1
506 921 1
506 890 1
506 783 1
507 685 1
509 832 1
509 788 1
512 978 1
513 823 2
514 832 5
514 1001 5
514 780 7
514 977 6
514 950 7
516 644 1
516 738 1
516 924 2
516 850 1
517 648 1
517 586 2
517 684 2
517 751 1
517 535 1
517 542 2
518 542 3
518 895 2
520 680 1
521 912 1
522 866 2
522 718 2
523 863 1
526 528 2
526 629 4
527 720 1
527 710 3
528 772 1
528 980 3
528 663 3
528 542 1
530 571 11
530 746 1
530 915 1
530 692 1
530 629 5
530 630 4
530 857 2
530 891 6
531 746 1
531 987 2
532 738 1
532 644 1
534 768 1
534 649 3
534 746 1
534 939 1
534 591 2
534 571 1
535 586 1
535 551 1
535 684 1
535 913 1
535 542 1
538 605 1
540 546 1
540 987 2
540 840 2
540 874 3
540 994 1
540 692 5
540 873 1
540 955 2
541 576 2
541 738 6
541 644 1
541 850 1
541 828 2
542 586 2
542 684 2
542 646 1
542 823 1
542 571 1
544 739 1
544 669 2
546 891 2
546 844 2
546 550 1
547 902 2
547 978 1
547 851 5
547 630 1
550 891 1
550 844 1
550 671 1
551 799 1
551 895 1
552 978 1
558 1000 2
558 956 1
565 704 2
565 684 2
566 775 1
568 947 1
569 605 1
570 863 1
571 900 14
571 870 2
571 742 18
571 935 8
571 776 5
571 684 14
571 813 25
571 910 1
571 663 3
571 731 4
571 885 3
572 890 2
573 586 5
575 966 1
575 782 1
575 912 2
576 644 1
576 738 2
576 850 1
580 791 1
581 942 1
581 855 3
582 840 1
582 987 2
584 680 1
584 731 4
585 851 1
585 909 1
585 901 1
586 782 5
586 984 7
586 923 4
586 684 2
586 687 1
586 885 5
586 762 2
587 624 1
589 909 4
591 768 1
591 776 1
591 746 1
591 910 1
591 692 1
591 607 1
595 934 1
595 746 2
595 718 3
599 605 3
601 676 2
601 919 4
602 765 2
605 976 1
605 710 1
605 693 2
605 862 1
605 767 1
606 863 1
607 696 1
607 891 3
609 707 1
609 772 5
609 997 1
609 951 4
609 633 3
611 921 3
611 850 1
614 851 1
614 978 1
617 720 2
617 776 1
617 692 4
618 684 1
624 840 2
624 731 1
626 863 1
629 630 1
629 951 1
629 891 5
630 978 5
630 891 2
633 997 1
633 923 3
634 788 1
638 700 2
638 862 1
641 987 2
643 716 2
643 685 16
644 650 1
644 783 1
644 657 1
644 921 1
644 923 1
644 924 6
644 682 1
644 945 1
644 828 1
644 702 1
644 837 1
644 719 1
644 850 2
644 979 1
644 654 1
644 738 3
644 996 1
644 1001 1
644 881 1
644 745 1
644 761 1
646 890 4
648 782 1
648 912 1
648 721 5
648 765 4
649 890 1
650 738 1
650 850 1
650 686 1
650 682 1
654 738 6
654 783 3
654 991 4
656 920 4
657 738 2
657 850 1
658 731 1
658 990 3
659 742 3
659 863 1
660 951 2
660 863 1
662 742 2
663 813 1
665 746 1
668 720 1
668 746 13
668 935 4
671 995 2
671 692 1
671 687 1
673 863 1
679 684 1
679 844 1
680 707 2
680 731 7
682 738 1
684 704 1
684 844 1
684 918 1
684 746 1
686 872 1
687 776 1
687 910 1
687 923 5
687 746 1
692 863 1
692 995 2
692 742 1
692 775 2
692 746 1
692 923 2
692 834 1
692 910 1
692 851 1
693 980 1
696 995 3
696 948 1
697 925 1
697 855 6
698 987 3
699 912 2
700 866 1
700 840 1
700 812 1
700 782 1
700 790 2
700 991 1
701 997 1
702 890 1
702 850 1
702 738 1
703 863 2
706 951 1
707 1003 3
707 951 3
710 832 1
710 849 1
712 775 1
716 866 2
716 718 2
718 777 2
718 754 4
718 883 2
718 969 2
718 843 2
718 724 2
718 732 2
718 866 4
718 746 1
718 980 1
719 738 2
719 850 1
720 833 1
720 746 4
720 935 4
720 813 2
720 855 2
721 948 1
721 765 6
721 790 1
723 1000 4
723 758 4
724 1004 6
730 868 2
731 789 2
736 863 1
738 783 6
738 772 3
738 921 1
738 923 1
738 924 1
738 945 1
738 828 2
738 837 2
738 850 3
738 979 1
738 996 1
738 1001 1
738 881 1
738 745 2
738 761 2
739 750 1
742 993 3
742 746 1
742 784 1
742 901 1
742 863 2
743 948 1
744 912 12
745 850 1
745 837 1
746 775 1
746 912 4
746 915 1
746 935 18
746 813 11
749 890 1
749 995 2
751 948 1
758 844 5
758 918 3
758 956 3
761 850 1
764 874 3
764 987 2
765 912 2
765 948 4
769 863 1
771 855 1
772 775 1
774 863 1
775 900 1
780 977 1
782 806 2
782 838 1
782 912 4
782 790 1
782 984 2
784 863 4
789 994 1
789 987 2
790 868 2
790 812 2
790 977 1
790 885 1
795 978 1
796 987 2
798 863 1
799 895 2
800 984 1
803 948 1
806 838 1
807 818 4
807 863 2
809 840 1
809 987 2
813 912 4
813 935 4
817 978 1
818 997 4
823 895 1
828 850 1
832 977 1
835 863 1
837 850 1
840 955 1
840 874 3
840 873 1
840 987 2
849 987 2
850 921 1
850 924 1
850 995 2
850 979 1
850 996 1
850 1001 1
850 881 1
851 920 2
851 978 10
851 915 1
851 951 1
853 890 1
855 955 2
857 915 2
857 952 1
863 901 2
863 993 1
863 1002 1
865 891 2
868 912 1
868 948 2
872 987 2
873 874 3
873 987 2
874 925 1
878 929 2
880 890 3
880 923 1
890 912 1
890 923 3
890 948 2
890 962 1
891 995 4
891 997 1
891 951 1
901 909 2
912 948 7
912 949 3
915 952 2
915 920 1
919 1000 4
921 923 1
925 955 1
950 977 1
951 954 1
954 978 1
954 957 1
955 987 4
957 978 1
974 984 1
977 996 5
977 1004 4
978 988 1
987 994 2
