0
1
2
3
4
5
6
7
8
9
10
11
12
13
14
15
16
17
18
19
20
21
22
23
24
25
26
27
28
29
30
31
32
33
34
35
36
37
38
39
40
41
42
43
44
45
46
47
48
49
50
51
52
53
54
55
56
57
58
59
60
61
62
63
64
65
66
67
68
69
70
71
72
73
74
75
76
77
78
79
80
81
82
83
84
85
86
87
88
89
90
91
92
93
94
95
96
97
98
99
100
101
102
103
104
105
106
107
108
109
110
111
112
113
114
115
116
117
118
119
120
121
122
123
124
125
126
127
128
129
130
131
132
133
134
135
136
137
138
139
141
142
143
144
145
146
147
148
149
150
151
152
153
154
155
157
158
159
160
161
162
163
164
165
166
167
168
169
170
171
172
173
174
175
176
177
178
179
180
181
182
183
184
185
186
187
188
189
190
191
192
193
194
195
196
197
198
199
200
201
202
203
204
205
206
207
208
209
210
211
212
213
214
215
216
217
218
219
220
221
222
223
224
225
226
227
228
229
230
231
232
233
235
236
237
238
239
240
241
242
243
244
245
246
247
248
249
250
251
252
253
254
255
256
257
259
260
262
263
264
265
266
267
268
269
270
271
272
273
274
275
276
277
278
279
280
281
282
283
284
285
286
287
288
289
290
291
292
293
294
295
296
297
299
300
301
302
303
304
305
306
307
308
309
310
311
312
313
314
315
316
317
318
319
320
321
322
323
324
325
326
327
328
329
330
331
332
333
334
335
336
337
338
339
340
341
343
344
345
346
347
348
349
350
351
352
353
355
356
357
358
359
360
361
362
364
365
366
367
368
369
370
371
372
373
374
375
376
377
378
379
380
381
382
383
384
385
386
387
388
389
390
391
392
393
394
395
396
397
398
399
400
401
402
403
404
405
406
407
408
409
410
411
412
413
414
415
416
418
419
420
421
422
423
424
425
426
427
428
429
430
431
432
433
434
435
436
437
438
439
440
441
442
443
444
445
446
447
448
449
450
451
452
453
454
455
456
457
458
459
460
461
462
464
465
466
467
468
469
470
471
472
473
474
475
476
477
478
479
480
481
482
483
484
485
486
487
488
489
490
491
492
493
495
496
497
498
499
500
501
502
503
504
505
506
507
508
509
510
511
512
513
514
515
516
517
518
519
520
521
522
523
524
525
526
527
528
530
531
532
533
534
535
536
537
538
539
540
541
542
543
544
545
546
547
548
549
550
551
552
553
554
556
557
558
559
560
561
562
563
564
565
566
567
568
569
570
571
572
573
574
575
576
577
578
579
580
581
582
583
584
585
586
587
588
589
590
591
592
593
594
595
596
597
598
599
600
601
602
603
604
605
606
607
609
610
611
612
613
614
615
616
617
618
619
621
622
623
624
625
626
627
628
629
630
631
632
633
634
635
636
637
638
639
640
641
642
643
644
645
646
647
648
649
650
651
652
653
654
655
656
657
658
659
660
661
662
663
664
665
666
667
668
669
670
671
672
673
674
675
676
677
678
679
680
681
682
683
684
685
686
687
688
689
690
691
692
693
694
695
696
697
698
699
700
701
702
703
704
705
706
707
708
709
710
711
712
713
714
715
716
717
718
719
720
721
722
723
724
725
726
727
728
729
730
731
732
733
734
735
736
737
738
739
740
741
742
743
744
745
746
747
748
749
750
751
752
753
754
756
757
758
759
760
761
762
763
764
765
767
768
769
770
771
772
773
774
775
776
777
778
779
780
781
782
783
784
785
786
787
788
789
790
791
792
793
794
795
796
797
798
799
800
801
802
803
804
805
806
807
808
809
810
811
812
813
814
815
816
817
818
819
820
821
822
823
824
825
826
827
828
829
830
831
832
833
834
835
836
837
838
839
840
841
842
843
844
845
846
847
848
849
850
851
852
853
854
855
856
857
858
859
860
861
862
863
864
865
866
867
868
869
870
871
872
873
874
875
876
877
878
879
880
881
882
883
884
885
886
887
888
889
890
891
892
893
894
895
896
897
898
899
900
901
902
903
904
905
906
907
908
909
910
911
912
913
914
915
916
917
918
919
920
921
922
923
924
925
926
927
928
929
930
931
932
933
934
935
936
937
938
939
940
941
942
943
944
945
946
947
948
949
950
951
952
953
954
955
956
957
958
960
961
962
963
964
965
966
967
968
969
970
971
972
973
974
975
976
977
978
979
980
981
982
983
984
985
986
987
988
989
990
991
992
993
994
995
996
997
998
999
1000
1001
1002
1003
1004
0 569 2
0 732 1
0 470 1
1 106 1
1 309 1
2 416 2
2 923 1
2 500 1
2 790 3
2 119 5
4 720 1
4 135 1
5 808 1
5 553 1
5 491 1
5 107 7
5 175 1
6 569 3
6 470 1
8 544 1
11 923 1
12 720 1
12 405 1
12 870 1
13 850 1
13 14 1
14 131 1
14 516 1
14 650 1
14 270 1
14 783 1
14 657 1
14 921 1
14 644 1
14 796 1
14 541 2
14 924 2
14 682 1
14 173 1
14 702 1
14 576 1
14 837 1
14 199 1
14 719 1
14 850 1
14 724 1
14 738 1
14 996 1
14 1001 1
14 881 1
14 761 1
14 506 1
15 680 7
15 731 3
15 422 3
16 843 1
16 541 1
17 857 4
17 915 1
17 428 1
24 280 1
24 656 1
24 891 5
24 629 4
25 704 2
25 458 1
25 558 1
25 48 2
25 216 1
25 319 1
29 808 1
29 90 1
30 256 1
31 165 10
31 847 1
32 280 1
32 977 1
32 143 2
32 791 1
32 127 1
35 978 2
38 42 1
38 410 1
40 450 1
40 900 1
40 802 2
40 272 1
40 947 1
40 596 1
40 662 1
40 568 1
40 633 1
40 187 1
40 572 4
40 254 1
40 383 3
42 663 1
45 66 2
45 227 2
48 704 1
48 558 1
52 790 1
53 56 1
53 193 2
53 90 1
53 923 1
56 987 1
61 278 1
61 843 1
61 718 4
61 214 1
61 568 3
61 991 1
61 159 1
62 513 1
62 571 4
62 113 1
62 485 2
62 646 2
62 551 1
62 444 1
62 535 1
62 369 2
62 722 1
62 854 1
62 823 1
62 250 2
62 159 3
62 124 1
62 542 2
62 927 2
64 509 1
65 687 1
66 227 6
67 344 4
67 963 7
67 165 4
67 207 4
74 166 2
74 759 1
75 612 2
75 334 1
75 633 1
75 191 2
75 220 2
75 607 1
78 569 1
82 720 1
82 184 1
82 135 1
86 152 3
86 443 3
86 662 1
90 193 1
90 996 1
90 502 1
90 199 1
90 904 2
90 107 1
90 173 2
90 850 2
90 534 1
90 569 1
90 984 1
90 612 1
90 122 2
90 191 1
90 732 1
90 479 2
91 301 1
91 607 1
91 149 1
91 421 1
92 207 2
95 531 2
95 742 1
96 420 1
98 707 1
98 454 1
98 713 1
98 107 4
98 268 1
98 429 1
98 401 2
98 291 1
98 117 1
101 246 2
101 423 4
102 322 1
102 510 1
103 832 1
103 514 1
103 950 2
103 423 1
104 523 1
104 765 3
104 126 1
105 418 2
106 322 1
106 1001 1
106 780 1
106 788 2
106 828 1
107 201 1
107 880 1
107 553 3
107 670 1
113 927 3
124 551 1
126 585 1
126 586 1
127 281 1
127 883 1
127 687 1
127 159 1
131 850 1
133 648 2
134 592 1
134 454 1
135 581 1
135 870 1
135 371 1
135 942 4
135 720 3
135 851 2
135 628 5
135 292 1
135 923 1
136 200 1
136 915 1
138 644 1
139 534 1
141 978 2
143 544 1
144 544 1
147 214 1
149 246 1
149 423 2
151 290 1
151 923 1
151 253 2
151 278 2
152 443 7
153 977 2
157 740 1
157 586 1
157 462 1
157 915 1
157 686 1
157 214 1
157 542 1
157 159 3
158 576 1
158 719 2
159 290 1
159 891 2
159 278 1
159 359 1
159 534 3
159 334 2
159 783 2
159 912 1
159 209 1
159 787 1
159 214 5
159 569 1
159 607 1
159 923 3
159 316 1
160 571 10
160 530 1
160 915 1
160 629 2
161 571 1
161 214 1
161 239 2
164 322 1
164 420 1
164 548 3
164 879 1
164 368 1
164 740 1
164 638 2
164 223 1
165 552 1
165 207 2
165 401 4
165 344 2
165 990 1
166 586 1
167 978 6
167 469 1
168 585 1
170 720 1
170 231 1
173 850 1
173 924 1
175 670 2
175 423 2
184 423 1
185 684 2
185 915 2
185 502 2
185 248 1
185 762 1
185 670 2
187 802 1
187 900 1
187 272 1
187 596 2
187 662 1
187 695 2
187 568 1
187 572 1
188 280 1
188 978 2
189 1004 1
189 718 1
189 951 1
191 752 2
191 927 2
191 415 1
192 381 1
193 987 1
193 230 2
193 782 1
193 880 1
193 569 1
193 923 1
193 540 1
197 850 1
199 506 1
199 850 1
199 924 1
200 952 1
200 915 6
200 971 1
201 553 1
207 424 3
207 558 3
207 978 2
207 469 3
208 1004 1
208 236 1
214 290 3
214 923 1
214 306 1
214 787 1
214 629 2
214 443 1
216 321 2
216 558 2
223 322 6
223 462 1
223 343 2
226 506 1
228 569 2
228 605 1
228 470 1
229 306 2
231 994 1
231 245 6
231 698 1
231 607 1
231 540 1
231 863 1
233 746 1
236 1004 4
236 383 3
239 923 3
239 692 2
239 742 3
245 698 1
245 951 1
245 540 1
246 572 2
246 423 6
248 462 1
249 569 2
249 506 2
249 470 1
250 927 3
251 987 1
253 290 1
253 566 2
256 416 2
256 356 1
267 392 1
267 674 4
267 530 4
267 586 13
267 685 1
272 595 1
272 662 2
277 571 6
278 923 1
280 547 1
280 647 1
280 360 1
280 561 1
280 915 1
280 526 1
280 920 1
280 530 2
280 851 1
280 629 5
280 631 1
280 891 1
284 680 1
285 571 6
291 401 4
293 569 4
295 569 2
299 388 4
299 638 1
301 656 1
301 978 2
302 428 1
304 720 1
305 472 1
306 531 1
306 742 2
306 383 1
310 368 1
310 343 1
311 697 1
311 955 1
313 500 1
316 915 1
316 428 2
318 704 1
318 332 2
319 618 1
319 1002 1
319 558 2
321 704 1
321 558 2
322 323 1
322 879 2
322 337 1
322 853 2
322 534 1
322 343 6
322 740 2
327 850 1
327 381 3
329 540 1
333 569 3
333 470 1
334 617 1
334 746 1
334 687 1
334 692 1
334 923 1
343 853 1
343 663 4
347 966 1
347 933 4
347 686 1
353 891 9
356 586 1
356 743 1
360 629 2
362 528 1
362 695 4
364 482 2
364 764 1
368 950 2
369 927 3
371 720 1
377 700 1
377 422 4
377 630 2
377 423 2
380 712 8
383 644 1
383 528 1
383 887 2
383 922 1
388 843 1
388 427 1
394 571 11
399 879 1
401 454 5
401 429 7
401 415 5
402 634 1
407 843 1
409 569 2
415 612 2
415 569 6
416 586 2
416 435 2
416 885 2
416 759 1
416 984 1
416 927 2
418 977 20
421 424 3
421 978 4
422 680 2
422 731 3
423 866 2
423 710 1
423 779 1
423 716 2
423 977 5
424 709 1
424 978 2
424 795 4
424 990 2
427 738 1
427 955 2
427 596 1
427 510 1
428 915 6
428 857 1
429 454 3
432 468 2
435 586 2
435 500 1
443 450 2
443 550 1
443 662 1
444 927 3
447 586 1
450 571 7
450 595 1
450 462 1
454 609 2
454 772 2
454 592 1
456 720 1
458 704 1
458 918 3
458 684 2
458 499 1
458 565 1
458 790 1
462 833 2
462 517 1
462 742 1
462 718 1
462 783 1
462 851 1
462 670 1
462 762 1
462 591 1
462 542 1
469 585 2
469 978 2
469 630 2
470 789 11
470 569 3
470 538 1
470 605 1
470 862 1
470 693 1
472 743 1
482 569 3
482 531 1
485 927 3
493 561 1
493 530 3
493 795 2
493 629 2
493 630 8
497 977 1
499 558 2
500 586 2
502 569 3
502 693 1
502 951 1
502 538 2
506 1001 1
506 850 1
506 924 1
509 788 1
510 955 3
510 534 1
512 978 2
513 927 3
514 950 1
516 761 1
516 850 1
519 862 1
522 718 3
526 530 1
526 629 2
528 880 1
528 909 1
528 607 1
530 629 14
530 891 5
530 700 1
531 659 1
532 761 1
532 670 2
534 843 1
534 591 2
535 927 3
538 569 2
540 697 1
540 698 1
540 955 1
541 921 1
541 850 1
542 646 3
542 571 1
542 927 3
543 971 1
544 739 1
544 580 1
544 741 1
544 563 1
544 791 1
544 669 1
546 662 2
546 772 1
546 614 3
546 550 1
546 607 1
547 978 2
548 780 1
548 853 3
551 927 3
552 978 2
552 851 2
558 956 1
561 629 3
561 846 1
565 704 4
565 679 2
566 772 2
569 693 2
569 710 2
569 976 2
569 599 2
569 605 2
569 862 2
569 991 2
569 767 3
571 900 11
571 742 5
571 870 3
571 935 2
571 776 5
571 684 8
571 910 1
571 663 1
571 731 1
571 885 2
573 759 1
576 850 1
580 791 1
581 720 1
581 936 3
581 855 1
582 955 1
585 990 1
586 782 3
586 984 3
587 720 1
587 907 1
591 742 1
591 843 1
591 607 1
592 818 2
595 915 1
599 693 1
599 767 1
602 743 1
605 693 1
605 951 1
607 696 1
614 978 3
617 923 1
624 738 2
628 720 2
629 630 2
629 658 2
629 685 2
629 846 1
629 631 2
629 891 8
630 685 2
641 809 1
643 685 7
644 996 1
644 1001 2
644 850 1
644 924 1
646 927 3
648 765 2
650 850 1
650 654 2
654 738 1
656 851 1
657 850 1
659 742 2
660 951 1
661 812 1
663 879 1
670 808 1
672 844 1
678 696 1
680 707 1
680 720 3
680 731 5
682 850 1
682 924 1
684 704 1
685 838 3
685 1001 6
685 724 5
686 966 1
687 843 1
687 923 2
690 849 1
692 746 4
696 915 1
697 925 1
697 855 6
698 840 1
698 873 1
698 764 1
700 761 1
702 850 1
702 924 1
704 844 1
711 843 1
718 843 4
718 754 1
718 883 1
718 724 1
719 850 1
720 870 1
720 936 1
720 731 1
722 927 3
724 1001 6
731 739 1
731 915 1
735 822 3
738 850 1
738 951 1
740 788 1
740 879 2
745 850 1
746 966 1
746 935 9
758 918 1
761 783 1
761 850 1
764 994 2
770 927 3
773 955 2
774 947 23
780 950 1
783 850 1
790 812 4
791 977 1
795 978 3
809 951 1
817 978 2
823 927 3
832 950 4
837 850 1
850 921 1
850 996 1
850 1001 1
850 881 5
851 920 1
851 978 4
854 927 3
880 890 1
924 1001 1
925 955 1
935 971 1
936 942 2
952 971 1
954 978 2
955 987 2
957 978 2
969 977 2
977 1001 2
977 1004 3
978 988 2
