0
1
2
3
4
5
6
7
8
9
10
11
12
13
14
15
16
17
18
19
20
21
22
23
24
25
26
27
28
29
30
31
32
33
34
35
36
37
38
39
40
41
42
43
44
45
46
47
48
49
50
51
52
53
54
55
56
57
58
59
60
61
62
63
64
65
66
67
68
69
70
71
72
73
74
75
76
77
78
79
80
81
82
83
84
85
86
87
88
89
90
91
92
93
94
95
96
97
98
99
100
101
102
103
104
105
106
107
108
109
110
111
112
113
114
115
116
117
118
119
120
121
122
123
124
125
126
127
128
129
130
131
132
133
134
135
136
137
138
139
141
142
143
144
145
146
147
148
149
150
151
152
153
154
155
157
158
159
160
161
162
163
164
165
166
167
168
169
170
171
172
173
174
175
176
177
178
179
180
181
182
183
184
185
186
187
188
189
190
191
192
193
194
195
196
197
198
199
200
201
202
203
204
205
206
207
208
209
210
211
212
213
214
215
216
217
218
219
220
221
222
223
224
225
226
227
228
229
230
231
232
233
235
236
237
238
239
240
241
242
243
244
245
246
247
248
249
250
251
252
253
254
255
256
257
259
260
262
263
264
265
266
267
268
269
270
271
272
273
274
275
276
277
278
279
280
281
282
283
284
285
286
287
288
289
290
291
292
293
294
295
296
297
299
300
301
302
303
304
305
306
307
308
309
310
311
312
313
314
315
316
317
318
319
320
321
322
323
324
325
326
327
328
329
330
331
332
333
334
335
336
337
338
339
340
341
343
344
345
346
347
348
349
350
351
352
353
355
356
357
358
359
360
361
362
364
365
366
367
368
369
370
371
372
373
374
375
376
377
378
379
380
381
382
383
384
385
386
387
388
389
390
391
392
393
394
395
396
397
398
399
400
401
402
403
404
405
406
407
408
409
410
411
412
413
414
415
416
418
419
420
421
422
423
424
425
426
427
428
429
430
431
432
433
434
435
436
437
438
439
440
441
442
443
444
445
446
447
448
449
450
451
452
453
454
455
456
457
458
459
460
461
462
464
465
466
467
468
469
470
471
472
473
474
475
476
477
478
479
480
481
482
483
484
485
486
487
488
489
490
491
492
493
495
496
497
498
499
500
501
502
503
504
505
506
507
508
509
510
511
512
513
514
515
516
517
518
519
520
521
522
523
524
525
526
527
528
530
531
532
533
534
535
536
537
538
539
540
541
542
543
544
545
546
547
548
549
550
551
552
553
554
556
557
558
559
560
561
562
563
564
565
566
567
568
569
570
571
572
573
574
575
576
577
578
579
580
581
582
583
584
585
586
587
588
589
590
591
592
593
594
595
596
597
598
599
600
601
602
603
604
605
606
607
609
610
611
612
613
614
615
616
617
618
619
621
622
623
624
625
626
627
628
629
630
631
632
633
634
635
636
637
638
639
640
641
642
643
644
645
646
647
648
649
650
651
652
653
654
655
656
657
658
659
660
661
662
663
664
665
666
667
668
669
670
671
672
673
674
675
676
677
678
679
680
681
682
683
684
685
686
687
688
689
690
691
692
693
694
695
696
697
698
699
700
701
702
703
704
705
706
707
708
709
710
711
712
713
714
715
716
717
718
719
720
721
722
723
724
725
726
727
728
729
730
731
732
733
734
735
736
737
738
739
740
741
742
743
744
745
746
747
748
749
750
751
752
753
754
756
757
758
759
760
761
762
763
764
765
767
768
769
770
771
772
773
774
775
776
777
778
779
780
781
782
783
784
785
786
787
788
789
790
791
792
793
794
795
796
797
798
799
800
801
802
803
804
805
806
807
808
809
810
811
812
813
814
815
816
817
818
819
820
821
822
823
824
825
826
827
828
829
830
831
832
833
834
835
836
837
838
839
840
841
842
843
844
845
846
847
848
849
850
851
852
853
854
855
856
857
858
859
860
861
862
863
864
865
866
867
868
869
870
871
872
873
874
875
876
877
878
879
880
881
882
883
884
885
886
887
888
889
890
891
892
893
894
895
896
897
898
899
900
901
902
903
904
905
906
907
908
909
910
911
912
913
914
915
916
917
918
919
920
921
922
923
924
925
926
927
928
929
930
931
932
933
934
935
936
937
938
939
940
941
942
943
944
945
946
947
948
949
950
951
952
953
954
955
956
957
958
960
961
962
963
964
965
966
967
968
969
970
971
972
973
974
975
976
977
978
979
980
981
982
983
984
985
986
987
988
989
990
991
992
993
994
995
996
997
998
999
1000
1001
1002
1003
1004
0 6 1
0 519 1
0 409 1
0 538 1
0 929 1
0 432 2
0 178 9
0 693 2
0 314 2
0 710 1
0 333 1
0 78 1
0 976 1
0 470 1
0 599 1
0 605 1
0 862 1
0 991 1
0 99 1
0 228 1
0 502 1
0 249 1
0 767 1
2 322 2
2 326 2
2 840 1
2 77 1
2 722 1
2 790 5
2 857 4
2 923 2
2 700 3
4 304 3
4 441 1
4 371 1
4 135 1
5 107 2
5 335 2
5 980 1
5 175 2
6 178 5
8 544 1
8 414 2
11 890 1
13 443 1
13 743 1
14 611 1
14 644 1
14 719 2
14 275 1
14 506 1
14 924 10
15 680 2
15 731 3
15 422 3
15 951 2
16 282 1
16 534 2
16 127 2
17 915 2
17 316 4
17 351 1
19 333 1
24 750 2
24 528 1
24 530 1
24 629 18
24 280 5
24 526 1
24 891 9
24 990 2
24 31 4
25 48 1
28 987 8
28 540 1
29 107 2
29 118 1
30 168 1
30 362 1
30 868 1
30 765 1
31 165 10
31 316 4
31 915 2
31 92 1
31 990 3
31 351 3
32 580 3
32 197 1
32 428 3
32 718 2
32 687 2
32 791 3
32 280 5
32 92 2
35 280 3
35 978 3
35 469 2
38 832 1
38 951 1
38 939 1
38 337 3
38 309 1
38 919 1
38 410 2
38 474 1
40 802 4
40 379 1
40 900 2
40 198 1
40 488 1
40 450 2
40 272 3
40 712 1
40 947 2
40 662 2
40 695 2
40 568 2
40 187 4
40 572 3
40 254 2
41 48 1
42 534 3
42 943 3
46 88 1
46 337 2
46 399 1
48 1000 2
48 458 1
48 684 1
48 558 1
48 723 1
48 216 1
48 956 1
48 319 1
50 559 4
52 126 2
53 193 1
53 609 3
53 161 1
53 978 2
53 819 2
53 277 4
53 923 1
55 595 1
56 482 1
56 987 9
60 187 1
61 450 2
61 939 1
61 388 1
61 517 2
61 166 1
61 135 4
61 393 1
61 586 4
61 782 6
61 718 11
61 591 3
61 228 2
61 742 2
61 851 2
61 692 1
61 693 7
61 502 3
61 356 3
61 602 1
61 915 2
61 127 1
62 800 1
62 485 2
62 518 3
62 646 6
62 113 1
62 214 1
62 542 4
62 895 1
65 134 1
65 75 5
65 334 7
65 687 2
65 915 3
65 923 1
65 220 5
65 190 1
66 782 1
67 963 7
67 165 4
67 846 1
68 506 3
68 987 8
73 1000 1
73 577 1
74 166 4
74 392 2
74 974 1
74 435 1
74 948 1
74 759 3
74 984 1
74 90 3
74 573 1
75 772 4
75 534 1
75 609 2
75 617 1
75 749 1
75 334 2
75 687 1
75 692 1
75 278 1
75 923 1
75 220 1
77 912 4
77 104 1
77 266 1
77 260 1
78 314 2
78 178 7
82 784 2
82 870 1
82 135 1
83 784 1
84 337 1
86 443 1
86 662 2
88 906 2
88 950 2
90 920 1
90 923 1
90 422 1
90 687 1
90 178 1
90 435 1
90 189 1
90 190 2
90 454 1
90 334 2
90 978 1
90 851 1
90 220 2
90 93 1
90 862 1
90 609 2
90 226 1
90 613 2
90 233 5
90 883 1
90 502 2
90 105 1
90 248 3
90 890 1
90 891 1
91 609 1
91 454 1
92 838 1
92 915 3
92 316 3
92 351 3
95 987 8
96 420 2
96 324 1
98 107 39
98 401 7
98 707 3
98 429 3
99 314 2
99 178 7
99 599 2
100 765 1
101 377 1
101 866 1
101 246 3
101 423 5
103 950 1
104 425 23
104 523 1
104 765 6
104 790 1
105 482 2
105 582 5
105 418 8
105 374 2
106 832 3
106 559 1
106 663 1
107 192 3
107 898 2
107 643 2
107 236 4
107 652 1
107 899 2
107 664 2
107 537 2
107 670 2
107 289 2
107 808 1
107 553 2
107 810 3
107 175 2
107 688 2
107 393 1
107 320 7
107 327 1
107 201 5
107 335 5
107 464 3
107 468 1
107 985 2
107 208 2
107 1004 4
107 118 2
107 980 2
107 381 2
112 356 12
112 517 2
112 267 4
112 948 1
112 472 1
112 730 2
113 542 1
113 646 1
114 977 1
114 962 1
114 275 3
114 716 1
118 553 1
118 867 1
118 732 1
119 812 2
119 700 1
119 465 1
120 609 1
120 772 7
120 454 1
120 752 3
120 433 2
120 948 1
120 765 1
120 190 2
122 275 1
122 693 1
125 206 1
125 622 1
126 133 2
126 166 3
126 332 1
126 721 1
126 435 3
126 948 4
127 365 2
127 189 2
127 595 3
127 377 2
132 337 1
132 388 1
133 908 1
134 850 1
134 565 5
135 581 13
135 870 1
135 170 1
135 942 9
135 742 1
135 371 2
135 628 1
135 405 1
135 692 1
135 851 1
136 207 2
136 316 4
136 915 2
136 351 3
137 784 1
137 771 1
137 742 1
137 703 1
138 542 1
139 206 1
141 512 4
141 851 2
141 978 2
141 915 1
141 469 3
142 200 1
142 892 1
142 267 6
142 428 5
142 207 1
142 915 10
142 280 3
142 857 4
142 351 3
142 316 11
142 543 1
143 544 2
143 872 1
143 796 1
144 544 1
147 416 5
147 577 6
147 546 3
147 355 1
147 933 1
147 715 1
147 454 1
147 171 1
147 590 1
147 285 1
147 336 1
147 277 2
147 214 2
147 347 12
147 157 1
147 926 1
149 716 1
149 866 1
149 372 6
150 617 1
150 850 1
150 987 3
150 178 1
150 454 1
151 626 1
151 923 6
151 316 4
151 253 4
151 278 3
152 443 1
153 977 2
157 731 2
157 740 1
157 517 2
157 585 1
157 530 2
157 248 3
157 891 2
159 500 1
159 214 1
160 530 1
160 891 1
160 629 8
163 518 1
164 402 1
164 663 1
164 638 2
164 943 1
165 428 2
165 401 14
165 915 4
165 280 2
165 351 3
165 316 7
166 517 2
166 294 2
166 743 3
166 500 1
166 885 1
166 759 1
166 984 1
167 978 2
167 469 2
168 356 14
168 984 1
168 966 4
168 232 7
168 425 13
168 765 3
168 912 41
168 744 1
168 362 1
168 948 1
168 949 14
168 439 1
168 472 24
168 260 8
168 730 2
168 699 2
168 313 2
168 868 7
168 575 1
169 372 5
169 595 5
169 404 2
170 855 2
171 577 1
171 347 5
171 590 2
173 506 1
173 428 5
175 737 1
175 423 1
175 553 1
175 335 2
175 849 3
175 275 6
175 246 1
178 409 6
178 538 7
178 415 2
178 929 8
178 295 5
178 990 2
178 693 7
178 569 5
178 314 6
178 710 5
178 333 6
178 976 5
178 339 5
178 470 5
178 599 6
178 605 50
178 862 8
178 991 5
178 228 7
178 878 1
178 752 5
178 502 13
178 249 6
178 767 6
180 958 1
181 656 1
181 353 3
181 274 1
181 920 2
181 190 3
184 977 1
185 833 1
185 763 2
185 334 1
185 854 2
187 802 1
188 280 5
188 978 2
188 469 2
188 614 2
188 421 1
189 546 1
189 491 1
189 716 2
189 239 1
189 883 2
189 506 1
190 353 3
190 486 1
190 656 4
190 920 2
190 274 3
190 373 3
191 609 1
191 749 2
192 664 2
192 289 1
193 609 1
193 946 3
193 633 2
195 595 1
196 731 1
196 278 1
197 580 1
197 718 1
199 644 1
199 506 1
199 996 2
199 541 1
199 702 2
200 428 6
200 915 4
200 952 4
200 857 1
200 316 8
200 351 6
201 320 2
206 676 1
206 622 1
206 487 1
207 387 1
207 558 1
207 428 3
207 978 2
207 424 1
207 274 1
207 469 6
207 630 2
207 953 3
207 795 2
207 373 1
214 518 3
214 912 4
214 531 1
214 662 2
214 923 3
214 290 1
214 935 1
214 940 1
214 951 1
214 630 6
214 334 2
214 978 2
214 609 1
214 742 1
214 746 3
214 367 2
214 500 4
214 502 1
214 890 1
214 763 3
216 1000 1
216 558 12
220 334 1
224 915 2
224 316 1
224 351 1
225 951 3
226 506 1
228 502 2
228 599 1
229 696 2
229 306 1
229 580 3
229 687 1
231 738 1
231 840 1
231 873 6
231 874 1
231 782 3
231 245 1
231 987 8
231 540 10
232 425 2
232 912 2
232 305 1
232 790 1
232 472 5
233 835 4
233 746 1
233 692 7
233 245 1
235 609 1
238 433 1
239 624 2
239 707 1
239 609 2
239 784 1
239 502 3
239 951 5
241 280 3
241 469 2
243 607 4
245 581 1
245 840 1
245 329 2
245 874 1
245 624 1
245 338 1
245 764 1
245 987 9
245 540 2
246 423 5
248 740 1
248 334 1
248 591 1
248 530 3
248 891 14
249 716 1
249 314 1
250 356 2
250 948 7
250 886 3
251 987 8
256 356 2
260 425 1
260 266 3
260 912 4
264 540 4
266 425 3
266 912 5
266 948 1
266 949 1
267 517 2
267 648 3
267 751 2
267 392 2
267 435 1
267 948 1
267 891 2
267 478 2
272 443 1
273 951 1
274 978 1
274 920 2
274 988 1
275 849 2
277 587 1
277 723 1
278 923 6
280 902 5
280 647 3
280 526 7
280 656 3
280 530 4
280 915 3
280 920 3
280 421 3
280 422 3
280 561 3
280 953 3
280 547 3
280 990 3
280 293 5
280 360 3
280 658 1
280 851 4
280 629 6
280 502 2
280 631 3
281 329 1
282 474 1
284 731 1
285 577 1
288 610 15
288 484 20
288 773 16
288 391 27
288 846 17
288 530 1
288 629 20
288 630 5
289 664 1
293 697 3
293 724 1
293 862 3
293 568 2
299 893 1
299 509 1
301 920 1
301 978 5
301 469 2
302 428 1
302 915 2
302 316 3
302 351 3
305 946 1
306 790 2
306 742 3
306 585 5
306 784 6
306 659 6
306 374 8
306 343 2
308 418 1
310 343 1
311 633 1
311 987 9
311 955 1
313 356 3
313 946 2
313 868 1
314 409 1
314 929 3
314 710 2
314 333 1
314 976 1
314 693 3
314 502 1
314 599 2
314 538 1
314 605 1
314 862 1
314 767 2
315 936 4
316 647 4
316 915 21
316 543 3
316 428 12
316 392 1
316 952 5
316 953 7
316 838 3
316 586 1
316 971 4
316 344 1
316 857 4
316 349 1
316 990 4
316 351 8
316 367 5
316 888 1
318 840 1
318 704 2
318 684 1
318 332 1
319 832 1
321 684 1
322 740 2
322 534 2
322 334 3
322 879 2
323 622 1
327 381 1
329 427 1
329 388 1
329 582 4
329 471 1
329 624 1
329 819 3
329 469 1
329 534 1
329 343 4
329 540 1
332 586 1
332 435 1
332 500 4
332 984 1
332 362 2
333 696 1
333 605 1
333 767 1
334 995 2
334 923 2
334 687 5
334 692 3
334 696 7
334 763 2
334 607 1
335 464 1
335 664 1
335 537 2
336 577 1
336 926 2
337 676 1
337 919 2
337 510 1
337 505 1
337 603 1
337 638 2
338 987 9
338 540 5
343 534 1
343 749 3
343 399 5
343 950 4
343 853 1
343 663 5
344 915 2
344 351 1
349 915 2
349 351 1
351 647 3
351 915 6
351 543 3
351 806 1
351 428 4
351 952 3
351 953 3
351 838 1
351 971 3
351 857 3
351 990 4
351 888 1
353 920 1
353 891 1
353 391 8
355 577 1
356 868 4
356 517 9
356 743 2
356 425 9
356 765 1
356 912 13
356 721 2
356 948 3
356 472 20
356 730 6
360 530 1
360 629 4
360 526 2
361 987 8
362 716 2
362 909 1
362 854 1
362 535 1
362 383 6
365 866 1
367 609 1
367 428 1
367 629 2
367 951 2
369 913 1
369 535 1
369 444 2
369 407 4
371 837 1
372 404 5
372 934 1
372 951 5
373 391 12
374 784 1
377 866 2
377 423 3
377 422 1
378 514 1
381 664 1
381 532 4
383 720 4
383 867 1
383 518 5
383 589 1
383 528 6
383 913 2
383 887 1
387 795 2
388 832 1
388 742 1
388 752 1
388 534 1
388 638 1
390 784 12
391 610 11
391 484 3
391 750 3
391 445 1
392 948 2
399 950 2
400 813 1
401 454 7
401 683 1
401 429 12
401 415 9
402 649 1
402 943 1
404 595 4
407 977 1
407 843 1
410 977 2
410 719 3
414 891 8
414 995 2
414 687 1
415 833 1
415 546 1
415 609 1
415 429 5
415 762 2
416 743 2
416 425 1
416 912 3
416 946 1
416 948 5
418 977 9
418 996 18
420 559 6
421 978 2
421 795 1
421 469 2
422 613 1
422 731 5
423 866 1
423 977 4
424 978 2
424 469 2
424 795 1
424 957 1
424 990 2
425 721 1
425 765 3
425 912 10
425 946 9
425 948 4
425 472 2
425 868 1
427 955 3
427 540 2
428 915 19
428 953 4
428 543 1
428 857 2
428 990 1
429 454 8
432 512 2
432 987 8
433 738 2
433 994 3
433 987 12
433 828 2
434 704 1
435 586 6
435 782 1
435 573 3
435 500 1
435 984 2
439 912 2
440 664 1
440 737 1
440 506 2
443 742 4
444 471 2
445 891 2
450 586 1
451 469 2
454 609 3
454 706 3
454 772 2
454 922 1
454 592 1
454 890 1
454 858 1
454 863 1
458 1000 1
458 956 2
464 980 1
465 812 2
466 695 4
468 664 1
469 512 2
469 547 2
469 614 2
469 817 2
469 978 2
469 851 2
469 954 2
469 795 2
469 957 2
471 617 1
472 868 1
472 743 2
472 744 1
472 912 4
472 946 5
472 730 1
473 810 1
480 987 8
482 531 5
482 987 8
482 641 3
484 630 9
484 629 3
484 750 1
485 604 1
485 542 1
485 646 2
486 656 1
486 700 1
491 497 1
493 629 3
499 956 1
499 587 1
499 684 1
500 586 3
500 814 5
500 687 2
500 974 1
500 633 1
500 575 1
502 749 4
502 976 3
502 693 1
502 538 3
502 923 1
503 1000 1
503 723 3
506 737 1
506 1001 1
506 657 1
506 644 2
506 921 2
506 783 3
506 541 2
510 534 1
510 622 2
511 703 1
512 978 6
514 832 1
514 1001 1
514 780 1
514 977 4
514 950 1
516 881 1
516 924 2
517 674 2
517 803 2
517 586 3
517 751 1
517 565 2
517 854 1
517 602 2
517 765 2
517 542 2
518 609 3
518 854 1
518 542 3
518 895 2
518 799 2
522 732 1
526 530 1
526 629 5
527 720 1
527 710 1
527 870 2
528 921 1
528 531 1
530 739 3
530 740 1
530 685 3
530 658 1
530 915 2
530 629 11
530 630 6
530 891 7
531 987 8
534 768 1
534 752 1
534 591 1
534 862 2
537 664 1
540 736 5
540 641 2
540 587 4
540 955 3
540 874 1
540 819 2
540 697 2
540 987 9
540 764 2
541 576 1
542 646 6
543 915 2
544 962 1
544 739 1
544 580 2
544 741 1
544 563 2
544 791 1
544 669 2
546 609 1
546 550 1
547 978 2
547 614 1
547 862 4
550 692 1
550 812 2
550 743 1
552 978 2
553 688 1
558 1000 1
558 684 2
558 844 2
558 956 1
559 622 2
561 629 3
562 893 1
565 723 1
565 684 3
577 715 2
577 926 1
580 791 2
580 669 1
581 851 1
581 703 2
581 942 1
582 994 2
582 987 8
582 764 1
584 731 1
585 822 2
585 922 1
586 782 4
586 974 6
586 617 1
586 984 5
586 915 4
587 833 1
587 678 1
587 617 1
587 752 1
591 768 1
591 746 1
591 692 1
591 923 2
591 607 2
595 1004 2
595 718 4
595 687 1
595 790 1
599 929 2
599 710 2
599 693 1
599 951 1
599 767 2
601 919 1
602 648 2
602 721 1
602 948 1
605 1001 1
605 685 5
605 789 4
607 995 11
607 782 3
607 696 2
607 687 1
609 772 4
609 923 2
609 951 2
609 707 3
609 1003 1
609 749 1
609 752 1
609 633 3
609 890 1
611 921 1
614 978 2
617 752 1
617 633 1
617 923 6
622 676 1
624 836 1
629 902 2
629 750 3
629 658 3
629 685 5
629 838 1
629 846 3
629 630 3
629 631 3
629 891 8
630 685 2
630 668 1
633 772 3
633 951 1
633 923 2
634 788 1
638 853 3
641 987 8
643 664 1
644 924 3
647 915 1
648 721 6
648 948 1
654 738 3
654 783 3
654 837 1
654 719 1
654 991 1
656 838 5
656 920 1
656 988 1
659 742 1
661 692 1
662 900 5
663 951 3
663 950 3
664 737 1
664 810 1
664 985 1
668 720 6
668 746 5
668 813 6
671 995 1
674 765 1
679 684 1
680 707 4
684 704 1
684 743 1
684 844 2
684 687 1
684 946 1
684 918 1
684 731 1
684 956 1
685 1001 4
687 772 1
687 746 2
687 851 1
687 923 5
688 899 2
692 746 5
692 749 1
692 935 1
692 696 1
693 791 1
693 862 1
697 855 4
698 987 8
700 962 1
700 812 2
700 782 2
700 790 8
702 1001 1
704 743 9
706 951 5
707 1003 2
707 880 2
707 951 3
707 923 1
710 767 3
711 718 2
715 926 2
716 866 1
718 934 2
718 732 1
719 738 4
719 837 3
719 783 3
719 921 1
720 833 2
720 935 7
720 746 8
720 813 4
721 908 4
721 948 2
721 765 7
722 823 2
723 1000 1
730 868 1
730 912 1
738 837 1
738 745 3
738 783 1
738 881 1
738 921 2
740 891 6
742 784 3
742 900 1
742 923 1
742 863 3
746 900 1
746 935 6
746 813 5
746 923 1
758 956 1
758 918 2
759 984 1
762 984 2
763 867 1
764 994 1
764 874 1
764 987 9
765 868 6
765 908 4
765 912 5
765 948 5
772 948 5
779 843 3
780 977 3
782 912 1
783 921 1
784 863 1
789 987 8
789 951 1
790 812 2
790 948 3
790 956 4
795 978 2
796 987 8
800 854 1
809 987 8
813 935 4
817 978 2
823 895 2
832 977 1
840 873 1
840 874 1
840 987 10
843 907 2
849 987 8
849 1004 2
850 962 1
851 978 5
851 915 1
857 915 8
857 953 2
858 991 1
863 900 2
866 951 1
867 974 1
868 912 2
872 987 8
873 874 1
873 987 8
874 925 10
878 929 2
885 984 1
885 951 2
890 923 6
912 984 1
912 948 10
912 949 5
915 920 1
915 923 2
915 990 2
915 952 4
915 953 11
915 971 2
919 1000 3
920 978 1
925 987 3
925 955 1
939 951 1
946 948 2
950 977 3
951 976 1
954 978 2
955 987 8
957 978 2
977 996 2
977 1004 9
978 988 2
987 994 8
