0
1
2
3
4
5
6
7
8
9
10
11
12
13
14
15
16
17
18
19
20
21
22
23
24
25
26
27
28
29
30
31
32
33
34
35
36
37
38
39
40
41
42
43
44
45
46
47
48
49
50
51
52
53
54
55
56
57
58
59
60
61
62
63
64
65
66
67
68
69
70
71
72
73
74
75
76
77
78
79
80
81
82
83
84
85
86
87
88
89
90
91
92
93
94
95
96
97
98
99
100
101
102
103
104
105
106
107
108
109
110
111
112
113
114
115
116
117
118
119
120
121
122
123
124
125
126
127
128
129
130
131
132
133
134
135
136
137
138
139
141
142
143
144
145
146
147
148
149
150
151
152
153
154
155
157
158
159
160
161
162
163
164
165
166
167
168
169
170
171
172
173
174
175
176
177
178
179
180
181
182
183
184
185
186
187
188
189
190
191
192
193
194
195
196
197
198
199
200
201
202
203
204
205
206
207
208
209
210
211
212
213
214
215
216
217
218
219
220
221
222
223
224
225
226
227
228
229
230
231
232
233
235
236
237
238
239
240
241
242
243
244
245
246
247
248
249
250
251
252
253
254
255
256
257
259
260
262
263
264
265
266
267
268
269
270
271
272
273
274
275
276
277
278
279
280
281
282
283
284
285
286
287
288
289
290
291
292
293
294
295
296
297
299
300
301
302
303
304
305
306
307
308
309
310
311
312
313
314
315
316
317
318
319
320
321
322
323
324
325
326
327
328
329
330
331
332
333
334
335
336
337
338
339
340
341
343
344
345
346
347
348
349
350
351
352
353
355
356
357
358
359
360
361
362
364
365
366
367
368
369
370
371
372
373
374
375
376
377
378
379
380
381
382
383
384
385
386
387
388
389
390
391
392
393
394
395
396
397
398
399
400
401
402
403
404
405
406
407
408
409
410
411
412
413
414
415
416
418
419
420
421
422
423
424
425
426
427
428
429
430
431
432
433
434
435
436
437
438
439
440
441
442
443
444
445
446
447
448
449
450
451
452
453
454
455
456
457
458
459
460
461
462
464
465
466
467
468
469
470
471
472
473
474
475
476
477
478
479
480
481
482
483
484
485
486
487
488
489
490
491
492
493
495
496
497
498
499
500
501
502
503
504
505
506
507
508
509
510
511
512
513
514
515
516
517
518
519
520
521
522
523
524
525
526
527
528
530
531
532
533
534
535
536
537
538
539
540
541
542
543
544
545
546
547
548
549
550
551
552
553
554
556
557
558
559
560
561
562
563
564
565
566
567
568
569
570
571
572
573
574
575
576
577
578
579
580
581
582
583
584
585
586
587
588
589
590
591
592
593
594
595
596
597
598
599
600
601
602
603
604
605
606
607
609
610
611
612
613
614
615
616
617
618
619
621
622
623
624
625
626
627
628
629
630
631
632
633
634
635
636
637
638
639
640
641
642
643
644
645
646
647
648
649
650
651
652
653
654
655
656
657
658
659
660
661
662
663
664
665
666
667
668
669
670
671
672
673
674
675
676
677
678
679
680
681
682
683
684
685
686
687
688
689
690
691
692
693
694
695
696
697
698
699
700
701
702
703
704
705
706
707
708
709
710
711
712
713
714
715
716
717
718
719
720
721
722
723
724
725
726
727
728
729
730
731
732
733
734
735
736
737
738
739
740
741
742
743
744
745
746
747
748
749
750
751
752
753
754
756
757
758
759
760
761
762
763
764
765
767
768
769
770
771
772
773
774
775
776
777
778
779
780
781
782
783
784
785
786
787
788
789
790
791
792
793
794
795
796
797
798
799
800
801
802
803
804
805
806
807
808
809
810
811
812
813
814
815
816
817
818
819
820
821
822
823
824
825
826
827
828
829
830
831
832
833
834
835
836
837
838
839
840
841
842
843
844
845
846
847
848
849
850
851
852
853
854
855
856
857
858
859
860
861
862
863
864
865
866
867
868
869
870
871
872
873
874
875
876
877
878
879
880
881
882
883
884
885
886
887
888
889
890
891
892
893
894
895
896
897
898
899
900
901
902
903
904
905
906
907
908
909
910
911
912
913
914
915
916
917
918
919
920
921
922
923
924
925
926
927
928
929
930
931
932
933
934
935
936
937
938
939
940
941
942
943
944
945
946
947
948
949
950
951
952
953
954
955
956
957
958
960
961
962
963
964
965
966
967
968
969
970
971
972
973
974
975
976
977
978
979
980
981
982
983
984
985
986
987
988
989
990
991
992
993
994
995
996
997
998
999
1000
1001
1002
1003
1004
0 333 1
1 309 2
2 516 1
2 700 2
2 335 1
2 532 3
2 790 8
2 868 1
2 628 1
2 956 1
2 126 2
4 304 6
5 772 1
5 381 1
6 772 1
6 333 1
8 144 1
8 696 1
12 680 1
14 719 1
14 921 1
14 410 1
14 924 1
14 506 4
14 702 2
17 857 1
17 428 1
24 136 1
24 360 2
24 629 1
24 493 1
25 458 1
30 912 1
30 313 1
30 762 1
30 936 1
30 356 1
31 716 2
31 165 7
31 847 1
34 997 4
34 855 3
40 712 1
40 450 1
42 706 2
45 52 2
48 704 1
52 66 4
52 868 2
53 940 1
58 818 1
58 158 1
61 900 1
61 718 1
61 591 1
61 272 1
61 306 1
61 692 1
61 662 1
61 443 3
61 991 2
62 369 2
62 542 2
62 646 1
62 159 2
65 120 1
65 75 1
65 687 3
65 772 1
65 191 1
67 344 2
67 963 9
67 165 1
67 207 2
75 772 2
75 687 1
77 912 1
77 260 2
82 870 1
86 443 2
90 531 2
90 220 1
91 850 4
91 415 2
92 658 1
96 420 5
98 707 1
101 377 2
101 246 1
101 423 1
102 323 1
102 324 1
102 939 1
102 524 1
102 125 1
102 534 1
102 154 1
102 477 1
102 510 1
105 418 3
106 788 1
107 537 2
107 810 1
112 267 1
113 927 1
120 226 1
120 739 1
120 388 1
120 292 1
120 201 1
120 356 1
120 834 1
120 334 1
120 783 1
120 141 1
120 433 1
120 530 1
120 915 3
120 718 1
120 502 1
120 233 1
120 772 3
120 157 1
120 542 1
126 356 4
126 759 1
135 292 7
135 581 1
135 942 17
135 405 3
136 200 1
136 915 2
136 428 1
136 159 1
141 241 1
141 188 2
141 614 1
141 280 2
142 647 2
142 207 4
147 230 1
147 150 1
150 415 3
152 443 2
153 977 5
157 577 1
157 686 1
158 865 2
158 716 4
158 292 1
158 249 2
159 798 2
159 731 1
159 742 1
159 334 1
159 912 3
159 915 1
159 500 3
159 590 2
159 214 2
159 283 1
159 765 1
160 530 1
160 591 1
160 948 1
160 687 2
164 402 2
165 428 1
165 207 2
165 401 6
165 344 7
165 990 1
166 586 1
168 356 5
168 912 9
168 369 1
168 885 1
168 472 2
168 575 2
173 924 1
175 849 7
175 275 2
175 1004 2
175 423 1
185 830 2
185 614 1
185 334 1
185 415 1
189 281 1
189 236 3
189 214 1
191 752 1
191 415 6
192 381 1
199 506 1
199 924 1
200 971 2
207 469 1
214 290 1
214 742 3
214 940 1
214 765 1
223 772 1
223 343 1
228 333 1
228 502 1
231 873 1
232 369 1
236 537 1
245 764 1
246 423 2
248 772 1
248 692 1
249 333 1
250 535 1
250 927 1
253 752 1
256 356 1
260 912 2
264 454 1
267 674 1
267 891 1
267 586 5
272 450 2
272 900 1
272 306 1
272 910 1
272 754 2
273 951 1
275 849 3
280 530 1
280 851 1
280 629 1
280 920 1
280 915 1
291 401 4
293 724 1
293 605 1
299 323 1
303 343 1
308 748 1
310 586 1
311 697 1
311 955 1
313 765 1
316 915 1
318 684 1
322 879 3
323 562 1
323 524 1
324 638 1
324 534 1
332 500 2
333 470 1
333 710 1
333 599 1
333 569 1
333 502 1
333 409 1
333 538 1
333 605 1
333 862 1
334 879 2
334 772 3
335 381 1
338 540 1
344 373 5
353 891 1
356 912 2
356 868 1
356 743 2
356 718 2
356 528 2
356 472 9
360 629 1
362 528 2
364 540 1
369 535 1
369 927 1
372 415 2
377 866 2
377 754 1
381 532 1
381 772 1
388 951 1
393 907 1
401 454 4
401 683 1
401 429 10
401 415 11
414 891 2
415 833 3
415 569 4
416 586 1
418 977 1
420 879 1
422 731 2
424 847 1
427 955 1
428 838 1
428 647 2
428 857 2
428 543 6
429 454 1
433 738 2
433 994 1
435 500 4
435 782 2
438 818 1
443 742 4
443 662 1
443 703 1
444 927 1
444 535 2
450 900 2
450 754 1
450 947 2
450 596 1
450 662 1
450 772 1
459 564 1
466 662 1
469 630 3
470 789 2
472 575 3
472 743 4
472 535 3
482 569 2
485 513 1
485 927 1
491 497 1
493 658 2
499 684 1
500 782 2
502 538 1
506 921 1
506 644 2
506 924 1
513 927 1
516 761 1
516 837 1
516 790 1
517 772 1
522 802 1
531 987 1
533 742 1
535 772 1
535 722 1
535 854 1
535 542 1
535 927 1
537 737 1
540 994 1
540 855 1
540 633 1
540 697 2
540 955 3
542 927 1
546 802 1
546 550 1
551 927 1
561 846 3
565 679 1
569 749 2
569 693 1
569 991 3
572 695 1
573 586 1
577 686 1
586 718 4
587 720 2
591 915 1
599 710 3
605 693 1
609 707 1
617 720 1
629 658 1
629 891 3
631 891 1
633 641 2
633 707 3
643 685 1
644 1001 1
644 924 1
646 927 1
654 738 2
654 991 2
660 771 1
663 950 1
678 696 1
680 707 1
682 924 1
684 772 1
687 915 1
697 855 3
697 925 1
700 868 1
700 837 1
702 924 1
707 1003 1
707 951 1
712 942 3
720 833 1
722 927 1
724 843 1
737 849 1
738 850 3
738 783 2
742 772 1
752 978 1
754 866 2
754 772 1
770 927 1
772 920 1
772 851 1
773 955 1
774 947 7
783 850 1
823 927 1
851 920 1
851 915 1
854 927 2
915 923 1
924 1001 1
925 955 1
977 1001 9
