0
1
2
3
4
5
6
7
8
9
10
11
12
13
14
15
16
17
18
19
20
21
22
23
24
25
26
27
28
29
30
31
32
33
34
35
36
37
38
39
40
41
42
43
44
45
46
47
48
49
50
51
52
53
54
55
56
57
58
59
60
61
62
63
64
65
66
67
68
69
70
71
72
73
74
75
76
77
78
79
80
81
82
83
84
85
86
87
88
89
90
91
92
93
94
95
96
97
98
99
100
101
102
103
104
105
106
107
108
109
110
111
112
113
114
115
116
117
118
119
120
121
122
123
124
125
126
127
128
129
130
131
132
133
134
135
136
137
138
139
141
142
143
144
145
146
147
148
149
150
151
152
153
154
155
157
158
159
160
161
162
163
164
165
166
167
168
169
170
171
172
173
174
175
176
177
178
179
180
181
182
183
184
185
186
187
188
189
190
191
192
193
194
195
196
197
198
199
200
201
202
203
204
205
206
207
208
209
210
211
212
213
214
215
216
217
218
219
220
221
222
223
224
225
226
227
228
229
230
231
232
233
235
236
237
238
239
240
241
242
243
244
245
246
247
248
249
250
251
252
253
254
255
256
257
259
260
262
263
264
265
266
267
268
269
270
271
272
273
274
275
276
277
278
279
280
281
282
283
284
285
286
287
288
289
290
291
292
293
294
295
296
297
299
300
301
302
303
304
305
306
307
308
309
310
311
312
313
314
315
316
317
318
319
320
321
322
323
324
325
326
327
328
329
330
331
332
333
334
335
336
337
338
339
340
341
343
344
345
346
347
348
349
350
351
352
353
355
356
357
358
359
360
361
362
364
365
366
367
368
369
370
371
372
373
374
375
376
377
378
379
380
381
382
383
384
385
386
387
388
389
390
391
392
393
394
395
396
397
398
399
400
401
402
403
404
405
406
407
408
409
410
411
412
413
414
415
416
418
419
420
421
422
423
424
425
426
427
428
429
430
431
432
433
434
435
436
437
438
439
440
441
442
443
444
445
446
447
448
449
450
451
452
453
454
455
456
457
458
459
460
461
462
464
465
466
467
468
469
470
471
472
473
474
475
476
477
478
479
480
481
482
483
484
485
486
487
488
489
490
491
492
493
495
496
497
498
499
500
501
502
503
504
505
506
507
508
509
510
511
512
513
514
515
516
517
518
519
520
521
522
523
524
525
526
527
528
530
531
532
533
534
535
536
537
538
539
540
541
542
543
544
545
546
547
548
549
550
551
552
553
554
556
557
558
559
560
561
562
563
564
565
566
567
568
569
570
571
572
573
574
575
576
577
578
579
580
581
582
583
584
585
586
587
588
589
590
591
592
593
594
595
596
597
598
599
600
601
602
603
604
605
606
607
609
610
611
612
613
614
615
616
617
618
619
621
622
623
624
625
626
627
628
629
630
631
632
633
634
635
636
637
638
639
640
641
642
643
644
645
646
647
648
649
650
651
652
653
654
655
656
657
658
659
660
661
662
663
664
665
666
667
668
669
670
671
672
673
674
675
676
677
678
679
680
681
682
683
684
685
686
687
688
689
690
691
692
693
694
695
696
697
698
699
700
701
702
703
704
705
706
707
708
709
710
711
712
713
714
715
716
717
718
719
720
721
722
723
724
725
726
727
728
729
730
731
732
733
734
735
736
737
738
739
740
741
742
743
744
745
746
747
748
749
750
751
752
753
754
756
757
758
759
760
761
762
763
764
765
767
768
769
770
771
772
773
774
775
776
777
778
779
780
781
782
783
784
785
786
787
788
789
790
791
792
793
794
795
796
797
798
799
800
801
802
803
804
805
806
807
808
809
810
811
812
813
814
815
816
817
818
819
820
821
822
823
824
825
826
827
828
829
830
831
832
833
834
835
836
837
838
839
840
841
842
843
844
845
846
847
848
849
850
851
852
853
854
855
856
857
858
859
860
861
862
863
864
865
866
867
868
869
870
871
872
873
874
875
876
877
878
879
880
881
882
883
884
885
886
887
888
889
890
891
892
893
894
895
896
897
898
899
900
901
902
903
904
905
906
907
908
909
910
911
912
913
914
915
916
917
918
919
920
921
922
923
924
925
926
927
928
929
930
931
932
933
934
935
936
937
938
939
940
941
942
943
944
945
946
947
948
949
950
951
952
953
954
955
956
957
958
960
961
962
963
964
965
966
967
968
969
970
971
972
973
974
975
976
977
978
979
980
981
982
983
984
985
986
987
988
989
990
991
992
993
994
995
996
997
998
999
1000
1001
1002
1003
1004
0 178 2
2 521 1
2 231 1
5 107 2
6 178 2
8 544 1
13 850 1
14 506 3
14 611 1
14 924 2
14 382 1
15 731 1
16 843 1
16 716 3
17 316 1
24 280 1
24 658 1
24 629 1
24 630 2
24 293 1
28 540 1
29 808 2
29 107 3
29 899 2
30 133 1
31 316 1
31 165 3
31 990 1
32 280 1
32 293 1
32 669 1
32 791 2
35 280 1
35 978 1
35 293 1
35 207 1
38 832 1
38 309 1
38 638 1
39 609 1
40 712 4
40 450 1
40 572 2
40 802 1
40 214 1
41 723 1
41 565 1
46 310 1
46 663 1
48 458 4
50 559 2
52 232 2
52 104 2
52 602 1
52 356 2
52 765 1
53 609 1
53 332 2
56 696 1
56 987 1
56 540 4
56 383 1
61 674 2
61 517 6
61 522 2
61 718 6
61 90 1
61 157 3
62 518 1
65 784 1
65 75 1
65 220 1
67 963 1
67 207 1
67 165 1
67 846 3
67 391 1
68 540 1
70 75 1
70 534 1
70 943 1
71 595 2
72 443 1
72 662 1
74 294 5
74 912 1
74 435 3
74 948 1
74 759 1
74 313 1
75 609 1
75 617 1
75 749 4
75 687 1
75 692 1
75 278 1
75 923 1
75 220 1
77 232 1
77 168 6
77 912 1
77 949 1
77 425 1
78 178 2
82 784 1
83 784 2
83 697 1
86 152 3
86 443 9
86 662 2
90 736 3
90 609 1
90 710 3
90 742 2
90 361 1
90 428 1
90 178 3
90 978 1
90 915 2
90 629 1
90 280 1
90 316 4
92 915 3
92 316 1
95 873 1
95 540 2
98 707 1
98 134 1
98 713 1
98 107 1
98 268 1
98 429 1
98 401 6
98 117 1
98 278 1
99 929 2
99 178 3
99 314 1
99 862 1
101 246 2
101 423 2
103 950 3
104 425 7
104 908 1
105 418 1
107 192 2
107 898 2
107 899 2
107 393 3
107 652 3
107 643 2
107 532 1
107 664 3
107 537 2
107 687 1
107 670 4
107 289 2
107 808 2
107 553 2
107 810 3
107 175 2
107 688 2
107 320 3
107 327 2
107 201 2
107 1004 2
107 335 2
107 464 2
107 980 3
107 985 2
107 591 1
107 208 2
107 236 2
107 118 3
107 468 2
107 381 2
109 356 2
111 435 2
111 294 1
112 392 3
112 267 4
112 674 2
112 803 1
112 316 1
114 977 1
118 732 1
118 365 1
120 609 1
120 948 2
122 857 1
124 518 1
125 676 1
126 521 4
126 759 1
127 866 1
129 926 1
130 538 1
130 502 1
133 602 1
135 581 1
136 428 2
136 915 2
136 316 1
141 280 1
141 978 1
141 469 1
141 293 1
142 280 1
142 316 1
142 293 1
143 544 3
147 577 5
147 715 1
147 926 1
149 372 2
151 253 1
152 443 3
153 977 6
157 718 1
157 517 2
160 629 1
163 518 4
164 879 1
165 401 7
165 316 4
166 225 1
166 866 1
166 843 1
166 779 1
166 586 1
166 907 1
166 716 1
166 435 4
166 883 2
166 500 1
166 407 1
166 184 1
166 724 1
167 978 1
167 851 2
167 469 1
167 630 1
167 207 2
168 416 3
168 356 1
168 966 1
168 744 1
168 425 1
168 239 1
168 912 12
168 946 1
168 521 1
168 472 2
168 575 5
169 595 2
169 239 1
169 372 2
169 951 1
170 245 1
170 855 2
171 577 1
171 590 1
175 849 1
175 423 1
178 409 2
178 538 3
178 929 4
178 862 5
178 295 2
178 693 2
178 569 2
178 314 2
178 710 3
178 333 2
178 976 2
178 339 2
178 470 4
178 599 2
178 605 3
178 990 4
178 991 3
178 228 4
178 502 4
178 249 2
178 767 2
184 883 1
184 977 1
184 843 2
185 915 1
188 293 1
188 614 1
188 207 1
188 978 1
188 851 1
188 469 2
188 951 1
188 280 1
189 915 2
189 749 1
190 656 1
193 609 1
193 332 1
199 506 4
199 644 1
200 952 1
200 857 1
200 915 2
200 316 3
200 428 1
207 547 2
207 484 1
207 421 1
207 424 1
207 387 1
207 301 1
207 241 1
207 978 1
207 851 1
207 469 1
207 630 2
207 954 1
207 795 2
207 990 1
214 609 2
214 450 1
214 614 1
214 712 4
214 586 2
214 290 1
214 813 2
214 367 1
214 912 1
214 662 1
214 923 1
216 558 1
220 587 3
220 334 1
224 316 1
225 883 1
228 314 1
228 502 5
229 343 1
231 873 3
231 540 3
231 245 3
232 545 2
232 744 1
232 425 7
232 912 5
232 946 2
232 790 16
232 472 8
232 575 1
233 746 2
233 749 1
233 692 5
233 245 1
233 935 1
235 609 1
236 537 3
239 609 1
240 435 1
241 280 1
241 293 1
245 581 1
245 264 1
245 329 1
245 624 2
245 764 1
245 540 2
246 724 1
246 423 4
250 948 2
250 782 2
251 540 1
256 313 1
264 329 1
266 912 1
266 425 1
267 517 4
267 648 2
267 586 1
267 751 1
267 948 2
267 891 3
267 316 2
267 478 1
272 595 1
272 900 1
274 920 2
274 978 1
275 849 1
278 290 1
280 647 1
280 656 1
280 915 1
280 547 1
280 421 1
280 422 1
280 301 1
280 561 1
280 953 3
280 846 1
280 526 1
280 990 1
280 293 2
280 360 1
280 629 1
280 631 1
280 891 1
280 469 1
281 491 1
285 577 1
288 610 5
288 484 6
288 773 5
288 391 5
288 846 9
288 629 7
288 630 1
293 647 1
293 526 1
293 656 1
293 530 1
293 915 1
293 421 1
293 422 1
293 301 1
293 561 1
293 697 3
293 547 2
293 953 1
293 990 1
293 360 1
293 920 1
293 851 1
293 631 1
293 469 1
294 435 3
294 313 1
294 762 1
294 586 1
301 614 2
301 978 1
301 851 2
302 316 1
306 784 1
311 540 5
312 752 1
313 416 1
313 356 8
313 912 6
313 946 5
313 948 4
313 885 1
313 730 8
314 929 1
314 710 2
314 599 1
314 767 1
316 647 1
316 392 2
316 915 6
316 428 5
316 952 1
316 953 1
316 543 1
316 971 1
316 344 1
316 857 1
316 349 1
316 990 1
316 351 1
316 888 1
318 400 2
318 684 1
318 934 1
319 684 1
321 383 1
322 343 1
322 943 1
322 534 1
322 638 1
322 879 2
327 414 1
329 624 1
329 910 1
329 343 1
332 517 1
332 425 1
332 586 6
332 558 1
332 435 3
332 500 2
332 472 1
332 573 1
333 767 1
334 749 1
334 534 1
337 919 2
338 849 2
338 540 1
343 534 3
343 749 3
343 399 2
343 624 1
343 950 1
343 663 2
349 976 1
349 953 2
351 428 1
355 577 1
356 517 1
356 912 9
356 744 1
356 472 2
356 730 11
356 765 2
360 629 1
361 540 1
367 609 1
369 913 1
372 404 2
372 934 3
374 400 1
374 742 2
377 866 3
377 724 1
377 422 2
377 423 4
379 900 1
380 440 1
383 586 2
387 978 1
388 832 1
388 843 1
388 534 2
388 638 1
390 784 2
401 415 6
401 454 6
401 429 7
407 883 1
407 977 1
407 843 1
415 946 1
415 429 1
416 425 4
416 586 1
416 435 1
416 948 6
416 790 5
418 996 7
418 977 3
421 978 1
421 795 1
422 731 2
422 680 1
423 977 2
423 849 1
424 978 2
424 795 1
424 990 2
425 517 1
425 521 2
425 912 2
425 946 1
425 948 5
425 949 1
425 439 2
425 472 1
428 915 15
428 888 2
428 857 7
429 454 1
433 540 1
435 515 1
435 762 1
435 586 4
435 974 1
435 573 2
435 500 1
435 782 4
435 759 1
435 984 1
435 825 1
435 869 1
435 885 1
440 737 1
443 662 5
444 535 2
450 900 2
450 965 1
450 712 3
450 595 1
450 695 1
469 978 2
470 862 3
472 517 1
472 744 2
472 912 2
472 946 2
472 575 1
476 609 1
478 517 1
480 540 2
482 540 2
484 629 1
484 630 1
493 629 1
499 684 1
500 586 1
502 538 1
502 749 1
506 1001 3
506 644 3
512 978 1
513 799 1
514 977 3
516 850 1
516 532 2
517 648 1
517 586 1
517 718 1
517 948 1
517 751 1
518 646 2
518 551 1
518 913 2
518 535 1
518 799 6
518 895 3
521 912 1
522 891 1
523 863 2
526 629 2
527 731 2
527 870 1
527 710 1
528 687 1
530 891 1
530 629 5
531 987 1
531 540 1
533 784 1
534 843 1
535 913 1
540 641 2
540 789 1
540 925 3
540 809 1
540 698 1
540 955 6
540 582 1
540 840 1
540 849 2
540 736 2
540 994 2
540 796 1
540 872 1
540 873 6
540 624 2
540 764 1
541 738 7
542 823 1
544 669 2
547 978 1
551 799 1
552 978 1
553 670 1
561 629 1
575 966 1
577 715 1
577 926 1
581 703 1
581 870 1
582 764 1
586 648 4
586 782 4
586 912 1
586 885 1
586 984 2
587 784 1
591 609 2
591 843 1
591 910 1
591 692 1
591 607 1
595 790 5
602 765 1
605 1001 5
605 685 10
607 995 1
607 782 3
607 687 1
609 707 1
609 880 1
609 951 1
609 633 1
609 890 1
609 923 2
611 921 2
614 978 1
622 676 1
627 890 1
629 782 1
629 750 1
629 658 1
629 685 1
629 846 1
629 630 1
629 631 1
629 891 7
638 832 5
638 790 6
638 700 1
643 1004 2
643 685 1
644 783 1
644 881 2
644 850 1
644 924 4
648 721 1
648 765 1
650 745 1
656 920 1
657 921 1
668 720 1
668 746 1
680 731 1
684 844 1
684 918 1
685 1001 8
687 843 1
692 742 1
692 935 2
692 746 4
692 749 4
692 910 1
696 739 1
697 771 1
697 855 2
697 925 2
700 812 2
702 924 1
703 784 7
704 868 1
706 951 1
711 843 1
715 926 1
716 883 1
718 904 1
718 777 2
718 843 1
718 724 1
720 746 2
720 813 1
720 935 3
724 883 1
730 912 7
731 851 2
737 849 1
738 923 2
738 783 1
740 879 1
744 912 2
744 946 2
746 935 3
746 813 6
749 783 1
749 854 4
752 869 1
754 883 1
759 984 2
772 923 1
772 812 2
779 883 1
779 977 2
779 843 1
780 977 1
782 948 1
782 890 1
790 812 1
795 978 2
799 895 2
804 881 2
810 881 1
813 935 1
817 978 1
823 895 1
832 977 2
843 883 2
844 918 2
851 988 1
851 978 3
851 920 1
857 915 4
863 901 1
866 883 1
883 907 1
883 951 1
890 962 1
898 899 1
920 978 1
946 948 1
950 977 5
954 978 1
957 978 1
978 988 2
