0
1
2
3
4
5
6
7
8
9
10
11
12
13
14
15
16
17
18
19
20
21
22
23
24
25
26
27
28
29
30
31
32
33
34
35
36
37
38
39
40
41
42
43
44
45
46
47
48
49
50
51
52
53
54
55
56
57
58
59
60
61
62
63
64
65
66
67
68
69
70
71
72
73
74
75
76
77
78
79
80
81
82
83
84
85
86
87
88
89
90
91
92
93
94
95
96
97
98
99
100
101
102
103
104
105
106
107
108
109
110
111
112
113
114
115
116
117
118
119
120
121
122
123
124
125
126
127
128
129
130
131
132
133
134
135
136
137
138
139
141
142
143
144
145
146
147
148
149
150
151
152
153
154
155
157
158
159
160
161
162
163
164
165
166
167
168
169
170
171
172
173
174
175
176
177
178
179
180
181
182
183
184
185
186
187
188
189
190
191
192
193
194
195
196
197
198
199
200
201
202
203
204
205
206
207
208
209
210
211
212
213
214
215
216
217
218
219
220
221
222
223
224
225
226
227
228
229
230
231
232
233
235
236
237
238
239
240
241
242
243
244
245
246
247
248
249
250
251
252
253
254
255
256
257
259
260
262
263
264
265
266
267
268
269
270
271
272
273
274
275
276
277
278
279
280
281
282
283
284
285
286
287
288
289
290
291
292
293
294
295
296
297
299
300
301
302
303
304
305
306
307
308
309
310
311
312
313
314
315
316
317
318
319
320
321
322
323
324
325
326
327
328
329
330
331
332
333
334
335
336
337
338
339
340
341
343
344
345
346
347
348
349
350
351
352
353
355
356
357
358
359
360
361
362
364
365
366
367
368
369
370
371
372
373
374
375
376
377
378
379
380
381
382
383
384
385
386
387
388
389
390
391
392
393
394
395
396
397
398
399
400
401
402
403
404
405
406
407
408
409
410
411
412
413
414
415
416
418
419
420
421
422
423
424
425
426
427
428
429
430
431
432
433
434
435
436
437
438
439
440
441
442
443
444
445
446
447
448
449
450
451
452
453
454
455
456
457
458
459
460
461
462
464
465
466
467
468
469
470
471
472
473
474
475
476
477
478
479
480
481
482
483
484
485
486
487
488
489
490
491
492
493
495
496
497
498
499
500
501
502
503
504
505
506
507
508
509
510
511
512
513
514
515
516
517
518
519
520
521
522
523
524
525
526
527
528
530
531
532
533
534
535
536
537
538
539
540
541
542
543
544
545
546
547
548
549
550
551
552
553
554
556
557
558
559
560
561
562
563
564
565
566
567
568
569
570
571
572
573
574
575
576
577
578
579
580
581
582
583
584
585
586
587
588
589
590
591
592
593
594
595
596
597
598
599
600
601
602
603
604
605
606
607
609
610
611
612
613
614
615
616
617
618
619
621
622
623
624
625
626
627
628
629
630
631
632
633
634
635
636
637
638
639
640
641
642
643
644
645
646
647
648
649
650
651
652
653
654
655
656
657
658
659
660
661
662
663
664
665
666
667
668
669
670
671
672
673
674
675
676
677
678
679
680
681
682
683
684
685
686
687
688
689
690
691
692
693
694
695
696
697
698
699
700
701
702
703
704
705
706
707
708
709
710
711
712
713
714
715
716
717
718
719
720
721
722
723
724
725
726
727
728
729
730
731
732
733
734
735
736
737
738
739
740
741
742
743
744
745
746
747
748
749
750
751
752
753
754
756
757
758
759
760
761
762
763
764
765
767
768
769
770
771
772
773
774
775
776
777
778
779
780
781
782
783
784
785
786
787
788
789
790
791
792
793
794
795
796
797
798
799
800
801
802
803
804
805
806
807
808
809
810
811
812
813
814
815
816
817
818
819
820
821
822
823
824
825
826
827
828
829
830
831
832
833
834
835
836
837
838
839
840
841
842
843
844
845
846
847
848
849
850
851
852
853
854
855
856
857
858
859
860
861
862
863
864
865
866
867
868
869
870
871
872
873
874
875
876
877
878
879
880
881
882
883
884
885
886
887
888
889
890
891
892
893
894
895
896
897
898
899
900
901
902
903
904
905
906
907
908
909
910
911
912
913
914
915
916
917
918
919
920
921
922
923
924
925
926
927
928
929
930
931
932
933
934
935
936
937
938
939
940
941
942
943
944
945
946
947
948
949
950
951
952
953
954
955
956
957
958
960
961
962
963
964
965
966
967
968
969
970
971
972
973
974
975
976
977
978
979
980
981
982
983
984
985
986
987
988
989
990
991
992
993
994
995
996
997
998
999
1000
1001
1002
1003
1004
0 249 1
0 605 1
2 32 1
2 484 2
2 586 2
2 812 9
2 885 2
2 790 9
2 119 2
2 700 3
2 126 2
3 988 1
4 951 1
5 808 1
5 553 1
5 107 3
5 381 1
5 464 1
5 980 2
5 118 1
5 605 1
5 29 1
5 670 3
6 249 1
6 772 1
6 333 2
6 605 1
8 772 2
13 850 2
13 772 1
14 611 2
14 796 1
14 1001 15
14 783 1
14 724 1
14 506 4
14 924 4
14 90 1
14 702 1
15 680 1
15 731 16
15 422 1
16 772 4
16 843 1
16 1004 2
16 718 2
16 423 1
17 915 4
17 316 4
21 353 1
21 782 1
24 229 1
24 750 1
24 530 3
24 629 2
24 630 3
24 280 4
24 891 11
25 48 2
25 684 1
25 386 1
25 844 1
28 987 3
29 808 3
29 107 1
29 670 1
30 704 3
30 868 1
30 946 6
30 313 1
30 730 1
30 765 2
31 316 2
31 915 1
31 428 1
31 165 7
32 718 2
32 178 1
32 53 1
32 214 5
32 791 3
32 280 2
32 90 1
32 923 1
32 189 3
35 280 1
35 978 2
35 469 1
35 167 1
38 90 6
38 939 1
38 70 1
38 534 3
38 309 1
39 772 1
40 290 8
40 749 2
40 772 1
40 198 2
40 488 1
40 75 2
40 712 4
40 802 1
40 367 1
40 272 2
40 120 1
40 53 1
40 662 1
40 568 2
40 187 2
41 1000 2
41 48 2
41 723 1
41 758 5
41 503 3
42 649 1
42 323 1
42 534 3
45 52 3
45 782 2
46 369 2
46 310 1
48 321 1
48 1000 4
48 458 3
48 684 1
48 558 3
48 723 2
48 216 3
48 956 2
48 319 2
50 559 3
52 66 4
52 356 2
52 689 1
52 232 7
52 521 1
52 912 4
52 168 3
52 948 3
52 790 1
52 439 3
52 472 4
52 868 6
52 602 3
52 765 4
52 126 2
53 321 1
53 738 1
53 739 1
53 772 2
53 193 3
53 687 1
53 274 1
53 120 2
53 923 2
53 443 1
56 994 1
56 329 2
56 587 2
56 239 1
56 987 6
56 383 1
58 909 2
60 568 1
60 187 1
61 450 1
61 356 1
61 502 5
61 742 3
61 135 1
61 169 1
61 586 1
61 716 2
61 718 10
61 687 1
61 530 3
61 851 1
61 692 1
61 278 2
61 120 2
61 388 2
61 90 2
61 591 3
61 915 2
61 542 1
61 517 2
62 800 2
62 163 3
62 646 3
62 113 1
62 500 1
62 542 1
64 534 2
65 147 1
65 220 2
65 687 2
65 367 1
66 782 5
67 963 7
67 165 5
67 181 1
68 987 3
70 832 2
70 299 2
70 772 1
70 310 2
70 919 1
70 367 2
70 376 2
70 309 2
70 534 2
70 601 1
70 120 3
70 324 1
70 943 2
71 595 7
72 443 5
72 772 2
72 662 3
74 166 15
74 294 13
74 648 2
74 586 8
74 974 7
74 112 1
74 104 18
74 948 8
74 885 5
74 984 3
74 313 1
74 573 2
75 868 2
75 517 2
75 454 1
75 940 2
75 749 1
75 334 4
75 687 1
75 272 2
75 306 3
75 147 1
75 870 1
75 662 2
75 248 3
75 772 1
75 443 2
75 220 5
77 425 1
77 168 2
77 521 1
77 266 1
77 556 1
77 912 2
77 949 1
77 439 1
77 699 1
78 249 1
78 605 1
78 502 1
83 784 1
83 152 1
83 697 1
84 534 2
86 152 2
86 662 2
88 106 1
88 950 2
90 771 1
90 772 2
90 133 5
90 518 3
90 648 7
90 685 3
90 784 3
90 147 9
90 662 3
90 923 1
90 668 1
90 547 1
90 813 7
90 948 17
90 953 2
90 443 1
90 188 3
90 190 2
90 205 1
90 720 3
90 721 6
90 978 1
90 854 1
90 472 2
90 602 6
90 220 1
90 866 1
90 356 3
90 233 3
90 746 2
90 850 2
90 173 1
90 629 1
90 765 2
92 915 1
92 316 5
92 349 3
95 329 1
95 987 3
95 239 4
96 638 3
98 707 5
98 454 3
98 134 5
98 713 6
98 107 5
98 268 5
98 401 7
98 117 5
98 278 5
99 249 1
99 178 4
101 246 4
101 423 1
102 534 2
104 294 2
104 168 1
104 425 21
104 885 1
104 790 3
104 126 1
105 374 6
106 740 1
106 534 3
107 192 1
107 898 2
107 643 2
107 772 2
107 393 2
107 138 1
107 652 1
107 899 2
107 532 1
107 664 2
107 537 2
107 670 3
107 289 1
107 808 1
107 553 2
107 810 2
107 175 1
107 688 1
107 320 8
107 327 1
107 201 2
107 1004 1
107 335 3
107 464 2
107 468 2
107 985 2
107 208 1
107 236 1
107 367 1
107 118 1
107 120 2
107 980 3
107 381 4
107 383 5
109 721 2
111 790 2
111 294 1
112 803 1
113 646 1
113 518 1
114 275 1
114 772 1
114 718 4
115 536 1
118 365 1
118 335 2
118 532 1
118 732 1
119 465 1
119 700 1
120 772 20
120 518 1
120 135 2
120 530 2
120 147 2
120 534 2
120 923 4
120 544 1
120 987 1
120 454 2
120 425 1
120 178 1
120 435 2
120 948 6
120 316 2
120 190 2
120 191 2
120 198 1
120 193 2
120 196 1
120 915 1
120 718 1
120 591 1
120 978 2
120 731 2
120 220 3
120 865 2
120 997 2
120 614 1
120 850 1
120 752 2
120 499 1
120 629 2
120 633 3
120 703 1
120 127 4
122 772 1
122 167 1
122 275 2
122 428 3
122 142 1
122 178 3
122 915 4
122 980 6
122 718 4
122 857 3
122 469 1
125 534 2
125 676 1
125 206 1
125 622 7
126 356 3
126 133 2
126 586 3
126 782 5
126 912 2
126 168 2
126 948 4
126 700 1
126 573 3
127 772 2
127 716 2
127 718 3
127 367 1
127 149 1
129 926 1
132 369 2
133 602 1
133 294 1
133 648 3
133 521 10
133 313 7
133 765 1
135 772 2
135 581 2
135 942 1
136 647 1
136 200 1
136 752 1
136 915 4
136 857 1
136 316 8
137 306 1
138 528 1
138 383 4
139 369 2
139 322 1
139 323 1
139 534 4
141 280 1
141 978 2
141 851 1
141 188 2
141 469 1
142 280 2
142 200 2
142 915 2
142 316 2
143 739 1
143 580 1
143 951 1
147 416 1
147 546 1
147 454 1
147 550 1
147 577 2
147 171 2
147 813 2
147 590 1
147 367 2
147 720 3
147 336 2
147 715 2
147 926 5
147 962 1
149 866 1
149 643 1
149 849 1
149 779 1
149 977 1
149 275 1
149 246 1
149 327 1
149 377 1
149 573 1
150 191 1
150 229 1
150 749 1
150 471 4
151 290 1
151 196 2
151 749 2
151 278 1
151 923 4
151 253 4
153 977 4
154 534 2
155 784 1
157 740 2
157 517 1
157 746 1
157 590 1
157 367 1
157 926 1
157 415 2
159 220 3
160 280 1
160 658 1
160 507 1
161 235 2
163 383 1
163 646 1
163 518 3
163 799 1
164 322 1
164 638 3
165 838 1
165 401 12
165 915 1
165 344 4
165 316 6
166 517 1
166 294 4
166 232 1
166 586 6
166 782 1
166 435 2
166 885 3
166 984 2
167 301 1
167 547 1
167 978 3
167 851 2
167 469 2
167 988 2
168 425 5
168 356 4
168 966 4
168 744 5
168 521 5
168 266 1
168 556 1
168 912 40
168 984 2
168 648 1
168 949 6
168 439 1
168 472 16
168 699 1
169 934 1
170 697 2
170 855 2
171 347 1
171 926 1
173 506 6
175 275 1
178 388 1
178 646 3
178 657 3
178 772 1
178 929 1
178 693 2
178 565 2
178 710 2
178 969 1
178 333 1
178 718 1
178 976 1
178 470 6
178 356 1
178 605 37
178 862 4
178 228 1
178 878 1
178 367 2
178 628 2
178 502 5
178 249 2
178 762 1
181 920 1
181 656 1
181 274 1
181 353 1
184 225 1
184 907 1
184 711 2
184 779 1
184 843 1
184 754 1
184 883 2
184 407 1
185 915 2
185 535 1
187 802 2
187 900 2
187 272 2
187 662 2
187 568 2
188 547 2
188 614 1
188 920 1
188 978 2
188 851 2
188 469 1
188 951 1
188 280 2
189 772 2
189 718 5
189 977 2
189 595 3
189 502 1
189 281 5
189 410 3
189 415 2
190 962 1
190 772 1
190 614 2
190 367 1
190 656 1
190 920 1
190 274 1
190 316 2
190 890 1
191 752 2
191 220 2
191 749 2
193 994 2
193 443 1
193 772 2
193 550 1
193 264 2
193 316 2
193 338 2
193 633 1
193 923 2
193 540 1
195 595 1
199 772 1
199 506 2
199 644 2
199 924 6
199 863 1
200 806 2
200 971 1
200 344 1
200 915 10
200 952 7
200 316 6
200 351 1
203 772 2
205 772 2
206 534 2
207 424 1
207 978 2
207 484 1
207 469 1
208 320 1
208 537 1
214 290 1
214 772 1
214 502 5
214 712 5
214 940 3
214 746 1
214 239 1
214 813 3
214 367 1
214 784 2
214 306 1
214 277 1
214 662 3
214 983 4
214 248 2
214 443 1
214 220 1
216 1000 1
216 558 4
216 319 1
218 948 1
220 772 2
220 749 1
220 334 3
220 367 1
223 415 1
223 343 1
224 316 2
224 915 1
224 428 1
225 883 1
228 464 2
228 249 1
228 605 2
228 502 8
229 891 1
229 293 3
229 421 1
231 994 2
231 840 1
231 873 3
231 874 3
231 749 2
231 245 3
231 987 3
231 540 6
231 415 2
232 744 3
232 425 12
232 586 1
232 782 3
232 472 6
232 946 5
232 648 2
232 984 2
233 835 2
233 935 4
233 746 1
233 367 1
233 692 4
235 772 4
235 923 3
235 316 1
236 320 2
236 537 3
239 706 1
239 772 1
239 613 1
239 948 1
239 951 1
239 251 2
241 280 1
241 469 1
243 454 1
243 718 2
245 736 1
245 264 1
245 873 2
245 874 3
245 334 1
245 591 1
245 951 1
245 987 3
245 540 4
246 572 2
246 423 5
247 534 2
248 772 4
248 687 1
248 530 1
248 915 1
248 923 4
248 415 1
249 643 3
249 519 1
249 409 1
249 538 1
249 929 1
249 693 1
249 314 1
249 710 1
249 333 1
249 976 1
249 470 2
249 599 1
249 605 3
249 862 1
249 991 1
249 491 2
249 502 1
249 767 1
250 332 1
250 586 1
250 948 8
250 782 1
251 482 1
251 987 3
253 454 2
256 721 2
256 294 1
264 617 1
266 425 1
266 912 6
266 949 2
266 439 3
267 517 2
267 648 3
267 586 3
267 751 2
267 392 1
267 435 7
267 948 1
267 984 2
267 891 5
267 478 7
269 987 2
272 900 2
272 742 3
272 568 1
272 772 1
273 951 13
274 951 2
275 369 5
275 849 1
275 857 1
277 746 2
277 926 1
278 712 2
278 566 1
278 923 2
278 415 1
280 772 2
280 902 4
280 647 2
280 656 1
280 920 1
280 530 1
280 915 3
280 281 5
280 547 3
280 421 1
280 422 1
280 428 1
280 301 1
280 687 1
280 561 3
280 953 2
280 846 4
280 851 1
280 526 3
280 990 1
280 293 1
280 610 6
280 739 4
280 360 2
280 658 1
280 629 1
280 631 3
280 891 1
280 469 1
281 905 1
281 772 4
281 718 2
283 772 2
284 680 4
284 731 10
284 422 3
285 926 1
288 610 9
288 484 8
288 773 3
288 391 9
288 846 10
288 629 10
288 630 2
289 810 1
290 321 2
290 367 1
290 923 2
290 687 1
292 772 1
293 772 1
293 718 3
293 568 2
293 697 4
294 814 1
294 586 14
294 974 7
294 573 3
294 948 1
294 885 9
294 759 3
294 984 7
299 624 1
300 784 3
301 978 2
301 469 1
302 915 1
302 316 2
306 742 2
306 362 1
306 784 2
306 570 1
306 703 1
309 534 3
310 337 4
310 322 1
310 415 2
311 987 3
311 955 1
313 425 1
313 912 5
313 721 2
313 946 11
313 948 2
313 472 1
313 730 17
316 772 2
316 647 2
316 915 28
316 543 3
316 806 5
316 428 4
316 952 2
316 953 2
316 971 2
316 344 2
316 857 6
316 349 2
316 990 2
316 351 2
316 617 1
316 367 6
316 888 2
318 332 1
318 844 2
318 684 4
318 918 1
319 458 2
319 684 2
319 386 1
321 499 1
321 684 3
322 534 3
322 343 2
322 638 7
323 622 1
323 369 3
323 534 4
323 951 2
324 367 1
327 414 2
327 702 1
329 994 1
329 910 1
329 338 2
329 343 1
332 586 1
332 782 1
332 435 5
332 948 1
332 759 1
332 984 1
333 470 1
333 749 1
333 502 1
333 605 2
333 767 8
334 776 1
334 367 1
334 923 1
334 415 1
335 643 1
335 772 1
335 810 1
335 670 1
337 904 1
337 505 1
337 663 2
338 624 3
338 849 2
338 987 3
338 540 3
340 772 1
343 534 7
343 399 2
343 950 2
343 663 3
344 915 1
344 373 4
347 926 1
349 915 1
349 428 1
351 952 2
351 428 1
353 656 2
353 391 1
355 926 1
356 425 1
356 586 2
356 782 1
356 765 3
356 912 6
356 721 2
356 948 2
356 472 3
356 602 4
356 730 5
356 517 3
360 526 2
360 454 1
360 902 1
361 987 3
362 802 1
362 771 1
362 716 1
362 974 1
362 565 1
362 918 1
362 664 1
364 582 2
365 866 9
365 732 1
367 772 2
367 776 1
367 684 1
367 534 2
367 927 1
367 544 1
367 940 2
367 557 1
367 435 1
367 569 1
367 963 1
367 720 1
367 850 1
367 472 1
367 987 1
367 865 1
367 997 2
367 978 1
367 499 2
367 629 2
367 502 1
367 946 1
369 832 3
369 513 1
369 936 1
369 913 7
369 823 1
369 444 2
371 581 2
373 391 1
374 742 2
376 832 1
377 718 5
377 423 3
379 568 1
379 466 1
379 454 1
381 532 5
381 670 3
383 769 2
383 873 1
383 586 3
383 589 2
384 790 1
387 978 1
387 676 1
387 730 2
388 832 1
388 772 1
388 502 1
388 591 1
388 534 4
390 784 12
391 610 1
391 484 1
391 750 2
391 891 1
391 445 1
393 754 1
397 671 1
397 975 1
401 429 4
401 454 8
401 415 6
402 634 1
402 788 3
404 595 1
407 883 1
409 605 1
410 650 1
410 663 4
410 719 1
414 891 10
414 772 1
415 517 2
415 783 1
415 535 1
415 923 1
415 542 1
415 811 1
415 687 1
415 692 1
415 670 1
415 450 2
415 586 1
415 718 3
415 591 1
415 851 2
415 742 1
415 617 1
416 425 6
416 946 1
416 948 5
416 790 12
418 977 11
418 996 5
421 978 2
421 469 1
422 731 3
423 832 3
423 977 1
423 718 1
423 849 1
424 552 1
424 978 2
424 795 1
424 469 1
425 772 4
425 765 2
425 912 3
425 946 2
425 435 1
425 948 11
425 949 3
425 790 4
427 955 2
428 806 4
428 522 2
428 952 4
428 915 24
428 511 1
428 888 1
428 953 4
428 857 2
433 994 3
433 987 6
433 796 2
433 789 3
435 772 2
435 586 6
435 782 2
435 696 1
435 948 5
435 885 1
435 762 1
435 573 1
439 912 5
439 949 5
439 730 1
440 737 1
443 662 11
450 900 2
450 712 6
450 530 1
450 915 1
451 469 1
454 707 1
454 904 1
454 648 2
454 1003 5
454 909 2
454 948 2
454 471 1
454 857 1
454 990 1
454 865 1
458 679 1
458 1000 2
458 684 1
458 844 1
458 790 1
458 956 4
460 638 1
460 534 2
469 547 1
469 614 1
469 957 1
469 817 1
469 978 3
469 795 1
469 954 1
470 789 6
470 502 1
470 569 2
470 605 1
470 693 2
471 752 1
471 811 1
472 912 10
472 744 3
472 946 2
472 948 1
472 730 2
474 534 3
476 772 1
477 534 2
480 987 3
482 987 3
483 687 1
484 610 1
485 823 1
486 656 2
489 534 2
490 586 1
499 684 7
499 844 2
499 565 1
502 506 1
502 724 1
502 718 1
502 538 2
502 605 3
503 704 1
503 1000 1
506 996 1
506 1001 17
506 1004 3
506 724 1
506 644 1
506 924 1
506 541 1
506 670 2
509 638 1
510 534 3
512 978 2
514 780 1
514 950 1
516 881 1
517 674 2
517 586 1
517 765 1
517 803 1
517 948 2
517 565 1
517 854 1
517 772 2
517 602 1
517 542 1
518 772 1
518 535 1
518 854 3
518 823 1
518 799 3
518 895 3
521 868 2
521 912 1
522 546 1
522 718 1
526 547 1
526 772 1
526 902 4
526 561 1
526 629 4
527 720 1
527 710 3
528 585 2
530 772 3
530 586 1
530 915 2
530 629 5
530 891 9
531 987 3
532 1001 3
534 649 4
534 906 2
534 788 3
534 919 2
534 772 2
534 879 2
534 676 2
534 939 4
534 562 2
534 822 1
534 893 2
534 591 4
534 601 2
534 740 2
534 622 2
534 638 1
538 605 1
540 736 2
540 994 3
540 955 3
540 840 3
540 873 4
540 874 3
540 624 1
540 692 1
540 855 2
540 641 11
540 697 2
540 987 3
542 772 2
542 722 1
542 854 1
543 915 1
543 654 1
544 772 1
546 738 2
547 988 1
547 978 3
547 851 3
550 629 1
551 895 1
551 823 2
552 978 2
553 772 1
553 670 1
556 912 1
558 684 1
558 844 3
558 1000 1
559 622 3
561 629 3
565 772 1
565 844 1
565 715 1
565 684 2
568 947 1
568 662 2
569 605 1
572 724 2
573 586 5
573 885 3
575 966 1
580 669 1
580 791 1
580 686 6
580 582 2
581 942 6
581 855 6
582 994 1
582 987 3
584 731 4
586 772 4
586 782 5
586 915 1
586 948 1
586 696 1
586 974 13
586 984 10
586 762 1
586 617 5
586 885 13
587 833 1
587 789 2
590 772 2
590 926 1
591 712 2
591 746 1
591 915 2
591 724 1
595 772 1
595 934 2
595 718 8
595 923 4
597 843 1
598 946 1
599 605 1
602 648 6
602 912 2
602 721 7
602 948 2
605 670 3
605 685 2
605 693 3
605 710 1
605 976 1
605 862 1
605 1001 2
605 767 1
609 772 2
614 978 2
614 991 1
617 987 1
617 776 2
617 948 1
617 923 3
617 746 1
621 718 1
622 676 3
622 634 3
624 840 4
624 789 5
624 696 1
629 772 1
629 891 4
630 978 2
630 772 1
633 890 1
633 707 1
633 772 2
634 788 2
638 832 1
638 790 2
638 950 2
638 663 3
638 700 1
640 772 2
641 987 4
641 955 1
643 685 5
644 924 2
647 915 1
648 765 6
648 721 11
648 885 3
648 762 1
650 682 1
654 738 1
654 783 1
654 682 1
654 991 6
656 772 2
657 772 1
658 891 2
663 935 1
663 950 2
668 813 1
668 746 4
668 935 5
669 772 2
670 688 2
670 980 2
671 772 1
676 751 1
676 730 3
679 684 2
680 731 2
680 707 1
682 772 1
684 704 2
684 718 2
684 746 1
684 844 3
684 918 2
685 1001 2
686 926 1
687 712 1
687 746 2
687 915 1
687 724 1
687 923 3
692 994 1
692 935 1
692 746 2
692 910 1
696 891 1
696 851 1
697 771 1
697 873 1
697 855 11
697 925 3
698 987 3
699 912 1
700 746 1
700 812 2
700 782 1
700 790 6
703 784 2
703 951 1
703 863 4
706 939 1
706 951 3
707 772 1
707 923 1
711 951 1
715 926 4
716 866 4
716 772 1
716 718 4
716 790 1
718 904 2
718 777 1
718 915 10
718 754 3
718 883 1
718 841 2
718 969 2
718 843 1
718 724 4
718 732 1
718 866 6
718 742 6
718 746 1
719 828 1
720 935 3
720 746 5
720 863 2
721 743 2
721 765 5
723 1000 2
723 758 3
724 772 1
724 1004 4
724 951 2
730 751 2
730 912 12
730 946 1
731 746 2
731 890 2
738 837 1
738 745 2
738 783 2
738 923 4
739 951 1
740 879 1
740 788 3
740 863 1
742 772 1
744 946 5
744 912 5
746 935 19
746 812 1
746 813 20
746 923 1
748 926 3
752 776 3
754 843 1
754 883 1
758 844 2
758 956 1
758 918 3
762 912 1
763 772 1
764 874 3
764 987 3
764 790 1
765 912 2
765 772 1
772 784 2
772 787 3
772 807 1
772 834 1
772 850 2
772 875 1
772 880 2
772 881 1
772 883 1
772 890 2
772 898 1
772 912 4
772 915 2
772 920 3
772 923 2
772 931 1
772 948 2
772 951 2
772 969 2
772 970 1
772 980 1
772 987 2
779 843 1
779 883 1
782 835 1
782 948 4
782 790 8
782 984 1
789 951 2
789 987 3
790 868 5
790 812 6
790 948 2
790 885 3
795 978 5
796 977 1
796 987 5
799 895 1
803 948 3
804 881 1
808 899 1
809 987 4
810 881 1
811 833 1
813 935 5
813 912 4
817 978 2
823 890 3
823 895 2
838 857 1
838 915 2
840 994 1
840 955 3
840 874 3
840 987 3
841 909 1
843 883 2
849 987 3
851 978 10
851 920 1
857 915 13
857 951 1
857 953 2
861 934 1
868 974 1
868 948 1
870 935 1
872 987 4
873 874 3
873 987 3
880 946 1
883 907 2
883 919 1
885 974 10
885 984 1
890 962 3
890 923 7
891 995 1
912 984 1
912 946 4
912 949 1
912 948 1
915 923 1
915 952 3
915 953 5
915 971 1
915 990 1
920 978 1
925 955 1
925 951 1
926 931 1
926 933 1
926 972 1
935 971 1
939 951 3
946 948 3
951 978 1
954 978 2
955 987 5
957 978 2
969 977 2
974 984 3
977 1004 11
978 988 2
987 994 5
