0
1
2
3
4
5
6
7
8
9
10
11
12
13
14
15
16
17
18
19
20
21
22
23
24
25
26
27
28
29
30
31
32
33
34
35
36
37
38
39
40
41
42
43
44
45
46
47
48
49
50
51
52
53
54
55
56
57
58
59
60
61
62
63
64
65
66
67
68
69
70
71
72
73
74
75
76
77
78
79
80
81
82
83
84
85
86
87
88
89
90
91
92
93
94
95
96
97
98
99
100
101
102
103
104
105
106
107
108
109
110
111
112
113
114
115
116
117
118
119
120
121
122
123
124
125
126
127
128
129
130
131
132
133
134
135
136
137
138
139
141
142
143
144
145
146
147
148
149
150
151
152
153
154
155
157
158
159
160
161
162
163
164
165
166
167
168
169
170
171
172
173
174
175
176
177
178
179
180
181
182
183
184
185
186
187
188
189
190
191
192
193
194
195
196
197
198
199
200
201
202
203
204
205
206
207
208
209
210
211
212
213
214
215
216
217
218
219
220
221
222
223
224
225
226
227
228
229
230
231
232
233
235
236
237
238
239
240
241
242
243
244
245
246
247
248
249
250
251
252
253
254
255
256
257
259
260
262
263
264
265
266
267
268
269
270
271
272
273
274
275
276
277
278
279
280
281
282
283
284
285
286
287
288
289
290
291
292
293
294
295
296
297
299
300
301
302
303
304
305
306
307
308
309
310
311
312
313
314
315
316
317
318
319
320
321
322
323
324
325
326
327
328
329
330
331
332
333
334
335
336
337
338
339
340
341
343
344
345
346
347
348
349
350
351
352
353
355
356
357
358
359
360
361
362
364
365
366
367
368
369
370
371
372
373
374
375
376
377
378
379
380
381
382
383
384
385
386
387
388
389
390
391
392
393
394
395
396
397
398
399
400
401
402
403
404
405
406
407
408
409
410
411
412
413
414
415
416
418
419
420
421
422
423
424
425
426
427
428
429
430
431
432
433
434
435
436
437
438
439
440
441
442
443
444
445
446
447
448
449
450
451
452
453
454
455
456
457
458
459
460
461
462
464
465
466
467
468
469
470
471
472
473
474
475
476
477
478
479
480
481
482
483
484
485
486
487
488
489
490
491
492
493
495
496
497
498
499
500
501
502
503
504
505
506
507
508
509
510
511
512
513
514
515
516
517
518
519
520
521
522
523
524
525
526
527
528
530
531
532
533
534
535
536
537
538
539
540
541
542
543
544
545
546
547
548
549
550
551
552
553
554
556
557
558
559
560
561
562
563
564
565
566
567
568
569
570
571
572
573
574
575
576
577
578
579
580
581
582
583
584
585
586
587
588
589
590
591
592
593
594
595
596
597
598
599
600
601
602
603
604
605
606
607
609
610
611
612
613
614
615
616
617
618
619
621
622
623
624
625
626
627
628
629
630
631
632
633
634
635
636
637
638
639
640
641
642
643
644
645
646
647
648
649
650
651
652
653
654
655
656
657
658
659
660
661
662
663
664
665
666
667
668
669
670
671
672
673
674
675
676
677
678
679
680
681
682
683
684
685
686
687
688
689
690
691
692
693
694
695
696
697
698
699
700
701
702
703
704
705
706
707
708
709
710
711
712
713
714
715
716
717
718
719
720
721
722
723
724
725
726
727
728
729
730
731
732
733
734
735
736
737
738
739
740
741
742
743
744
745
746
747
748
749
750
751
752
753
754
756
757
758
759
760
761
762
763
764
765
767
768
769
770
771
772
773
774
775
776
777
778
779
780
781
782
783
784
785
786
787
788
789
790
791
792
793
794
795
796
797
798
799
800
801
802
803
804
805
806
807
808
809
810
811
812
813
814
815
816
817
818
819
820
821
822
823
824
825
826
827
828
829
830
831
832
833
834
835
836
837
838
839
840
841
842
843
844
845
846
847
848
849
850
851
852
853
854
855
856
857
858
859
860
861
862
863
864
865
866
867
868
869
870
871
872
873
874
875
876
877
878
879
880
881
882
883
884
885
886
887
888
889
890
891
892
893
894
895
896
897
898
899
900
901
902
903
904
905
906
907
908
909
910
911
912
913
914
915
916
917
918
919
920
921
922
923
924
925
926
927
928
929
930
931
932
933
934
935
936
937
938
939
940
941
942
943
944
945
946
947
948
949
950
951
952
953
954
955
956
957
958
960
961
962
963
964
965
966
967
968
969
970
971
972
973
974
975
976
977
978
979
980
981
982
983
984
985
986
987
988
989
990
991
992
993
994
995
996
997
998
999
1000
1001
1002
1003
1004
0 333 1
0 118 1
1 309 4
2 700 1
2 58 4
2 923 1
2 628 4
2 790 2
4 771 2
4 214 2
4 135 1
5 553 3
5 670 1
6 333 1
8 144 2
8 809 1
8 563 1
12 362 1
13 850 1
13 532 1
14 199 1
14 173 2
14 783 2
14 850 1
14 506 3
14 763 1
14 924 1
15 680 4
15 731 3
16 541 2
17 857 3
17 915 2
17 165 2
19 457 1
24 160 3
24 647 1
24 360 2
24 493 3
24 530 1
24 629 1
24 631 1
24 280 1
25 48 1
25 216 1
25 458 3
25 319 1
26 662 1
28 987 3
29 48 3
30 936 3
30 313 1
30 356 1
30 135 1
31 428 1
31 165 7
31 990 1
31 847 1
32 280 1
32 791 1
32 502 1
32 862 2
32 189 2
34 960 3
35 978 2
35 469 1
38 638 2
38 334 3
40 450 2
40 198 2
40 712 3
40 802 1
40 112 1
40 662 1
40 187 3
40 159 4
41 723 2
41 758 1
45 66 2
48 704 8
48 458 2
48 684 6
48 718 1
48 565 1
48 758 1
48 956 1
48 669 1
48 319 1
50 788 1
52 313 1
52 948 1
53 233 2
53 290 1
53 923 1
53 311 2
56 193 2
56 987 3
56 540 1
56 423 1
56 159 1
58 909 2
59 243 1
59 423 1
59 687 1
60 568 1
60 187 1
60 662 1
61 517 5
61 457 1
61 522 1
61 749 1
61 718 7
61 591 1
61 692 2
61 700 1
61 991 2
62 542 2
62 646 1
65 193 2
65 135 4
65 334 2
65 948 3
65 629 2
65 120 2
65 220 1
65 191 3
67 344 5
67 963 6
67 165 6
67 707 1
67 207 3
68 987 3
68 540 1
72 581 10
72 135 7
75 772 14
75 229 1
75 191 2
75 334 5
75 850 1
75 120 3
75 127 2
75 220 3
75 607 4
76 185 1
77 168 13
77 912 1
77 260 1
77 575 1
82 135 1
83 784 1
90 388 1
90 935 2
90 200 2
90 236 7
90 746 3
90 107 3
90 428 2
90 844 1
90 433 1
90 1001 1
90 644 1
90 124 1
91 607 1
92 428 1
95 987 3
95 540 1
96 609 1
96 634 2
96 299 3
96 509 1
97 309 2
98 291 2
98 268 1
101 377 1
101 457 2
101 724 3
101 423 5
102 139 1
102 534 1
103 832 1
103 514 2
103 950 2
103 303 2
106 185 1
106 740 6
107 393 1
107 201 2
107 670 1
107 553 2
111 362 1
112 674 1
112 517 1
112 267 4
112 846 2
112 392 1
112 466 1
112 700 1
113 542 2
113 927 1
114 275 6
116 272 1
116 769 1
117 291 2
117 268 1
118 732 2
118 532 1
119 812 1
119 700 1
120 193 2
120 772 9
120 454 2
120 752 1
120 927 1
120 566 12
120 923 1
120 191 2
122 857 1
122 924 1
122 693 2
125 337 2
125 139 2
126 416 2
126 166 6
126 168 2
126 586 4
126 648 1
126 948 6
126 573 1
127 732 1
133 765 1
134 592 13
134 291 3
134 454 2
134 151 3
135 581 7
135 870 1
135 942 25
135 720 2
135 371 2
135 628 8
135 540 2
135 703 2
136 200 2
136 857 1
136 915 2
136 428 4
136 165 1
137 443 5
139 323 1
139 324 1
139 487 2
139 939 1
139 524 1
139 206 1
139 174 2
139 534 1
139 154 1
139 477 2
139 510 1
141 552 1
141 978 1
141 851 2
141 362 1
141 718 1
142 200 8
142 971 1
142 428 5
142 302 1
142 847 1
142 274 1
142 915 2
142 214 3
142 952 2
142 990 1
142 159 2
143 159 2
146 326 1
147 416 2
147 150 1
149 716 2
150 415 11
153 977 6
157 586 1
157 356 2
157 743 1
158 249 1
158 716 1
159 517 1
159 912 2
159 531 2
159 278 6
159 923 13
159 290 1
159 935 1
159 687 2
159 692 1
159 569 2
159 188 3
159 703 1
159 193 1
159 450 1
159 712 7
159 334 2
159 591 2
159 978 3
159 214 11
159 612 1
159 731 1
159 915 4
159 607 1
159 356 7
159 742 2
159 316 3
159 659 1
159 502 2
159 891 1
160 530 2
160 629 3
160 685 2
161 193 1
164 788 1
164 420 1
165 207 1
165 401 1
165 948 5
166 743 1
166 586 3
166 500 1
166 185 1
166 762 1
167 362 1
167 978 1
167 851 1
167 469 1
167 630 3
167 988 1
168 260 8
168 966 4
168 356 1
168 362 2
168 912 16
168 948 2
168 885 1
168 472 3
168 868 1
170 697 1
171 933 2
173 199 1
173 657 1
173 850 1
173 506 2
173 924 1
173 541 1
174 534 3
175 737 4
175 849 10
175 275 11
175 670 2
175 423 3
180 958 3
180 727 1
184 407 1
185 236 1
185 617 1
185 554 2
187 700 1
187 466 4
187 662 2
187 254 1
188 280 1
188 421 1
188 978 3
188 469 1
189 1004 2
189 249 2
189 281 5
189 410 2
189 862 6
190 629 1
190 191 1
191 749 1
191 948 4
191 415 3
193 546 2
193 550 1
193 714 1
193 290 2
193 609 1
193 923 8
197 923 3
197 987 3
198 662 1
199 644 4
199 657 1
199 850 1
199 506 3
199 924 3
199 541 2
200 971 3
200 428 2
200 344 2
200 915 8
200 952 3
200 543 2
202 629 1
203 951 1
206 534 1
207 424 5
207 493 2
207 558 1
207 847 3
207 552 1
207 469 1
207 630 3
207 953 3
207 795 2
208 537 1
214 290 3
214 923 1
214 742 1
214 743 2
214 940 1
214 935 3
214 428 1
214 687 1
214 912 2
214 915 1
214 629 2
214 223 1
214 590 1
214 765 4
216 362 2
216 956 1
216 319 1
220 749 1
220 334 1
220 278 2
220 701 1
223 607 1
223 343 1
226 440 3
228 569 1
228 333 1
229 469 1
231 955 2
231 840 1
231 873 1
231 245 2
231 698 2
231 987 4
231 540 1
231 607 1
232 948 1
233 450 1
233 692 1
236 506 1
236 537 2
239 609 1
241 469 2
243 457 2
245 840 1
245 587 2
245 698 2
245 987 3
245 540 1
246 457 1
246 423 4
248 581 2
248 462 1
249 716 1
249 333 1
249 670 2
249 569 1
249 862 1
250 886 2
250 927 1
251 506 1
251 987 4
256 416 1
256 313 1
256 885 2
256 294 1
264 329 1
267 392 1
267 586 3
267 988 1
268 291 4
268 454 1
268 713 1
268 592 2
268 633 1
270 704 1
270 850 1
272 900 1
272 450 1
272 662 1
273 951 3
274 428 1
274 630 5
275 737 3
275 849 9
275 327 1
278 798 2
280 547 1
280 647 1
280 360 1
280 561 1
280 915 3
280 526 1
280 920 2
280 530 2
280 851 3
280 629 2
280 631 3
280 890 1
281 491 1
284 731 1
284 406 1
290 566 1
291 609 1
291 454 8
291 713 1
291 1003 1
291 429 2
291 592 1
291 401 2
293 724 1
294 313 1
294 586 1
294 868 1
299 402 1
299 634 1
299 509 2
301 978 1
301 795 1
302 428 1
303 832 1
303 950 3
303 343 1
306 523 4
306 659 3
306 660 1
306 742 1
306 374 1
308 748 1
308 926 1
309 523 1
311 697 1
311 955 6
311 987 3
311 540 1
313 416 2
313 885 2
313 765 1
316 915 1
316 428 1
317 607 1
318 840 1
318 684 1
318 558 1
319 458 1
319 684 1
319 956 1
321 704 2
321 684 1
322 638 2
322 534 1
322 343 1
324 362 5
324 700 1
326 938 1
327 897 1
327 737 1
327 849 1
327 850 1
327 381 2
327 702 3
329 873 1
329 624 1
329 338 2
329 596 1
329 830 1
332 500 1
333 470 1
333 710 1
333 599 1
333 569 1
333 693 1
333 502 1
333 409 1
333 538 1
333 605 1
333 862 1
334 776 1
334 749 2
334 718 1
334 687 2
334 530 2
334 692 1
334 629 1
334 462 1
334 607 2
334 671 1
335 464 1
335 867 1
335 532 1
337 505 3
338 840 1
338 987 3
338 540 1
338 951 1
343 388 2
343 402 1
343 950 2
343 663 2
343 607 1
344 952 1
344 373 5
346 559 1
347 933 2
347 966 2
353 891 5
356 743 3
356 462 4
356 765 1
356 912 10
356 915 1
356 472 5
360 561 1
360 629 1
361 987 3
361 540 1
362 421 1
362 870 1
362 909 1
362 517 2
362 718 1
362 695 1
362 605 3
362 383 2
364 764 1
364 987 3
364 540 1
364 582 1
369 444 2
369 927 1
372 595 1
372 415 3
374 659 1
377 866 1
377 423 3
377 687 2
377 605 1
377 607 5
379 662 1
380 712 2
381 643 1
381 532 1
388 832 1
388 951 2
392 517 2
393 980 2
397 607 1
397 671 1
397 975 1
398 450 1
401 454 5
401 1003 1
401 429 22
401 415 3
402 509 2
414 891 1
415 833 3
415 749 1
415 569 7
416 948 8
416 885 1
416 854 2
416 984 1
416 633 3
416 762 1
418 977 8
418 996 9
421 424 4
421 469 1
422 569 1
422 731 2
423 457 2
423 716 3
424 847 1
424 469 1
424 795 6
427 955 9
428 647 2
428 971 2
428 915 6
428 953 1
428 952 2
428 857 3
428 990 1
429 454 6
430 662 1
432 987 3
433 987 3
433 540 1
435 500 1
435 782 1
437 532 2
440 537 5
443 742 6
443 703 2
444 927 1
450 802 1
450 900 2
450 712 5
450 947 2
450 596 3
450 662 2
450 695 1
450 568 1
450 572 1
454 772 7
454 592 5
456 936 1
457 866 2
457 777 1
457 522 1
457 716 1
457 687 1
457 696 1
458 704 4
458 577 1
458 684 3
458 558 1
458 956 1
462 833 4
462 535 1
462 671 1
466 662 1
469 547 1
469 528 2
469 817 1
469 978 3
469 630 5
469 954 1
469 795 1
469 862 1
470 569 1
472 743 1
482 531 3
482 569 16
482 987 5
483 978 1
483 607 3
485 927 1
488 662 1
491 506 1
493 561 1
493 629 1
497 977 1
499 592 1
499 956 2
499 948 1
499 684 3
499 687 1
500 948 3
500 782 2
502 976 1
502 951 1
502 538 1
502 607 1
505 822 1
506 576 3
506 996 4
506 1001 4
506 783 2
506 657 7
506 850 1
506 532 2
506 541 5
509 832 1
509 634 1
509 638 2
511 987 3
513 927 1
515 859 1
516 764 3
516 850 1
516 532 2
516 790 1
526 629 1
530 915 2
530 629 8
530 630 3
530 851 1
530 891 2
531 987 8
532 790 2
532 700 1
534 591 1
534 692 1
535 927 1
540 789 2
540 796 1
540 697 1
540 698 2
540 955 7
540 836 1
540 840 1
540 849 1
540 987 4
540 994 1
540 749 2
541 576 1
541 644 4
541 657 1
541 850 1
542 646 2
542 927 1
543 891 2
546 890 1
546 844 1
546 565 1
546 550 2
547 978 2
550 692 2
550 743 1
551 927 1
558 684 1
558 844 1
558 956 2
561 629 1
561 846 13
565 723 1
565 684 1
568 662 1
569 685 1
569 599 1
569 749 9
569 951 4
569 847 1
569 605 2
569 862 4
572 662 1
576 850 1
577 936 4
581 951 1
581 936 1
581 855 1
582 987 3
586 885 2
586 984 2
586 762 2
586 602 1
587 720 2
588 987 3
591 775 1
591 718 1
591 915 3
591 923 1
591 607 7
592 713 1
592 948 12
592 859 1
592 927 5
595 696 2
596 662 1
599 693 2
602 912 2
602 743 1
605 693 3
605 700 1
607 769 1
607 997 1
607 742 1
607 718 1
607 775 1
607 978 2
607 692 1
607 671 1
609 772 6
612 740 1
614 978 3
617 720 3
628 720 1
628 871 1
628 790 4
629 658 1
629 685 1
629 846 1
629 978 4
629 749 1
629 630 1
629 631 2
629 891 26
629 894 1
630 685 2
630 891 5
633 772 1
638 700 4
638 663 1
641 987 3
643 685 3
644 977 2
644 850 1
644 924 5
646 927 1
648 765 1
648 885 2
654 738 4
654 991 2
654 783 2
657 996 3
657 850 2
660 692 3
660 749 2
662 900 1
662 838 2
662 712 1
662 802 1
662 947 1
662 695 1
663 950 1
672 844 2
682 850 1
682 783 4
684 704 8
684 743 1
684 844 1
687 923 1
687 915 2
692 775 1
692 746 6
692 749 5
692 951 1
697 870 1
697 855 3
697 925 1
698 840 2
698 873 2
698 764 2
702 1001 1
702 850 1
704 743 4
706 951 1
716 718 3
718 866 2
718 775 1
718 904 2
718 915 2
718 980 2
719 738 1
719 850 1
722 927 1
723 758 2
724 1004 1
731 739 2
731 870 2
731 915 5
737 849 4
738 837 1
738 1001 1
738 850 2
738 951 2
738 783 6
742 749 1
743 912 1
743 859 5
743 956 2
748 926 3
752 772 1
758 844 1
758 918 1
758 956 1
761 850 1
762 984 1
764 987 3
769 830 2
769 951 1
770 927 1
772 951 6
772 923 3
772 927 1
773 955 6
783 850 2
789 987 3
809 987 4
823 927 1
838 952 1
838 846 1
840 987 3
849 987 5
850 921 1
850 924 1
850 979 1
850 996 1
850 1001 1
850 881 1
851 978 2
851 920 1
851 915 2
854 927 3
859 948 9
861 896 1
863 993 1
865 951 1
872 987 3
873 987 3
883 907 1
885 984 1
915 923 2
915 920 1
925 955 6
927 948 5
933 966 2
933 935 2
935 966 1
954 978 2
955 987 9
977 1004 2
987 994 3
