0
1
2
3
4
5
6
7
8
9
10
11
12
13
14
15
16
17
18
19
20
21
22
23
24
25
26
27
28
29
30
31
32
33
34
35
36
37
38
39
40
41
42
43
44
45
46
47
48
49
50
51
52
53
54
55
56
57
58
59
60
61
62
63
64
65
66
67
68
69
70
71
72
73
74
75
76
77
78
79
80
81
82
83
84
85
86
87
88
89
90
91
92
93
94
95
96
97
98
99
100
101
102
103
104
105
106
107
108
109
110
111
112
113
114
115
116
117
118
119
120
121
122
123
124
125
126
127
128
129
130
131
132
133
134
135
136
137
138
139
141
142
143
144
145
146
147
148
149
150
151
152
153
154
155
157
158
159
160
161
162
163
164
165
166
167
168
169
170
171
172
173
174
175
176
177
178
179
180
181
182
183
184
185
186
187
188
189
190
191
192
193
194
195
196
197
198
199
200
201
202
203
204
205
206
207
208
209
210
211
212
213
214
215
216
217
218
219
220
221
222
223
224
225
226
227
228
229
230
231
232
233
235
236
237
238
239
240
241
242
243
244
245
246
247
248
249
250
251
252
253
254
255
256
257
259
260
262
263
264
265
266
267
268
269
270
271
272
273
274
275
276
277
278
279
280
281
282
283
284
285
286
287
288
289
290
291
292
293
294
295
296
297
299
300
301
302
303
304
305
306
307
308
309
310
311
312
313
314
315
316
317
318
319
320
321
322
323
324
325
326
327
328
329
330
331
332
333
334
335
336
337
338
339
340
341
343
344
345
346
347
348
349
350
351
352
353
355
356
357
358
359
360
361
362
364
365
366
367
368
369
370
371
372
373
374
375
376
377
378
379
380
381
382
383
384
385
386
387
388
389
390
391
392
393
394
395
396
397
398
399
400
401
402
403
404
405
406
407
408
409
410
411
412
413
414
415
416
418
419
420
421
422
423
424
425
426
427
428
429
430
431
432
433
434
435
436
437
438
439
440
441
442
443
444
445
446
447
448
449
450
451
452
453
454
455
456
457
458
459
460
461
462
464
465
466
467
468
469
470
471
472
473
474
475
476
477
478
479
480
481
482
483
484
485
486
487
488
489
490
491
492
493
495
496
497
498
499
500
501
502
503
504
505
506
507
508
509
510
511
512
513
514
515
516
517
518
519
520
521
522
523
524
525
526
527
528
530
531
532
533
534
535
536
537
538
539
540
541
542
543
544
545
546
547
548
549
550
551
552
553
554
556
557
558
559
560
561
562
563
564
565
566
567
568
569
570
571
572
573
574
575
576
577
578
579
580
581
582
583
584
585
586
587
588
589
590
591
592
593
594
595
596
597
598
599
600
601
602
603
604
605
606
607
609
610
611
612
613
614
615
616
617
618
619
621
622
623
624
625
626
627
628
629
630
631
632
633
634
635
636
637
638
639
640
641
642
643
644
645
646
647
648
649
650
651
652
653
654
655
656
657
658
659
660
661
662
663
664
665
666
667
668
669
670
671
672
673
674
675
676
677
678
679
680
681
682
683
684
685
686
687
688
689
690
691
692
693
694
695
696
697
698
699
700
701
702
703
704
705
706
707
708
709
710
711
712
713
714
715
716
717
718
719
720
721
722
723
724
725
726
727
728
729
730
731
732
733
734
735
736
737
738
739
740
741
742
743
744
745
746
747
748
749
750
751
752
753
754
756
757
758
759
760
761
762
763
764
765
767
768
769
770
771
772
773
774
775
776
777
778
779
780
781
782
783
784
785
786
787
788
789
790
791
792
793
794
795
796
797
798
799
800
801
802
803
804
805
806
807
808
809
810
811
812
813
814
815
816
817
818
819
820
821
822
823
824
825
826
827
828
829
830
831
832
833
834
835
836
837
838
839
840
841
842
843
844
845
846
847
848
849
850
851
852
853
854
855
856
857
858
859
860
861
862
863
864
865
866
867
868
869
870
871
872
873
874
875
876
877
878
879
880
881
882
883
884
885
886
887
888
889
890
891
892
893
894
895
896
897
898
899
900
901
902
903
904
905
906
907
908
909
910
911
912
913
914
915
916
917
918
919
920
921
922
923
924
925
926
927
928
929
930
931
932
933
934
935
936
937
938
939
940
941
942
943
944
945
946
947
948
949
950
951
952
953
954
955
956
957
958
960
961
962
963
964
965
966
967
968
969
970
971
972
973
974
975
976
977
978
979
980
981
982
983
984
985
986
987
988
989
990
991
992
993
994
995
996
997
998
999
1000
1001
1002
1003
1004
0 432 6
0 178 3
0 118 4
2 782 1
2 306 3
2 790 1
2 638 1
2 998 1
5 506 1
5 491 2
5 670 1
5 118 2
5 175 1
6 178 1
6 506 1
11 462 3
13 738 1
13 951 2
14 1001 1
14 506 1
14 924 4
15 680 5
15 731 3
15 422 1
16 754 1
16 101 1
16 410 1
19 333 1
24 280 2
24 750 1
24 891 11
24 629 3
24 846 1
28 987 3
29 506 1
30 313 3
31 165 3
32 293 1
32 977 1
32 718 1
32 433 1
32 214 1
32 280 1
32 921 2
35 280 1
38 832 3
38 522 3
38 334 1
38 337 1
38 474 1
38 586 2
40 415 1
41 73 4
41 723 3
41 565 3
41 503 2
42 90 2
42 534 1
42 510 1
46 399 1
46 510 1
46 310 2
46 943 2
48 684 1
48 558 3
48 499 1
48 565 1
48 956 1
48 319 3
50 559 3
52 112 5
52 868 1
52 556 1
52 912 2
52 472 1
52 126 2
52 575 1
53 193 3
53 517 1
53 70 2
53 499 1
53 978 1
53 147 2
53 542 2
56 482 1
56 987 4
58 769 1
58 818 2
61 356 1
61 229 1
61 742 7
61 718 7
61 591 1
61 782 1
61 502 5
61 696 1
61 377 2
61 607 2
62 800 1
62 163 2
62 485 2
62 646 3
62 913 1
62 542 11
62 799 1
66 227 1
67 963 11
67 165 3
67 391 2
67 846 3
67 207 3
67 561 1
67 344 2
67 190 1
68 987 3
69 343 1
70 310 2
74 416 1
74 294 1
74 166 1
74 392 9
74 586 1
74 912 2
74 104 1
74 984 1
75 772 7
75 334 3
75 784 1
75 178 2
75 220 2
75 607 1
76 410 1
78 178 1
78 951 2
82 784 1
82 771 1
82 628 1
83 863 1
83 855 1
86 443 1
90 226 1
90 996 2
90 742 1
90 850 2
90 657 1
90 178 1
90 629 2
90 280 1
90 356 1
90 891 2
91 617 2
91 660 1
93 752 2
95 987 3
98 707 17
98 454 6
98 134 15
98 713 1
98 107 20
98 268 19
98 429 7
98 592 19
98 401 6
98 291 6
98 117 19
98 278 12
99 178 1
101 779 1
101 246 1
101 423 5
102 534 1
103 977 2
103 514 2
103 663 4
103 423 2
104 294 2
104 425 43
104 721 2
104 984 1
104 313 1
104 126 3
105 418 21
106 322 1
106 740 1
107 236 1
107 468 1
107 381 1
111 586 2
111 935 1
112 1000 2
112 267 3
112 517 1
114 716 1
117 268 1
118 732 2
118 862 1
118 502 2
119 812 2
119 790 2
120 923 2
120 772 1
122 410 1
125 534 2
126 416 1
126 356 2
126 586 2
126 912 1
126 790 5
126 889 1
127 843 1
127 595 2
127 980 1
133 168 5
134 232 1
134 190 1
134 143 1
135 581 1
135 870 1
135 746 2
135 334 1
135 527 1
135 337 6
135 371 1
135 628 5
135 405 1
135 742 1
135 855 4
135 692 1
135 851 1
135 517 2
136 952 2
136 200 4
136 915 2
136 344 2
136 857 1
138 444 3
139 534 1
139 510 1
141 292 1
141 469 1
142 280 1
142 274 1
142 915 3
142 316 4
142 165 1
143 739 3
143 580 1
143 362 1
143 563 1
143 890 1
147 577 7
147 931 2
147 933 1
147 972 1
147 171 1
147 748 1
147 590 1
147 355 1
147 214 2
147 347 1
147 686 2
147 285 1
147 926 2
147 277 2
149 372 1
149 327 1
150 978 1
150 220 1
150 415 1
151 253 1
153 977 2
153 418 5
153 996 1
153 410 2
157 577 2
157 746 2
159 416 3
159 866 1
159 868 1
159 425 2
159 746 1
159 724 3
159 214 5
159 377 1
159 316 3
160 280 1
160 629 3
163 913 1
164 402 1
164 943 1
165 207 1
165 401 3
165 344 1
165 316 3
165 280 1
167 552 1
167 954 1
167 851 2
168 256 2
168 416 3
168 356 1
168 935 1
168 232 5
168 425 2
168 266 9
168 912 10
168 949 14
168 790 5
168 439 10
168 472 16
171 577 2
173 428 1
175 423 3
175 849 3
175 275 3
175 532 1
175 410 1
178 915 3
178 409 1
178 538 1
178 415 1
178 929 1
178 295 1
178 693 1
178 569 1
178 314 1
178 710 1
178 333 1
178 976 2
178 339 1
178 470 1
178 599 1
178 605 1
178 862 1
178 991 1
178 228 1
178 502 7
178 249 1
178 767 1
180 727 2
181 552 1
181 724 1
181 190 2
184 410 1
184 883 1
184 407 2
185 854 1
185 502 1
186 267 2
186 517 1
188 280 1
188 469 1
188 614 1
189 969 1
189 506 1
189 951 2
189 270 1
189 977 1
190 353 3
190 656 3
190 274 2
190 373 2
191 770 1
191 692 4
192 381 2
192 327 1
193 633 2
193 731 1
193 923 1
197 586 1
199 506 2
199 644 2
200 952 6
200 915 4
200 971 1
206 534 1
207 424 1
207 558 3
207 795 2
207 990 2
214 577 2
214 290 2
214 356 1
214 278 1
214 742 2
214 935 5
214 746 1
214 940 3
214 687 1
214 912 1
214 662 1
214 951 1
214 868 2
214 923 1
216 672 1
216 321 1
216 558 3
220 334 2
223 746 1
224 349 1
228 693 1
228 502 1
228 599 1
229 421 2
229 607 4
231 863 1
231 874 1
231 338 2
231 245 1
231 987 3
231 540 5
231 607 1
232 472 7
232 984 1
232 949 3
233 692 4
235 316 1
239 512 2
239 951 2
241 280 1
245 874 1
245 987 4
245 540 1
245 890 1
246 724 1
246 423 3
248 746 1
250 369 1
250 535 1
250 886 3
250 607 1
251 410 1
251 987 3
253 290 1
253 566 1
255 577 3
256 416 1
256 517 1
256 294 1
256 267 2
256 313 1
266 790 1
266 439 7
267 517 3
267 648 3
267 586 3
267 948 1
267 478 4
268 633 2
272 450 1
272 742 5
272 662 1
274 817 1
274 841 1
275 849 2
275 977 1
275 327 1
277 577 2
277 926 1
280 388 1
280 647 1
280 526 2
280 656 1
280 920 1
280 658 2
280 915 1
280 281 3
280 288 1
280 547 2
280 421 1
280 422 1
280 685 1
280 561 3
280 530 2
280 953 1
280 445 1
280 846 1
280 851 1
280 990 1
280 293 1
280 484 1
280 360 2
280 493 1
280 750 1
280 629 13
280 630 1
280 631 2
280 891 1
284 422 1
285 577 2
288 484 27
288 773 27
288 391 22
288 493 27
288 846 28
288 561 23
288 629 29
288 630 4
288 445 22
291 429 1
291 454 1
293 547 1
294 416 1
294 586 2
294 885 1
294 984 1
294 313 2
294 447 1
299 832 1
301 493 1
304 441 1
306 607 1
306 771 1
306 742 2
306 863 1
310 706 4
310 586 1
310 943 9
310 368 2
310 343 3
311 697 1
311 987 3
311 863 1
313 416 1
313 356 4
313 472 1
314 929 1
314 599 2
316 838 2
316 428 1
316 915 7
318 499 1
319 684 2
319 558 3
321 672 1
321 618 1
321 499 2
322 534 1
323 510 1
324 586 1
326 587 1
327 737 1
327 644 1
327 897 1
327 1001 2
327 650 1
327 849 2
327 745 1
327 921 4
327 702 1
329 863 1
332 416 1
332 356 1
332 586 4
332 782 5
332 500 8
332 759 1
334 772 2
334 638 3
334 607 4
335 899 6
335 381 3
337 505 3
337 502 2
337 638 1
338 987 3
338 540 2
343 534 3
343 943 6
343 663 1
343 399 3
343 607 1
344 952 1
347 577 2
347 933 1
347 926 1
349 976 1
353 891 1
353 391 1
355 577 3
355 715 1
356 416 1
356 868 11
356 550 1
356 425 1
356 586 2
356 718 1
356 648 1
356 772 1
356 472 2
356 602 2
356 762 1
356 517 1
360 629 2
361 987 3
362 771 1
362 528 1
362 371 4
362 538 2
362 765 1
362 383 1
364 582 1
365 522 1
365 718 1
369 913 4
369 646 1
371 860 1
372 572 2
372 404 1
372 934 1
377 457 3
377 506 1
378 514 3
383 528 1
383 891 1
383 444 1
388 832 1
388 742 2
388 550 2
388 634 3
388 638 4
391 629 1
396 761 3
399 943 2
401 454 2
401 429 4
404 595 1
410 777 1
410 650 1
410 924 1
410 541 1
410 929 1
410 815 1
410 433 1
410 951 2
410 832 1
410 837 1
410 994 1
410 976 1
410 977 6
410 482 1
410 1001 1
410 767 1
414 891 1
415 833 1
415 746 1
415 587 1
415 429 1
415 462 2
415 946 2
416 868 3
416 425 1
416 586 7
416 782 4
416 912 1
416 772 1
416 951 2
418 977 5
418 996 77
421 424 1
421 795 2
422 680 2
422 572 1
422 731 1
423 832 1
423 779 1
423 977 4
423 790 2
424 795 3
424 990 4
425 648 4
425 946 1
429 454 4
432 987 3
433 738 3
433 546 1
433 977 4
433 987 3
435 500 2
435 782 5
438 818 2
439 912 1
443 742 4
443 662 1
444 535 1
445 891 2
445 629 1
447 984 1
450 802 3
450 835 1
450 900 1
450 517 1
450 746 1
450 595 1
450 662 2
454 772 1
458 1000 1
458 558 2
465 812 1
466 568 1
472 782 1
472 912 1
472 946 2
474 603 1
474 510 1
477 534 1
478 818 3
478 517 1
479 700 1
480 987 3
481 565 4
482 987 3
483 782 1
484 629 1
485 823 2
487 534 1
489 534 1
493 630 2
493 629 2
499 704 3
499 679 1
499 844 1
499 565 1
499 918 1
499 672 1
500 814 1
500 782 4
502 929 1
502 851 1
502 746 1
502 718 3
502 605 1
502 976 3
502 915 2
502 951 1
502 538 4
502 862 4
503 704 4
506 996 1
506 1001 1
506 688 1
506 657 1
506 541 1
506 670 1
510 832 1
510 649 1
510 939 1
510 943 1
510 534 3
513 646 1
514 832 2
514 1001 2
514 780 3
514 977 4
514 950 4
516 761 1
516 738 1
516 924 4
516 532 1
516 783 2
517 587 1
517 648 1
517 746 1
517 915 1
517 854 1
522 746 1
526 920 1
526 629 3
527 870 2
528 922 1
528 909 1
528 589 1
530 746 1
530 891 2
530 629 4
530 630 2
531 987 5
534 649 1
534 746 1
534 939 3
534 562 1
534 622 1
534 607 1
540 641 3
540 994 5
540 987 3
540 873 1
540 874 1
540 697 1
540 955 1
540 863 1
541 644 1
542 746 3
542 854 3
543 952 2
544 580 2
546 803 1
546 868 1
547 851 1
550 868 4
550 746 1
552 951 1
552 851 1
552 614 1
553 670 1
558 956 3
561 629 3
561 846 5
565 684 1
565 723 3
566 772 1
568 742 2
577 931 2
577 933 4
577 715 2
577 936 1
577 972 2
577 748 2
577 590 2
577 686 2
577 926 2
577 607 6
581 742 1
582 764 1
582 994 1
582 987 3
586 617 2
586 782 7
586 915 1
586 762 1
587 720 1
587 617 1
591 746 2
591 638 1
591 854 1
591 607 2
595 696 5
599 929 1
599 693 1
602 721 2
603 780 1
603 951 1
607 742 1
607 782 1
607 696 1
607 687 1
607 700 2
609 772 1
609 855 1
624 863 1
626 863 1
629 846 2
629 658 2
629 685 2
629 750 3
629 630 11
629 631 2
629 891 3
630 685 1
630 954 3
630 891 2
630 668 2
630 894 3
633 923 2
634 788 1
638 832 2
641 987 3
644 738 3
644 996 4
644 650 2
650 783 1
657 921 1
659 742 2
659 863 1
662 900 1
663 879 1
663 943 2
663 951 2
668 720 3
668 746 5
668 813 1
668 935 1
669 700 1
672 844 3
684 704 1
684 746 2
684 844 1
687 746 3
687 923 1
687 742 1
692 769 1
692 742 2
692 746 3
693 862 1
695 951 1
696 915 2
696 731 1
697 855 4
697 925 1
698 987 3
700 896 1
700 704 1
700 812 2
702 996 7
703 935 1
704 743 1
704 844 6
715 926 4
716 718 2
718 866 2
718 742 1
718 746 1
718 883 1
718 980 3
718 724 1
719 738 1
720 833 1
720 935 8
720 746 11
720 813 3
720 863 3
723 758 1
724 883 3
731 746 1
738 837 1
738 745 2
738 783 2
738 996 1
738 828 1
739 746 1
742 995 1
742 746 1
742 784 4
742 771 6
742 900 11
742 863 2
746 776 1
746 812 1
746 920 1
746 923 1
746 935 16
746 775 1
746 813 4
746 834 1
746 851 1
746 980 1
746 994 1
748 926 1
758 956 8
758 844 1
758 918 2
759 984 2
762 984 1
764 874 1
764 987 3
764 994 3
764 863 1
769 798 1
769 863 1
771 863 1
772 868 2
772 923 2
774 947 121
779 977 2
780 977 2
782 868 2
782 984 8
783 837 1
788 939 1
789 987 3
790 812 3
790 956 1
791 862 2
792 863 1
795 846 1
807 951 1
809 987 3
810 881 1
813 935 1
817 851 5
838 915 1
840 874 1
840 987 3
840 863 1
841 920 1
841 935 1
849 987 3
850 996 1
854 890 1
857 952 3
857 915 2
862 909 2
863 993 1
863 994 1
872 987 3
873 874 1
873 987 3
912 984 1
912 948 1
912 923 1
915 935 1
925 987 3
950 977 2
955 987 3
969 977 1
977 1004 4
977 1001 2
987 994 4
