0
1
2
3
4
5
6
7
8
9
10
11
12
13
14
15
16
17
18
19
20
21
22
23
24
25
26
27
28
29
30
31
32
33
34
35
36
37
38
39
40
41
42
43
44
45
46
47
48
49
50
51
52
53
54
55
56
57
58
59
60
61
62
63
64
65
66
67
68
69
70
71
72
73
74
75
76
77
78
79
80
81
82
83
84
85
86
87
88
89
90
91
92
93
94
95
96
97
98
99
100
101
102
103
104
105
106
107
108
109
110
111
112
113
114
115
116
117
118
119
120
121
122
123
124
125
126
127
128
129
130
131
132
133
134
135
136
137
138
139
141
142
143
144
145
146
147
148
149
150
151
152
153
154
155
157
158
159
160
161
162
163
164
165
166
167
168
169
170
171
172
173
174
175
176
177
178
179
180
181
182
183
184
185
186
187
188
189
190
191
192
193
194
195
196
197
198
199
200
201
202
203
204
205
206
207
208
209
210
211
212
213
214
215
216
217
218
219
220
221
222
223
224
225
226
227
228
229
230
231
232
233
235
236
237
238
239
240
241
242
243
244
245
246
247
248
249
250
251
252
253
254
255
256
257
259
260
262
263
264
265
266
267
268
269
270
271
272
273
274
275
276
277
278
279
280
281
282
283
284
285
286
287
288
289
290
291
292
293
294
295
296
297
299
300
301
302
303
304
305
306
307
308
309
310
311
312
313
314
315
316
317
318
319
320
321
322
323
324
325
326
327
328
329
330
331
332
333
334
335
336
337
338
339
340
341
343
344
345
346
347
348
349
350
351
352
353
355
356
357
358
359
360
361
362
364
365
366
367
368
369
370
371
372
373
374
375
376
377
378
379
380
381
382
383
384
385
386
387
388
389
390
391
392
393
394
395
396
397
398
399
400
401
402
403
404
405
406
407
408
409
410
411
412
413
414
415
416
418
419
420
421
422
423
424
425
426
427
428
429
430
431
432
433
434
435
436
437
438
439
440
441
442
443
444
445
446
447
448
449
450
451
452
453
454
455
456
457
458
459
460
461
462
464
465
466
467
468
469
470
471
472
473
474
475
476
477
478
479
480
481
482
483
484
485
486
487
488
489
490
491
492
493
495
496
497
498
499
500
501
502
503
504
505
506
507
508
509
510
511
512
513
514
515
516
517
518
519
520
521
522
523
524
525
526
527
528
530
531
532
533
534
535
536
537
538
539
540
541
542
543
544
545
546
547
548
549
550
551
552
553
554
556
557
558
559
560
561
562
563
564
565
566
567
568
569
570
571
572
573
574
575
576
577
578
579
580
581
582
583
584
585
586
587
588
589
590
591
592
593
594
595
596
597
598
599
600
601
602
603
604
605
606
607
609
610
611
612
613
614
615
616
617
618
619
621
622
623
624
625
626
627
628
629
630
631
632
633
634
635
636
637
638
639
640
641
642
643
644
645
646
647
648
649
650
651
652
653
654
655
656
657
658
659
660
661
662
663
664
665
666
667
668
669
670
671
672
673
674
675
676
677
678
679
680
681
682
683
684
685
686
687
688
689
690
691
692
693
694
695
696
697
698
699
700
701
702
703
704
705
706
707
708
709
710
711
712
713
714
715
716
717
718
719
720
721
722
723
724
725
726
727
728
729
730
731
732
733
734
735
736
737
738
739
740
741
742
743
744
745
746
747
748
749
750
751
752
753
754
756
757
758
759
760
761
762
763
764
765
767
768
769
770
771
772
773
774
775
776
777
778
779
780
781
782
783
784
785
786
787
788
789
790
791
792
793
794
795
796
797
798
799
800
801
802
803
804
805
806
807
808
809
810
811
812
813
814
815
816
817
818
819
820
821
822
823
824
825
826
827
828
829
830
831
832
833
834
835
836
837
838
839
840
841
842
843
844
845
846
847
848
849
850
851
852
853
854
855
856
857
858
859
860
861
862
863
864
865
866
867
868
869
870
871
872
873
874
875
876
877
878
879
880
881
882
883
884
885
886
887
888
889
890
891
892
893
894
895
896
897
898
899
900
901
902
903
904
905
906
907
908
909
910
911
912
913
914
915
916
917
918
919
920
921
922
923
924
925
926
927
928
929
930
931
932
933
934
935
936
937
938
939
940
941
942
943
944
945
946
947
948
949
950
951
952
953
954
955
956
957
958
960
961
962
963
964
965
966
967
968
969
970
971
972
973
974
975
976
977
978
979
980
981
982
983
984
985
986
987
988
989
990
991
992
993
994
995
996
997
998
999
1000
1001
1002
1003
1004
0 178 4
0 118 1
1 309 3
2 416 1
2 168 1
2 812 1
2 77 2
2 530 2
2 790 4
2 569 1
2 700 2
4 720 1
4 371 1
5 107 3
5 175 4
6 178 4
7 810 2
12 720 1
13 516 1
13 738 1
13 532 1
14 644 1
14 199 1
14 1001 1
14 173 1
14 516 1
14 506 2
14 924 2
14 702 4
15 680 2
15 731 7
16 410 1
16 19 1
17 915 1
19 843 1
19 333 4
24 32 1
24 547 1
24 647 4
24 360 1
24 526 1
24 561 1
24 629 7
24 280 1
24 188 1
25 48 1
28 987 3
28 540 1
29 107 1
29 381 1
29 333 3
29 815 1
30 104 1
30 868 1
30 765 2
30 61 1
32 197 1
32 496 1
32 977 1
32 243 1
32 502 1
32 410 3
32 731 2
32 188 2
32 61 1
32 862 1
35 978 2
35 207 1
38 832 4
38 474 1
38 309 1
40 450 3
40 712 1
40 214 1
40 695 1
40 90 2
40 187 2
40 415 1
41 704 1
41 723 1
45 66 2
46 676 1
48 458 2
48 558 1
48 216 1
48 956 2
48 319 2
50 559 4
52 356 2
53 233 1
53 850 1
53 866 1
53 159 1
56 280 2
56 587 1
56 987 3
58 909 2
61 772 1
61 517 1
61 646 1
61 135 3
61 522 3
61 398 1
61 272 1
61 915 1
61 662 1
61 280 1
61 388 1
61 542 1
61 160 2
61 802 1
61 428 1
61 450 4
61 246 1
61 711 1
61 716 2
61 718 6
61 591 2
61 851 1
61 980 1
61 334 2
61 854 1
61 472 1
61 356 1
61 112 1
61 754 1
61 243 3
61 502 1
61 120 1
61 377 1
62 90 1
62 823 1
62 646 7
62 542 10
62 485 6
66 227 1
67 963 3
67 165 3
67 846 8
67 207 2
67 561 3
67 344 4
68 176 1
68 987 3
73 558 1
74 256 1
74 356 6
74 166 7
74 294 2
74 586 5
74 782 1
74 500 1
74 573 1
74 126 1
75 772 1
75 334 1
75 191 1
77 260 1
77 168 2
77 266 2
77 782 3
77 912 2
77 369 4
77 949 2
77 313 1
77 575 2
78 178 4
78 506 1
82 184 1
83 784 1
83 771 1
84 97 1
85 844 1
86 443 7
86 662 3
90 900 2
90 166 1
90 920 1
90 178 1
90 984 3
90 506 1
90 283 3
90 927 2
91 607 1
92 658 3
92 316 2
95 987 3
96 388 1
97 309 1
98 707 2
98 454 2
98 134 2
98 713 2
98 107 2
98 268 3
98 429 1
98 592 8
98 401 7
98 291 1
98 117 2
98 278 1
101 999 1
101 246 1
101 423 3
102 534 1
103 514 2
103 780 1
103 950 1
104 313 1
104 908 2
104 765 3
104 305 2
105 374 16
106 788 1
107 192 1
107 898 1
107 643 3
107 236 1
107 652 1
107 532 1
107 664 1
107 537 1
107 175 1
107 208 1
107 808 1
107 553 1
107 810 1
107 688 1
107 320 2
107 201 1
107 335 1
107 464 1
107 980 1
107 985 1
107 737 1
107 1004 1
107 118 1
107 381 1
111 586 3
112 267 1
112 803 2
112 517 1
113 927 2
114 896 1
114 718 1
117 268 1
118 502 1
118 862 1
118 365 1
119 812 1
120 522 1
120 772 1
120 334 1
120 607 1
122 184 1
122 711 1
125 622 5
126 356 1
126 586 5
126 782 2
126 602 3
126 700 3
126 730 1
127 334 1
127 718 1
132 334 1
132 591 1
133 602 1
133 765 1
134 592 5
134 454 1
135 993 3
135 450 3
135 549 2
135 936 4
135 329 1
135 141 2
135 581 3
135 176 1
135 692 1
135 855 5
135 443 1
135 703 3
136 160 2
136 428 1
136 207 1
136 915 10
136 629 1
136 857 1
139 534 1
141 241 1
141 978 2
142 647 1
142 428 1
142 915 7
142 951 3
142 316 4
142 159 1
143 544 1
143 739 1
143 580 1
143 741 1
143 144 1
143 563 1
143 791 1
143 696 1
143 669 1
147 577 3
147 355 2
147 196 2
147 933 2
147 230 2
147 171 2
147 972 2
147 590 2
147 277 2
147 347 2
147 686 2
147 285 2
147 926 2
147 607 2
149 904 1
149 265 1
149 849 1
150 416 2
150 415 2
151 290 1
151 923 1
151 316 2
151 253 2
151 629 3
152 443 3
152 422 2
153 977 3
153 418 2
153 996 3
157 347 2
157 277 1
157 462 1
158 922 1
159 783 1
159 915 2
159 534 1
159 920 1
159 798 2
159 671 1
159 178 1
159 952 1
159 316 4
159 190 1
159 832 1
159 321 2
159 334 1
159 720 8
159 978 1
159 214 1
159 607 2
159 866 2
159 612 1
159 742 4
159 233 1
159 850 1
159 502 1
160 891 2
160 629 4
160 526 1
162 595 1
162 452 1
165 401 8
165 344 2
165 857 1
165 316 5
165 990 2
166 416 1
166 356 5
166 586 5
166 782 1
166 984 1
166 602 1
166 447 1
167 978 4
167 851 1
167 988 3
167 469 1
168 356 3
168 648 1
168 782 6
168 912 3
168 232 3
168 984 1
168 790 1
168 439 2
168 472 3
168 260 1
168 575 2
169 372 2
170 697 1
170 855 3
171 347 2
173 924 1
175 849 10
175 275 7
175 532 1
176 769 1
176 482 1
176 995 1
176 836 1
176 581 1
176 329 1
176 746 1
176 588 1
176 692 1
176 245 1
176 855 1
176 641 1
176 764 1
178 409 4
178 538 5
178 295 4
178 693 4
178 991 4
178 710 4
178 969 1
178 333 4
178 976 5
178 470 4
178 599 4
178 605 4
178 862 4
178 607 1
178 482 6
178 228 4
178 502 8
178 249 4
178 767 4
181 866 1
181 190 2
184 724 1
185 833 1
187 450 2
187 596 1
188 978 2
188 469 1
188 421 2
189 880 2
189 249 3
189 195 1
189 236 2
190 353 1
190 614 1
190 656 1
190 274 1
190 373 1
190 920 2
191 334 3
191 692 1
191 607 3
191 415 7
191 927 3
192 362 1
193 633 1
193 731 1
193 540 3
193 927 1
193 607 1
195 325 1
196 850 1
199 644 3
199 924 1
199 996 1
200 952 5
200 428 9
200 971 3
200 915 12
200 316 1
201 843 1
207 424 7
207 493 2
207 847 1
207 978 2
207 469 1
207 795 1
208 977 1
208 236 3
209 356 2
214 612 1
214 334 1
214 531 5
214 629 1
216 458 1
216 956 2
217 357 1
223 462 1
228 605 3
228 502 1
229 241 1
229 306 1
229 374 2
230 347 1
231 840 1
231 873 1
231 245 4
231 987 3
231 540 1
231 511 1
232 416 3
232 260 1
232 782 1
232 912 1
232 472 3
232 575 1
233 692 1
233 245 3
235 316 1
236 1004 1
236 532 1
236 977 3
236 980 2
236 537 6
239 613 1
243 729 4
243 754 1
245 624 2
245 264 1
245 329 1
245 840 1
245 987 3
245 540 2
246 423 2
248 920 3
248 462 1
249 643 2
249 658 1
250 332 7
250 886 4
250 927 4
251 641 1
251 482 2
251 987 3
253 290 1
253 566 2
254 362 1
254 596 1
256 313 2
259 681 1
260 912 1
264 338 1
265 522 1
266 949 2
267 614 1
267 586 1
267 435 2
267 280 1
267 891 12
268 291 1
268 454 1
268 713 1
268 592 1
268 633 2
270 381 1
274 482 2
275 849 8
275 327 1
277 715 1
277 590 1
277 347 1
277 285 2
278 471 1
278 462 1
278 607 1
280 993 1
280 614 3
280 775 1
280 846 1
280 338 1
280 629 3
280 891 1
281 934 1
285 347 1
290 566 2
291 401 5
291 454 3
292 936 3
292 855 1
293 724 6
294 313 4
294 586 5
294 885 1
295 681 1
295 779 1
299 634 1
301 978 2
304 441 7
306 771 1
306 659 4
306 660 1
306 374 1
308 418 3
310 617 1
310 586 3
311 987 4
311 540 1
311 955 1
313 416 1
313 356 2
313 885 2
313 472 1
313 765 1
313 447 2
316 971 2
316 428 3
316 915 5
316 629 4
318 332 1
319 458 1
319 956 1
321 458 1
322 780 1
322 867 1
322 740 1
322 534 1
322 879 1
325 426 1
326 587 1
327 849 2
327 381 3
327 897 1
332 416 1
332 586 1
332 435 5
332 500 1
332 700 1
333 743 1
334 609 1
334 612 1
334 776 1
334 462 1
334 528 2
334 772 2
334 607 10
335 537 1
335 532 2
337 505 1
337 735 1
338 624 1
338 951 1
338 987 3
338 540 1
341 915 1
343 663 6
346 559 1
347 577 1
347 355 1
347 933 1
347 972 1
347 748 1
347 590 1
347 686 2
347 926 1
347 715 1
353 891 11
356 416 1
356 515 1
356 743 4
356 912 6
356 472 4
356 602 2
356 765 1
356 927 1
360 629 3
361 987 3
362 485 2
362 428 2
362 561 1
362 658 1
362 371 1
362 660 1
362 383 5
364 987 3
365 777 1
369 535 2
369 444 3
369 927 1
371 951 1
372 404 1
372 934 1
374 660 3
374 953 1
377 422 1
377 423 2
377 681 1
377 490 1
377 479 1
378 514 2
379 568 1
381 670 1
383 720 10
383 978 1
383 589 1
388 509 1
393 907 2
401 454 8
401 683 2
401 429 11
401 415 6
402 634 2
402 559 2
410 996 1
410 687 1
413 927 3
413 935 1
415 544 1
415 833 1
415 587 1
415 752 3
415 416 1
415 629 1
416 868 2
416 517 1
416 439 1
416 912 1
416 984 2
416 602 2
416 927 3
418 977 7
418 996 25
421 424 10
421 978 2
421 795 1
422 731 1
422 613 1
423 969 1
423 977 3
424 978 2
424 795 8
424 990 5
427 955 1
428 838 1
428 647 7
428 915 25
428 857 7
428 990 2
429 454 3
432 512 1
432 987 3
433 987 3
433 540 1
435 648 1
435 586 3
435 782 1
435 500 3
443 581 1
443 936 1
443 662 5
444 535 4
444 927 2
447 984 1
447 586 4
450 462 1
450 595 5
450 596 1
450 662 1
452 907 1
454 772 1
454 592 9
458 558 1
458 956 2
459 517 2
462 783 1
462 833 2
462 517 1
462 742 1
462 617 1
462 718 1
462 687 1
462 851 1
462 692 1
462 670 1
462 591 1
462 923 1
462 542 1
464 980 1
465 812 1
469 978 2
469 547 1
472 743 1
472 782 14
472 912 3
472 575 2
474 603 1
481 565 3
482 994 1
482 789 1
482 987 3
482 540 1
482 990 2
483 607 3
485 823 1
485 542 1
485 927 2
490 977 1
493 891 1
493 629 3
493 630 1
497 977 1
499 684 3
499 918 1
499 558 1
499 565 1
500 550 1
500 782 3
500 586 3
502 980 1
502 693 1
502 569 1
502 862 2
502 511 2
505 735 1
506 996 1
506 1001 1
506 783 1
506 644 2
506 924 1
510 939 1
510 534 2
511 607 1
512 978 2
513 927 2
514 950 1
514 735 1
516 881 2
517 803 2
517 646 2
517 718 1
517 854 1
517 542 1
522 896 1
522 718 2
526 629 4
528 609 1
528 607 2
530 891 3
530 629 7
530 630 1
531 641 2
531 994 1
531 591 1
531 987 3
531 607 1
532 1001 1
532 790 1
532 537 1
532 700 1
534 591 1
534 951 2
534 638 1
535 823 1
535 927 1
537 674 4
540 955 3
540 994 1
540 987 3
541 996 1
541 924 1
542 646 1
542 823 1
542 927 1
546 550 2
546 743 1
547 978 2
547 647 1
549 866 1
550 891 5
550 607 1
551 927 1
552 978 2
552 988 1
552 685 1
552 951 2
557 912 1
558 684 2
558 956 1
559 622 1
561 846 6
561 629 3
561 631 1
565 704 1
566 772 1
568 947 1
569 607 3
572 890 1
572 731 1
572 596 1
572 862 1
573 586 7
573 782 1
575 966 1
575 782 5
575 912 3
581 855 1
581 942 1
582 832 1
582 849 2
582 987 3
586 648 1
586 617 4
586 782 4
586 885 1
586 984 5
586 762 1
586 687 3
587 720 5
591 739 1
591 687 1
591 607 2
592 927 8
595 609 1
595 934 1
596 947 1
596 695 2
597 883 1
599 605 3
602 743 3
602 765 1
603 735 1
605 643 2
607 646 3
607 927 1
607 687 1
607 696 1
607 833 1
607 969 1
609 772 1
609 791 2
609 927 1
614 978 2
614 858 6
614 891 1
614 988 2
617 720 2
617 687 2
622 676 5
624 692 1
626 936 1
628 638 5
629 658 4
629 685 9
629 846 2
629 630 6
629 631 3
629 891 3
630 779 4
630 638 1
634 788 1
641 987 3
644 996 1
644 924 1
644 702 1
646 927 1
647 915 2
648 765 5
649 663 1
650 682 1
650 738 2
650 654 4
650 783 1
654 738 1
656 838 4
672 844 3
678 696 2
679 844 1
680 720 3
680 731 1
682 924 1
684 704 1
684 844 1
685 1001 1
685 724 3
685 838 3
687 692 1
692 775 1
695 700 1
696 876 1
700 838 3
700 812 1
700 790 1
702 924 1
704 743 1
708 843 1
712 991 2
716 980 1
716 916 1
716 718 1
718 866 1
718 915 1
718 980 2
719 738 3
720 833 3
720 731 1
720 855 1
722 927 3
724 866 1
735 780 1
735 822 1
737 849 1
738 837 2
738 745 1
738 783 4
738 828 2
739 915 1
740 788 1
742 771 4
745 828 1
758 844 1
758 956 2
758 918 1
764 987 3
765 908 5
770 927 2
771 784 1
772 927 1
773 955 1
774 947 51
777 883 1
779 843 1
789 987 3
790 812 4
795 978 2
809 994 1
809 987 5
817 978 3
823 927 2
840 987 3
843 907 2
849 987 3
851 978 12
854 927 4
857 915 4
872 987 3
873 987 3
876 999 1
915 952 1
924 996 1
924 1001 1
925 955 1
936 942 2
939 951 1
954 978 2
955 987 4
957 978 2
977 996 10
977 1001 3
977 1004 2
978 988 7
987 994 4
