0
1
2
3
4
5
6
7
8
9
10
11
12
13
14
15
16
17
18
19
20
21
22
23
24
25
26
27
28
29
30
31
32
33
34
35
36
37
38
39
40
41
42
43
44
45
46
47
48
49
50
51
52
53
54
55
56
57
58
59
60
61
62
63
64
65
66
67
68
69
70
71
72
73
74
75
76
77
78
79
80
81
82
83
84
85
86
87
88
89
90
91
92
93
94
95
96
97
98
99
100
101
102
103
104
105
106
107
108
109
110
111
112
113
114
115
116
117
118
119
120
121
122
123
124
125
126
127
128
129
130
131
132
133
134
135
136
137
138
139
141
142
143
144
145
146
147
148
149
150
151
152
153
154
155
157
158
159
160
161
162
163
164
165
166
167
168
169
170
171
172
173
174
175
176
177
178
179
180
181
182
183
184
185
186
187
188
189
190
191
192
193
194
195
196
197
198
199
200
201
202
203
204
205
206
207
208
209
210
211
212
213
214
215
216
217
218
219
220
221
222
223
224
225
226
227
228
229
230
231
232
233
235
236
237
238
239
240
241
242
243
244
245
246
247
248
249
250
251
252
253
254
255
256
257
259
260
262
263
264
265
266
267
268
269
270
271
272
273
274
275
276
277
278
279
280
281
282
283
284
285
286
287
288
289
290
291
292
293
294
295
296
297
299
300
301
302
303
304
305
306
307
308
309
310
311
312
313
314
315
316
317
318
319
320
321
322
323
324
325
326
327
328
329
330
331
332
333
334
335
336
337
338
339
340
341
343
344
345
346
347
348
349
350
351
352
353
355
356
357
358
359
360
361
362
364
365
366
367
368
369
370
371
372
373
374
375
376
377
378
379
380
381
382
383
384
385
386
387
388
389
390
391
392
393
394
395
396
397
398
399
400
401
402
403
404
405
406
407
408
409
410
411
412
413
414
415
416
418
419
420
421
422
423
424
425
426
427
428
429
430
431
432
433
434
435
436
437
438
439
440
441
442
443
444
445
446
447
448
449
450
451
452
453
454
455
456
457
458
459
460
461
462
464
465
466
467
468
469
470
471
472
473
474
475
476
477
478
479
480
481
482
483
484
485
486
487
488
489
490
491
492
493
495
496
497
498
499
500
501
502
503
504
505
506
507
508
509
510
511
512
513
514
515
516
517
518
519
520
521
522
523
524
525
526
527
528
530
531
532
533
534
535
536
537
538
539
540
541
542
543
544
545
546
547
548
549
550
551
552
553
554
556
557
558
559
560
561
562
563
564
565
566
567
568
569
570
571
572
573
574
575
576
577
578
579
580
581
582
583
584
585
586
587
588
589
590
591
592
593
594
595
596
597
598
599
600
601
602
603
604
605
606
607
609
610
611
612
613
614
615
616
617
618
619
621
622
623
624
625
626
627
628
629
630
631
632
633
634
635
636
637
638
639
640
641
642
643
644
645
646
647
648
649
650
651
652
653
654
655
656
657
658
659
660
661
662
663
664
665
666
667
668
669
670
671
672
673
674
675
676
677
678
679
680
681
682
683
684
685
686
687
688
689
690
691
692
693
694
695
696
697
698
699
700
701
702
703
704
705
706
707
708
709
710
711
712
713
714
715
716
717
718
719
720
721
722
723
724
725
726
727
728
729
730
731
732
733
734
735
736
737
738
739
740
741
742
743
744
745
746
747
748
749
750
751
752
753
754
756
757
758
759
760
761
762
763
764
765
767
768
769
770
771
772
773
774
775
776
777
778
779
780
781
782
783
784
785
786
787
788
789
790
791
792
793
794
795
796
797
798
799
800
801
802
803
804
805
806
807
808
809
810
811
812
813
814
815
816
817
818
819
820
821
822
823
824
825
826
827
828
829
830
831
832
833
834
835
836
837
838
839
840
841
842
843
844
845
846
847
848
849
850
851
852
853
854
855
856
857
858
859
860
861
862
863
864
865
866
867
868
869
870
871
872
873
874
875
876
877
878
879
880
881
882
883
884
885
886
887
888
889
890
891
892
893
894
895
896
897
898
899
900
901
902
903
904
905
906
907
908
909
910
911
912
913
914
915
916
917
918
919
920
921
922
923
924
925
926
927
928
929
930
931
932
933
934
935
936
937
938
939
940
941
942
943
944
945
946
947
948
949
950
951
952
953
954
955
956
957
958
960
961
962
963
964
965
966
967
968
969
970
971
972
973
974
975
976
977
978
979
980
981
982
983
984
985
986
987
988
989
990
991
992
993
994
995
996
997
998
999
1000
1001
1002
1003
1004
0 6 1
0 409 1
0 538 1
0 29 1
0 295 1
0 178 3
0 693 1
0 189 3
0 710 1
0 333 1
0 78 1
0 976 1
0 470 1
0 599 1
0 732 1
0 605 1
0 862 1
0 991 1
0 228 1
0 502 1
0 249 2
0 767 1
1 337 1
2 790 3
2 700 1
2 582 2
2 126 1
2 119 1
4 848 1
4 883 1
4 135 3
5 586 3
5 724 1
6 249 1
6 178 2
6 716 3
6 1004 1
12 680 1
14 881 1
14 724 4
14 189 1
14 796 2
15 680 3
15 731 1
15 422 2
16 127 2
17 857 3
17 428 2
24 280 1
24 629 2
25 704 2
25 844 1
25 684 3
28 987 3
28 955 1
29 249 3
29 442 1
29 335 1
30 126 2
30 356 7
30 765 3
30 790 1
30 942 1
31 915 6
31 428 1
31 165 16
31 990 3
32 388 2
32 197 1
32 977 1
32 534 1
32 791 1
32 61 1
32 862 3
32 293 1
35 978 2
35 188 1
35 207 1
37 313 4
37 126 3
38 939 1
38 324 1
38 309 1
38 214 1
40 450 1
40 196 1
40 802 1
40 662 1
40 120 1
40 90 1
40 890 1
42 649 1
42 337 1
46 399 1
48 600 3
48 956 1
48 558 1
48 319 1
50 402 3
50 559 4
52 232 1
52 356 12
52 765 2
53 633 2
53 365 2
53 193 2
56 120 1
56 987 6
56 423 3
58 769 1
58 586 1
61 900 1
61 517 6
61 522 1
61 141 1
61 398 2
61 272 1
61 772 1
61 157 1
61 674 2
61 428 4
61 306 1
61 607 7
61 802 1
61 718 9
61 591 2
61 851 1
61 334 2
61 472 3
61 730 1
61 991 1
61 356 4
61 243 5
61 127 1
62 485 1
62 159 1
64 534 1
67 344 1
67 963 2
67 165 7
67 846 1
67 207 1
68 987 3
68 189 1
69 402 1
69 950 1
70 334 1
74 416 1
74 256 1
74 166 1
74 294 3
74 232 2
74 648 1
74 104 1
74 885 1
74 759 1
74 984 1
74 313 1
74 447 1
75 612 2
75 772 3
75 334 1
75 550 1
75 607 1
78 178 2
78 404 2
78 710 1
82 870 2
82 135 3
83 784 1
84 534 1
86 152 6
86 443 1
86 662 2
90 736 1
90 450 2
90 201 1
90 997 1
90 220 2
90 107 1
90 236 1
90 147 1
90 692 2
90 414 1
90 791 2
90 248 1
90 500 1
90 506 1
90 891 1
90 316 2
90 830 1
90 191 1
91 97 1
91 423 2
92 316 1
95 987 3
96 420 1
97 337 1
98 707 2
98 454 1
98 134 1
98 713 2
98 107 3
98 268 1
98 429 1
98 592 1
98 401 1
98 117 1
101 246 2
101 718 1
101 423 1
103 402 1
103 322 1
103 343 1
104 648 2
104 765 1
104 294 1
105 418 15
107 808 1
107 980 1
111 586 2
111 602 1
111 885 1
112 168 2
112 313 1
112 267 1
112 356 1
112 517 1
114 883 1
114 718 1
119 812 1
120 544 1
120 272 1
120 772 3
120 662 1
120 135 3
120 586 1
120 364 1
120 718 1
120 912 2
120 338 1
120 566 8
120 609 1
120 920 1
120 987 2
120 316 3
120 752 1
122 718 1
125 676 1
125 622 1
126 356 2
126 648 1
126 586 2
126 790 1
126 602 1
126 730 2
127 843 1
127 708 1
127 724 1
127 904 1
127 522 3
127 779 2
127 716 1
127 189 2
127 754 2
127 595 1
127 916 1
127 184 1
127 377 4
127 883 1
132 842 5
133 602 1
133 356 2
133 765 1
134 850 1
134 178 2
135 549 1
135 870 3
135 170 3
135 942 11
135 531 1
135 371 3
135 628 6
135 534 1
135 692 3
135 581 10
136 428 3
136 207 2
136 915 2
136 629 1
136 953 1
136 857 1
136 316 1
137 936 1
137 771 4
139 206 1
141 614 4
141 978 5
141 851 3
141 502 3
141 188 1
142 428 2
142 267 1
142 316 3
142 207 2
143 544 1
144 544 1
147 577 3
147 355 3
147 196 1
147 933 3
147 230 3
147 454 2
147 171 3
147 972 3
147 590 3
147 277 3
147 890 1
147 347 3
147 285 3
147 926 3
147 686 3
149 716 1
152 362 1
153 977 1
153 482 1
157 577 2
157 931 2
157 356 1
157 933 1
157 746 1
157 171 1
157 590 2
157 277 1
157 542 1
157 285 2
157 926 2
157 415 1
159 802 1
159 293 1
159 290 2
159 334 1
159 719 2
159 629 1
159 214 2
159 343 1
159 443 1
159 607 1
160 280 1
160 586 1
160 267 6
160 629 6
160 526 1
161 586 1
164 638 1
165 586 1
165 207 1
165 401 11
165 344 1
165 316 12
165 990 1
166 648 1
166 168 1
166 356 2
167 817 1
167 978 3
167 851 1
167 988 1
168 912 7
168 356 10
168 782 4
168 209 1
168 472 4
169 595 1
169 372 1
170 697 1
173 924 1
173 506 1
173 428 2
175 737 1
175 275 6
175 849 2
178 228 2
178 502 9
178 710 2
178 295 2
178 599 3
178 333 2
178 976 2
178 693 2
178 470 2
178 409 2
178 249 4
178 538 2
178 767 2
178 605 2
178 862 2
178 991 2
181 249 1
186 256 1
186 267 1
187 802 1
187 900 1
187 272 1
187 662 1
187 695 1
187 568 1
187 572 1
188 534 3
188 920 1
188 978 5
188 851 10
188 502 4
188 280 2
189 293 1
189 236 1
189 716 2
189 530 1
189 595 1
189 718 4
189 502 5
189 280 1
189 506 1
189 731 1
189 915 1
189 605 1
191 752 1
191 617 1
191 692 14
192 381 2
193 338 1
193 633 1
193 890 1
193 923 1
193 245 1
195 410 2
196 454 1
197 586 1
199 924 1
199 996 1
199 541 1
200 362 1
200 915 3
200 428 1
206 939 1
206 477 1
206 534 1
207 795 1
207 428 2
207 847 1
207 978 3
207 953 1
207 891 2
207 349 1
207 990 1
209 356 6
209 765 1
214 609 1
214 290 4
214 742 1
214 220 3
214 746 1
214 940 1
214 614 1
214 687 1
214 595 1
214 629 3
214 278 2
214 851 3
214 923 2
214 316 1
214 765 2
216 704 1
216 558 1
220 752 1
223 322 3
223 343 4
223 415 2
226 440 1
228 605 5
229 306 4
229 790 1
231 738 1
231 264 2
231 873 1
231 245 2
231 633 2
231 987 4
231 830 1
232 356 1
232 294 1
232 439 2
232 472 1
232 313 1
232 575 1
233 364 1
236 537 2
236 532 3
239 866 2
241 851 2
243 718 1
245 736 1
245 987 3
245 671 1
246 724 1
246 423 1
248 415 1
249 502 1
249 280 1
250 535 1
250 890 2
250 927 1
250 607 1
251 482 1
251 987 3
256 416 1
256 356 7
256 517 1
256 294 1
256 648 1
256 362 1
256 267 3
256 313 1
256 478 1
257 401 1
260 439 2
264 617 1
264 586 1
266 790 2
267 674 3
267 517 2
267 838 2
267 648 1
267 586 2
267 392 2
267 435 2
267 526 4
267 891 5
267 478 1
272 450 3
272 900 1
272 772 1
274 920 3
275 849 2
275 316 1
278 415 1
280 388 1
280 630 1
280 360 1
280 846 1
280 658 1
280 685 1
280 526 1
280 493 1
280 561 1
280 530 2
280 851 2
280 629 2
280 502 4
280 631 1
280 891 1
280 445 1
281 658 1
281 491 2
288 629 1
290 566 3
291 401 1
291 429 1
291 454 2
293 718 1
293 724 1
293 502 1
293 862 7
294 416 2
294 586 18
294 782 2
294 573 1
294 648 1
294 885 2
294 630 4
294 759 1
294 984 3
294 313 2
294 447 2
301 978 4
302 428 5
305 425 1
306 771 1
306 383 1
310 586 1
311 697 2
311 987 3
313 416 5
313 356 3
313 472 2
313 447 1
316 416 3
316 647 3
316 428 4
316 752 1
316 857 2
316 915 11
317 374 2
318 472 1
318 499 1
318 684 2
318 558 1
319 704 1
319 558 1
321 784 1
321 771 2
321 684 3
322 343 9
322 879 1
322 534 1
322 663 1
324 586 1
324 638 1
326 586 1
327 381 2
329 624 1
329 819 1
332 586 1
332 435 4
332 500 5
332 782 3
333 969 1
334 923 1
334 617 1
334 718 1
334 591 1
334 687 1
334 534 1
334 762 1
334 415 2
334 607 5
335 664 3
335 737 3
337 514 1
337 780 4
337 942 1
337 854 4
337 505 3
337 634 1
338 801 1
338 987 3
338 540 1
338 415 3
343 388 1
343 534 2
343 950 2
343 663 2
344 971 3
347 966 1
349 976 1
349 428 4
353 891 4
356 772 1
356 648 3
356 912 4
356 535 1
356 517 3
356 416 2
356 674 1
356 684 1
356 542 2
356 586 2
356 718 1
356 472 12
356 730 13
356 868 1
356 743 2
356 765 10
360 629 2
360 526 1
361 987 3
362 528 1
362 371 1
362 695 2
362 922 1
362 383 1
364 987 3
364 764 2
364 582 1
366 972 1
369 535 1
369 407 3
372 404 3
372 934 1
377 729 1
377 422 1
377 718 2
381 664 2
381 810 1
388 746 1
388 742 3
392 674 2
401 454 3
401 429 3
401 415 7
402 634 1
402 559 1
413 746 3
413 935 2
415 772 1
415 517 1
415 783 1
415 923 1
415 670 3
415 687 1
415 692 3
415 542 2
415 462 2
415 450 3
415 718 1
415 591 1
415 851 3
415 742 2
415 617 1
416 648 2
416 425 3
416 586 1
416 912 3
416 699 2
418 996 3
418 977 5
420 559 2
421 978 4
421 795 1
422 680 1
422 731 6
422 613 1
424 978 2
424 795 1
424 990 1
425 472 1
428 802 4
428 647 3
428 915 11
428 857 2
428 990 4
429 454 2
432 987 3
433 987 3
435 515 1
435 586 5
435 782 2
435 500 2
440 537 2
440 737 3
440 657 1
443 662 3
443 703 1
447 573 2
447 759 1
447 984 1
447 586 1
450 802 1
450 900 3
450 754 1
450 595 2
450 662 3
450 695 1
454 772 1
454 890 3
458 684 1
458 558 1
459 517 3
466 712 1
466 947 1
469 978 5
470 605 1
472 517 1
472 743 1
472 782 12
472 575 1
479 586 1
482 987 4
491 644 4
493 847 1
493 629 3
493 630 3
493 891 1
493 990 1
499 684 1
500 586 1
500 814 4
500 782 2
502 538 2
502 530 3
502 915 5
502 920 3
502 595 3
502 534 3
502 851 3
502 731 3
502 862 9
506 772 1
510 692 1
510 534 2
512 978 4
513 535 1
513 823 1
514 950 2
516 761 3
516 532 29
516 881 1
517 674 2
517 607 1
517 542 1
526 867 2
526 629 2
530 891 11
530 629 13
531 607 3
531 987 3
532 945 1
534 746 1
534 862 4
534 607 1
535 542 1
538 605 2
540 987 4
541 738 1
541 951 5
542 743 1
542 586 1
542 684 1
543 890 1
543 971 1
544 580 1
544 741 1
544 563 1
544 791 1
544 890 2
544 669 1
547 978 2
547 851 1
547 862 1
547 647 1
550 746 1
552 978 4
552 614 1
553 670 5
558 684 2
558 723 1
558 758 1
558 956 3
559 622 2
561 990 1
561 838 1
561 629 3
561 846 3
565 684 3
565 956 2
565 844 1
565 926 1
566 713 1
572 802 1
573 617 1
575 782 5
577 936 2
581 936 4
581 609 2
581 692 2
582 987 3
586 648 3
586 782 1
586 947 1
586 948 1
586 837 1
586 984 2
586 885 4
586 762 6
587 720 1
591 746 3
591 692 2
591 696 1
591 923 3
595 716 2
595 687 1
595 790 2
595 696 5
596 802 2
599 693 1
599 710 2
600 956 1
602 743 4
602 765 2
607 696 1
609 772 1
609 854 3
614 978 5
614 851 2
614 630 4
624 873 4
627 890 2
629 772 1
629 838 1
629 658 2
629 685 8
629 846 4
629 630 2
629 631 2
629 890 1
629 891 15
630 685 2
634 788 1
641 987 4
644 1001 1
644 738 1
644 702 2
644 745 1
646 823 1
647 920 1
648 765 3
650 654 2
654 991 4
657 921 5
659 742 2
660 692 1
661 692 1
662 742 2
663 853 2
665 746 1
669 772 2
672 844 2
680 720 4
680 731 2
684 844 5
684 956 5
685 772 1
686 933 1
687 742 1
692 736 1
692 769 1
692 742 2
692 746 7
692 935 1
692 830 1
693 710 1
697 855 2
697 925 1
698 987 3
700 761 1
700 823 1
700 812 1
700 935 4
707 880 1
711 718 1
716 718 1
716 883 2
718 904 1
718 754 6
718 915 4
718 724 1
718 883 2
719 837 1
720 833 3
724 883 1
724 796 2
730 912 2
738 783 6
738 921 1
738 923 1
742 771 3
742 900 3
742 746 1
746 935 21
746 923 8
748 926 1
761 881 1
764 987 3
765 908 2
765 942 1
769 807 1
774 947 33
780 950 1
789 987 3
790 966 7
790 812 1
795 978 2
809 987 3
817 978 2
817 851 1
833 987 2
840 987 3
844 935 3
844 956 5
849 987 3
851 978 6
851 954 2
854 890 1
857 915 5
862 915 1
868 912 1
872 987 3
873 987 3
881 928 1
883 915 1
885 984 1
890 923 5
891 920 4
910 923 1
912 1003 1
923 987 1
925 955 1
925 987 3
950 1001 1
953 957 1
954 978 3
955 987 3
957 978 2
977 1001 1
977 996 1
978 988 3
987 994 3
