0
1
2
3
4
5
6
7
8
9
10
11
12
13
14
15
16
17
18
19
20
21
22
23
24
25
26
27
28
29
30
31
32
33
34
35
36
37
38
39
40
41
42
43
44
45
46
47
48
49
50
51
52
53
54
55
56
57
58
59
60
61
62
63
64
65
66
67
68
69
70
71
72
73
74
75
76
77
78
79
80
81
82
83
84
85
86
87
88
89
90
91
92
93
94
95
96
97
98
99
100
101
102
103
104
105
106
107
108
109
110
111
112
113
114
115
116
117
118
119
120
121
122
123
124
125
126
127
128
129
130
131
132
133
134
135
136
137
138
139
141
142
143
144
145
146
147
148
149
150
151
152
153
154
155
157
158
159
160
161
162
163
164
165
166
167
168
169
170
171
172
173
174
175
176
177
178
179
180
181
182
183
184
185
186
187
188
189
190
191
192
193
194
195
196
197
198
199
200
201
202
203
204
205
206
207
208
209
210
211
212
213
214
215
216
217
218
219
220
221
222
223
224
225
226
227
228
229
230
231
232
233
235
236
237
238
239
240
241
242
243
244
245
246
247
248
249
250
251
252
253
254
255
256
257
259
260
262
263
264
265
266
267
268
269
270
271
272
273
274
275
276
277
278
279
280
281
282
283
284
285
286
287
288
289
290
291
292
293
294
295
296
297
299
300
301
302
303
304
305
306
307
308
309
310
311
312
313
314
315
316
317
318
319
320
321
322
323
324
325
326
327
328
329
330
331
332
333
334
335
336
337
338
339
340
341
343
344
345
346
347
348
349
350
351
352
353
355
356
357
358
359
360
361
362
364
365
366
367
368
369
370
371
372
373
374
375
376
377
378
379
380
381
382
383
384
385
386
387
388
389
390
391
392
393
394
395
396
397
398
399
400
401
402
403
404
405
406
407
408
409
410
411
412
413
414
415
416
418
419
420
421
422
423
424
425
426
427
428
429
430
431
432
433
434
435
436
437
438
439
440
441
442
443
444
445
446
447
448
449
450
451
452
453
454
455
456
457
458
459
460
461
462
464
465
466
467
468
469
470
471
472
473
474
475
476
477
478
479
480
481
482
483
484
485
486
487
488
489
490
491
492
493
495
496
497
498
499
500
501
502
503
504
505
506
507
508
509
510
511
512
513
514
515
516
517
518
519
520
521
522
523
524
525
526
527
528
530
531
532
533
534
535
536
537
538
539
540
541
542
543
544
545
546
547
548
549
550
551
552
553
554
556
557
558
559
560
561
562
563
564
565
566
567
568
569
570
571
572
573
574
575
576
577
578
579
580
581
582
583
584
585
586
587
588
589
590
591
592
593
594
595
596
597
598
599
600
601
602
603
604
605
606
607
609
610
611
612
613
614
615
616
617
618
619
621
622
623
624
625
626
627
628
629
630
631
632
633
634
635
636
637
638
639
640
641
642
643
644
645
646
647
648
649
650
651
652
653
654
655
656
657
658
659
660
661
662
663
664
665
666
667
668
669
670
671
672
673
674
675
676
677
678
679
680
681
682
683
684
685
686
687
688
689
690
691
692
693
694
695
696
697
698
699
700
701
702
703
704
705
706
707
708
709
710
711
712
713
714
715
716
717
718
719
720
721
722
723
724
725
726
727
728
729
730
731
732
733
734
735
736
737
738
739
740
741
742
743
744
745
746
747
748
749
750
751
752
753
754
756
757
758
759
760
761
762
763
764
765
767
768
769
770
771
772
773
774
775
776
777
778
779
780
781
782
783
784
785
786
787
788
789
790
791
792
793
794
795
796
797
798
799
800
801
802
803
804
805
806
807
808
809
810
811
812
813
814
815
816
817
818
819
820
821
822
823
824
825
826
827
828
829
830
831
832
833
834
835
836
837
838
839
840
841
842
843
844
845
846
847
848
849
850
851
852
853
854
855
856
857
858
859
860
861
862
863
864
865
866
867
868
869
870
871
872
873
874
875
876
877
878
879
880
881
882
883
884
885
886
887
888
889
890
891
892
893
894
895
896
897
898
899
900
901
902
903
904
905
906
907
908
909
910
911
912
913
914
915
916
917
918
919
920
921
922
923
924
925
926
927
928
929
930
931
932
933
934
935
936
937
938
939
940
941
942
943
944
945
946
947
948
949
950
951
952
953
954
955
956
957
958
960
961
962
963
964
965
966
967
968
969
970
971
972
973
974
975
976
977
978
979
980
981
982
983
984
985
986
987
988
989
990
991
992
993
994
995
996
997
998
999
1000
1001
1002
1003
1004
0 6 2
0 409 1
0 538 1
0 295 1
0 693 1
0 189 2
0 705 2
0 502 1
0 710 1
0 716 1
0 333 4
0 78 1
0 976 1
0 470 1
0 599 1
0 605 1
0 862 1
0 991 1
0 228 1
0 118 1
0 249 3
0 767 1
1 399 1
2 416 1
2 586 1
2 332 1
2 782 2
2 638 1
2 700 1
2 126 1
2 447 1
4 304 1
4 848 3
5 696 1
5 553 2
5 118 1
7 810 1
8 696 1
8 731 1
12 527 1
14 738 1
14 327 1
14 506 2
14 924 2
14 381 1
14 702 3
15 680 3
15 633 1
15 731 7
15 422 3
15 943 2
16 696 1
16 120 1
16 754 1
16 541 4
16 783 1
17 200 1
24 647 2
24 493 1
24 530 5
24 629 1
24 502 2
24 280 1
24 91 1
25 48 2
25 684 2
25 844 3
25 918 1
28 540 1
29 532 1
29 118 1
30 356 2
30 138 1
30 765 2
30 912 1
30 52 3
30 790 4
30 868 2
30 730 4
30 602 5
31 200 1
31 165 13
31 990 2
32 61 1
32 898 1
32 197 2
32 214 1
32 791 1
35 978 1
38 939 4
38 309 1
38 534 3
38 474 2
38 91 1
38 638 1
40 450 2
40 662 2
41 704 1
41 73 2
41 723 2
45 66 1
48 458 4
48 684 2
48 558 2
48 499 1
48 216 2
48 956 3
48 319 2
52 912 1
52 868 7
52 356 2
52 126 1
53 193 2
53 290 2
53 662 3
56 482 1
58 818 1
58 909 1
61 833 3
61 674 2
61 388 2
61 502 1
61 742 2
61 392 2
61 416 3
61 450 4
61 718 6
61 591 1
61 472 1
61 851 1
61 692 1
61 534 1
61 696 2
61 356 1
61 915 1
61 189 1
61 517 1
62 500 1
62 646 2
64 139 1
67 963 15
67 165 14
67 207 2
67 561 3
67 920 1
67 344 2
69 950 1
70 90 1
70 334 2
70 534 1
74 256 2
74 194 1
74 294 5
74 133 2
74 166 2
74 648 3
74 332 2
74 586 1
74 76 1
74 168 1
74 885 2
74 984 2
74 313 2
74 266 4
74 447 2
75 696 1
75 633 1
75 178 2
75 629 1
75 334 1
76 1001 1
76 410 3
76 399 1
77 168 4
77 266 1
77 260 6
82 771 3
83 771 1
86 443 10
86 662 9
86 863 1
90 771 2
90 388 1
90 392 2
90 650 3
90 147 2
90 920 1
90 923 6
90 416 2
90 421 1
90 178 3
90 313 1
90 188 1
90 189 2
90 191 1
90 850 1
90 472 1
90 220 2
90 865 1
90 356 2
90 997 1
90 316 1
90 978 1
90 248 2
90 122 1
91 97 2
91 356 1
91 233 1
91 371 1
91 720 1
91 178 1
91 307 2
91 280 1
91 763 1
91 220 2
91 157 1
91 542 1
92 200 1
98 707 3
98 454 4
98 134 2
98 713 5
98 107 3
98 268 3
98 429 5
98 592 4
98 401 3
98 291 1
98 117 4
98 278 1
101 246 4
101 423 2
102 139 1
102 477 1
103 832 1
103 514 1
103 164 1
103 423 6
103 780 1
103 303 1
103 950 1
104 256 3
104 648 2
104 765 3
105 418 10
105 863 1
106 740 5
106 509 1
107 553 4
107 1004 2
107 810 2
107 236 1
107 335 4
107 118 1
107 985 1
107 664 1
107 537 2
107 381 1
111 304 1
111 762 1
111 586 1
112 803 2
112 267 3
112 313 1
113 535 1
114 275 1
118 553 2
118 732 1
119 812 1
119 335 1
120 454 2
120 656 1
120 629 1
120 923 1
120 542 1
122 924 3
125 139 1
125 477 1
126 586 1
127 718 1
132 509 1
133 602 1
134 592 4
134 291 1
134 454 5
135 769 1
135 292 1
135 581 7
135 742 3
135 936 8
135 233 2
135 720 2
135 594 1
135 692 1
135 549 2
136 200 7
136 952 1
136 316 1
137 863 1
139 513 2
139 323 1
139 676 1
139 487 2
139 939 1
139 206 1
139 174 1
139 534 1
139 324 1
139 154 1
139 477 2
139 510 1
141 512 1
141 978 1
141 188 2
141 469 4
141 789 1
142 200 1
143 144 1
143 696 2
143 872 2
147 577 1
147 355 1
147 933 1
147 230 1
147 171 1
147 972 1
147 686 4
147 752 1
147 277 1
147 347 1
147 590 1
147 285 1
147 926 1
149 849 1
149 716 3
151 700 3
152 863 1
153 1001 1
153 410 2
153 996 1
153 418 1
153 977 3
154 477 1
157 577 2
157 776 1
157 586 3
157 718 5
157 530 1
157 686 1
157 671 1
159 866 1
159 502 1
159 940 2
159 290 1
159 718 1
159 687 1
159 692 1
159 334 5
159 214 3
159 343 1
159 696 2
159 923 1
159 316 2
160 838 1
160 200 5
160 428 1
160 561 9
160 530 1
160 629 3
160 280 1
161 863 1
164 638 1
165 200 2
165 267 1
165 401 12
165 344 2
165 316 10
166 416 1
166 586 2
166 356 1
167 978 2
167 851 2
167 630 2
168 416 2
168 260 10
168 586 6
168 782 2
168 912 7
168 984 1
168 949 4
168 313 1
168 472 1
168 356 4
168 447 1
168 885 1
169 372 1
170 697 3
170 855 1
174 477 1
175 849 5
175 275 3
175 553 1
175 423 1
178 388 7
178 231 1
178 976 1
178 693 1
178 502 9
178 250 1
178 605 2
178 607 1
181 249 3
181 724 1
181 189 2
181 537 2
184 779 1
184 710 1
184 423 1
184 393 1
184 843 1
184 607 1
186 256 1
186 648 1
186 267 1
186 517 2
187 272 3
187 450 1
187 700 1
188 978 2
188 493 4
188 530 1
188 851 1
188 502 5
188 988 1
189 388 1
189 428 3
189 236 1
189 718 2
189 530 1
189 502 5
189 410 6
191 334 1
192 381 1
193 546 1
193 255 1
193 311 1
194 769 2
194 229 2
194 901 2
194 306 1
194 863 3
195 595 1
196 629 1
197 890 1
199 738 1
199 924 1
199 541 1
200 647 1
200 530 7
200 915 6
200 543 1
200 428 12
200 302 1
200 952 7
200 316 2
200 971 1
200 595 1
200 344 1
200 857 11
200 990 1
200 883 7
200 629 4
203 863 1
206 477 1
206 509 1
207 978 1
208 977 1
208 783 1
209 356 2
213 863 1
214 290 1
214 617 1
214 746 1
214 940 1
214 558 1
214 912 1
214 662 1
216 321 3
216 956 1
223 879 2
226 696 1
229 334 2
229 863 1
231 738 2
231 840 3
231 338 1
231 245 1
231 921 1
231 698 2
231 540 4
232 912 1
232 332 5
233 245 1
233 863 1
235 923 2
236 977 3
236 743 1
236 537 1
239 720 3
239 522 1
241 302 1
245 764 1
245 581 1
245 840 2
245 329 1
245 951 1
245 338 3
245 698 2
245 540 1
245 830 1
246 423 5
248 506 2
250 369 2
250 886 1
256 416 7
256 356 1
256 517 2
256 294 3
256 648 1
256 313 5
260 416 1
260 912 5
260 266 1
264 540 4
266 912 2
267 803 2
267 586 2
267 854 2
267 517 4
268 291 1
270 738 1
273 306 3
274 493 2
275 849 4
275 718 1
277 355 2
277 935 2
278 566 1
280 288 1
280 547 2
280 846 1
280 630 1
280 360 1
280 891 1
280 658 1
280 685 1
280 526 1
280 493 1
280 561 2
280 530 1
280 629 5
280 502 3
280 631 1
281 334 1
281 718 1
283 1004 1
284 731 4
284 422 2
288 629 6
288 630 3
288 493 3
290 542 1
291 454 2
291 429 2
291 401 3
292 769 1
293 587 1
293 724 1
294 416 5
294 868 1
294 586 3
294 313 1
299 388 1
299 509 5
301 978 2
304 456 2
306 742 5
306 784 3
306 659 3
306 374 2
306 696 1
306 863 3
307 863 1
310 586 2
311 955 1
311 697 1
313 416 3
313 356 4
313 472 2
315 863 1
316 428 9
316 915 2
317 863 1
318 684 1
318 809 1
318 499 1
318 332 1
319 1002 1
319 347 1
319 956 1
321 458 1
321 684 2
322 337 2
322 591 1
322 477 1
322 343 2
324 477 1
324 638 1
324 607 2
327 381 4
332 416 3
332 586 10
332 435 3
332 500 3
332 759 1
332 447 6
333 696 1
333 605 3
333 767 3
334 416 1
334 388 1
334 586 3
334 718 4
334 687 9
334 534 7
334 692 4
334 789 1
334 502 3
334 696 7
334 607 1
334 746 3
335 464 1
337 505 2
337 695 2
338 624 1
338 540 3
343 663 4
343 853 1
343 399 1
349 428 1
353 373 1
356 743 2
356 776 1
356 586 3
356 718 2
356 912 4
356 530 1
356 648 1
356 472 4
356 730 3
356 765 2
356 671 1
360 629 1
362 423 1
362 759 1
362 428 1
362 695 2
362 954 1
362 795 1
362 383 1
371 441 1
372 595 3
372 404 2
379 568 2
380 440 1
383 720 5
383 887 2
383 909 1
383 589 2
388 534 1
388 742 3
388 718 5
388 591 1
388 851 1
388 502 4
388 638 2
392 674 2
400 863 1
401 454 10
401 429 10
401 415 5
407 843 1
410 716 1
410 595 1
413 746 2
413 415 1
413 935 5
415 429 6
416 609 1
416 586 7
416 782 2
416 912 1
416 500 1
416 629 1
416 885 1
418 977 2
418 996 9
421 424 3
421 978 1
422 731 4
422 527 1
423 832 5
423 710 2
423 977 4
424 978 1
424 547 1
424 990 1
427 955 2
428 530 1
428 915 8
428 629 1
428 952 2
428 857 8
428 883 2
429 454 11
433 738 4
433 987 5
433 540 2
435 500 5
435 586 6
435 782 1
438 818 1
440 737 6
440 537 6
443 502 1
443 662 15
443 863 1
444 823 1
444 542 1
444 535 1
447 586 45
450 776 1
450 586 2
450 530 1
450 695 5
450 671 1
453 951 1
454 772 2
454 1003 1
454 592 7
458 956 1
458 684 2
465 812 1
466 947 1
466 695 1
469 512 4
469 978 1
470 789 6
472 782 1
472 912 1
477 939 1
477 524 1
477 534 1
477 510 1
478 517 1
479 681 1
482 531 2
483 887 1
490 687 1
491 977 1
493 530 9
493 629 3
493 630 4
497 977 4
499 609 1
499 844 1
499 684 1
499 565 1
500 586 1
500 814 2
500 782 3
500 890 1
502 742 4
502 696 1
502 718 3
502 591 1
502 915 1
502 862 3
502 693 6
506 738 1
506 516 1
506 761 1
506 924 3
509 832 1
509 788 1
509 634 1
509 893 1
509 638 1
510 514 1
510 622 2
512 978 1
512 530 8
514 977 3
517 674 1
517 776 1
517 586 4
517 648 1
517 530 1
517 671 1
523 863 1
526 696 1
526 629 1
530 776 2
530 915 1
530 542 1
530 671 2
530 684 1
530 586 3
530 595 1
530 742 1
530 629 23
530 630 8
530 891 3
531 796 1
534 879 1
534 696 2
535 586 1
537 737 1
538 547 1
540 641 1
540 994 3
540 987 4
540 840 3
540 873 2
540 789 1
540 855 2
540 697 3
540 698 2
540 955 5
541 921 1
541 923 3
541 979 1
542 646 2
542 776 1
542 586 3
542 546 1
542 671 1
546 704 2
546 900 3
546 550 2
546 662 3
547 978 1
550 923 3
550 900 1
550 742 1
552 817 1
552 978 1
552 951 2
558 684 1
558 956 1
558 758 1
561 629 2
565 704 1
565 684 1
568 771 1
568 660 1
572 801 1
572 731 1
573 586 1
576 738 1
577 715 1
581 936 2
581 720 1
581 594 1
581 855 2
582 832 1
584 731 4
586 776 3
586 684 3
586 912 3
586 915 2
586 671 3
586 812 2
586 687 3
586 825 1
586 718 1
586 854 6
586 984 1
586 742 2
586 885 2
586 759 1
586 762 1
586 765 1
587 720 2
591 742 1
591 718 1
591 696 7
592 609 1
592 713 3
592 927 1
595 883 1
595 951 1
599 710 1
599 767 1
602 743 11
605 789 2
606 863 1
607 696 5
609 923 2
614 978 1
616 863 1
617 775 1
617 951 1
626 863 1
629 685 1
629 658 1
629 846 1
629 978 4
629 630 1
629 631 1
629 891 1
630 954 2
634 788 1
638 939 1
638 700 1
643 685 2
644 702 2
654 738 1
656 920 2
659 742 2
659 863 1
660 863 1
663 696 1
663 879 1
663 950 2
664 810 1
670 828 1
671 684 1
671 915 1
671 692 1
672 844 8
673 863 1
674 803 2
679 731 1
680 720 1
680 707 2
680 731 1
684 776 1
684 844 2
685 1001 3
685 724 1
687 912 1
687 696 2
692 863 1
692 746 2
692 696 2
693 791 2
696 775 1
696 904 1
696 797 1
696 944 1
696 703 1
696 716 1
696 724 1
696 994 1
696 742 1
697 925 2
697 855 4
698 764 2
698 840 2
698 873 2
698 925 2
700 935 1
700 812 3
702 1001 1
703 863 1
704 743 1
707 880 1
710 832 5
711 843 1
711 951 1
716 718 1
716 724 3
718 904 1
718 783 1
718 851 3
718 724 1
718 866 1
718 742 1
718 754 2
718 980 2
719 738 1
719 828 2
724 843 1
724 951 2
730 912 1
730 868 4
730 790 7
736 863 1
737 849 2
738 945 1
738 783 1
738 921 2
738 923 3
742 771 8
742 900 2
742 915 1
742 923 3
742 863 9
746 832 2
746 935 13
754 843 1
758 844 1
758 956 4
761 850 1
769 771 4
769 863 1
771 993 1
771 901 4
771 784 1
771 863 2
772 923 1
773 955 1
774 947 36
774 863 1
776 915 1
779 843 1
782 912 4
783 837 3
783 850 1
783 923 1
784 863 2
790 812 1
795 978 1
798 863 1
807 863 1
817 978 1
830 863 1
832 936 2
835 863 1
837 924 1
843 883 1
844 918 2
844 935 2
844 956 2
851 978 2
863 900 2
863 901 1
863 993 1
863 1002 1
880 923 2
883 952 1
910 923 1
912 949 3
921 923 7
926 931 1
928 1004 2
950 977 5
951 979 1
954 978 1
955 987 1
957 978 1
977 996 2
977 1001 8
977 1004 3
978 988 4
