0
1
2
3
4
5
6
7
8
9
10
11
12
13
14
15
16
17
18
19
20
21
22
23
24
25
26
27
28
29
30
31
32
33
34
35
36
37
38
39
40
41
42
43
44
45
46
47
48
49
50
51
52
53
54
55
56
57
58
59
60
61
62
63
64
65
66
67
68
69
70
71
72
73
74
75
76
77
78
79
80
81
82
83
84
85
86
87
88
89
90
91
92
93
94
95
96
97
98
99
100
101
102
103
104
105
106
107
108
109
110
111
112
113
114
115
116
117
118
119
120
121
122
123
124
125
126
127
128
129
130
131
132
133
134
135
136
137
138
139
141
142
143
144
145
146
147
148
149
150
151
152
153
154
155
157
158
159
160
161
162
163
164
165
166
167
168
169
170
171
172
173
174
175
176
177
178
179
180
181
182
183
184
185
186
187
188
189
190
191
192
193
194
195
196
197
198
199
200
201
202
203
204
205
206
207
208
209
210
211
212
213
214
215
216
217
218
219
220
221
222
223
224
225
226
227
228
229
230
231
232
233
235
236
237
238
239
240
241
242
243
244
245
246
247
248
249
250
251
252
253
254
255
256
257
259
260
262
263
264
265
266
267
268
269
270
271
272
273
274
275
276
277
278
279
280
281
282
283
284
285
286
287
288
289
290
291
292
293
294
295
296
297
299
300
301
302
303
304
305
306
307
308
309
310
311
312
313
314
315
316
317
318
319
320
321
322
323
324
325
326
327
328
329
330
331
332
333
334
335
336
337
338
339
340
341
343
344
345
346
347
348
349
350
351
352
353
355
356
357
358
359
360
361
362
364
365
366
367
368
369
370
371
372
373
374
375
376
377
378
379
380
381
382
383
384
385
386
387
388
389
390
391
392
393
394
395
396
397
398
399
400
401
402
403
404
405
406
407
408
409
410
411
412
413
414
415
416
418
419
420
421
422
423
424
425
426
427
428
429
430
431
432
433
434
435
436
437
438
439
440
441
442
443
444
445
446
447
448
449
450
451
452
453
454
455
456
457
458
459
460
461
462
464
465
466
467
468
469
470
471
472
473
474
475
476
477
478
479
480
481
482
483
484
485
486
487
488
489
490
491
492
493
495
496
497
498
499
500
501
502
503
504
505
506
507
508
509
510
511
512
513
514
515
516
517
518
519
520
521
522
523
524
525
526
527
528
530
531
532
533
534
535
536
537
538
539
540
541
542
543
544
545
546
547
548
549
550
551
552
553
554
556
557
558
559
560
561
562
563
564
565
566
567
568
569
570
571
572
573
574
575
576
577
578
579
580
581
582
583
584
585
586
587
588
589
590
591
592
593
594
595
596
597
598
599
600
601
602
603
604
605
606
607
609
610
611
612
613
614
615
616
617
618
619
621
622
623
624
625
626
627
628
629
630
631
632
633
634
635
636
637
638
639
640
641
642
643
644
645
646
647
648
649
650
651
652
653
654
655
656
657
658
659
660
661
662
663
664
665
666
667
668
669
670
671
672
673
674
675
676
677
678
679
680
681
682
683
684
685
686
687
688
689
690
691
692
693
694
695
696
697
698
699
700
701
702
703
704
705
706
707
708
709
710
711
712
713
714
715
716
717
718
719
720
721
722
723
724
725
726
727
728
729
730
731
732
733
734
735
736
737
738
739
740
741
742
743
744
745
746
747
748
749
750
751
752
753
754
756
757
758
759
760
761
762
763
764
765
767
768
769
770
771
772
773
774
775
776
777
778
779
780
781
782
783
784
785
786
787
788
789
790
791
792
793
794
795
796
797
798
799
800
801
802
803
804
805
806
807
808
809
810
811
812
813
814
815
816
817
818
819
820
821
822
823
824
825
826
827
828
829
830
831
832
833
834
835
836
837
838
839
840
841
842
843
844
845
846
847
848
849
850
851
852
853
854
855
856
857
858
859
860
861
862
863
864
865
866
867
868
869
870
871
872
873
874
875
876
877
878
879
880
881
882
883
884
885
886
887
888
889
890
891
892
893
894
895
896
897
898
899
900
901
902
903
904
905
906
907
908
909
910
911
912
913
914
915
916
917
918
919
920
921
922
923
924
925
926
927
928
929
930
931
932
933
934
935
936
937
938
939
940
941
942
943
944
945
946
947
948
949
950
951
952
953
954
955
956
957
958
960
961
962
963
964
965
966
967
968
969
970
971
972
973
974
975
976
977
978
979
980
981
982
983
984
985
986
987
988
989
990
991
992
993
994
995
996
997
998
999
1000
1001
1002
1003
1004
0 178 3
0 732 1
0 365 1
0 6 1
0 189 2
1 337 1
2 872 1
2 854 1
2 700 1
2 61 2
2 782 4
4 771 1
4 135 8
5 553 2
5 228 1
5 236 2
5 118 1
5 670 1
6 120 1
6 178 3
6 716 1
6 189 1
7 810 1
11 633 1
12 527 2
13 532 1
13 743 2
14 506 1
14 644 1
14 199 1
14 796 2
14 365 2
14 173 1
14 724 6
14 1001 1
14 666 2
14 924 3
14 410 1
14 702 1
15 680 11
15 731 4
15 422 6
15 943 1
16 832 2
16 423 1
16 120 1
16 184 1
16 410 2
16 541 3
17 316 1
19 333 1
24 530 3
24 629 7
24 280 2
24 891 15
24 540 1
24 189 6
25 704 1
25 48 1
28 987 4
28 540 1
30 256 1
30 356 3
30 912 1
30 790 1
30 472 1
30 765 2
31 200 1
31 316 3
31 165 6
31 990 2
31 189 1
32 197 1
32 534 1
32 977 1
32 214 4
32 791 2
32 280 1
32 61 1
35 978 1
35 188 1
37 232 3
37 313 1
38 939 1
40 802 1
40 187 1
40 900 3
40 742 1
40 198 2
40 450 3
40 568 2
40 196 2
40 90 2
40 987 1
40 415 1
41 48 1
41 723 1
45 66 1
46 622 1
48 321 6
48 458 2
48 558 1
48 499 2
48 216 1
48 956 1
48 319 1
50 402 1
50 559 1
52 472 1
52 586 1
52 356 1
53 633 1
53 629 2
53 454 1
53 193 2
56 410 1
56 987 4
61 450 2
61 356 3
61 534 1
61 742 1
61 243 1
61 718 4
61 591 2
61 851 1
61 502 1
61 472 2
61 915 2
61 189 1
61 517 2
62 542 2
62 571 4
62 485 6
62 646 3
62 823 3
65 987 1
67 344 1
67 561 2
67 963 4
67 165 3
67 207 2
68 120 1
68 987 4
69 399 1
69 950 2
69 879 1
70 633 1
70 343 1
73 499 1
73 679 1
74 256 5
74 133 4
74 294 7
74 648 4
74 332 5
74 266 7
74 76 3
74 765 1
74 885 5
74 984 4
74 313 4
74 166 1
74 586 5
74 447 6
75 700 1
75 334 1
75 178 1
75 248 3
75 987 1
75 220 5
76 1001 3
76 399 3
77 356 2
77 575 1
78 178 3
82 771 1
82 135 2
83 697 1
83 771 1
86 443 13
90 771 1
90 997 1
90 454 1
90 493 4
90 712 1
90 178 1
90 947 1
90 629 1
90 214 1
90 187 2
90 220 1
90 733 1
90 414 1
91 660 1
95 987 4
98 291 1
98 134 1
98 454 2
98 429 1
98 592 1
98 401 3
101 184 1
101 377 1
101 866 3
101 246 1
101 423 1
102 323 2
103 164 1
103 423 4
104 648 5
104 313 2
104 356 1
104 765 4
105 233 1
107 464 1
107 120 1
107 987 1
107 980 2
107 236 1
111 586 3
111 602 2
111 885 1
112 472 3
112 392 11
112 674 4
112 356 3
113 823 2
117 454 1
118 502 3
118 732 2
118 862 2
120 530 1
120 147 1
120 196 1
120 923 1
120 542 1
120 927 1
120 293 1
120 807 1
120 178 1
120 414 1
120 189 1
120 190 1
120 454 2
120 203 1
120 716 1
120 590 1
120 335 1
120 724 1
120 987 1
120 865 1
120 997 1
120 883 1
120 629 1
120 630 1
120 656 1
120 127 1
122 200 1
122 410 1
124 823 2
125 622 3
126 790 1
127 883 2
127 987 1
127 189 4
127 934 1
133 256 1
133 759 1
134 592 2
134 291 2
134 923 1
134 454 3
135 292 2
135 581 15
135 870 2
135 549 2
135 942 8
135 720 7
135 371 2
135 628 4
135 692 1
135 923 2
135 703 4
136 200 7
136 857 1
136 316 4
136 838 1
137 771 1
141 978 1
143 696 1
143 410 2
147 987 1
147 196 1
147 157 1
147 926 2
149 423 1
150 415 1
151 253 2
153 769 1
153 482 1
153 891 3
153 996 1
153 418 1
153 977 1
153 410 1
153 411 1
157 743 1
157 933 4
157 926 4
157 277 1
159 290 2
159 356 2
159 454 1
159 776 1
159 239 1
159 214 3
159 765 1
160 571 5
160 629 2
161 571 1
164 950 1
165 424 2
165 401 4
165 344 1
165 316 8
166 356 3
166 743 2
166 586 3
166 883 1
166 602 2
167 978 1
168 416 1
168 260 2
168 966 1
168 586 1
168 912 2
168 984 1
168 949 1
168 439 1
168 472 3
171 926 1
173 924 3
173 541 1
175 849 2
175 410 1
175 670 1
175 423 1
178 519 1
178 409 3
178 538 4
178 295 2
178 990 1
178 693 3
178 569 3
178 710 3
178 333 4
178 976 3
178 339 3
178 334 2
178 470 3
178 599 3
178 605 3
178 862 3
178 991 2
178 228 3
178 502 4
178 249 3
178 767 4
181 537 2
181 190 5
184 225 1
184 907 1
184 423 2
184 710 1
184 711 1
184 779 1
184 599 1
184 843 2
184 754 1
184 883 1
184 246 1
184 407 1
185 617 1
187 568 1
188 280 1
188 920 1
188 978 2
188 502 1
189 731 7
189 316 1
189 365 1
189 530 1
189 595 5
189 502 2
189 410 4
189 883 3
189 796 1
190 353 5
190 1003 1
190 656 5
190 274 5
190 373 5
190 920 1
190 987 1
191 629 2
191 415 1
192 381 4
193 633 1
193 850 4
193 612 2
193 454 1
194 901 1
194 769 3
194 399 1
194 229 3
194 863 3
196 291 1
196 454 2
196 429 1
196 850 2
197 546 1
197 923 3
199 924 1
199 923 1
199 996 1
199 1001 2
200 629 3
200 952 3
200 316 7
207 978 1
207 469 2
207 990 1
208 783 1
209 356 2
209 765 1
213 374 2
214 290 3
214 356 1
214 742 1
214 454 1
214 935 1
214 776 1
214 746 1
214 278 1
214 687 1
214 464 3
214 712 1
214 534 3
214 472 2
214 923 1
214 765 1
216 558 1
220 987 5
223 853 3
223 879 1
228 605 2
229 660 1
230 926 1
231 448 2
231 738 2
231 987 5
231 624 2
231 245 1
231 921 1
231 698 1
231 923 1
231 540 1
232 256 1
232 966 2
232 782 1
232 472 5
232 313 3
235 923 1
235 454 1
236 537 1
239 713 1
239 454 1
245 840 1
245 364 1
245 624 1
245 338 1
245 698 1
245 987 4
246 710 1
246 423 2
249 670 1
250 886 3
250 823 2
251 410 1
251 987 4
253 290 2
253 566 2
253 607 1
256 356 7
256 294 1
256 332 1
256 648 1
256 885 1
256 984 1
256 313 1
256 266 1
256 765 1
256 447 1
257 401 1
257 454 1
257 833 1
260 790 1
263 369 1
264 454 5
266 699 1
267 586 11
267 443 1
267 517 2
267 662 1
268 291 1
268 454 1
270 923 1
273 306 2
274 630 3
275 849 2
275 327 1
277 571 3
277 723 1
277 926 1
280 547 1
280 388 2
280 647 1
280 360 1
280 915 1
280 526 1
280 920 3
280 530 1
280 851 1
280 334 2
280 561 1
280 502 1
280 631 1
280 629 6
281 905 1
285 571 3
285 308 1
285 926 1
288 629 2
291 454 3
291 713 1
291 429 1
291 401 4
293 547 3
293 862 2
294 762 1
294 586 8
294 885 4
301 978 1
302 316 3
306 771 3
306 356 1
306 742 1
306 334 3
306 659 2
306 374 2
307 454 1
311 697 2
311 987 4
311 540 1
311 955 2
313 356 1
313 472 1
316 344 1
316 454 1
316 971 3
316 428 1
316 915 1
316 718 1
316 952 3
316 953 3
316 543 3
316 990 3
317 374 4
318 499 2
318 684 2
319 956 1
321 499 1
322 879 1
322 343 8
324 609 1
324 638 3
329 624 1
329 427 1
329 540 2
329 510 1
332 782 2
332 435 1
332 586 1
332 575 1
333 767 2
334 987 1
334 356 4
334 502 3
334 742 3
334 775 3
334 776 1
334 530 1
334 920 2
334 687 3
334 851 2
334 629 3
334 534 3
334 696 8
334 923 2
334 915 2
334 607 5
335 528 1
335 810 4
335 867 1
335 532 3
337 505 2
338 624 1
338 987 4
338 540 2
343 950 1
347 926 1
349 976 1
349 424 1
353 891 1
356 517 1
356 775 1
356 912 2
356 534 1
356 416 3
356 687 1
356 696 1
356 586 4
356 472 11
356 730 8
356 607 1
356 742 1
356 743 2
356 502 1
356 765 6
360 629 3
361 987 4
364 506 1
364 987 4
364 764 1
364 502 1
365 716 1
368 399 1
368 879 1
369 535 1
369 823 3
374 659 1
377 866 3
377 422 3
377 530 2
377 883 1
377 729 1
379 568 1
381 666 2
381 532 2
381 810 4
388 534 1
388 863 1
394 571 5
394 823 2
398 712 1
399 977 8
401 454 10
401 429 14
401 415 4
402 950 3
407 843 2
410 482 1
410 837 1
410 1001 1
410 650 1
410 777 1
410 994 1
410 719 1
410 433 1
410 924 1
410 969 1
410 541 1
413 752 1
413 746 1
413 935 4
415 416 7
415 850 2
415 987 2
415 927 1
416 586 1
416 648 1
416 439 1
416 472 2
416 633 1
416 765 1
416 868 3
418 996 7
418 977 3
421 424 5
421 978 1
422 696 1
422 731 2
422 613 1
423 832 1
423 866 1
423 710 1
423 969 1
423 650 1
423 779 1
423 630 2
423 849 1
423 724 1
423 977 1
424 978 2
424 891 1
424 990 3
427 955 3
429 454 5
432 987 4
433 987 5
435 500 1
439 912 4
443 742 1
443 662 11
444 535 2
444 823 2
447 586 2
450 746 2
450 695 3
450 920 4
450 571 2
454 1003 1
454 772 2
454 951 1
454 713 1
454 592 2
454 609 1
454 633 1
454 890 1
458 558 1
469 978 2
471 752 1
472 912 3
472 765 2
482 531 2
482 987 4
485 646 1
485 823 2
488 568 1
493 530 3
493 629 2
493 630 1
495 568 1
499 704 1
499 679 1
499 844 1
499 684 4
499 558 1
499 565 1
499 918 1
499 987 1
500 782 1
500 575 1
502 710 1
502 585 1
502 909 2
502 528 7
502 731 2
502 572 2
502 862 2
506 996 1
506 923 1
506 924 2
506 670 1
509 638 1
510 514 2
510 534 1
512 978 1
513 823 2
515 987 1
517 586 1
526 629 2
527 870 1
528 909 1
530 571 7
530 629 15
530 630 6
530 891 2
531 987 4
531 692 1
532 702 2
532 541 1
534 879 2
534 571 1
534 862 3
535 823 2
540 641 2
540 994 1
540 955 3
540 773 1
540 698 1
540 987 5
540 543 1
541 738 3
541 1001 2
541 923 1
541 924 1
542 571 1
542 743 2
542 823 2
547 978 2
550 629 1
550 743 1
551 823 2
552 817 2
552 858 1
552 978 1
552 951 4
556 823 2
558 684 2
558 565 2
558 956 1
559 622 1
561 629 5
569 987 1
571 900 7
571 742 5
571 870 3
571 935 2
571 776 4
571 684 2
571 663 3
571 731 1
571 885 2
572 858 1
572 596 1
573 586 1
576 923 1
577 936 1
581 936 1
581 942 1
582 840 2
582 987 4
586 609 1
586 782 2
586 687 1
586 885 1
586 984 5
586 762 1
586 923 2
586 765 2
587 720 2
590 926 1
591 746 2
592 923 1
592 927 2
595 883 4
595 716 1
595 934 2
599 605 3
602 743 3
605 789 4
607 696 4
607 700 2
609 923 2
612 987 1
614 978 1
617 776 1
622 676 3
624 692 1
624 764 3
629 658 2
629 685 2
629 846 2
629 987 1
629 630 5
629 631 2
629 891 6
630 685 1
630 656 3
630 978 2
633 923 1
637 699 1
638 700 1
638 790 1
638 879 2
641 987 4
644 1001 2
644 738 1
644 924 3
646 823 3
648 765 1
650 738 1
650 1001 2
650 682 1
650 783 1
654 738 1
656 920 1
659 790 1
662 996 1
663 950 1
665 746 1
666 761 2
672 844 1
680 720 4
680 731 1
682 924 1
684 743 7
684 844 7
684 956 3
685 1001 1
685 724 2
686 926 2
692 769 1
692 775 3
692 746 7
692 935 1
692 830 3
696 775 1
697 771 2
697 855 3
697 925 3
698 764 1
698 840 1
698 873 1
698 987 4
698 925 1
702 1001 4
702 924 1
704 743 1
711 843 2
715 926 1
716 883 1
720 936 5
720 987 1
722 823 2
723 758 1
724 1001 2
724 883 4
729 866 2
730 790 12
737 849 2
738 783 1
738 921 1
738 923 2
742 771 5
742 746 1
742 900 2
742 863 1
743 746 3
745 1001 2
746 900 2
746 935 12
746 844 1
748 926 1
749 987 1
758 956 1
758 918 1
759 762 1
761 881 1
764 987 4
765 908 2
765 868 2
769 951 1
771 900 3
771 901 1
772 923 1
773 955 2
774 947 36
779 843 1
782 984 1
783 923 1
784 863 1
789 987 4
790 868 5
795 978 1
796 977 1
808 898 1
809 987 5
815 1004 2
817 978 1
821 823 2
823 854 2
823 927 2
828 1001 4
837 1001 2
837 850 1
840 987 4
843 883 1
844 918 1
849 987 4
850 987 1
851 978 1
854 927 2
863 993 1
863 900 1
872 987 4
873 987 4
873 955 1
890 923 1
912 949 1
921 923 1
924 996 1
924 1001 5
925 987 4
925 955 2
926 931 1
926 933 1
926 972 1
927 987 1
933 966 2
940 987 1
948 987 1
953 957 2
954 978 1
955 987 8
957 978 1
977 1001 4
977 1004 1
978 987 1
978 988 1
979 1001 2
987 994 4
987 997 1
996 1001 2
