0
1
2
3
4
5
6
7
8
9
10
11
12
13
14
15
16
17
18
19
20
21
22
23
24
25
26
27
28
29
30
31
32
33
34
35
36
37
38
39
40
41
42
43
44
45
46
47
48
49
50
51
52
53
54
55
56
57
58
59
60
61
62
63
64
65
66
67
68
69
70
71
72
73
74
75
76
77
78
79
80
81
82
83
84
85
86
87
88
89
90
91
92
93
94
95
96
97
98
99
100
101
102
103
104
105
106
107
108
109
110
111
112
113
114
115
116
117
118
119
120
121
122
123
124
125
126
127
128
129
130
131
132
133
134
135
136
137
138
139
141
142
143
144
145
146
147
148
149
150
151
152
153
154
155
157
158
159
160
161
162
163
164
165
166
167
168
169
170
171
172
173
174
175
176
177
178
179
180
181
182
183
184
185
186
187
188
189
190
191
192
193
194
195
196
197
198
199
200
201
202
203
204
205
206
207
208
209
210
211
212
213
214
215
216
217
218
219
220
221
222
223
224
225
226
227
228
229
230
231
232
233
235
236
237
238
239
240
241
242
243
244
245
246
247
248
249
250
251
252
253
254
255
256
257
259
260
262
263
264
265
266
267
268
269
270
271
272
273
274
275
276
277
278
279
280
281
282
283
284
285
286
287
288
289
290
291
292
293
294
295
296
297
299
300
301
302
303
304
305
306
307
308
309
310
311
312
313
314
315
316
317
318
319
320
321
322
323
324
325
326
327
328
329
330
331
332
333
334
335
336
337
338
339
340
341
343
344
345
346
347
348
349
350
351
352
353
355
356
357
358
359
360
361
362
364
365
366
367
368
369
370
371
372
373
374
375
376
377
378
379
380
381
382
383
384
385
386
387
388
389
390
391
392
393
394
395
396
397
398
399
400
401
402
403
404
405
406
407
408
409
410
411
412
413
414
415
416
418
419
420
421
422
423
424
425
426
427
428
429
430
431
432
433
434
435
436
437
438
439
440
441
442
443
444
445
446
447
448
449
450
451
452
453
454
455
456
457
458
459
460
461
462
464
465
466
467
468
469
470
471
472
473
474
475
476
477
478
479
480
481
482
483
484
485
486
487
488
489
490
491
492
493
495
496
497
498
499
500
501
502
503
504
505
506
507
508
509
510
511
512
513
514
515
516
517
518
519
520
521
522
523
524
525
526
527
528
530
531
532
533
534
535
536
537
538
539
540
541
542
543
544
545
546
547
548
549
550
551
552
553
554
556
557
558
559
560
561
562
563
564
565
566
567
568
569
570
571
572
573
574
575
576
577
578
579
580
581
582
583
584
585
586
587
588
589
590
591
592
593
594
595
596
597
598
599
600
601
602
603
604
605
606
607
609
610
611
612
613
614
615
616
617
618
619
621
622
623
624
625
626
627
628
629
630
631
632
633
634
635
636
637
638
639
640
641
642
643
644
645
646
647
648
649
650
651
652
653
654
655
656
657
658
659
660
661
662
663
664
665
666
667
668
669
670
671
672
673
674
675
676
677
678
679
680
681
682
683
684
685
686
687
688
689
690
691
692
693
694
695
696
697
698
699
700
701
702
703
704
705
706
707
708
709
710
711
712
713
714
715
716
717
718
719
720
721
722
723
724
725
726
727
728
729
730
731
732
733
734
735
736
737
738
739
740
741
742
743
744
745
746
747
748
749
750
751
752
753
754
756
757
758
759
760
761
762
763
764
765
767
768
769
770
771
772
773
774
775
776
777
778
779
780
781
782
783
784
785
786
787
788
789
790
791
792
793
794
795
796
797
798
799
800
801
802
803
804
805
806
807
808
809
810
811
812
813
814
815
816
817
818
819
820
821
822
823
824
825
826
827
828
829
830
831
832
833
834
835
836
837
838
839
840
841
842
843
844
845
846
847
848
849
850
851
852
853
854
855
856
857
858
859
860
861
862
863
864
865
866
867
868
869
870
871
872
873
874
875
876
877
878
879
880
881
882
883
884
885
886
887
888
889
890
891
892
893
894
895
896
897
898
899
900
901
902
903
904
905
906
907
908
909
910
911
912
913
914
915
916
917
918
919
920
921
922
923
924
925
926
927
928
929
930
931
932
933
934
935
936
937
938
939
940
941
942
943
944
945
946
947
948
949
950
951
952
953
954
955
956
957
958
960
961
962
963
964
965
966
967
968
969
970
971
972
973
974
975
976
977
978
979
980
981
982
983
984
985
986
987
988
989
990
991
992
993
994
995
996
997
998
999
1000
1001
1002
1003
1004
0 178 2
0 333 1
0 6 1
1 310 2
2 866 1
2 231 5
2 680 1
2 465 2
2 693 3
2 790 2
2 700 1
4 371 1
5 383 2
5 553 1
5 107 2
5 175 2
6 178 2
6 333 1
6 189 1
14 644 4
14 199 1
14 1001 5
14 173 3
14 850 2
14 724 1
14 506 2
14 924 4
14 702 2
15 422 1
16 718 5
16 423 1
17 316 3
19 333 1
24 160 1
24 391 1
24 360 1
24 658 1
24 685 1
24 846 1
24 493 3
24 561 1
24 530 3
24 629 7
24 630 1
24 280 4
24 891 5
25 684 1
27 147 1
28 987 3
30 104 3
30 313 1
30 912 1
30 517 1
31 165 6
31 428 1
31 915 2
31 190 1
31 90 1
31 316 5
31 990 4
32 891 1
32 718 3
32 337 1
32 693 4
32 280 2
32 249 1
32 731 1
32 862 1
35 280 2
35 469 1
38 832 1
38 522 2
40 450 14
40 712 1
40 214 1
40 187 1
40 572 3
40 61 2
41 723 2
46 310 2
48 956 8
48 684 1
48 73 1
50 559 2
52 168 5
52 232 3
53 193 3
53 612 1
53 120 1
53 633 1
53 923 4
53 61 1
56 120 1
56 482 1
56 987 3
58 586 1
58 891 2
61 193 1
61 450 4
61 356 6
61 517 3
61 428 3
61 718 7
61 591 1
61 851 2
61 502 1
61 472 1
61 607 2
61 189 1
61 991 4
62 356 2
62 646 2
62 168 1
62 912 1
62 472 2
62 765 1
65 771 1
67 963 7
67 165 3
67 846 2
67 207 3
67 561 3
67 344 3
68 987 3
71 318 1
74 356 5
74 573 1
75 772 3
75 485 2
75 646 1
75 841 2
75 628 1
75 220 6
75 607 2
77 260 5
77 168 14
77 266 8
77 912 6
77 949 3
77 575 2
78 178 3
82 771 1
83 771 1
83 703 2
86 443 6
86 662 2
90 178 1
90 810 1
90 236 3
90 850 1
90 173 1
90 464 1
90 978 1
90 851 1
90 693 1
90 184 1
90 316 1
92 316 3
95 987 3
98 707 3
98 454 1
98 134 3
98 713 2
98 107 4
98 268 3
98 429 1
98 592 3
98 401 2
98 291 1
98 117 3
101 423 1
103 310 2
104 912 2
104 126 1
104 602 1
104 765 2
107 553 1
107 214 1
107 159 1
107 670 1
107 383 2
111 586 2
112 392 1
112 700 1
112 517 4
113 535 1
113 927 1
114 236 1
114 189 1
118 532 1
118 502 1
120 993 1
120 772 4
120 997 1
120 198 1
120 775 1
120 586 2
120 812 1
120 334 2
120 783 2
120 752 1
120 243 1
120 500 1
120 528 1
120 915 2
120 927 1
122 857 1
122 716 1
125 324 1
125 622 3
126 232 3
126 889 1
126 356 3
126 765 2
127 293 2
127 718 2
127 159 1
133 908 2
133 765 3
134 592 2
135 450 3
135 581 10
135 718 5
135 720 2
135 692 2
135 443 3
135 607 1
136 857 1
136 915 2
136 428 2
136 316 3
138 264 1
138 397 1
139 622 1
141 978 1
141 851 4
141 614 1
142 280 2
142 915 3
142 316 3
142 630 3
142 647 1
147 416 1
147 577 1
147 355 1
147 933 1
147 230 1
147 171 2
147 972 1
147 590 1
147 285 1
147 277 1
147 347 1
147 686 1
147 157 1
147 926 1
147 607 9
149 372 1
151 253 1
152 443 2
157 517 1
157 230 1
157 607 1
158 506 2
159 738 1
159 715 1
159 742 2
159 940 2
159 214 2
159 731 1
160 280 1
160 586 1
160 629 4
161 586 1
164 322 1
165 586 1
165 401 6
165 344 1
165 316 7
165 990 1
166 416 1
166 586 1
166 356 1
166 517 1
166 383 2
167 547 1
167 851 2
167 469 1
168 416 2
168 260 15
168 305 4
168 232 7
168 266 4
168 912 18
168 472 2
168 949 12
168 439 2
168 984 2
168 356 1
168 607 1
168 575 3
170 697 2
170 231 3
171 931 1
173 924 1
173 506 1
174 534 2
174 510 1
175 849 3
175 275 2
175 246 3
175 423 1
178 409 2
178 538 2
178 646 1
178 295 2
178 990 1
178 693 5
178 710 2
178 969 1
178 333 3
178 976 2
178 470 2
178 599 2
178 605 2
178 862 2
178 991 2
178 228 2
178 502 9
178 249 2
178 767 2
180 958 1
185 987 1
187 450 2
188 280 2
188 978 1
188 851 2
188 469 2
188 421 1
189 1004 2
189 716 1
189 904 1
189 236 2
189 652 1
189 365 1
189 718 5
189 595 1
189 470 1
189 201 1
189 249 1
189 410 3
190 353 1
191 684 1
191 617 1
191 499 2
191 692 3
191 415 1
193 633 3
193 923 8
196 607 1
197 987 1
199 924 1
199 506 15
199 644 1
199 996 1
200 952 1
200 316 3
200 428 2
201 980 1
204 586 1
207 424 1
207 469 1
207 558 2
209 356 1
214 776 1
214 940 1
214 530 1
214 278 1
214 920 1
214 923 1
214 544 1
214 290 3
214 987 1
214 684 1
214 687 2
214 306 2
214 692 1
214 569 1
214 835 1
214 324 1
214 844 1
214 334 1
214 720 1
214 852 1
214 731 1
214 220 1
214 865 1
214 738 1
214 356 1
214 742 8
214 743 1
214 371 1
214 629 1
216 558 2
223 343 1
226 440 1
228 605 9
229 607 1
231 738 1
231 264 1
231 873 5
231 624 2
231 245 3
231 329 2
231 987 4
231 540 2
232 260 2
232 648 3
232 782 2
232 912 6
232 472 5
232 313 3
232 607 4
232 575 8
233 239 1
235 896 1
236 1004 2
236 532 4
236 383 1
241 280 2
241 469 1
245 264 3
245 329 1
245 873 1
245 624 2
245 951 2
245 987 3
245 540 7
246 423 1
250 927 1
250 332 1
250 607 8
251 987 3
253 290 2
253 566 2
256 416 1
256 313 1
256 356 4
260 266 1
260 912 4
260 949 10
260 439 1
260 699 1
260 575 1
264 329 1
264 586 1
264 540 2
266 912 5
266 949 8
267 416 1
267 838 1
267 586 13
267 847 1
267 656 1
267 530 2
267 990 2
268 592 1
272 692 1
272 703 2
275 849 1
278 586 1
278 923 2
278 290 2
280 647 2
280 656 2
280 530 3
280 915 4
280 920 2
280 421 2
280 422 2
280 685 1
280 561 3
280 658 1
280 445 1
280 846 3
280 978 2
280 547 2
280 526 3
280 990 2
280 293 2
280 360 3
280 493 1
280 851 2
280 629 5
280 630 1
280 631 3
280 891 1
281 497 2
281 915 1
281 718 4
284 731 1
290 566 1
291 401 1
293 724 2
293 718 2
294 416 2
294 586 2
299 984 1
299 607 6
301 469 1
302 316 3
302 428 1
305 790 2
306 771 5
306 790 2
306 742 4
306 334 1
306 591 1
306 784 2
306 659 4
307 586 1
310 586 1
310 368 2
310 477 1
311 987 3
313 765 1
313 447 1
316 344 3
316 647 3
316 971 3
316 428 4
316 915 9
316 629 1
316 953 1
316 543 3
316 952 3
316 857 3
316 415 5
316 990 3
318 472 1
318 595 1
318 356 3
322 368 2
322 343 3
322 420 1
322 879 1
323 622 2
327 381 6
329 624 1
329 540 1
329 607 1
332 435 1
333 783 1
333 502 1
333 506 3
333 700 2
333 607 1
334 607 3
335 664 1
338 692 1
338 609 1
338 987 3
338 540 1
343 718 2
344 952 5
347 933 2
347 966 1
353 891 6
356 416 1
356 517 2
356 586 2
356 718 4
356 765 1
356 912 5
356 472 10
356 607 2
356 574 2
356 383 2
360 891 1
360 629 4
361 987 3
362 563 1
362 954 1
362 547 1
362 538 1
364 506 1
364 987 5
369 927 1
372 404 1
372 572 2
372 934 1
377 729 1
377 866 7
377 718 6
378 514 1
379 568 1
383 865 1
383 720 2
383 980 1
383 532 2
383 922 2
383 477 2
383 703 1
388 832 1
388 718 2
391 629 2
392 674 1
401 454 1
401 429 1
401 415 4
413 935 1
415 416 1
415 771 1
415 617 2
415 587 1
415 607 3
416 617 1
416 586 2
416 912 2
416 500 1
416 949 2
416 602 3
416 573 1
416 927 1
418 996 9
421 424 1
421 851 2
421 469 1
422 680 1
422 731 1
423 700 1
424 469 1
424 795 1
428 450 4
428 838 2
428 700 1
428 915 12
428 990 1
432 987 3
433 633 2
433 987 5
433 789 3
433 815 2
433 951 1
435 586 2
435 500 4
435 782 1
439 912 1
439 949 4
440 537 1
440 506 1
443 581 2
443 742 4
443 936 3
443 662 2
444 927 1
444 535 1
447 984 1
447 586 4
449 586 1
450 900 1
450 718 2
450 712 5
450 851 2
450 662 2
450 765 5
454 592 1
454 772 2
458 956 2
464 718 2
465 812 1
469 547 1
469 817 1
469 851 3
469 630 3
469 954 1
469 795 1
469 957 1
471 987 1
472 517 1
472 782 3
472 765 1
472 912 5
479 586 1
481 565 1
482 531 1
482 987 3
485 854 2
485 927 1
491 532 1
493 795 1
493 629 4
497 977 1
499 684 4
500 586 7
500 782 2
502 718 2
502 851 1
502 532 1
502 569 1
502 538 3
502 862 1
502 607 3
506 996 16
506 745 1
506 682 3
506 775 1
506 688 1
506 702 1
506 1001 1
506 644 5
506 783 1
506 924 4
506 541 3
510 622 2
511 987 3
512 851 5
513 823 1
513 927 1
516 828 1
516 761 1
516 532 6
516 881 1
516 743 1
517 912 1
517 674 1
517 803 1
517 743 1
517 586 2
517 718 5
517 565 1
517 854 1
517 868 1
517 602 1
517 765 1
517 542 1
526 629 4
528 607 1
530 658 1
530 629 4
530 630 2
530 891 7
531 987 11
534 718 2
534 607 4
535 823 2
535 542 1
535 927 2
537 674 4
540 641 1
540 994 1
540 987 3
540 840 2
540 692 2
540 955 6
540 764 4
541 924 1
541 738 1
542 927 1
542 718 2
543 952 1
546 873 1
551 927 1
557 912 2
559 622 1
561 629 4
565 844 1
568 947 1
572 693 2
572 605 1
573 586 3
575 782 1
575 912 2
575 949 2
582 987 3
584 731 1
586 782 2
586 947 1
586 948 1
586 837 1
586 984 2
586 731 1
586 617 1
586 762 1
587 720 5
590 933 1
591 718 2
591 915 1
591 692 1
591 607 4
595 718 3
605 693 4
607 646 2
607 687 1
607 692 1
607 696 2
607 700 4
607 702 3
607 969 1
607 843 3
607 720 1
607 612 1
607 890 2
607 762 2
609 772 2
612 740 1
612 879 1
617 923 3
622 676 3
624 873 1
629 658 4
629 685 4
629 846 3
629 630 4
629 631 4
629 891 9
630 951 2
641 987 3
644 924 5
644 996 13
646 927 1
647 915 5
648 765 1
650 682 1
654 991 1
659 771 2
660 771 1
669 739 1
670 980 1
671 995 1
672 844 2
679 956 3
680 720 1
680 731 1
682 924 1
684 935 1
687 692 1
687 915 1
687 923 1
692 718 6
693 700 3
697 771 2
697 855 2
699 912 1
700 812 1
702 745 1
702 924 1
703 771 1
704 743 1
707 880 1
711 718 1
716 718 2
718 904 2
718 915 4
718 851 3
718 980 2
718 866 4
718 742 2
718 754 4
718 724 4
720 855 1
722 927 1
724 796 2
738 783 2
738 921 1
738 923 1
739 915 2
740 788 2
740 879 1
742 993 1
742 771 1
742 900 2
742 784 1
742 765 3
745 767 4
748 926 1
758 844 1
761 881 1
764 987 3
765 908 6
769 771 1
770 927 1
771 901 1
771 784 1
772 833 1
774 947 15
789 987 4
790 812 5
809 987 6
823 927 1
837 850 2
840 987 3
849 987 4
851 978 1
854 927 1
857 915 3
866 951 1
872 987 3
873 987 3
908 936 2
912 949 4
924 1001 1
924 996 1
933 966 2
935 966 1
955 987 3
978 988 1
987 994 3
