0
1
2
3
4
5
6
7
8
9
10
11
12
13
14
15
16
17
18
19
20
21
22
23
24
25
26
27
28
29
30
31
32
33
34
35
36
37
38
39
40
41
42
43
44
45
46
47
48
49
50
51
52
53
54
55
56
57
58
59
60
61
62
63
64
65
66
67
68
69
70
71
72
73
74
75
76
77
78
79
80
81
82
83
84
85
86
87
88
89
90
91
92
93
94
95
96
97
98
99
100
101
102
103
104
105
106
107
108
109
110
111
112
113
114
115
116
117
118
119
120
121
122
123
124
125
126
127
128
129
130
131
132
133
134
135
136
137
138
139
141
142
143
144
145
146
147
148
149
150
151
152
153
154
155
157
158
159
160
161
162
163
164
165
166
167
168
169
170
171
172
173
174
175
176
177
178
179
180
181
182
183
184
185
186
187
188
189
190
191
192
193
194
195
196
197
198
199
200
201
202
203
204
205
206
207
208
209
210
211
212
213
214
215
216
217
218
219
220
221
222
223
224
225
226
227
228
229
230
231
232
233
235
236
237
238
239
240
241
242
243
244
245
246
247
248
249
250
251
252
253
254
255
256
257
259
260
262
263
264
265
266
267
268
269
270
271
272
273
274
275
276
277
278
279
280
281
282
283
284
285
286
287
288
289
290
291
292
293
294
295
296
297
299
300
301
302
303
304
305
306
307
308
309
310
311
312
313
314
315
316
317
318
319
320
321
322
323
324
325
326
327
328
329
330
331
332
333
334
335
336
337
338
339
340
341
343
344
345
346
347
348
349
350
351
352
353
355
356
357
358
359
360
361
362
364
365
366
367
368
369
370
371
372
373
374
375
376
377
378
379
380
381
382
383
384
385
386
387
388
389
390
391
392
393
394
395
396
397
398
399
400
401
402
403
404
405
406
407
408
409
410
411
412
413
414
415
416
418
419
420
421
422
423
424
425
426
427
428
429
430
431
432
433
434
435
436
437
438
439
440
441
442
443
444
445
446
447
448
449
450
451
452
453
454
455
456
457
458
459
460
461
462
464
465
466
467
468
469
470
471
472
473
474
475
476
477
478
479
480
481
482
483
484
485
486
487
488
489
490
491
492
493
495
496
497
498
499
500
501
502
503
504
505
506
507
508
509
510
511
512
513
514
515
516
517
518
519
520
521
522
523
524
525
526
527
528
530
531
532
533
534
535
536
537
538
539
540
541
542
543
544
545
546
547
548
549
550
551
552
553
554
556
557
558
559
560
561
562
563
564
565
566
567
568
569
570
571
572
573
574
575
576
577
578
579
580
581
582
583
584
585
586
587
588
589
590
591
592
593
594
595
596
597
598
599
600
601
602
603
604
605
606
607
609
610
611
612
613
614
615
616
617
618
619
621
622
623
624
625
626
627
628
629
630
631
632
633
634
635
636
637
638
639
640
641
642
643
644
645
646
647
648
649
650
651
652
653
654
655
656
657
658
659
660
661
662
663
664
665
666
667
668
669
670
671
672
673
674
675
676
677
678
679
680
681
682
683
684
685
686
687
688
689
690
691
692
693
694
695
696
697
698
699
700
701
702
703
704
705
706
707
708
709
710
711
712
713
714
715
716
717
718
719
720
721
722
723
724
725
726
727
728
729
730
731
732
733
734
735
736
737
738
739
740
741
742
743
744
745
746
747
748
749
750
751
752
753
754
756
757
758
759
760
761
762
763
764
765
767
768
769
770
771
772
773
774
775
776
777
778
779
780
781
782
783
784
785
786
787
788
789
790
791
792
793
794
795
796
797
798
799
800
801
802
803
804
805
806
807
808
809
810
811
812
813
814
815
816
817
818
819
820
821
822
823
824
825
826
827
828
829
830
831
832
833
834
835
836
837
838
839
840
841
842
843
844
845
846
847
848
849
850
851
852
853
854
855
856
857
858
859
860
861
862
863
864
865
866
867
868
869
870
871
872
873
874
875
876
877
878
879
880
881
882
883
884
885
886
887
888
889
890
891
892
893
894
895
896
897
898
899
900
901
902
903
904
905
906
907
908
909
910
911
912
913
914
915
916
917
918
919
920
921
922
923
924
925
926
927
928
929
930
931
932
933
934
935
936
937
938
939
940
941
942
943
944
945
946
947
948
949
950
951
952
953
954
955
956
957
958
960
961
962
963
964
965
966
967
968
969
970
971
972
973
974
975
976
977
978
979
980
981
982
983
984
985
986
987
988
989
990
991
992
993
994
995
996
997
998
999
1000
1001
1002
1003
1004
0 178 1
1 310 1
2 696 1
2 630 1
4 771 3
4 135 2
5 808 4
5 553 1
5 107 1
5 175 3
5 724 3
5 29 4
6 249 1
6 506 1
6 178 1
13 738 1
13 516 1
14 644 5
14 1001 14
14 719 1
14 850 3
14 724 5
14 506 17
14 924 2
14 702 8
15 731 6
16 832 1
16 410 1
16 843 1
16 719 1
18 622 1
24 160 3
24 658 1
24 891 2
24 629 1
24 647 2
25 918 4
25 684 5
25 458 3
25 844 2
25 558 3
25 48 1
25 723 2
25 565 2
25 758 3
29 808 1
29 899 1
30 936 2
30 256 1
31 267 1
31 316 2
31 165 3
31 990 2
32 580 1
32 791 1
35 978 3
37 168 2
37 313 2
37 730 1
37 232 1
38 939 4
38 324 3
40 450 1
40 187 1
40 53 1
40 662 1
41 565 5
42 70 1
42 534 2
42 951 1
45 52 1
48 458 5
48 321 1
48 558 1
48 319 1
52 104 2
52 66 2
53 147 1
53 662 2
53 819 1
53 413 1
53 542 1
53 544 1
53 940 1
53 946 1
53 178 1
53 435 1
53 316 1
53 190 1
53 193 4
53 963 1
53 70 1
53 75 1
53 720 1
53 209 1
53 850 1
53 83 1
53 987 1
53 220 1
53 865 1
53 614 1
53 107 1
53 978 1
53 499 1
53 629 1
53 120 1
53 127 1
56 719 1
61 464 2
61 866 2
61 692 2
61 718 4
61 991 3
62 513 1
62 113 1
62 485 2
62 646 5
62 551 2
62 535 2
62 369 1
62 722 1
62 854 1
62 823 1
62 250 2
62 444 1
62 542 5
65 193 1
65 629 1
65 687 1
67 344 5
67 561 3
67 963 5
67 165 3
70 939 2
71 595 1
73 723 1
73 499 1
74 416 2
74 166 1
74 294 4
74 168 1
74 586 2
74 912 7
74 885 2
74 984 4
74 447 2
75 450 2
75 742 1
75 371 1
75 334 1
75 920 2
75 850 3
75 851 1
75 120 1
75 915 1
75 510 2
76 410 1
77 912 7
77 266 1
77 260 1
78 178 1
82 135 1
86 443 1
86 742 1
90 316 1
91 233 1
91 147 1
91 580 1
91 758 1
92 316 1
92 142 2
96 638 1
98 592 2
101 423 3
102 622 1
103 514 4
103 950 1
103 423 4
104 416 1
104 908 3
104 256 3
105 890 1
105 235 1
106 740 1
107 320 1
107 898 3
107 553 1
107 810 2
107 236 3
107 670 1
111 885 2
111 133 1
112 267 4
112 803 1
112 517 2
113 542 1
113 823 1
115 912 1
117 268 1
119 332 2
119 812 3
119 335 1
120 586 1
122 410 1
125 206 1
125 534 1
125 622 5
126 232 1
126 586 4
126 332 2
126 790 3
127 281 3
127 410 3
127 732 3
127 718 2
133 416 1
134 592 2
135 581 6
135 870 2
135 746 2
135 371 2
135 628 2
135 692 2
135 170 2
136 200 3
136 915 2
136 341 1
136 838 1
137 936 2
139 513 3
139 206 1
139 622 1
141 978 2
142 316 2
142 953 3
142 543 1
143 696 1
143 796 1
147 577 1
147 715 2
147 933 3
147 230 1
147 171 1
147 972 3
147 590 2
147 355 1
147 277 1
147 347 2
147 686 1
147 285 1
147 926 2
149 716 2
152 742 1
153 410 1
153 891 1
157 746 3
157 718 1
159 194 1
159 283 2
159 662 2
159 776 1
159 233 3
159 746 1
159 940 1
159 493 3
159 369 3
159 214 1
159 377 1
159 443 1
160 858 2
164 402 2
164 879 3
165 838 1
165 428 2
165 207 1
165 344 3
165 857 4
165 858 1
165 316 3
166 416 1
166 674 1
166 743 1
166 762 1
166 602 3
167 978 4
168 260 9
168 966 1
168 232 2
168 556 1
168 912 13
168 790 4
168 214 1
168 439 6
168 472 1
169 595 2
171 933 2
173 506 1
175 737 1
175 423 1
175 808 1
175 410 1
175 890 1
178 519 1
178 409 1
178 538 1
178 295 1
178 693 2
178 569 1
178 710 1
178 333 1
178 976 1
178 339 1
178 470 1
178 599 1
178 605 3
178 862 1
178 991 2
178 228 2
178 232 2
178 502 2
178 249 1
178 767 1
181 190 1
185 213 1
187 801 1
187 450 1
188 978 2
190 353 1
190 656 1
190 274 1
190 373 2
190 920 4
191 752 1
191 692 2
192 890 1
196 401 2
199 924 1
199 506 3
199 644 1
199 541 4
200 344 2
200 746 1
200 316 1
201 843 2
206 939 1
206 487 1
206 622 2
206 534 1
206 477 1
207 978 2
214 283 1
216 458 2
223 343 3
223 638 1
223 663 1
226 440 2
228 605 5
228 502 3
229 742 1
231 698 2
232 912 1
232 759 1
232 313 4
233 329 1
233 692 1
236 506 1
236 532 2
239 609 1
239 951 1
243 729 1
245 698 2
246 724 1
246 423 2
248 746 2
250 535 2
251 410 1
256 416 5
256 294 2
256 648 1
256 313 5
257 833 1
260 912 4
260 439 1
264 738 1
266 790 1
267 517 2
267 586 4
267 686 1
267 978 4
267 435 1
267 891 1
268 592 2
268 633 1
268 713 1
270 738 1
272 662 1
277 746 1
277 285 3
278 592 1
288 561 1
288 445 1
288 493 1
293 522 1
294 416 5
294 586 18
294 885 12
294 790 4
294 984 1
294 313 3
294 447 14
299 638 1
301 978 2
306 771 1
306 742 1
310 343 2
313 416 6
313 356 1
313 885 2
313 447 3
316 838 1
316 392 10
316 428 6
316 915 1
316 953 1
316 543 1
317 517 2
318 684 4
318 956 1
318 844 2
318 558 2
318 758 2
319 458 2
320 843 4
321 458 2
321 844 1
321 618 1
322 343 1
323 622 1
324 832 1
324 460 1
324 591 1
324 890 4
324 638 3
327 381 1
329 692 1
332 416 1
332 648 1
332 586 10
332 782 2
332 912 1
332 575 1
334 550 1
334 776 1
334 617 1
334 687 1
334 502 1
334 663 1
334 923 1
337 505 1
337 479 1
337 509 1
337 663 3
341 915 1
343 534 2
343 638 1
346 638 1
349 976 1
349 428 4
355 590 1
356 586 1
356 516 1
356 718 1
369 535 4
369 646 2
371 572 1
372 595 1
377 866 3
377 718 1
377 422 1
377 423 1
379 662 1
381 440 1
381 506 1
382 516 1
386 758 9
388 843 1
388 534 2
388 638 2
392 517 2
393 843 2
400 742 1
401 429 4
405 870 1
407 843 2
410 482 1
410 837 1
410 1001 1
410 650 1
410 994 1
410 433 1
410 777 1
410 969 1
410 924 1
410 541 1
410 719 2
413 746 2
413 935 4
414 891 1
414 526 1
415 692 1
415 997 1
415 462 1
416 868 2
416 721 2
416 586 8
416 782 1
416 573 1
416 912 1
416 648 1
416 885 2
416 984 1
416 447 4
420 638 1
420 879 4
421 424 1
421 978 2
421 795 3
423 977 2
424 978 2
428 838 1
428 915 1
428 857 1
428 954 1
429 454 2
435 500 1
440 737 2
440 657 1
440 537 4
440 506 1
443 516 1
443 662 6
443 742 2
444 823 2
447 586 30
447 573 1
447 912 2
447 885 6
450 802 1
450 746 2
450 947 3
450 662 1
450 695 2
454 592 2
458 577 1
458 844 2
458 684 2
458 558 3
458 565 1
458 758 4
458 956 3
464 718 3
465 812 1
466 662 2
466 695 4
469 978 2
470 502 1
472 912 7
472 782 2
472 575 1
477 622 1
485 542 1
485 823 1
493 630 4
499 918 1
500 814 1
502 746 4
502 718 3
502 693 1
502 538 1
502 605 1
502 862 1
506 866 2
506 1001 20
506 783 1
506 541 1
506 670 1
509 969 3
509 638 1
510 534 3
510 622 2
512 978 2
516 704 1
516 550 1
516 743 3
516 1001 2
516 532 2
517 803 1
517 730 3
526 891 1
528 585 1
528 580 1
530 746 2
530 630 1
531 987 5
532 1001 1
534 746 2
534 843 1
534 622 1
534 591 4
534 890 1
540 994 4
540 873 1
540 855 5
540 697 3
540 633 1
540 698 2
540 955 3
541 657 2
542 646 1
542 586 1
542 718 1
542 854 1
542 823 2
542 746 2
543 654 1
546 595 1
547 978 2
547 988 1
547 647 2
550 692 1
552 978 3
552 858 1
552 951 2
553 670 2
556 790 1
558 704 1
558 684 3
558 844 6
558 565 1
558 918 3
558 956 2
559 622 5
561 846 1
565 844 1
565 684 2
565 723 3
565 758 3
565 956 1
568 947 1
573 586 2
575 912 4
575 782 1
581 692 4
581 830 1
582 764 2
584 731 2
586 648 1
586 782 1
586 687 1
586 912 2
586 712 1
586 947 1
586 984 1
586 762 2
591 746 2
591 843 1
592 609 2
592 713 1
599 710 3
602 790 1
602 743 2
607 891 2
607 700 1
607 687 1
614 978 3
622 939 1
622 676 5
624 692 1
630 971 2
630 951 3
634 638 1
638 832 1
638 700 9
644 996 1
644 924 12
648 782 1
650 783 1
654 738 2
654 837 1
654 991 2
656 920 2
659 742 1
663 890 1
663 950 5
664 700 2
671 692 1
680 731 1
680 707 1
684 704 1
684 844 6
684 918 5
684 956 6
684 746 2
687 843 1
687 746 2
692 742 1
692 746 3
692 830 2
696 812 3
697 855 3
698 840 2
698 873 2
698 764 2
700 771 1
700 746 1
700 812 1
700 891 1
703 771 2
704 743 4
711 843 3
711 718 1
715 926 2
716 724 1
716 718 1
718 746 2
718 843 1
719 738 1
721 890 1
721 743 1
723 844 1
723 758 1
731 746 2
738 837 1
738 745 2
738 783 2
738 828 1
739 746 4
742 993 1
742 863 1
742 835 1
742 900 1
742 901 1
742 769 1
742 746 2
742 784 1
742 890 1
745 1001 2
746 915 1
746 920 2
746 801 1
746 935 20
746 775 2
746 812 2
746 980 2
746 994 2
758 844 3
758 918 3
758 956 3
761 783 3
762 912 3
765 890 1
769 830 1
771 951 3
773 955 1
782 912 4
790 812 6
795 978 2
808 898 3
817 978 2
843 907 1
844 918 3
844 956 1
849 858 1
851 978 5
855 951 2
858 991 1
885 912 2
885 984 1
890 978 1
890 926 1
912 984 2
926 931 2
954 978 2
957 978 2
978 988 5
