0
1
2
3
4
5
6
7
8
9
10
11
12
13
14
15
16
17
18
19
20
21
22
23
24
25
26
27
28
29
30
31
32
33
34
35
36
37
38
39
40
41
42
43
44
45
46
47
48
49
50
51
52
53
54
55
56
57
58
59
60
61
62
63
64
65
66
67
68
69
70
71
72
73
74
75
76
77
78
79
80
81
82
83
84
85
86
87
88
89
90
91
92
93
94
95
96
97
98
99
100
101
102
103
104
105
106
107
108
109
110
111
112
113
114
115
116
117
118
119
120
121
122
123
124
125
126
127
128
129
130
131
132
133
134
135
136
137
138
139
141
142
143
144
145
146
147
148
149
150
151
152
153
154
155
157
158
159
160
161
162
163
164
165
166
167
168
169
170
171
172
173
174
175
176
177
178
179
180
181
182
183
184
185
186
187
188
189
190
191
192
193
194
195
196
197
198
199
200
201
202
203
204
205
206
207
208
209
210
211
212
213
214
215
216
217
218
219
220
221
222
223
224
225
226
227
228
229
230
231
232
233
235
236
237
238
239
240
241
242
243
244
245
246
247
248
249
250
251
252
253
254
255
256
257
259
260
262
263
264
265
266
267
268
269
270
271
272
273
274
275
276
277
278
279
280
281
282
283
284
285
286
287
288
289
290
291
292
293
294
295
296
297
299
300
301
302
303
304
305
306
307
308
309
310
311
312
313
314
315
316
317
318
319
320
321
322
323
324
325
326
327
328
329
330
331
332
333
334
335
336
337
338
339
340
341
343
344
345
346
347
348
349
350
351
352
353
355
356
357
358
359
360
361
362
364
365
366
367
368
369
370
371
372
373
374
375
376
377
378
379
380
381
382
383
384
385
386
387
388
389
390
391
392
393
394
395
396
397
398
399
400
401
402
403
404
405
406
407
408
409
410
411
412
413
414
415
416
418
419
420
421
422
423
424
425
426
427
428
429
430
431
432
433
434
435
436
437
438
439
440
441
442
443
444
445
446
447
448
449
450
451
452
453
454
455
456
457
458
459
460
461
462
464
465
466
467
468
469
470
471
472
473
474
475
476
477
478
479
480
481
482
483
484
485
486
487
488
489
490
491
492
493
495
496
497
498
499
500
501
502
503
504
505
506
507
508
509
510
511
512
513
514
515
516
517
518
519
520
521
522
523
524
525
526
527
528
530
531
532
533
534
535
536
537
538
539
540
541
542
543
544
545
546
547
548
549
550
551
552
553
554
556
557
558
559
560
561
562
563
564
565
566
567
568
569
570
571
572
573
574
575
576
577
578
579
580
581
582
583
584
585
586
587
588
589
590
591
592
593
594
595
596
597
598
599
600
601
602
603
604
605
606
607
609
610
611
612
613
614
615
616
617
618
619
621
622
623
624
625
626
627
628
629
630
631
632
633
634
635
636
637
638
639
640
641
642
643
644
645
646
647
648
649
650
651
652
653
654
655
656
657
658
659
660
661
662
663
664
665
666
667
668
669
670
671
672
673
674
675
676
677
678
679
680
681
682
683
684
685
686
687
688
689
690
691
692
693
694
695
696
697
698
699
700
701
702
703
704
705
706
707
708
709
710
711
712
713
714
715
716
717
718
719
720
721
722
723
724
725
726
727
728
729
730
731
732
733
734
735
736
737
738
739
740
741
742
743
744
745
746
747
748
749
750
751
752
753
754
756
757
758
759
760
761
762
763
764
765
767
768
769
770
771
772
773
774
775
776
777
778
779
780
781
782
783
784
785
786
787
788
789
790
791
792
793
794
795
796
797
798
799
800
801
802
803
804
805
806
807
808
809
810
811
812
813
814
815
816
817
818
819
820
821
822
823
824
825
826
827
828
829
830
831
832
833
834
835
836
837
838
839
840
841
842
843
844
845
846
847
848
849
850
851
852
853
854
855
856
857
858
859
860
861
862
863
864
865
866
867
868
869
870
871
872
873
874
875
876
877
878
879
880
881
882
883
884
885
886
887
888
889
890
891
892
893
894
895
896
897
898
899
900
901
902
903
904
905
906
907
908
909
910
911
912
913
914
915
916
917
918
919
920
921
922
923
924
925
926
927
928
929
930
931
932
933
934
935
936
937
938
939
940
941
942
943
944
945
946
947
948
949
950
951
952
953
954
955
956
957
958
960
961
962
963
964
965
966
967
968
969
970
971
972
973
974
975
976
977
978
979
980
981
982
983
984
985
986
987
988
989
990
991
992
993
994
995
996
997
998
999
1000
1001
1002
1003
1004
0 6 1
0 228 1
0 502 1
0 710 1
0 295 1
0 178 1
0 599 1
0 333 1
0 78 1
0 976 1
0 118 2
0 693 1
0 470 1
0 409 1
0 249 1
0 538 1
0 767 1
0 605 1
0 862 1
0 991 1
2 178 1
2 526 4
2 530 2
2 790 4
2 151 2
2 58 5
2 700 1
2 61 1
4 720 1
4 771 4
4 135 2
5 898 1
5 107 1
5 808 1
5 553 1
5 491 1
5 381 1
5 464 1
5 980 1
5 118 3
5 335 1
5 29 2
5 670 2
6 178 2
6 237 1
12 720 1
13 546 1
13 693 1
13 682 1
14 881 16
15 680 1
15 422 1
15 943 1
17 92 1
17 857 2
17 428 1
17 165 1
24 160 2
24 647 1
24 142 6
24 629 9
24 280 1
24 445 1
25 704 1
28 987 3
29 335 1
29 381 1
30 356 3
30 936 3
30 232 1
30 52 1
30 313 2
30 765 3
31 165 5
31 838 1
31 847 1
32 977 1
32 197 1
32 718 2
32 143 1
35 280 1
35 978 1
35 469 1
40 193 1
40 450 3
40 415 2
40 687 1
41 499 1
41 565 1
41 723 1
45 575 3
48 499 1
52 868 1
52 168 1
52 232 1
52 313 1
52 472 1
52 356 1
53 193 1
53 923 2
53 454 2
53 633 2
56 641 2
56 987 3
61 522 3
61 718 2
61 591 1
62 356 1
62 646 3
62 743 1
62 168 1
62 912 2
62 472 1
62 765 1
62 542 1
65 687 2
66 575 1
67 963 6
67 165 1
67 846 3
67 207 2
67 561 4
67 344 2
68 987 3
72 135 3
73 565 1
74 256 2
74 416 2
74 356 2
74 166 1
74 168 5
74 586 8
74 782 4
74 912 7
74 885 4
74 984 12
74 762 2
74 447 4
75 612 1
77 472 1
77 260 2
78 178 1
82 720 1
82 628 1
82 135 2
83 443 1
83 863 1
90 104 1
90 142 2
90 143 1
90 530 1
90 693 1
90 987 1
90 927 1
92 847 1
95 338 1
95 987 3
98 707 20
98 454 14
98 134 16
98 713 19
98 107 20
98 268 19
98 429 16
98 592 17
98 401 21
98 291 12
98 117 15
98 278 6
101 423 2
103 310 1
103 423 11
104 523 3
104 765 4
105 418 9
105 374 1
107 643 1
107 335 2
111 416 2
113 927 2
114 275 1
114 718 2
117 454 1
118 553 3
118 335 1
120 546 1
120 500 1
120 927 1
122 718 2
126 586 3
126 356 1
127 866 1
133 256 4
133 984 1
133 602 1
133 765 1
134 592 4
134 291 3
134 454 4
135 692 1
135 835 1
135 292 1
135 581 5
135 870 2
135 936 1
135 170 3
135 942 5
135 371 2
135 628 2
135 772 1
135 443 1
135 157 3
136 160 1
136 165 1
136 200 1
136 629 2
136 280 2
136 857 1
137 581 1
139 780 1
141 241 1
141 978 1
141 630 2
142 647 3
142 847 1
142 280 1
142 915 2
142 159 1
147 590 2
147 927 1
149 718 2
151 290 2
152 443 2
157 530 1
157 462 1
159 160 1
159 290 1
159 713 1
159 171 5
159 687 1
159 214 1
159 923 2
160 838 1
160 526 2
160 280 1
160 629 6
161 450 2
164 498 1
164 402 2
164 853 1
164 943 1
165 847 1
165 401 12
165 316 2
166 762 2
166 586 2
166 356 1
167 280 1
167 978 1
167 851 1
167 469 1
168 782 3
168 912 4
168 472 2
168 885 1
168 790 1
168 984 4
168 586 1
168 447 1
170 720 1
170 267 4
170 581 1
171 355 1
175 737 1
175 423 5
175 335 1
175 849 2
175 275 1
175 446 1
178 752 1
178 482 1
178 228 1
178 502 14
178 710 1
178 599 1
178 333 1
178 976 1
178 693 2
178 470 1
178 409 1
178 249 1
178 538 1
178 605 1
178 862 3
178 767 2
180 958 1
181 190 1
184 423 1
187 712 5
188 280 3
188 978 1
188 547 1
188 988 2
188 469 1
189 896 1
189 977 2
189 718 4
190 353 1
190 656 1
190 274 1
190 373 1
190 920 1
191 415 2
191 413 2
191 334 1
191 927 1
192 381 2
193 290 3
193 714 3
193 272 3
193 830 3
197 738 2
197 923 3
199 738 1
199 996 2
199 506 3
200 952 1
200 915 4
200 630 6
200 344 1
201 335 3
207 424 5
207 847 1
207 978 1
207 469 2
207 280 1
208 335 1
214 578 1
214 763 2
214 746 1
214 891 1
214 290 3
214 687 1
214 912 2
214 692 1
214 662 1
214 923 1
216 321 1
216 499 1
223 462 1
228 693 1
228 502 1
230 277 1
231 624 1
231 994 1
231 987 4
231 540 1
231 245 6
232 356 1
232 313 1
232 699 1
232 575 4
233 450 2
233 306 2
233 245 3
236 335 1
237 896 2
239 939 1
241 469 1
245 764 4
245 264 3
245 624 2
245 692 1
245 329 2
245 987 3
245 540 2
246 377 1
246 275 1
246 423 2
248 462 1
250 927 3
251 987 3
257 416 1
260 472 1
267 854 1
267 459 1
267 435 2
267 662 1
267 586 1
268 454 1
272 450 2
272 900 1
272 662 2
272 568 2
272 379 1
273 951 2
274 552 1
274 280 1
275 327 1
278 833 1
278 776 1
278 290 2
278 462 1
278 915 2
280 647 4
280 493 1
280 656 1
280 530 1
280 915 1
280 408 1
280 547 1
280 561 1
280 301 1
280 817 1
280 658 1
280 953 1
280 851 1
280 526 1
280 990 1
280 360 1
280 920 2
280 629 2
280 631 1
281 546 2
281 491 1
281 718 4
290 566 1
290 589 6
291 454 2
291 401 7
291 429 2
292 581 1
293 547 1
293 693 3
293 718 3
299 559 1
301 978 2
301 469 1
302 847 1
306 450 2
306 771 4
306 742 3
306 784 1
306 659 1
306 443 1
306 703 1
310 368 1
311 955 2
311 855 1
311 697 2
311 987 4
311 540 1
311 383 1
313 648 7
313 356 1
319 499 1
321 618 1
321 499 2
321 565 1
327 381 5
329 819 1
329 427 1
329 540 1
332 435 2
334 416 2
334 609 1
334 772 1
334 586 1
334 462 1
334 752 2
334 612 2
334 890 1
335 643 1
335 664 2
335 537 6
335 670 1
335 808 1
335 553 1
335 810 1
335 688 1
335 468 1
335 985 1
335 737 3
335 1004 1
335 464 1
335 980 1
335 381 1
338 987 3
338 540 1
341 915 8
341 942 1
344 857 1
347 966 1
352 712 1
353 891 6
356 586 3
356 912 1
356 472 1
356 542 2
356 927 1
360 629 2
361 987 3
362 383 2
364 987 3
369 513 1
369 927 3
371 720 1
377 866 1
377 630 1
377 422 2
377 423 2
377 457 1
377 716 1
377 729 3
379 568 1
380 712 1
381 664 1
383 589 2
383 720 2
383 922 1
383 586 4
392 674 1
398 712 2
401 454 9
401 429 11
401 415 9
407 896 1
407 843 1
413 746 1
413 927 7
413 935 4
415 544 1
415 833 1
415 997 2
416 592 3
416 772 1
416 648 1
416 617 1
416 586 5
416 912 2
416 573 1
416 500 2
416 984 1
416 923 2
416 765 2
416 927 1
418 977 11
418 996 66
420 559 1
421 424 5
421 978 1
421 469 1
421 847 1
423 710 1
423 779 1
423 977 5
423 849 2
424 847 1
424 978 1
424 469 1
424 795 5
424 990 4
427 955 2
428 915 2
429 454 5
432 987 3
433 738 4
433 987 3
435 500 1
435 586 3
435 782 1
440 664 1
443 450 2
443 742 1
443 662 3
443 602 2
444 927 3
445 891 2
447 984 1
450 802 3
450 771 2
450 900 3
450 462 1
450 915 2
450 662 5
450 703 2
454 609 2
454 713 2
454 1003 2
454 592 3
454 927 1
456 720 1
462 783 1
462 833 1
462 591 1
462 517 1
462 742 1
462 617 1
462 718 1
462 687 1
462 851 1
462 692 1
462 670 1
462 762 1
462 923 1
462 542 1
466 712 3
469 547 1
469 817 1
469 978 1
469 630 4
469 954 1
469 795 1
469 957 1
470 605 1
471 716 2
472 782 4
472 912 1
472 765 1
472 575 1
482 531 1
482 987 3
482 847 2
485 542 3
485 927 3
488 568 1
493 561 1
493 530 1
493 629 2
493 630 3
493 891 1
495 568 1
497 977 4
499 833 1
499 684 2
499 618 1
499 679 1
499 844 1
499 558 1
499 723 1
499 918 1
499 956 1
500 586 2
500 772 2
502 605 1
506 605 1
511 987 3
513 927 3
516 881 2
516 743 1
516 532 1
516 783 1
517 952 2
526 530 2
526 629 2
528 589 1
530 685 2
530 629 3
530 630 3
530 891 8
531 987 3
532 537 2
532 761 1
535 823 2
535 927 2
537 664 1
538 951 1
540 987 3
540 582 4
540 840 1
540 873 1
540 855 1
540 697 2
540 955 9
541 996 4
542 586 4
542 823 1
542 927 2
543 952 1
546 640 1
546 771 1
546 772 3
546 550 1
546 784 1
546 629 2
546 920 1
546 923 1
547 978 2
550 923 1
551 927 2
552 978 2
552 614 1
552 847 1
557 912 1
558 956 1
561 846 2
561 847 1
561 629 2
562 612 2
565 679 1
565 684 2
565 723 1
568 947 2
568 662 2
573 586 4
575 782 7
581 720 1
581 855 1
581 772 3
582 987 3
586 687 3
586 984 2
586 868 1
586 762 2
587 720 5
589 867 1
589 909 1
592 713 1
592 948 1
592 927 4
595 718 2
599 693 1
602 765 1
602 743 4
605 693 1
607 927 1
609 865 1
609 927 1
609 951 1
612 740 2
612 633 1
612 893 2
612 735 2
614 978 1
617 833 1
617 633 1
624 873 1
624 955 1
628 720 1
629 658 2
629 685 2
629 846 1
629 630 2
629 631 2
629 891 5
629 927 1
630 952 3
633 923 3
640 772 1
641 987 3
643 664 1
643 685 1
646 927 2
647 847 1
647 915 1
647 990 1
648 765 2
654 738 4
654 783 1
659 742 2
662 802 1
663 879 1
664 737 1
664 810 2
664 985 1
671 865 1
680 720 1
680 790 2
682 738 1
682 772 1
684 704 1
684 918 1
685 1001 1
685 724 3
692 746 1
692 775 1
693 890 1
693 862 1
697 771 1
697 925 2
697 855 4
700 790 3
703 771 1
716 866 1
716 718 6
718 904 2
718 754 2
718 980 1
718 724 3
718 883 2
719 738 2
719 837 2
719 783 1
720 833 2
720 870 1
720 855 1
722 927 2
723 758 1
731 915 1
738 783 2
742 951 1
746 923 2
746 935 5
758 844 4
758 956 2
758 918 2
761 804 1
764 994 4
764 987 11
770 927 3
772 987 1
772 923 1
773 955 2
774 947 26
776 923 2
779 843 1
782 984 1
789 987 3
790 812 2
795 978 1
795 847 1
809 987 3
817 978 1
823 927 3
828 837 3
838 952 1
840 987 3
844 956 1
847 936 1
847 990 1
849 987 4
851 978 1
854 927 4
855 955 1
855 925 1
857 915 1
861 934 2
865 975 1
872 987 3
873 987 3
885 984 1
890 923 2
911 1004 2
912 984 1
921 977 4
921 1004 3
924 996 2
925 955 2
933 966 2
935 966 1
954 978 1
955 987 4
957 978 1
977 1001 7
977 1004 2
978 988 1
987 994 3
