0
1
2
3
4
5
6
7
8
9
10
11
12
13
14
15
16
17
18
19
20
21
22
23
24
25
26
27
28
29
30
31
32
33
34
35
36
37
38
39
40
41
42
43
44
45
46
47
48
49
50
51
52
53
54
55
56
57
58
59
60
61
62
63
64
65
66
67
68
69
70
71
72
73
74
75
76
77
78
79
80
81
82
83
84
85
86
87
88
89
90
91
92
93
94
95
96
97
98
99
100
101
102
103
104
105
106
107
108
109
110
111
112
113
114
115
116
117
118
119
120
121
122
123
124
125
126
127
128
129
130
131
132
133
134
135
136
137
138
139
141
142
143
144
145
146
147
148
149
150
151
152
153
154
155
157
158
159
160
161
162
163
164
165
166
167
168
169
170
171
172
173
174
175
176
177
178
179
180
181
182
183
184
185
186
187
188
189
190
191
192
193
194
195
196
197
198
199
200
201
202
203
204
205
206
207
208
209
210
211
212
213
214
215
216
217
218
219
220
221
222
223
224
225
226
227
228
229
230
231
232
233
235
236
237
238
239
240
241
242
243
244
245
246
247
248
249
250
251
252
253
254
255
256
257
259
260
262
263
264
265
266
267
268
269
270
271
272
273
274
275
276
277
278
279
280
281
282
283
284
285
286
287
288
289
290
291
292
293
294
295
296
297
299
300
301
302
303
304
305
306
307
308
309
310
311
312
313
314
315
316
317
318
319
320
321
322
323
324
325
326
327
328
329
330
331
332
333
334
335
336
337
338
339
340
341
343
344
345
346
347
348
349
350
351
352
353
355
356
357
358
359
360
361
362
364
365
366
367
368
369
370
371
372
373
374
375
376
377
378
379
380
381
382
383
384
385
386
387
388
389
390
391
392
393
394
395
396
397
398
399
400
401
402
403
404
405
406
407
408
409
410
411
412
413
414
415
416
418
419
420
421
422
423
424
425
426
427
428
429
430
431
432
433
434
435
436
437
438
439
440
441
442
443
444
445
446
447
448
449
450
451
452
453
454
455
456
457
458
459
460
461
462
464
465
466
467
468
469
470
471
472
473
474
475
476
477
478
479
480
481
482
483
484
485
486
487
488
489
490
491
492
493
495
496
497
498
499
500
501
502
503
504
505
506
507
508
509
510
511
512
513
514
515
516
517
518
519
520
521
522
523
524
525
526
527
528
530
531
532
533
534
535
536
537
538
539
540
541
542
543
544
545
546
547
548
549
550
551
552
553
554
556
557
558
559
560
561
562
563
564
565
566
567
568
569
570
571
572
573
574
575
576
577
578
579
580
581
582
583
584
585
586
587
588
589
590
591
592
593
594
595
596
597
598
599
600
601
602
603
604
605
606
607
609
610
611
612
613
614
615
616
617
618
619
621
622
623
624
625
626
627
628
629
630
631
632
633
634
635
636
637
638
639
640
641
642
643
644
645
646
647
648
649
650
651
652
653
654
655
656
657
658
659
660
661
662
663
664
665
666
667
668
669
670
671
672
673
674
675
676
677
678
679
680
681
682
683
684
685
686
687
688
689
690
691
692
693
694
695
696
697
698
699
700
701
702
703
704
705
706
707
708
709
710
711
712
713
714
715
716
717
718
719
720
721
722
723
724
725
726
727
728
729
730
731
732
733
734
735
736
737
738
739
740
741
742
743
744
745
746
747
748
749
750
751
752
753
754
756
757
758
759
760
761
762
763
764
765
767
768
769
770
771
772
773
774
775
776
777
778
779
780
781
782
783
784
785
786
787
788
789
790
791
792
793
794
795
796
797
798
799
800
801
802
803
804
805
806
807
808
809
810
811
812
813
814
815
816
817
818
819
820
821
822
823
824
825
826
827
828
829
830
831
832
833
834
835
836
837
838
839
840
841
842
843
844
845
846
847
848
849
850
851
852
853
854
855
856
857
858
859
860
861
862
863
864
865
866
867
868
869
870
871
872
873
874
875
876
877
878
879
880
881
882
883
884
885
886
887
888
889
890
891
892
893
894
895
896
897
898
899
900
901
902
903
904
905
906
907
908
909
910
911
912
913
914
915
916
917
918
919
920
921
922
923
924
925
926
927
928
929
930
931
932
933
934
935
936
937
938
939
940
941
942
943
944
945
946
947
948
949
950
951
952
953
954
955
956
957
958
960
961
962
963
964
965
966
967
968
969
970
971
972
973
974
975
976
977
978
979
980
981
982
983
984
985
986
987
988
989
990
991
992
993
994
995
996
997
998
999
1000
1001
1002
1003
1004
0 569 1
2 416 1
2 700 1
2 790 2
4 135 1
5 107 1
5 670 1
6 569 1
6 506 2
11 619 1
11 662 1
13 743 1
14 506 1
14 173 1
14 702 1
17 428 2
24 629 2
25 321 1
25 386 1
25 499 1
28 987 1
29 506 2
29 670 1
30 168 1
30 52 1
30 356 4
30 765 1
30 166 1
31 428 4
31 165 2
32 428 1
32 700 1
32 572 3
32 433 2
34 997 1
34 855 1
38 832 1
40 272 3
40 147 1
40 572 1
45 66 1
45 52 1
48 319 1
50 788 1
52 66 2
52 356 3
52 166 2
52 168 5
52 868 1
52 126 1
56 987 1
58 909 1
61 522 2
61 991 3
62 646 3
64 322 1
65 120 4
65 83 1
65 220 2
65 687 1
65 607 1
67 344 3
67 963 5
67 165 1
67 207 4
68 987 1
72 214 1
72 159 1
75 120 3
75 107 1
75 334 1
77 168 5
77 260 6
82 135 1
83 863 1
86 152 1
86 443 2
86 662 2
90 248 2
90 692 2
90 749 2
90 927 2
91 308 1
95 193 1
95 987 1
96 420 3
98 707 3
98 454 3
98 134 1
98 713 2
98 107 3
98 268 1
98 592 5
98 291 2
98 117 2
98 278 1
101 423 2
103 950 1
103 303 1
106 740 1
107 553 2
107 335 1
107 670 1
112 392 1
118 716 1
120 772 2
120 454 5
120 743 1
120 752 2
120 190 1
120 927 3
122 924 1
122 718 1
126 586 10
126 885 1
133 168 1
134 592 2
134 454 1
135 581 6
135 870 1
135 720 3
135 371 1
135 628 1
135 292 2
135 197 1
136 915 2
136 428 3
136 159 1
139 323 2
142 428 1
142 630 1
143 580 1
144 650 1
147 171 1
147 590 1
147 272 2
147 277 1
147 214 1
147 285 1
151 253 1
152 443 1
157 499 1
157 542 1
159 866 2
159 324 5
159 776 1
159 940 1
159 724 4
159 853 1
159 923 1
159 542 1
160 629 2
161 863 1
164 548 2
164 420 1
165 401 2
166 416 1
166 515 1
166 356 3
166 743 1
166 168 3
166 586 2
166 868 1
166 762 1
167 817 2
167 978 1
167 851 1
168 416 1
168 356 9
168 232 5
168 586 1
168 439 1
168 557 3
168 912 5
168 369 2
168 868 1
168 472 4
168 260 7
168 575 1
168 765 2
168 607 1
171 347 1
173 506 1
173 541 4
175 849 3
175 650 1
175 423 3
180 727 1
185 833 1
185 830 2
187 695 1
189 280 1
190 353 1
191 927 1
193 987 1
193 776 3
193 617 1
193 714 5
193 923 1
196 429 1
196 311 1
197 987 1
197 923 5
199 506 1
199 644 1
199 541 1
200 546 1
200 915 7
200 428 1
200 550 1
200 971 1
201 335 1
202 629 2
207 424 2
207 558 1
207 847 1
207 469 1
207 795 1
207 988 1
214 272 6
214 765 2
216 319 1
220 483 1
220 692 1
220 607 2
223 337 1
223 462 1
223 663 1
228 569 1
229 306 2
229 469 3
229 607 2
231 987 1
231 540 1
231 607 1
233 692 5
233 749 1
241 421 1
245 987 1
245 764 2
245 830 2
246 423 1
248 835 1
248 329 1
248 591 1
248 692 4
248 607 1
249 569 1
249 409 1
251 987 1
256 356 1
260 912 1
264 329 1
264 581 1
267 891 1
267 586 4
267 971 1
267 629 1
268 592 2
275 849 2
278 566 1
280 449 1
280 561 1
280 629 2
280 687 1
291 401 2
291 429 2
293 718 1
295 569 1
303 780 1
303 950 2
306 659 2
306 863 1
308 418 4
308 748 2
311 987 1
311 955 1
313 765 1
319 558 1
321 499 1
322 548 2
322 879 1
324 634 1
329 692 2
332 435 2
332 500 1
333 816 1
333 569 1
335 1004 2
335 464 3
335 532 5
335 381 2
337 505 2
337 854 2
337 870 1
338 987 1
343 368 1
343 388 1
343 663 4
344 971 1
347 966 1
353 891 4
356 416 1
356 515 1
356 868 2
356 743 3
356 912 1
356 499 2
356 574 1
356 472 4
356 602 1
356 765 1
360 629 2
361 987 1
362 659 1
364 506 2
364 987 1
364 863 1
365 716 1
369 646 1
377 866 1
377 716 1
377 423 2
379 568 1
381 506 2
383 867 1
383 589 1
385 898 1
398 712 2
401 415 2
401 429 6
401 454 2
409 569 1
409 506 1
409 977 2
415 569 2
416 586 1
416 633 1
416 927 1
418 977 17
421 424 1
421 630 3
423 650 1
424 795 1
424 990 1
427 955 2
428 647 1
428 971 1
428 915 8
428 952 1
428 857 1
428 990 1
429 925 3
429 454 4
432 987 1
433 987 1
435 500 4
435 782 1
440 737 1
443 662 5
443 742 1
444 535 2
450 596 2
454 772 3
454 713 2
454 592 3
457 716 2
457 718 2
462 833 2
466 662 1
467 650 1
469 630 3
470 569 1
470 789 3
470 605 2
472 575 1
472 743 1
482 569 2
482 987 1
482 847 2
483 607 1
485 513 1
485 646 1
485 823 1
493 629 2
495 568 1
497 977 1
499 517 1
499 684 4
499 535 2
499 542 2
500 782 2
506 644 8
506 599 1
506 783 2
506 951 1
506 996 1
506 670 2
511 987 1
513 646 1
515 927 1
516 700 1
526 629 2
530 891 2
530 629 4
530 630 1
531 987 1
532 1001 2
532 650 1
532 761 1
532 881 1
538 569 1
540 987 1
540 855 1
541 951 1
546 550 2
547 631 2
551 646 1
553 670 1
561 629 2
561 846 7
561 631 2
568 947 1
568 935 1
569 710 1
569 749 2
569 976 1
569 693 1
569 599 2
569 991 1
569 572 1
569 605 1
569 862 7
581 720 1
582 624 1
582 987 1
586 687 1
586 885 1
586 984 1
586 762 1
586 602 1
587 720 4
588 987 1
591 692 1
592 713 1
592 948 3
592 927 6
605 789 3
605 693 1
607 692 1
607 927 1
612 740 1
617 776 2
617 714 1
617 720 1
624 692 1
626 863 1
629 658 2
629 685 2
629 846 2
629 630 2
629 631 2
629 891 4
629 894 2
641 987 1
643 670 1
644 996 1
648 885 1
648 765 1
650 1001 2
650 849 1
654 991 1
663 950 1
672 844 2
682 783 1
688 808 1
692 835 2
692 775 2
692 910 1
692 830 2
700 771 1
700 812 2
700 881 1
700 790 1
702 842 1
716 718 1
718 866 2
718 904 1
718 724 1
737 849 2
752 927 1
764 994 2
764 987 1
769 863 1
771 863 1
773 955 1
774 947 5
784 863 2
789 987 1
790 812 5
809 987 1
838 952 1
838 971 1
838 847 1
840 987 1
849 987 1
851 978 2
857 951 1
863 993 1
872 987 1
873 987 1
885 984 1
912 915 1
925 955 1
927 948 1
933 966 1
935 966 1
955 987 2
977 1001 1
977 1004 3
987 994 1
