0
1
2
3
4
5
6
7
8
9
10
11
12
13
14
15
16
17
18
19
20
21
22
23
24
25
26
27
28
29
30
31
32
33
34
35
36
37
38
39
40
41
42
43
44
45
46
47
48
49
50
51
52
53
54
55
56
57
58
59
60
61
62
63
64
65
66
67
68
69
70
71
72
73
74
75
76
77
78
79
80
81
82
83
84
85
86
87
88
89
90
91
92
93
94
95
96
97
98
99
100
101
102
103
104
105
106
107
108
109
110
111
112
113
114
115
116
117
118
119
120
121
122
123
124
125
126
127
128
129
130
131
132
133
134
135
136
137
138
139
141
142
143
144
145
146
147
148
149
150
151
152
153
154
155
157
158
159
160
161
162
163
164
165
166
167
168
169
170
171
172
173
174
175
176
177
178
179
180
181
182
183
184
185
186
187
188
189
190
191
192
193
194
195
196
197
198
199
200
201
202
203
204
205
206
207
208
209
210
211
212
213
214
215
216
217
218
219
220
221
222
223
224
225
226
227
228
229
230
231
232
233
235
236
237
238
239
240
241
242
243
244
245
246
247
248
249
250
251
252
253
254
255
256
257
259
260
262
263
264
265
266
267
268
269
270
271
272
273
274
275
276
277
278
279
280
281
282
283
284
285
286
287
288
289
290
291
292
293
294
295
296
297
299
300
301
302
303
304
305
306
307
308
309
310
311
312
313
314
315
316
317
318
319
320
321
322
323
324
325
326
327
328
329
330
331
332
333
334
335
336
337
338
339
340
341
343
344
345
346
347
348
349
350
351
352
353
355
356
357
358
359
360
361
362
364
365
366
367
368
369
370
371
372
373
374
375
376
377
378
379
380
381
382
383
384
385
386
387
388
389
390
391
392
393
394
395
396
397
398
399
400
401
402
403
404
405
406
407
408
409
410
411
412
413
414
415
416
418
419
420
421
422
423
424
425
426
427
428
429
430
431
432
433
434
435
436
437
438
439
440
441
442
443
444
445
446
447
448
449
450
451
452
453
454
455
456
457
458
459
460
461
462
464
465
466
467
468
469
470
471
472
473
474
475
476
477
478
479
480
481
482
483
484
485
486
487
488
489
490
491
492
493
495
496
497
498
499
500
501
502
503
504
505
506
507
508
509
510
511
512
513
514
515
516
517
518
519
520
521
522
523
524
525
526
527
528
530
531
532
533
534
535
536
537
538
539
540
541
542
543
544
545
546
547
548
549
550
551
552
553
554
556
557
558
559
560
561
562
563
564
565
566
567
568
569
570
571
572
573
574
575
576
577
578
579
580
581
582
583
584
585
586
587
588
589
590
591
592
593
594
595
596
597
598
599
600
601
602
603
604
605
606
607
609
610
611
612
613
614
615
616
617
618
619
621
622
623
624
625
626
627
628
629
630
631
632
633
634
635
636
637
638
639
640
641
642
643
644
645
646
647
648
649
650
651
652
653
654
655
656
657
658
659
660
661
662
663
664
665
666
667
668
669
670
671
672
673
674
675
676
677
678
679
680
681
682
683
684
685
686
687
688
689
690
691
692
693
694
695
696
697
698
699
700
701
702
703
704
705
706
707
708
709
710
711
712
713
714
715
716
717
718
719
720
721
722
723
724
725
726
727
728
729
730
731
732
733
734
735
736
737
738
739
740
741
742
743
744
745
746
747
748
749
750
751
752
753
754
756
757
758
759
760
761
762
763
764
765
767
768
769
770
771
772
773
774
775
776
777
778
779
780
781
782
783
784
785
786
787
788
789
790
791
792
793
794
795
796
797
798
799
800
801
802
803
804
805
806
807
808
809
810
811
812
813
814
815
816
817
818
819
820
821
822
823
824
825
826
827
828
829
830
831
832
833
834
835
836
837
838
839
840
841
842
843
844
845
846
847
848
849
850
851
852
853
854
855
856
857
858
859
860
861
862
863
864
865
866
867
868
869
870
871
872
873
874
875
876
877
878
879
880
881
882
883
884
885
886
887
888
889
890
891
892
893
894
895
896
897
898
899
900
901
902
903
904
905
906
907
908
909
910
911
912
913
914
915
916
917
918
919
920
921
922
923
924
925
926
927
928
929
930
931
932
933
934
935
936
937
938
939
940
941
942
943
944
945
946
947
948
949
950
951
952
953
954
955
956
957
958
960
961
962
963
964
965
966
967
968
969
970
971
972
973
974
975
976
977
978
979
980
981
982
983
984
985
986
987
988
989
990
991
992
993
994
995
996
997
998
999
1000
1001
1002
1003
1004
0 6 1
0 228 1
0 502 1
0 710 1
0 423 2
0 599 1
0 295 1
0 333 1
0 78 1
0 605 1
0 976 1
0 537 3
0 693 1
0 470 1
0 409 1
0 249 1
0 538 1
0 767 1
0 189 4
0 862 1
0 991 1
2 416 1
2 166 1
2 231 2
2 392 1
2 586 2
2 334 2
2 465 2
2 629 2
2 790 2
2 281 1
2 700 1
5 808 1
5 553 1
5 335 1
5 107 1
5 491 1
6 716 1
6 189 3
7 810 2
7 418 5
11 890 1
13 837 1
14 506 4
15 731 5
15 422 2
16 718 2
16 127 5
17 316 2
19 333 2
24 280 1
24 629 7
25 386 1
28 987 3
29 333 3
29 670 1
31 428 1
31 316 2
31 165 13
31 990 3
31 349 1
32 280 1
32 90 2
32 580 1
32 61 1
32 791 4
35 280 1
35 978 1
35 469 1
35 207 2
38 939 2
40 193 1
40 802 1
40 488 1
40 662 1
40 120 1
40 187 2
40 572 1
41 723 2
42 402 2
46 622 1
48 956 1
48 458 3
48 499 1
48 684 2
48 319 1
50 402 4
50 559 9
52 586 2
52 868 1
53 193 2
53 306 1
53 311 1
53 120 1
53 633 1
53 927 1
56 994 4
56 987 3
56 540 1
56 90 1
56 159 2
58 586 1
61 65 2
61 450 1
61 356 1
61 197 1
61 428 1
61 522 6
61 587 1
61 517 1
61 718 2
61 687 1
61 851 1
61 469 1
61 472 1
61 127 2
61 915 1
61 991 3
62 646 2
62 542 3
62 485 1
65 687 1
67 963 3
67 165 4
67 846 3
67 207 4
67 561 2
67 344 4
68 987 3
68 422 1
70 120 1
70 334 3
74 256 6
74 313 2
74 294 1
74 166 1
74 447 2
75 193 1
75 987 1
75 772 2
75 517 1
75 107 1
75 850 1
75 334 3
75 178 1
75 120 1
75 633 1
75 607 1
75 127 1
75 220 1
75 190 1
75 997 1
77 260 1
77 168 1
77 266 3
77 557 1
77 356 1
77 765 2
77 575 1
82 731 1
83 863 1
84 337 3
84 534 2
84 97 1
86 443 2
86 662 3
90 534 2
90 142 1
90 657 1
90 278 2
90 416 1
90 682 2
90 316 4
90 201 1
90 120 1
90 850 3
90 853 1
90 612 1
90 220 4
90 994 2
90 356 2
90 742 1
90 628 2
90 248 2
90 506 5
90 765 4
91 609 1
91 191 1
91 885 1
91 415 6
92 953 1
92 316 2
95 987 3
96 420 1
96 324 1
97 337 1
98 401 4
98 429 1
98 134 1
101 377 1
101 866 1
101 718 1
101 423 2
102 534 1
103 368 1
103 423 1
104 425 1
104 765 6
104 313 1
105 418 2
107 440 2
107 120 1
107 890 1
107 381 1
112 674 3
112 267 2
112 517 1
114 189 2
114 718 1
117 454 2
119 812 1
120 235 1
120 772 3
120 517 1
120 135 2
120 450 1
120 783 1
120 528 1
120 530 1
120 147 1
120 534 1
120 920 1
120 923 1
120 157 2
120 542 1
120 544 1
120 674 1
120 987 2
120 291 1
120 220 2
120 553 1
120 193 1
120 775 1
120 812 1
120 306 2
120 178 1
120 316 2
120 189 1
120 190 1
120 191 1
120 198 1
120 416 2
120 834 1
120 196 1
120 609 1
120 586 2
120 718 1
120 591 1
120 720 1
120 850 1
120 851 1
120 980 1
120 334 1
120 731 2
120 915 2
120 221 1
120 865 2
120 994 2
120 739 1
120 356 1
120 997 2
120 742 2
120 978 1
120 752 1
120 499 2
120 629 2
120 502 1
120 248 2
120 633 1
120 127 2
121 648 1
122 904 1
122 915 1
122 718 1
125 622 13
126 648 1
126 586 4
126 356 2
127 724 2
127 629 1
132 388 1
133 356 1
134 291 1
134 316 2
134 923 1
134 454 1
135 549 3
135 936 5
135 942 12
135 337 1
135 628 9
135 334 1
135 153 1
135 692 1
136 160 1
136 915 1
136 316 2
136 207 1
137 936 3
137 523 1
137 581 1
139 534 2
141 978 1
141 851 1
141 469 3
141 630 2
141 789 1
142 280 1
142 316 9
142 469 1
142 207 1
143 696 1
143 580 1
147 416 2
147 454 1
149 377 1
149 423 1
150 416 1
150 471 1
150 415 1
153 1001 2
153 418 2
153 996 2
153 977 7
157 334 1
159 251 1
159 356 1
159 214 1
159 343 1
159 844 3
159 718 1
159 851 2
159 724 1
159 334 1
159 278 1
159 407 1
159 731 2
159 963 1
160 530 2
160 586 1
160 629 6
160 526 1
161 586 1
164 420 1
165 586 1
165 401 11
165 344 3
165 857 1
165 316 4
166 416 2
166 743 1
166 232 2
166 586 1
166 765 1
167 978 3
167 851 3
167 469 2
168 586 1
168 782 1
168 912 2
168 790 1
168 472 1
168 765 1
170 951 1
173 506 2
173 541 2
175 737 3
175 423 1
175 1004 2
175 849 9
175 275 5
175 532 4
178 482 1
178 470 1
178 502 1
178 415 1
184 393 1
184 423 1
184 710 1
184 607 2
185 231 2
187 695 1
188 280 1
188 978 3
188 851 1
188 421 2
188 469 1
189 652 1
189 502 3
189 904 1
189 236 3
189 1004 1
189 716 5
189 530 3
189 718 9
189 365 1
189 433 1
189 595 3
189 470 1
189 201 1
189 249 1
189 410 3
189 381 1
190 629 2
191 944 2
191 334 1
191 752 1
191 692 7
191 415 1
192 381 1
193 416 1
193 609 1
193 290 2
193 245 2
193 454 1
193 629 1
193 633 2
196 416 1
196 454 1
200 952 3
200 428 1
200 915 2
200 316 3
200 971 1
201 767 1
207 424 1
207 428 1
207 493 3
207 558 2
207 978 1
207 469 5
207 795 5
207 988 1
209 356 3
209 765 1
214 356 1
214 220 3
214 586 1
214 718 1
214 765 4
214 851 1
214 662 1
214 857 1
214 316 3
214 746 1
216 956 1
216 319 1
217 899 1
223 534 1
223 343 4
226 440 1
228 605 1
228 502 2
231 738 1
231 987 3
231 586 1
231 245 2
231 502 1
231 698 1
231 923 1
232 416 3
232 782 4
232 313 2
232 699 1
232 573 1
232 575 2
235 890 1
236 977 1
238 899 1
239 713 2
239 951 1
239 809 2
241 280 1
241 469 1
243 729 1
245 840 1
245 698 1
245 987 3
245 671 2
246 377 2
246 423 2
250 332 9
251 987 3
256 416 3
256 313 3
256 294 2
256 447 1
264 586 1
266 439 1
267 586 12
267 517 2
268 454 1
272 802 1
272 595 1
273 523 1
273 581 3
274 552 1
275 849 5
275 316 1
277 347 1
277 700 1
278 609 1
278 731 1
278 713 1
278 890 2
278 923 1
280 647 1
280 656 1
280 530 4
280 915 1
280 920 1
280 421 1
280 422 1
280 561 1
280 953 1
280 547 1
280 526 1
280 858 1
280 990 1
280 293 1
280 360 1
280 851 1
280 629 8
280 631 1
283 483 2
284 731 1
284 422 3
287 782 1
288 629 5
290 454 2
291 401 4
291 429 1
293 890 1
293 718 1
294 416 1
294 885 1
294 630 10
294 313 1
294 447 1
301 978 2
301 469 1
302 316 2
306 742 1
306 863 2
308 418 1
308 926 1
310 586 1
310 343 1
311 955 3
311 987 3
313 416 1
313 356 1
313 765 3
313 447 1
315 383 1
316 647 5
316 915 6
316 543 3
316 428 9
316 952 2
316 953 2
316 971 2
316 344 2
316 857 4
316 349 1
316 990 2
316 629 2
317 523 1
318 684 2
318 558 1
319 386 1
319 956 2
319 736 1
320 337 2
321 684 1
322 343 12
322 399 1
322 853 1
322 663 1
323 622 1
324 638 5
324 591 1
327 381 1
329 624 1
329 819 1
329 427 1
329 421 1
329 343 1
332 586 1
332 782 2
332 435 5
332 500 4
332 575 1
333 364 1
333 693 1
334 612 4
334 502 5
334 746 1
334 586 1
334 742 1
334 915 2
334 772 1
334 356 1
334 423 2
334 607 2
335 737 2
335 643 1
335 553 3
335 810 15
335 1004 1
335 532 1
335 664 2
335 537 1
335 980 3
335 670 1
337 581 3
337 942 5
337 822 1
337 505 1
337 854 2
337 509 1
337 735 1
338 624 1
338 987 3
343 534 1
343 368 3
343 950 1
343 853 1
343 663 2
344 952 2
347 700 2
347 966 1
349 428 3
353 891 3
353 373 1
356 602 1
356 586 3
356 687 1
356 472 2
356 765 2
360 891 3
360 629 5
360 526 1
361 987 3
362 528 1
362 954 1
362 517 1
362 870 1
362 383 2
364 994 1
364 987 3
368 950 1
369 444 2
372 404 1
377 866 2
377 423 2
377 457 1
377 716 1
377 718 6
383 720 2
383 669 2
388 534 3
388 742 3
395 534 1
401 454 5
401 429 7
401 415 9
402 559 5
404 595 1
407 779 2
408 915 1
410 977 2
410 969 1
411 418 1
413 746 2
413 550 2
413 935 1
414 891 1
415 692 5
416 472 2
416 454 1
416 586 3
416 912 4
416 602 2
416 517 2
418 996 5
418 969 2
418 977 7
418 541 1
420 559 1
421 424 4
421 978 1
421 469 1
421 795 2
422 680 2
422 696 1
422 857 2
422 731 4
422 527 1
423 866 4
423 646 1
423 849 1
423 710 1
423 977 6
423 599 3
423 537 9
424 978 1
424 469 1
424 795 6
424 990 4
425 908 4
426 890 1
426 454 1
427 955 3
428 647 3
428 915 4
429 454 4
432 987 3
433 994 1
433 987 3
435 500 8
435 782 2
440 537 4
440 737 1
442 899 1
443 742 2
443 662 3
447 586 4
454 772 2
454 609 1
458 577 2
458 684 3
458 844 3
458 499 1
458 918 1
465 700 1
466 712 1
469 547 1
469 614 1
469 957 1
469 817 1
469 978 1
469 630 1
469 954 1
469 795 1
470 789 1
471 752 1
472 782 3
472 602 1
472 575 1
477 534 2
479 586 1
482 987 3
491 506 2
493 978 1
493 530 1
493 629 5
495 568 1
495 862 1
499 890 1
499 684 3
500 586 3
500 814 2
502 530 3
502 920 3
502 851 3
502 724 3
502 538 1
502 731 1
502 915 3
502 991 1
506 599 1
510 939 1
510 622 1
511 849 1
512 978 1
514 950 14
516 761 2
516 783 1
516 804 1
516 532 2
516 881 3
517 803 1
517 890 1
522 718 1
523 886 1
526 629 5
530 629 10
530 630 2
530 891 6
531 987 3
532 790 2
534 591 6
534 822 1
535 854 2
538 547 2
540 994 1
540 955 1
540 840 2
540 698 1
540 987 6
541 738 1
546 550 1
547 978 1
550 746 1
552 858 1
552 978 1
553 670 1
558 684 2
558 956 1
559 634 1
559 622 15
561 629 5
563 696 1
565 684 1
565 926 1
569 629 1
573 586 2
575 782 2
577 926 1
580 791 1
581 742 1
581 936 4
581 855 3
582 994 2
582 987 3
584 731 1
586 782 8
586 912 1
586 687 1
586 947 1
586 948 1
586 837 1
586 868 2
586 885 1
586 762 2
587 720 9
591 742 2
591 718 1
591 663 1
591 923 1
595 718 1
595 934 7
596 802 1
599 710 2
602 782 1
602 743 1
605 693 1
605 789 3
607 696 1
607 890 1
609 707 2
609 772 2
609 1003 1
609 890 1
609 927 1
614 978 1
614 851 1
617 833 1
622 676 13
624 764 1
626 863 1
628 720 1
629 915 1
629 685 5
629 838 2
629 846 5
629 720 1
629 978 3
629 851 1
629 731 1
629 997 1
629 658 5
629 920 1
629 630 9
629 631 5
629 891 5
633 923 1
638 977 2
638 939 2
641 987 3
644 996 1
648 765 3
650 682 2
650 738 1
650 654 1
650 783 1
654 738 1
654 682 1
654 991 5
656 838 3
658 851 1
659 863 1
662 802 1
672 723 1
672 844 1
679 684 1
679 844 1
680 731 4
682 738 1
682 783 1
684 704 1
684 844 2
684 956 1
685 1001 6
685 724 4
687 833 1
687 776 3
687 923 1
692 830 2
697 855 1
698 840 1
698 873 1
698 987 3
698 764 1
700 790 1
715 926 1
716 718 7
718 904 4
718 777 1
718 754 5
718 969 2
718 843 1
718 724 8
718 732 1
718 866 2
718 883 4
719 837 1
720 936 2
720 890 1
720 731 1
722 854 3
724 1001 7
731 870 1
731 890 1
737 849 2
738 837 1
738 783 1
738 761 1
738 921 2
738 923 7
742 900 2
742 915 2
743 854 3
745 837 1
761 881 1
764 987 3
765 908 3
765 912 1
769 863 1
772 923 3
773 955 2
774 947 23
780 950 6
783 837 1
784 863 1
789 987 3
790 812 3
790 863 4
795 978 2
809 987 3
817 978 1
817 851 2
837 850 1
840 987 4
849 987 3
851 978 2
851 858 3
857 915 2
858 991 8
863 993 1
863 994 2
865 890 2
872 987 3
873 987 3
881 928 1
890 997 3
890 923 2
915 971 1
915 953 1
921 923 4
925 955 2
925 987 3
936 951 3
954 978 1
955 987 3
957 978 1
969 977 1
977 996 4
977 1001 10
977 1004 5
978 988 2
987 994 3
