0
1
2
3
4
5
6
7
8
9
10
11
12
13
14
15
16
17
18
19
20
21
22
23
24
25
26
27
28
29
30
31
32
33
34
35
36
37
38
39
40
41
42
43
44
45
46
47
48
49
50
51
52
53
54
55
56
57
58
59
60
61
62
63
64
65
66
67
68
69
70
71
72
73
74
75
76
77
78
79
80
81
82
83
84
85
86
87
88
89
90
91
92
93
94
95
96
97
98
99
100
101
102
103
104
105
106
107
108
109
110
111
112
113
114
115
116
117
118
119
120
121
122
123
124
125
126
127
128
129
130
131
132
133
134
135
136
137
138
139
141
142
143
144
145
146
147
148
149
150
151
152
153
154
155
157
158
159
160
161
162
163
164
165
166
167
168
169
170
171
172
173
174
175
176
177
178
179
180
181
182
183
184
185
186
187
188
189
190
191
192
193
194
195
196
197
198
199
200
201
202
203
204
205
206
207
208
209
210
211
212
213
214
215
216
217
218
219
220
221
222
223
224
225
226
227
228
229
230
231
232
233
235
236
237
238
239
240
241
242
243
244
245
246
247
248
249
250
251
252
253
254
255
256
257
259
260
262
263
264
265
266
267
268
269
270
271
272
273
274
275
276
277
278
279
280
281
282
283
284
285
286
287
288
289
290
291
292
293
294
295
296
297
299
300
301
302
303
304
305
306
307
308
309
310
311
312
313
314
315
316
317
318
319
320
321
322
323
324
325
326
327
328
329
330
331
332
333
334
335
336
337
338
339
340
341
343
344
345
346
347
348
349
350
351
352
353
355
356
357
358
359
360
361
362
364
365
366
367
368
369
370
371
372
373
374
375
376
377
378
379
380
381
382
383
384
385
386
387
388
389
390
391
392
393
394
395
396
397
398
399
400
401
402
403
404
405
406
407
408
409
410
411
412
413
414
415
416
418
419
420
421
422
423
424
425
426
427
428
429
430
431
432
433
434
435
436
437
438
439
440
441
442
443
444
445
446
447
448
449
450
451
452
453
454
455
456
457
458
459
460
461
462
464
465
466
467
468
469
470
471
472
473
474
475
476
477
478
479
480
481
482
483
484
485
486
487
488
489
490
491
492
493
495
496
497
498
499
500
501
502
503
504
505
506
507
508
509
510
511
512
513
514
515
516
517
518
519
520
521
522
523
524
525
526
527
528
530
531
532
533
534
535
536
537
538
539
540
541
542
543
544
545
546
547
548
549
550
551
552
553
554
556
557
558
559
560
561
562
563
564
565
566
567
568
569
570
571
572
573
574
575
576
577
578
579
580
581
582
583
584
585
586
587
588
589
590
591
592
593
594
595
596
597
598
599
600
601
602
603
604
605
606
607
609
610
611
612
613
614
615
616
617
618
619
621
622
623
624
625
626
627
628
629
630
631
632
633
634
635
636
637
638
639
640
641
642
643
644
645
646
647
648
649
650
651
652
653
654
655
656
657
658
659
660
661
662
663
664
665
666
667
668
669
670
671
672
673
674
675
676
677
678
679
680
681
682
683
684
685
686
687
688
689
690
691
692
693
694
695
696
697
698
699
700
701
702
703
704
705
706
707
708
709
710
711
712
713
714
715
716
717
718
719
720
721
722
723
724
725
726
727
728
729
730
731
732
733
734
735
736
737
738
739
740
741
742
743
744
745
746
747
748
749
750
751
752
753
754
756
757
758
759
760
761
762
763
764
765
767
768
769
770
771
772
773
774
775
776
777
778
779
780
781
782
783
784
785
786
787
788
789
790
791
792
793
794
795
796
797
798
799
800
801
802
803
804
805
806
807
808
809
810
811
812
813
814
815
816
817
818
819
820
821
822
823
824
825
826
827
828
829
830
831
832
833
834
835
836
837
838
839
840
841
842
843
844
845
846
847
848
849
850
851
852
853
854
855
856
857
858
859
860
861
862
863
864
865
866
867
868
869
870
871
872
873
874
875
876
877
878
879
880
881
882
883
884
885
886
887
888
889
890
891
892
893
894
895
896
897
898
899
900
901
902
903
904
905
906
907
908
909
910
911
912
913
914
915
916
917
918
919
920
921
922
923
924
925
926
927
928
929
930
931
932
933
934
935
936
937
938
939
940
941
942
943
944
945
946
947
948
949
950
951
952
953
954
955
956
957
958
960
961
962
963
964
965
966
967
968
969
970
971
972
973
974
975
976
977
978
979
980
981
982
983
984
985
986
987
988
989
990
991
992
993
994
995
996
997
998
999
1000
1001
1002
1003
1004
0 178 3
0 716 2
1 310 1
2 923 1
2 4 1
2 231 2
2 168 1
2 77 2
2 500 1
2 790 4
2 953 3
2 283 2
4 848 2
4 135 2
5 335 1
5 175 2
6 248 1
6 569 1
6 178 3
8 293 1
12 870 1
13 516 1
14 644 1
14 199 1
14 1001 1
14 173 1
14 724 1
14 506 1
14 924 1
14 541 1
14 702 1
15 680 1
15 731 4
15 422 2
16 541 3
17 857 1
17 546 1
17 915 2
24 547 1
24 647 3
24 424 2
24 267 7
24 847 1
24 530 4
24 629 17
24 953 3
24 90 3
24 31 2
25 704 6
25 48 1
25 458 1
25 90 1
28 987 4
29 921 1
29 189 1
29 335 1
30 256 5
30 232 1
31 915 1
31 428 1
31 165 2
32 249 1
32 293 1
32 433 3
35 469 1
38 474 1
38 939 1
40 802 1
40 900 1
40 712 1
40 272 1
40 662 1
40 695 3
40 90 1
40 572 3
41 565 1
45 52 1
46 832 1
48 216 1
48 193 1
48 458 1
48 319 1
52 416 1
52 66 1
52 168 6
52 648 2
52 232 2
52 126 2
53 193 1
53 482 1
53 609 1
53 912 4
53 209 1
53 178 4
53 311 1
53 633 1
56 641 2
56 482 1
56 987 5
56 582 1
56 159 1
61 522 1
61 716 2
61 718 4
61 980 1
61 159 2
61 991 1
62 159 1
62 646 4
62 542 3
62 743 1
64 477 1
67 963 8
67 165 2
67 846 9
67 207 5
67 561 7
67 344 6
68 248 1
68 987 4
74 168 1
74 586 2
74 912 1
74 885 1
74 984 2
74 447 1
75 772 1
77 912 4
77 168 1
77 556 1
77 439 1
78 569 1
78 178 3
78 951 1
82 135 2
83 784 1
86 443 8
86 662 3
90 416 2
90 450 1
90 581 3
90 135 4
90 168 4
90 523 1
90 143 2
90 720 2
90 883 2
90 692 1
90 693 1
90 890 1
90 923 1
90 415 2
92 658 2
92 915 2
92 428 1
92 847 1
95 987 4
96 832 2
96 420 2
98 707 10
98 454 7
98 134 6
98 713 11
98 746 1
98 107 11
98 268 8
98 429 7
98 592 7
98 401 8
98 291 7
98 117 7
98 278 1
101 246 1
103 832 1
103 514 1
103 310 1
103 423 4
103 780 1
103 950 2
104 523 3
104 765 2
104 742 4
105 418 9
106 788 2
107 810 2
107 980 1
111 416 1
111 586 3
112 416 1
112 256 1
112 517 2
112 648 1
112 267 2
112 392 1
112 630 1
112 186 1
113 546 1
113 927 2
114 716 1
114 718 2
116 214 1
116 159 1
117 268 1
118 335 1
119 812 1
120 742 1
122 408 1
122 915 1
125 622 5
126 416 5
126 356 1
126 133 3
126 454 1
126 648 3
126 586 2
126 790 3
127 754 1
132 832 1
132 1001 1
132 828 1
133 648 1
133 168 1
134 592 1
134 291 1
134 454 1
135 581 12
135 870 2
135 936 1
135 170 3
135 594 2
135 942 1
135 720 1
135 742 1
135 371 3
135 628 8
135 248 2
135 292 3
135 607 1
136 546 1
136 200 1
136 428 2
136 207 2
136 371 2
136 857 1
136 915 5
139 832 1
142 915 2
142 159 1
147 926 2
147 230 1
149 716 4
149 718 2
152 443 7
153 977 3
157 416 1
157 347 4
157 740 1
159 290 1
159 617 1
159 810 2
159 334 1
159 178 1
159 787 5
159 214 2
159 695 3
159 724 1
159 923 4
160 546 1
160 629 4
161 443 2
164 638 1
165 401 1
165 915 1
165 207 1
166 416 1
166 586 1
166 573 2
167 954 1
167 851 1
167 988 3
167 469 2
167 630 3
168 416 4
168 260 14
168 984 10
168 648 4
168 356 2
168 586 4
168 782 7
168 557 3
168 912 12
168 232 3
168 790 1
168 472 6
168 313 1
168 607 1
168 575 4
170 855 1
170 581 1
171 933 2
173 657 1
173 506 1
173 541 1
175 849 3
175 335 1
175 275 1
175 737 1
178 409 3
178 538 3
178 295 3
178 693 3
178 569 1
178 710 3
178 333 3
178 976 3
178 339 3
178 470 3
178 599 6
178 605 3
178 862 3
178 991 3
178 482 2
178 228 3
178 502 7
178 249 3
178 767 3
180 639 1
180 727 4
181 724 3
184 832 1
184 333 1
184 862 1
185 201 1
185 762 1
185 833 2
186 256 2
186 517 1
186 648 2
186 267 2
186 313 1
187 337 1
187 450 1
188 469 1
189 609 1
189 546 1
189 410 1
191 752 1
193 592 1
193 997 2
193 940 1
193 633 1
194 229 2
199 996 2
199 924 1
200 915 5
201 643 1
201 335 1
207 547 1
207 647 1
207 656 1
207 424 1
207 469 1
207 795 2
207 988 1
208 335 1
209 912 1
214 290 2
214 540 4
214 746 6
214 687 1
214 278 1
214 923 6
214 316 1
214 671 1
216 321 1
216 499 1
226 248 1
227 966 1
228 569 1
228 335 1
231 955 1
231 764 1
231 264 1
231 329 1
231 624 1
231 245 2
231 233 1
231 248 1
231 698 1
231 987 4
231 540 4
231 830 1
231 607 1
232 912 1
232 472 2
232 575 1
233 245 1
236 335 1
239 951 2
241 469 1
245 764 1
245 264 1
245 329 1
245 624 1
245 248 1
245 698 1
245 987 4
245 540 3
246 724 1
248 789 1
248 540 1
248 945 1
248 692 2
248 571 1
248 450 1
248 836 1
248 581 1
248 840 1
248 329 1
248 588 1
248 591 2
248 338 1
248 746 2
248 364 1
248 506 1
248 891 1
248 764 1
249 569 1
250 886 1
250 927 2
251 987 5
256 416 3
256 356 4
256 517 1
256 294 1
256 648 2
256 267 5
256 478 1
256 313 4
260 912 10
260 472 1
260 447 1
264 329 3
267 674 1
267 517 4
267 648 3
267 586 2
267 493 1
267 392 1
267 530 15
267 435 1
267 313 1
267 891 3
267 478 1
268 291 1
268 454 1
268 713 1
268 633 1
272 450 1
275 849 2
275 479 1
278 923 1
278 316 1
280 629 3
290 566 1
291 401 1
293 724 1
293 502 1
293 605 1
293 862 1
295 569 1
299 388 1
301 493 1
301 469 1
302 915 1
306 742 9
311 697 1
311 987 4
311 540 1
313 416 1
313 648 1
316 344 1
316 915 2
318 332 1
319 832 1
319 458 1
319 347 2
319 558 2
321 565 4
322 879 1
323 832 1
326 416 1
326 687 1
327 381 3
329 819 1
332 500 1
333 569 1
334 460 2
334 502 1
334 534 1
335 643 1
335 532 3
335 664 1
335 537 1
335 670 1
335 808 1
335 553 1
335 810 1
335 688 1
335 464 1
335 468 1
335 985 1
335 737 1
335 1004 1
335 980 1
335 381 1
337 505 2
338 540 1
338 922 1
338 987 5
338 692 1
344 952 2
344 915 1
344 543 1
347 933 2
347 575 1
347 966 4
356 416 1
356 868 1
356 586 2
356 718 1
356 472 1
360 629 4
361 987 4
362 980 2
362 502 1
364 987 4
364 582 1
369 513 4
369 646 1
369 927 2
371 522 1
371 546 1
372 404 1
377 729 4
377 422 4
381 532 1
383 629 1
392 630 1
395 514 1
399 832 1
399 427 2
401 454 1
401 429 3
401 415 2
404 595 6
407 843 4
409 569 1
410 969 1
410 650 1
410 663 1
414 572 3
415 746 1
415 660 2
415 833 1
416 648 1
416 782 1
416 912 2
416 542 1
416 674 1
416 573 1
416 586 1
416 854 1
416 602 1
416 868 2
416 743 1
416 885 1
416 762 1
418 977 9
418 996 26
421 424 1
421 795 1
421 469 1
422 680 1
422 427 3
422 630 3
422 731 3
423 832 2
423 977 1
423 646 1
424 547 3
424 658 1
424 469 1
424 630 1
424 795 3
427 731 1
428 546 1
428 953 1
428 915 8
428 951 1
428 857 5
432 987 4
433 738 1
433 987 6
435 782 7
437 532 1
443 483 2
443 662 7
443 742 5
444 927 2
447 984 1
447 586 5
450 802 2
450 900 1
450 595 2
450 662 3
450 572 4
454 890 1
458 956 1
460 591 2
462 833 1
462 762 1
465 790 3
466 712 2
466 662 1
469 547 1
469 817 1
469 851 2
469 954 1
469 795 1
469 957 1
470 569 1
472 743 2
472 782 3
472 912 1
472 602 1
472 765 1
478 648 1
482 990 1
482 847 1
482 531 1
482 987 4
482 606 1
485 646 3
485 542 5
485 927 2
491 497 1
493 561 1
493 629 4
493 630 1
497 977 6
499 704 1
499 833 1
499 844 2
499 684 1
499 607 1
500 586 1
500 515 1
500 782 4
502 951 1
502 569 1
506 996 3
509 788 1
509 735 1
510 622 3
511 987 4
513 823 3
513 646 2
513 927 2
514 832 2
515 648 1
517 648 1
522 891 2
522 546 2
526 629 12
526 630 2
528 980 1
530 891 11
530 629 28
531 987 4
531 923 3
535 823 2
535 927 2
538 569 1
538 951 1
540 987 5
540 840 2
540 855 4
540 692 1
540 697 2
540 698 2
540 955 5
540 925 1
541 643 2
541 783 1
542 546 1
542 646 1
542 927 2
543 915 1
546 684 1
546 550 1
546 679 1
546 841 2
546 912 1
546 851 1
546 565 1
546 920 1
546 915 1
551 646 1
551 927 2
552 978 1
552 951 1
553 670 1
558 704 1
558 956 1
558 565 1
561 629 4
561 846 7
563 731 2
569 710 1
569 599 1
569 693 1
569 767 1
569 862 1
569 991 1
572 862 2
572 693 1
573 586 1
575 782 5
577 686 1
580 669 1
581 742 4
581 936 1
581 628 2
582 987 4
586 868 1
586 984 6
586 687 1
587 720 3
591 746 5
591 923 3
595 754 3
595 934 4
602 743 1
603 622 1
605 700 1
605 670 1
609 997 3
609 633 1
609 923 1
617 833 1
622 676 4
629 685 10
629 658 5
629 846 4
629 630 14
629 631 4
629 891 10
630 891 1
634 788 1
638 950 1
638 663 1
641 987 4
643 1004 1
646 927 2
647 915 4
647 847 1
650 738 1
650 682 1
650 654 1
650 783 1
650 828 1
654 738 3
654 783 2
659 742 6
662 900 1
662 700 1
669 862 1
670 980 1
671 995 3
672 844 4
680 707 1
684 704 2
684 844 2
685 1001 1
685 724 1
687 923 4
692 742 1
692 746 5
693 710 1
697 925 1
697 855 3
698 840 1
698 873 1
698 764 1
700 790 1
707 880 1
710 832 1
718 754 1
719 738 2
720 936 1
720 833 2
722 927 3
724 796 1
731 741 1
737 849 2
738 921 1
738 923 3
740 788 1
742 993 2
742 835 4
742 901 1
742 784 2
742 863 1
746 935 15
746 923 8
754 883 1
761 881 3
761 837 1
764 994 5
764 987 4
769 830 1
770 927 2
774 947 31
779 832 2
779 843 1
780 832 1
782 923 2
789 987 4
790 812 11
809 987 4
823 927 2
828 969 1
832 936 2
832 1001 1
838 857 1
838 953 2
840 987 4
843 883 1
849 987 4
849 951 1
850 996 1
851 988 3
854 927 2
857 915 5
861 934 1
872 987 4
873 987 4
883 936 1
890 923 1
915 971 2
915 953 5
915 952 2
915 990 1
921 923 2
933 966 3
935 966 3
951 996 2
955 987 4
977 996 4
977 1001 20
977 1004 3
978 988 4
987 994 4
