0
1
2
3
4
5
6
7
8
9
10
11
12
13
14
15
16
17
18
19
20
21
22
23
24
25
26
27
28
29
30
31
32
33
34
35
36
37
38
39
40
41
42
43
44
45
46
47
48
49
50
51
52
53
54
55
56
57
58
59
60
61
62
63
64
65
66
67
68
69
70
71
72
73
74
75
76
77
78
79
80
81
82
83
84
85
86
87
88
89
90
91
92
93
94
95
96
97
98
99
100
101
102
103
104
105
106
107
108
109
110
111
112
113
114
115
116
117
118
119
120
121
122
123
124
125
126
127
128
129
130
131
132
133
134
135
136
137
138
139
141
142
143
144
145
146
147
148
149
150
151
152
153
154
155
157
158
159
160
161
162
163
164
165
166
167
168
169
170
171
172
173
174
175
176
177
178
179
180
181
182
183
184
185
186
187
188
189
190
191
192
193
194
195
196
197
198
199
200
201
202
203
204
205
206
207
208
209
210
211
212
213
214
215
216
217
218
219
220
221
222
223
224
225
226
227
228
229
230
231
232
233
235
236
237
238
239
240
241
242
243
244
245
246
247
248
249
250
251
252
253
254
255
256
257
259
260
262
263
264
265
266
267
268
269
270
271
272
273
274
275
276
277
278
279
280
281
282
283
284
285
286
287
288
289
290
291
292
293
294
295
296
297
299
300
301
302
303
304
305
306
307
308
309
310
311
312
313
314
315
316
317
318
319
320
321
322
323
324
325
326
327
328
329
330
331
332
333
334
335
336
337
338
339
340
341
343
344
345
346
347
348
349
350
351
352
353
355
356
357
358
359
360
361
362
364
365
366
367
368
369
370
371
372
373
374
375
376
377
378
379
380
381
382
383
384
385
386
387
388
389
390
391
392
393
394
395
396
397
398
399
400
401
402
403
404
405
406
407
408
409
410
411
412
413
414
415
416
418
419
420
421
422
423
424
425
426
427
428
429
430
431
432
433
434
435
436
437
438
439
440
441
442
443
444
445
446
447
448
449
450
451
452
453
454
455
456
457
458
459
460
461
462
464
465
466
467
468
469
470
471
472
473
474
475
476
477
478
479
480
481
482
483
484
485
486
487
488
489
490
491
492
493
495
496
497
498
499
500
501
502
503
504
505
506
507
508
509
510
511
512
513
514
515
516
517
518
519
520
521
522
523
524
525
526
527
528
530
531
532
533
534
535
536
537
538
539
540
541
542
543
544
545
546
547
548
549
550
551
552
553
554
556
557
558
559
560
561
562
563
564
565
566
567
568
569
570
571
572
573
574
575
576
577
578
579
580
581
582
583
584
585
586
587
588
589
590
591
592
593
594
595
596
597
598
599
600
601
602
603
604
605
606
607
609
610
611
612
613
614
615
616
617
618
619
621
622
623
624
625
626
627
628
629
630
631
632
633
634
635
636
637
638
639
640
641
642
643
644
645
646
647
648
649
650
651
652
653
654
655
656
657
658
659
660
661
662
663
664
665
666
667
668
669
670
671
672
673
674
675
676
677
678
679
680
681
682
683
684
685
686
687
688
689
690
691
692
693
694
695
696
697
698
699
700
701
702
703
704
705
706
707
708
709
710
711
712
713
714
715
716
717
718
719
720
721
722
723
724
725
726
727
728
729
730
731
732
733
734
735
736
737
738
739
740
741
742
743
744
745
746
747
748
749
750
751
752
753
754
756
757
758
759
760
761
762
763
764
765
767
768
769
770
771
772
773
774
775
776
777
778
779
780
781
782
783
784
785
786
787
788
789
790
791
792
793
794
795
796
797
798
799
800
801
802
803
804
805
806
807
808
809
810
811
812
813
814
815
816
817
818
819
820
821
822
823
824
825
826
827
828
829
830
831
832
833
834
835
836
837
838
839
840
841
842
843
844
845
846
847
848
849
850
851
852
853
854
855
856
857
858
859
860
861
862
863
864
865
866
867
868
869
870
871
872
873
874
875
876
877
878
879
880
881
882
883
884
885
886
887
888
889
890
891
892
893
894
895
896
897
898
899
900
901
902
903
904
905
906
907
908
909
910
911
912
913
914
915
916
917
918
919
920
921
922
923
924
925
926
927
928
929
930
931
932
933
934
935
936
937
938
939
940
941
942
943
944
945
946
947
948
949
950
951
952
953
954
955
956
957
958
960
961
962
963
964
965
966
967
968
969
970
971
972
973
974
975
976
977
978
979
980
981
982
983
984
985
986
987
988
989
990
991
992
993
994
995
996
997
998
999
1000
1001
1002
1003
1004
0 6 1
0 228 1
0 118 3
0 710 1
0 295 1
0 502 1
0 599 1
0 333 1
0 78 1
0 976 1
0 178 1
0 693 1
0 470 1
0 409 1
0 249 2
0 538 1
0 767 1
0 732 1
0 605 1
0 862 1
0 991 1
1 309 1
2 178 1
2 526 5
2 530 2
2 790 3
2 151 2
2 700 1
2 61 1
4 720 1
4 771 7
4 135 2
5 898 1
5 107 1
5 808 1
5 553 1
5 491 1
5 381 1
5 464 1
5 980 1
5 118 3
5 335 1
5 29 2
5 670 2
6 178 2
6 237 1
12 720 1
13 546 1
13 516 1
13 693 1
14 881 16
14 516 1
15 680 1
15 731 1
15 422 2
15 406 2
15 943 2
16 724 1
17 92 1
17 857 3
17 428 2
17 165 1
24 160 1
24 647 1
24 142 6
24 629 9
24 280 1
24 445 1
25 704 1
25 499 1
25 684 1
28 987 5
29 335 1
29 381 1
30 356 6
30 936 3
30 232 1
30 52 1
30 313 2
30 90 1
30 765 3
31 915 1
31 165 5
31 838 1
31 847 1
32 977 1
32 197 1
32 718 2
32 143 1
35 978 1
35 469 1
40 193 1
40 90 1
40 415 2
40 450 3
40 687 1
41 723 3
41 565 4
41 499 1
45 575 1
48 458 1
48 499 1
52 868 1
52 133 1
52 168 1
52 232 1
52 313 1
52 472 1
52 356 1
53 193 2
53 923 3
53 454 2
53 633 2
56 482 1
56 987 6
61 522 4
61 718 5
61 591 1
62 356 2
62 646 3
62 743 2
62 168 2
62 912 2
62 472 4
62 765 1
62 542 2
64 477 1
65 687 2
66 575 1
67 963 11
67 165 1
67 846 3
67 207 2
67 561 4
67 344 2
68 176 2
68 987 5
72 135 3
73 499 1
74 416 1
74 166 1
74 168 3
74 586 4
74 782 2
74 912 6
74 885 2
74 984 7
74 447 2
75 612 1
75 334 1
77 912 1
77 472 1
77 575 2
78 178 2
82 720 1
82 628 1
82 135 2
83 771 1
83 443 1
90 416 1
90 987 1
90 613 1
90 142 2
90 143 1
90 104 1
90 530 1
90 693 1
90 761 1
90 506 1
90 927 1
90 703 1
91 415 1
92 847 1
95 338 1
95 987 5
98 707 26
98 454 16
98 134 20
98 713 25
98 107 26
98 268 25
98 429 21
98 592 21
98 401 25
98 291 14
98 117 19
98 278 8
101 423 3
103 514 1
103 310 5
103 423 12
104 523 4
104 765 4
105 418 8
105 374 1
107 643 1
107 810 1
107 335 2
111 416 2
112 256 1
112 648 1
112 186 1
112 267 1
112 517 1
113 927 3
114 275 1
114 718 2
117 454 1
118 553 3
118 532 5
118 335 1
120 500 1
120 586 2
120 772 2
120 546 1
120 927 1
122 915 1
122 718 2
125 622 1
126 984 4
126 586 3
126 573 2
127 866 1
131 516 1
133 256 4
133 984 1
133 765 1
134 592 10
134 291 6
134 454 8
135 835 1
135 292 1
135 581 5
135 870 2
135 936 1
135 170 3
135 942 5
135 176 2
135 371 2
135 628 3
135 772 1
135 443 1
135 157 2
136 200 1
136 857 1
136 160 1
136 629 2
136 165 1
137 581 1
139 780 1
141 241 1
141 978 1
141 188 1
141 630 2
142 647 3
142 428 2
142 847 1
142 915 5
142 159 1
143 731 2
143 422 1
147 577 1
147 772 1
147 715 1
147 972 1
147 590 2
147 927 1
149 377 2
149 372 2
149 718 3
150 235 1
151 290 3
151 253 1
152 443 2
157 462 1
159 160 1
159 802 1
159 742 3
159 713 1
159 171 5
159 290 1
159 214 1
159 923 2
159 671 1
160 838 1
160 526 2
160 629 6
161 450 2
164 402 2
165 847 1
165 401 13
165 344 1
165 316 2
166 762 2
166 586 5
166 356 1
167 978 1
167 851 1
167 469 1
167 630 3
168 356 3
168 743 1
168 232 1
168 782 3
168 912 6
168 984 4
168 586 1
168 790 1
168 885 1
168 472 5
168 447 1
168 765 1
168 575 1
169 595 2
170 720 1
170 697 1
170 267 4
170 581 2
171 355 1
173 516 1
175 737 1
175 423 5
175 335 1
175 849 2
175 275 1
175 446 1
176 769 2
176 482 2
176 995 2
176 836 2
176 581 2
176 329 2
176 746 2
176 588 2
176 692 2
176 245 2
176 855 2
176 641 2
176 764 2
178 752 1
178 482 1
178 228 1
178 502 18
178 710 1
178 599 1
178 333 1
178 976 1
178 693 2
178 470 1
178 409 1
178 249 2
178 538 1
178 605 1
178 862 3
178 767 2
181 190 1
184 423 1
186 256 2
186 517 2
186 648 2
186 267 2
186 313 1
187 712 5
188 547 1
188 978 2
188 469 1
188 280 2
188 988 2
189 208 1
189 896 1
189 718 6
189 977 2
190 353 1
190 614 1
190 589 1
190 656 1
190 274 1
190 920 1
190 373 1
191 413 1
191 334 1
191 927 2
192 381 2
193 290 3
193 714 3
193 272 3
193 242 1
193 633 6
193 830 4
197 738 2
197 923 2
197 516 1
199 996 2
199 506 1
199 516 1
199 738 1
200 952 2
200 915 5
200 630 4
200 344 1
201 335 3
207 424 5
207 978 1
207 469 2
207 847 1
208 977 1
208 335 1
214 578 1
214 763 2
214 290 2
214 687 1
214 912 1
214 692 1
214 662 2
214 923 1
216 321 1
216 499 1
220 692 2
220 749 1
223 462 1
223 343 1
228 693 1
228 502 1
229 568 1
229 421 1
230 277 1
231 994 1
231 624 1
231 245 4
231 698 1
231 987 6
231 540 1
232 356 1
232 313 1
232 699 1
232 575 1
233 450 2
233 306 2
233 245 2
236 335 1
237 896 2
239 939 1
241 469 1
245 624 1
245 764 2
245 264 2
245 692 1
245 329 1
245 698 1
245 987 6
245 540 2
246 377 1
246 275 1
246 724 2
246 423 3
248 462 1
250 886 2
250 927 4
251 987 5
253 290 2
253 566 1
256 356 1
256 517 2
256 648 2
256 267 3
256 313 1
256 478 1
257 416 1
260 912 8
260 472 1
260 575 1
267 586 1
267 517 3
267 648 3
267 459 1
267 662 1
267 435 2
267 854 2
267 313 1
267 891 4
267 445 1
267 478 1
268 633 1
268 454 1
270 516 1
272 450 1
272 900 1
272 662 2
272 568 2
272 379 1
273 951 2
274 552 1
275 327 2
278 833 1
278 776 1
278 290 2
278 462 1
278 915 3
280 915 1
280 629 2
280 647 3
281 546 1
281 491 1
281 718 4
284 422 4
290 566 1
290 589 6
291 454 2
291 401 7
291 429 2
292 581 1
293 547 1
293 693 3
293 718 3
294 416 2
294 313 1
299 559 1
301 978 2
301 469 1
302 847 1
306 450 4
306 771 4
306 742 4
306 784 1
306 659 2
306 443 1
306 703 1
307 659 2
310 368 1
311 955 2
311 855 1
311 697 3
311 987 6
311 540 3
311 383 1
313 416 1
313 356 1
313 517 1
313 648 2
318 326 1
319 499 1
321 618 1
321 499 2
321 565 1
325 718 1
327 516 1
327 381 5
329 427 1
329 910 1
329 819 1
329 540 2
332 435 2
334 416 2
334 609 1
334 772 1
334 586 1
334 462 1
334 752 2
334 612 2
334 890 1
335 643 1
335 664 2
335 537 6
335 670 2
335 808 1
335 553 5
335 810 1
335 688 1
335 468 1
335 985 1
335 737 5
335 1004 1
335 464 1
335 980 1
335 381 1
338 987 5
338 540 2
338 773 1
338 415 1
341 915 9
343 879 1
343 663 4
344 857 1
347 966 1
353 891 4
356 743 3
356 586 2
356 912 6
356 472 10
356 574 1
356 765 3
356 927 1
360 891 1
360 629 2
361 987 5
362 383 2
364 987 6
364 764 1
368 740 1
369 513 1
369 927 4
371 720 1
374 953 1
377 866 1
377 630 1
377 422 5
377 423 2
377 457 3
377 716 1
377 718 2
377 729 4
379 568 2
380 712 1
381 664 1
383 589 3
383 720 2
383 854 2
383 887 3
383 922 1
383 586 4
392 674 1
393 907 1
398 712 2
401 454 10
401 429 12
401 415 9
404 595 2
407 896 1
407 843 1
413 746 1
413 927 9
413 935 8
415 544 1
415 833 1
415 997 1
416 592 3
416 772 2
416 617 1
416 586 8
416 765 2
416 912 2
416 573 1
416 500 2
416 984 1
416 923 2
416 927 1
418 977 16
418 996 54
420 559 1
421 424 5
421 978 1
421 847 1
421 469 1
422 731 1
423 832 1
423 710 1
423 779 1
423 977 9
423 849 2
424 847 1
424 978 1
424 469 1
424 795 5
424 990 4
427 955 2
428 857 2
428 915 4
429 454 8
432 987 5
433 738 3
433 987 6
435 500 1
435 586 3
435 782 1
437 516 1
440 664 1
443 450 2
443 742 1
443 662 3
443 602 2
444 927 4
445 891 6
447 984 1
450 802 1
450 771 2
450 900 3
450 462 1
450 595 1
450 662 4
450 703 1
454 609 1
454 713 2
454 1003 2
454 592 6
454 927 1
456 720 1
458 499 1
458 844 1
462 783 1
462 833 3
462 591 1
462 517 1
462 742 1
462 617 1
462 718 1
462 687 1
462 851 1
462 692 1
462 670 1
462 762 1
462 923 1
462 542 1
466 712 1
469 547 1
469 817 1
469 978 2
469 630 4
469 954 1
469 795 1
469 957 1
470 605 1
471 716 2
471 718 1
472 743 5
472 782 4
472 912 6
472 765 2
478 648 1
478 517 1
482 847 2
482 531 1
482 987 5
485 927 4
485 542 2
485 551 1
488 568 2
493 891 1
493 629 2
493 630 3
495 568 2
497 977 4
499 833 2
499 684 2
499 918 1
499 679 1
499 844 1
499 558 1
499 723 1
499 758 1
499 956 1
499 618 1
500 586 2
500 772 2
502 565 2
502 607 1
506 644 1
506 516 1
506 783 1
506 881 2
506 996 1
508 516 1
509 780 1
509 638 1
509 822 1
510 622 1
511 987 5
513 927 4
514 832 1
514 780 1
514 950 1
516 644 1
516 650 1
516 783 3
516 657 1
516 532 2
516 921 1
516 923 1
516 924 1
516 541 1
516 837 1
516 653 1
516 682 1
516 654 1
516 576 1
516 719 1
516 850 1
516 979 1
516 738 1
516 996 1
516 743 1
516 1001 1
516 747 1
516 881 4
516 702 1
516 745 1
516 761 1
517 674 2
517 803 2
517 648 2
517 952 2
526 530 2
526 629 2
528 589 1
530 685 2
530 629 7
530 630 1
530 891 5
531 987 5
532 537 2
532 761 1
535 927 3
535 823 3
537 664 1
538 951 2
540 736 2
540 955 12
540 582 5
540 840 1
540 855 3
540 873 1
540 697 4
540 698 1
540 987 5
540 925 2
541 996 2
542 586 1
542 823 1
542 927 3
543 952 1
546 640 1
546 771 1
546 772 2
546 550 2
546 784 1
546 629 2
546 920 1
547 978 2
550 920 2
551 927 3
552 978 2
552 614 1
552 847 1
557 912 1
558 956 1
561 629 2
561 846 4
561 847 1
562 612 2
563 731 2
565 679 1
565 684 2
565 723 3
565 956 1
568 947 2
573 586 3
575 782 8
580 669 1
581 720 1
581 855 1
581 772 3
582 849 2
582 987 5
586 687 3
586 984 5
586 762 3
587 720 5
589 867 1
589 909 1
591 776 1
592 713 2
592 948 1
592 927 6
595 718 3
599 693 1
602 765 1
602 743 6
605 693 1
607 927 1
609 865 1
609 997 1
609 951 1
609 927 1
612 740 2
612 633 1
612 893 2
612 735 2
614 978 1
617 833 1
617 633 1
624 873 1
624 955 1
626 807 2
628 720 1
629 658 2
629 685 2
629 846 1
629 630 2
629 631 2
629 891 12
629 927 1
630 952 1
633 923 3
640 772 1
641 987 5
643 664 1
643 685 1
646 927 3
647 847 1
647 915 3
647 990 1
648 765 2
650 783 1
654 738 5
654 783 1
659 742 2
662 802 1
663 879 1
664 737 1
664 810 2
664 985 1
671 865 1
679 684 1
680 720 1
680 790 2
682 772 1
684 704 1
684 844 1
684 918 1
685 1001 1
685 724 3
687 776 1
692 746 1
693 890 1
693 862 1
697 771 1
697 855 7
697 925 4
698 840 1
698 873 1
698 764 1
700 891 2
700 790 2
703 771 2
704 743 1
708 718 1
711 718 1
716 866 1
716 718 7
718 904 2
718 754 2
718 724 4
718 866 2
718 883 2
718 980 1
719 738 2
719 783 1
720 833 2
720 870 1
720 855 1
722 927 3
723 758 2
738 783 7
738 923 1
742 835 4
742 900 1
742 951 1
746 923 1
746 935 9
758 956 2
758 844 5
758 918 2
761 804 1
764 994 3
764 840 1
764 987 13
770 927 4
772 987 1
772 923 1
773 955 2
774 947 46
776 923 2
779 843 1
779 883 1
782 880 1
782 984 1
789 872 1
789 987 5
790 812 2
795 978 1
795 847 1
809 987 5
817 978 1
823 927 4
828 837 1
838 952 1
840 987 5
844 956 1
847 936 1
847 990 1
849 987 6
851 978 2
854 927 4
855 955 1
855 925 1
857 915 3
861 934 2
865 975 1
872 987 5
873 987 5
885 984 1
890 923 2
911 1004 2
912 984 1
921 1004 3
921 977 4
924 996 2
925 955 2
933 966 3
935 966 1
954 978 1
955 987 6
957 978 1
977 1001 8
977 1004 3
978 988 1
987 994 6
