0
1
2
3
4
5
6
7
8
9
10
11
12
13
14
15
16
17
18
19
20
21
22
23
24
25
26
27
28
29
30
31
32
33
34
35
36
37
38
39
40
41
42
43
44
45
46
47
48
49
50
51
52
53
54
55
56
57
58
59
60
61
62
63
64
65
66
67
68
69
70
71
72
73
74
75
76
77
78
79
80
81
82
83
84
85
86
87
88
89
90
91
92
93
94
95
96
97
98
99
100
101
102
103
104
105
106
107
108
109
110
111
112
113
114
115
116
117
118
119
120
121
122
123
124
125
126
127
128
129
130
131
132
133
134
135
136
137
138
139
141
142
143
144
145
146
147
148
149
150
151
152
153
154
155
157
158
159
160
161
162
163
164
165
166
167
168
169
170
171
172
173
174
175
176
177
178
179
180
181
182
183
184
185
186
187
188
189
190
191
192
193
194
195
196
197
198
199
200
201
202
203
204
205
206
207
208
209
210
211
212
213
214
215
216
217
218
219
220
221
222
223
224
225
226
227
228
229
230
231
232
233
235
236
237
238
239
240
241
242
243
244
245
246
247
248
249
250
251
252
253
254
255
256
257
259
260
262
263
264
265
266
267
268
269
270
271
272
273
274
275
276
277
278
279
280
281
282
283
284
285
286
287
288
289
290
291
292
293
294
295
296
297
299
300
301
302
303
304
305
306
307
308
309
310
311
312
313
314
315
316
317
318
319
320
321
322
323
324
325
326
327
328
329
330
331
332
333
334
335
336
337
338
339
340
341
343
344
345
346
347
348
349
350
351
352
353
355
356
357
358
359
360
361
362
364
365
366
367
368
369
370
371
372
373
374
375
376
377
378
379
380
381
382
383
384
385
386
387
388
389
390
391
392
393
394
395
396
397
398
399
400
401
402
403
404
405
406
407
408
409
410
411
412
413
414
415
416
418
419
420
421
422
423
424
425
426
427
428
429
430
431
432
433
434
435
436
437
438
439
440
441
442
443
444
445
446
447
448
449
450
451
452
453
454
455
456
457
458
459
460
461
462
464
465
466
467
468
469
470
471
472
473
474
475
476
477
478
479
480
481
482
483
484
485
486
487
488
489
490
491
492
493
495
496
497
498
499
500
501
502
503
504
505
506
507
508
509
510
511
512
513
514
515
516
517
518
519
520
521
522
523
524
525
526
527
528
530
531
532
533
534
535
536
537
538
539
540
541
542
543
544
545
546
547
548
549
550
551
552
553
554
556
557
558
559
560
561
562
563
564
565
566
567
568
569
570
571
572
573
574
575
576
577
578
579
580
581
582
583
584
585
586
587
588
589
590
591
592
593
594
595
596
597
598
599
600
601
602
603
604
605
606
607
609
610
611
612
613
614
615
616
617
618
619
621
622
623
624
625
626
627
628
629
630
631
632
633
634
635
636
637
638
639
640
641
642
643
644
645
646
647
648
649
650
651
652
653
654
655
656
657
658
659
660
661
662
663
664
665
666
667
668
669
670
671
672
673
674
675
676
677
678
679
680
681
682
683
684
685
686
687
688
689
690
691
692
693
694
695
696
697
698
699
700
701
702
703
704
705
706
707
708
709
710
711
712
713
714
715
716
717
718
719
720
721
722
723
724
725
726
727
728
729
730
731
732
733
734
735
736
737
738
739
740
741
742
743
744
745
746
747
748
749
750
751
752
753
754
756
757
758
759
760
761
762
763
764
765
767
768
769
770
771
772
773
774
775
776
777
778
779
780
781
782
783
784
785
786
787
788
789
790
791
792
793
794
795
796
797
798
799
800
801
802
803
804
805
806
807
808
809
810
811
812
813
814
815
816
817
818
819
820
821
822
823
824
825
826
827
828
829
830
831
832
833
834
835
836
837
838
839
840
841
842
843
844
845
846
847
848
849
850
851
852
853
854
855
856
857
858
859
860
861
862
863
864
865
866
867
868
869
870
871
872
873
874
875
876
877
878
879
880
881
882
883
884
885
886
887
888
889
890
891
892
893
894
895
896
897
898
899
900
901
902
903
904
905
906
907
908
909
910
911
912
913
914
915
916
917
918
919
920
921
922
923
924
925
926
927
928
929
930
931
932
933
934
935
936
937
938
939
940
941
942
943
944
945
946
947
948
949
950
951
952
953
954
955
956
957
958
960
961
962
963
964
965
966
967
968
969
970
971
972
973
974
975
976
977
978
979
980
981
982
983
984
985
986
987
988
989
990
991
992
993
994
995
996
997
998
999
1000
1001
1002
1003
1004
0 732 1
0 605 1
1 309 1
1 310 2
5 491 2
5 175 1
5 135 7
6 249 1
6 410 1
13 743 2
14 924 1
15 731 1
16 19 1
17 200 1
24 530 1
24 629 6
24 647 1
30 868 3
30 168 1
30 942 2
30 912 1
30 356 1
30 765 1
31 200 1
31 165 5
34 997 3
38 324 3
38 309 1
40 703 1
40 572 1
40 159 1
41 723 4
41 565 7
42 402 1
45 66 5
48 704 1
48 458 2
48 684 1
48 558 2
53 901 1
53 159 1
56 772 2
58 586 1
58 909 2
61 450 1
61 443 2
61 517 1
61 233 1
61 718 5
61 991 6
61 127 1
62 542 3
62 646 2
62 159 2
65 135 4
66 986 2
66 966 1
67 963 1
67 165 3
67 207 3
72 120 1
72 772 2
75 338 1
75 607 2
77 168 10
77 912 1
77 260 2
86 443 3
86 703 1
90 485 1
90 843 1
90 236 1
90 173 1
90 657 1
90 506 1
92 200 1
98 592 1
98 107 1
98 707 1
101 246 1
103 310 2
104 765 1
106 1001 1
106 788 3
106 828 1
107 553 2
107 236 1
107 537 1
107 335 3
112 803 3
112 517 1
114 410 1
114 479 1
117 268 1
120 454 1
122 924 1
126 416 1
126 586 1
126 356 1
133 984 1
133 765 1
135 942 13
135 371 1
135 341 2
135 581 6
136 200 1
136 857 2
136 428 2
136 990 1
137 936 1
137 771 2
141 241 1
142 200 1
147 277 1
147 590 2
147 926 2
150 415 4
151 253 1
157 462 1
159 450 1
159 647 1
159 290 1
159 712 1
159 214 2
159 923 2
160 586 1
160 629 2
165 200 2
165 428 1
165 401 4
165 344 1
165 316 2
166 416 2
166 500 2
166 586 3
166 356 2
166 762 1
168 356 3
168 586 2
168 912 12
168 885 1
168 472 2
168 260 12
173 924 1
185 830 2
189 410 3
189 462 1
190 891 1
191 415 4
193 880 1
193 633 3
193 923 1
199 924 1
200 344 1
200 647 1
200 971 1
200 428 1
200 915 1
200 302 1
200 953 1
200 952 1
200 857 1
200 543 1
200 990 1
201 410 1
201 724 1
202 629 1
207 424 7
207 795 2
207 469 3
207 558 1
208 652 1
214 290 1
214 935 1
214 712 1
214 746 1
214 647 2
214 450 2
223 368 1
223 462 1
223 343 1
228 605 1
228 502 2
229 469 1
230 890 1
231 698 1
231 987 3
231 540 1
231 738 1
231 607 1
232 575 1
233 752 1
233 692 2
236 537 1
236 410 2
243 772 1
245 698 1
248 462 2
248 718 2
249 410 1
249 605 1
256 472 1
256 356 1
256 765 1
260 912 3
267 586 1
267 891 1
268 633 1
268 291 1
268 454 1
272 572 1
272 900 1
272 742 2
280 528 1
280 530 1
280 629 3
280 658 1
290 687 1
291 454 1
293 718 4
294 817 1
299 509 1
303 950 2
306 703 1
307 769 2
307 692 1
308 926 1
310 368 1
311 955 1
311 540 1
317 441 2
319 558 1
324 534 1
324 638 1
324 591 1
327 381 1
329 764 1
329 582 1
333 605 1
334 923 1
334 462 1
334 607 1
337 505 5
337 388 1
343 505 3
343 534 3
347 933 2
353 891 3
356 416 1
356 586 2
356 912 3
356 762 1
356 765 1
360 530 1
360 629 2
362 369 1
362 613 1
362 383 1
364 764 1
365 410 1
377 630 1
379 568 1
388 853 1
392 674 1
401 429 1
401 454 2
401 415 4
405 581 2
409 506 2
410 1004 1
410 904 1
410 652 1
410 716 1
410 718 1
410 595 1
410 470 1
415 833 2
415 569 4
415 607 2
416 586 1
416 454 1
421 424 8
421 795 1
422 680 1
423 514 1
423 563 2
423 710 5
423 607 1
424 795 9
424 990 1
428 647 2
428 915 3
428 857 1
429 454 1
432 881 1
438 818 3
443 662 2
443 742 2
443 703 3
444 535 1
444 927 1
449 462 1
450 462 1
450 572 1
454 772 1
458 704 1
458 684 1
458 558 1
462 783 1
462 833 5
462 517 1
462 742 1
462 718 1
462 687 1
462 851 2
462 692 1
462 670 1
462 591 1
462 923 1
462 542 1
470 789 3
470 605 1
479 904 2
479 586 1
481 723 1
482 531 2
488 568 1
493 530 1
493 629 1
493 630 2
495 568 1
502 976 1
502 890 2
502 538 1
502 605 1
505 534 4
506 924 1
506 783 1
509 780 1
512 708 1
516 881 1
516 738 1
516 761 1
516 783 1
517 803 1
526 530 1
526 629 2
528 772 1
530 629 9
530 630 2
530 569 1
530 891 3
531 987 1
534 591 1
534 692 2
538 862 1
540 840 1
540 855 1
540 698 2
540 955 2
540 925 1
542 812 1
542 646 1
553 808 1
558 956 1
561 629 1
561 846 2
581 720 2
581 703 1
586 984 1
586 762 1
586 765 1
588 987 1
591 923 1
591 607 2
596 802 1
602 765 1
605 710 1
605 862 1
607 692 1
609 890 1
613 772 1
626 936 1
629 658 1
629 685 2
629 978 2
629 846 1
629 630 2
629 631 2
629 891 3
629 894 1
643 881 1
643 685 2
644 924 1
648 765 1
650 761 1
650 654 1
654 738 1
654 682 1
654 991 1
672 844 2
682 924 1
685 1001 1
685 898 5
685 724 1
698 840 1
698 873 1
698 764 1
700 790 1
702 924 1
703 835 1
703 784 1
708 718 1
712 714 1
716 980 2
718 777 1
718 724 5
718 980 1
723 758 1
724 843 1
738 783 1
738 761 1
738 923 1
742 900 1
743 912 2
758 956 1
771 784 2
772 993 1
772 775 1
772 812 1
773 955 1
776 890 3
789 987 2
795 978 1
832 879 1
837 924 1
840 987 1
862 976 2
868 912 1
890 1003 1
924 1001 1
925 955 1
955 987 1
