0
1
2
3
4
5
6
7
8
9
10
11
12
13
14
15
16
17
18
19
20
21
22
23
24
25
26
27
28
29
30
31
32
33
34
35
36
37
38
39
40
41
42
43
44
45
46
47
48
49
50
51
52
53
54
55
56
57
58
59
60
61
62
63
64
65
66
67
68
69
70
71
72
73
74
75
76
77
78
79
80
81
82
83
84
85
86
87
88
89
90
91
92
93
94
95
96
97
98
99
100
101
102
103
104
105
106
107
108
109
110
111
112
113
114
115
116
117
118
119
120
121
122
123
124
125
126
127
128
129
130
131
132
133
134
135
136
137
138
139
141
142
143
144
145
146
147
148
149
150
151
152
153
154
155
157
158
159
160
161
162
163
164
165
166
167
168
169
170
171
172
173
174
175
176
177
178
179
180
181
182
183
184
185
186
187
188
189
190
191
192
193
194
195
196
197
198
199
200
201
202
203
204
205
206
207
208
209
210
211
212
213
214
215
216
217
218
219
220
221
222
223
224
225
226
227
228
229
230
231
232
233
235
236
237
238
239
240
241
242
243
244
245
246
247
248
249
250
251
252
253
254
255
256
257
259
260
262
263
264
265
266
267
268
269
270
271
272
273
274
275
276
277
278
279
280
281
282
283
284
285
286
287
288
289
290
291
292
293
294
295
296
297
299
300
301
302
303
304
305
306
307
308
309
310
311
312
313
314
315
316
317
318
319
320
321
322
323
324
325
326
327
328
329
330
331
332
333
334
335
336
337
338
339
340
341
343
344
345
346
347
348
349
350
351
352
353
355
356
357
358
359
360
361
362
364
365
366
367
368
369
370
371
372
373
374
375
376
377
378
379
380
381
382
383
384
385
386
387
388
389
390
391
392
393
394
395
396
397
398
399
400
401
402
403
404
405
406
407
408
409
410
411
412
413
414
415
416
418
419
420
421
422
423
424
425
426
427
428
429
430
431
432
433
434
435
436
437
438
439
440
441
442
443
444
445
446
447
448
449
450
451
452
453
454
455
456
457
458
459
460
461
462
464
465
466
467
468
469
470
471
472
473
474
475
476
477
478
479
480
481
482
483
484
485
486
487
488
489
490
491
492
493
495
496
497
498
499
500
501
502
503
504
505
506
507
508
509
510
511
512
513
514
515
516
517
518
519
520
521
522
523
524
525
526
527
528
530
531
532
533
534
535
536
537
538
539
540
541
542
543
544
545
546
547
548
549
550
551
552
553
554
556
557
558
559
560
561
562
563
564
565
566
567
568
569
570
571
572
573
574
575
576
577
578
579
580
581
582
583
584
585
586
587
588
589
590
591
592
593
594
595
596
597
598
599
600
601
602
603
604
605
606
607
609
610
611
612
613
614
615
616
617
618
619
621
622
623
624
625
626
627
628
629
630
631
632
633
634
635
636
637
638
639
640
641
642
643
644
645
646
647
648
649
650
651
652
653
654
655
656
657
658
659
660
661
662
663
664
665
666
667
668
669
670
671
672
673
674
675
676
677
678
679
680
681
682
683
684
685
686
687
688
689
690
691
692
693
694
695
696
697
698
699
700
701
702
703
704
705
706
707
708
709
710
711
712
713
714
715
716
717
718
719
720
721
722
723
724
725
726
727
728
729
730
731
732
733
734
735
736
737
738
739
740
741
742
743
744
745
746
747
748
749
750
751
752
753
754
756
757
758
759
760
761
762
763
764
765
767
768
769
770
771
772
773
774
775
776
777
778
779
780
781
782
783
784
785
786
787
788
789
790
791
792
793
794
795
796
797
798
799
800
801
802
803
804
805
806
807
808
809
810
811
812
813
814
815
816
817
818
819
820
821
822
823
824
825
826
827
828
829
830
831
832
833
834
835
836
837
838
839
840
841
842
843
844
845
846
847
848
849
850
851
852
853
854
855
856
857
858
859
860
861
862
863
864
865
866
867
868
869
870
871
872
873
874
875
876
877
878
879
880
881
882
883
884
885
886
887
888
889
890
891
892
893
894
895
896
897
898
899
900
901
902
903
904
905
906
907
908
909
910
911
912
913
914
915
916
917
918
919
920
921
922
923
924
925
926
927
928
929
930
931
932
933
934
935
936
937
938
939
940
941
942
943
944
945
946
947
948
949
950
951
952
953
954
955
956
957
958
960
961
962
963
964
965
966
967
968
969
970
971
972
973
974
975
976
977
978
979
980
981
982
983
984
985
986
987
988
989
990
991
992
993
994
995
996
997
998
999
1000
1001
1002
1003
1004
0 752 1
0 569 3
1 309 1
1 310 1
1 303 1
2 540 2
2 715 1
2 344 1
2 790 5
2 664 1
2 700 2
4 720 1
4 135 1
5 491 2
5 135 2
5 553 1
5 107 4
5 175 1
5 724 5
5 246 1
6 569 4
6 61 1
6 470 1
6 249 2
12 720 1
13 850 1
14 850 1
14 724 1
15 680 2
15 731 3
16 716 4
16 149 1
16 61 1
17 915 1
19 716 1
24 891 5
24 629 3
24 647 1
25 48 1
25 73 1
26 712 1
26 802 2
29 553 1
30 868 3
30 356 6
30 765 5
31 915 5
31 165 12
31 847 1
32 197 1
35 274 1
35 469 1
38 324 1
40 712 2
40 802 2
40 466 2
40 695 1
41 48 1
41 73 1
41 723 3
41 565 6
42 402 2
42 548 1
45 782 2
46 303 1
48 672 1
48 73 1
48 458 1
48 844 1
48 558 2
48 216 1
48 956 1
48 319 1
52 868 3
52 356 4
52 765 1
53 193 1
56 987 3
58 586 1
59 423 1
60 712 1
60 802 2
61 900 1
61 522 1
61 398 2
61 662 1
61 802 1
61 293 3
61 306 1
61 692 2
61 443 1
61 700 1
61 189 1
61 450 5
61 711 1
61 716 1
61 718 5
61 724 1
61 602 1
61 991 8
61 272 1
61 742 3
61 233 2
61 365 1
61 754 1
61 377 1
62 513 1
62 485 1
62 542 5
62 646 1
65 193 3
65 927 10
65 334 1
65 120 1
65 731 3
65 191 2
67 963 5
67 165 3
69 303 1
73 918 1
73 672 1
73 679 1
73 684 1
73 558 1
73 434 1
73 565 1
73 956 1
73 318 1
73 319 1
73 704 1
73 321 1
73 458 2
73 723 1
73 216 1
73 481 1
73 618 1
73 366 1
73 499 1
73 758 1
75 802 1
75 607 1
75 772 2
75 749 1
75 135 1
77 168 1
77 556 1
77 260 5
82 135 1
84 534 1
84 343 1
86 742 2
86 703 1
90 107 1
90 843 1
90 236 2
90 749 1
90 173 1
90 850 1
90 692 1
90 506 2
90 927 6
91 758 1
91 103 1
92 915 1
95 987 1
96 420 6
97 456 1
98 592 3
98 107 5
98 291 2
98 429 3
98 707 4
101 866 1
101 246 4
101 423 3
104 765 2
105 233 1
105 418 13
107 898 2
107 808 2
107 553 3
107 1004 2
107 335 19
107 670 1
107 127 2
112 648 1
112 803 3
112 674 1
112 267 1
112 356 4
113 927 2
114 724 1
114 236 1
117 592 1
117 291 1
118 553 4
119 812 4
119 790 2
120 586 1
120 927 4
122 724 1
125 139 1
125 780 1
125 622 2
126 356 1
127 569 1
127 718 2
127 607 2
131 850 1
132 842 4
132 388 1
134 592 5
134 850 2
134 291 5
134 454 3
135 528 1
135 292 3
135 581 7
135 870 1
135 942 6
135 720 3
135 371 2
135 628 1
135 341 2
135 920 1
135 923 2
135 765 1
136 915 1
136 629 1
137 306 2
137 771 4
141 241 2
142 274 1
142 915 2
142 630 1
142 159 4
143 872 1
143 159 9
147 150 1
147 590 2
147 277 1
147 278 1
147 926 1
147 927 2
149 977 1
149 716 11
150 415 1
153 977 5
157 926 1
157 686 1
159 416 1
159 704 1
159 517 2
159 783 1
159 940 2
159 720 1
159 209 2
159 500 1
159 214 3
159 695 1
159 920 1
159 923 2
160 586 1
160 629 3
160 526 2
161 586 1
161 771 1
161 239 1
164 420 1
164 322 1
164 548 2
164 879 1
165 586 1
165 847 1
165 401 8
165 915 1
165 344 1
165 316 1
166 416 6
166 356 5
166 586 7
166 500 1
166 762 5
166 573 3
167 469 1
168 416 2
168 260 1
168 586 2
168 912 1
168 472 2
168 356 8
168 868 1
168 575 1
171 577 4
173 850 1
175 275 6
175 423 2
184 650 3
184 724 1
184 423 7
185 617 1
185 762 1
185 830 2
187 712 1
187 802 2
187 450 1
188 274 1
188 469 1
188 301 1
190 629 1
191 415 1
191 749 2
191 927 3
192 335 1
192 639 1
193 720 1
193 230 2
193 454 2
193 592 1
193 983 1
193 633 1
193 923 1
194 951 1
196 586 1
196 927 2
197 850 1
197 923 1
198 712 1
198 568 1
198 802 2
199 738 3
199 850 1
199 924 3
199 506 7
200 952 2
200 915 1
207 795 1
207 469 2
208 236 1
214 704 2
214 290 1
214 647 1
214 502 1
214 951 1
215 644 1
220 749 1
223 879 1
223 343 2
223 303 1
228 569 3
229 607 1
230 890 1
231 698 2
231 819 1
231 987 1
233 692 1
236 537 2
239 609 2
241 469 1
245 698 2
246 724 1
246 423 7
249 569 4
250 927 5
251 641 1
251 506 1
251 633 1
253 290 1
253 566 1
256 472 4
256 416 1
256 356 6
260 912 2
264 586 1
267 586 2
267 891 3
268 592 1
268 291 3
270 850 1
272 802 2
272 742 3
272 712 1
272 450 1
272 306 1
273 951 1
274 647 1
274 391 1
274 469 1
278 291 1
278 687 1
280 920 2
280 530 2
280 851 2
280 915 2
280 629 1
284 680 1
284 731 2
290 566 1
290 589 1
291 713 2
291 429 3
291 401 4
292 552 1
293 724 1
293 718 3
295 569 3
302 915 1
303 310 1
303 343 3
303 853 1
303 950 3
303 663 1
305 356 2
306 450 2
306 771 2
306 523 1
306 659 1
306 703 1
307 692 2
308 418 5
308 926 3
310 586 1
311 955 1
311 925 1
317 692 2
318 752 1
322 939 1
322 548 1
322 534 2
322 879 2
326 720 1
327 850 1
327 381 3
329 734 1
331 418 1
332 435 3
332 500 1
332 782 1
333 569 3
335 643 1
335 553 1
335 1004 2
335 440 2
337 505 5
343 388 1
344 915 1
344 373 1
347 966 1
353 891 2
353 957 1
356 528 1
356 912 6
356 868 4
356 517 1
356 743 4
356 648 4
356 602 1
356 684 3
356 416 5
356 472 3
356 762 3
356 765 11
356 586 3
368 879 1
369 535 1
369 444 2
369 646 1
369 927 2
371 720 2
372 595 1
372 404 1
377 866 1
379 712 1
379 568 1
379 802 2
380 712 1
381 532 1
395 505 1
401 415 7
401 429 21
401 454 7
404 595 7
409 569 3
409 710 1
410 663 3
415 865 2
415 749 1
415 607 1
416 586 2
416 439 3
416 602 2
418 977 2
421 795 1
421 469 1
422 731 3
423 514 1
423 607 2
424 795 1
424 469 1
424 847 1
427 955 1
428 915 6
429 925 2
429 454 9
433 738 1
433 789 2
435 500 4
437 850 1
438 818 2
443 662 3
443 742 6
443 703 5
444 927 3
450 802 3
450 900 1
450 712 2
450 947 2
450 662 1
450 695 2
450 568 3
450 572 2
454 609 3
454 592 4
456 936 2
456 720 1
458 684 2
462 833 1
462 586 1
464 553 3
465 812 1
466 712 2
466 802 2
469 547 1
469 817 1
469 954 1
469 795 1
470 569 5
470 789 5
472 575 1
472 743 2
479 586 1
482 531 2
485 646 1
485 927 3
488 712 1
488 802 2
493 561 1
495 568 2
495 862 1
500 782 2
500 573 1
502 569 1
502 890 1
502 718 1
505 603 1
505 534 1
506 996 1
506 850 1
506 924 8
513 646 1
513 927 2
514 603 1
515 927 7
516 761 2
516 738 3
516 783 1
516 850 1
516 881 1
517 803 6
517 692 1
528 867 1
528 743 2
530 629 1
531 987 2
532 650 1
532 850 1
534 692 2
534 591 1
535 927 2
538 569 3
540 736 1
540 698 2
540 955 1
540 830 1
541 850 1
541 586 1
542 927 2
543 952 2
543 915 1
546 573 1
546 550 1
548 638 2
548 879 1
551 646 1
551 927 2
552 951 2
553 898 3
553 808 1
553 670 2
558 565 2
561 629 1
561 846 4
561 631 2
565 723 2
565 679 4
568 802 2
568 712 1
568 947 2
568 596 1
569 710 3
569 599 3
569 749 6
569 976 4
569 693 3
569 991 3
569 605 3
569 862 3
572 712 1
572 802 2
573 586 1
576 850 1
581 720 2
581 936 1
581 703 1
582 764 3
586 648 1
586 947 1
586 948 1
586 762 1
586 765 1
590 933 4
591 692 1
591 718 1
592 713 2
592 948 2
592 927 10
595 934 1
596 712 1
596 802 2
596 695 3
599 710 1
602 743 2
602 648 1
602 765 1
603 676 1
603 780 1
603 822 1
603 735 1
607 771 1
607 784 1
607 692 1
607 696 1
607 890 1
609 707 2
609 772 2
609 951 2
609 633 2
609 890 1
609 923 2
609 927 3
617 720 1
626 936 3
629 838 1
629 978 1
629 891 4
630 915 4
633 801 1
643 685 4
644 850 1
646 927 2
647 915 2
648 765 6
650 881 2
650 850 1
654 738 6
654 850 1
654 991 2
657 738 3
657 850 1
659 771 1
662 712 1
662 802 2
663 950 1
664 790 1
672 844 3
680 720 2
681 866 1
682 738 5
682 850 1
682 719 6
684 704 3
684 844 1
686 933 1
687 907 1
692 736 1
692 742 2
692 746 3
692 749 3
692 718 1
695 802 2
695 712 1
697 855 1
698 840 2
698 873 2
698 764 2
700 812 1
702 850 1
703 771 1
708 866 1
712 802 4
712 900 1
712 942 7
712 947 1
716 777 1
718 866 1
718 724 3
719 738 4
719 850 1
720 855 2
720 731 1
722 927 4
724 777 1
724 916 1
736 769 2
738 923 1
738 996 3
738 837 3
738 850 1
738 761 6
738 783 4
738 924 3
738 881 2
740 879 1
743 912 1
745 850 1
747 850 1
758 844 2
761 881 1
761 850 3
761 783 1
769 798 1
770 927 2
771 784 1
773 955 2
774 947 14
783 837 1
783 850 1
784 807 1
789 987 1
790 812 2
790 956 1
794 854 1
795 978 1
802 900 2
802 947 2
809 987 2
821 927 1
823 927 5
837 850 1
844 956 1
850 921 1
850 923 1
850 924 1
850 967 1
850 945 1
850 979 1
850 996 1
850 1001 1
850 881 3
854 927 6
857 915 1
857 951 1
863 901 1
868 912 1
873 987 1
890 915 2
915 971 1
915 952 1
915 953 1
915 990 1
925 955 1
927 948 2
933 966 2
935 966 1
951 979 4
955 987 2
969 977 2
977 1004 3
987 994 1
