0
1
2
3
4
5
6
7
8
9
10
11
12
13
14
15
16
17
18
19
20
21
22
23
24
25
26
27
28
29
30
31
32
33
34
35
36
37
38
39
40
41
42
43
44
45
46
47
48
49
50
51
52
53
54
55
56
57
58
59
60
61
62
63
64
65
66
67
68
69
70
71
72
73
74
75
76
77
78
79
80
81
82
83
84
85
86
87
88
89
90
91
92
93
94
95
96
97
98
99
100
101
102
103
104
105
106
107
108
109
110
111
112
113
114
115
116
117
118
119
120
121
122
123
124
125
126
127
128
129
130
131
132
133
134
135
136
137
138
139
141
142
143
144
145
146
147
148
149
150
151
152
153
154
155
157
158
159
160
161
162
163
164
165
166
167
168
169
170
171
172
173
174
175
176
177
178
179
180
181
182
183
184
185
186
187
188
189
190
191
192
193
194
195
196
197
198
199
200
201
202
203
204
205
206
207
208
209
210
211
212
213
214
215
216
217
218
219
220
221
222
223
224
225
226
227
228
229
230
231
232
233
235
236
237
238
239
240
241
242
243
244
245
246
247
248
249
250
251
252
253
254
255
256
257
259
260
262
263
264
265
266
267
268
269
270
271
272
273
274
275
276
277
278
279
280
281
282
283
284
285
286
287
288
289
290
291
292
293
294
295
296
297
299
300
301
302
303
304
305
306
307
308
309
310
311
312
313
314
315
316
317
318
319
320
321
322
323
324
325
326
327
328
329
330
331
332
333
334
335
336
337
338
339
340
341
343
344
345
346
347
348
349
350
351
352
353
355
356
357
358
359
360
361
362
364
365
366
367
368
369
370
371
372
373
374
375
376
377
378
379
380
381
382
383
384
385
386
387
388
389
390
391
392
393
394
395
396
397
398
399
400
401
402
403
404
405
406
407
408
409
410
411
412
413
414
415
416
418
419
420
421
422
423
424
425
426
427
428
429
430
431
432
433
434
435
436
437
438
439
440
441
442
443
444
445
446
447
448
449
450
451
452
453
454
455
456
457
458
459
460
461
462
464
465
466
467
468
469
470
471
472
473
474
475
476
477
478
479
480
481
482
483
484
485
486
487
488
489
490
491
492
493
495
496
497
498
499
500
501
502
503
504
505
506
507
508
509
510
511
512
513
514
515
516
517
518
519
520
521
522
523
524
525
526
527
528
530
531
532
533
534
535
536
537
538
539
540
541
542
543
544
545
546
547
548
549
550
551
552
553
554
556
557
558
559
560
561
562
563
564
565
566
567
568
569
570
571
572
573
574
575
576
577
578
579
580
581
582
583
584
585
586
587
588
589
590
591
592
593
594
595
596
597
598
599
600
601
602
603
604
605
606
607
609
610
611
612
613
614
615
616
617
618
619
621
622
623
624
625
626
627
628
629
630
631
632
633
634
635
636
637
638
639
640
641
642
643
644
645
646
647
648
649
650
651
652
653
654
655
656
657
658
659
660
661
662
663
664
665
666
667
668
669
670
671
672
673
674
675
676
677
678
679
680
681
682
683
684
685
686
687
688
689
690
691
692
693
694
695
696
697
698
699
700
701
702
703
704
705
706
707
708
709
710
711
712
713
714
715
716
717
718
719
720
721
722
723
724
725
726
727
728
729
730
731
732
733
734
735
736
737
738
739
740
741
742
743
744
745
746
747
748
749
750
751
752
753
754
756
757
758
759
760
761
762
763
764
765
767
768
769
770
771
772
773
774
775
776
777
778
779
780
781
782
783
784
785
786
787
788
789
790
791
792
793
794
795
796
797
798
799
800
801
802
803
804
805
806
807
808
809
810
811
812
813
814
815
816
817
818
819
820
821
822
823
824
825
826
827
828
829
830
831
832
833
834
835
836
837
838
839
840
841
842
843
844
845
846
847
848
849
850
851
852
853
854
855
856
857
858
859
860
861
862
863
864
865
866
867
868
869
870
871
872
873
874
875
876
877
878
879
880
881
882
883
884
885
886
887
888
889
890
891
892
893
894
895
896
897
898
899
900
901
902
903
904
905
906
907
908
909
910
911
912
913
914
915
916
917
918
919
920
921
922
923
924
925
926
927
928
929
930
931
932
933
934
935
936
937
938
939
940
941
942
943
944
945
946
947
948
949
950
951
952
953
954
955
956
957
958
960
961
962
963
964
965
966
967
968
969
970
971
972
973
974
975
976
977
978
979
980
981
982
983
984
985
986
987
988
989
990
991
992
993
994
995
996
997
998
999
1000
1001
1002
1003
1004
0 569 3
0 732 3
1 309 1
2 700 2
2 891 3
2 500 1
2 790 2
4 135 1
5 670 1
6 569 3
6 249 1
13 738 1
14 1001 3
14 506 2
14 738 1
15 680 4
15 731 1
15 422 1
24 629 3
25 48 1
26 362 1
29 377 1
30 168 1
31 165 1
31 990 1
32 127 1
32 862 1
32 791 1
35 978 1
35 469 1
35 167 2
40 572 1
40 60 1
41 723 2
48 458 1
48 684 1
48 558 1
48 216 1
48 956 1
48 319 1
52 868 1
53 311 1
61 718 3
61 692 5
61 293 2
61 278 1
62 646 1
67 846 5
75 220 4
77 168 1
77 556 2
77 260 2
78 569 3
82 184 1
82 267 1
82 135 1
86 443 8
86 662 2
90 569 1
90 133 2
90 502 2
91 499 1
91 692 1
91 607 1
95 531 1
98 707 6
98 454 3
98 134 3
98 713 6
98 107 5
98 268 3
98 429 3
98 592 4
98 401 3
98 291 3
98 117 1
98 278 2
101 377 1
101 423 1
103 310 1
103 423 1
104 523 2
104 765 1
104 743 3
105 418 7
107 772 1
107 236 1
107 1004 3
107 335 2
107 381 2
112 267 1
113 927 1
119 126 1
119 790 1
122 428 3
126 356 3
126 166 1
127 977 1
127 281 2
127 410 1
127 732 1
127 189 2
127 479 1
131 738 1
132 842 1
133 648 2
133 602 1
133 765 1
134 592 4
135 692 2
135 772 2
135 581 3
135 870 1
135 233 2
135 170 1
135 594 1
135 334 1
135 371 1
135 628 6
135 214 1
135 703 2
136 200 1
136 428 4
136 629 1
136 838 3
139 534 1
141 188 2
143 696 1
147 416 1
147 257 2
147 347 2
147 157 2
149 977 1
149 423 1
151 566 1
151 278 2
153 977 7
153 418 1
153 996 1
157 347 3
157 462 1
157 862 2
160 428 2
160 629 3
165 858 1
166 609 1
166 586 4
166 383 1
167 547 1
167 552 1
167 424 1
167 207 2
167 817 2
167 978 1
167 851 1
167 469 1
167 954 2
167 795 1
168 356 1
168 966 2
168 232 2
168 556 2
168 782 6
168 912 4
168 790 4
168 439 4
168 472 5
168 260 8
168 575 2
170 840 2
173 738 1
175 275 1
175 423 1
180 958 2
181 190 3
184 883 1
184 754 1
188 469 1
188 851 1
188 988 2
188 421 1
189 377 1
189 729 1
189 718 1
189 249 1
190 353 3
190 656 3
190 274 3
190 373 3
190 920 3
191 692 1
191 935 2
192 506 1
196 311 1
197 738 1
199 738 1
199 506 1
200 344 1
200 952 1
207 424 2
207 795 1
208 783 1
214 763 1
214 502 1
216 321 1
228 569 3
231 873 1
231 698 1
231 531 2
231 540 1
231 245 1
233 746 1
233 692 4
236 716 2
239 538 1
239 951 1
245 698 1
245 531 1
246 724 3
246 423 1
249 569 3
249 333 1
250 886 4
250 927 1
256 416 2
256 313 1
267 891 1
267 586 1
267 629 3
268 592 2
270 738 1
275 849 1
275 737 1
277 686 1
280 739 1
280 530 1
280 846 1
280 978 6
280 851 1
280 629 2
280 920 1
280 281 1
280 915 1
281 905 1
284 680 2
291 713 1
291 429 1
295 569 3
305 765 1
306 659 1
306 901 1
311 955 3
311 582 1
313 356 1
318 499 1
319 1002 1
321 499 1
322 343 2
326 687 1
327 738 1
327 381 1
329 819 2
332 416 2
332 984 1
332 586 1
333 569 3
333 743 1
333 767 1
335 898 2
335 687 2
335 980 1
335 532 1
335 670 2
337 936 4
338 433 2
338 994 1
338 531 1
339 569 3
343 663 1
347 933 1
356 416 1
356 515 1
356 586 2
356 472 1
360 629 2
362 528 1
369 646 1
369 927 1
371 720 1
377 866 2
377 422 2
377 607 2
379 568 1
381 532 1
383 720 2
398 712 3
399 955 1
399 427 1
401 429 2
401 454 1
406 680 1
406 422 1
409 569 3
415 569 1
415 692 1
415 617 1
416 586 2
416 927 1
418 996 2
418 977 2
422 680 1
422 731 6
423 832 2
423 866 1
423 716 1
423 977 1
424 795 2
427 955 1
428 857 1
429 454 3
431 988 1
433 633 1
435 782 2
437 738 1
443 742 1
443 662 6
444 927 1
454 609 1
454 772 1
454 592 2
456 720 1
458 684 1
462 502 2
462 687 1
469 647 1
469 978 1
469 547 1
469 954 1
470 569 3
470 789 2
473 810 1
482 569 5
482 531 1
482 951 2
485 646 1
485 927 1
493 629 3
499 704 1
499 558 1
499 607 4
500 586 2
502 605 1
502 569 5
502 538 2
502 862 1
502 607 2
506 738 1
506 644 2
506 849 1
508 738 1
509 634 1
510 534 1
513 646 1
513 927 1
516 738 1
516 764 1
517 803 2
526 629 2
530 891 1
530 629 5
531 987 2
531 994 1
531 796 1
531 789 1
532 738 1
532 700 1
534 746 2
535 927 1
538 569 3
540 994 1
540 840 2
540 873 1
540 855 1
540 698 1
540 955 1
541 738 1
542 927 1
546 912 1
546 550 1
546 743 1
551 646 1
551 927 1
553 670 1
561 629 2
563 696 1
569 693 4
569 710 3
569 976 3
569 599 3
569 605 4
569 862 3
569 991 3
569 767 3
576 738 1
581 936 2
581 855 1
586 782 1
586 687 1
592 713 1
592 927 6
593 718 1
599 693 1
599 710 1
600 672 1
612 951 1
614 851 1
617 720 1
626 807 1
629 658 3
629 685 2
629 846 1
629 630 2
629 631 2
629 891 4
644 738 1
646 927 1
648 765 1
650 738 1
653 738 1
654 738 1
656 920 1
657 738 1
672 918 1
680 707 1
680 720 5
682 738 1
685 1001 3
697 855 1
698 840 1
698 873 1
698 764 1
700 790 1
702 738 1
704 743 2
719 738 1
720 833 1
720 855 1
722 927 1
724 1001 4
738 783 1
738 921 1
738 923 2
738 924 1
738 837 1
738 850 1
738 979 1
738 996 1
738 1001 1
738 747 1
738 881 1
738 745 1
738 761 3
746 935 6
758 956 1
758 918 2
759 984 1
765 908 1
770 927 1
771 901 1
772 923 1
772 789 1
773 955 3
774 947 13
790 812 5
791 977 1
807 951 1
823 927 1
854 927 1
881 923 1
925 955 2
955 987 3
957 978 2
977 996 2
977 1001 1
977 1004 2
