0
1
2
3
4
5
6
7
8
9
10
11
12
13
14
15
16
17
18
19
20
21
22
23
24
25
26
27
28
29
30
31
32
33
34
35
36
37
38
39
40
41
42
43
44
45
46
47
48
49
50
51
52
53
54
55
56
57
58
59
60
61
62
63
64
65
66
67
68
69
70
71
72
73
74
75
76
77
78
79
80
81
82
83
84
85
86
87
88
89
90
91
92
93
94
95
96
97
98
99
100
101
102
103
104
105
106
107
108
109
110
111
112
113
114
115
116
117
118
119
120
121
122
123
124
125
126
127
128
129
130
131
132
133
134
135
136
137
138
139
141
142
143
144
145
146
147
148
149
150
151
152
153
154
155
157
158
159
160
161
162
163
164
165
166
167
168
169
170
171
172
173
174
175
176
177
178
179
180
181
182
183
184
185
186
187
188
189
190
191
192
193
194
195
196
197
198
199
200
201
202
203
204
205
206
207
208
209
210
211
212
213
214
215
216
217
218
219
220
221
222
223
224
225
226
227
228
229
230
231
232
233
235
236
237
238
239
240
241
242
243
244
245
246
247
248
249
250
251
252
253
254
255
256
257
259
260
262
263
264
265
266
267
268
269
270
271
272
273
274
275
276
277
278
279
280
281
282
283
284
285
286
287
288
289
290
291
292
293
294
295
296
297
299
300
301
302
303
304
305
306
307
308
309
310
311
312
313
314
315
316
317
318
319
320
321
322
323
324
325
326
327
328
329
330
331
332
333
334
335
336
337
338
339
340
341
343
344
345
346
347
348
349
350
351
352
353
355
356
357
358
359
360
361
362
364
365
366
367
368
369
370
371
372
373
374
375
376
377
378
379
380
381
382
383
384
385
386
387
388
389
390
391
392
393
394
395
396
397
398
399
400
401
402
403
404
405
406
407
408
409
410
411
412
413
414
415
416
418
419
420
421
422
423
424
425
426
427
428
429
430
431
432
433
434
435
436
437
438
439
440
441
442
443
444
445
446
447
448
449
450
451
452
453
454
455
456
457
458
459
460
461
462
464
465
466
467
468
469
470
471
472
473
474
475
476
477
478
479
480
481
482
483
484
485
486
487
488
489
490
491
492
493
495
496
497
498
499
500
501
502
503
504
505
506
507
508
509
510
511
512
513
514
515
516
517
518
519
520
521
522
523
524
525
526
527
528
530
531
532
533
534
535
536
537
538
539
540
541
542
543
544
545
546
547
548
549
550
551
552
553
554
556
557
558
559
560
561
562
563
564
565
566
567
568
569
570
571
572
573
574
575
576
577
578
579
580
581
582
583
584
585
586
587
588
589
590
591
592
593
594
595
596
597
598
599
600
601
602
603
604
605
606
607
609
610
611
612
613
614
615
616
617
618
619
621
622
623
624
625
626
627
628
629
630
631
632
633
634
635
636
637
638
639
640
641
642
643
644
645
646
647
648
649
650
651
652
653
654
655
656
657
658
659
660
661
662
663
664
665
666
667
668
669
670
671
672
673
674
675
676
677
678
679
680
681
682
683
684
685
686
687
688
689
690
691
692
693
694
695
696
697
698
699
700
701
702
703
704
705
706
707
708
709
710
711
712
713
714
715
716
717
718
719
720
721
722
723
724
725
726
727
728
729
730
731
732
733
734
735
736
737
738
739
740
741
742
743
744
745
746
747
748
749
750
751
752
753
754
756
757
758
759
760
761
762
763
764
765
767
768
769
770
771
772
773
774
775
776
777
778
779
780
781
782
783
784
785
786
787
788
789
790
791
792
793
794
795
796
797
798
799
800
801
802
803
804
805
806
807
808
809
810
811
812
813
814
815
816
817
818
819
820
821
822
823
824
825
826
827
828
829
830
831
832
833
834
835
836
837
838
839
840
841
842
843
844
845
846
847
848
849
850
851
852
853
854
855
856
857
858
859
860
861
862
863
864
865
866
867
868
869
870
871
872
873
874
875
876
877
878
879
880
881
882
883
884
885
886
887
888
889
890
891
892
893
894
895
896
897
898
899
900
901
902
903
904
905
906
907
908
909
910
911
912
913
914
915
916
917
918
919
920
921
922
923
924
925
926
927
928
929
930
931
932
933
934
935
936
937
938
939
940
941
942
943
944
945
946
947
948
949
950
951
952
953
954
955
956
957
958
960
961
962
963
964
965
966
967
968
969
970
971
972
973
974
975
976
977
978
979
980
981
982
983
984
985
986
987
988
989
990
991
992
993
994
995
996
997
998
999
1000
1001
1002
1003
1004
2 790 6
2 135 3
4 456 1
4 720 1
4 135 6
6 189 1
6 159 1
14 850 1
14 118 2
15 680 1
15 406 1
17 200 2
24 656 2
24 891 1
24 629 1
24 647 1
25 48 1
27 308 1
28 987 1
31 200 2
31 165 9
32 977 1
34 855 2
35 978 1
40 450 1
40 900 1
40 198 1
40 712 1
40 802 1
40 272 1
40 596 1
40 662 1
40 568 1
40 187 1
40 572 1
41 723 1
48 458 1
48 684 2
48 558 1
48 918 1
48 216 1
48 956 1
48 319 1
52 356 4
52 168 2
52 912 2
52 790 1
52 472 6
52 868 6
52 602 2
52 765 4
53 633 1
53 443 1
53 724 2
53 193 1
56 987 1
58 577 1
58 909 3
61 843 1
61 991 1
62 485 1
62 542 4
62 646 4
62 743 1
65 624 3
65 771 6
65 927 1
65 731 2
65 743 1
65 135 5
65 720 3
65 910 2
65 157 1
65 528 2
65 850 1
65 243 2
65 718 1
65 151 3
65 280 1
65 356 1
65 851 2
65 187 3
65 220 1
65 90 1
65 863 2
67 344 2
67 963 7
67 165 2
67 207 4
68 987 1
75 220 1
75 927 1
75 772 1
75 609 1
75 607 2
77 260 1
82 720 1
82 135 6
82 870 1
82 863 1
83 769 1
83 771 3
86 152 2
86 771 1
86 443 5
86 769 1
90 657 2
90 546 1
90 493 1
90 927 3
92 200 2
92 207 1
92 647 2
95 769 1
95 987 1
96 420 1
97 456 1
98 707 20
98 454 8
98 134 8
98 713 9
98 107 25
98 268 8
98 429 21
98 592 8
98 291 8
98 117 9
98 278 11
101 866 6
101 423 1
104 765 2
105 774 1
106 337 1
107 980 1
107 810 1
112 674 1
112 803 1
112 356 2
112 517 1
112 392 1
112 267 2
112 948 1
113 927 4
114 189 1
119 812 1
120 769 1
120 772 2
122 716 1
126 232 1
126 356 3
134 592 2
134 291 2
134 660 1
134 454 2
135 834 1
135 851 1
135 581 7
135 870 6
135 973 1
135 942 2
135 720 1
135 371 6
135 628 7
135 405 1
135 248 2
135 922 1
136 200 3
136 428 3
137 443 1
141 978 1
142 200 2
143 563 1
143 159 1
147 196 2
147 171 1
147 308 1
147 927 1
152 769 1
157 334 2
157 718 1
157 591 1
157 308 1
157 277 1
159 769 1
159 772 2
159 776 1
159 713 1
159 940 1
164 548 2
165 200 2
165 401 4
165 316 1
165 990 2
166 416 1
166 868 1
167 978 1
167 716 1
168 868 2
168 260 1
168 586 1
168 557 1
168 912 3
168 472 1
168 356 2
170 720 3
170 855 15
171 308 1
171 590 1
184 779 1
184 883 1
184 686 2
184 423 1
187 802 1
187 596 1
187 450 1
188 978 1
189 1004 1
189 904 1
189 652 1
189 716 1
189 365 1
189 718 1
189 595 1
189 236 1
189 470 1
189 201 1
189 249 1
189 410 1
191 209 1
191 927 1
193 612 1
193 550 1
193 714 3
193 306 1
193 595 2
193 500 1
193 470 1
193 890 1
193 443 1
196 850 2
196 772 1
196 927 1
197 987 1
197 607 1
199 979 1
200 344 3
200 647 3
200 971 2
200 428 3
200 915 4
200 302 2
200 953 3
200 952 3
200 857 2
200 543 3
200 990 2
203 306 1
207 424 1
207 493 1
207 558 1
207 847 1
207 978 1
207 469 2
207 954 1
207 795 1
207 988 1
208 1004 2
208 652 2
209 356 5
214 772 1
214 502 1
219 448 6
220 769 2
220 364 1
220 749 1
220 334 1
229 769 1
230 308 1
231 873 2
231 987 5
231 769 1
236 716 1
239 372 1
243 718 1
245 987 1
245 540 1
246 377 1
246 724 1
246 423 1
248 746 1
249 921 2
249 716 3
249 1004 3
250 332 1
250 927 4
251 987 1
253 290 2
253 566 2
255 308 1
260 912 1
267 944 2
267 700 1
273 306 2
277 347 1
277 308 1
277 933 1
280 739 1
280 687 1
280 915 2
280 629 2
280 281 1
281 915 1
285 308 1
290 915 1
290 540 1
291 401 1
291 429 1
299 337 1
301 978 1
303 1001 1
306 771 4
306 769 1
306 660 3
308 577 1
308 931 1
308 933 1
308 972 1
308 748 1
308 686 1
308 590 1
308 355 1
308 347 1
308 715 1
308 926 1
311 697 1
311 987 1
318 704 1
318 332 2
320 337 1
323 337 2
324 638 1
327 702 1
329 769 1
329 910 1
334 746 1
334 586 1
334 772 1
335 810 2
337 740 1
337 950 2
337 649 1
337 780 1
337 853 2
337 822 1
337 634 1
338 987 1
356 416 1
356 912 3
356 868 2
356 517 2
356 648 1
356 617 2
356 462 2
356 687 1
356 718 1
356 472 2
356 591 1
356 765 2
361 987 1
362 383 1
364 764 1
364 987 1
369 927 4
371 456 1
371 720 1
377 716 2
377 605 1
377 718 2
383 909 1
388 790 2
398 712 4
400 769 1
401 429 4
401 454 1
401 415 3
416 586 1
418 977 1
421 424 1
421 978 1
421 795 1
422 680 1
423 779 1
423 710 1
424 978 1
424 795 1
428 915 4
428 716 1
428 838 1
429 454 2
432 987 2
433 987 1
435 500 4
443 771 1
443 742 4
443 769 1
443 703 1
444 927 4
447 984 1
454 609 1
454 772 1
456 936 1
456 720 2
469 978 1
469 630 1
470 789 1
470 550 1
470 502 1
472 743 1
482 987 1
485 854 1
485 927 4
493 561 2
493 630 2
500 515 1
511 987 1
513 927 4
515 927 1
528 857 1
528 739 1
530 891 2
530 630 1
531 987 3
532 804 1
534 890 1
534 735 1
535 927 4
540 697 1
540 987 1
540 855 2
541 921 1
541 657 1
542 646 1
542 927 4
547 978 1
551 927 4
552 978 1
558 565 1
561 846 3
561 631 2
568 784 1
568 771 2
572 696 1
581 720 1
582 987 1
588 987 1
591 746 1
591 910 1
595 934 4
609 772 3
609 927 1
614 978 1
617 720 1
624 836 1
628 720 1
629 891 1
630 685 2
633 920 1
633 940 1
641 987 1
645 978 1
646 927 4
650 686 3
654 991 1
659 769 1
659 771 3
678 696 1
680 720 1
680 731 1
681 718 2
682 783 1
687 915 1
687 772 1
692 769 1
692 746 2
692 910 1
696 915 1
697 855 2
697 925 1
700 705 1
700 812 1
700 790 1
702 921 1
703 771 1
712 714 3
714 890 6
716 876 1
716 1004 4
716 718 1
716 851 1
716 980 1
716 915 1
718 843 1
718 754 1
718 724 1
720 870 1
720 855 1
720 833 1
722 927 5
739 915 1
743 762 1
746 966 1
746 935 6
746 841 1
752 927 1
761 850 1
761 783 1
764 840 1
764 987 1
769 771 1
769 772 1
769 901 1
769 774 1
769 951 1
769 835 1
769 863 1
769 993 1
769 873 1
770 927 4
771 835 1
771 901 2
771 993 3
771 863 6
772 915 1
772 927 2
776 890 2
782 790 4
789 987 1
790 812 2
795 978 1
809 987 1
817 978 1
823 927 4
838 857 3
840 987 1
843 883 1
849 987 1
851 978 2
851 915 1
854 927 4
857 915 2
858 991 1
868 912 1
872 987 2
873 987 1
927 948 1
954 978 1
955 987 1
957 978 1
969 977 2
977 1001 1
978 988 1
987 994 1
