0
1
2
3
4
5
6
7
8
9
10
11
12
13
14
15
16
17
18
19
20
21
22
23
24
25
26
27
28
29
30
31
32
33
34
35
36
37
38
39
40
41
42
43
44
45
46
47
48
49
50
51
52
53
54
55
56
57
58
59
60
61
62
63
64
65
66
67
68
69
70
71
72
73
74
75
76
77
78
79
80
81
82
83
84
85
86
87
88
89
90
91
92
93
94
95
96
97
98
99
100
101
102
103
104
105
106
107
108
109
110
111
112
113
114
115
116
117
118
119
120
121
122
123
124
125
126
127
128
129
130
131
132
133
134
135
136
137
138
139
141
142
143
144
145
146
147
148
149
150
151
152
153
154
155
157
158
159
160
161
162
163
164
165
166
167
168
169
170
171
172
173
174
175
176
177
178
179
180
181
182
183
184
185
186
187
188
189
190
191
192
193
194
195
196
197
198
199
200
201
202
203
204
205
206
207
208
209
210
211
212
213
214
215
216
217
218
219
220
221
222
223
224
225
226
227
228
229
230
231
232
233
235
236
237
238
239
240
241
242
243
244
245
246
247
248
249
250
251
252
253
254
255
256
257
259
260
262
263
264
265
266
267
268
269
270
271
272
273
274
275
276
277
278
279
280
281
282
283
284
285
286
287
288
289
290
291
292
293
294
295
296
297
299
300
301
302
303
304
305
306
307
308
309
310
311
312
313
314
315
316
317
318
319
320
321
322
323
324
325
326
327
328
329
330
331
332
333
334
335
336
337
338
339
340
341
343
344
345
346
347
348
349
350
351
352
353
355
356
357
358
359
360
361
362
364
365
366
367
368
369
370
371
372
373
374
375
376
377
378
379
380
381
382
383
384
385
386
387
388
389
390
391
392
393
394
395
396
397
398
399
400
401
402
403
404
405
406
407
408
409
410
411
412
413
414
415
416
418
419
420
421
422
423
424
425
426
427
428
429
430
431
432
433
434
435
436
437
438
439
440
441
442
443
444
445
446
447
448
449
450
451
452
453
454
455
456
457
458
459
460
461
462
464
465
466
467
468
469
470
471
472
473
474
475
476
477
478
479
480
481
482
483
484
485
486
487
488
489
490
491
492
493
495
496
497
498
499
500
501
502
503
504
505
506
507
508
509
510
511
512
513
514
515
516
517
518
519
520
521
522
523
524
525
526
527
528
530
531
532
533
534
535
536
537
538
539
540
541
542
543
544
545
546
547
548
549
550
551
552
553
554
556
557
558
559
560
561
562
563
564
565
566
567
568
569
570
571
572
573
574
575
576
577
578
579
580
581
582
583
584
585
586
587
588
589
590
591
592
593
594
595
596
597
598
599
600
601
602
603
604
605
606
607
609
610
611
612
613
614
615
616
617
618
619
621
622
623
624
625
626
627
628
629
630
631
632
633
634
635
636
637
638
639
640
641
642
643
644
645
646
647
648
649
650
651
652
653
654
655
656
657
658
659
660
661
662
663
664
665
666
667
668
669
670
671
672
673
674
675
676
677
678
679
680
681
682
683
684
685
686
687
688
689
690
691
692
693
694
695
696
697
698
699
700
701
702
703
704
705
706
707
708
709
710
711
712
713
714
715
716
717
718
719
720
721
722
723
724
725
726
727
728
729
730
731
732
733
734
735
736
737
738
739
740
741
742
743
744
745
746
747
748
749
750
751
752
753
754
756
757
758
759
760
761
762
763
764
765
767
768
769
770
771
772
773
774
775
776
777
778
779
780
781
782
783
784
785
786
787
788
789
790
791
792
793
794
795
796
797
798
799
800
801
802
803
804
805
806
807
808
809
810
811
812
813
814
815
816
817
818
819
820
821
822
823
824
825
826
827
828
829
830
831
832
833
834
835
836
837
838
839
840
841
842
843
844
845
846
847
848
849
850
851
852
853
854
855
856
857
858
859
860
861
862
863
864
865
866
867
868
869
870
871
872
873
874
875
876
877
878
879
880
881
882
883
884
885
886
887
888
889
890
891
892
893
894
895
896
897
898
899
900
901
902
903
904
905
906
907
908
909
910
911
912
913
914
915
916
917
918
919
920
921
922
923
924
925
926
927
928
929
930
931
932
933
934
935
936
937
938
939
940
941
942
943
944
945
946
947
948
949
950
951
952
953
954
955
956
957
958
960
961
962
963
964
965
966
967
968
969
970
971
972
973
974
975
976
977
978
979
980
981
982
983
984
985
986
987
988
989
990
991
992
993
994
995
996
997
998
999
1000
1001
1002
1003
1004
0 178 2
2 231 1
2 500 1
2 790 3
2 119 1
4 135 1
5 491 2
5 670 1
5 483 1
6 178 3
13 738 1
14 738 1
14 644 3
14 199 2
14 796 1
14 173 2
14 724 3
14 1001 1
14 532 1
14 506 2
14 924 2
14 702 1
15 680 2
15 731 6
15 422 5
15 943 1
16 541 1
17 857 2
17 546 2
17 428 1
19 293 2
24 530 4
24 629 6
24 31 2
25 672 1
25 704 3
28 987 4
29 921 1
29 1004 1
30 168 2
30 313 2
30 133 1
30 256 1
30 765 2
31 428 1
32 977 1
32 433 3
32 249 1
35 978 1
38 591 1
40 802 3
40 900 1
40 712 3
40 450 4
40 272 1
40 947 1
40 596 1
40 662 1
40 695 4
40 568 1
40 187 3
40 572 2
40 254 1
40 159 1
41 704 1
48 193 1
48 956 1
52 648 5
52 168 5
52 586 4
53 912 4
53 193 1
53 482 1
53 609 1
56 641 1
56 987 5
56 159 1
61 522 2
61 843 1
61 718 2
61 659 1
61 278 1
61 568 1
61 159 2
61 991 1
62 513 1
62 485 4
62 646 2
62 551 1
62 743 1
62 369 1
62 854 1
62 542 7
62 159 2
67 963 4
67 165 1
67 846 4
67 207 1
67 561 3
67 344 3
68 176 1
68 248 1
68 987 4
73 723 1
74 168 1
74 586 3
75 248 1
75 220 1
75 454 1
75 150 5
77 912 1
77 168 3
78 178 2
78 951 1
82 135 2
86 443 5
86 662 2
90 720 3
90 170 2
90 283 1
90 581 1
90 135 1
91 454 1
92 658 1
92 847 1
92 207 1
95 987 4
96 264 1
98 707 5
98 454 2
98 134 1
98 713 3
98 107 4
98 268 1
98 429 1
98 592 1
98 401 2
98 291 1
98 117 1
98 278 1
104 765 2
105 418 9
106 788 3
107 810 1
107 980 2
107 670 1
111 586 1
112 697 1
112 267 2
112 517 1
113 546 1
113 927 2
114 716 1
114 718 2
119 465 1
119 700 1
119 790 5
119 812 1
120 912 1
122 408 1
122 915 1
125 622 5
126 984 1
126 586 2
126 133 1
126 790 1
127 595 2
127 404 1
132 1001 1
132 828 1
133 168 1
133 648 1
134 738 2
135 720 1
135 450 1
135 581 8
135 870 2
135 936 1
135 170 4
135 942 8
135 176 2
135 248 1
135 594 2
135 371 3
135 628 7
135 405 2
135 462 1
135 607 1
136 546 1
136 371 2
142 280 1
142 915 1
142 647 1
147 159 1
149 716 2
149 718 1
152 443 4
153 977 5
157 347 2
159 865 1
159 290 1
159 944 2
159 746 1
159 334 2
159 752 1
159 712 2
159 178 1
159 502 1
159 695 2
159 787 4
159 923 1
159 810 1
160 546 1
160 629 5
161 443 2
164 322 1
164 638 1
166 648 1
166 586 2
167 978 3
167 547 1
167 954 1
167 630 3
168 416 4
168 356 2
168 648 3
168 586 3
168 557 2
168 782 1
168 912 13
168 232 1
168 885 1
168 790 1
168 313 2
168 472 2
168 260 7
168 575 1
168 607 1
169 404 2
170 581 1
170 405 1
170 855 1
170 700 1
171 933 2
173 657 2
173 506 2
173 644 1
173 541 2
175 849 2
175 275 11
176 769 1
176 482 1
176 995 1
176 836 1
176 581 1
176 329 1
176 746 1
176 588 1
176 692 1
176 245 1
176 855 1
176 641 1
176 764 1
178 409 2
178 538 2
178 295 2
178 693 2
178 569 1
178 710 2
178 333 2
178 976 2
178 339 2
178 470 2
178 599 2
178 605 2
178 862 2
178 991 3
178 228 2
178 502 6
178 249 2
178 767 2
180 897 1
180 639 1
180 727 4
181 724 3
184 333 1
185 833 2
185 371 1
185 742 2
185 201 1
187 337 2
189 546 2
189 334 1
193 633 1
197 987 1
199 644 1
200 915 2
207 847 1
214 746 6
214 290 1
216 458 1
216 956 1
223 343 1
226 248 1
228 724 3
231 738 2
231 329 1
231 245 2
231 248 1
231 698 2
231 987 4
231 607 3
233 835 1
239 951 4
243 454 1
245 433 1
245 248 1
245 698 2
245 987 5
248 571 1
248 836 1
248 581 1
248 840 1
248 329 1
248 746 2
248 588 1
248 591 1
248 945 1
248 338 1
248 692 1
248 789 1
248 764 1
248 891 1
248 540 1
250 927 2
251 987 6
260 912 4
260 447 1
267 674 3
267 517 4
267 586 3
267 428 1
267 493 2
267 530 4
267 435 8
267 857 1
267 891 3
270 532 1
273 951 1
275 849 1
275 479 1
280 978 1
280 530 2
280 851 2
280 629 4
280 920 1
280 915 1
290 566 1
291 401 1
294 817 8
294 868 2
299 388 2
301 656 2
305 415 1
306 742 13
311 697 3
311 955 1
311 540 1
311 987 4
316 344 1
316 915 1
319 458 1
319 347 1
319 956 1
322 832 1
322 879 1
327 381 2
329 819 3
334 923 1
334 534 1
334 746 4
334 460 2
334 687 1
334 851 3
334 692 4
334 502 1
334 591 1
334 607 1
335 726 1
335 790 2
337 505 2
338 922 1
338 987 4
344 952 2
344 543 1
347 933 2
347 966 1
356 912 1
356 868 1
356 607 1
360 629 5
360 454 2
361 987 4
364 987 4
364 764 2
369 801 1
369 927 2
371 522 1
371 546 1
372 595 1
377 729 2
377 422 3
378 395 1
379 454 1
395 505 1
395 514 1
395 780 1
395 735 1
398 712 3
399 427 1
401 429 3
401 454 1
401 415 1
402 634 1
407 843 1
407 779 1
410 969 1
415 833 2
416 648 1
416 868 1
416 454 1
418 996 20
418 977 12
421 795 1
422 731 5
422 427 1
423 832 1
423 977 1
423 646 2
424 795 2
424 630 3
426 454 1
427 955 1
427 731 1
428 546 1
428 915 4
428 857 4
428 953 1
429 454 2
432 987 4
433 987 4
435 586 12
435 500 2
435 782 1
435 686 1
442 1004 1
443 483 2
443 662 7
443 742 5
444 927 2
447 762 1
447 586 1
450 742 2
450 595 2
450 662 4
450 572 3
454 865 1
454 707 1
454 904 1
454 1003 1
454 909 4
454 857 1
454 890 1
454 990 1
458 577 1
458 956 2
458 558 1
460 591 1
462 833 3
462 762 1
464 553 2
469 978 2
469 630 1
472 575 1
482 531 2
482 987 4
485 646 2
485 542 1
485 927 2
493 629 5
493 838 1
499 704 1
500 515 1
500 586 1
500 782 4
502 607 1
502 951 1
506 644 1
506 1004 1
510 622 3
511 987 4
513 823 2
513 927 2
515 648 1
516 828 1
522 546 2
526 561 1
526 629 9
530 658 1
530 629 12
530 891 2
531 641 1
531 987 4
532 828 2
535 823 1
535 927 2
538 693 1
538 951 1
540 987 4
540 1004 3
540 692 1
540 697 3
540 698 3
540 955 2
540 925 1
541 643 1
542 546 1
542 646 1
542 844 2
542 823 1
542 927 2
544 669 1
546 684 1
546 679 1
546 841 2
546 851 1
546 565 1
546 920 1
546 915 1
547 978 1
551 927 2
553 670 1
558 704 1
558 956 1
558 565 2
561 629 5
561 846 2
565 704 2
565 723 1
572 862 1
575 912 1
575 782 1
577 686 2
581 936 1
582 987 4
586 868 2
586 782 2
586 687 1
586 912 2
586 648 3
586 984 6
587 720 3
591 746 1
595 934 2
595 718 1
597 738 1
602 743 1
603 622 1
609 707 1
612 740 1
622 676 4
629 658 6
629 685 5
629 846 5
629 630 11
629 631 5
629 891 11
630 685 5
641 987 4
641 809 1
644 996 1
644 1001 1
644 924 1
644 702 1
646 927 2
647 915 2
647 847 1
650 682 1
650 828 1
650 738 1
650 783 1
654 738 1
659 742 6
672 844 3
680 707 1
684 704 2
684 844 1
685 1001 4
685 724 2
692 742 1
692 746 3
697 925 3
697 855 4
698 840 2
698 873 2
698 764 2
700 724 2
700 790 1
704 743 1
704 723 1
707 1003 1
707 880 1
707 951 1
708 718 1
716 718 1
718 866 2
718 754 1
718 915 1
719 738 3
720 833 2
720 942 1
722 927 3
723 758 1
724 1001 1
724 796 2
731 741 1
737 849 1
738 783 2
738 837 2
738 745 1
738 921 2
738 923 2
742 993 2
742 835 3
742 901 1
742 784 3
742 863 1
746 935 22
746 923 1
758 956 1
761 881 3
761 804 1
764 994 3
764 987 4
769 830 1
770 927 2
772 987 1
773 955 2
774 947 24
779 843 1
782 923 1
788 950 1
789 987 4
790 812 6
809 987 4
810 1004 2
817 978 1
823 927 2
838 857 2
840 987 4
849 987 4
851 978 1
851 988 1
854 927 2
857 915 1
872 987 4
873 987 4
890 923 1
915 952 2
915 953 2
921 1004 1
925 955 1
933 966 2
935 966 3
954 978 1
955 987 5
977 996 6
977 1001 14
977 1004 4
987 994 4
