0
1
2
3
4
5
6
7
8
9
10
11
12
13
14
15
16
17
18
19
20
21
22
23
24
25
26
27
28
29
30
31
32
33
34
35
36
37
38
39
40
41
42
43
44
45
46
47
48
49
50
51
52
53
54
55
56
57
58
59
60
61
62
63
64
65
66
67
68
69
70
71
72
73
74
75
76
77
78
79
80
81
82
83
84
85
86
87
88
89
90
91
92
93
94
95
96
97
98
99
100
101
102
103
104
105
106
107
108
109
110
111
112
113
114
115
116
117
118
119
120
121
122
123
124
125
126
127
128
129
130
131
132
133
134
135
136
137
138
139
141
142
143
144
145
146
147
148
149
150
151
152
153
154
155
157
158
159
160
161
162
163
164
165
166
167
168
169
170
171
172
173
174
175
176
177
178
179
180
181
182
183
184
185
186
187
188
189
190
191
192
193
194
195
196
197
198
199
200
201
202
203
204
205
206
207
208
209
210
211
212
213
214
215
216
217
218
219
220
221
222
223
224
225
226
227
228
229
230
231
232
233
235
236
237
238
239
240
241
242
243
244
245
246
247
248
249
250
251
252
253
254
255
256
257
259
260
262
263
264
265
266
267
268
269
270
271
272
273
274
275
276
277
278
279
280
281
282
283
284
285
286
287
288
289
290
291
292
293
294
295
296
297
299
300
301
302
303
304
305
306
307
308
309
310
311
312
313
314
315
316
317
318
319
320
321
322
323
324
325
326
327
328
329
330
331
332
333
334
335
336
337
338
339
340
341
343
344
345
346
347
348
349
350
351
352
353
355
356
357
358
359
360
361
362
364
365
366
367
368
369
370
371
372
373
374
375
376
377
378
379
380
381
382
383
384
385
386
387
388
389
390
391
392
393
394
395
396
397
398
399
400
401
402
403
404
405
406
407
408
409
410
411
412
413
414
415
416
418
419
420
421
422
423
424
425
426
427
428
429
430
431
432
433
434
435
436
437
438
439
440
441
442
443
444
445
446
447
448
449
450
451
452
453
454
455
456
457
458
459
460
461
462
464
465
466
467
468
469
470
471
472
473
474
475
476
477
478
479
480
481
482
483
484
485
486
487
488
489
490
491
492
493
495
496
497
498
499
500
501
502
503
504
505
506
507
508
509
510
511
512
513
514
515
516
517
518
519
520
521
522
523
524
525
526
527
528
530
531
532
533
534
535
536
537
538
539
540
541
542
543
544
545
546
547
548
549
550
551
552
553
554
556
557
558
559
560
561
562
563
564
565
566
567
568
569
570
571
572
573
574
575
576
577
578
579
580
581
582
583
584
585
586
587
588
589
590
591
592
593
594
595
596
597
598
599
600
601
602
603
604
605
606
607
609
610
611
612
613
614
615
616
617
618
619
621
622
623
624
625
626
627
628
629
630
631
632
633
634
635
636
637
638
639
640
641
642
643
644
645
646
647
648
649
650
651
652
653
654
655
656
657
658
659
660
661
662
663
664
665
666
667
668
669
670
671
672
673
674
675
676
677
678
679
680
681
682
683
684
685
686
687
688
689
690
691
692
693
694
695
696
697
698
699
700
701
702
703
704
705
706
707
708
709
710
711
712
713
714
715
716
717
718
719
720
721
722
723
724
725
726
727
728
729
730
731
732
733
734
735
736
737
738
739
740
741
742
743
744
745
746
747
748
749
750
751
752
753
754
756
757
758
759
760
761
762
763
764
765
767
768
769
770
771
772
773
774
775
776
777
778
779
780
781
782
783
784
785
786
787
788
789
790
791
792
793
794
795
796
797
798
799
800
801
802
803
804
805
806
807
808
809
810
811
812
813
814
815
816
817
818
819
820
821
822
823
824
825
826
827
828
829
830
831
832
833
834
835
836
837
838
839
840
841
842
843
844
845
846
847
848
849
850
851
852
853
854
855
856
857
858
859
860
861
862
863
864
865
866
867
868
869
870
871
872
873
874
875
876
877
878
879
880
881
882
883
884
885
886
887
888
889
890
891
892
893
894
895
896
897
898
899
900
901
902
903
904
905
906
907
908
909
910
911
912
913
914
915
916
917
918
919
920
921
922
923
924
925
926
927
928
929
930
931
932
933
934
935
936
937
938
939
940
941
942
943
944
945
946
947
948
949
950
951
952
953
954
955
956
957
958
960
961
962
963
964
965
966
967
968
969
970
971
972
973
974
975
976
977
978
979
980
981
982
983
984
985
986
987
988
989
990
991
992
993
994
995
996
997
998
999
1000
1001
1002
1003
1004
0 569 4
1 309 3
2 586 5
2 126 2
2 389 1
2 790 3
2 77 3
4 135 5
5 246 3
5 670 4
6 569 4
6 506 2
6 381 1
6 783 1
12 406 1
13 738 1
13 239 1
14 924 1
14 738 1
14 724 1
15 422 3
15 680 7
15 584 1
15 370 1
15 406 8
15 731 5
15 284 1
16 410 1
16 541 3
17 428 4
24 891 4
24 629 8
24 630 2
24 142 1
25 672 1
25 386 1
25 458 5
25 684 1
25 48 2
25 216 1
25 319 1
26 40 1
27 147 1
29 506 1
29 381 1
29 670 1
29 783 1
30 648 2
30 313 1
30 356 1
30 765 1
31 165 4
31 838 1
31 847 1
32 891 1
32 580 1
32 789 1
32 127 1
34 997 6
34 135 1
35 978 3
40 193 1
40 450 2
40 712 3
40 696 2
40 159 5
41 723 1
41 565 4
42 402 1
42 548 1
45 66 3
45 790 1
46 676 1
48 704 3
48 458 1
48 684 1
48 558 1
48 499 1
48 918 1
48 216 1
48 956 2
48 319 2
52 472 1
52 868 1
53 633 1
53 190 2
56 641 1
56 482 1
56 987 1
58 909 3
61 522 2
61 926 2
61 718 3
62 159 1
62 542 13
62 646 9
62 743 1
64 322 2
65 450 2
65 742 2
65 326 1
65 135 8
65 776 2
65 915 2
65 687 2
65 120 2
65 530 2
65 851 2
65 502 2
65 920 2
65 220 1
65 253 1
65 191 4
66 790 2
67 344 4
67 963 17
67 165 2
67 190 1
67 207 5
68 176 1
71 595 1
72 214 3
72 159 2
73 458 2
75 633 1
75 191 1
75 772 4
75 334 1
75 607 2
77 260 16
77 168 1
77 912 1
77 356 3
77 575 2
78 502 1
82 135 5
83 830 1
86 443 2
86 830 1
86 662 1
90 167 1
90 199 1
90 912 1
90 433 2
90 851 3
90 692 1
90 280 1
90 506 1
90 798 2
91 499 1
91 788 1
91 607 1
92 165 1
92 847 1
96 638 1
98 592 4
98 713 2
98 107 3
98 429 1
98 454 3
101 377 2
101 866 1
101 246 3
101 423 2
103 514 2
103 164 1
103 950 3
103 310 1
103 303 3
104 859 2
104 765 1
105 418 2
106 828 1
106 788 1
107 553 1
107 381 1
112 392 1
112 674 1
112 267 1
112 187 1
112 607 2
113 927 2
114 522 2
117 291 1
118 716 1
120 278 1
120 454 4
120 927 1
122 857 1
122 410 1
122 428 1
125 676 1
126 586 3
126 356 1
126 573 4
126 759 2
127 749 1
131 738 1
132 842 5
133 602 1
133 765 1
134 592 4
134 291 2
134 763 3
134 454 1
135 581 8
135 870 5
135 197 3
135 942 5
135 176 2
135 371 5
135 628 5
135 214 1
135 292 3
135 159 2
135 720 3
135 703 1
136 200 3
136 915 5
136 428 12
136 165 1
136 159 8
137 306 2
141 978 2
141 851 2
142 165 1
142 951 1
143 796 2
144 175 4
147 416 2
147 577 1
147 931 1
147 933 2
147 230 1
147 171 1
147 972 1
147 590 1
147 285 1
147 308 2
147 277 1
147 214 1
147 347 3
147 686 1
147 157 1
147 926 1
147 607 2
149 239 2
150 415 2
151 253 1
152 830 1
153 977 6
153 410 1
157 775 2
157 499 1
157 248 1
157 356 1
157 731 2
157 542 1
157 607 1
158 176 1
159 776 1
159 712 1
159 398 1
159 272 1
159 915 2
159 923 1
159 798 4
159 809 2
159 940 11
159 951 2
159 324 9
159 590 3
159 978 1
159 851 1
159 724 1
159 334 3
159 214 3
159 629 1
160 530 2
160 629 8
164 548 2
164 420 1
165 683 1
165 647 1
165 200 1
165 316 1
165 971 1
165 428 1
165 302 1
165 207 1
165 401 1
165 952 1
165 344 1
165 953 1
165 990 1
165 543 1
166 609 2
166 586 2
166 759 1
167 817 1
167 547 1
167 988 1
167 978 2
168 416 1
168 232 1
168 586 1
168 912 1
168 369 1
168 472 4
168 765 1
171 347 1
173 738 1
175 737 4
175 423 5
175 1001 3
175 650 1
175 849 8
175 275 1
175 246 4
175 410 1
175 446 3
176 769 1
176 482 1
176 995 1
176 836 1
176 581 1
176 329 1
176 588 1
176 692 1
176 245 1
176 855 1
176 641 1
176 764 1
180 958 1
180 215 1
181 920 2
184 754 1
184 724 2
185 629 1
187 695 1
188 978 2
189 969 5
189 506 6
189 546 1
189 629 3
190 193 2
190 373 1
190 353 1
190 656 3
190 274 3
190 920 2
190 891 3
190 629 3
191 948 1
191 415 2
192 381 1
193 416 3
193 290 1
193 557 1
193 633 6
195 595 1
197 546 1
197 987 1
197 923 1
197 702 1
198 568 1
199 738 1
199 644 1
199 541 3
199 924 3
199 506 2
199 702 2
200 971 4
200 428 1
200 344 2
200 951 1
200 952 2
200 543 2
202 629 3
207 424 5
207 428 2
207 558 1
207 847 3
207 978 2
207 469 1
207 795 1
207 988 1
208 977 2
209 356 3
214 900 1
214 776 1
214 940 1
214 272 2
214 530 1
214 920 1
214 923 1
214 544 1
214 684 1
214 951 1
214 835 1
214 844 1
214 334 1
214 720 1
214 852 1
214 590 1
214 987 1
214 220 1
214 865 1
214 738 1
214 743 1
214 371 1
214 629 3
214 891 1
214 765 1
216 321 1
216 684 1
216 558 1
216 319 1
223 322 2
223 663 1
223 901 1
223 343 2
226 440 1
228 569 4
228 693 1
229 306 2
229 830 1
229 790 1
229 607 1
231 624 1
231 873 1
231 698 4
231 987 1
231 749 3
232 912 2
233 769 2
233 692 4
236 537 4
236 383 2
239 609 1
239 428 1
239 951 1
239 857 1
245 736 1
245 994 1
245 329 1
245 698 4
245 764 3
246 423 5
246 724 5
246 377 3
249 569 4
250 886 5
250 927 2
251 410 1
251 482 1
253 290 1
256 515 1
256 356 2
256 294 1
256 648 1
256 885 1
256 472 4
256 313 6
257 779 1
257 421 1
257 823 1
264 329 3
267 944 3
267 803 2
267 586 30
267 428 1
267 526 3
267 951 4
267 891 8
268 592 2
268 633 1
268 291 1
269 925 1
270 738 1
272 712 9
272 595 4
272 700 1
274 817 1
275 849 1
275 327 1
278 291 1
280 566 2
280 585 2
280 658 1
280 629 6
280 502 2
281 491 1
284 731 1
290 687 1
290 589 1
291 454 4
291 713 1
291 429 2
292 581 1
293 718 1
294 313 2
294 586 2
295 569 3
299 388 1
301 978 2
302 428 2
303 343 3
305 416 2
306 659 2
306 660 2
306 830 1
308 418 2
308 347 2
308 748 1
308 926 1
310 343 1
311 955 1
311 540 1
313 416 5
313 472 1
313 765 1
316 392 3
318 332 1
318 684 1
318 565 1
318 918 1
318 679 1
319 956 4
319 558 3
320 337 1
321 704 3
321 458 1
321 499 1
321 684 1
322 879 1
322 343 5
323 634 3
324 388 8
324 334 4
324 591 8
324 534 10
324 638 4
326 930 1
327 738 1
327 381 4
332 435 1
332 500 6
332 782 1
333 569 4
333 743 1
334 923 1
334 718 1
334 687 1
334 692 1
334 502 1
334 612 1
334 591 1
334 383 1
335 464 1
335 440 1
335 532 4
337 505 3
337 788 2
338 433 1
338 773 2
343 950 2
343 853 1
343 663 1
343 399 1
344 373 9
347 966 3
353 891 1
356 416 3
356 984 1
356 743 3
356 586 1
356 499 1
356 500 1
356 472 9
360 629 9
360 526 1
362 383 3
362 502 1
362 854 1
362 695 1
364 809 1
365 716 1
369 646 2
369 927 2
372 595 2
372 572 7
377 866 3
377 423 2
377 457 2
377 605 1
379 568 1
380 712 1
380 440 2
381 783 2
381 532 2
381 506 3
381 670 4
383 589 2
383 909 1
383 528 1
383 922 1
388 612 1
388 951 2
392 517 2
393 907 1
400 830 1
401 429 6
401 454 4
401 415 2
406 680 5
406 731 1
409 569 4
409 599 1
410 482 1
410 837 1
410 977 1
410 1001 1
410 650 1
410 777 1
410 994 1
410 433 1
410 969 1
410 924 2
410 541 1
415 833 1
415 612 1
415 435 2
415 629 3
415 630 5
415 569 3
416 454 2
416 648 1
416 782 1
416 948 2
416 885 1
418 977 5
421 424 6
421 978 2
421 795 1
422 731 4
423 710 1
423 650 2
423 446 1
424 847 2
424 978 2
424 795 8
424 990 1
427 955 2
428 838 1
428 658 1
428 915 1
428 630 1
428 857 3
428 569 1
429 925 2
429 454 13
433 738 1
435 500 5
437 738 1
440 537 5
443 742 2
443 830 1
443 692 1
443 662 1
444 535 2
444 927 2
450 712 1
450 595 1
450 572 1
450 947 1
454 609 3
454 772 4
454 592 1
456 936 2
458 684 2
458 558 1
462 833 2
469 978 2
469 630 3
470 569 4
470 789 6
470 605 1
472 743 1
472 912 5
472 602 1
482 847 1
482 531 1
482 569 10
482 990 1
483 607 1
485 513 1
485 823 4
485 927 2
488 568 1
493 731 3
493 629 5
495 568 1
497 977 6
499 517 1
499 743 1
499 844 2
499 586 1
499 684 1
499 558 2
499 591 1
499 565 1
499 535 1
499 956 2
499 542 1
502 901 1
502 749 2
502 687 1
502 718 2
502 569 6
506 738 1
506 996 1
506 743 4
506 1001 6
506 951 1
506 644 1
506 783 4
506 670 3
508 738 1
509 969 1
511 695 1
512 978 1
513 927 3
515 927 1
516 738 1
516 783 2
516 743 2
517 607 1
526 629 6
530 685 1
530 851 1
530 629 18
530 630 2
530 920 1
530 891 5
531 641 2
531 987 1
532 738 1
532 898 1
532 670 1
535 823 1
535 927 2
538 569 4
540 546 1
540 698 5
540 955 2
540 925 1
541 738 1
541 783 1
541 977 3
541 850 4
541 951 1
541 921 2
542 927 2
546 550 3
546 923 1
546 607 2
547 978 2
547 658 1
550 923 1
551 927 2
552 978 4
552 851 1
552 858 1
552 951 6
553 670 4
558 956 2
561 629 5
561 846 6
563 779 2
565 679 1
565 684 2
565 723 3
566 713 2
568 947 2
569 693 4
569 951 1
569 710 4
569 976 4
569 599 9
569 605 4
569 862 4
569 991 3
569 749 8
573 586 4
576 738 1
577 686 1
580 582 1
580 862 4
581 720 2
581 830 2
582 764 5
584 731 2
585 695 1
586 602 2
586 912 1
586 885 1
586 984 2
586 762 3
590 926 3
591 607 1
592 713 1
592 948 3
592 927 4
595 1004 3
595 754 4
595 951 1
602 743 3
605 789 5
607 738 3
607 749 1
607 692 1
609 707 1
609 772 3
609 633 1
609 927 1
614 978 2
617 720 3
624 873 1
629 749 2
629 658 5
629 685 8
629 846 5
629 978 1
629 630 13
629 631 6
629 891 28
629 894 4
630 685 1
630 915 3
630 920 1
630 851 1
631 891 1
631 846 2
633 920 1
634 788 2
643 685 3
644 738 1
644 702 6
646 927 2
650 738 1
653 738 1
654 738 15
654 682 2
654 783 10
657 738 1
659 660 2
659 830 1
670 783 1
671 687 1
672 844 3
679 684 1
680 720 3
680 731 1
680 790 1
682 738 3
684 704 4
684 918 1
684 844 1
684 956 1
685 1001 1
685 724 2
687 742 1
687 783 2
687 923 1
692 746 1
692 749 2
692 830 2
694 845 2
698 840 4
698 873 4
698 764 4
698 925 1
700 891 1
700 773 2
702 738 1
702 850 1
702 761 2
704 743 8
704 723 1
704 956 2
707 880 1
715 926 1
718 749 6
718 724 1
719 738 2
719 837 1
719 783 2
722 823 1
722 927 2
723 758 1
724 1001 1
731 915 1
731 951 3
737 849 2
738 783 23
738 921 1
738 923 1
738 924 1
738 945 1
738 951 2
738 837 1
738 850 1
738 979 1
738 996 2
738 1001 1
738 747 1
738 881 1
738 745 1
738 761 6
742 771 1
742 900 1
743 765 1
743 859 4
748 926 3
754 843 1
758 956 2
758 918 1
761 783 3
764 840 6
769 830 1
770 927 2
771 830 1
773 955 2
774 947 13
783 921 1
788 832 1
789 987 3
790 812 5
790 956 1
795 978 4
795 988 1
817 978 2
823 927 3
830 863 1
830 901 1
830 835 1
840 925 1
850 987 2
851 978 3
851 915 1
851 920 2
854 927 4
861 896 2
863 901 1
883 907 1
901 993 1
915 920 1
925 955 1
927 948 1
933 966 2
935 966 2
954 978 2
955 987 2
957 978 2
969 977 7
977 1004 7
977 1001 2
978 988 2
