0
1
2
3
4
5
6
7
8
9
10
11
12
13
14
15
16
17
18
19
20
21
22
23
24
25
26
27
28
29
30
31
32
33
34
35
36
37
38
39
40
41
42
43
44
45
46
47
48
49
50
51
52
53
54
55
56
57
58
59
60
61
62
63
64
65
66
67
68
69
70
71
72
73
74
75
76
77
78
79
80
81
82
83
84
85
86
87
88
89
90
91
92
93
94
95
96
97
98
99
100
101
102
103
104
105
106
107
108
109
110
111
112
113
114
115
116
117
118
119
120
121
122
123
124
125
126
127
128
129
130
131
132
133
134
135
136
137
138
139
141
142
143
144
145
146
147
148
149
150
151
152
153
154
155
157
158
159
160
161
162
163
164
165
166
167
168
169
170
171
172
173
174
175
176
177
178
179
180
181
182
183
184
185
186
187
188
189
190
191
192
193
194
195
196
197
198
199
200
201
202
203
204
205
206
207
208
209
210
211
212
213
214
215
216
217
218
219
220
221
222
223
224
225
226
227
228
229
230
231
232
233
235
236
237
238
239
240
241
242
243
244
245
246
247
248
249
250
251
252
253
254
255
256
257
259
260
262
263
264
265
266
267
268
269
270
271
272
273
274
275
276
277
278
279
280
281
282
283
284
285
286
287
288
289
290
291
292
293
294
295
296
297
299
300
301
302
303
304
305
306
307
308
309
310
311
312
313
314
315
316
317
318
319
320
321
322
323
324
325
326
327
328
329
330
331
332
333
334
335
336
337
338
339
340
341
343
344
345
346
347
348
349
350
351
352
353
355
356
357
358
359
360
361
362
364
365
366
367
368
369
370
371
372
373
374
375
376
377
378
379
380
381
382
383
384
385
386
387
388
389
390
391
392
393
394
395
396
397
398
399
400
401
402
403
404
405
406
407
408
409
410
411
412
413
414
415
416
418
419
420
421
422
423
424
425
426
427
428
429
430
431
432
433
434
435
436
437
438
439
440
441
442
443
444
445
446
447
448
449
450
451
452
453
454
455
456
457
458
459
460
461
462
464
465
466
467
468
469
470
471
472
473
474
475
476
477
478
479
480
481
482
483
484
485
486
487
488
489
490
491
492
493
495
496
497
498
499
500
501
502
503
504
505
506
507
508
509
510
511
512
513
514
515
516
517
518
519
520
521
522
523
524
525
526
527
528
530
531
532
533
534
535
536
537
538
539
540
541
542
543
544
545
546
547
548
549
550
551
552
553
554
556
557
558
559
560
561
562
563
564
565
566
567
568
569
570
571
572
573
574
575
576
577
578
579
580
581
582
583
584
585
586
587
588
589
590
591
592
593
594
595
596
597
598
599
600
601
602
603
604
605
606
607
609
610
611
612
613
614
615
616
617
618
619
621
622
623
624
625
626
627
628
629
630
631
632
633
634
635
636
637
638
639
640
641
642
643
644
645
646
647
648
649
650
651
652
653
654
655
656
657
658
659
660
661
662
663
664
665
666
667
668
669
670
671
672
673
674
675
676
677
678
679
680
681
682
683
684
685
686
687
688
689
690
691
692
693
694
695
696
697
698
699
700
701
702
703
704
705
706
707
708
709
710
711
712
713
714
715
716
717
718
719
720
721
722
723
724
725
726
727
728
729
730
731
732
733
734
735
736
737
738
739
740
741
742
743
744
745
746
747
748
749
750
751
752
753
754
756
757
758
759
760
761
762
763
764
765
767
768
769
770
771
772
773
774
775
776
777
778
779
780
781
782
783
784
785
786
787
788
789
790
791
792
793
794
795
796
797
798
799
800
801
802
803
804
805
806
807
808
809
810
811
812
813
814
815
816
817
818
819
820
821
822
823
824
825
826
827
828
829
830
831
832
833
834
835
836
837
838
839
840
841
842
843
844
845
846
847
848
849
850
851
852
853
854
855
856
857
858
859
860
861
862
863
864
865
866
867
868
869
870
871
872
873
874
875
876
877
878
879
880
881
882
883
884
885
886
887
888
889
890
891
892
893
894
895
896
897
898
899
900
901
902
903
904
905
906
907
908
909
910
911
912
913
914
915
916
917
918
919
920
921
922
923
924
925
926
927
928
929
930
931
932
933
934
935
936
937
938
939
940
941
942
943
944
945
946
947
948
949
950
951
952
953
954
955
956
957
958
960
961
962
963
964
965
966
967
968
969
970
971
972
973
974
975
976
977
978
979
980
981
982
983
984
985
986
987
988
989
990
991
992
993
994
995
996
997
998
999
1000
1001
1002
1003
1004
0 249 3
0 732 2
0 118 2
1 309 1
2 66 1
2 517 1
2 38 3
2 231 1
2 526 5
2 790 7
2 889 1
2 700 1
2 126 1
4 304 3
4 371 1
4 135 1
5 808 1
5 553 2
5 107 1
5 29 1
5 175 2
6 249 6
6 178 1
13 850 2
13 541 1
13 743 2
14 644 1
14 199 1
14 1001 22
14 173 1
14 850 2
14 921 3
14 506 16
14 924 3
14 702 30
15 680 5
15 731 1
16 410 1
16 718 1
16 407 1
19 890 1
24 160 1
24 267 1
24 530 1
24 915 3
24 630 2
24 891 5
25 844 3
25 458 1
25 684 4
25 558 1
25 918 1
25 956 3
28 582 1
29 107 1
29 381 1
30 868 1
30 209 1
30 168 3
30 908 4
30 912 1
30 104 1
30 52 3
30 313 1
30 765 4
31 267 1
31 915 1
31 990 1
31 142 1
32 572 2
32 789 2
35 362 1
35 547 1
35 658 1
37 168 1
38 324 1
40 450 3
40 379 1
40 900 2
40 712 3
40 60 1
40 267 1
40 802 3
40 272 3
40 488 1
40 466 2
40 947 2
40 662 5
40 695 3
40 568 5
40 187 3
40 572 2
40 254 1
45 52 2
45 126 2
46 343 1
48 458 1
48 684 1
52 416 3
52 66 5
52 126 6
52 472 3
52 602 1
53 923 3
53 581 1
56 987 3
58 577 2
61 718 1
61 135 1
62 513 1
62 113 1
62 485 4
62 646 1
62 551 4
62 535 1
62 752 1
62 369 9
62 722 1
62 854 1
62 823 2
62 890 1
62 571 4
62 444 2
62 250 4
62 542 4
62 159 3
66 260 1
66 126 5
66 782 1
67 267 1
70 324 1
70 509 1
71 595 4
73 458 1
73 499 1
74 256 1
74 294 6
74 168 1
74 586 1
74 912 1
74 104 4
74 885 1
74 984 1
74 573 4
74 447 1
76 410 1
77 912 2
77 699 1
80 267 1
82 135 1
83 152 1
83 703 1
86 443 2
90 663 1
92 658 2
92 142 1
95 873 1
96 420 1
98 707 8
98 454 1
98 134 2
98 713 7
98 107 9
98 268 8
98 429 8
98 592 5
98 401 8
98 291 1
98 117 8
98 278 9
103 977 2
104 721 1
104 362 1
104 765 1
105 418 1
106 740 1
107 192 1
107 898 1
107 1004 1
107 652 1
107 208 1
107 532 1
107 664 1
107 537 2
107 670 1
107 415 1
107 808 1
107 553 1
107 810 1
107 175 1
107 688 1
107 393 2
107 320 1
107 201 1
107 335 3
107 464 1
107 468 1
107 985 1
107 737 1
107 236 3
107 118 1
107 980 2
107 381 2
111 885 4
112 267 5
112 517 1
112 478 1
113 542 1
114 249 3
114 149 1
116 692 2
119 335 5
120 772 1
120 900 1
122 410 1
122 479 1
125 622 1
126 416 1
126 868 5
126 232 6
126 912 1
126 573 1
127 595 3
127 916 2
127 189 1
127 718 1
132 842 2
133 416 1
133 602 1
134 592 3
135 581 5
135 870 1
135 936 2
135 233 6
135 362 2
135 371 1
135 628 1
135 692 2
135 170 1
136 200 1
136 267 1
136 658 1
136 915 3
136 142 1
139 832 1
139 477 1
142 344 1
142 971 3
142 165 1
142 647 3
142 200 1
142 267 7
142 428 1
142 302 1
142 915 7
142 953 1
142 952 3
142 857 1
142 543 1
142 990 1
147 926 1
147 686 2
147 159 1
149 249 3
149 189 1
151 923 3
151 253 1
152 443 1
153 977 5
153 410 1
153 418 2
157 746 1
157 743 2
157 926 1
157 159 1
159 290 3
159 742 2
159 243 1
159 233 1
159 940 6
159 334 2
159 239 1
159 190 2
159 500 2
159 398 1
159 951 1
159 472 1
159 923 2
160 547 1
160 267 1
160 530 1
160 915 3
160 571 5
161 571 1
164 853 2
164 343 2
165 267 1
165 915 1
166 586 1
166 743 1
167 547 1
168 416 1
168 260 11
168 232 3
168 266 7
168 556 1
168 912 20
168 648 1
168 949 15
168 790 3
168 439 2
168 472 2
168 356 2
168 890 1
168 923 2
168 575 1
169 595 4
171 590 2
171 926 1
173 850 2
175 275 3
175 849 3
175 410 1
178 502 5
178 280 1
178 249 2
178 188 1
178 189 3
178 862 1
181 267 1
181 724 2
181 190 2
185 833 1
186 267 2
186 517 1
187 450 2
188 547 1
188 851 1
188 630 2
188 207 1
189 404 1
189 236 1
189 718 3
189 724 1
189 249 3
189 409 1
189 410 1
189 362 1
190 353 2
190 267 3
190 978 2
190 629 1
190 656 2
190 274 2
190 373 2
190 920 3
190 890 2
190 316 2
191 912 2
191 692 4
192 381 6
193 923 1
196 338 1
197 850 2
199 506 2
199 850 2
199 996 4
199 541 6
200 267 2
200 971 2
200 428 3
200 952 4
200 915 3
200 344 3
201 249 3
201 393 1
202 267 1
207 547 3
207 421 1
207 424 1
207 428 1
207 301 1
207 847 1
207 851 2
207 469 2
207 954 2
207 795 4
207 990 1
207 373 1
208 335 1
209 472 1
209 356 1
214 416 1
214 233 1
214 746 1
214 923 1
214 290 3
216 321 3
216 458 1
223 534 1
225 779 1
229 607 2
230 926 1
231 698 3
232 260 2
232 949 2
232 790 2
232 575 1
233 692 7
235 923 1
236 249 3
239 713 1
239 951 1
239 609 1
241 547 1
245 698 3
245 764 1
248 506 1
248 692 1
248 591 1
249 716 5
249 1004 3
249 977 5
249 595 3
249 409 3
249 410 6
250 500 3
251 410 1
253 290 1
253 566 1
256 356 1
256 517 1
256 294 1
256 267 2
256 478 1
260 416 2
260 912 4
260 439 4
260 472 1
260 762 2
260 699 1
266 416 3
266 790 3
267 517 7
267 647 2
267 648 2
267 855 1
267 526 2
267 493 1
267 656 1
267 408 1
267 274 1
267 915 2
267 662 1
267 674 2
267 561 1
267 990 1
267 428 1
267 685 1
267 302 2
267 392 10
267 530 3
267 952 2
267 700 1
267 629 1
267 450 1
267 581 7
267 586 3
267 971 2
267 846 1
267 847 1
267 720 1
267 280 1
267 344 1
267 857 1
267 731 1
267 988 1
267 478 5
267 353 1
267 870 2
267 360 1
267 316 2
267 658 2
267 920 1
267 371 2
267 628 1
267 373 1
267 630 1
267 631 1
267 891 2
268 633 1
270 850 2
272 700 2
274 630 1
275 849 3
277 571 3
277 355 2
277 285 1
277 926 1
278 776 1
278 923 2
278 290 1
280 530 2
284 731 2
285 571 3
285 926 1
288 530 1
290 671 1
291 401 2
291 429 1
291 454 1
294 416 3
294 885 11
294 984 4
294 586 25
294 447 6
299 509 3
301 547 1
302 915 1
308 418 1
310 477 1
310 534 1
310 343 1
311 955 1
311 540 1
313 416 1
313 356 1
313 472 2
313 885 3
313 984 1
313 447 2
316 915 3
318 499 1
318 684 6
318 558 2
319 458 1
320 843 2
320 1004 3
321 844 1
321 458 2
321 684 4
321 565 2
324 890 4
327 850 2
329 624 2
329 692 1
332 416 2
332 586 8
332 435 6
332 500 1
332 447 2
334 546 1
334 550 2
334 776 6
334 617 2
334 687 2
334 696 2
334 923 2
334 638 1
335 898 1
335 810 1
335 980 3
335 664 4
337 505 2
337 509 4
338 582 2
338 415 1
340 743 1
341 915 1
343 950 4
343 591 1
343 534 1
343 663 8
343 399 1
347 926 1
349 976 5
356 743 1
356 472 4
360 530 4
362 502 1
364 418 2
364 582 1
369 513 1
369 535 3
372 595 1
372 404 1
381 643 1
381 670 3
383 586 2
383 526 2
388 534 1
392 674 2
392 803 2
394 571 5
401 429 5
401 454 3
401 415 2
402 634 1
402 788 1
404 595 2
407 843 1
409 502 1
410 482 1
410 837 1
410 977 2
410 777 1
410 1001 1
410 650 1
410 994 1
410 433 1
410 969 1
410 924 1
410 541 1
413 746 7
413 700 1
413 935 5
414 891 4
414 687 1
415 935 2
415 429 1
415 471 2
416 868 1
416 425 2
416 586 9
416 912 3
416 472 3
416 573 1
416 447 2
418 996 65
418 977 8
418 1001 2
420 559 1
420 879 1
421 547 1
422 731 1
423 832 4
423 977 1
424 547 1
425 946 1
427 955 2
428 915 5
429 454 3
433 987 1
433 789 2
435 586 1
435 500 2
439 912 2
440 737 1
443 602 2
443 718 1
445 530 1
445 891 2
447 586 47
447 885 5
450 802 1
450 571 2
450 712 2
450 947 5
450 695 2
450 568 1
454 592 4
458 684 5
458 844 1
458 558 2
458 723 1
458 565 1
458 758 1
458 956 1
468 643 1
469 547 1
472 743 2
472 912 1
477 534 1
478 648 1
478 517 3
479 980 1
485 691 27
485 823 1
487 534 1
491 644 1
493 530 2
493 685 2
493 630 2
497 977 2
497 773 1
499 844 2
499 684 1
499 565 1
499 918 1
500 814 15
500 782 4
506 644 1
506 1001 10
506 657 1
506 850 2
506 996 7
506 541 3
506 511 1
510 534 2
512 547 1
512 630 1
513 542 2
513 535 2
514 832 1
516 850 2
516 743 1
516 924 6
516 783 1
517 674 1
517 803 2
517 648 1
526 530 6
530 571 7
530 561 1
530 685 3
530 658 1
530 846 1
530 630 1
530 631 1
530 891 6
531 987 4
532 790 1
534 571 1
534 649 1
534 591 1
534 890 1
534 923 3
535 762 1
540 994 2
540 855 1
540 697 1
540 698 4
540 955 3
540 925 1
541 996 2
541 719 1
541 850 2
542 571 1
542 823 1
546 614 1
546 551 1
547 795 1
547 552 1
547 561 1
547 824 1
547 954 1
547 957 1
547 978 1
547 851 2
547 988 2
547 817 1
547 614 1
547 891 1
550 743 2
551 823 1
552 951 1
556 912 3
558 844 2
558 684 8
558 565 4
558 918 1
559 634 2
565 684 4
568 771 3
568 947 1
571 900 7
571 742 4
571 870 3
571 935 2
571 776 6
571 684 2
571 663 3
571 731 1
571 885 2
576 850 2
581 936 3
581 855 4
585 922 1
586 885 11
586 759 1
586 762 1
590 926 1
591 746 1
591 692 1
591 923 1
592 609 4
592 713 2
595 934 1
595 951 3
599 693 1
599 702 2
600 672 1
600 956 1
602 743 3
605 789 7
609 923 1
614 991 1
617 923 2
617 772 1
624 719 1
630 647 5
630 746 1
630 915 2
630 891 1
630 957 2
633 707 2
633 923 1
634 832 2
641 987 1
643 685 4
644 924 9
644 850 4
647 915 5
650 850 2
657 850 2
662 900 1
663 950 1
664 810 1
670 688 3
672 844 14
678 696 3
680 707 2
680 731 1
680 790 1
682 850 2
684 704 1
684 743 2
684 844 6
684 918 4
684 956 6
686 926 1
687 776 1
687 923 2
687 772 1
688 702 3
692 707 1
692 746 5
692 880 1
692 798 1
692 830 1
696 915 2
698 840 3
698 873 3
698 764 3
700 746 3
702 850 2
704 743 2
707 880 3
711 718 1
715 926 1
718 915 1
719 738 2
719 850 2
721 743 2
723 956 1
738 850 3
738 951 4
738 783 2
739 915 1
740 788 1
740 879 1
743 765 1
745 850 2
746 900 1
746 935 19
746 923 1
748 926 4
752 994 1
761 881 7
761 850 2
764 994 1
765 908 1
772 923 1
772 863 2
774 947 51
783 850 2
783 837 2
789 987 2
804 850 2
817 851 1
837 921 2
837 850 2
838 915 1
840 873 1
844 918 1
844 956 2
849 858 1
850 921 2
850 924 4
850 996 4
850 1001 2
850 881 2
851 920 2
855 936 4
857 915 2
885 984 1
890 923 5
912 949 5
915 971 1
915 952 1
918 956 2
924 1001 2
925 955 1
926 931 1
926 933 1
926 972 1
950 977 4
951 957 8
977 996 5
977 1001 6
977 1004 1
