0
1
2
3
4
5
6
7
8
9
10
11
12
13
14
15
16
17
18
19
20
21
22
23
24
25
26
27
28
29
30
31
32
33
34
35
36
37
38
39
40
41
42
43
44
45
46
47
48
49
50
51
52
53
54
55
56
57
58
59
60
61
62
63
64
65
66
67
68
69
70
71
72
73
74
75
76
77
78
79
80
81
82
83
84
85
86
87
88
89
90
91
92
93
94
95
96
97
98
99
100
101
102
103
104
105
106
107
108
109
110
111
112
113
114
115
116
117
118
119
120
121
122
123
124
125
126
127
128
129
130
131
132
133
134
135
136
137
138
139
141
142
143
144
145
146
147
148
149
150
151
152
153
154
155
157
158
159
160
161
162
163
164
165
166
167
168
169
170
171
172
173
174
175
176
177
178
179
180
181
182
183
184
185
186
187
188
189
190
191
192
193
194
195
196
197
198
199
200
201
202
203
204
205
206
207
208
209
210
211
212
213
214
215
216
217
218
219
220
221
222
223
224
225
226
227
228
229
230
231
232
233
235
236
237
238
239
240
241
242
243
244
245
246
247
248
249
250
251
252
253
254
255
256
257
259
260
262
263
264
265
266
267
268
269
270
271
272
273
274
275
276
277
278
279
280
281
282
283
284
285
286
287
288
289
290
291
292
293
294
295
296
297
299
300
301
302
303
304
305
306
307
308
309
310
311
312
313
314
315
316
317
318
319
320
321
322
323
324
325
326
327
328
329
330
331
332
333
334
335
336
337
338
339
340
341
343
344
345
346
347
348
349
350
351
352
353
355
356
357
358
359
360
361
362
364
365
366
367
368
369
370
371
372
373
374
375
376
377
378
379
380
381
382
383
384
385
386
387
388
389
390
391
392
393
394
395
396
397
398
399
400
401
402
403
404
405
406
407
408
409
410
411
412
413
414
415
416
418
419
420
421
422
423
424
425
426
427
428
429
430
431
432
433
434
435
436
437
438
439
440
441
442
443
444
445
446
447
448
449
450
451
452
453
454
455
456
457
458
459
460
461
462
464
465
466
467
468
469
470
471
472
473
474
475
476
477
478
479
480
481
482
483
484
485
486
487
488
489
490
491
492
493
495
496
497
498
499
500
501
502
503
504
505
506
507
508
509
510
511
512
513
514
515
516
517
518
519
520
521
522
523
524
525
526
527
528
530
531
532
533
534
535
536
537
538
539
540
541
542
543
544
545
546
547
548
549
550
551
552
553
554
556
557
558
559
560
561
562
563
564
565
566
567
568
569
570
571
572
573
574
575
576
577
578
579
580
581
582
583
584
585
586
587
588
589
590
591
592
593
594
595
596
597
598
599
600
601
602
603
604
605
606
607
609
610
611
612
613
614
615
616
617
618
619
621
622
623
624
625
626
627
628
629
630
631
632
633
634
635
636
637
638
639
640
641
642
643
644
645
646
647
648
649
650
651
652
653
654
655
656
657
658
659
660
661
662
663
664
665
666
667
668
669
670
671
672
673
674
675
676
677
678
679
680
681
682
683
684
685
686
687
688
689
690
691
692
693
694
695
696
697
698
699
700
701
702
703
704
705
706
707
708
709
710
711
712
713
714
715
716
717
718
719
720
721
722
723
724
725
726
727
728
729
730
731
732
733
734
735
736
737
738
739
740
741
742
743
744
745
746
747
748
749
750
751
752
753
754
756
757
758
759
760
761
762
763
764
765
767
768
769
770
771
772
773
774
775
776
777
778
779
780
781
782
783
784
785
786
787
788
789
790
791
792
793
794
795
796
797
798
799
800
801
802
803
804
805
806
807
808
809
810
811
812
813
814
815
816
817
818
819
820
821
822
823
824
825
826
827
828
829
830
831
832
833
834
835
836
837
838
839
840
841
842
843
844
845
846
847
848
849
850
851
852
853
854
855
856
857
858
859
860
861
862
863
864
865
866
867
868
869
870
871
872
873
874
875
876
877
878
879
880
881
882
883
884
885
886
887
888
889
890
891
892
893
894
895
896
897
898
899
900
901
902
903
904
905
906
907
908
909
910
911
912
913
914
915
916
917
918
919
920
921
922
923
924
925
926
927
928
929
930
931
932
933
934
935
936
937
938
939
940
941
942
943
944
945
946
947
948
949
950
951
952
953
954
955
956
957
958
960
961
962
963
964
965
966
967
968
969
970
971
972
973
974
975
976
977
978
979
980
981
982
983
984
985
986
987
988
989
990
991
992
993
994
995
996
997
998
999
1000
1001
1002
1003
1004
0 184 2
0 929 1
0 178 1
0 605 1
0 951 1
2 700 1
2 77 1
2 528 2
2 790 4
2 316 1
2 638 3
4 304 1
5 506 2
5 107 3
5 532 1
6 249 2
6 506 2
6 605 1
6 767 1
13 881 1
13 738 3
13 719 1
14 506 2
14 644 6
14 796 1
14 881 1
14 1001 1
14 1004 5
14 719 1
14 657 1
14 921 2
14 90 1
14 924 6
14 410 1
14 702 1
15 680 3
15 731 4
15 422 3
16 410 1
17 915 1
17 316 2
19 61 1
19 333 1
24 750 4
24 561 1
24 629 6
24 280 1
24 953 3
24 891 6
24 540 6
25 704 1
25 844 1
28 987 4
28 540 1
29 506 2
29 107 2
30 356 1
30 765 1
31 165 7
31 744 1
31 915 1
31 190 2
31 316 4
31 990 2
32 580 2
32 744 1
32 915 3
32 280 1
32 921 1
32 669 1
35 280 1
35 978 3
35 858 1
35 469 1
35 207 2
38 832 3
38 388 2
38 744 1
38 586 1
38 939 2
38 534 1
40 450 1
40 379 1
40 196 1
40 712 4
40 60 1
40 802 2
40 272 2
40 264 3
40 947 1
40 662 1
40 695 1
40 900 1
40 90 2
40 187 2
40 572 1
40 415 1
41 723 6
41 565 1
42 744 1
46 744 1
48 956 1
48 565 1
48 558 2
50 559 1
52 168 1
52 648 1
52 267 1
52 126 4
53 609 1
53 746 1
53 844 1
53 120 3
53 90 1
53 923 1
56 410 1
56 987 4
56 540 1
58 909 1
61 517 1
61 742 3
61 393 1
61 522 5
61 782 2
61 718 6
61 122 1
61 991 4
62 120 1
62 800 1
62 646 2
62 113 1
65 193 1
65 239 1
67 963 6
67 165 5
67 391 2
67 846 1
67 207 1
67 344 2
68 987 4
68 540 1
69 343 1
70 416 1
70 388 1
70 334 1
70 943 2
70 534 6
70 633 3
70 890 1
70 90 1
70 415 1
71 595 2
71 318 1
72 90 1
74 744 1
74 104 1
74 294 2
74 974 3
74 166 1
75 772 4
75 135 2
75 746 2
75 334 2
75 850 3
75 915 4
75 692 3
75 534 2
75 120 1
75 633 1
75 220 3
75 157 2
77 912 1
77 168 1
77 266 2
77 356 3
78 409 2
78 605 1
78 502 1
78 929 1
82 744 1
82 937 1
82 771 1
82 870 1
83 771 1
85 844 1
86 152 3
86 443 4
86 765 1
88 906 14
88 399 2
88 106 1
88 950 3
88 343 1
90 388 2
90 134 1
90 776 2
90 278 1
90 283 3
90 940 2
90 948 2
90 193 1
90 450 1
90 464 2
90 850 3
90 220 2
90 863 1
90 485 1
90 742 4
90 1001 3
90 997 1
90 765 1
92 915 1
92 316 2
95 873 8
95 987 4
96 388 1
96 420 2
98 707 3
98 134 1
98 454 2
98 713 1
98 107 2
98 268 2
98 429 2
98 401 4
98 117 1
98 278 1
99 929 2
99 207 2
99 178 4
99 502 2
99 599 1
99 314 1
101 275 1
101 716 2
101 246 3
101 423 3
103 423 2
104 416 1
104 166 1
104 294 3
104 648 2
104 425 51
104 523 1
104 946 1
104 721 2
104 232 1
104 885 1
104 759 1
104 984 1
104 765 3
104 447 1
105 418 6
105 996 1
105 482 2
106 906 5
107 192 1
107 898 2
107 899 1
107 1004 2
107 664 2
107 537 3
107 670 2
107 289 1
107 553 2
107 810 2
107 175 2
107 688 1
107 320 2
107 201 2
107 335 3
107 208 2
107 980 2
107 985 2
107 464 3
107 236 3
107 118 2
107 381 2
109 416 1
109 425 1
112 356 9
112 168 1
112 267 7
112 912 1
112 948 1
112 472 1
112 700 1
113 485 1
113 646 2
113 823 1
114 977 1
114 275 1
117 268 1
118 502 1
119 812 1
120 772 8
120 915 1
120 923 2
120 542 4
120 671 1
120 416 2
120 198 4
120 948 5
120 566 1
120 823 1
120 316 1
120 189 6
120 191 1
120 193 2
120 707 1
120 196 5
120 454 5
120 200 2
120 629 1
120 731 2
120 609 3
120 742 1
120 870 2
120 752 5
120 190 2
120 502 1
120 633 2
120 893 1
125 744 1
125 323 1
125 534 1
126 868 1
126 166 3
126 232 1
126 356 2
126 586 5
126 812 1
126 648 1
126 435 1
126 948 1
126 790 8
126 573 2
127 281 1
127 595 1
127 923 3
127 415 3
132 388 1
133 168 1
133 765 1
134 416 1
134 923 1
134 837 1
135 834 1
135 580 7
135 581 8
135 742 3
135 233 2
135 586 1
135 450 2
135 942 18
135 530 1
135 628 5
135 334 1
135 292 4
135 890 1
135 415 1
135 540 1
135 157 1
135 405 1
136 915 1
136 316 3
136 165 3
137 936 2
137 813 1
139 322 1
139 323 2
139 893 1
141 978 3
141 362 1
142 744 1
142 267 2
142 301 2
142 207 1
142 280 1
142 915 5
142 920 1
142 316 3
143 951 2
147 931 1
147 196 2
147 454 1
147 171 1
147 590 1
147 720 2
147 471 2
147 926 2
147 715 1
149 372 3
149 595 1
149 275 1
149 716 2
150 471 1
151 290 1
151 253 2
151 278 2
152 744 1
153 977 1
153 418 1
157 740 1
157 229 1
157 746 1
157 933 1
159 609 1
160 280 1
160 629 4
161 744 1
161 581 5
164 744 1
164 893 1
164 943 1
165 838 1
165 302 1
165 207 1
165 401 10
165 915 1
165 344 6
165 857 3
165 316 5
165 990 4
166 586 1
166 883 3
166 500 1
166 759 3
167 547 1
167 988 1
167 978 3
167 851 4
167 469 2
167 280 1
167 188 1
168 425 1
168 260 2
168 232 5
168 948 6
168 556 1
168 557 1
168 912 11
168 949 2
168 439 1
168 472 6
168 356 12
168 730 1
168 699 2
168 868 2
168 607 2
169 314 1
169 595 4
169 372 4
170 840 1
170 744 2
170 771 3
171 347 2
173 719 1
175 849 1
175 275 14
175 423 1
176 744 1
178 929 1
178 231 1
178 990 1
178 189 1
178 786 2
178 693 1
178 502 7
178 605 16
178 862 6
178 415 1
180 829 1
180 727 1
181 353 2
181 656 1
181 274 1
181 724 1
181 920 1
181 249 2
181 189 1
184 977 1
184 843 1
184 1004 2
185 233 3
185 833 1
187 568 2
187 450 1
188 614 1
188 978 3
188 469 1
188 502 1
188 280 1
189 866 1
189 214 1
189 502 1
189 410 1
190 353 2
190 196 1
190 614 1
190 656 1
190 920 2
190 373 1
190 471 1
190 990 1
192 381 1
193 707 1
193 782 1
193 789 1
193 923 6
193 671 2
194 744 1
196 454 1
196 940 1
196 749 1
196 278 2
196 731 1
196 413 1
197 586 1
197 719 1
199 850 1
199 644 1
199 719 1
200 679 1
200 971 1
200 952 2
200 915 2
200 344 4
200 316 5
203 744 1
206 950 1
206 534 1
207 302 1
207 293 1
207 558 3
207 561 1
207 978 2
207 469 5
207 954 2
207 795 4
207 988 1
207 990 1
207 373 2
208 744 1
210 744 1
214 900 1
214 912 4
214 278 3
214 920 1
214 923 2
214 290 2
214 811 1
214 940 3
214 948 1
214 316 2
214 865 1
214 712 2
214 713 1
214 334 5
214 850 1
214 595 1
214 472 1
214 609 1
214 742 1
214 746 2
214 367 1
214 763 3
216 558 1
218 744 1
220 471 2
224 915 1
224 316 1
225 951 2
226 283 1
226 540 1
228 929 1
228 362 1
228 605 1
228 502 1
229 421 1
229 428 2
229 334 8
229 687 1
229 306 1
229 851 3
229 692 2
229 534 3
229 248 3
229 410 1
229 915 2
229 607 2
231 923 1
231 840 2
231 874 2
231 245 6
231 987 5
231 540 1
232 356 5
232 260 1
232 425 1
232 266 1
232 744 2
232 946 1
232 471 1
232 472 6
232 868 3
232 730 2
232 765 2
233 245 1
236 744 1
236 1004 1
236 671 3
236 975 1
239 547 2
239 656 3
239 707 1
239 951 1
239 280 1
241 280 1
241 469 1
245 764 1
245 264 2
245 329 1
245 874 2
245 624 2
245 840 1
245 987 4
245 540 2
246 275 4
246 724 2
246 423 7
247 601 1
247 323 1
248 364 1
248 334 2
248 920 1
248 696 1
248 506 2
248 607 1
249 929 1
249 1004 2
249 404 4
249 605 1
250 962 1
250 356 1
250 886 1
250 518 7
250 551 2
250 425 2
250 913 1
250 854 2
250 535 2
251 987 4
253 290 2
254 744 1
256 721 1
256 356 2
264 338 1
264 923 1
264 540 1
266 416 1
266 356 1
266 425 1
266 912 5
266 949 2
267 517 3
267 648 3
267 586 4
267 751 2
267 530 2
267 948 1
267 891 1
267 478 4
268 633 1
268 291 1
268 454 1
269 789 1
270 719 1
272 568 1
272 900 5
272 662 3
273 951 1
274 951 1
274 469 1
275 737 1
275 977 1
275 710 1
275 327 1
275 423 1
275 1004 2
275 849 5
275 409 1
275 293 1
278 290 2
278 540 2
280 647 1
280 656 1
280 920 1
280 658 1
280 915 1
280 281 1
280 547 1
280 421 1
280 422 1
280 561 2
280 953 1
280 846 2
280 851 1
280 526 2
280 990 1
280 293 1
280 360 2
280 530 7
280 750 1
280 595 2
280 629 2
280 502 1
280 631 2
281 528 1
282 509 1
284 731 2
288 484 11
288 773 5
288 391 13
288 846 7
288 629 8
288 630 1
289 810 1
289 899 1
290 566 1
290 589 1
292 936 1
293 744 1
293 568 4
293 697 4
293 862 2
294 648 1
294 817 1
294 885 1
294 984 1
294 586 2
294 447 1
299 388 1
299 509 1
299 559 3
300 784 2
301 547 1
301 656 1
301 978 6
301 469 1
301 630 2
301 795 1
302 915 1
302 316 3
304 848 2
304 441 3
304 744 1
305 946 2
306 864 1
306 742 6
306 744 1
306 585 2
306 334 3
306 659 1
306 981 1
306 790 1
306 703 1
307 744 1
309 939 1
309 893 3
310 343 1
311 987 4
313 946 1
313 765 1
314 929 6
314 710 2
314 693 2
314 599 4
314 605 2
316 772 1
316 647 1
316 915 16
316 428 9
316 415 1
316 952 3
316 953 3
316 543 2
316 702 4
316 838 2
316 971 3
316 344 2
316 857 4
316 349 1
316 990 3
316 888 1
319 832 3
319 1002 3
319 558 1
321 744 1
321 499 1
321 558 2
322 663 1
322 879 2
323 676 1
323 622 1
323 402 1
323 601 1
323 474 1
323 510 2
324 744 1
324 586 1
326 586 1
327 381 1
327 414 2
327 719 1
329 427 1
329 338 2
329 819 1
329 540 2
332 435 4
332 500 8
333 929 1
333 605 2
333 767 2
334 742 5
334 746 1
334 718 1
334 591 2
334 696 2
334 471 1
335 664 1
335 553 2
336 577 1
336 926 2
337 505 1
338 987 4
338 540 3
338 789 1
343 388 2
343 399 3
343 663 3
343 740 1
344 838 4
344 915 1
344 373 2
346 744 1
347 933 1
349 915 1
353 744 1
353 750 1
353 391 11
356 868 7
356 425 10
356 765 2
356 912 16
356 721 1
356 946 2
356 648 2
356 948 2
356 472 23
356 730 25
356 699 1
356 602 2
359 767 1
360 744 1
360 629 2
361 987 4
362 528 1
362 719 1
362 688 1
362 383 3
364 506 1
365 977 2
365 457 1
368 744 1
369 913 15
369 513 1
369 535 1
369 518 3
369 407 1
371 528 1
372 404 4
372 934 1
372 558 1
373 391 8
376 601 1
376 718 2
377 457 3
377 716 4
377 718 1
378 744 1
378 950 1
379 568 1
381 643 1
381 744 1
381 532 1
381 670 1
383 720 3
383 942 1
383 528 3
383 500 2
383 887 1
386 758 1
388 663 3
390 784 19
390 771 6
391 484 4
392 674 5
393 843 5
399 663 1
400 744 1
401 429 10
401 454 8
401 415 7
402 744 1
402 788 1
404 595 1
406 744 1
407 744 1
407 977 1
407 843 6
409 929 1
409 580 1
409 605 1
410 719 3
414 506 2
414 891 2
415 833 1
415 811 1
415 940 1
415 429 2
415 720 1
415 595 5
415 948 1
415 696 1
415 762 3
415 987 1
416 707 1
416 730 1
416 425 4
416 586 2
416 749 1
416 629 2
416 790 2
416 439 1
416 573 1
416 949 1
418 761 1
418 996 12
418 977 3
420 559 1
421 978 3
421 795 5
421 469 1
422 680 2
422 731 11
422 527 1
423 832 1
423 977 4
423 716 2
423 849 1
424 978 2
424 795 3
424 469 1
424 990 1
425 752 1
425 912 1
425 946 2
425 435 1
425 948 7
425 949 1
425 439 1
425 868 2
425 602 1
428 838 3
428 744 1
428 915 12
428 857 4
429 454 9
432 744 1
432 987 4
433 849 1
433 738 1
433 987 4
433 540 1
435 962 1
435 586 7
435 500 3
437 719 1
439 912 3
439 790 1
441 860 1
443 602 2
443 662 7
443 743 3
444 518 1
444 535 4
450 802 1
450 900 1
450 712 5
454 772 4
454 1003 1
454 592 1
458 577 7
460 744 1
464 744 1
468 643 1
469 744 1
469 547 1
469 614 1
469 978 3
469 817 1
469 851 2
469 630 1
469 954 1
469 795 1
469 957 1
470 744 1
470 605 1
471 857 2
471 954 1
472 912 2
472 946 2
472 868 1
474 939 1
474 534 2
478 517 1
480 987 4
482 987 4
484 750 3
484 630 4
485 517 5
485 854 1
485 823 1
489 744 1
489 559 1
493 744 1
493 629 2
496 744 1
497 977 1
499 679 1
499 684 1
499 844 1
499 558 1
499 565 1
500 586 3
500 782 2
500 814 2
500 633 1
500 575 1
502 929 1
502 772 1
502 742 3
502 599 1
502 591 1
502 915 5
502 605 1
502 693 1
502 538 4
502 923 4
502 687 1
502 862 1
505 744 1
506 775 2
506 1001 1
506 719 1
506 657 1
506 670 1
506 921 2
509 744 1
512 978 2
513 518 1
513 542 1
514 832 4
514 977 2
514 950 1
516 804 3
516 532 1
516 719 1
517 648 1
517 746 1
517 718 3
517 751 1
518 646 2
518 551 1
518 913 1
518 722 1
518 951 2
518 542 1
523 765 1
524 744 1
526 629 6
527 720 1
527 744 1
527 710 15
528 589 2
528 531 2
528 890 1
528 922 1
530 838 1
530 629 10
530 630 3
530 891 3
531 987 4
532 761 1
532 719 1
534 676 1
534 939 3
534 862 2
538 929 1
538 605 2
540 697 2
540 955 4
540 700 2
540 840 3
540 855 2
540 987 4
540 994 8
540 874 2
540 890 2
541 921 7
541 850 7
541 924 6
541 996 4
541 719 1
542 646 3
542 746 1
542 951 1
543 915 2
546 704 1
546 550 3
547 978 3
547 862 2
548 744 1
550 704 1
551 799 1
552 978 3
558 704 4
558 1000 1
558 744 1
558 723 1
558 758 1
558 956 1
560 744 1
561 629 2
561 846 2
562 744 1
563 731 1
565 1000 2
565 723 1
566 772 2
568 744 1
568 947 1
569 605 1
570 765 1
572 662 1
576 719 1
577 715 1
577 926 1
580 739 1
581 744 1
581 855 1
581 765 1
582 987 4
583 744 1
584 731 1
585 937 1
585 767 1
586 984 3
586 762 2
586 915 2
590 933 1
591 718 1
591 915 1
595 934 1
595 718 2
599 929 2
599 693 1
599 605 1
600 956 1
601 906 2
601 919 1
602 721 1
605 929 1
605 710 1
605 976 1
605 693 1
605 862 1
605 767 1
606 744 1
607 843 1
607 718 1
607 890 1
609 707 2
609 772 2
609 946 1
609 951 1
609 633 1
609 923 1
609 671 1
611 644 3
614 978 3
622 744 1
629 750 2
629 658 4
629 685 2
629 846 2
629 630 2
629 631 2
629 891 4
629 700 1
633 707 1
633 687 1
633 823 1
633 923 4
634 788 2
638 700 2
638 853 1
638 790 1
641 987 4
644 744 1
644 783 1
644 719 1
647 744 1
647 915 1
648 721 2
648 790 1
648 948 2
648 765 2
650 719 1
654 783 1
654 991 3
654 719 1
657 921 2
657 719 1
660 744 1
668 720 4
668 746 6
668 935 4
670 688 1
671 923 2
672 956 1
672 844 4
676 744 1
679 844 1
680 731 54
680 707 2
682 850 3
682 719 1
684 704 1
684 746 1
684 844 3
687 907 1
687 915 2
687 923 1
692 742 1
692 746 1
692 749 4
692 718 1
693 929 1
696 718 1
697 925 2
697 771 1
697 855 3
698 987 4
700 929 1
700 812 1
702 719 1
703 784 2
703 771 8
704 743 2
704 844 3
704 765 1
706 951 1
707 880 1
707 951 3
707 923 1
710 929 2
715 890 1
715 926 3
716 866 2
716 718 3
716 724 1
718 724 4
718 742 6
718 904 2
718 915 8
718 980 2
718 991 3
719 783 1
719 921 1
719 923 1
719 924 1
719 945 1
719 828 1
719 837 2
719 850 1
719 979 1
719 738 2
719 996 1
719 1001 1
719 881 1
719 745 1
719 761 2
720 833 1
720 935 6
720 746 12
720 813 4
721 743 1
721 790 1
721 868 2
721 765 2
722 744 1
724 883 4
730 912 3
730 948 1
730 868 3
735 744 1
737 849 1
738 837 1
738 745 1
738 783 2
738 923 2
738 828 1
739 951 1
740 744 1
742 900 3
742 784 3
742 915 2
742 772 1
742 923 2
742 863 3
743 744 1
744 745 1
744 777 1
744 780 1
744 795 1
744 798 1
744 803 1
744 807 1
744 830 1
744 843 1
744 870 1
744 871 2
744 879 1
744 912 62
744 915 1
744 939 1
744 943 1
744 946 1
744 952 1
744 971 1
744 977 1
744 1002 1
746 935 18
746 813 9
748 926 1
752 946 1
758 956 3
758 918 1
761 804 1
761 881 1
761 996 1
762 984 3
764 840 1
764 874 2
764 987 4
765 868 3
767 929 2
771 870 1
772 915 1
772 948 2
772 923 1
779 843 2
780 977 3
780 950 1
782 890 1
783 979 1
784 863 2
788 906 1
789 987 4
790 812 2
790 974 2
795 978 2
796 987 4
799 895 4
809 987 6
810 881 1
813 912 1
813 935 5
817 978 2
823 923 3
830 891 1
838 857 3
840 987 4
840 874 2
843 907 2
843 883 1
844 918 1
848 860 1
849 987 4
850 996 2
850 1001 3
851 978 9
857 915 3
858 991 1
861 934 2
862 929 1
862 909 4
863 993 1
867 974 2
868 912 1
868 889 1
872 987 4
873 874 2
873 987 4
878 929 1
880 946 8
880 934 1
885 962 1
885 951 1
890 962 2
890 923 2
907 912 1
910 923 7
912 948 1
915 923 4
915 952 1
915 953 1
915 971 1
915 990 1
921 923 1
923 963 1
925 987 4
936 942 1
946 948 1
950 1001 5
950 977 6
954 978 3
954 988 1
954 990 1
955 987 4
957 978 2
962 984 1
974 984 1
977 996 1
977 1004 8
978 988 4
987 994 4
