0
1
2
3
4
5
6
7
8
9
10
11
12
13
14
15
16
17
18
19
20
21
22
23
24
25
26
27
28
29
30
31
32
33
34
35
36
37
38
39
40
41
42
43
44
45
46
47
48
49
50
51
52
53
54
55
56
57
58
59
60
61
62
63
64
65
66
67
68
69
70
71
72
73
74
75
76
77
78
79
80
81
82
83
84
85
86
87
88
89
90
91
92
93
94
95
96
97
98
99
100
101
102
103
104
105
106
107
108
109
110
111
112
113
114
115
116
117
118
119
120
121
122
123
124
125
126
127
128
129
130
131
132
133
134
135
136
137
138
139
141
142
143
144
145
146
147
148
149
150
151
152
153
154
155
157
158
159
160
161
162
163
164
165
166
167
168
169
170
171
172
173
174
175
176
177
178
179
180
181
182
183
184
185
186
187
188
189
190
191
192
193
194
195
196
197
198
199
200
201
202
203
204
205
206
207
208
209
210
211
212
213
214
215
216
217
218
219
220
221
222
223
224
225
226
227
228
229
230
231
232
233
235
236
237
238
239
240
241
242
243
244
245
246
247
248
249
250
251
252
253
254
255
256
257
259
260
262
263
264
265
266
267
268
269
270
271
272
273
274
275
276
277
278
279
280
281
282
283
284
285
286
287
288
289
290
291
292
293
294
295
296
297
299
300
301
302
303
304
305
306
307
308
309
310
311
312
313
314
315
316
317
318
319
320
321
322
323
324
325
326
327
328
329
330
331
332
333
334
335
336
337
338
339
340
341
343
344
345
346
347
348
349
350
351
352
353
355
356
357
358
359
360
361
362
364
365
366
367
368
369
370
371
372
373
374
375
376
377
378
379
380
381
382
383
384
385
386
387
388
389
390
391
392
393
394
395
396
397
398
399
400
401
402
403
404
405
406
407
408
409
410
411
412
413
414
415
416
418
419
420
421
422
423
424
425
426
427
428
429
430
431
432
433
434
435
436
437
438
439
440
441
442
443
444
445
446
447
448
449
450
451
452
453
454
455
456
457
458
459
460
461
462
464
465
466
467
468
469
470
471
472
473
474
475
476
477
478
479
480
481
482
483
484
485
486
487
488
489
490
491
492
493
495
496
497
498
499
500
501
502
503
504
505
506
507
508
509
510
511
512
513
514
515
516
517
518
519
520
521
522
523
524
525
526
527
528
530
531
532
533
534
535
536
537
538
539
540
541
542
543
544
545
546
547
548
549
550
551
552
553
554
556
557
558
559
560
561
562
563
564
565
566
567
568
569
570
571
572
573
574
575
576
577
578
579
580
581
582
583
584
585
586
587
588
589
590
591
592
593
594
595
596
597
598
599
600
601
602
603
604
605
606
607
609
610
611
612
613
614
615
616
617
618
619
621
622
623
624
625
626
627
628
629
630
631
632
633
634
635
636
637
638
639
640
641
642
643
644
645
646
647
648
649
650
651
652
653
654
655
656
657
658
659
660
661
662
663
664
665
666
667
668
669
670
671
672
673
674
675
676
677
678
679
680
681
682
683
684
685
686
687
688
689
690
691
692
693
694
695
696
697
698
699
700
701
702
703
704
705
706
707
708
709
710
711
712
713
714
715
716
717
718
719
720
721
722
723
724
725
726
727
728
729
730
731
732
733
734
735
736
737
738
739
740
741
742
743
744
745
746
747
748
749
750
751
752
753
754
756
757
758
759
760
761
762
763
764
765
767
768
769
770
771
772
773
774
775
776
777
778
779
780
781
782
783
784
785
786
787
788
789
790
791
792
793
794
795
796
797
798
799
800
801
802
803
804
805
806
807
808
809
810
811
812
813
814
815
816
817
818
819
820
821
822
823
824
825
826
827
828
829
830
831
832
833
834
835
836
837
838
839
840
841
842
843
844
845
846
847
848
849
850
851
852
853
854
855
856
857
858
859
860
861
862
863
864
865
866
867
868
869
870
871
872
873
874
875
876
877
878
879
880
881
882
883
884
885
886
887
888
889
890
891
892
893
894
895
896
897
898
899
900
901
902
903
904
905
906
907
908
909
910
911
912
913
914
915
916
917
918
919
920
921
922
923
924
925
926
927
928
929
930
931
932
933
934
935
936
937
938
939
940
941
942
943
944
945
946
947
948
949
950
951
952
953
954
955
956
957
958
960
961
962
963
964
965
966
967
968
969
970
971
972
973
974
975
976
977
978
979
980
981
982
983
984
985
986
987
988
989
990
991
992
993
994
995
996
997
998
999
1000
1001
1002
1003
1004
0 6 1
0 228 1
0 502 1
0 710 1
0 295 1
0 599 1
0 333 1
0 78 1
0 365 2
0 976 1
0 178 3
0 693 1
0 470 1
0 409 1
0 249 1
0 538 1
0 767 1
0 605 1
0 862 1
0 991 1
2 166 2
2 648 1
2 812 2
2 335 6
2 872 1
2 530 2
2 500 2
2 790 6
2 700 1
2 126 1
4 371 1
4 135 1
5 273 3
5 506 1
5 491 1
5 670 1
5 175 1
6 506 1
6 178 2
13 516 1
13 738 3
13 532 1
13 14 1
13 743 1
14 738 2
14 644 1
14 796 1
14 724 3
14 506 1
14 924 11
15 680 1
15 422 1
24 647 1
24 391 1
24 530 1
24 629 11
24 280 2
24 891 4
24 189 3
25 48 1
25 618 1
25 956 4
28 987 2
28 231 2
29 506 2
29 362 1
29 118 1
30 356 2
30 765 3
31 428 3
31 165 8
31 990 2
32 280 1
32 890 1
32 214 1
32 534 1
32 791 2
35 817 4
35 978 1
35 207 1
38 832 3
38 410 1
38 122 1
38 309 1
41 73 3
41 565 3
52 356 1
52 912 1
52 209 1
52 472 1
52 868 2
52 91 1
53 193 1
53 946 3
53 923 3
56 987 2
60 568 2
60 187 1
61 388 2
61 517 6
61 920 2
61 530 2
61 915 5
61 534 2
61 280 2
61 926 2
61 166 2
61 692 2
61 700 1
61 189 2
61 318 1
61 718 9
61 591 3
61 851 2
61 602 2
61 607 2
61 356 7
61 742 2
61 233 3
61 502 2
61 122 8
62 800 2
62 571 4
62 646 3
62 542 2
62 823 1
67 963 4
67 165 2
67 846 3
67 207 2
67 561 3
67 344 4
68 987 2
68 189 1
69 879 1
70 638 1
72 348 3
74 256 1
74 166 5
74 294 6
74 168 1
74 586 2
74 110 1
74 912 1
74 104 1
74 885 3
74 984 5
74 447 2
75 120 2
75 220 1
75 850 2
75 772 1
77 168 3
77 416 1
77 266 1
77 260 5
78 710 2
78 599 6
78 178 2
78 502 2
78 951 7
82 771 2
82 135 1
82 415 1
83 784 1
83 697 1
83 771 2
83 374 2
83 742 2
86 443 4
86 742 2
90 280 1
90 644 1
90 742 1
91 830 1
91 607 1
92 428 2
92 316 1
95 987 2
96 420 2
96 638 1
98 592 9
98 401 4
98 429 4
101 866 4
101 423 1
103 832 1
103 514 1
103 950 3
103 423 5
103 1001 1
103 780 1
103 977 5
103 310 1
104 256 1
104 294 3
104 425 2
104 885 1
104 984 1
104 765 6
104 447 1
105 418 6
106 788 1
107 120 1
112 416 2
112 674 3
112 803 1
112 530 2
112 166 3
113 854 1
113 823 1
119 812 1
120 416 3
120 226 1
120 196 1
120 197 1
120 198 1
120 586 1
120 684 1
120 334 1
120 912 1
120 499 1
120 660 2
120 772 1
120 356 1
120 190 1
120 485 1
122 388 2
122 517 2
122 135 1
122 141 1
122 398 1
122 272 1
122 280 2
122 530 2
122 915 2
122 534 2
122 920 2
122 900 1
122 926 1
122 802 1
122 428 3
122 306 1
122 692 1
122 693 2
122 316 3
122 189 1
122 830 1
122 450 1
122 716 1
122 718 1
122 591 1
122 851 2
122 602 1
122 356 1
122 166 1
122 742 2
122 502 2
124 823 1
126 256 2
126 648 1
126 782 1
126 232 1
126 790 9
127 281 1
127 890 1
127 595 1
127 724 1
133 984 1
134 592 6
134 738 1
134 260 5
135 581 13
135 870 1
135 936 2
135 233 4
135 170 1
135 942 5
135 337 2
135 371 1
135 628 19
135 855 1
135 362 1
136 200 2
136 428 1
139 477 1
141 512 2
141 978 1
141 469 1
142 267 1
142 428 1
142 915 6
142 316 1
142 585 2
143 696 2
143 410 1
143 595 1
147 577 1
147 931 3
147 214 8
147 890 1
147 347 1
147 157 2
147 926 3
147 159 3
149 377 1
149 866 1
149 716 2
151 253 1
152 742 2
153 977 3
157 577 6
157 517 1
157 926 1
157 743 3
159 931 1
159 772 1
159 566 1
159 776 1
159 746 3
159 334 2
159 239 1
159 912 1
159 178 5
159 214 4
159 765 1
160 280 1
160 857 1
160 571 8
160 526 1
161 571 3
164 402 1
164 879 2
165 428 1
165 401 11
165 344 3
165 316 4
165 990 1
166 416 2
166 356 2
166 517 6
166 743 4
166 674 1
166 586 1
166 602 1
167 547 2
167 978 5
167 274 1
167 851 2
167 469 1
167 988 1
168 416 6
168 260 4
168 966 2
168 232 6
168 556 5
168 557 1
168 912 20
168 586 3
168 949 4
168 790 16
168 439 5
168 472 15
168 356 14
168 266 3
168 575 14
169 404 1
169 595 4
169 372 1
170 855 4
171 214 2
171 590 2
173 738 1
173 428 8
173 506 2
175 275 2
175 1004 1
175 246 1
178 772 2
178 409 3
178 538 2
178 295 2
178 693 4
178 569 2
178 188 1
178 710 2
178 333 4
178 976 2
178 339 2
178 470 2
178 599 2
178 605 2
178 862 3
178 991 2
178 228 2
178 502 9
178 249 2
178 767 2
180 829 1
181 274 1
181 587 1
181 630 5
181 190 1
184 754 1
184 423 1
185 830 2
188 421 2
188 978 1
188 656 1
188 920 1
188 502 1
188 280 1
188 988 4
189 883 1
189 200 2
189 236 2
189 428 3
189 718 1
189 530 2
189 595 2
189 502 3
189 506 1
189 731 1
189 915 1
189 410 2
190 353 1
190 656 1
190 274 1
190 373 1
191 752 1
191 220 3
192 381 3
199 738 1
199 996 1
199 506 1
199 541 1
200 971 3
200 428 7
200 344 3
200 915 1
200 952 4
200 857 3
200 316 2
200 543 2
205 383 3
207 424 2
207 978 1
207 469 1
207 795 6
207 988 3
207 990 1
207 373 1
208 506 1
208 783 1
209 356 1
211 628 1
214 935 2
214 746 7
214 912 1
214 283 4
214 765 1
216 458 1
216 319 1
223 772 1
223 853 2
226 506 1
228 724 1
228 502 2
228 538 1
228 605 2
229 306 1
229 790 1
229 742 2
231 738 1
231 607 1
231 329 1
231 245 2
231 698 3
231 987 2
231 863 1
232 416 1
232 356 8
232 425 1
232 556 1
232 782 2
232 946 3
232 885 2
232 790 1
232 472 7
232 607 1
232 575 2
235 369 1
236 537 5
236 506 5
236 1004 1
239 274 3
239 951 3
245 698 3
245 987 2
245 764 1
246 866 1
246 710 1
246 423 1
246 724 1
246 572 1
248 506 1
248 687 3
249 506 1
250 886 1
250 823 1
251 987 2
253 290 2
253 566 2
255 951 1
256 416 1
256 294 6
256 885 2
260 416 1
260 912 2
264 329 4
267 530 1
270 738 1
271 668 1
272 662 1
274 546 1
274 841 2
275 428 1
277 571 4
278 334 1
280 647 1
280 526 3
280 920 1
280 530 3
280 915 1
280 547 1
280 685 1
280 561 2
280 658 1
280 445 1
280 288 1
280 502 2
280 846 1
280 851 2
280 360 2
280 493 1
280 629 4
280 630 1
280 631 2
280 891 1
283 383 1
284 680 1
284 731 2
284 422 3
285 571 4
288 391 3
288 493 4
288 561 4
288 629 2
288 445 4
291 401 2
291 429 4
293 410 1
293 549 3
293 951 1
294 416 3
294 868 3
294 885 8
294 984 4
294 586 1
294 447 6
299 509 1
299 638 1
301 978 1
302 428 1
302 316 1
305 425 6
305 946 3
306 771 2
306 742 5
306 334 3
306 591 1
306 374 4
306 890 1
310 343 1
310 477 1
311 987 2
313 472 1
313 356 3
313 885 1
313 765 3
315 936 7
316 647 3
316 971 1
316 428 12
316 915 2
316 953 1
316 952 2
316 857 2
316 629 2
318 332 2
321 458 1
322 740 2
322 879 1
323 951 1
327 738 1
327 850 1
329 448 1
329 775 3
329 624 1
329 819 1
332 500 1
334 879 1
334 772 1
334 550 1
334 776 1
334 746 1
334 687 1
334 633 1
334 923 1
335 899 1
335 516 3
335 980 1
335 790 3
335 381 1
337 607 1
337 695 1
338 987 2
340 356 1
340 743 1
343 649 1
343 890 1
343 950 2
343 663 5
344 428 1
346 638 1
349 976 2
349 428 2
353 920 1
353 891 5
356 516 1
356 517 4
356 912 8
356 984 3
356 915 1
356 730 3
356 416 4
356 948 3
356 574 2
356 718 4
356 591 1
356 851 2
356 472 18
356 602 5
356 607 1
356 868 6
356 743 6
356 362 1
356 502 1
356 980 1
356 765 5
356 383 2
360 526 1
361 987 2
362 771 6
362 854 2
362 695 1
362 383 2
364 987 2
364 582 1
365 866 3
369 535 1
369 646 1
369 823 1
372 595 4
373 391 1
374 659 1
377 866 4
377 422 1
377 423 1
377 457 1
377 718 1
377 883 1
377 630 2
377 729 8
377 506 1
379 662 1
381 738 1
381 532 16
381 506 1
383 720 2
383 624 3
383 586 3
386 758 1
388 718 2
388 638 1
388 534 1
394 571 7
394 823 1
396 761 4
397 738 1
400 742 2
401 454 6
401 683 5
401 429 19
401 415 4
402 943 1
410 994 1
415 978 2
415 429 2
416 782 3
416 912 1
416 946 3
416 435 2
416 948 5
416 949 2
416 439 2
416 885 1
416 586 6
416 868 6
416 629 1
416 447 2
418 977 5
418 996 8
420 559 2
421 424 1
421 978 1
421 795 1
422 680 4
422 584 1
422 731 6
423 866 2
423 710 1
423 977 3
424 978 1
424 795 1
424 990 1
425 946 2
428 647 2
428 658 1
428 952 1
428 953 3
428 543 1
428 971 1
428 857 7
428 990 7
428 915 20
429 454 5
432 987 2
433 987 2
435 586 4
435 782 2
435 447 1
437 738 1
439 912 3
440 537 2
440 810 1
440 737 1
442 506 1
443 677 2
443 742 2
443 662 1
444 722 1
444 535 1
444 823 1
447 586 12
447 782 3
447 885 1
450 568 8
450 746 1
450 571 8
454 592 6
454 706 1
458 499 1
458 956 1
458 844 1
465 812 1
469 512 2
469 978 1
472 517 1
472 743 1
472 912 4
472 946 6
479 904 1
479 718 1
480 987 2
482 987 4
482 606 1
483 696 1
485 823 1
493 630 2
497 977 1
499 679 1
500 586 2
500 782 2
502 718 2
502 700 2
502 693 1
502 951 10
502 538 2
502 605 1
506 643 1
506 783 1
506 921 1
506 923 2
506 796 1
506 541 1
506 670 2
506 808 1
506 682 2
506 605 1
506 738 1
506 996 1
506 1004 1
506 881 1
509 638 1
512 978 2
513 646 1
513 823 1
514 832 1
514 1001 2
514 950 1
514 977 5
516 738 1
516 804 4
516 743 3
516 532 3
517 674 1
517 803 2
517 586 2
517 718 5
517 765 1
517 851 1
517 948 3
517 854 1
517 602 4
517 542 1
517 565 2
530 891 5
530 790 3
530 838 1
530 746 1
530 685 6
530 920 1
530 851 5
530 629 16
530 857 2
530 571 9
530 915 1
531 987 2
532 738 1
532 761 2
532 828 3
534 746 1
534 591 2
534 571 1
535 762 1
535 823 1
537 790 7
538 605 1
540 698 3
540 987 2
540 994 2
541 738 2
541 850 1
542 746 1
542 854 2
542 823 3
542 571 1
542 586 1
543 971 1
546 550 4
546 743 1
547 978 1
547 851 1
547 647 1
550 595 1
550 834 1
551 823 1
552 978 1
552 951 1
556 823 1
558 684 5
558 565 1
558 758 1
563 696 1
565 844 3
565 684 2
568 802 2
571 900 10
571 742 9
571 870 3
571 935 2
571 776 6
571 684 6
571 813 22
571 910 1
571 663 3
571 731 1
571 885 2
576 738 1
577 951 1
581 936 1
581 855 3
581 742 5
582 832 2
582 764 5
582 987 2
584 731 1
585 953 4
585 660 1
585 695 4
586 782 5
586 885 2
586 984 9
586 762 1
587 720 15
587 886 1
591 746 4
591 718 3
591 765 1
591 607 1
592 609 2
592 738 1
592 948 3
595 718 1
595 754 2
595 883 1
595 696 5
597 738 1
602 743 1
602 765 1
607 687 1
607 696 1
614 978 3
624 994 2
624 764 2
629 978 2
629 630 2
629 891 4
630 951 6
630 954 2
633 946 1
633 772 1
634 638 1
638 832 1
638 700 1
641 987 2
644 738 2
644 1001 1
644 921 1
644 923 1
644 924 1
646 823 1
647 915 1
648 885 1
650 738 1
654 738 2
656 838 1
657 738 1
659 742 2
662 900 2
663 950 1
668 720 1
668 920 1
668 746 12
668 935 4
671 738 1
674 803 1
679 956 2
680 707 1
682 738 2
682 783 1
684 915 2
684 956 4
685 724 1
687 692 1
692 742 2
692 746 7
692 812 1
692 718 1
693 791 1
697 771 1
697 855 3
698 840 3
698 873 3
698 987 3
698 764 3
700 832 1
700 935 1
700 746 1
700 812 1
702 738 1
704 891 1
704 743 4
711 951 1
716 890 2
716 718 2
718 866 1
718 754 2
718 915 7
718 724 8
718 851 3
718 980 1
719 738 1
720 833 1
720 935 4
720 746 1
720 813 2
721 765 4
722 823 1
724 1001 1
724 851 1
724 951 1
724 883 3
724 862 1
730 912 1
731 746 2
731 752 1
731 920 1
738 783 3
738 921 2
738 923 2
738 924 1
738 945 1
738 828 2
738 837 2
738 850 1
738 979 2
738 975 1
738 996 2
738 745 2
738 881 1
738 1001 2
738 761 1
739 920 1
739 746 1
740 788 1
742 993 2
742 863 2
742 901 2
742 769 2
742 784 2
742 771 3
742 835 2
746 992 3
746 900 1
746 935 31
746 812 3
746 813 7
746 920 2
746 923 2
752 761 1
752 850 1
758 956 2
758 844 1
761 850 2
762 984 1
762 765 4
764 994 5
764 987 2
765 908 9
765 912 2
765 868 3
771 901 1
771 863 1
772 923 1
780 977 4
780 950 1
782 984 2
783 804 1
789 987 2
790 868 2
790 812 3
795 978 1
804 881 2
808 899 1
809 994 1
809 987 6
813 935 6
817 978 2
821 823 1
823 854 1
823 927 1
832 950 2
838 952 4
840 987 2
844 956 2
849 987 2
850 996 1
850 881 1
851 920 2
851 978 7
851 915 4
851 980 1
851 890 1
851 988 2
855 936 2
857 915 11
857 951 2
857 883 1
868 948 1
872 987 2
873 987 2
881 890 1
883 951 4
883 890 1
885 984 1
890 997 3
912 949 5
918 946 2
921 923 1
925 987 2
931 951 1
950 977 4
954 978 1
955 987 2
957 978 1
977 996 1
977 1004 3
977 1001 1
978 988 2
987 994 2
