0
1
2
3
4
5
6
7
8
9
10
11
12
13
14
15
16
17
18
19
20
21
22
23
24
25
26
27
28
29
30
31
32
33
34
35
36
37
38
39
40
41
42
43
44
45
46
47
48
49
50
51
52
53
54
55
56
57
58
59
60
61
62
63
64
65
66
67
68
69
70
71
72
73
74
75
76
77
78
79
80
81
82
83
84
85
86
87
88
89
90
91
92
93
94
95
96
97
98
99
100
101
102
103
104
105
106
107
108
109
110
111
112
113
114
115
116
117
118
119
120
121
122
123
124
125
126
127
128
129
130
131
132
133
134
135
136
137
138
139
141
142
143
144
145
146
147
148
149
150
151
152
153
154
155
157
158
159
160
161
162
163
164
165
166
167
168
169
170
171
172
173
174
175
176
177
178
179
180
181
182
183
184
185
186
187
188
189
190
191
192
193
194
195
196
197
198
199
200
201
202
203
204
205
206
207
208
209
210
211
212
213
214
215
216
217
218
219
220
221
222
223
224
225
226
227
228
229
230
231
232
233
235
236
237
238
239
240
241
242
243
244
245
246
247
248
249
250
251
252
253
254
255
256
257
259
260
262
263
264
265
266
267
268
269
270
271
272
273
274
275
276
277
278
279
280
281
282
283
284
285
286
287
288
289
290
291
292
293
294
295
296
297
299
300
301
302
303
304
305
306
307
308
309
310
311
312
313
314
315
316
317
318
319
320
321
322
323
324
325
326
327
328
329
330
331
332
333
334
335
336
337
338
339
340
341
343
344
345
346
347
348
349
350
351
352
353
355
356
357
358
359
360
361
362
364
365
366
367
368
369
370
371
372
373
374
375
376
377
378
379
380
381
382
383
384
385
386
387
388
389
390
391
392
393
394
395
396
397
398
399
400
401
402
403
404
405
406
407
408
409
410
411
412
413
414
415
416
418
419
420
421
422
423
424
425
426
427
428
429
430
431
432
433
434
435
436
437
438
439
440
441
442
443
444
445
446
447
448
449
450
451
452
453
454
455
456
457
458
459
460
461
462
464
465
466
467
468
469
470
471
472
473
474
475
476
477
478
479
480
481
482
483
484
485
486
487
488
489
490
491
492
493
495
496
497
498
499
500
501
502
503
504
505
506
507
508
509
510
511
512
513
514
515
516
517
518
519
520
521
522
523
524
525
526
527
528
530
531
532
533
534
535
536
537
538
539
540
541
542
543
544
545
546
547
548
549
550
551
552
553
554
556
557
558
559
560
561
562
563
564
565
566
567
568
569
570
571
572
573
574
575
576
577
578
579
580
581
582
583
584
585
586
587
588
589
590
591
592
593
594
595
596
597
598
599
600
601
602
603
604
605
606
607
609
610
611
612
613
614
615
616
617
618
619
621
622
623
624
625
626
627
628
629
630
631
632
633
634
635
636
637
638
639
640
641
642
643
644
645
646
647
648
649
650
651
652
653
654
655
656
657
658
659
660
661
662
663
664
665
666
667
668
669
670
671
672
673
674
675
676
677
678
679
680
681
682
683
684
685
686
687
688
689
690
691
692
693
694
695
696
697
698
699
700
701
702
703
704
705
706
707
708
709
710
711
712
713
714
715
716
717
718
719
720
721
722
723
724
725
726
727
728
729
730
731
732
733
734
735
736
737
738
739
740
741
742
743
744
745
746
747
748
749
750
751
752
753
754
756
757
758
759
760
761
762
763
764
765
767
768
769
770
771
772
773
774
775
776
777
778
779
780
781
782
783
784
785
786
787
788
789
790
791
792
793
794
795
796
797
798
799
800
801
802
803
804
805
806
807
808
809
810
811
812
813
814
815
816
817
818
819
820
821
822
823
824
825
826
827
828
829
830
831
832
833
834
835
836
837
838
839
840
841
842
843
844
845
846
847
848
849
850
851
852
853
854
855
856
857
858
859
860
861
862
863
864
865
866
867
868
869
870
871
872
873
874
875
876
877
878
879
880
881
882
883
884
885
886
887
888
889
890
891
892
893
894
895
896
897
898
899
900
901
902
903
904
905
906
907
908
909
910
911
912
913
914
915
916
917
918
919
920
921
922
923
924
925
926
927
928
929
930
931
932
933
934
935
936
937
938
939
940
941
942
943
944
945
946
947
948
949
950
951
952
953
954
955
956
957
958
960
961
962
963
964
965
966
967
968
969
970
971
972
973
974
975
976
977
978
979
980
981
982
983
984
985
986
987
988
989
990
991
992
993
994
995
996
997
998
999
1000
1001
1002
1003
1004
0 249 1
0 178 5
0 118 1
0 189 1
0 6 1
2 575 1
2 700 2
2 790 2
2 423 2
5 208 1
6 178 4
12 422 1
13 738 1
14 738 1
14 381 2
15 731 1
17 316 1
24 280 2
24 530 2
24 540 1
24 629 2
24 647 2
28 987 1
29 236 1
30 936 1
30 313 1
30 908 1
30 765 1
31 838 2
31 316 1
31 165 8
31 990 2
31 647 1
32 197 6
32 718 2
32 143 2
32 433 1
32 114 1
32 502 1
32 280 2
32 281 1
32 891 1
32 61 5
32 862 1
35 280 1
40 450 4
42 322 2
45 227 2
48 458 1
48 499 1
48 684 5
52 168 2
52 356 2
53 633 1
56 987 1
58 586 1
58 818 2
60 568 1
61 450 4
61 356 1
61 517 1
61 135 1
61 716 2
61 178 3
61 718 12
61 591 1
61 306 2
61 472 1
61 900 1
61 443 2
62 542 2
62 646 2
64 534 1
66 227 4
67 963 2
67 165 3
67 846 2
67 207 2
67 561 2
67 344 3
68 987 1
74 984 1
74 166 2
77 168 5
77 369 2
77 260 2
77 782 1
77 575 1
78 178 4
86 662 2
90 701 2
90 890 1
90 997 3
90 662 1
90 695 1
92 316 1
95 987 1
98 707 5
98 134 3
98 713 3
98 107 5
98 268 4
98 429 3
98 592 5
98 401 2
98 117 4
98 278 3
101 377 1
101 423 1
103 950 1
104 908 10
105 418 6
105 374 5
107 381 1
111 586 2
112 803 1
112 517 1
112 422 1
118 502 2
118 862 1
120 586 2
120 772 1
126 984 2
126 586 3
126 500 4
127 843 1
127 724 1
127 149 2
133 602 2
134 592 2
134 738 1
135 517 1
135 936 4
135 692 4
135 405 1
135 855 3
135 628 1
135 581 1
136 316 1
139 513 1
141 469 1
142 280 1
142 316 1
142 951 2
152 443 2
159 160 1
159 865 1
159 290 1
159 502 1
159 742 6
159 233 1
159 783 1
159 850 1
159 214 1
159 316 2
159 381 1
160 586 1
160 530 1
160 658 1
160 629 4
160 630 1
161 586 1
164 368 1
164 638 1
165 586 1
165 401 7
165 344 3
165 316 5
166 500 3
166 602 1
167 851 4
168 416 1
168 260 10
168 232 8
168 266 2
168 782 10
168 557 3
168 912 3
168 305 5
168 949 2
168 790 5
168 439 3
168 472 6
168 356 4
168 699 1
168 575 3
170 697 2
170 231 2
171 347 2
175 246 1
178 409 4
178 538 4
178 646 1
178 295 4
178 693 4
178 710 4
178 333 4
178 976 4
178 470 4
178 599 4
178 605 4
178 862 4
178 991 5
178 482 1
178 228 4
178 502 7
178 249 4
178 767 4
185 833 1
187 450 3
188 280 2
188 978 1
188 851 2
188 951 1
189 718 2
190 614 1
200 428 2
200 915 1
200 316 2
207 647 1
207 424 1
207 428 1
207 469 1
207 795 1
209 472 2
209 356 1
214 544 1
214 290 1
214 739 1
214 742 3
214 923 2
214 531 2
214 987 3
214 540 1
214 765 1
223 322 1
223 310 1
223 343 1
229 241 2
231 738 1
231 264 2
231 245 1
231 987 1
231 764 2
231 607 1
232 912 2
232 313 2
233 329 1
233 692 4
233 245 1
233 540 1
233 607 2
239 854 3
241 280 1
245 987 1
245 951 1
246 423 1
248 506 2
249 658 1
249 502 1
251 987 1
256 356 1
260 266 1
264 586 1
266 949 3
266 439 2
267 891 1
267 586 1
267 435 6
267 517 1
270 381 1
272 450 2
278 290 1
278 586 1
278 454 2
280 647 2
280 526 2
280 656 1
280 530 2
280 915 1
280 920 1
280 421 1
280 422 1
280 561 2
280 547 2
280 990 1
280 293 1
280 360 2
280 658 1
280 851 3
280 629 2
280 631 2
280 633 1
284 731 1
291 429 1
293 724 1
299 388 3
302 316 1
305 416 1
305 912 1
305 356 1
305 765 1
306 771 1
307 586 1
308 418 2
310 337 1
310 586 1
310 863 2
311 987 1
311 540 1
311 955 1
313 416 1
316 647 1
316 971 1
316 543 1
316 952 1
316 857 2
316 990 1
318 684 2
319 458 1
321 684 1
322 879 1
322 388 2
334 617 1
334 586 2
334 638 1
334 687 1
337 505 1
337 388 2
338 987 1
338 951 1
343 706 1
347 933 2
347 966 1
353 891 3
356 743 1
356 557 1
356 718 1
356 765 1
356 912 1
356 472 4
360 629 2
361 987 1
362 812 1
362 918 1
362 383 1
364 987 1
371 951 1
377 729 2
379 568 1
381 643 2
383 528 1
383 720 5
383 586 1
383 526 1
388 612 1
388 607 2
392 674 1
398 712 4
401 429 1
401 415 4
402 950 2
413 746 1
415 416 2
415 607 2
416 868 5
416 742 1
416 912 3
416 765 2
418 996 2
418 977 4
422 731 4
423 700 1
427 955 2
428 915 4
428 647 1
428 951 1
429 454 1
432 987 1
433 987 2
435 586 10
438 818 2
439 912 1
443 517 1
443 742 2
443 908 1
443 662 2
449 586 1
450 802 1
450 900 1
450 517 1
450 712 1
450 595 1
450 947 1
450 692 1
450 662 1
450 695 1
450 568 1
450 596 2
450 572 1
454 592 1
458 704 1
458 844 1
458 499 1
458 956 1
459 517 1
462 833 1
462 687 1
469 630 2
472 743 2
472 782 16
472 575 6
479 586 1
482 987 1
485 646 1
488 568 1
493 629 3
495 568 1
497 977 3
499 844 1
499 679 1
500 782 1
500 607 8
502 710 2
502 969 1
502 718 1
502 591 1
502 693 1
502 538 1
502 862 1
506 996 2
514 950 1
517 731 1
517 718 2
517 530 1
517 851 1
517 920 1
517 915 1
526 629 2
528 763 1
530 629 3
530 630 4
530 891 6
531 987 1
535 823 1
540 641 1
540 955 2
540 855 2
540 697 2
540 698 2
540 987 1
540 925 2
541 738 1
542 646 1
547 851 1
547 647 2
550 746 1
551 823 1
557 912 1
561 629 2
561 846 1
565 684 1
568 947 1
568 695 1
572 862 1
575 782 10
575 912 2
581 692 1
581 855 1
582 987 1
584 731 1
586 782 1
586 947 1
586 648 1
586 948 1
586 837 1
586 984 11
586 731 1
586 869 1
586 759 1
587 720 10
591 923 2
592 927 4
597 738 1
602 908 1
607 617 1
607 629 1
607 696 1
607 692 1
609 720 1
614 851 2
617 720 1
628 855 2
628 638 3
629 658 2
629 846 1
629 685 2
629 630 2
629 631 2
629 891 2
630 731 2
630 638 2
633 830 1
641 987 1
644 738 1
654 738 1
656 838 1
679 684 1
680 720 1
680 731 1
684 704 1
684 844 1
684 918 1
687 923 2
692 746 1
697 771 1
697 925 1
700 790 3
707 951 1
718 851 2
720 833 1
720 855 1
738 1001 1
738 979 1
738 921 1
738 923 1
742 771 2
742 915 1
743 908 1
746 935 4
762 908 1
764 994 1
764 987 1
765 908 3
771 870 3
773 955 2
779 843 1
780 950 1
789 987 1
790 812 8
804 881 1
809 987 2
840 987 1
849 987 1
851 978 1
851 988 1
863 994 1
872 987 1
873 987 1
890 923 1
925 955 1
939 951 1
950 1001 2
955 987 3
969 977 2
978 988 1
987 994 1
