0
1
2
3
4
5
6
7
8
9
10
11
12
13
14
15
16
17
18
19
20
21
22
23
24
25
26
27
28
29
30
31
32
33
34
35
36
37
38
39
40
41
42
43
44
45
46
47
48
49
50
51
52
53
54
55
56
57
58
59
60
61
62
63
64
65
66
67
68
69
70
71
72
73
74
75
76
77
78
79
80
81
82
83
84
85
86
87
88
89
90
91
92
93
94
95
96
97
98
99
100
101
102
103
104
105
106
107
108
109
110
111
112
113
114
115
116
117
118
119
120
121
122
123
124
125
126
127
128
129
130
131
132
133
134
135
136
137
138
139
141
142
143
144
145
146
147
148
149
150
151
152
153
154
155
157
158
159
160
161
162
163
164
165
166
167
168
169
170
171
172
173
174
175
176
177
178
179
180
181
182
183
184
185
186
187
188
189
190
191
192
193
194
195
196
197
198
199
200
201
202
203
204
205
206
207
208
209
210
211
212
213
214
215
216
217
218
219
220
221
222
223
224
225
226
227
228
229
230
231
232
233
235
236
237
238
239
240
241
242
243
244
245
246
247
248
249
250
251
252
253
254
255
256
257
259
260
262
263
264
265
266
267
268
269
270
271
272
273
274
275
276
277
278
279
280
281
282
283
284
285
286
287
288
289
290
291
292
293
294
295
296
297
299
300
301
302
303
304
305
306
307
308
309
310
311
312
313
314
315
316
317
318
319
320
321
322
323
324
325
326
327
328
329
330
331
332
333
334
335
336
337
338
339
340
341
343
344
345
346
347
348
349
350
351
352
353
355
356
357
358
359
360
361
362
364
365
366
367
368
369
370
371
372
373
374
375
376
377
378
379
380
381
382
383
384
385
386
387
388
389
390
391
392
393
394
395
396
397
398
399
400
401
402
403
404
405
406
407
408
409
410
411
412
413
414
415
416
418
419
420
421
422
423
424
425
426
427
428
429
430
431
432
433
434
435
436
437
438
439
440
441
442
443
444
445
446
447
448
449
450
451
452
453
454
455
456
457
458
459
460
461
462
464
465
466
467
468
469
470
471
472
473
474
475
476
477
478
479
480
481
482
483
484
485
486
487
488
489
490
491
492
493
495
496
497
498
499
500
501
502
503
504
505
506
507
508
509
510
511
512
513
514
515
516
517
518
519
520
521
522
523
524
525
526
527
528
530
531
532
533
534
535
536
537
538
539
540
541
542
543
544
545
546
547
548
549
550
551
552
553
554
556
557
558
559
560
561
562
563
564
565
566
567
568
569
570
571
572
573
574
575
576
577
578
579
580
581
582
583
584
585
586
587
588
589
590
591
592
593
594
595
596
597
598
599
600
601
602
603
604
605
606
607
609
610
611
612
613
614
615
616
617
618
619
621
622
623
624
625
626
627
628
629
630
631
632
633
634
635
636
637
638
639
640
641
642
643
644
645
646
647
648
649
650
651
652
653
654
655
656
657
658
659
660
661
662
663
664
665
666
667
668
669
670
671
672
673
674
675
676
677
678
679
680
681
682
683
684
685
686
687
688
689
690
691
692
693
694
695
696
697
698
699
700
701
702
703
704
705
706
707
708
709
710
711
712
713
714
715
716
717
718
719
720
721
722
723
724
725
726
727
728
729
730
731
732
733
734
735
736
737
738
739
740
741
742
743
744
745
746
747
748
749
750
751
752
753
754
756
757
758
759
760
761
762
763
764
765
767
768
769
770
771
772
773
774
775
776
777
778
779
780
781
782
783
784
785
786
787
788
789
790
791
792
793
794
795
796
797
798
799
800
801
802
803
804
805
806
807
808
809
810
811
812
813
814
815
816
817
818
819
820
821
822
823
824
825
826
827
828
829
830
831
832
833
834
835
836
837
838
839
840
841
842
843
844
845
846
847
848
849
850
851
852
853
854
855
856
857
858
859
860
861
862
863
864
865
866
867
868
869
870
871
872
873
874
875
876
877
878
879
880
881
882
883
884
885
886
887
888
889
890
891
892
893
894
895
896
897
898
899
900
901
902
903
904
905
906
907
908
909
910
911
912
913
914
915
916
917
918
919
920
921
922
923
924
925
926
927
928
929
930
931
932
933
934
935
936
937
938
939
940
941
942
943
944
945
946
947
948
949
950
951
952
953
954
955
956
957
958
960
961
962
963
964
965
966
967
968
969
970
971
972
973
974
975
976
977
978
979
980
981
982
983
984
985
986
987
988
989
990
991
992
993
994
995
996
997
998
999
1000
1001
1002
1003
1004
0 178 1
2 465 1
2 178 1
2 700 1
2 933 2
2 782 1
4 304 2
4 135 1
5 670 1
6 249 1
6 178 1
8 293 1
14 506 1
14 924 2
14 134 1
19 333 2
19 61 1
24 953 1
24 530 1
24 891 3
24 629 1
24 902 2
25 499 1
29 670 1
30 648 2
31 165 5
31 990 3
31 349 1
32 280 1
35 920 1
35 954 1
35 469 1
38 534 1
38 70 1
40 272 2
42 534 1
45 66 1
48 499 1
50 559 1
52 356 6
52 168 7
52 648 1
52 912 8
52 232 1
52 948 2
52 472 3
52 868 1
52 765 3
53 264 1
56 482 3
58 909 1
61 718 8
61 517 1
61 135 1
61 522 2
61 782 1
61 334 1
61 693 1
61 502 1
61 991 1
61 415 1
62 485 1
62 535 1
64 534 1
65 772 3
65 997 1
65 135 3
65 75 1
65 812 1
65 528 1
65 280 1
65 243 1
65 120 1
65 700 1
67 165 3
70 427 1
70 334 2
70 534 1
74 674 1
74 166 1
74 294 2
74 104 1
74 425 1
74 586 1
74 782 2
74 912 3
74 168 1
74 435 1
74 214 2
74 984 5
75 772 1
75 609 1
75 617 1
75 749 1
75 334 1
75 687 1
75 692 1
75 278 1
75 923 1
77 168 4
78 178 1
78 502 1
78 951 1
82 784 1
82 870 1
82 135 1
83 697 1
84 534 1
90 386 1
90 292 1
90 997 1
90 742 2
90 629 1
90 280 1
92 316 1
96 420 1
98 707 15
98 454 5
98 134 15
98 713 15
98 107 15
98 268 15
98 429 6
98 401 10
98 117 15
98 278 12
99 178 3
99 314 1
101 718 1
101 423 2
102 534 1
104 425 17
104 948 1
104 765 2
104 294 1
105 482 2
105 418 1
106 534 1
107 1004 1
107 532 2
107 810 1
109 425 1
111 946 1
111 790 1
112 674 7
112 803 6
112 356 4
112 392 3
112 267 5
112 782 2
113 854 1
114 977 1
118 732 3
120 752 1
120 772 2
120 707 1
120 196 1
125 622 1
125 534 1
126 721 2
126 586 5
126 435 1
126 790 2
129 577 1
133 765 1
133 383 1
134 425 1
135 581 6
135 870 1
135 161 2
135 233 4
135 170 1
135 942 2
135 371 2
135 628 2
135 405 1
135 292 4
135 703 2
139 534 1
141 920 1
143 280 1
143 739 1
147 577 6
147 931 1
147 933 1
147 715 2
147 972 1
147 171 1
147 748 1
147 590 2
147 355 1
147 277 1
147 890 1
147 347 1
147 285 1
147 926 1
147 686 1
149 293 1
153 977 5
154 534 1
157 356 1
157 517 1
157 586 1
157 684 1
157 926 1
157 535 1
157 542 2
158 506 1
160 920 1
161 936 1
161 901 1
161 581 2
163 799 1
163 646 2
163 895 2
165 428 1
165 207 2
165 401 7
165 316 1
165 990 1
166 743 1
166 586 8
166 782 1
166 573 1
166 435 6
166 883 1
167 920 1
167 274 1
167 851 1
167 469 1
167 181 1
168 356 5
168 868 1
168 232 1
168 425 4
168 556 2
168 948 1
168 912 40
168 984 1
168 648 1
168 949 2
168 439 3
168 472 12
168 260 4
168 762 1
168 575 1
168 266 10
168 332 1
168 607 1
169 372 1
170 784 1
170 581 1
170 855 6
171 590 1
171 715 1
173 506 1
175 849 3
175 275 1
178 409 2
178 538 2
178 929 2
178 295 1
178 693 6
178 569 1
178 314 2
178 710 1
178 333 5
178 976 1
178 465 1
178 339 1
178 470 4
178 599 1
178 605 9
178 862 7
178 991 1
178 228 1
178 502 6
178 249 2
178 767 1
181 920 1
181 274 1
184 977 1
184 754 2
184 732 1
185 762 1
185 987 1
188 920 1
188 469 1
189 410 1
191 220 1
199 506 8
199 924 2
200 971 1
200 316 1
206 534 1
207 484 1
207 428 2
207 990 1
207 469 1
214 290 1
214 811 1
214 940 1
214 334 2
214 783 1
214 912 9
214 499 1
214 500 1
214 502 1
216 458 1
216 956 2
216 558 1
220 471 1
225 700 1
228 693 2
228 502 2
229 306 2
229 374 1
229 415 3
231 338 1
231 540 10
231 783 1
232 425 12
232 782 2
232 946 6
232 790 1
232 472 16
233 746 1
233 692 1
233 935 3
239 951 1
241 469 1
243 607 1
243 367 1
246 423 2
247 534 1
251 482 2
256 356 3
256 294 3
266 425 1
267 392 2
267 517 1
267 782 1
272 754 1
272 379 1
272 900 1
272 662 1
274 920 1
275 849 2
277 715 1
278 290 1
280 902 4
280 915 2
280 629 2
280 920 1
284 680 2
284 731 4
285 715 1
288 610 6
288 484 6
288 773 6
288 391 6
288 846 8
288 629 8
288 630 1
289 810 1
289 506 1
293 697 2
293 862 1
293 502 1
294 984 2
294 782 1
301 469 1
302 428 1
306 784 3
306 659 2
306 374 2
309 534 1
310 343 1
313 946 8
313 356 1
313 602 2
314 929 2
314 710 2
314 599 1
314 605 2
316 428 1
316 392 2
316 915 7
316 953 1
316 857 1
316 349 1
316 990 1
316 351 2
319 618 1
320 1004 2
322 534 1
323 534 1
327 849 1
329 624 1
329 994 1
332 356 1
332 517 1
332 586 1
332 844 1
332 782 3
332 435 2
332 948 1
332 472 1
332 500 5
332 542 1
333 470 2
333 569 1
333 605 1
333 767 1
334 356 2
334 692 1
334 534 2
335 537 3
337 581 1
338 987 1
343 663 1
343 534 2
343 399 3
347 715 1
349 976 1
355 577 1
355 715 1
356 912 1
356 744 1
356 425 3
356 586 2
356 721 2
356 648 1
356 472 3
356 602 1
362 528 1
362 486 3
362 383 6
364 506 1
369 913 2
369 535 1
372 934 1
374 400 1
374 659 4
376 601 2
381 532 6
383 500 3
383 586 2
390 784 3
392 803 1
392 674 1
401 429 6
401 454 5
401 415 5
402 649 1
407 977 1
407 585 1
409 638 1
409 470 1
414 995 1
415 429 1
415 542 1
415 517 1
416 648 3
416 425 4
416 782 3
416 435 1
416 948 2
416 790 2
418 996 2
420 559 1
421 469 1
422 680 1
422 731 3
423 849 5
423 977 1
424 469 1
424 990 2
425 518 1
425 912 1
425 946 2
425 948 4
425 949 1
425 439 1
425 472 1
427 534 1
428 915 2
428 629 1
429 454 7
433 951 1
435 586 8
435 782 2
435 500 6
435 885 1
435 573 2
439 949 3
443 742 1
443 703 1
444 535 1
450 915 2
450 870 1
450 591 1
451 469 1
458 956 1
460 534 1
466 662 2
469 547 1
469 614 1
469 817 1
469 630 1
469 954 1
469 795 1
469 957 1
470 789 1
471 987 1
472 744 2
472 912 1
472 946 1
474 534 1
477 534 1
480 580 1
484 630 1
489 534 1
499 704 1
499 844 1
500 814 1
500 923 1
500 542 1
502 995 1
502 710 2
502 528 1
502 851 1
506 644 4
506 951 1
506 996 3
506 828 1
506 541 3
510 534 1
514 780 1
514 950 1
516 924 1
517 674 1
518 609 2
518 913 3
518 854 3
518 895 1
518 542 2
518 799 1
522 732 2
526 920 1
527 710 10
528 969 1
530 891 1
530 629 2
534 939 1
534 649 1
534 906 1
534 788 1
534 919 1
534 879 1
534 676 1
534 562 1
534 591 1
534 601 1
534 740 1
534 622 1
534 893 1
535 854 1
538 585 1
538 569 1
540 987 2
540 855 1
541 576 1
542 646 2
547 851 1
551 799 1
553 670 3
559 622 1
573 586 1
575 966 1
577 933 1
577 715 1
577 862 1
580 809 1
581 936 1
581 703 1
585 695 2
586 782 10
586 912 2
586 984 1
587 940 1
590 715 1
591 607 1
599 693 2
601 906 1
601 919 7
602 765 2
602 743 3
607 923 1
607 687 1
609 923 1
614 920 1
622 676 1
624 863 2
629 838 2
629 630 4
630 851 1
630 790 5
633 707 1
634 788 1
644 1001 3
644 924 2
648 912 3
648 948 2
648 765 4
649 951 1
650 682 1
654 682 1
654 738 1
654 991 5
656 920 2
659 784 2
668 746 2
668 813 6
668 935 1
670 688 1
674 803 4
680 707 1
682 738 1
682 783 1
686 715 1
692 830 1
697 784 1
697 771 1
697 855 1
700 991 2
700 881 1
703 784 5
707 951 1
715 931 1
715 933 1
715 972 1
715 748 1
715 926 1
718 742 2
718 915 1
718 724 4
718 883 2
720 813 1
721 765 2
730 912 1
737 849 2
738 951 1
742 900 2
743 948 2
745 828 3
746 775 1
746 813 1
746 935 1
750 891 1
762 984 2
765 868 2
765 908 4
772 883 1
774 947 7
779 790 3
782 997 1
782 974 2
782 984 3
784 870 1
784 901 3
790 977 3
790 948 2
790 956 1
795 851 3
796 977 1
799 895 4
813 935 1
833 987 1
850 987 1
850 924 2
851 978 4
851 920 2
851 954 1
857 915 1
863 994 1
865 995 2
865 951 1
867 974 1
872 987 1
873 925 1
912 984 2
912 948 2
919 1000 4
955 987 1
969 977 1
977 1004 1
