0
1
2
3
4
5
6
7
8
9
10
11
12
13
14
15
16
17
18
19
20
21
22
23
24
25
26
27
28
29
30
31
32
33
34
35
36
37
38
39
40
41
42
43
44
45
46
47
48
49
50
51
52
53
54
55
56
57
58
59
60
61
62
63
64
65
66
67
68
69
70
71
72
73
74
75
76
77
78
79
80
81
82
83
84
85
86
87
88
89
90
91
92
93
94
95
96
97
98
99
100
101
102
103
104
105
106
107
108
109
110
111
112
113
114
115
116
117
118
119
120
121
122
123
124
125
126
127
128
129
130
131
132
133
134
135
136
137
138
139
141
142
143
144
145
146
147
148
149
150
151
152
153
154
155
157
158
159
160
161
162
163
164
165
166
167
168
169
170
171
172
173
174
175
176
177
178
179
180
181
182
183
184
185
186
187
188
189
190
191
192
193
194
195
196
197
198
199
200
201
202
203
204
205
206
207
208
209
210
211
212
213
214
215
216
217
218
219
220
221
222
223
224
225
226
227
228
229
230
231
232
233
235
236
237
238
239
240
241
242
243
244
245
246
247
248
249
250
251
252
253
254
255
256
257
259
260
262
263
264
265
266
267
268
269
270
271
272
273
274
275
276
277
278
279
280
281
282
283
284
285
286
287
288
289
290
291
292
293
294
295
296
297
299
300
301
302
303
304
305
306
307
308
309
310
311
312
313
314
315
316
317
318
319
320
321
322
323
324
325
326
327
328
329
330
331
332
333
334
335
336
337
338
339
340
341
343
344
345
346
347
348
349
350
351
352
353
355
356
357
358
359
360
361
362
364
365
366
367
368
369
370
371
372
373
374
375
376
377
378
379
380
381
382
383
384
385
386
387
388
389
390
391
392
393
394
395
396
397
398
399
400
401
402
403
404
405
406
407
408
409
410
411
412
413
414
415
416
418
419
420
421
422
423
424
425
426
427
428
429
430
431
432
433
434
435
436
437
438
439
440
441
442
443
444
445
446
447
448
449
450
451
452
453
454
455
456
457
458
459
460
461
462
464
465
466
467
468
469
470
471
472
473
474
475
476
477
478
479
480
481
482
483
484
485
486
487
488
489
490
491
492
493
495
496
497
498
499
500
501
502
503
504
505
506
507
508
509
510
511
512
513
514
515
516
517
518
519
520
521
522
523
524
525
526
527
528
530
531
532
533
534
535
536
537
538
539
540
541
542
543
544
545
546
547
548
549
550
551
552
553
554
556
557
558
559
560
561
562
563
564
565
566
567
568
569
570
571
572
573
574
575
576
577
578
579
580
581
582
583
584
585
586
587
588
589
590
591
592
593
594
595
596
597
598
599
600
601
602
603
604
605
606
607
609
610
611
612
613
614
615
616
617
618
619
621
622
623
624
625
626
627
628
629
630
631
632
633
634
635
636
637
638
639
640
641
642
643
644
645
646
647
648
649
650
651
652
653
654
655
656
657
658
659
660
661
662
663
664
665
666
667
668
669
670
671
672
673
674
675
676
677
678
679
680
681
682
683
684
685
686
687
688
689
690
691
692
693
694
695
696
697
698
699
700
701
702
703
704
705
706
707
708
709
710
711
712
713
714
715
716
717
718
719
720
721
722
723
724
725
726
727
728
729
730
731
732
733
734
735
736
737
738
739
740
741
742
743
744
745
746
747
748
749
750
751
752
753
754
756
757
758
759
760
761
762
763
764
765
767
768
769
770
771
772
773
774
775
776
777
778
779
780
781
782
783
784
785
786
787
788
789
790
791
792
793
794
795
796
797
798
799
800
801
802
803
804
805
806
807
808
809
810
811
812
813
814
815
816
817
818
819
820
821
822
823
824
825
826
827
828
829
830
831
832
833
834
835
836
837
838
839
840
841
842
843
844
845
846
847
848
849
850
851
852
853
854
855
856
857
858
859
860
861
862
863
864
865
866
867
868
869
870
871
872
873
874
875
876
877
878
879
880
881
882
883
884
885
886
887
888
889
890
891
892
893
894
895
896
897
898
899
900
901
902
903
904
905
906
907
908
909
910
911
912
913
914
915
916
917
918
919
920
921
922
923
924
925
926
927
928
929
930
931
932
933
934
935
936
937
938
939
940
941
942
943
944
945
946
947
948
949
950
951
952
953
954
955
956
957
958
960
961
962
963
964
965
966
967
968
969
970
971
972
973
974
975
976
977
978
979
980
981
982
983
984
985
986
987
988
989
990
991
992
993
994
995
996
997
998
999
1000
1001
1002
1003
1004
0 6 1
0 519 1
0 409 1
0 538 1
0 929 1
0 178 1
0 693 1
0 314 1
0 710 1
0 333 1
0 78 1
0 976 1
0 470 1
0 599 1
0 605 2
0 862 1
0 991 1
0 99 1
0 228 1
0 502 1
0 249 1
0 767 1
2 670 1
4 135 7
5 107 5
5 980 1
5 491 1
6 249 2
6 605 1
10 173 1
13 516 1
13 951 1
14 644 3
14 199 1
14 1001 1
14 173 1
14 996 1
14 506 1
14 924 10
14 702 1
15 680 2
15 584 1
15 284 1
17 857 1
17 428 1
19 333 1
24 280 2
24 891 2
24 915 1
24 629 1
28 987 2
29 107 3
31 428 2
31 165 2
32 280 1
32 433 2
32 197 2
32 921 1
35 280 1
38 832 3
40 568 1
40 712 1
40 196 2
40 198 1
41 73 1
41 723 1
53 200 1
53 120 1
53 692 2
55 404 1
56 994 1
56 987 2
58 586 1
58 909 1
61 782 2
61 522 1
61 926 2
61 718 5
62 163 1
62 485 4
62 646 4
62 551 1
62 535 4
62 120 1
62 250 3
62 542 1
65 75 1
65 534 5
67 963 9
68 987 2
70 752 1
74 112 3
74 392 3
74 674 1
74 803 1
74 166 3
75 993 2
75 772 3
75 135 1
75 660 1
75 377 2
75 948 1
75 220 2
78 605 1
82 628 1
82 870 1
82 135 7
90 292 1
90 613 1
90 742 1
90 422 1
90 841 1
90 718 1
90 850 1
90 854 1
90 983 1
90 260 2
90 765 1
92 280 1
92 428 1
95 987 2
98 401 1
98 107 1
98 429 1
98 454 1
98 713 1
99 502 1
101 718 2
105 418 13
106 906 5
107 192 3
107 898 4
107 899 3
107 1004 2
107 652 2
107 643 2
107 532 2
107 664 3
107 537 5
107 670 4
107 289 3
107 808 3
107 553 3
107 810 5
107 175 2
107 688 2
107 393 2
107 320 4
107 327 3
107 201 4
107 335 9
107 464 3
107 468 8
107 985 3
107 208 2
107 236 2
107 118 3
107 980 4
107 737 2
107 381 4
111 762 1
112 392 2
112 674 2
112 166 3
112 517 1
114 718 1
118 502 1
120 609 1
120 290 1
120 772 4
120 198 1
120 454 2
120 752 2
120 948 3
120 196 1
120 923 2
122 924 1
126 133 1
126 168 2
126 782 3
126 912 1
126 790 3
126 602 3
126 700 1
129 926 1
134 738 1
135 581 9
135 870 8
135 170 8
135 530 1
135 942 4
135 720 1
135 371 12
135 628 6
135 334 2
135 855 1
135 692 1
135 890 1
135 703 1
135 746 2
135 629 1
136 200 1
141 362 1
141 750 1
142 280 1
142 953 1
142 428 1
142 712 2
143 739 1
147 577 1
147 355 1
147 196 1
147 933 1
147 171 2
147 972 1
147 590 1
147 336 1
147 277 2
147 347 1
147 720 1
147 285 1
147 926 1
149 372 3
150 316 1
150 220 2
151 280 3
153 418 3
153 996 2
153 977 1
153 532 1
153 761 1
153 411 1
157 517 1
160 280 2
160 629 1
164 420 1
164 322 1
164 879 1
164 740 1
164 223 1
165 344 2
165 428 1
165 316 1
166 416 1
166 674 3
166 517 1
166 743 1
166 392 3
166 586 2
167 280 1
167 547 2
168 260 3
168 232 2
168 912 8
168 949 3
168 472 4
169 969 1
169 595 1
169 372 2
169 281 1
169 314 1
169 189 1
171 347 1
173 428 1
173 657 1
173 506 4
173 924 1
178 605 1
178 502 2
180 897 1
181 724 2
184 393 1
184 843 1
184 607 1
189 280 1
189 724 2
189 502 1
192 506 1
192 381 3
193 633 1
193 546 1
193 500 1
196 429 1
196 850 1
196 220 1
197 850 1
199 996 1
199 924 2
199 644 3
205 692 2
207 424 1
214 290 1
214 742 3
214 551 1
214 586 1
214 535 1
214 940 1
214 334 1
214 951 1
223 638 1
228 314 1
228 605 1
228 693 1
229 523 2
231 657 4
231 738 5
231 987 2
232 425 3
232 946 1
232 782 2
232 294 3
235 854 1
236 537 1
245 987 2
248 364 2
248 591 1
248 692 1
248 696 8
248 687 1
248 670 1
248 607 1
249 409 3
249 491 1
249 605 1
250 485 1
250 886 1
250 722 1
250 542 1
250 854 2
250 444 3
251 849 3
251 482 6
251 987 7
251 789 1
253 290 1
257 865 1
260 912 2
267 648 1
267 984 1
267 586 1
267 478 1
267 751 1
270 923 1
280 647 1
280 656 1
280 658 1
280 408 1
280 547 1
280 424 1
280 817 1
280 954 1
280 712 2
280 846 1
280 526 2
280 990 1
280 629 3
280 469 1
281 491 1
284 951 3
288 846 1
288 629 1
288 750 2
289 506 1
290 566 1
293 547 2
294 586 1
294 782 1
299 712 1
304 441 1
306 742 2
310 534 1
311 987 2
314 693 1
314 710 1
316 392 2
316 915 2
318 956 1
318 684 1
321 499 1
321 684 1
327 381 1
327 358 1
327 414 2
329 865 1
329 775 1
332 500 7
332 854 1
333 569 1
333 605 1
334 772 3
335 516 2
338 987 2
343 663 2
343 943 1
344 373 2
347 355 1
347 933 1
347 748 1
347 926 1
349 428 1
353 920 1
353 391 1
356 602 1
356 946 1
356 517 1
356 718 1
356 743 3
360 629 1
361 987 2
362 915 1
362 372 1
362 383 3
364 764 1
365 732 1
369 646 2
369 535 2
371 870 2
372 934 1
372 716 1
372 595 1
372 404 2
377 457 2
377 530 1
381 532 3
383 996 1
390 771 1
391 891 1
392 674 2
398 602 2
401 429 2
401 454 2
401 415 1
409 605 1
410 696 1
411 418 1
414 746 3
414 891 4
414 607 2
415 546 2
415 707 1
415 429 1
416 743 1
416 586 1
416 912 1
416 948 1
416 500 1
416 602 1
416 765 2
418 977 3
418 996 21
421 795 1
422 731 1
424 547 1
425 912 1
425 946 2
425 472 1
425 765 3
428 915 2
428 953 1
428 696 1
428 857 1
429 454 2
432 987 2
433 987 2
435 500 1
440 737 1
443 742 2
444 535 2
450 712 1
454 772 4
465 962 1
470 605 1
472 946 2
480 506 1
480 987 2
482 987 2
485 854 1
485 646 3
490 586 1
493 629 1
499 844 2
499 684 1
499 558 1
500 546 1
500 586 2
500 814 8
500 782 1
502 738 4
502 976 1
502 599 1
502 605 1
503 812 1
506 644 3
506 745 1
506 924 2
506 1004 2
506 688 1
506 657 1
506 828 1
513 646 3
516 850 2
517 674 1
517 586 1
517 718 1
517 565 1
517 854 2
517 602 2
517 765 1
517 542 1
522 546 1
526 629 1
527 720 1
528 531 2
530 629 2
530 662 1
531 987 4
534 591 1
534 649 1
535 913 1
535 542 1
538 605 1
540 736 1
540 987 3
541 850 3
542 854 1
542 765 1
546 550 3
547 712 1
549 866 1
551 646 1
561 629 1
569 605 1
570 765 1
577 926 1
581 855 1
581 742 2
582 987 2
582 764 1
584 951 1
586 974 1
586 915 2
586 984 1
586 762 1
595 718 1
599 605 1
602 743 3
602 765 2
605 710 1
605 1001 1
605 685 1
605 976 1
605 789 7
605 767 1
605 862 1
605 693 1
609 772 4
609 854 1
611 644 3
624 819 1
624 764 2
629 750 1
629 658 1
629 978 2
629 685 1
629 846 1
629 630 2
629 631 1
629 891 2
633 772 2
641 987 2
644 996 1
644 828 2
644 1001 6
644 850 1
644 924 3
644 702 2
648 765 1
649 832 1
650 686 1
654 738 4
657 921 1
662 915 1
668 720 1
668 746 1
670 688 1
674 765 1
680 707 1
682 850 4
684 844 3
685 1001 3
692 746 2
698 987 2
702 1001 2
702 924 5
704 743 1
712 942 5
718 915 1
720 935 1
720 746 5
720 813 1
721 765 5
730 868 1
730 854 1
738 850 1
738 921 2
742 900 1
746 900 1
746 935 3
746 813 3
748 933 1
748 926 1
750 851 2
751 854 1
758 956 1
758 918 1
761 804 1
762 984 1
764 987 2
765 908 1
772 923 1
774 947 20
782 912 1
783 881 1
789 987 2
790 912 2
804 850 1
809 987 2
810 881 3
837 850 2
840 987 2
843 907 1
849 987 2
850 1001 1
850 881 5
850 924 2
851 978 1
854 948 1
865 923 3
868 974 1
872 987 2
873 987 2
874 925 1
912 949 3
923 951 1
924 1001 8
924 996 1
925 987 2
955 987 2
977 1004 1
987 994 2
