0
1
2
3
4
5
6
7
8
9
10
11
12
13
14
15
16
17
18
19
20
21
22
23
24
25
26
27
28
29
30
31
32
33
34
35
36
37
38
39
40
41
42
43
44
45
46
47
48
49
50
51
52
53
54
55
56
57
58
59
60
61
62
63
64
65
66
67
68
69
70
71
72
73
74
75
76
77
78
79
80
81
82
83
84
85
86
87
88
89
90
91
92
93
94
95
96
97
98
99
100
101
102
103
104
105
106
107
108
109
110
111
112
113
114
115
116
117
118
119
120
121
122
123
124
125
126
127
128
129
130
131
132
133
134
135
136
137
138
139
141
142
143
144
145
146
147
148
149
150
151
152
153
154
155
157
158
159
160
161
162
163
164
165
166
167
168
169
170
171
172
173
174
175
176
177
178
179
180
181
182
183
184
185
186
187
188
189
190
191
192
193
194
195
196
197
198
199
200
201
202
203
204
205
206
207
208
209
210
211
212
213
214
215
216
217
218
219
220
221
222
223
224
225
226
227
228
229
230
231
232
233
235
236
237
238
239
240
241
242
243
244
245
246
247
248
249
250
251
252
253
254
255
256
257
259
260
262
263
264
265
266
267
268
269
270
271
272
273
274
275
276
277
278
279
280
281
282
283
284
285
286
287
288
289
290
291
292
293
294
295
296
297
299
300
301
302
303
304
305
306
307
308
309
310
311
312
313
314
315
316
317
318
319
320
321
322
323
324
325
326
327
328
329
330
331
332
333
334
335
336
337
338
339
340
341
343
344
345
346
347
348
349
350
351
352
353
355
356
357
358
359
360
361
362
364
365
366
367
368
369
370
371
372
373
374
375
376
377
378
379
380
381
382
383
384
385
386
387
388
389
390
391
392
393
394
395
396
397
398
399
400
401
402
403
404
405
406
407
408
409
410
411
412
413
414
415
416
418
419
420
421
422
423
424
425
426
427
428
429
430
431
432
433
434
435
436
437
438
439
440
441
442
443
444
445
446
447
448
449
450
451
452
453
454
455
456
457
458
459
460
461
462
464
465
466
467
468
469
470
471
472
473
474
475
476
477
478
479
480
481
482
483
484
485
486
487
488
489
490
491
492
493
495
496
497
498
499
500
501
502
503
504
505
506
507
508
509
510
511
512
513
514
515
516
517
518
519
520
521
522
523
524
525
526
527
528
530
531
532
533
534
535
536
537
538
539
540
541
542
543
544
545
546
547
548
549
550
551
552
553
554
556
557
558
559
560
561
562
563
564
565
566
567
568
569
570
571
572
573
574
575
576
577
578
579
580
581
582
583
584
585
586
587
588
589
590
591
592
593
594
595
596
597
598
599
600
601
602
603
604
605
606
607
609
610
611
612
613
614
615
616
617
618
619
621
622
623
624
625
626
627
628
629
630
631
632
633
634
635
636
637
638
639
640
641
642
643
644
645
646
647
648
649
650
651
652
653
654
655
656
657
658
659
660
661
662
663
664
665
666
667
668
669
670
671
672
673
674
675
676
677
678
679
680
681
682
683
684
685
686
687
688
689
690
691
692
693
694
695
696
697
698
699
700
701
702
703
704
705
706
707
708
709
710
711
712
713
714
715
716
717
718
719
720
721
722
723
724
725
726
727
728
729
730
731
732
733
734
735
736
737
738
739
740
741
742
743
744
745
746
747
748
749
750
751
752
753
754
756
757
758
759
760
761
762
763
764
765
767
768
769
770
771
772
773
774
775
776
777
778
779
780
781
782
783
784
785
786
787
788
789
790
791
792
793
794
795
796
797
798
799
800
801
802
803
804
805
806
807
808
809
810
811
812
813
814
815
816
817
818
819
820
821
822
823
824
825
826
827
828
829
830
831
832
833
834
835
836
837
838
839
840
841
842
843
844
845
846
847
848
849
850
851
852
853
854
855
856
857
858
859
860
861
862
863
864
865
866
867
868
869
870
871
872
873
874
875
876
877
878
879
880
881
882
883
884
885
886
887
888
889
890
891
892
893
894
895
896
897
898
899
900
901
902
903
904
905
906
907
908
909
910
911
912
913
914
915
916
917
918
919
920
921
922
923
924
925
926
927
928
929
930
931
932
933
934
935
936
937
938
939
940
941
942
943
944
945
946
947
948
949
950
951
952
953
954
955
956
957
958
960
961
962
963
964
965
966
967
968
969
970
971
972
973
974
975
976
977
978
979
980
981
982
983
984
985
986
987
988
989
990
991
992
993
994
995
996
997
998
999
1000
1001
1002
1003
1004
0 6 1
0 228 1
0 118 3
0 710 1
0 295 1
0 502 1
0 599 1
0 333 1
0 78 1
0 976 1
0 693 1
0 470 1
0 409 1
0 249 2
0 538 1
0 767 1
0 732 3
0 605 1
0 862 1
0 991 1
1 309 1
1 310 1
2 151 1
2 700 1
2 790 1
2 526 5
2 61 1
4 771 4
5 898 1
5 808 1
5 553 1
5 491 1
5 335 1
5 464 1
5 980 1
5 118 3
5 29 1
5 670 1
6 178 1
13 516 1
14 881 1
14 516 1
15 680 1
15 731 1
15 422 1
15 406 2
15 943 2
16 724 1
16 718 2
17 857 2
17 428 1
24 647 1
24 142 3
24 629 3
24 280 3
24 891 1
24 445 1
25 704 4
25 499 1
25 684 1
28 987 6
29 333 1
30 104 1
30 936 3
30 90 1
30 356 7
30 765 3
31 915 2
31 428 3
31 165 14
31 838 1
32 280 1
32 977 1
32 197 1
35 469 2
38 832 1
38 90 2
40 193 1
40 450 1
40 687 1
40 272 1
40 695 1
40 90 2
40 159 1
41 723 2
41 565 4
41 499 1
48 458 1
48 499 1
48 684 1
52 416 2
52 356 3
52 133 1
52 166 2
52 168 1
52 472 1
52 868 1
53 416 2
53 193 2
53 923 2
53 454 1
53 633 1
56 482 3
56 987 7
56 789 1
61 522 2
61 718 3
61 991 2
62 356 1
62 485 4
62 646 6
62 743 1
62 168 1
62 472 3
62 542 2
64 84 3
64 477 1
65 776 2
65 687 2
67 963 12
67 165 2
67 846 6
67 207 2
67 561 5
67 344 2
68 176 2
68 987 6
73 499 1
74 984 8
74 416 1
74 586 3
74 912 4
74 166 2
75 612 1
75 901 1
75 334 1
77 912 1
77 472 1
77 575 2
78 178 3
83 771 1
83 443 1
90 416 1
90 612 1
90 613 1
90 530 1
90 142 2
90 143 1
90 114 1
90 927 1
90 662 1
90 761 1
90 506 1
90 443 1
90 703 1
91 415 1
95 987 6
98 707 18
98 454 9
98 134 15
98 713 17
98 107 18
98 268 17
98 429 17
98 592 13
98 401 17
98 291 9
98 117 13
98 278 5
101 377 1
101 246 1
101 423 1
102 510 1
103 514 1
103 310 4
103 423 4
104 256 1
104 742 4
104 523 3
104 305 1
104 765 1
105 374 1
106 510 3
107 537 1
107 810 1
112 256 1
112 648 1
112 186 1
112 267 1
112 517 1
113 927 2
114 275 1
114 479 1
118 532 5
120 586 2
120 772 2
120 927 1
122 915 2
122 718 1
125 622 1
126 984 5
126 356 1
126 573 2
131 516 1
133 256 4
133 765 2
134 592 11
134 291 7
134 454 7
135 835 1
135 292 1
135 581 4
135 936 1
135 170 1
135 942 2
135 176 2
135 628 2
135 443 1
136 200 1
136 857 1
136 629 2
139 780 2
139 477 1
139 510 1
141 241 1
141 188 1
142 647 1
142 428 2
142 915 5
142 630 4
143 731 2
143 580 2
143 422 1
147 577 3
147 772 1
147 715 1
147 972 1
147 157 1
147 926 1
147 927 1
149 377 3
149 372 3
149 716 1
149 718 3
150 235 1
150 415 1
151 290 2
151 253 1
151 278 2
152 443 2
157 586 2
157 462 1
157 590 1
159 609 2
159 802 2
159 742 6
159 713 1
159 171 3
159 712 1
159 214 2
159 671 1
160 280 1
160 838 1
160 526 4
160 630 1
160 629 4
164 402 2
165 401 9
165 915 1
165 344 2
165 316 3
165 990 1
166 416 1
166 674 1
166 356 2
166 586 7
166 762 1
167 630 3
167 469 2
167 302 1
168 356 3
168 743 1
168 232 1
168 586 2
168 912 5
168 984 2
168 790 1
168 472 5
168 765 1
168 575 1
169 595 2
170 697 1
170 267 4
170 581 2
171 355 1
173 516 1
175 737 3
175 275 2
175 423 1
175 446 1
175 849 3
176 769 2
176 482 2
176 995 2
176 836 2
176 581 2
176 329 2
176 746 2
176 588 2
176 692 2
176 245 2
176 855 2
176 641 2
176 764 2
178 228 1
178 502 12
178 710 1
178 295 1
178 599 1
178 333 2
178 693 1
178 470 1
178 249 2
178 409 2
178 538 3
178 767 1
178 862 1
178 991 1
181 190 3
184 393 1
184 607 1
185 833 1
186 256 2
186 517 2
186 648 2
186 267 2
186 313 1
187 712 6
187 450 1
188 547 1
188 207 1
188 978 1
188 851 1
188 469 2
188 280 5
188 988 1
189 208 1
189 896 1
189 718 2
190 353 4
190 614 1
190 589 1
190 656 3
190 274 3
190 373 3
190 920 4
191 927 2
191 334 2
191 415 1
192 381 1
193 290 2
193 612 1
193 714 3
193 592 2
193 242 1
193 633 6
193 830 2
194 951 1
197 923 2
197 516 1
199 996 2
199 506 1
199 516 1
200 952 2
200 915 2
207 424 5
207 847 1
207 817 1
207 469 4
207 954 1
207 795 1
207 957 1
208 977 1
209 356 2
209 765 1
214 416 1
214 290 3
214 662 1
214 578 1
214 687 1
214 912 1
214 692 1
214 278 1
214 923 3
220 692 3
220 749 2
223 663 1
223 462 1
223 343 4
229 568 1
229 421 4
231 994 1
231 840 2
231 624 1
231 245 6
231 698 1
231 987 6
231 540 1
232 575 2
233 306 1
233 540 1
233 245 1
237 896 2
241 469 2
245 840 4
245 329 1
245 692 1
245 698 1
245 987 7
245 764 3
245 540 3
246 724 2
246 423 2
248 920 1
248 462 1
250 886 2
250 927 3
251 987 6
253 290 2
253 566 1
256 356 1
256 517 2
256 267 3
256 648 2
256 313 1
256 478 1
257 416 1
260 912 8
260 472 1
260 575 1
264 454 2
267 517 8
267 648 3
267 586 4
267 530 1
267 435 3
267 854 2
267 344 1
267 313 1
267 891 4
267 445 1
267 478 1
268 633 1
270 516 1
272 900 1
272 595 1
272 662 1
272 568 2
272 379 1
273 951 3
274 920 2
275 737 1
275 327 2
275 849 1
278 833 1
278 334 1
278 915 3
278 462 1
280 547 1
280 846 1
280 647 1
280 360 2
280 561 2
280 915 3
280 526 2
280 493 1
280 530 3
280 851 2
280 629 4
280 658 1
280 631 2
280 920 2
281 905 1
281 491 1
284 422 4
290 589 1
291 401 5
291 429 3
292 581 1
293 718 2
294 416 3
294 313 1
299 559 1
301 978 1
301 469 2
306 450 3
306 771 5
306 742 2
306 784 1
306 659 2
306 443 1
306 703 1
307 659 2
311 697 3
311 987 6
311 540 2
311 383 1
313 416 1
313 517 1
313 648 1
316 915 1
318 499 1
318 326 1
319 499 1
319 558 1
321 618 1
321 499 3
321 565 1
323 510 1
325 718 1
326 546 1
326 687 1
327 516 1
327 381 4
329 540 2
329 910 1
334 609 1
334 612 2
334 630 2
334 586 1
334 462 1
334 687 1
334 752 2
334 772 1
334 890 1
334 607 1
335 737 2
335 553 4
335 980 1
335 664 1
335 537 3
335 670 1
338 987 6
338 540 1
338 773 1
338 415 1
341 915 8
343 879 1
343 663 5
353 891 6
356 416 1
356 743 4
356 586 3
356 912 6
356 472 11
356 574 1
356 765 4
356 927 2
360 891 1
360 629 2
360 526 1
361 987 6
362 383 2
364 987 7
364 764 1
368 740 1
369 927 3
372 595 3
374 953 1
377 866 1
377 422 5
377 423 3
377 457 3
377 716 2
377 718 2
377 729 4
379 568 2
381 664 1
381 810 1
381 532 1
383 589 3
383 720 3
383 854 2
383 887 3
383 922 1
388 502 2
392 674 1
393 907 1
398 712 3
401 454 5
401 429 16
401 415 6
404 595 2
405 720 2
407 896 1
413 746 1
413 927 2
413 935 6
415 833 4
416 592 3
416 617 1
416 586 6
416 912 1
416 772 2
416 923 2
416 765 1
416 927 1
418 977 11
418 996 33
420 559 1
421 424 5
421 469 2
422 680 1
422 731 2
423 832 5
423 977 8
424 990 2
424 795 6
424 469 2
427 955 1
428 857 2
428 915 9
429 454 5
432 987 6
433 987 7
435 586 3
437 516 1
440 664 1
443 662 1
443 602 2
444 927 3
445 891 5
447 586 2
450 802 1
450 462 1
450 595 1
454 713 2
454 592 6
454 890 1
454 927 1
458 499 1
458 844 1
462 783 1
462 833 4
462 591 1
462 517 1
462 742 1
462 617 1
462 718 1
462 687 1
462 851 1
462 692 1
462 670 1
462 762 1
462 923 1
462 542 1
466 712 1
469 547 2
469 817 2
469 978 1
469 630 1
469 954 2
469 795 2
469 957 2
471 718 1
472 743 6
472 782 2
472 912 6
472 765 1
478 648 1
478 517 1
479 718 1
482 531 1
482 987 6
485 927 3
485 551 1
488 568 2
493 561 2
493 891 1
493 629 2
493 630 1
495 568 2
497 977 4
499 833 3
499 918 1
499 679 1
499 844 1
499 558 2
499 723 1
499 758 1
499 956 1
499 618 1
500 772 1
502 565 2
502 607 1
506 738 2
506 644 1
506 582 3
506 516 1
506 783 1
506 881 2
506 996 1
508 516 1
509 780 1
509 822 1
509 638 2
510 832 1
510 622 1
511 987 6
513 927 3
514 832 1
514 780 1
514 950 1
516 644 1
516 650 1
516 783 3
516 657 1
516 532 1
516 921 1
516 923 1
516 924 1
516 541 1
516 653 1
516 682 1
516 654 1
516 576 1
516 837 2
516 719 1
516 850 1
516 979 1
516 738 1
516 996 1
516 1001 1
516 747 1
516 881 4
516 702 1
516 745 1
516 761 1
517 674 2
517 803 6
517 648 2
526 530 2
526 629 2
528 589 1
530 685 2
530 629 9
530 630 1
531 987 6
532 537 1
535 927 2
535 823 2
537 664 1
538 951 1
540 736 2
540 987 6
540 582 3
540 855 2
540 697 4
540 698 1
540 955 7
540 700 2
540 925 2
541 996 2
542 823 1
542 927 2
546 640 1
546 550 2
546 743 1
546 920 1
546 923 1
550 920 2
551 927 2
552 978 1
552 614 1
557 912 1
558 956 2
561 846 12
561 629 6
561 631 1
562 612 2
562 893 2
563 731 2
565 679 1
565 684 1
565 723 3
565 956 1
568 662 1
572 693 2
573 586 1
575 782 4
580 669 1
581 720 1
581 628 1
581 855 2
582 849 2
582 987 7
582 789 1
586 782 2
586 687 1
586 912 2
586 984 8
586 762 3
587 720 1
589 867 1
589 909 1
591 776 1
591 630 1
592 713 2
592 927 6
595 718 1
595 754 1
599 789 1
599 605 3
602 765 3
602 743 3
605 700 1
607 927 1
609 865 1
609 997 1
609 951 1
609 923 2
609 927 1
612 740 2
612 893 2
612 735 2
617 833 2
624 873 1
624 692 1
626 771 2
626 807 2
629 838 8
629 658 2
629 685 2
629 846 1
629 630 5
629 631 2
629 891 11
629 927 1
633 923 3
640 772 1
641 987 6
643 664 1
646 927 2
647 915 2
647 990 1
648 765 1
650 682 1
650 783 1
654 738 4
654 682 1
654 783 1
659 742 1
664 737 1
664 810 2
664 985 1
679 684 1
680 790 1
682 738 1
682 783 1
684 844 1
684 918 1
685 1001 1
685 724 3
687 776 3
692 746 1
697 873 1
697 855 6
697 925 4
698 840 1
698 873 1
698 764 1
700 891 2
700 790 2
703 771 3
704 743 1
708 718 1
711 718 2
715 926 1
716 718 6
718 777 1
718 969 2
718 843 1
718 977 1
718 980 1
718 866 2
718 876 1
718 724 1
719 738 1
720 833 3
722 927 2
723 758 2
737 1004 1
737 849 2
738 783 11
738 923 1
742 835 5
742 900 1
742 951 1
742 923 3
746 935 15
758 844 4
758 956 4
758 918 3
761 804 1
764 994 2
764 840 9
764 987 12
770 927 3
771 993 2
771 901 2
771 863 2
772 923 3
774 947 46
779 883 2
782 880 1
789 872 1
789 987 6
790 812 3
809 987 6
823 927 3
837 921 2
838 952 1
840 987 6
849 987 6
851 978 1
854 927 3
857 915 4
861 934 1
863 994 1
872 987 6
873 987 6
924 996 2
933 966 1
955 987 6
977 1001 3
977 1004 3
987 994 7
