0
1
2
3
4
5
6
7
8
9
10
11
12
13
14
15
16
17
18
19
20
21
22
23
24
25
26
27
28
29
30
31
32
33
34
35
36
37
38
39
40
41
42
43
44
45
46
47
48
49
50
51
52
53
54
55
56
57
58
59
60
61
62
63
64
65
66
67
68
69
70
71
72
73
74
75
76
77
78
79
80
81
82
83
84
85
86
87
88
89
90
91
92
93
94
95
96
97
98
99
100
101
102
103
104
105
106
107
108
109
110
111
112
113
114
115
116
117
118
119
120
121
122
123
124
125
126
127
128
129
130
131
132
133
134
135
136
137
138
139
141
142
143
144
145
146
147
148
149
150
151
152
153
154
155
157
158
159
160
161
162
163
164
165
166
167
168
169
170
171
172
173
174
175
176
177
178
179
180
181
182
183
184
185
186
187
188
189
190
191
192
193
194
195
196
197
198
199
200
201
202
203
204
205
206
207
208
209
210
211
212
213
214
215
216
217
218
219
220
221
222
223
224
225
226
227
228
229
230
231
232
233
235
236
237
238
239
240
241
242
243
244
245
246
247
248
249
250
251
252
253
254
255
256
257
259
260
262
263
264
265
266
267
268
269
270
271
272
273
274
275
276
277
278
279
280
281
282
283
284
285
286
287
288
289
290
291
292
293
294
295
296
297
299
300
301
302
303
304
305
306
307
308
309
310
311
312
313
314
315
316
317
318
319
320
321
322
323
324
325
326
327
328
329
330
331
332
333
334
335
336
337
338
339
340
341
343
344
345
346
347
348
349
350
351
352
353
355
356
357
358
359
360
361
362
364
365
366
367
368
369
370
371
372
373
374
375
376
377
378
379
380
381
382
383
384
385
386
387
388
389
390
391
392
393
394
395
396
397
398
399
400
401
402
403
404
405
406
407
408
409
410
411
412
413
414
415
416
418
419
420
421
422
423
424
425
426
427
428
429
430
431
432
433
434
435
436
437
438
439
440
441
442
443
444
445
446
447
448
449
450
451
452
453
454
455
456
457
458
459
460
461
462
464
465
466
467
468
469
470
471
472
473
474
475
476
477
478
479
480
481
482
483
484
485
486
487
488
489
490
491
492
493
495
496
497
498
499
500
501
502
503
504
505
506
507
508
509
510
511
512
513
514
515
516
517
518
519
520
521
522
523
524
525
526
527
528
530
531
532
533
534
535
536
537
538
539
540
541
542
543
544
545
546
547
548
549
550
551
552
553
554
556
557
558
559
560
561
562
563
564
565
566
567
568
569
570
571
572
573
574
575
576
577
578
579
580
581
582
583
584
585
586
587
588
589
590
591
592
593
594
595
596
597
598
599
600
601
602
603
604
605
606
607
609
610
611
612
613
614
615
616
617
618
619
621
622
623
624
625
626
627
628
629
630
631
632
633
634
635
636
637
638
639
640
641
642
643
644
645
646
647
648
649
650
651
652
653
654
655
656
657
658
659
660
661
662
663
664
665
666
667
668
669
670
671
672
673
674
675
676
677
678
679
680
681
682
683
684
685
686
687
688
689
690
691
692
693
694
695
696
697
698
699
700
701
702
703
704
705
706
707
708
709
710
711
712
713
714
715
716
717
718
719
720
721
722
723
724
725
726
727
728
729
730
731
732
733
734
735
736
737
738
739
740
741
742
743
744
745
746
747
748
749
750
751
752
753
754
756
757
758
759
760
761
762
763
764
765
767
768
769
770
771
772
773
774
775
776
777
778
779
780
781
782
783
784
785
786
787
788
789
790
791
792
793
794
795
796
797
798
799
800
801
802
803
804
805
806
807
808
809
810
811
812
813
814
815
816
817
818
819
820
821
822
823
824
825
826
827
828
829
830
831
832
833
834
835
836
837
838
839
840
841
842
843
844
845
846
847
848
849
850
851
852
853
854
855
856
857
858
859
860
861
862
863
864
865
866
867
868
869
870
871
872
873
874
875
876
877
878
879
880
881
882
883
884
885
886
887
888
889
890
891
892
893
894
895
896
897
898
899
900
901
902
903
904
905
906
907
908
909
910
911
912
913
914
915
916
917
918
919
920
921
922
923
924
925
926
927
928
929
930
931
932
933
934
935
936
937
938
939
940
941
942
943
944
945
946
947
948
949
950
951
952
953
954
955
956
957
958
960
961
962
963
964
965
966
967
968
969
970
971
972
973
974
975
976
977
978
979
980
981
982
983
984
985
986
987
988
989
990
991
992
993
994
995
996
997
998
999
1000
1001
1002
1003
1004
0 705 1
2 700 5
2 749 1
5 491 1
5 670 2
5 175 1
11 506 1
13 850 1
13 214 1
14 924 1
16 754 1
16 19 1
17 316 1
22 663 1
24 160 1
24 891 1
24 990 1
28 641 1
28 987 2
29 808 2
29 107 3
29 899 1
30 912 1
30 946 2
31 165 1
31 990 1
32 669 1
32 90 1
32 580 1
32 197 1
32 791 1
35 978 1
35 851 1
35 988 1
38 832 1
41 73 1
41 723 2
41 503 2
46 310 2
52 356 3
52 229 1
52 166 1
52 586 3
52 267 1
52 812 2
52 782 1
52 790 1
52 868 5
52 765 2
53 944 2
53 887 1
53 367 1
56 987 2
61 991 3
62 113 3
62 518 3
62 542 1
62 214 1
62 646 2
65 782 1
65 334 2
65 687 1
67 344 1
67 963 1
67 165 1
68 987 2
70 214 1
70 633 1
70 534 1
70 334 1
71 595 4
73 723 1
74 586 1
74 435 1
74 948 1
74 294 1
74 166 2
75 633 1
75 334 1
77 168 3
77 912 1
77 266 1
77 232 2
78 178 3
78 862 1
78 502 1
82 628 1
86 152 1
90 188 1
90 1002 1
90 356 1
90 248 1
93 192 2
95 987 2
96 388 1
96 346 1
96 420 1
98 707 1
99 862 2
101 246 2
101 423 1
104 256 1
104 356 1
104 908 1
104 948 1
104 425 9
105 374 2
107 367 1
107 381 1
107 214 1
107 335 1
109 256 1
111 356 1
112 674 2
112 646 1
112 392 2
112 267 1
112 948 1
112 730 2
113 646 1
114 372 1
118 335 4
120 752 1
120 707 1
120 316 1
120 742 1
122 915 1
122 772 1
122 479 1
125 510 1
125 323 1
125 139 2
125 622 1
125 206 1
126 586 2
126 948 2
126 294 2
126 790 2
130 178 3
133 648 1
133 602 1
135 170 2
135 628 2
135 581 4
135 870 1
136 200 3
136 915 1
139 534 2
141 978 1
143 669 1
147 577 2
147 214 1
149 372 1
149 716 1
151 253 1
157 926 3
164 879 2
165 344 1
166 392 1
166 586 2
166 743 1
167 547 2
167 274 2
167 851 1
167 978 1
167 630 2
168 260 1
168 232 2
168 266 2
168 912 13
168 948 1
168 949 10
168 439 2
168 472 18
169 372 1
170 405 1
170 581 1
175 849 1
175 275 1
178 502 1
178 605 13
178 862 3
180 897 1
181 920 1
181 656 1
184 832 2
185 506 1
185 334 1
187 947 1
188 988 1
188 978 1
189 491 1
189 749 5
191 752 1
192 643 2
193 443 1
193 334 1
193 707 1
193 367 2
197 923 1
199 644 2
200 952 2
200 915 1
200 316 1
200 630 2
207 424 3
207 558 1
207 978 1
207 373 2
207 630 2
207 795 2
207 988 1
207 990 1
207 469 1
214 290 1
214 388 1
214 518 2
214 230 1
214 940 1
214 334 2
214 239 1
214 912 1
214 531 1
214 850 1
214 638 1
214 381 1
214 316 2
214 765 1
216 321 2
216 558 2
220 367 1
223 334 1
225 883 1
225 951 3
228 314 1
228 502 1
229 776 1
229 356 1
231 873 1
231 987 3
232 472 2
232 946 2
232 425 3
236 537 1
236 1004 1
239 713 1
239 367 1
239 951 1
245 840 5
245 987 2
245 540 1
246 724 3
246 423 1
248 980 1
248 718 2
251 482 1
251 987 2
256 912 4
260 790 2
266 439 2
267 586 4
267 891 3
274 920 1
274 469 2
280 902 1
284 584 1
284 731 1
288 610 1
288 484 2
288 629 4
288 846 4
288 391 2
289 810 1
289 381 1
293 697 2
293 724 1
294 586 2
294 500 1
299 832 1
301 978 1
301 988 1
302 316 1
306 659 1
311 987 2
311 925 1
313 472 1
313 948 1
313 730 2
313 356 4
313 946 1
314 605 1
314 599 1
316 971 1
316 428 1
316 915 4
316 952 3
316 857 4
316 543 1
316 990 1
316 351 2
318 840 1
318 332 1
322 343 1
322 334 2
322 879 2
323 534 1
324 460 1
324 591 2
327 414 1
329 819 5
332 443 1
334 776 1
334 586 2
334 687 2
334 435 1
334 692 1
334 696 1
334 923 1
334 915 2
336 926 2
337 638 2
337 663 1
338 987 2
343 534 1
343 399 1
344 373 1
347 472 2
347 933 1
349 976 2
356 868 1
356 730 3
356 912 6
356 948 2
356 602 1
356 472 10
356 765 4
360 526 1
361 987 2
367 518 1
367 720 1
367 948 1
369 535 1
371 870 1
372 934 1
372 595 1
372 404 3
376 919 1
381 643 1
381 1004 1
381 532 1
383 895 1
383 887 2
387 988 1
388 509 1
388 534 2
390 851 1
391 610 1
391 484 1
402 534 1
404 732 1
405 870 1
407 1004 1
414 891 10
414 995 2
415 946 2
415 948 2
416 425 1
416 948 2
418 996 7
420 879 2
420 559 1
421 978 1
421 988 1
422 731 3
422 613 1
423 832 2
424 978 1
424 795 1
424 988 1
424 990 1
425 912 1
425 721 1
425 946 1
425 948 2
425 765 1
428 888 1
428 857 1
428 915 11
428 953 1
433 987 2
433 796 1
433 789 1
435 880 2
435 586 4
435 782 1
437 516 1
439 912 1
439 949 4
439 730 1
443 962 1
443 550 1
443 742 2
450 572 2
458 704 1
469 988 1
469 978 1
470 789 2
472 912 4
472 946 1
472 730 1
480 506 1
480 987 2
480 828 3
481 565 1
482 987 2
499 844 2
500 586 2
500 782 1
500 814 2
502 710 4
502 749 1
502 878 1
502 976 1
503 704 1
503 723 1
503 1000 1
506 644 1
506 1001 2
506 724 1
509 832 2
509 893 1
512 978 1
516 700 1
516 532 7
516 790 2
518 799 2
518 895 2
527 720 2
530 629 6
531 987 2
534 649 1
535 913 2
540 840 4
540 641 1
540 987 2
540 925 1
545 946 2
547 817 1
547 978 1
547 988 1
547 585 1
552 978 1
561 629 1
563 741 1
573 586 1
581 742 2
582 987 2
582 764 1
582 955 1
586 782 2
586 974 2
586 984 5
586 762 1
586 885 1
589 922 1
589 887 1
591 851 2
591 915 1
593 718 1
595 716 1
601 919 11
602 648 1
602 948 1
607 617 1
614 978 1
614 988 1
628 937 1
629 915 1
630 851 3
633 707 1
638 951 2
641 987 2
641 955 1
648 721 2
648 948 1
648 885 2
648 765 5
654 991 1
659 742 3
663 706 1
667 988 1
668 720 2
668 746 3
668 935 1
687 851 2
688 898 1
697 855 1
697 925 2
698 987 2
700 790 2
703 784 1
704 743 1
707 951 1
710 832 3
711 843 1
715 926 3
716 866 1
718 724 10
720 833 1
720 935 4
720 746 1
720 813 3
721 765 3
724 1004 1
724 883 3
730 912 2
730 868 4
731 890 2
740 879 2
742 900 2
744 912 1
745 883 1
746 813 3
746 935 3
749 819 2
752 784 1
754 843 1
761 804 1
764 840 1
764 987 2
764 790 1
765 868 2
789 987 2
790 948 1
790 868 4
795 978 2
795 988 1
795 990 1
796 987 2
799 895 5
807 951 2
809 987 2
817 978 1
817 851 1
823 895 2
840 987 2
849 987 2
850 979 1
851 978 4
851 988 1
857 915 2
868 912 1
872 987 4
873 987 2
873 925 1
891 995 3
912 946 1
912 949 7
919 1000 15
925 955 1
954 978 1
954 988 1
955 987 3
957 978 1
978 988 2
987 994 2
