0
1
2
3
4
5
6
7
8
9
10
11
12
13
14
15
16
17
18
19
20
21
22
23
24
25
26
27
28
29
30
31
32
33
34
35
36
37
38
39
40
41
42
43
44
45
46
47
48
49
50
51
52
53
54
55
56
57
58
59
60
61
62
63
64
65
66
67
68
69
70
71
72
73
74
75
76
77
78
79
80
81
82
83
84
85
86
87
88
89
90
91
92
93
94
95
96
97
98
99
100
101
102
103
104
105
106
107
108
109
110
111
112
113
114
115
116
117
118
119
120
121
122
123
124
125
126
127
128
129
130
131
132
133
134
135
136
137
138
139
141
142
143
144
145
146
147
148
149
150
151
152
153
154
155
157
158
159
160
161
162
163
164
165
166
167
168
169
170
171
172
173
174
175
176
177
178
179
180
181
182
183
184
185
186
187
188
189
190
191
192
193
194
195
196
197
198
199
200
201
202
203
204
205
206
207
208
209
210
211
212
213
214
215
216
217
218
219
220
221
222
223
224
225
226
227
228
229
230
231
232
233
235
236
237
238
239
240
241
242
243
244
245
246
247
248
249
250
251
252
253
254
255
256
257
259
260
262
263
264
265
266
267
268
269
270
271
272
273
274
275
276
277
278
279
280
281
282
283
284
285
286
287
288
289
290
291
292
293
294
295
296
297
299
300
301
302
303
304
305
306
307
308
309
310
311
312
313
314
315
316
317
318
319
320
321
322
323
324
325
326
327
328
329
330
331
332
333
334
335
336
337
338
339
340
341
343
344
345
346
347
348
349
350
351
352
353
355
356
357
358
359
360
361
362
364
365
366
367
368
369
370
371
372
373
374
375
376
377
378
379
380
381
382
383
384
385
386
387
388
389
390
391
392
393
394
395
396
397
398
399
400
401
402
403
404
405
406
407
408
409
410
411
412
413
414
415
416
418
419
420
421
422
423
424
425
426
427
428
429
430
431
432
433
434
435
436
437
438
439
440
441
442
443
444
445
446
447
448
449
450
451
452
453
454
455
456
457
458
459
460
461
462
464
465
466
467
468
469
470
471
472
473
474
475
476
477
478
479
480
481
482
483
484
485
486
487
488
489
490
491
492
493
495
496
497
498
499
500
501
502
503
504
505
506
507
508
509
510
511
512
513
514
515
516
517
518
519
520
521
522
523
524
525
526
527
528
530
531
532
533
534
535
536
537
538
539
540
541
542
543
544
545
546
547
548
549
550
551
552
553
554
556
557
558
559
560
561
562
563
564
565
566
567
568
569
570
571
572
573
574
575
576
577
578
579
580
581
582
583
584
585
586
587
588
589
590
591
592
593
594
595
596
597
598
599
600
601
602
603
604
605
606
607
609
610
611
612
613
614
615
616
617
618
619
621
622
623
624
625
626
627
628
629
630
631
632
633
634
635
636
637
638
639
640
641
642
643
644
645
646
647
648
649
650
651
652
653
654
655
656
657
658
659
660
661
662
663
664
665
666
667
668
669
670
671
672
673
674
675
676
677
678
679
680
681
682
683
684
685
686
687
688
689
690
691
692
693
694
695
696
697
698
699
700
701
702
703
704
705
706
707
708
709
710
711
712
713
714
715
716
717
718
719
720
721
722
723
724
725
726
727
728
729
730
731
732
733
734
735
736
737
738
739
740
741
742
743
744
745
746
747
748
749
750
751
752
753
754
756
757
758
759
760
761
762
763
764
765
767
768
769
770
771
772
773
774
775
776
777
778
779
780
781
782
783
784
785
786
787
788
789
790
791
792
793
794
795
796
797
798
799
800
801
802
803
804
805
806
807
808
809
810
811
812
813
814
815
816
817
818
819
820
821
822
823
824
825
826
827
828
829
830
831
832
833
834
835
836
837
838
839
840
841
842
843
844
845
846
847
848
849
850
851
852
853
854
855
856
857
858
859
860
861
862
863
864
865
866
867
868
869
870
871
872
873
874
875
876
877
878
879
880
881
882
883
884
885
886
887
888
889
890
891
892
893
894
895
896
897
898
899
900
901
902
903
904
905
906
907
908
909
910
911
912
913
914
915
916
917
918
919
920
921
922
923
924
925
926
927
928
929
930
931
932
933
934
935
936
937
938
939
940
941
942
943
944
945
946
947
948
949
950
951
952
953
954
955
956
957
958
960
961
962
963
964
965
966
967
968
969
970
971
972
973
974
975
976
977
978
979
980
981
982
983
984
985
986
987
988
989
990
991
992
993
994
995
996
997
998
999
1000
1001
1002
1003
1004
0 118 1
1 106 1
2 868 1
2 283 2
2 236 2
4 720 1
4 585 2
4 135 1
5 491 1
5 175 1
13 719 1
14 506 1
16 248 1
24 280 3
24 629 3
25 844 1
25 558 1
30 168 1
30 472 1
31 165 1
32 280 1
32 569 1
35 280 1
38 832 1
40 193 1
41 723 1
41 565 1
41 758 1
45 66 2
45 227 2
45 782 1
48 704 3
48 672 1
48 956 2
48 558 4
52 868 1
56 987 1
61 522 2
61 843 3
61 278 1
61 718 4
62 646 1
62 542 3
62 159 1
65 592 1
65 609 1
65 546 1
65 147 3
65 191 2
66 227 4
66 782 1
67 344 1
67 963 1
67 165 1
75 772 4
75 607 1
77 168 3
77 439 2
79 746 43
82 720 1
82 135 1
86 152 1
90 769 1
90 900 1
90 841 2
90 306 1
90 644 1
90 927 2
91 607 1
95 585 1
98 592 1
103 514 1
103 951 1
105 774 1
106 788 1
106 828 1
106 950 1
106 1001 1
107 440 1
107 553 2
107 381 1
112 392 1
112 267 1
112 573 1
113 927 1
118 732 2
120 356 1
126 168 1
126 585 1
126 782 1
127 546 1
134 592 1
134 416 1
135 581 1
135 870 1
135 746 1
135 942 2
135 720 1
135 371 2
135 628 4
135 540 1
135 703 1
136 200 2
136 428 2
136 371 1
136 629 1
136 280 1
136 857 1
137 771 2
142 280 1
146 326 2
147 416 1
147 890 1
147 230 1
147 471 1
151 609 1
152 662 2
153 977 3
159 551 1
159 713 1
159 940 1
159 398 1
159 500 3
159 214 2
159 506 1
160 280 2
160 629 3
160 630 1
164 548 1
164 638 1
165 344 1
165 401 2
167 280 1
167 978 2
167 988 3
168 416 1
168 260 3
168 648 2
168 912 8
168 232 1
168 885 1
168 868 2
168 472 3
168 356 1
168 575 2
170 697 1
171 933 1
171 951 1
173 248 1
180 215 1
181 190 1
187 450 2
188 280 2
188 978 3
189 969 1
189 249 1
190 656 2
190 920 1
190 890 1
190 274 2
191 416 1
191 209 1
192 381 2
193 870 1
193 338 1
193 662 2
193 633 1
193 923 2
193 700 1
196 546 1
199 506 1
200 971 2
200 428 3
200 344 2
200 915 2
200 952 1
200 543 1
203 306 1
207 280 1
207 953 1
207 469 1
207 847 1
208 1004 1
208 236 4
209 356 1
214 912 2
214 230 1
216 558 1
223 343 1
223 534 1
223 879 3
231 698 1
231 540 1
231 738 1
231 863 1
233 769 1
233 746 1
233 692 2
236 537 4
236 690 1
236 790 3
245 698 1
248 450 1
248 364 2
248 783 1
248 692 1
248 921 1
248 506 2
248 670 1
249 569 1
249 506 1
250 927 3
256 416 2
260 912 1
264 454 1
267 674 1
267 891 1
274 280 1
278 609 1
280 647 2
280 526 3
280 493 1
280 656 1
280 915 2
280 408 1
280 547 2
280 561 2
280 301 1
280 817 1
280 530 3
280 953 1
280 851 2
280 990 1
280 739 1
280 360 2
280 658 2
280 920 2
280 631 2
280 891 1
290 739 1
290 614 1
293 572 1
301 978 1
305 416 5
305 912 5
306 660 1
306 742 4
311 697 1
313 416 1
316 915 5
316 428 2
318 704 1
319 558 1
327 381 4
329 624 2
332 500 1
333 569 2
334 534 1
334 607 2
335 440 1
335 532 2
337 646 1
338 987 1
338 540 1
347 933 1
347 966 2
353 891 9
356 416 1
356 743 1
356 586 3
356 602 1
356 607 2
369 823 1
369 927 1
371 720 1
372 404 1
372 595 2
372 572 2
372 415 2
377 457 2
377 522 1
378 514 1
381 1001 1
381 532 2
388 534 1
401 415 2
401 429 3
407 843 1
415 546 1
415 569 1
416 833 1
416 648 2
416 912 1
416 575 1
416 586 1
416 927 3
421 795 1
423 977 1
423 866 1
424 658 1
424 795 1
424 847 1
443 742 2
444 927 1
450 712 5
450 947 1
450 695 1
450 572 1
454 592 1
458 558 2
462 833 1
469 585 1
469 978 2
470 569 1
470 546 1
470 789 1
470 502 1
472 575 1
477 534 1
482 569 2
485 542 1
485 927 1
497 977 1
499 704 1
499 546 1
502 569 3
502 718 1
502 599 2
506 1004 1
506 783 1
506 881 1
506 724 1
506 921 4
506 796 1
506 541 1
506 605 1
510 649 1
510 534 2
513 927 1
514 832 2
514 780 1
514 950 1
515 927 2
522 718 1
522 613 1
528 739 1
530 685 1
530 690 1
530 629 9
530 630 3
530 891 1
531 987 1
532 837 1
535 927 1
540 855 1
540 697 2
540 698 1
540 987 1
542 743 2
542 927 1
546 550 1
546 614 2
546 629 1
546 927 1
547 978 1
550 684 1
550 743 1
551 927 1
561 846 2
562 638 1
565 704 1
565 723 2
565 956 1
565 679 1
568 935 6
569 599 1
569 605 1
569 862 1
572 695 1
581 720 1
585 870 1
585 695 2
586 782 1
590 686 1
591 718 1
592 713 1
592 927 3
602 912 1
602 868 2
607 609 1
607 927 1
609 617 1
609 687 1
609 923 1
609 927 1
614 858 1
628 720 1
629 633 1
629 891 16
631 846 1
643 685 4
646 927 1
650 682 1
654 682 1
672 844 1
684 704 2
685 1001 1
685 724 1
692 746 5
697 855 2
697 925 1
698 840 1
698 873 1
698 764 1
700 947 1
700 863 1
718 843 1
719 738 1
719 837 1
719 783 1
720 870 1
720 731 1
722 927 1
723 758 1
740 788 1
742 769 1
746 935 9
758 844 1
758 956 1
758 918 2
765 868 2
770 927 1
772 987 1
772 927 1
774 947 12
817 978 1
823 927 1
844 956 1
851 978 1
854 927 2
857 915 1
861 896 1
933 966 2
935 966 1
957 978 1
977 1001 2
977 1004 1
978 988 2
