0
1
2
3
4
5
6
7
8
9
10
11
12
13
14
15
16
17
18
19
20
21
22
23
24
25
26
27
28
29
30
31
32
33
34
35
36
37
38
39
40
41
42
43
44
45
46
47
48
49
50
51
52
53
54
55
56
57
58
59
60
61
62
63
64
65
66
67
68
69
70
71
72
73
74
75
76
77
78
79
80
81
82
83
84
85
86
87
88
89
90
91
92
93
94
95
96
97
98
99
100
101
102
103
104
105
106
107
108
109
110
111
112
113
114
115
116
117
118
119
120
121
122
123
124
125
126
127
128
129
130
131
132
133
134
135
136
137
138
139
141
142
143
144
145
146
147
148
149
150
151
152
153
154
155
157
158
159
160
161
162
163
164
165
166
167
168
169
170
171
172
173
174
175
176
177
178
179
180
181
182
183
184
185
186
187
188
189
190
191
192
193
194
195
196
197
198
199
200
201
202
203
204
205
206
207
208
209
210
211
212
213
214
215
216
217
218
219
220
221
222
223
224
225
226
227
228
229
230
231
232
233
235
236
237
238
239
240
241
242
243
244
245
246
247
248
249
250
251
252
253
254
255
256
257
259
260
262
263
264
265
266
267
268
269
270
271
272
273
274
275
276
277
278
279
280
281
282
283
284
285
286
287
288
289
290
291
292
293
294
295
296
297
299
300
301
302
303
304
305
306
307
308
309
310
311
312
313
314
315
316
317
318
319
320
321
322
323
324
325
326
327
328
329
330
331
332
333
334
335
336
337
338
339
340
341
343
344
345
346
347
348
349
350
351
352
353
355
356
357
358
359
360
361
362
364
365
366
367
368
369
370
371
372
373
374
375
376
377
378
379
380
381
382
383
384
385
386
387
388
389
390
391
392
393
394
395
396
397
398
399
400
401
402
403
404
405
406
407
408
409
410
411
412
413
414
415
416
418
419
420
421
422
423
424
425
426
427
428
429
430
431
432
433
434
435
436
437
438
439
440
441
442
443
444
445
446
447
448
449
450
451
452
453
454
455
456
457
458
459
460
461
462
464
465
466
467
468
469
470
471
472
473
474
475
476
477
478
479
480
481
482
483
484
485
486
487
488
489
490
491
492
493
495
496
497
498
499
500
501
502
503
504
505
506
507
508
509
510
511
512
513
514
515
516
517
518
519
520
521
522
523
524
525
526
527
528
530
531
532
533
534
535
536
537
538
539
540
541
542
543
544
545
546
547
548
549
550
551
552
553
554
556
557
558
559
560
561
562
563
564
565
566
567
568
569
570
571
572
573
574
575
576
577
578
579
580
581
582
583
584
585
586
587
588
589
590
591
592
593
594
595
596
597
598
599
600
601
602
603
604
605
606
607
609
610
611
612
613
614
615
616
617
618
619
621
622
623
624
625
626
627
628
629
630
631
632
633
634
635
636
637
638
639
640
641
642
643
644
645
646
647
648
649
650
651
652
653
654
655
656
657
658
659
660
661
662
663
664
665
666
667
668
669
670
671
672
673
674
675
676
677
678
679
680
681
682
683
684
685
686
687
688
689
690
691
692
693
694
695
696
697
698
699
700
701
702
703
704
705
706
707
708
709
710
711
712
713
714
715
716
717
718
719
720
721
722
723
724
725
726
727
728
729
730
731
732
733
734
735
736
737
738
739
740
741
742
743
744
745
746
747
748
749
750
751
752
753
754
756
757
758
759
760
761
762
763
764
765
767
768
769
770
771
772
773
774
775
776
777
778
779
780
781
782
783
784
785
786
787
788
789
790
791
792
793
794
795
796
797
798
799
800
801
802
803
804
805
806
807
808
809
810
811
812
813
814
815
816
817
818
819
820
821
822
823
824
825
826
827
828
829
830
831
832
833
834
835
836
837
838
839
840
841
842
843
844
845
846
847
848
849
850
851
852
853
854
855
856
857
858
859
860
861
862
863
864
865
866
867
868
869
870
871
872
873
874
875
876
877
878
879
880
881
882
883
884
885
886
887
888
889
890
891
892
893
894
895
896
897
898
899
900
901
902
903
904
905
906
907
908
909
910
911
912
913
914
915
916
917
918
919
920
921
922
923
924
925
926
927
928
929
930
931
932
933
934
935
936
937
938
939
940
941
942
943
944
945
946
947
948
949
950
951
952
953
954
955
956
957
958
960
961
962
963
964
965
966
967
968
969
970
971
972
973
974
975
976
977
978
979
980
981
982
983
984
985
986
987
988
989
990
991
992
993
994
995
996
997
998
999
1000
1001
1002
1003
1004
0 6 1
0 228 1
0 502 1
0 710 1
0 295 1
0 599 1
0 333 1
0 78 1
0 976 1
0 178 1
0 693 4
0 470 1
0 409 1
0 249 1
0 538 1
0 767 1
0 605 1
0 862 1
0 991 1
1 46 1
2 231 3
2 908 1
2 526 2
2 178 1
2 790 1
2 377 1
2 991 1
4 771 2
5 670 1
6 189 1
6 670 1
6 693 1
12 720 2
13 738 2
14 410 1
14 738 1
15 680 3
15 731 4
15 422 2
16 410 2
16 1004 1
16 541 4
17 857 1
17 915 1
17 316 3
17 165 1
24 160 3
24 547 1
24 200 1
24 143 2
24 629 12
24 280 1
25 458 3
29 808 1
29 1004 1
29 333 1
29 335 1
30 356 1
30 908 2
30 912 1
30 209 1
30 313 2
30 765 4
31 915 4
31 316 3
31 165 14
31 990 6
32 61 1
32 118 2
35 207 1
39 923 1
40 802 1
40 596 1
40 159 2
41 73 1
41 723 1
41 758 1
45 227 6
46 622 1
48 458 3
48 684 1
48 277 1
48 319 1
50 559 2
52 168 2
52 602 1
52 356 4
53 633 1
53 923 2
56 410 1
56 90 1
61 483 4
61 229 3
61 522 6
61 718 14
61 591 6
61 243 3
61 181 1
61 696 2
61 991 9
61 687 1
61 607 6
62 214 2
62 542 12
62 646 4
64 534 1
65 334 1
66 227 14
67 963 17
67 165 7
67 846 5
67 207 7
67 561 3
67 344 4
68 176 1
72 159 3
72 581 2
72 135 11
73 458 1
74 782 2
74 356 3
74 126 1
74 166 7
75 220 2
75 522 1
75 191 1
75 772 2
75 633 2
77 912 1
77 168 8
77 266 1
77 260 1
78 731 1
78 693 1
82 628 3
82 870 1
83 784 1
83 697 1
84 97 2
84 534 1
86 443 4
86 662 1
87 160 1
90 193 1
90 283 1
90 742 4
90 167 1
90 200 1
90 647 1
90 428 2
90 915 2
90 787 3
90 629 1
90 506 1
90 923 1
90 316 3
90 381 1
91 499 1
91 502 1
92 915 4
92 316 2
96 420 1
98 707 2
98 454 7
98 134 1
98 713 2
98 268 2
98 429 1
98 592 3
98 401 3
101 175 1
101 246 1
101 423 2
103 832 2
103 514 2
103 164 2
103 423 3
103 780 2
103 950 2
104 313 1
104 908 10
105 233 2
105 582 1
105 374 2
106 788 1
107 320 1
107 980 1
107 810 2
107 643 1
107 236 3
111 586 3
111 332 1
111 765 2
111 885 1
112 392 1
112 803 1
112 674 2
112 267 4
114 189 4
117 268 2
118 178 2
118 732 1
118 335 7
119 700 1
120 609 1
120 772 2
120 454 2
120 752 1
120 500 1
120 196 1
120 923 1
120 191 1
122 857 1
122 410 1
122 693 1
125 174 2
125 622 1
126 260 2
126 166 3
126 782 2
126 602 1
126 700 2
126 586 1
127 883 1
127 843 2
127 916 1
127 718 6
127 159 1
133 416 2
133 648 1
133 168 1
134 592 6
134 291 1
134 268 2
134 454 3
135 292 1
135 581 22
135 870 4
135 337 1
135 936 1
135 170 3
135 942 2
135 176 1
135 371 5
135 692 4
135 628 3
136 200 4
136 658 1
136 915 3
136 316 3
137 936 1
139 832 1
139 513 1
141 241 2
141 188 5
141 789 1
141 469 1
142 915 3
142 316 5
142 629 1
143 629 1
147 577 1
147 196 2
147 277 2
147 686 2
147 933 2
149 718 4
150 617 1
150 415 3
153 410 1
157 356 1
157 166 2
157 776 3
157 586 1
157 684 1
157 686 1
157 530 1
157 462 1
157 347 4
157 926 1
157 671 2
159 704 2
159 290 1
159 900 2
159 278 1
159 742 9
159 940 2
159 306 1
159 239 1
159 978 4
159 724 2
159 798 1
159 214 3
159 607 2
159 923 1
159 220 1
159 189 2
159 542 2
160 530 4
160 493 1
160 280 1
160 658 2
160 629 2
160 891 1
165 401 13
165 915 2
165 629 1
165 344 6
165 857 1
165 858 1
165 316 13
165 990 3
166 586 3
166 356 1
167 851 1
167 978 1
167 214 1
168 260 8
168 266 6
168 782 1
168 912 9
168 730 2
168 557 1
168 305 1
168 949 2
168 439 1
168 209 2
168 472 5
168 868 3
168 602 1
168 607 1
168 356 6
168 232 7
168 362 5
168 369 2
168 765 1
169 372 1
170 720 2
171 590 1
173 738 1
173 506 2
173 541 2
175 737 1
175 423 1
175 849 7
175 275 8
175 246 1
175 410 1
176 769 1
176 482 1
176 995 1
176 836 1
176 581 1
176 329 1
176 746 1
176 588 1
176 692 1
176 245 1
176 855 1
176 641 1
176 764 1
178 333 2
178 334 2
178 502 6
178 599 3
181 696 1
184 875 1
184 779 2
185 833 1
185 987 1
186 256 2
186 648 1
186 267 2
186 517 1
188 658 1
188 978 2
188 851 1
188 630 2
188 988 3
189 1004 2
189 716 1
189 904 1
189 236 6
189 652 1
189 365 1
189 718 6
189 977 1
189 595 1
189 883 1
189 470 1
189 201 1
189 249 1
189 410 2
189 670 1
190 920 1
190 353 1
190 274 1
190 951 3
191 253 2
191 415 3
193 500 1
193 546 3
193 707 2
193 923 2
194 951 3
195 410 1
196 850 1
196 429 1
196 454 2
197 850 1
199 506 1
199 738 1
200 952 5
200 915 8
200 316 4
207 424 8
207 558 1
207 469 1
207 795 6
208 977 2
208 236 1
209 868 1
209 356 10
209 765 1
214 290 4
214 963 1
214 612 1
214 233 2
214 687 2
214 912 1
214 278 1
214 923 3
214 671 2
216 458 2
216 758 1
216 558 1
220 471 1
223 853 1
223 462 1
223 510 1
223 343 2
227 966 1
228 605 7
228 502 3
228 693 2
229 306 1
229 742 4
229 607 4
230 633 1
231 873 15
231 738 1
231 502 1
231 698 4
231 607 1
232 356 1
232 782 2
232 472 1
232 260 2
232 575 1
233 329 1
233 692 6
233 245 2
233 540 3
235 923 1
236 1004 5
236 980 4
236 506 1
239 923 1
239 663 1
241 547 1
241 645 1
241 817 1
241 630 2
241 795 1
241 957 1
243 729 1
245 698 4
245 540 1
246 724 1
246 423 4
248 462 1
249 693 1
250 886 4
251 410 1
256 416 4
256 356 1
256 517 1
256 294 1
256 648 2
256 267 2
256 313 3
256 478 1
257 268 1
260 356 1
260 266 1
260 912 2
260 949 2
260 790 2
260 602 1
266 912 1
267 517 2
267 614 1
267 647 2
267 648 1
267 586 16
267 700 2
267 478 1
268 291 2
268 454 3
268 713 2
268 683 1
268 592 4
268 633 2
270 738 1
272 596 2
272 662 1
274 920 1
274 658 1
274 614 1
275 849 5
275 737 1
275 316 3
277 686 1
278 462 1
280 739 1
280 846 1
280 360 2
280 658 1
280 685 1
280 526 1
280 493 1
280 561 1
280 530 1
280 629 4
280 630 1
280 631 1
280 891 1
281 586 4
284 422 1
291 401 3
291 454 7
291 429 1
293 724 4
294 416 1
294 586 3
294 817 1
294 313 1
295 693 1
299 483 1
299 559 2
301 547 1
302 915 1
302 316 3
305 912 2
306 742 6
306 776 2
306 659 5
306 915 1
310 586 1
311 329 1
311 955 2
311 540 2
311 925 1
313 416 3
313 765 4
316 647 3
316 415 2
316 428 7
316 392 1
316 952 3
316 953 2
316 543 3
316 971 3
316 344 2
316 857 4
316 990 3
316 915 5
318 684 2
318 758 1
319 458 2
322 343 1
322 780 1
322 879 1
323 534 1
327 738 1
327 381 3
329 832 2
332 586 3
332 575 1
332 500 3
332 782 2
333 693 1
334 772 2
334 776 1
334 617 1
334 586 1
334 462 2
334 383 1
334 607 1
335 670 2
337 586 1
341 915 1
344 915 1
344 838 1
347 966 1
356 776 9
356 912 3
356 530 6
356 915 7
356 671 5
356 416 1
356 684 4
356 586 8
356 450 2
356 730 7
356 462 1
356 472 13
356 602 2
356 607 4
356 868 2
356 742 4
356 765 17
360 630 1
362 609 1
362 618 1
362 383 2
362 695 1
369 444 1
369 646 1
369 535 2
372 404 1
377 866 3
377 422 1
377 423 3
377 586 2
377 883 1
377 729 4
381 643 2
381 670 2
383 720 12
383 940 1
383 732 2
388 832 1
388 638 1
388 565 3
388 534 2
392 803 1
397 671 1
397 975 1
401 454 11
401 683 1
401 429 6
401 415 7
402 559 2
409 693 1
410 896 2
410 777 1
410 650 2
410 663 3
410 924 2
410 541 1
410 433 1
410 832 1
410 837 1
410 969 2
410 994 1
410 719 1
410 977 2
410 482 1
410 1001 1
410 638 1
413 935 2
415 416 1
415 833 1
415 607 2
416 648 3
416 586 4
416 607 4
416 927 4
416 868 1
418 977 2
418 996 10
420 559 2
421 424 11
421 795 6
422 613 1
422 680 1
422 658 1
422 696 2
422 731 2
423 866 5
423 977 6
424 978 1
424 629 2
424 795 10
424 990 3
427 955 2
428 857 1
428 915 12
428 838 2
429 454 10
432 433 2
433 881 3
433 738 4
433 987 3
435 782 2
437 738 1
443 908 1
443 662 1
444 823 1
444 535 2
445 891 1
447 586 4
450 802 4
450 742 4
450 776 10
450 586 2
450 684 1
450 462 1
450 530 3
450 915 7
450 695 1
450 568 1
450 671 5
454 772 3
454 713 2
454 587 1
454 592 12
458 672 1
458 704 1
458 577 1
458 618 1
458 684 1
458 558 2
458 723 1
458 758 1
458 956 2
459 517 1
462 783 1
462 718 1
462 607 3
462 517 1
462 742 2
462 743 1
462 617 1
462 687 1
462 851 1
462 692 1
462 670 1
462 591 1
462 923 1
462 542 1
466 568 1
470 693 1
471 987 1
472 782 11
472 743 1
476 923 1
482 531 2
485 513 1
485 542 3
485 646 1
493 530 2
493 685 3
493 629 3
497 773 1
499 684 5
499 918 1
499 607 1
500 550 1
500 586 2
500 814 2
502 532 1
502 693 1
502 607 2
506 738 1
506 775 1
506 783 1
506 688 1
506 724 3
506 670 3
510 534 1
513 646 1
516 738 1
517 742 1
517 776 5
517 684 1
517 530 1
517 915 4
517 952 1
517 923 1
517 671 1
528 609 1
530 742 5
530 776 11
530 586 6
530 684 4
530 765 1
530 915 10
530 629 18
530 630 4
530 891 11
530 671 6
531 641 1
531 987 3
532 738 1
532 828 1
534 676 1
534 607 1
538 693 1
540 641 1
540 955 4
540 773 2
540 855 2
540 697 5
540 698 6
540 987 1
540 925 2
541 738 2
541 644 1
541 996 1
541 702 2
542 684 2
542 890 1
542 923 1
542 607 3
543 915 2
546 607 1
547 585 1
547 978 2
547 658 1
551 646 1
552 978 2
552 901 1
557 912 1
559 622 6
559 634 1
561 658 1
565 844 1
569 607 2
573 586 6
576 738 1
577 686 2
581 936 1
581 855 1
582 840 1
582 764 1
582 686 1
586 776 12
586 782 1
586 915 7
586 671 5
586 684 4
586 687 2
586 984 1
586 868 2
586 742 4
586 617 3
586 762 1
587 720 10
591 776 1
591 718 2
591 923 1
591 607 3
592 713 2
592 927 3
596 662 3
599 693 1
602 743 1
605 789 2
605 693 5
607 742 2
607 915 3
607 696 4
607 927 2
609 772 2
612 740 1
614 851 6
614 978 1
617 687 1
617 720 1
622 676 1
628 720 1
629 739 1
629 647 1
629 658 2
629 630 2
629 953 2
629 891 4
629 990 1
633 923 1
638 700 1
638 951 1
644 738 1
644 702 4
647 915 4
648 765 1
650 738 3
650 682 2
650 654 1
650 783 1
650 686 2
654 682 2
654 738 4
654 991 3
657 738 1
658 990 1
659 742 1
662 900 1
663 950 3
670 808 1
671 684 4
671 765 1
671 915 10
671 891 1
672 844 6
680 720 3
682 738 4
682 783 2
684 742 3
684 776 12
684 687 1
684 915 6
684 923 1
685 1001 3
685 724 2
685 838 1
687 776 1
687 923 2
692 775 1
693 710 1
693 976 1
693 767 1
693 862 1
693 991 1
696 731 1
696 991 1
697 771 1
697 925 3
697 855 5
698 840 4
698 873 4
698 764 4
700 838 2
700 881 3
700 908 1
700 849 1
700 956 2
702 745 3
702 738 1
703 771 3
704 743 2
707 880 1
707 923 1
707 951 2
710 767 2
711 718 1
715 926 1
718 754 1
718 980 1
719 921 1
719 837 1
719 738 2
720 833 1
720 855 2
723 758 1
724 1001 2
724 951 3
737 849 2
738 783 5
738 921 2
738 923 4
738 924 1
738 945 1
738 828 2
738 837 2
738 850 1
738 979 1
738 996 1
738 745 2
738 881 1
738 1001 1
738 761 1
739 915 1
740 788 2
742 769 1
742 891 1
742 765 1
742 915 9
742 900 1
743 908 1
758 918 3
758 956 1
762 908 1
765 908 4
765 776 3
765 915 4
772 923 2
773 955 2
774 947 40
776 915 14
776 891 3
790 956 1
790 812 2
796 977 1
819 887 2
828 837 2
833 987 1
840 987 1
844 956 1
849 987 1
851 978 3
857 915 5
858 991 4
863 994 1
868 912 1
875 923 1
880 923 1
890 923 1
890 987 1
891 915 4
891 920 1
915 923 2
915 952 1
915 953 1
915 971 1
915 990 1
923 951 1
925 955 1
933 966 4
935 966 2
955 987 1
957 978 1
969 977 1
977 1001 8
977 1004 3
978 988 1
