0
1
2
3
4
5
6
7
8
9
10
11
12
13
14
15
16
17
18
19
20
21
22
23
24
25
26
27
28
29
30
31
32
33
34
35
36
37
38
39
40
41
42
43
44
45
46
47
48
49
50
51
52
53
54
55
56
57
58
59
60
61
62
63
64
65
66
67
68
69
70
71
72
73
74
75
76
77
78
79
80
81
82
83
84
85
86
87
88
89
90
91
92
93
94
95
96
97
98
99
100
101
102
103
104
105
106
107
108
109
110
111
112
113
114
115
116
117
118
119
120
121
122
123
124
125
126
127
128
129
130
131
132
133
134
135
136
137
138
139
141
142
143
144
145
146
147
148
149
150
151
152
153
154
155
157
158
159
160
161
162
163
164
165
166
167
168
169
170
171
172
173
174
175
176
177
178
179
180
181
182
183
184
185
186
187
188
189
190
191
192
193
194
195
196
197
198
199
200
201
202
203
204
205
206
207
208
209
210
211
212
213
214
215
216
217
218
219
220
221
222
223
224
225
226
227
228
229
230
231
232
233
235
236
237
238
239
240
241
242
243
244
245
246
247
248
249
250
251
252
253
254
255
256
257
259
260
262
263
264
265
266
267
268
269
270
271
272
273
274
275
276
277
278
279
280
281
282
283
284
285
286
287
288
289
290
291
292
293
294
295
296
297
299
300
301
302
303
304
305
306
307
308
309
310
311
312
313
314
315
316
317
318
319
320
321
322
323
324
325
326
327
328
329
330
331
332
333
334
335
336
337
338
339
340
341
343
344
345
346
347
348
349
350
351
352
353
355
356
357
358
359
360
361
362
364
365
366
367
368
369
370
371
372
373
374
375
376
377
378
379
380
381
382
383
384
385
386
387
388
389
390
391
392
393
394
395
396
397
398
399
400
401
402
403
404
405
406
407
408
409
410
411
412
413
414
415
416
418
419
420
421
422
423
424
425
426
427
428
429
430
431
432
433
434
435
436
437
438
439
440
441
442
443
444
445
446
447
448
449
450
451
452
453
454
455
456
457
458
459
460
461
462
464
465
466
467
468
469
470
471
472
473
474
475
476
477
478
479
480
481
482
483
484
485
486
487
488
489
490
491
492
493
495
496
497
498
499
500
501
502
503
504
505
506
507
508
509
510
511
512
513
514
515
516
517
518
519
520
521
522
523
524
525
526
527
528
530
531
532
533
534
535
536
537
538
539
540
541
542
543
544
545
546
547
548
549
550
551
552
553
554
556
557
558
559
560
561
562
563
564
565
566
567
568
569
570
571
572
573
574
575
576
577
578
579
580
581
582
583
584
585
586
587
588
589
590
591
592
593
594
595
596
597
598
599
600
601
602
603
604
605
606
607
609
610
611
612
613
614
615
616
617
618
619
621
622
623
624
625
626
627
628
629
630
631
632
633
634
635
636
637
638
639
640
641
642
643
644
645
646
647
648
649
650
651
652
653
654
655
656
657
658
659
660
661
662
663
664
665
666
667
668
669
670
671
672
673
674
675
676
677
678
679
680
681
682
683
684
685
686
687
688
689
690
691
692
693
694
695
696
697
698
699
700
701
702
703
704
705
706
707
708
709
710
711
712
713
714
715
716
717
718
719
720
721
722
723
724
725
726
727
728
729
730
731
732
733
734
735
736
737
738
739
740
741
742
743
744
745
746
747
748
749
750
751
752
753
754
756
757
758
759
760
761
762
763
764
765
767
768
769
770
771
772
773
774
775
776
777
778
779
780
781
782
783
784
785
786
787
788
789
790
791
792
793
794
795
796
797
798
799
800
801
802
803
804
805
806
807
808
809
810
811
812
813
814
815
816
817
818
819
820
821
822
823
824
825
826
827
828
829
830
831
832
833
834
835
836
837
838
839
840
841
842
843
844
845
846
847
848
849
850
851
852
853
854
855
856
857
858
859
860
861
862
863
864
865
866
867
868
869
870
871
872
873
874
875
876
877
878
879
880
881
882
883
884
885
886
887
888
889
890
891
892
893
894
895
896
897
898
899
900
901
902
903
904
905
906
907
908
909
910
911
912
913
914
915
916
917
918
919
920
921
922
923
924
925
926
927
928
929
930
931
932
933
934
935
936
937
938
939
940
941
942
943
944
945
946
947
948
949
950
951
952
953
954
955
956
957
958
960
961
962
963
964
965
966
967
968
969
970
971
972
973
974
975
976
977
978
979
980
981
982
983
984
985
986
987
988
989
990
991
992
993
994
995
996
997
998
999
1000
1001
1002
1003
1004
0 732 1
0 605 1
0 502 1
1 309 2
2 77 1
2 790 2
4 371 1
5 175 1
6 178 1
12 680 1
13 516 1
14 738 1
14 327 2
16 777 1
16 506 1
16 541 1
17 92 1
17 428 1
24 280 1
24 891 3
25 48 1
30 104 1
30 912 1
30 908 1
31 428 1
31 165 13
32 280 1
32 337 1
32 791 2
35 280 1
35 851 1
40 90 1
41 679 1
42 322 1
48 458 1
48 558 1
48 216 1
48 956 1
48 319 1
52 912 1
52 168 1
52 416 1
52 166 1
58 909 1
61 272 1
61 546 1
61 662 1
62 912 1
62 168 1
62 770 1
62 356 1
62 472 2
67 963 1
67 165 5
67 846 1
67 207 1
67 561 1
67 344 1
75 772 1
75 997 3
75 191 1
75 334 1
75 91 1
75 220 1
75 607 1
77 260 7
77 168 7
77 266 19
77 912 2
77 949 6
77 575 5
85 844 1
86 483 1
90 900 1
90 742 5
90 135 3
90 650 1
90 850 1
96 299 1
98 592 2
98 401 8
98 268 1
98 429 1
101 377 1
103 514 1
103 780 1
103 950 1
103 303 1
104 765 1
105 418 3
106 510 1
107 381 1
111 762 1
111 586 2
111 557 1
111 573 1
112 267 1
112 166 1
113 927 1
116 159 1
117 268 1
119 812 1
120 454 1
120 927 1
122 428 3
125 622 1
133 648 3
134 592 2
134 850 1
134 268 1
134 454 3
135 920 1
135 233 7
135 450 6
135 581 8
136 200 1
136 915 3
137 936 2
137 742 2
139 322 1
142 280 1
147 159 4
149 293 1
152 362 2
152 443 3
152 742 1
157 462 1
159 290 1
159 742 3
159 915 1
159 334 1
159 787 4
159 214 2
159 633 1
159 220 1
164 322 1
164 638 1
165 401 9
165 344 2
165 316 2
165 990 2
166 290 2
166 586 1
167 851 3
167 502 1
168 260 6
168 232 4
168 266 7
168 912 8
168 949 4
168 472 1
168 575 1
173 506 1
175 849 5
175 275 6
175 670 1
175 737 2
178 693 3
178 502 3
178 333 8
184 710 1
188 280 1
188 528 1
189 977 3
191 927 1
191 692 1
191 415 5
193 338 1
196 268 1
199 506 3
199 644 5
200 857 1
200 915 6
200 428 4
207 424 1
214 865 1
214 290 1
214 742 1
214 321 3
214 623 1
214 951 2
216 321 3
223 462 1
223 343 1
228 605 4
229 306 1
229 628 1
229 607 2
231 840 1
231 994 1
231 783 1
231 245 2
231 607 4
232 575 1
233 450 4
233 540 1
233 245 1
236 977 1
239 857 1
241 280 1
245 764 1
245 264 1
245 329 1
245 624 1
245 540 7
246 377 1
246 724 1
248 506 1
248 462 1
249 605 1
250 927 1
256 313 2
260 266 8
260 949 4
264 540 2
266 557 1
266 912 1
266 949 6
266 575 6
267 629 2
268 291 2
268 454 1
268 713 1
268 592 3
268 401 1
268 633 1
272 450 2
272 742 1
273 951 1
275 849 5
275 327 1
277 935 1
280 647 1
280 526 1
280 656 1
280 530 1
280 915 1
280 920 1
280 421 1
280 422 1
280 561 1
280 978 2
280 547 1
280 990 1
280 360 1
280 851 1
280 631 1
280 891 2
284 680 1
291 401 6
291 429 1
294 586 2
299 607 1
301 493 1
306 660 1
306 742 6
316 915 2
319 1002 3
321 704 2
321 618 1
321 684 2
321 499 2
321 565 1
322 649 1
322 879 1
322 534 1
322 663 1
322 509 1
322 638 2
327 657 1
327 381 4
332 586 1
333 506 1
333 605 2
334 607 4
334 923 2
334 534 1
335 537 1
335 790 2
335 839 1
338 994 1
341 915 1
347 933 2
347 966 1
353 891 3
356 912 1
356 602 1
362 421 1
362 383 1
364 506 1
364 582 1
369 535 1
369 927 1
371 951 1
372 404 1
377 729 3
377 457 1
379 568 1
383 720 1
388 687 1
388 607 1
392 674 2
398 712 2
401 454 7
401 683 1
401 429 8
401 415 8
415 416 1
415 978 2
416 602 2
416 439 1
416 586 3
418 977 12
423 832 2
424 795 1
424 990 1
428 915 8
428 857 1
429 925 2
429 454 7
433 987 3
435 586 3
435 500 1
435 782 2
439 912 2
439 949 2
444 927 1
445 891 1
450 742 4
450 462 2
450 851 2
450 602 1
454 592 3
462 517 1
462 742 1
462 718 1
462 783 1
462 851 2
462 670 1
462 591 1
462 542 1
470 605 1
471 865 1
472 912 3
479 904 1
483 607 1
485 823 1
485 927 1
488 568 2
493 891 1
493 978 1
493 795 2
493 629 1
497 977 1
499 684 1
500 586 1
500 607 2
502 605 1
502 862 1
506 644 9
506 783 1
506 688 1
506 921 1
506 996 3
506 541 3
506 670 1
513 927 1
516 783 1
530 629 3
534 591 2
534 822 1
534 920 1
534 607 4
535 927 1
540 840 3
540 624 1
540 955 2
540 764 1
541 576 1
541 644 1
542 823 1
542 927 2
546 873 1
546 771 1
546 857 1
550 703 2
551 927 1
557 586 1
561 629 1
561 846 2
565 684 1
568 947 1
575 782 2
575 949 2
586 762 1
586 607 2
587 720 2
592 927 5
595 934 1
602 908 1
602 743 2
605 710 1
605 789 1
605 862 1
607 1001 1
607 687 1
622 676 1
629 891 1
630 920 3
630 779 1
644 996 4
644 702 1
646 927 1
654 738 1
659 742 1
661 812 1
670 808 1
672 758 1
679 684 1
680 720 3
680 707 1
684 704 1
684 844 1
684 918 2
687 951 1
700 890 1
703 771 1
718 980 3
719 738 1
720 855 2
722 927 1
737 849 5
739 915 1
742 900 1
742 920 1
742 915 4
746 935 8
752 775 3
752 927 1
761 881 1
761 924 1
761 837 1
765 908 1
770 927 1
774 947 15
782 790 5
790 812 6
812 935 1
823 927 1
837 881 2
837 924 2
851 920 1
851 978 3
851 915 1
854 927 1
857 915 2
881 924 2
890 923 1
912 949 2
925 987 1
977 1004 4
977 1001 2
978 988 1
