0
1
2
3
4
5
6
7
8
9
10
11
12
13
14
15
16
17
18
19
20
21
22
23
24
25
26
27
28
29
30
31
32
33
34
35
36
37
38
39
40
41
42
43
44
45
46
47
48
49
50
51
52
53
54
55
56
57
58
59
60
61
62
63
64
65
66
67
68
69
70
71
72
73
74
75
76
77
78
79
80
81
82
83
84
85
86
87
88
89
90
91
92
93
94
95
96
97
98
99
100
101
102
103
104
105
106
107
108
109
110
111
112
113
114
115
116
117
118
119
120
121
122
123
124
125
126
127
128
129
130
131
132
133
134
135
136
137
138
139
141
142
143
144
145
146
147
148
149
150
151
152
153
154
155
157
158
159
160
161
162
163
164
165
166
167
168
169
170
171
172
173
174
175
176
177
178
179
180
181
182
183
184
185
186
187
188
189
190
191
192
193
194
195
196
197
198
199
200
201
202
203
204
205
206
207
208
209
210
211
212
213
214
215
216
217
218
219
220
221
222
223
224
225
226
227
228
229
230
231
232
233
235
236
237
238
239
240
241
242
243
244
245
246
247
248
249
250
251
252
253
254
255
256
257
259
260
262
263
264
265
266
267
268
269
270
271
272
273
274
275
276
277
278
279
280
281
282
283
284
285
286
287
288
289
290
291
292
293
294
295
296
297
299
300
301
302
303
304
305
306
307
308
309
310
311
312
313
314
315
316
317
318
319
320
321
322
323
324
325
326
327
328
329
330
331
332
333
334
335
336
337
338
339
340
341
343
344
345
346
347
348
349
350
351
352
353
355
356
357
358
359
360
361
362
364
365
366
367
368
369
370
371
372
373
374
375
376
377
378
379
380
381
382
383
384
385
386
387
388
389
390
391
392
393
394
395
396
397
398
399
400
401
402
403
404
405
406
407
408
409
410
411
412
413
414
415
416
418
419
420
421
422
423
424
425
426
427
428
429
430
431
432
433
434
435
436
437
438
439
440
441
442
443
444
445
446
447
448
449
450
451
452
453
454
455
456
457
458
459
460
461
462
464
465
466
467
468
469
470
471
472
473
474
475
476
477
478
479
480
481
482
483
484
485
486
487
488
489
490
491
492
493
495
496
497
498
499
500
501
502
503
504
505
506
507
508
509
510
511
512
513
514
515
516
517
518
519
520
521
522
523
524
525
526
527
528
530
531
532
533
534
535
536
537
538
539
540
541
542
543
544
545
546
547
548
549
550
551
552
553
554
556
557
558
559
560
561
562
563
564
565
566
567
568
569
570
571
572
573
574
575
576
577
578
579
580
581
582
583
584
585
586
587
588
589
590
591
592
593
594
595
596
597
598
599
600
601
602
603
604
605
606
607
609
610
611
612
613
614
615
616
617
618
619
621
622
623
624
625
626
627
628
629
630
631
632
633
634
635
636
637
638
639
640
641
642
643
644
645
646
647
648
649
650
651
652
653
654
655
656
657
658
659
660
661
662
663
664
665
666
667
668
669
670
671
672
673
674
675
676
677
678
679
680
681
682
683
684
685
686
687
688
689
690
691
692
693
694
695
696
697
698
699
700
701
702
703
704
705
706
707
708
709
710
711
712
713
714
715
716
717
718
719
720
721
722
723
724
725
726
727
728
729
730
731
732
733
734
735
736
737
738
739
740
741
742
743
744
745
746
747
748
749
750
751
752
753
754
756
757
758
759
760
761
762
763
764
765
767
768
769
770
771
772
773
774
775
776
777
778
779
780
781
782
783
784
785
786
787
788
789
790
791
792
793
794
795
796
797
798
799
800
801
802
803
804
805
806
807
808
809
810
811
812
813
814
815
816
817
818
819
820
821
822
823
824
825
826
827
828
829
830
831
832
833
834
835
836
837
838
839
840
841
842
843
844
845
846
847
848
849
850
851
852
853
854
855
856
857
858
859
860
861
862
863
864
865
866
867
868
869
870
871
872
873
874
875
876
877
878
879
880
881
882
883
884
885
886
887
888
889
890
891
892
893
894
895
896
897
898
899
900
901
902
903
904
905
906
907
908
909
910
911
912
913
914
915
916
917
918
919
920
921
922
923
924
925
926
927
928
929
930
931
932
933
934
935
936
937
938
939
940
941
942
943
944
945
946
947
948
949
950
951
952
953
954
955
956
957
958
960
961
962
963
964
965
966
967
968
969
970
971
972
973
974
975
976
977
978
979
980
981
982
983
984
985
986
987
988
989
990
991
992
993
994
995
996
997
998
999
1000
1001
1002
1003
1004
0 249 1
0 178 4
2 267 1
2 500 2
2 166 2
2 790 4
2 142 1
4 771 2
4 135 3
4 530 1
4 293 1
4 170 1
4 428 1
4 441 4
4 607 1
4 187 1
4 450 1
4 581 1
4 82 1
4 851 1
4 862 1
4 863 1
4 993 1
4 742 1
4 870 2
4 231 2
4 371 1
4 628 1
4 502 1
5 553 1
5 29 1
5 670 1
6 609 1
6 178 2
8 544 1
8 414 1
13 609 1
13 738 1
13 693 1
13 14 2
13 506 1
14 738 1
14 90 1
14 468 2
14 506 7
14 924 4
14 410 2
16 410 1
16 506 1
17 857 1
17 915 2
17 971 2
19 333 3
24 280 2
24 530 1
24 891 7
24 629 8
24 647 3
25 48 3
25 458 1
25 844 2
28 987 1
29 808 1
29 236 1
30 936 8
30 313 1
30 765 9
30 743 4
31 915 1
31 428 1
31 165 4
31 990 2
31 971 1
32 506 2
32 862 1
32 534 3
32 791 3
35 817 2
35 547 1
35 469 3
35 207 4
38 337 2
40 609 2
40 802 1
40 695 1
41 723 9
41 758 1
45 66 1
46 310 2
46 399 1
48 458 4
48 558 5
48 216 5
48 956 4
48 319 3
50 402 1
50 559 7
52 313 1
52 868 2
52 765 1
53 923 1
53 78 1
56 987 1
58 120 1
58 909 6
61 522 2
61 742 2
61 718 2
61 517 1
62 646 2
67 963 7
67 165 5
67 846 4
67 207 2
67 561 1
67 344 4
68 987 1
70 609 2
70 534 1
73 723 1
73 758 1
74 416 1
74 674 1
74 133 2
74 166 9
74 586 3
74 782 2
74 912 1
74 313 1
75 120 3
75 948 1
75 416 1
75 220 1
76 410 1
77 912 1
78 178 2
83 784 1
83 697 1
83 306 1
83 771 3
84 324 1
86 443 1
86 317 3
90 506 2
90 644 2
90 808 1
90 233 3
90 107 1
90 910 2
90 850 5
90 468 2
90 854 4
90 1001 2
90 920 1
90 890 5
90 191 1
90 765 1
90 190 2
90 789 1
91 416 1
92 971 1
92 990 2
95 987 1
96 420 1
98 592 4
98 401 1
101 246 4
101 423 3
103 977 2
103 943 2
103 310 4
103 423 3
104 648 2
104 721 1
104 765 6
104 790 1
105 418 2
107 609 1
107 214 1
107 175 1
107 468 1
107 118 1
107 335 4
107 381 3
110 166 1
111 586 3
111 573 2
112 416 1
112 674 9
112 166 2
112 267 6
112 948 2
112 280 1
113 250 1
114 506 2
118 732 2
118 532 2
118 670 2
120 609 1
120 454 1
120 948 1
120 923 1
120 926 2
120 191 1
122 738 1
122 410 1
126 356 3
126 232 2
126 586 4
126 782 6
126 500 2
126 790 10
126 700 1
127 149 1
134 592 4
134 738 1
135 549 1
135 742 2
135 137 2
135 942 3
135 337 6
135 371 1
135 692 1
135 248 3
135 628 4
135 700 2
136 200 2
136 971 1
136 990 2
141 512 2
142 971 1
142 267 3
142 428 6
142 143 2
142 274 2
142 915 9
142 214 3
142 316 1
142 990 2
143 422 2
144 544 1
147 577 1
147 931 1
147 933 2
147 230 1
147 171 2
147 972 1
147 590 1
147 355 1
147 277 1
147 890 1
147 347 1
147 285 1
147 926 1
147 686 1
150 322 1
150 415 1
151 253 2
151 278 1
153 432 1
153 410 1
157 933 1
158 506 1
159 915 2
159 214 1
160 629 2
164 337 3
164 223 1
165 971 1
165 428 1
165 207 1
165 401 3
165 344 5
165 990 2
166 586 1
166 383 2
167 656 1
167 274 1
167 469 4
168 416 2
168 260 2
168 294 2
168 966 2
168 232 8
168 648 1
168 556 1
168 782 1
168 912 21
168 209 1
168 586 2
168 949 8
168 790 5
168 439 3
168 472 20
168 356 3
168 313 1
168 868 3
169 595 1
170 697 1
171 590 1
171 926 1
171 933 2
173 506 4
173 428 5
173 738 1
175 737 1
175 423 1
175 335 5
175 849 5
175 275 9
175 410 1
176 586 2
178 409 2
178 538 2
178 295 2
178 693 5
178 569 2
178 188 1
178 710 2
178 333 2
178 976 2
178 339 2
178 470 2
178 599 2
178 605 2
178 862 7
178 991 2
178 228 3
178 502 13
178 249 2
178 767 2
181 189 1
181 190 1
184 1004 1
185 762 2
185 765 1
187 802 1
187 947 1
188 978 4
188 724 1
188 469 3
189 491 1
189 428 1
189 915 2
190 353 2
190 656 1
190 274 1
190 373 1
190 471 2
190 920 1
190 890 1
190 316 1
191 233 1
191 949 2
197 923 1
199 738 1
199 996 2
199 506 2
200 971 2
200 428 3
200 915 2
200 952 1
200 543 1
207 424 5
207 558 3
207 469 5
207 953 1
207 954 1
207 795 7
207 349 1
207 373 2
208 537 1
208 236 2
208 977 1
209 912 2
209 356 2
214 931 1
214 935 2
214 703 1
214 428 2
214 940 4
214 912 1
214 923 2
214 951 3
214 233 1
214 765 2
216 321 2
216 618 2
216 319 2
220 752 3
220 890 1
228 605 13
228 502 3
229 742 6
229 374 1
230 577 4
230 933 1
230 951 1
231 738 5
231 624 3
231 698 1
231 987 2
231 830 1
231 607 1
232 294 3
232 782 1
232 912 2
232 790 2
232 472 8
232 575 3
233 692 1
236 537 6
239 857 4
239 951 1
239 609 1
241 469 3
245 698 1
245 987 1
245 830 1
246 724 1
246 423 7
249 393 1
249 506 3
250 609 1
250 770 1
250 485 1
250 646 1
250 551 1
250 535 1
250 369 4
250 722 1
250 513 1
250 854 1
250 823 7
250 444 1
250 542 2
251 410 1
251 987 1
251 506 1
253 290 2
253 566 2
256 356 1
260 416 4
267 517 3
267 614 1
267 586 10
267 435 2
267 948 2
267 790 3
267 891 8
270 738 1
272 900 1
274 614 1
275 849 6
275 487 1
275 479 1
277 844 1
277 933 1
280 700 4
280 629 2
280 614 1
281 506 1
285 933 1
288 391 4
288 493 4
288 561 4
288 629 8
288 630 1
288 445 4
291 401 1
294 817 2
294 984 3
294 313 6
294 573 1
301 469 3
302 971 1
302 428 3
302 990 2
304 441 1
305 425 1
306 771 4
306 790 2
306 687 1
306 784 1
306 659 1
306 374 3
306 703 1
310 477 2
311 697 1
311 987 1
313 356 1
315 423 1
316 609 1
316 971 1
316 428 1
316 915 2
318 332 2
319 758 1
322 343 1
323 977 1
327 849 2
327 738 1
327 381 1
332 416 4
332 586 2
332 782 2
332 435 2
332 500 14
333 767 1
335 609 1
335 643 1
335 468 2
335 537 1
337 505 3
337 870 2
338 987 1
341 915 5
343 534 1
343 950 4
344 971 1
347 933 2
349 971 1
349 428 3
349 990 2
353 891 9
355 933 1
356 609 1
356 743 3
356 586 1
356 912 1
356 648 1
356 948 2
356 472 3
356 730 1
360 493 1
360 526 2
360 629 2
361 987 1
362 870 1
362 383 4
364 994 1
364 987 1
369 423 1
369 535 5
374 659 2
374 790 3
377 422 2
377 457 2
377 718 1
377 696 2
377 729 4
377 506 1
379 568 1
381 761 2
381 532 1
381 468 3
383 586 3
383 887 1
386 758 1
388 771 1
392 948 1
397 738 1
397 671 1
397 975 1
399 950 1
401 454 1
401 429 9
401 415 1
407 843 2
409 923 1
410 482 1
410 837 1
410 1001 2
410 650 1
410 994 1
410 433 1
410 777 1
410 969 1
410 924 2
410 541 1
414 506 1
416 782 8
416 573 1
416 912 3
416 946 1
416 948 3
416 602 1
416 586 6
418 996 14
418 977 2
420 559 3
421 424 3
421 469 3
422 652 1
423 832 1
423 513 1
423 710 1
423 646 1
423 977 1
423 563 1
424 469 3
424 795 3
424 990 3
425 946 4
425 765 5
428 971 1
428 915 7
428 953 1
428 857 1
428 990 2
429 454 3
432 987 2
432 468 2
433 849 2
433 987 2
433 994 1
435 500 3
435 586 4
435 782 3
437 738 1
440 737 1
443 662 2
443 742 1
443 743 2
443 687 1
443 602 1
444 528 1
444 535 1
447 912 1
447 782 1
450 609 1
450 802 1
454 592 4
458 844 4
458 758 1
464 980 2
468 810 1
469 512 2
469 547 3
469 614 3
469 817 3
469 851 2
469 954 3
469 795 3
469 957 3
469 990 2
472 648 1
472 912 3
472 946 2
472 575 1
480 987 1
482 987 1
483 718 2
485 854 1
491 808 2
493 629 3
497 773 1
499 700 1
499 684 2
499 609 1
500 586 8
500 782 9
500 687 3
500 951 1
502 609 2
502 862 1
502 718 1
502 687 1
502 724 1
502 693 1
502 605 6
502 542 2
506 644 1
506 775 1
506 783 1
506 924 5
506 541 2
506 951 4
506 576 1
506 605 1
506 738 1
506 996 3
514 977 2
516 881 3
516 738 1
516 532 3
517 948 2
526 629 4
530 585 2
530 891 1
530 629 3
531 987 1
532 738 1
532 804 1
532 761 2
532 700 5
534 609 2
535 609 1
540 698 1
540 955 2
540 830 1
540 987 1
541 738 4
543 952 1
543 971 2
544 580 1
544 741 1
544 563 1
544 791 1
544 669 1
546 844 2
547 614 1
550 923 2
553 670 2
557 609 1
558 684 3
559 622 6
561 658 1
561 629 4
561 846 3
563 696 1
565 684 1
565 844 1
568 947 2
572 614 1
573 984 1
573 586 1
575 912 2
576 738 1
576 654 1
577 936 1
577 933 2
582 849 2
582 987 1
582 764 8
585 771 3
585 645 1
585 695 3
585 953 1
585 990 1
586 648 3
586 782 22
586 912 3
586 687 2
586 868 6
586 602 1
586 609 1
586 762 2
587 720 2
589 607 1
590 933 1
590 926 1
591 607 1
592 609 4
592 948 1
595 716 1
597 738 1
602 743 3
602 648 1
602 721 1
607 742 2
607 843 2
607 702 3
609 776 2
609 684 1
609 783 2
609 915 2
609 923 14
609 927 1
609 802 1
609 940 1
609 951 1
609 956 1
609 850 1
609 980 1
609 857 1
609 731 1
609 994 1
609 633 1
609 890 1
614 685 1
614 656 1
614 954 1
629 658 2
629 685 3
629 846 2
629 630 8
629 631 2
629 891 12
629 700 1
630 891 1
633 923 3
633 809 1
641 987 1
644 738 2
647 971 1
647 990 2
648 868 11
648 782 3
648 721 1
648 765 1
650 761 3
650 738 1
654 738 2
657 738 1
659 742 1
663 950 1
663 951 5
668 720 2
668 746 9
668 935 1
674 803 2
674 948 2
682 738 1
685 838 1
686 933 1
687 915 1
687 746 2
692 746 3
693 808 1
696 915 1
697 771 1
697 855 2
697 925 1
698 840 1
698 873 1
698 987 1
698 764 1
700 790 5
700 988 1
702 738 1
703 771 8
704 743 2
710 767 1
715 933 1
716 718 2
718 851 1
718 724 1
718 883 1
718 915 5
719 738 2
720 746 4
720 813 2
720 935 9
721 908 1
721 765 2
723 758 1
724 862 1
730 912 2
730 868 1
737 849 1
737 1004 1
738 783 2
738 921 5
738 923 3
738 924 1
738 945 1
738 828 1
738 837 2
738 850 1
738 979 2
738 996 1
738 1001 2
738 881 1
738 745 1
738 761 1
739 915 3
742 900 1
746 900 1
746 935 20
746 813 7
748 933 1
758 956 1
762 765 2
764 840 2
764 987 1
765 790 2
770 880 1
771 863 3
772 923 1
774 947 141
782 868 1
782 885 1
782 984 3
789 987 1
790 868 12
790 812 1
803 948 2
804 881 6
809 987 1
813 900 1
813 935 1
828 881 1
838 952 1
840 873 1
840 987 1
849 987 1
857 971 1
857 915 7
857 990 2
862 909 3
872 987 1
873 987 1
881 924 1
885 912 1
890 987 1
907 912 1
912 984 1
915 971 1
924 969 1
925 987 1
926 931 1
926 933 1
931 933 1
933 972 1
950 977 3
952 971 1
953 971 1
953 990 2
955 987 1
971 990 1
977 1004 1
987 994 1
