0
1
2
3
4
5
6
7
8
9
10
11
12
13
14
15
16
17
18
19
20
21
22
23
24
25
26
27
28
29
30
31
32
33
34
35
36
37
38
39
40
41
42
43
44
45
46
47
48
49
50
51
52
53
54
55
56
57
58
59
60
61
62
63
64
65
66
67
68
69
70
71
72
73
74
75
76
77
78
79
80
81
82
83
84
85
86
87
88
89
90
91
92
93
94
95
96
97
98
99
100
101
102
103
104
105
106
107
108
109
110
111
112
113
114
115
116
117
118
119
120
121
122
123
124
125
126
127
128
129
130
131
132
133
134
135
136
137
138
139
141
142
143
144
145
146
147
148
149
150
151
152
153
154
155
157
158
159
160
161
162
163
164
165
166
167
168
169
170
171
172
173
174
175
176
177
178
179
180
181
182
183
184
185
186
187
188
189
190
191
192
193
194
195
196
197
198
199
200
201
202
203
204
205
206
207
208
209
210
211
212
213
214
215
216
217
218
219
220
221
222
223
224
225
226
227
228
229
230
231
232
233
235
236
237
238
239
240
241
242
243
244
245
246
247
248
249
250
251
252
253
254
255
256
257
259
260
262
263
264
265
266
267
268
269
270
271
272
273
274
275
276
277
278
279
280
281
282
283
284
285
286
287
288
289
290
291
292
293
294
295
296
297
299
300
301
302
303
304
305
306
307
308
309
310
311
312
313
314
315
316
317
318
319
320
321
322
323
324
325
326
327
328
329
330
331
332
333
334
335
336
337
338
339
340
341
343
344
345
346
347
348
349
350
351
352
353
355
356
357
358
359
360
361
362
364
365
366
367
368
369
370
371
372
373
374
375
376
377
378
379
380
381
382
383
384
385
386
387
388
389
390
391
392
393
394
395
396
397
398
399
400
401
402
403
404
405
406
407
408
409
410
411
412
413
414
415
416
418
419
420
421
422
423
424
425
426
427
428
429
430
431
432
433
434
435
436
437
438
439
440
441
442
443
444
445
446
447
448
449
450
451
452
453
454
455
456
457
458
459
460
461
462
464
465
466
467
468
469
470
471
472
473
474
475
476
477
478
479
480
481
482
483
484
485
486
487
488
489
490
491
492
493
495
496
497
498
499
500
501
502
503
504
505
506
507
508
509
510
511
512
513
514
515
516
517
518
519
520
521
522
523
524
525
526
527
528
530
531
532
533
534
535
536
537
538
539
540
541
542
543
544
545
546
547
548
549
550
551
552
553
554
556
557
558
559
560
561
562
563
564
565
566
567
568
569
570
571
572
573
574
575
576
577
578
579
580
581
582
583
584
585
586
587
588
589
590
591
592
593
594
595
596
597
598
599
600
601
602
603
604
605
606
607
609
610
611
612
613
614
615
616
617
618
619
621
622
623
624
625
626
627
628
629
630
631
632
633
634
635
636
637
638
639
640
641
642
643
644
645
646
647
648
649
650
651
652
653
654
655
656
657
658
659
660
661
662
663
664
665
666
667
668
669
670
671
672
673
674
675
676
677
678
679
680
681
682
683
684
685
686
687
688
689
690
691
692
693
694
695
696
697
698
699
700
701
702
703
704
705
706
707
708
709
710
711
712
713
714
715
716
717
718
719
720
721
722
723
724
725
726
727
728
729
730
731
732
733
734
735
736
737
738
739
740
741
742
743
744
745
746
747
748
749
750
751
752
753
754
756
757
758
759
760
761
762
763
764
765
767
768
769
770
771
772
773
774
775
776
777
778
779
780
781
782
783
784
785
786
787
788
789
790
791
792
793
794
795
796
797
798
799
800
801
802
803
804
805
806
807
808
809
810
811
812
813
814
815
816
817
818
819
820
821
822
823
824
825
826
827
828
829
830
831
832
833
834
835
836
837
838
839
840
841
842
843
844
845
846
847
848
849
850
851
852
853
854
855
856
857
858
859
860
861
862
863
864
865
866
867
868
869
870
871
872
873
874
875
876
877
878
879
880
881
882
883
884
885
886
887
888
889
890
891
892
893
894
895
896
897
898
899
900
901
902
903
904
905
906
907
908
909
910
911
912
913
914
915
916
917
918
919
920
921
922
923
924
925
926
927
928
929
930
931
932
933
934
935
936
937
938
939
940
941
942
943
944
945
946
947
948
949
950
951
952
953
954
955
956
957
958
960
961
962
963
964
965
966
967
968
969
970
971
972
973
974
975
976
977
978
979
980
981
982
983
984
985
986
987
988
989
990
991
992
993
994
995
996
997
998
999
1000
1001
1002
1003
1004
0 6 1
0 409 1
0 410 1
0 538 1
0 295 1
0 178 1
0 693 1
0 710 1
0 333 1
0 78 1
0 976 1
0 595 1
0 470 1
0 599 1
0 732 1
0 605 1
0 862 1
0 991 1
0 228 1
0 1004 2
0 502 1
0 249 1
0 767 1
1 309 1
1 399 1
2 250 1
2 923 1
2 812 1
2 790 2
2 335 1
4 848 2
4 771 5
4 371 1
5 808 1
5 107 1
6 506 1
6 716 3
6 178 1
13 738 2
14 738 2
14 365 3
14 173 2
14 881 1
14 724 1
14 506 1
14 796 1
14 381 1
14 670 1
15 680 1
15 731 5
15 422 5
16 832 3
16 711 1
16 423 1
16 843 4
16 718 2
16 19 1
16 181 1
16 407 1
19 843 1
19 333 1
24 280 2
24 891 3
24 629 3
25 48 2
25 458 1
25 844 4
25 319 2
28 338 1
29 506 1
29 107 1
29 381 1
29 333 1
30 416 2
30 515 2
30 166 3
30 294 4
30 936 2
30 573 5
30 648 7
30 790 7
30 765 3
31 165 7
31 200 1
31 362 1
31 428 5
31 915 1
31 316 1
31 189 1
31 990 1
32 280 2
32 890 1
32 572 1
32 862 3
35 280 2
35 188 1
35 469 1
35 207 1
37 232 1
37 313 3
38 395 1
38 324 2
38 197 1
38 326 1
38 586 2
38 939 1
38 663 1
38 343 1
38 388 1
38 638 1
38 69 1
40 450 5
40 712 12
40 568 1
40 90 1
40 187 2
40 572 1
41 723 2
41 758 1
46 510 1
48 704 1
48 458 3
48 684 1
48 558 2
48 499 1
48 565 1
48 216 3
48 90 1
48 956 2
48 319 5
50 402 3
50 559 11
52 232 1
52 586 1
53 120 1
53 193 1
53 334 2
53 798 1
56 159 1
58 338 2
61 356 1
61 517 1
61 243 4
61 718 9
61 591 1
61 819 1
61 472 1
61 991 1
62 542 2
62 485 3
62 646 2
64 534 2
67 963 4
67 165 3
67 846 4
67 207 2
67 561 3
67 344 2
68 251 1
69 879 1
70 90 1
70 299 2
70 334 2
70 534 1
70 607 1
73 723 1
74 256 2
74 133 1
74 294 4
74 648 2
74 76 1
74 266 2
74 332 2
74 500 1
74 885 1
74 984 2
74 313 1
74 733 1
74 447 1
75 696 1
75 220 1
75 772 1
75 607 2
76 1001 1
76 399 1
77 912 2
77 168 1
78 178 1
82 628 2
83 784 1
83 771 2
86 152 1
86 443 6
90 416 1
90 388 1
90 581 1
90 236 2
90 978 1
90 712 1
90 178 4
90 628 1
90 702 2
90 472 1
90 891 2
90 638 1
92 280 1
96 832 1
98 291 3
98 134 9
98 454 7
98 713 10
98 107 13
98 268 10
98 429 6
98 592 11
98 401 10
98 707 8
98 117 10
98 278 3
101 377 5
101 423 3
101 246 5
101 729 1
103 423 1
104 356 1
105 233 1
105 418 8
107 320 1
107 898 1
107 808 1
107 201 3
107 713 1
107 335 1
107 464 1
107 980 2
107 118 1
107 553 2
107 532 1
107 381 1
107 670 3
111 586 2
111 885 2
112 392 2
112 674 1
112 267 6
112 700 1
112 166 2
114 275 2
117 291 1
117 454 1
118 335 1
119 812 1
120 772 2
120 629 3
120 454 3
122 200 3
125 622 5
126 313 1
126 586 3
126 790 2
127 754 1
127 293 1
132 832 1
132 510 1
133 602 3
134 592 1
134 291 4
134 738 1
134 454 6
135 292 4
135 581 4
135 362 6
135 942 6
135 720 2
135 628 27
135 692 1
135 703 2
135 549 2
136 280 1
136 953 1
136 200 3
136 316 1
137 936 1
137 771 8
139 513 1
141 614 1
142 280 2
142 316 2
142 700 1
142 428 2
142 267 5
143 528 2
147 577 1
147 355 1
147 933 1
147 230 1
147 171 3
147 972 1
147 590 1
147 277 1
147 347 1
147 285 1
147 926 1
147 686 1
149 423 1
151 253 1
153 769 1
153 482 1
153 891 3
153 364 1
157 746 1
159 963 1
159 388 3
159 742 5
159 711 1
159 586 3
159 239 2
159 558 1
159 719 3
159 214 1
159 695 2
159 506 1
159 251 1
159 765 1
159 607 3
160 280 1
160 629 1
160 526 2
164 402 1
164 510 1
164 879 2
165 401 5
165 316 7
165 207 1
166 416 3
166 674 2
166 294 1
166 743 5
166 648 4
166 586 1
166 782 1
166 602 6
166 573 2
167 280 1
167 978 4
167 851 2
167 469 1
167 630 1
168 416 1
168 260 4
168 557 1
168 782 1
168 912 10
168 472 1
169 372 1
170 855 1
171 347 1
171 933 1
173 428 5
173 738 1
173 924 1
175 849 8
175 275 7
175 423 4
175 553 1
178 409 1
178 538 1
178 295 1
178 693 1
178 607 1
178 710 1
178 333 1
178 976 1
178 334 2
178 470 1
178 599 1
178 605 1
178 862 1
178 991 1
178 228 1
178 231 1
178 502 4
178 249 1
178 250 1
178 767 5
181 537 2
184 423 1
184 607 1
186 267 1
187 572 1
187 254 2
187 214 3
188 614 2
188 280 2
188 978 1
188 469 1
188 502 2
188 920 1
189 891 3
189 716 1
189 1004 1
189 365 2
189 718 6
189 530 1
189 595 2
189 502 2
189 731 2
189 862 2
191 752 2
191 692 2
192 362 1
192 381 6
193 887 1
193 923 2
193 334 1
193 671 2
194 769 1
194 863 3
196 454 1
197 738 1
197 923 1
199 644 1
199 738 1
199 996 3
200 428 3
200 344 2
200 915 1
200 952 6
200 857 3
200 316 3
201 362 1
201 670 1
206 534 1
207 428 1
207 847 1
207 978 1
207 469 1
207 280 1
207 795 3
207 349 1
208 783 3
209 880 1
214 923 1
214 935 1
214 712 1
214 235 1
214 783 1
214 851 2
214 316 2
214 765 1
216 321 2
216 458 1
216 499 1
216 319 1
220 450 1
220 364 1
220 482 1
220 692 1
220 633 1
223 746 1
223 343 1
223 879 2
228 605 1
228 502 2
229 771 1
229 306 1
229 483 1
229 374 1
231 738 1
231 338 2
231 698 3
231 955 4
231 540 3
232 416 1
232 332 2
232 782 2
232 305 3
236 977 3
236 1004 4
236 537 6
239 873 1
241 280 2
241 469 1
245 698 3
246 377 1
246 362 1
246 724 3
246 423 7
248 506 2
249 670 1
250 648 6
250 332 3
250 662 1
251 482 1
253 290 1
253 566 1
253 607 3
254 568 1
256 416 3
256 294 1
256 267 2
256 885 2
256 313 1
260 912 2
264 454 1
266 912 4
266 699 1
267 517 1
267 838 1
267 648 1
267 717 1
267 392 4
267 466 1
267 629 2
267 854 4
267 700 2
267 478 1
267 677 1
268 291 1
268 454 1
269 987 1
269 925 3
270 738 1
272 662 1
273 306 1
273 581 6
273 951 1
274 280 1
275 428 1
275 718 1
275 849 4
275 316 1
277 935 1
280 388 4
280 647 2
280 656 2
280 915 2
280 408 1
280 547 2
280 421 2
280 422 2
280 424 1
280 561 2
280 301 1
280 817 1
280 530 2
280 334 1
280 862 1
280 658 2
280 953 2
280 954 1
280 846 1
280 526 2
280 990 2
280 293 2
280 360 2
280 493 1
280 920 2
280 851 2
280 629 2
280 502 4
280 631 2
280 469 1
281 905 2
284 731 2
284 422 4
288 629 1
290 589 1
291 454 5
291 713 1
291 401 4
292 769 2
292 530 1
293 718 1
293 862 2
294 416 2
294 515 1
294 648 6
294 765 1
294 573 3
294 885 6
294 984 1
294 762 1
294 586 4
294 447 1
299 832 1
299 388 1
299 509 1
299 559 1
301 978 1
301 469 1
302 316 1
302 428 1
306 771 1
306 742 2
306 334 3
306 790 2
306 374 1
308 418 1
310 329 1
310 322 1
310 586 1
310 477 1
311 697 1
313 416 2
313 885 1
313 472 1
316 344 1
316 647 1
316 971 1
316 428 4
316 392 1
316 543 1
316 857 1
316 952 1
316 953 2
316 923 2
316 990 2
316 415 1
317 374 3
318 499 1
318 684 1
319 758 1
321 499 2
321 684 1
322 879 2
322 343 8
322 388 1
322 663 2
323 510 1
324 415 5
327 657 1
327 738 1
327 381 2
328 702 2
329 427 5
329 388 1
329 510 1
329 343 4
332 586 4
332 782 3
332 500 2
332 575 5
333 364 1
334 416 2
334 356 2
334 502 2
334 776 1
334 696 6
334 742 4
334 687 3
334 720 1
334 920 1
334 530 1
334 851 2
334 692 2
334 534 2
334 915 1
334 607 4
335 468 1
335 664 4
335 537 1
337 942 3
338 540 2
343 399 1
343 368 1
343 950 4
343 663 5
347 933 1
353 891 9
356 416 1
356 868 1
356 912 2
356 472 1
360 629 1
360 526 1
362 421 1
362 912 2
362 568 1
362 383 1
364 670 1
368 950 1
368 879 2
369 823 1
372 404 1
377 866 1
377 422 2
377 718 8
377 502 1
381 576 1
381 810 1
381 532 2
381 506 1
383 720 3
383 586 4
388 832 2
388 900 2
388 550 1
388 746 1
388 638 2
392 803 1
399 1001 2
399 510 1
401 454 14
401 429 9
401 415 5
402 510 1
402 950 4
402 559 3
410 977 1
413 746 3
413 935 5
415 833 1
415 617 1
416 648 9
416 586 7
416 782 2
416 573 1
416 500 1
416 885 3
416 790 1
416 472 3
416 765 1
418 977 4
418 996 12
420 559 1
421 424 3
421 795 3
421 469 1
422 491 2
422 731 10
423 866 4
423 710 3
423 779 1
423 716 1
423 849 1
424 795 8
424 469 1
427 955 3
428 647 3
428 915 3
428 953 1
428 857 6
429 454 11
435 586 4
435 500 5
435 782 1
437 738 1
439 912 3
443 662 8
447 586 3
448 692 1
450 712 8
450 662 2
454 772 4
454 713 2
454 592 3
458 684 1
458 844 1
465 812 1
466 712 1
469 547 1
469 614 1
469 817 1
469 978 1
469 630 7
469 954 1
469 795 1
469 957 1
472 782 1
472 912 2
481 752 1
481 565 1
482 531 2
482 990 1
482 606 1
489 559 1
491 905 1
491 497 3
493 629 1
493 630 2
497 773 2
499 704 1
499 679 1
499 844 1
499 684 1
499 565 1
499 918 1
499 833 1
500 782 3
500 687 1
500 586 3
500 575 3
502 613 1
502 746 1
502 724 1
502 980 2
502 538 1
502 923 1
502 862 3
506 738 1
506 996 3
506 1001 2
506 654 1
506 836 1
506 670 1
510 832 2
510 706 1
510 780 1
510 514 1
510 622 3
510 638 1
514 780 2
515 648 3
515 573 2
526 629 1
530 746 1
530 629 8
530 630 1
531 796 1
531 789 1
532 1001 1
532 738 1
534 612 1
534 746 1
534 951 1
534 862 4
540 697 1
540 698 3
540 955 2
541 996 2
541 738 2
541 923 1
541 644 2
542 746 1
546 712 2
546 801 1
547 795 2
547 862 1
550 746 2
550 900 1
550 629 1
552 858 1
552 951 1
559 622 16
559 634 1
561 846 1
561 990 1
561 629 2
565 844 2
565 684 1
572 724 2
572 858 1
572 862 2
573 648 12
573 617 1
573 765 2
575 782 1
576 738 1
580 582 2
581 936 4
582 832 3
582 925 1
584 731 1
586 718 2
586 782 10
586 885 3
586 759 1
586 762 2
587 720 5
591 746 1
591 718 3
595 718 2
597 738 1
599 693 2
602 743 16
602 765 1
605 670 2
607 617 1
607 692 1
607 696 2
607 700 2
609 713 1
609 923 1
609 772 2
609 686 2
614 978 1
617 833 1
622 676 4
628 720 2
629 915 3
629 923 1
629 685 1
629 658 3
629 838 2
629 846 1
629 630 1
629 631 1
629 633 3
629 891 6
630 685 3
630 817 3
630 978 1
633 963 4
633 772 1
633 870 1
633 923 1
634 788 1
638 832 1
638 700 1
644 738 3
644 996 1
644 745 2
644 702 2
647 920 1
647 953 1
648 885 1
648 765 4
650 738 1
650 719 2
654 738 2
654 991 5
654 783 1
656 838 1
657 738 1
663 950 7
665 746 1
670 690 1
671 738 1
671 692 1
672 844 1
679 684 1
680 720 2
680 731 2
682 738 1
684 704 1
684 746 1
684 844 1
684 918 1
685 1001 6
685 724 3
692 935 1
692 746 11
696 772 1
697 873 1
697 925 2
697 855 8
698 840 3
698 873 3
698 987 1
698 764 3
700 812 2
700 988 1
702 738 1
702 745 2
702 850 1
704 743 2
708 718 3
711 718 3
712 991 1
716 718 8
718 866 2
718 724 5
718 883 6
718 980 1
718 890 1
718 923 1
719 738 1
720 833 1
723 758 2
724 866 3
724 1001 3
724 951 2
730 912 1
730 868 2
733 1001 1
737 849 1
738 783 2
738 921 2
738 923 4
738 924 1
738 945 1
738 828 1
738 837 1
738 975 1
738 850 1
738 979 2
738 996 2
738 1001 2
738 881 1
738 745 1
738 761 1
740 879 2
742 746 1
746 900 1
746 935 15
746 915 1
752 850 1
754 907 1
758 956 1
764 801 1
764 987 1
764 925 1
765 868 2
771 900 4
771 863 2
774 947 41
779 883 2
784 900 2
789 849 1
790 868 4
790 812 1
809 987 3
817 851 2
840 873 1
840 987 4
843 883 1
844 918 4
844 956 3
851 978 3
854 909 1
863 900 3
868 912 2
885 984 1
910 923 1
912 949 1
921 923 2
936 942 1
953 957 1
954 978 1
955 987 3
