0
1
2
3
4
5
6
7
8
9
10
11
12
13
14
15
16
17
18
19
20
21
22
23
24
25
26
27
28
29
30
31
32
33
34
35
36
37
38
39
40
41
42
43
44
45
46
47
48
49
50
51
52
53
54
55
56
57
58
59
60
61
62
63
64
65
66
67
68
69
70
71
72
73
74
75
76
77
78
79
80
81
82
83
84
85
86
87
88
89
90
91
92
93
94
95
96
97
98
99
100
101
102
103
104
105
106
107
108
109
110
111
112
113
114
115
116
117
118
119
120
121
122
123
124
125
126
127
128
129
130
131
132
133
134
135
136
137
138
139
141
142
143
144
145
146
147
148
149
150
151
152
153
154
155
157
158
159
160
161
162
163
164
165
166
167
168
169
170
171
172
173
174
175
176
177
178
179
180
181
182
183
184
185
186
187
188
189
190
191
192
193
194
195
196
197
198
199
200
201
202
203
204
205
206
207
208
209
210
211
212
213
214
215
216
217
218
219
220
221
222
223
224
225
226
227
228
229
230
231
232
233
235
236
237
238
239
240
241
242
243
244
245
246
247
248
249
250
251
252
253
254
255
256
257
259
260
262
263
264
265
266
267
268
269
270
271
272
273
274
275
276
277
278
279
280
281
282
283
284
285
286
287
288
289
290
291
292
293
294
295
296
297
299
300
301
302
303
304
305
306
307
308
309
310
311
312
313
314
315
316
317
318
319
320
321
322
323
324
325
326
327
328
329
330
331
332
333
334
335
336
337
338
339
340
341
343
344
345
346
347
348
349
350
351
352
353
355
356
357
358
359
360
361
362
364
365
366
367
368
369
370
371
372
373
374
375
376
377
378
379
380
381
382
383
384
385
386
387
388
389
390
391
392
393
394
395
396
397
398
399
400
401
402
403
404
405
406
407
408
409
410
411
412
413
414
415
416
418
419
420
421
422
423
424
425
426
427
428
429
430
431
432
433
434
435
436
437
438
439
440
441
442
443
444
445
446
447
448
449
450
451
452
453
454
455
456
457
458
459
460
461
462
464
465
466
467
468
469
470
471
472
473
474
475
476
477
478
479
480
481
482
483
484
485
486
487
488
489
490
491
492
493
495
496
497
498
499
500
501
502
503
504
505
506
507
508
509
510
511
512
513
514
515
516
517
518
519
520
521
522
523
524
525
526
527
528
530
531
532
533
534
535
536
537
538
539
540
541
542
543
544
545
546
547
548
549
550
551
552
553
554
556
557
558
559
560
561
562
563
564
565
566
567
568
569
570
571
572
573
574
575
576
577
578
579
580
581
582
583
584
585
586
587
588
589
590
591
592
593
594
595
596
597
598
599
600
601
602
603
604
605
606
607
609
610
611
612
613
614
615
616
617
618
619
621
622
623
624
625
626
627
628
629
630
631
632
633
634
635
636
637
638
639
640
641
642
643
644
645
646
647
648
649
650
651
652
653
654
655
656
657
658
659
660
661
662
663
664
665
666
667
668
669
670
671
672
673
674
675
676
677
678
679
680
681
682
683
684
685
686
687
688
689
690
691
692
693
694
695
696
697
698
699
700
701
702
703
704
705
706
707
708
709
710
711
712
713
714
715
716
717
718
719
720
721
722
723
724
725
726
727
728
729
730
731
732
733
734
735
736
737
738
739
740
741
742
743
744
745
746
747
748
749
750
751
752
753
754
756
757
758
759
760
761
762
763
764
765
767
768
769
770
771
772
773
774
775
776
777
778
779
780
781
782
783
784
785
786
787
788
789
790
791
792
793
794
795
796
797
798
799
800
801
802
803
804
805
806
807
808
809
810
811
812
813
814
815
816
817
818
819
820
821
822
823
824
825
826
827
828
829
830
831
832
833
834
835
836
837
838
839
840
841
842
843
844
845
846
847
848
849
850
851
852
853
854
855
856
857
858
859
860
861
862
863
864
865
866
867
868
869
870
871
872
873
874
875
876
877
878
879
880
881
882
883
884
885
886
887
888
889
890
891
892
893
894
895
896
897
898
899
900
901
902
903
904
905
906
907
908
909
910
911
912
913
914
915
916
917
918
919
920
921
922
923
924
925
926
927
928
929
930
931
932
933
934
935
936
937
938
939
940
941
942
943
944
945
946
947
948
949
950
951
952
953
954
955
956
957
958
960
961
962
963
964
965
966
967
968
969
970
971
972
973
974
975
976
977
978
979
980
981
982
983
984
985
986
987
988
989
990
991
992
993
994
995
996
997
998
999
1000
1001
1002
1003
1004
0 976 1
0 228 1
0 470 1
0 6 2
0 295 1
0 502 1
0 599 1
0 333 3
0 78 1
0 432 1
0 710 1
0 178 1
0 693 1
0 118 1
0 409 1
0 249 4
0 538 1
0 767 1
0 605 2
0 862 1
0 991 1
1 399 1
2 96 1
2 416 1
2 356 1
2 586 1
2 782 2
2 335 2
2 700 1
4 371 1
4 848 2
4 91 1
4 700 1
4 304 1
5 228 1
5 553 5
5 175 1
5 118 1
5 506 1
5 670 1
6 506 1
6 178 1
6 333 2
8 731 2
12 527 1
14 1001 1
14 506 5
14 924 3
14 702 1
15 680 3
15 633 1
15 731 7
15 422 3
15 943 1
16 754 1
16 410 1
16 61 1
16 541 4
17 990 1
24 502 2
24 647 2
24 493 2
24 530 2
24 629 2
24 630 1
24 891 1
25 48 1
25 684 2
25 844 3
28 641 1
28 987 1
28 540 15
29 532 1
29 506 1
29 1004 3
29 381 1
29 118 1
30 356 3
30 232 3
30 138 1
30 765 3
30 912 1
30 52 2
30 472 1
30 868 2
30 730 7
30 602 5
31 165 11
31 990 3
32 197 3
32 791 2
35 978 2
35 188 1
35 469 1
37 256 4
37 730 2
37 356 1
38 474 2
38 939 4
38 638 1
38 534 3
38 591 1
40 466 1
40 187 1
40 450 2
40 662 2
41 704 1
41 73 1
41 723 2
42 402 1
45 66 1
46 399 1
48 458 1
48 684 1
48 558 1
48 499 2
48 216 1
48 956 2
48 319 2
52 416 1
52 356 2
52 912 1
52 868 5
52 126 1
53 193 1
53 290 3
53 662 4
56 482 1
56 987 1
58 909 1
60 568 1
60 947 2
60 187 1
61 388 3
61 517 2
61 135 3
61 904 1
61 915 1
61 281 1
61 670 1
61 674 2
61 392 2
61 692 5
61 542 1
61 189 1
61 833 2
61 450 5
61 716 1
61 718 9
61 591 1
61 851 1
61 980 1
61 343 1
61 90 2
61 356 4
61 742 1
61 754 1
61 502 1
61 377 1
62 500 1
62 646 2
64 139 1
67 344 2
67 963 3
67 165 15
67 207 2
67 561 3
67 920 1
68 987 1
69 950 2
70 90 1
70 164 2
70 334 1
70 534 1
74 256 2
74 194 1
74 133 2
74 294 4
74 648 2
74 76 1
74 266 3
74 332 2
74 885 2
74 984 2
74 313 2
74 166 1
74 586 1
74 447 2
75 220 1
75 334 1
75 687 1
76 1001 4
76 410 3
76 733 1
76 399 2
77 168 2
77 912 1
77 762 1
77 260 6
77 266 1
78 178 1
78 404 1
78 333 2
82 771 3
82 135 1
86 443 10
86 662 8
86 863 1
90 388 1
90 392 2
90 650 1
90 147 3
90 923 1
90 416 4
90 421 1
90 935 1
90 313 3
90 188 1
90 189 3
90 191 1
90 978 1
90 472 3
90 506 2
90 865 1
90 356 7
90 997 2
90 316 1
90 122 1
91 97 2
91 674 1
91 307 1
91 720 1
91 147 1
91 280 1
91 356 1
91 157 1
91 542 1
92 990 1
95 987 1
98 707 5
98 134 7
98 454 7
98 713 8
98 107 5
98 268 5
98 429 7
98 592 7
98 401 5
98 291 3
98 117 6
98 278 4
101 246 2
101 423 1
102 139 1
102 477 1
103 514 2
103 164 1
103 423 1
104 256 3
104 648 2
104 765 1
104 294 1
105 418 10
105 863 1
106 740 3
106 780 3
107 214 1
107 1004 2
107 810 2
107 236 3
107 335 1
107 118 1
107 985 1
107 664 2
107 537 3
111 304 1
111 762 1
112 267 1
112 313 1
112 803 1
112 356 2
113 535 2
114 275 1
117 134 1
118 553 2
118 732 2
119 812 1
119 335 3
120 454 2
120 807 2
122 200 2
122 410 1
125 139 1
125 534 1
125 622 3
125 477 1
126 586 3
126 362 1
127 716 2
127 718 3
134 592 5
134 291 1
134 454 6
135 292 1
135 581 10
135 870 2
135 936 9
135 233 2
135 746 1
135 594 1
135 720 3
135 742 3
135 628 3
135 692 1
135 549 3
136 952 1
136 316 1
136 990 1
137 863 1
139 513 2
139 323 1
139 676 1
139 487 2
139 939 1
139 206 1
139 174 1
139 534 1
139 324 1
139 154 1
139 477 2
139 510 1
141 512 3
141 978 2
141 789 1
141 530 2
141 469 3
142 316 1
142 990 1
143 144 1
143 696 2
147 577 1
147 347 1
147 933 1
147 230 1
147 171 2
147 972 1
147 590 3
147 752 1
147 355 1
147 686 4
147 285 1
147 926 1
147 277 1
149 849 1
149 716 3
151 609 1
152 863 1
153 977 1
153 410 7
154 477 1
157 577 1
157 776 1
157 586 2
157 718 4
157 530 1
157 686 1
157 671 1
159 866 1
159 742 1
159 940 1
159 718 1
159 687 1
159 692 1
159 334 4
159 696 1
160 838 1
160 200 8
160 428 1
160 561 3
160 530 1
160 629 4
161 863 1
164 638 2
164 510 1
165 200 2
165 267 2
165 401 15
165 344 2
165 858 1
165 316 12
165 990 1
166 704 1
166 416 1
166 356 1
166 294 1
166 743 1
166 586 1
166 602 2
167 978 3
167 469 1
167 630 3
167 181 1
168 416 2
168 356 3
168 232 6
168 266 1
168 782 2
168 557 1
168 912 11
168 313 1
168 949 5
168 439 3
168 472 1
168 260 13
168 699 1
168 586 1
169 372 2
170 720 1
170 697 5
170 855 1
171 933 2
174 477 1
175 423 1
175 553 1
175 849 4
175 275 3
175 410 1
178 388 2
178 519 1
178 409 1
178 538 1
178 295 1
178 693 2
178 569 1
178 710 1
178 333 1
178 976 1
178 339 1
178 470 1
178 599 1
178 605 1
178 862 1
178 991 1
178 228 1
178 502 8
178 249 1
178 767 1
181 274 1
181 724 3
181 537 1
181 249 3
181 189 2
184 779 1
184 710 1
184 423 1
186 256 1
186 648 1
186 267 1
186 517 2
187 450 1
187 700 1
187 272 4
188 424 1
188 978 3
188 493 4
188 656 4
188 530 4
188 851 3
188 469 1
188 502 5
188 920 2
188 862 3
189 506 1
189 388 1
189 491 1
189 236 2
189 718 2
189 883 1
189 502 2
189 410 5
189 731 1
190 920 1
191 692 4
191 334 1
191 415 1
192 381 2
193 546 1
194 769 1
194 863 2
194 901 1
194 229 1
195 595 1
196 731 1
196 413 1
196 629 1
197 546 3
197 923 3
197 890 1
197 550 2
199 850 1
199 924 12
199 541 1
200 428 15
200 530 7
200 915 3
200 629 3
200 952 1
200 857 10
200 883 5
200 316 6
200 990 1
203 863 1
206 477 1
207 978 2
207 469 1
208 977 2
208 506 1
208 1004 1
209 356 5
213 863 1
214 290 1
214 388 1
214 742 4
214 776 1
214 617 1
214 940 2
214 464 1
214 662 1
214 343 1
216 956 1
216 319 1
222 1004 1
223 879 2
226 506 1
228 333 2
228 605 4
229 742 1
229 334 6
229 863 1
231 738 1
231 840 1
231 338 1
231 245 1
231 698 2
231 987 1
231 540 4
232 416 1
232 332 5
232 912 2
232 313 1
233 769 2
233 329 1
233 692 5
233 245 3
233 863 1
233 540 1
233 415 2
235 923 2
236 977 3
239 720 1
240 586 1
241 469 1
241 302 1
245 581 1
245 840 2
245 338 3
245 329 1
245 830 1
245 951 1
245 698 2
245 987 1
245 764 1
245 540 1
246 423 3
248 506 3
249 333 2
249 506 1
249 605 2
250 886 1
251 410 1
251 987 1
256 416 8
256 356 1
256 294 5
256 648 2
256 885 2
256 313 7
256 517 2
257 833 1
260 912 5
260 266 1
260 416 1
264 540 4
266 912 2
267 803 2
267 586 2
267 851 2
267 517 7
275 849 1
275 718 1
277 700 1
277 935 1
278 609 1
280 547 7
280 388 1
280 658 1
280 851 2
280 629 2
280 502 5
281 718 2
283 1004 2
284 731 4
284 422 2
288 493 4
288 630 3
288 629 5
290 542 1
291 401 2
291 429 2
291 454 3
292 769 1
293 587 1
293 718 1
293 883 1
293 724 2
293 605 1
293 862 1
294 416 5
294 648 1
294 885 2
294 984 2
294 313 2
294 586 2
294 447 1
299 509 4
301 978 3
301 469 1
302 990 1
306 771 3
306 659 1
306 742 6
306 374 1
306 863 1
307 863 1
310 586 2
310 399 1
311 987 1
311 955 1
312 333 2
313 416 5
313 356 10
313 885 1
313 472 1
315 863 1
316 971 2
316 428 4
316 915 2
316 952 2
316 990 1
317 374 2
317 863 1
318 809 1
318 499 1
318 332 1
319 458 1
319 558 1
319 347 1
319 956 2
321 458 1
321 499 1
321 684 1
322 368 1
322 591 1
322 663 1
322 477 1
322 343 4
324 477 1
324 586 1
324 589 1
324 607 2
326 586 1
329 624 1
329 842 1
329 819 1
332 416 2
332 435 2
332 500 3
332 759 1
332 586 7
332 447 4
333 502 2
333 710 2
333 599 2
333 569 2
333 693 3
333 470 2
333 409 2
333 538 2
333 605 6
333 862 2
333 767 5
334 416 2
334 609 1
334 388 1
334 586 2
334 718 4
334 687 5
334 534 3
334 692 3
334 502 3
334 696 5
334 607 1
337 505 2
337 695 2
338 987 1
338 540 2
343 399 1
343 853 1
343 663 3
344 971 1
344 990 1
349 976 1
356 517 2
356 776 1
356 912 3
356 530 1
356 730 7
356 671 1
356 416 1
356 648 1
356 586 2
356 718 3
356 472 11
356 743 3
356 765 5
360 629 1
361 987 1
362 795 1
362 423 1
362 759 2
362 428 1
362 528 1
362 695 2
362 954 1
362 731 1
364 987 1
369 646 1
371 441 1
372 404 3
377 609 1
377 506 1
377 718 1
378 514 1
379 568 2
379 996 2
381 506 1
381 810 1
381 643 1
383 720 1
383 909 1
383 589 2
388 832 1
388 534 2
388 742 2
388 502 1
388 718 2
388 851 1
388 591 1
388 638 2
392 674 4
393 843 1
400 863 1
401 454 12
401 429 4
401 415 4
404 883 1
404 595 1
408 990 1
410 482 1
410 716 1
410 837 1
410 977 1
410 1001 1
410 650 1
410 777 1
410 994 1
410 541 1
410 433 1
410 595 4
410 969 1
410 924 1
413 746 1
413 415 1
413 935 6
415 587 1
415 429 5
416 743 1
416 586 3
416 782 2
416 629 1
416 912 1
416 885 3
416 790 1
416 447 1
418 977 1
418 996 5
421 424 1
421 978 2
421 469 1
422 731 1
422 527 1
423 832 2
423 718 1
423 977 4
423 883 2
424 978 3
424 469 1
424 990 1
425 633 1
428 530 4
428 915 2
428 629 1
428 953 1
428 857 6
428 883 1
428 990 1
429 454 12
432 987 1
433 987 1
433 540 1
435 586 4
435 500 6
435 782 1
440 737 5
440 537 4
442 506 1
443 662 12
443 863 1
444 823 1
444 542 1
444 535 1
447 586 39
450 776 1
450 586 2
450 718 1
450 530 1
450 695 4
450 671 1
453 951 1
454 772 2
454 592 10
456 527 2
458 684 3
458 844 1
458 558 1
458 565 2
458 956 2
465 812 1
466 947 2
469 512 2
469 547 1
469 614 1
469 817 1
469 978 2
469 851 1
469 954 1
469 795 1
469 957 1
469 990 1
470 1004 2
470 789 6
470 605 1
472 912 1
477 939 1
477 524 1
477 534 1
477 510 1
478 517 1
482 531 2
482 987 1
487 879 1
493 530 8
493 629 3
493 630 7
495 568 1
495 862 1
497 977 3
499 609 1
499 844 2
499 684 2
499 558 1
499 565 1
500 586 1
500 814 2
500 890 1
502 742 2
502 718 2
502 915 1
502 534 1
502 605 1
502 591 1
502 862 11
502 693 6
506 643 1
506 783 1
506 921 1
506 796 1
506 670 1
506 808 1
506 924 4
506 541 1
506 605 1
506 1001 1
506 1004 1
506 881 1
509 893 2
509 638 1
509 735 1
510 514 1
510 939 1
510 622 2
512 978 2
512 530 5
513 646 1
514 780 1
514 977 3
514 950 4
517 674 2
517 776 1
517 586 3
517 648 1
517 530 1
517 671 1
523 863 1
526 629 1
527 731 1
528 909 1
530 776 2
530 915 1
530 542 1
530 671 2
530 684 1
530 586 3
530 595 1
530 742 1
530 629 21
530 630 13
530 891 3
531 987 1
534 879 1
537 737 1
538 547 1
540 641 16
540 994 2
540 987 6
540 840 1
540 873 2
540 855 2
540 697 2
540 698 2
540 955 6
540 789 1
542 646 2
542 776 1
542 586 2
542 671 1
543 990 1
546 704 2
546 900 1
546 550 7
546 629 1
546 662 4
546 923 2
547 978 2
547 851 1
547 862 2
550 920 1
550 923 2
550 742 1
552 978 2
552 951 2
558 758 1
558 956 1
559 622 7
561 629 1
565 704 1
565 684 1
568 771 1
572 801 1
572 731 1
573 586 1
575 912 1
581 936 4
581 720 1
581 855 4
582 832 1
582 987 1
584 731 4
586 776 3
586 812 2
586 782 1
586 912 1
586 915 2
586 671 3
586 684 2
586 687 2
586 718 1
586 854 6
586 984 5
586 742 2
586 885 2
586 762 1
587 720 1
591 742 1
591 718 1
591 696 1
592 609 1
592 713 3
592 738 1
592 927 1
595 883 2
595 951 1
599 710 1
602 743 11
605 710 1
605 789 3
605 862 1
606 863 1
607 696 5
609 617 1
609 687 1
609 923 2
614 978 3
614 851 1
616 863 1
622 676 3
626 863 1
629 978 1
629 846 1
629 630 1
629 631 1
629 891 1
629 658 1
629 685 1
630 685 1
633 923 1
633 990 1
634 788 2
638 832 1
638 939 1
638 951 1
638 700 1
641 987 1
644 924 2
647 990 2
648 885 1
648 762 1
656 920 1
659 863 1
660 863 1
663 950 3
671 684 1
671 915 1
671 692 1
672 844 7
673 863 1
674 803 2
679 731 1
680 720 1
680 731 1
680 707 1
682 1004 1
684 704 1
684 776 1
684 844 1
684 956 2
685 1001 6
685 724 2
686 715 1
687 739 1
687 772 1
687 692 1
692 718 1
692 863 1
693 791 2
695 951 1
697 925 1
697 855 4
698 840 2
698 873 2
698 987 1
698 764 2
698 925 2
700 812 3
702 1001 1
703 771 4
703 863 1
705 733 1
707 880 1
710 832 3
716 718 1
716 883 2
716 724 4
718 904 1
718 783 1
718 851 3
718 724 1
718 731 2
718 866 1
718 742 1
718 754 1
718 980 2
720 936 2
724 1001 3
724 883 2
730 868 2
730 912 1
730 790 3
736 863 1
737 849 1
738 921 1
738 923 5
742 771 6
742 900 2
742 923 3
742 915 1
742 863 7
746 935 6
754 843 1
758 844 1
758 956 4
761 850 1
761 804 1
764 987 1
765 868 1
769 1002 2
769 863 1
771 900 1
771 901 1
771 863 1
774 947 52
774 863 1
776 915 1
782 912 3
782 984 1
783 850 1
783 837 2
784 863 2
789 987 1
790 812 1
795 978 2
798 863 1
807 863 1
809 987 1
815 1004 2
817 978 2
830 863 1
832 936 2
835 863 1
837 924 1
840 987 2
844 935 2
844 918 2
844 956 2
849 987 1
851 978 4
857 990 1
863 901 1
863 993 1
863 1002 1
872 987 1
873 987 1
880 923 2
885 984 1
910 923 3
912 949 5
915 990 1
921 923 6
925 987 1
926 931 1
928 1004 2
936 942 2
950 977 8
951 979 1
952 990 1
953 990 1
954 978 2
955 987 1
957 978 2
971 990 1
977 996 1
977 1001 9
977 1004 5
978 988 5
987 994 1
