0
1
2
3
4
5
6
7
8
9
10
11
12
13
14
15
16
17
18
19
20
21
22
23
24
25
26
27
28
29
30
31
32
33
34
35
36
37
38
39
40
41
42
43
44
45
46
47
48
49
50
51
52
53
54
55
56
57
58
59
60
61
62
63
64
65
66
67
68
69
70
71
72
73
74
75
76
77
78
79
80
81
82
83
84
85
86
87
88
89
90
91
92
93
94
95
96
97
98
99
100
101
102
103
104
105
106
107
108
109
110
111
112
113
114
115
116
117
118
119
120
121
122
123
124
125
126
127
128
129
130
131
132
133
134
135
136
137
138
139
141
142
143
144
145
146
147
148
149
150
151
152
153
154
155
157
158
159
160
161
162
163
164
165
166
167
168
169
170
171
172
173
174
175
176
177
178
179
180
181
182
183
184
185
186
187
188
189
190
191
192
193
194
195
196
197
198
199
200
201
202
203
204
205
206
207
208
209
210
211
212
213
214
215
216
217
218
219
220
221
222
223
224
225
226
227
228
229
230
231
232
233
235
236
237
238
239
240
241
242
243
244
245
246
247
248
249
250
251
252
253
254
255
256
257
259
260
262
263
264
265
266
267
268
269
270
271
272
273
274
275
276
277
278
279
280
281
282
283
284
285
286
287
288
289
290
291
292
293
294
295
296
297
299
300
301
302
303
304
305
306
307
308
309
310
311
312
313
314
315
316
317
318
319
320
321
322
323
324
325
326
327
328
329
330
331
332
333
334
335
336
337
338
339
340
341
343
344
345
346
347
348
349
350
351
352
353
355
356
357
358
359
360
361
362
364
365
366
367
368
369
370
371
372
373
374
375
376
377
378
379
380
381
382
383
384
385
386
387
388
389
390
391
392
393
394
395
396
397
398
399
400
401
402
403
404
405
406
407
408
409
410
411
412
413
414
415
416
418
419
420
421
422
423
424
425
426
427
428
429
430
431
432
433
434
435
436
437
438
439
440
441
442
443
444
445
446
447
448
449
450
451
452
453
454
455
456
457
458
459
460
461
462
464
465
466
467
468
469
470
471
472
473
474
475
476
477
478
479
480
481
482
483
484
485
486
487
488
489
490
491
492
493
495
496
497
498
499
500
501
502
503
504
505
506
507
508
509
510
511
512
513
514
515
516
517
518
519
520
521
522
523
524
525
526
527
528
530
531
532
533
534
535
536
537
538
539
540
541
542
543
544
545
546
547
548
549
550
551
552
553
554
556
557
558
559
560
561
562
563
564
565
566
567
568
569
570
571
572
573
574
575
576
577
578
579
580
581
582
583
584
585
586
587
588
589
590
591
592
593
594
595
596
597
598
599
600
601
602
603
604
605
606
607
609
610
611
612
613
614
615
616
617
618
619
621
622
623
624
625
626
627
628
629
630
631
632
633
634
635
636
637
638
639
640
641
642
643
644
645
646
647
648
649
650
651
652
653
654
655
656
657
658
659
660
661
662
663
664
665
666
667
668
669
670
671
672
673
674
675
676
677
678
679
680
681
682
683
684
685
686
687
688
689
690
691
692
693
694
695
696
697
698
699
700
701
702
703
704
705
706
707
708
709
710
711
712
713
714
715
716
717
718
719
720
721
722
723
724
725
726
727
728
729
730
731
732
733
734
735
736
737
738
739
740
741
742
743
744
745
746
747
748
749
750
751
752
753
754
756
757
758
759
760
761
762
763
764
765
767
768
769
770
771
772
773
774
775
776
777
778
779
780
781
782
783
784
785
786
787
788
789
790
791
792
793
794
795
796
797
798
799
800
801
802
803
804
805
806
807
808
809
810
811
812
813
814
815
816
817
818
819
820
821
822
823
824
825
826
827
828
829
830
831
832
833
834
835
836
837
838
839
840
841
842
843
844
845
846
847
848
849
850
851
852
853
854
855
856
857
858
859
860
861
862
863
864
865
866
867
868
869
870
871
872
873
874
875
876
877
878
879
880
881
882
883
884
885
886
887
888
889
890
891
892
893
894
895
896
897
898
899
900
901
902
903
904
905
906
907
908
909
910
911
912
913
914
915
916
917
918
919
920
921
922
923
924
925
926
927
928
929
930
931
932
933
934
935
936
937
938
939
940
941
942
943
944
945
946
947
948
949
950
951
952
953
954
955
956
957
958
960
961
962
963
964
965
966
967
968
969
970
971
972
973
974
975
976
977
978
979
980
981
982
983
984
985
986
987
988
989
990
991
992
993
994
995
996
997
998
999
1000
1001
1002
1003
1004
0 178 1
0 365 1
2 812 2
2 530 2
2 700 1
2 782 1
2 790 1
5 175 1
6 178 1
13 532 1
13 516 1
13 14 1
14 644 1
14 924 5
14 724 1
14 796 1
15 422 1
24 891 5
24 391 1
25 956 2
30 356 1
30 765 2
31 428 1
31 165 1
32 890 1
32 746 1
32 214 1
32 791 2
35 817 1
35 978 1
38 832 3
38 410 1
38 122 1
45 782 1
52 790 1
53 946 3
53 923 1
61 356 7
61 502 3
61 166 2
61 920 2
61 233 2
61 718 5
61 591 2
61 742 2
61 530 2
61 851 2
61 692 2
61 602 2
61 534 2
61 280 2
61 388 2
61 122 6
61 607 2
61 915 2
61 189 2
61 926 2
61 517 3
62 800 1
62 542 1
62 646 2
66 782 3
67 963 2
67 165 3
67 846 2
67 207 2
67 561 2
67 344 2
74 984 2
74 586 1
74 110 1
74 166 1
75 220 1
77 416 1
77 168 1
77 912 1
77 260 4
77 575 1
78 178 1
78 951 2
82 771 2
90 530 1
91 830 1
91 607 1
92 428 1
96 420 1
98 592 7
98 429 1
101 866 2
101 423 1
103 514 1
103 423 4
103 1001 1
103 780 1
103 977 3
103 950 2
104 425 1
104 765 4
104 790 1
105 418 4
112 416 2
112 674 1
112 803 1
112 530 2
112 166 2
113 854 1
120 485 1
122 388 2
122 517 2
122 135 1
122 141 1
122 398 1
122 272 1
122 280 2
122 530 2
122 915 2
122 534 2
122 920 2
122 900 1
122 926 1
122 802 1
122 428 3
122 306 1
122 692 1
122 693 2
122 189 1
122 830 1
122 450 1
122 716 1
122 718 1
122 591 1
122 851 2
122 602 1
122 356 1
122 166 1
122 742 2
122 502 2
125 622 4
126 790 4
126 782 1
134 592 1
135 362 2
135 581 2
136 428 2
139 477 1
141 512 2
141 978 1
142 585 2
142 267 1
142 428 1
143 696 1
143 595 1
147 577 1
147 931 1
147 214 4
147 157 2
147 926 3
147 159 3
153 977 1
157 577 2
157 517 1
157 926 1
157 743 3
159 931 1
159 214 1
159 566 1
159 765 1
160 571 2
160 526 1
161 571 2
164 402 1
164 879 2
165 344 2
165 401 3
165 428 1
166 416 2
166 602 1
166 517 4
166 743 1
166 782 1
166 586 2
166 356 1
167 978 3
167 851 1
167 988 1
167 274 1
168 416 1
168 356 5
168 966 1
168 232 2
168 586 1
168 556 2
168 912 8
168 949 3
168 790 10
168 439 3
168 472 8
168 575 2
169 404 1
170 855 4
171 214 2
173 506 3
173 428 4
175 275 1
175 1004 1
175 246 1
178 409 1
178 538 1
178 295 1
178 693 2
178 569 1
178 710 1
178 333 3
178 976 1
178 339 1
178 470 1
178 599 1
178 605 1
178 862 2
178 991 1
178 228 1
178 628 1
178 502 4
178 249 1
178 767 1
181 587 1
181 630 3
185 830 2
188 978 1
189 410 2
189 595 1
192 381 1
199 996 1
200 428 3
206 622 1
207 795 4
207 988 3
207 978 1
208 236 1
209 356 2
214 935 2
214 746 2
214 912 1
214 283 2
214 765 1
223 853 1
228 538 1
228 724 1
229 306 1
229 790 1
231 698 1
231 245 1
231 607 1
232 416 1
232 356 2
232 782 1
232 912 1
232 946 1
232 607 1
232 575 1
236 537 4
239 274 3
245 698 1
246 866 1
246 724 1
246 423 1
248 687 2
250 886 1
256 356 1
260 912 2
260 790 1
267 530 1
270 532 1
271 668 1
275 428 1
280 530 1
280 851 1
280 629 1
280 920 1
280 915 1
283 383 1
284 422 3
288 561 1
288 493 1
288 629 1
288 445 1
288 391 1
291 429 1
293 951 1
294 586 1
294 447 1
301 978 1
302 428 1
305 425 1
305 946 2
306 771 2
306 334 4
306 591 1
310 477 1
313 356 2
313 765 1
315 936 1
316 428 1
318 332 2
322 740 2
327 850 1
334 879 1
334 687 1
337 505 1
337 695 1
337 607 1
343 950 1
343 663 2
344 428 1
349 976 2
349 428 1
349 838 1
353 891 2
356 517 2
356 912 5
356 984 2
356 730 3
356 416 1
356 948 4
356 574 2
356 718 2
356 591 1
356 851 1
356 472 12
356 602 4
356 607 1
356 868 4
356 743 3
356 502 1
356 765 1
365 866 3
377 729 1
377 422 1
381 532 9
386 758 1
388 718 1
394 571 1
396 761 16
401 429 3
402 943 1
414 891 1
415 978 1
416 782 5
416 946 1
416 948 1
416 949 2
416 868 1
416 447 1
418 996 4
420 559 1
421 978 1
422 584 1
422 680 1
422 731 2
423 977 1
423 866 2
424 978 1
425 946 1
428 647 1
428 658 1
428 915 5
428 543 1
428 952 1
428 953 1
428 971 1
428 857 1
428 990 2
429 454 2
435 586 1
435 782 5
435 447 1
440 737 1
440 810 1
443 662 1
444 722 1
444 535 1
447 586 3
447 782 3
450 568 5
450 571 6
454 592 1
458 844 1
469 512 2
469 978 1
472 517 1
472 743 1
472 912 2
472 946 3
493 630 2
500 782 1
502 718 1
502 724 1
502 951 2
502 538 1
502 700 2
502 605 6
506 682 1
510 622 4
512 978 1
514 977 4
514 950 1
516 532 1
516 804 3
516 743 2
517 674 1
517 803 1
517 602 3
517 586 2
517 718 4
517 765 1
517 851 1
517 948 2
517 565 2
517 854 1
517 542 1
530 571 4
530 630 1
530 838 1
530 746 1
530 851 1
530 629 15
530 790 3
530 891 3
532 700 1
532 553 1
532 761 2
532 690 1
532 1001 1
532 804 1
532 969 1
532 828 3
534 746 2
535 762 1
538 605 1
540 698 1
542 586 1
546 550 3
546 743 1
547 978 1
550 595 1
550 834 1
552 978 1
558 684 1
558 758 1
559 622 5
565 684 1
565 844 3
571 900 3
571 742 6
571 684 3
571 813 7
571 910 1
582 764 6
585 953 2
586 782 10
586 885 1
586 984 5
586 762 2
587 720 5
591 746 1
591 718 2
591 765 1
591 607 1
595 696 3
595 718 1
602 765 1
607 687 1
607 696 1
614 978 3
622 676 4
624 994 1
624 764 1
629 891 4
629 630 2
630 951 5
633 946 1
644 1001 1
644 924 1
663 950 1
668 746 4
668 935 1
674 803 1
679 956 1
684 956 2
686 926 1
692 746 3
692 812 1
692 718 1
697 855 1
698 840 1
698 873 1
698 764 1
700 812 2
700 935 1
711 951 1
716 890 2
716 718 2
718 851 2
718 724 3
718 915 1
720 746 1
720 813 2
721 765 3
724 883 1
724 951 1
730 912 1
740 788 1
742 771 3
746 992 3
746 935 6
746 812 1
746 813 2
746 923 1
762 984 1
762 765 4
764 994 4
765 908 8
765 912 2
765 868 3
771 901 1
771 863 1
780 977 2
780 950 1
782 790 2
790 868 3
790 812 3
795 978 1
804 881 2
809 987 3
817 978 2
832 950 2
838 952 3
844 956 2
850 881 1
851 978 3
851 915 1
851 980 1
868 948 1
881 890 1
883 890 1
883 951 1
890 997 1
912 949 2
950 977 2
954 978 1
957 978 1
977 1004 2
978 988 2
