0
1
2
3
4
5
6
7
8
9
10
11
12
13
14
15
16
17
18
19
20
21
22
23
24
25
26
27
28
29
30
31
32
33
34
35
36
37
38
39
40
41
42
43
44
45
46
47
48
49
50
51
52
53
54
55
56
57
58
59
60
61
62
63
64
65
66
67
68
69
70
71
72
73
74
75
76
77
78
79
80
81
82
83
84
85
86
87
88
89
90
91
92
93
94
95
96
97
98
99
100
101
102
103
104
105
106
107
108
109
110
111
112
113
114
115
116
117
118
119
120
121
122
123
124
125
126
127
128
129
130
131
132
133
134
135
136
137
138
139
141
142
143
144
145
146
147
148
149
150
151
152
153
154
155
157
158
159
160
161
162
163
164
165
166
167
168
169
170
171
172
173
174
175
176
177
178
179
180
181
182
183
184
185
186
187
188
189
190
191
192
193
194
195
196
197
198
199
200
201
202
203
204
205
206
207
208
209
210
211
212
213
214
215
216
217
218
219
220
221
222
223
224
225
226
227
228
229
230
231
232
233
235
236
237
238
239
240
241
242
243
244
245
246
247
248
249
250
251
252
253
254
255
256
257
259
260
262
263
264
265
266
267
268
269
270
271
272
273
274
275
276
277
278
279
280
281
282
283
284
285
286
287
288
289
290
291
292
293
294
295
296
297
299
300
301
302
303
304
305
306
307
308
309
310
311
312
313
314
315
316
317
318
319
320
321
322
323
324
325
326
327
328
329
330
331
332
333
334
335
336
337
338
339
340
341
343
344
345
346
347
348
349
350
351
352
353
355
356
357
358
359
360
361
362
364
365
366
367
368
369
370
371
372
373
374
375
376
377
378
379
380
381
382
383
384
385
386
387
388
389
390
391
392
393
394
395
396
397
398
399
400
401
402
403
404
405
406
407
408
409
410
411
412
413
414
415
416
418
419
420
421
422
423
424
425
426
427
428
429
430
431
432
433
434
435
436
437
438
439
440
441
442
443
444
445
446
447
448
449
450
451
452
453
454
455
456
457
458
459
460
461
462
464
465
466
467
468
469
470
471
472
473
474
475
476
477
478
479
480
481
482
483
484
485
486
487
488
489
490
491
492
493
495
496
497
498
499
500
501
502
503
504
505
506
507
508
509
510
511
512
513
514
515
516
517
518
519
520
521
522
523
524
525
526
527
528
530
531
532
533
534
535
536
537
538
539
540
541
542
543
544
545
546
547
548
549
550
551
552
553
554
556
557
558
559
560
561
562
563
564
565
566
567
568
569
570
571
572
573
574
575
576
577
578
579
580
581
582
583
584
585
586
587
588
589
590
591
592
593
594
595
596
597
598
599
600
601
602
603
604
605
606
607
609
610
611
612
613
614
615
616
617
618
619
621
622
623
624
625
626
627
628
629
630
631
632
633
634
635
636
637
638
639
640
641
642
643
644
645
646
647
648
649
650
651
652
653
654
655
656
657
658
659
660
661
662
663
664
665
666
667
668
669
670
671
672
673
674
675
676
677
678
679
680
681
682
683
684
685
686
687
688
689
690
691
692
693
694
695
696
697
698
699
700
701
702
703
704
705
706
707
708
709
710
711
712
713
714
715
716
717
718
719
720
721
722
723
724
725
726
727
728
729
730
731
732
733
734
735
736
737
738
739
740
741
742
743
744
745
746
747
748
749
750
751
752
753
754
756
757
758
759
760
761
762
763
764
765
767
768
769
770
771
772
773
774
775
776
777
778
779
780
781
782
783
784
785
786
787
788
789
790
791
792
793
794
795
796
797
798
799
800
801
802
803
804
805
806
807
808
809
810
811
812
813
814
815
816
817
818
819
820
821
822
823
824
825
826
827
828
829
830
831
832
833
834
835
836
837
838
839
840
841
842
843
844
845
846
847
848
849
850
851
852
853
854
855
856
857
858
859
860
861
862
863
864
865
866
867
868
869
870
871
872
873
874
875
876
877
878
879
880
881
882
883
884
885
886
887
888
889
890
891
892
893
894
895
896
897
898
899
900
901
902
903
904
905
906
907
908
909
910
911
912
913
914
915
916
917
918
919
920
921
922
923
924
925
926
927
928
929
930
931
932
933
934
935
936
937
938
939
940
941
942
943
944
945
946
947
948
949
950
951
952
953
954
955
956
957
958
960
961
962
963
964
965
966
967
968
969
970
971
972
973
974
975
976
977
978
979
980
981
982
983
984
985
986
987
988
989
990
991
992
993
994
995
996
997
998
999
1000
1001
1002
1003
1004
0 249 6
0 118 1
1 309 4
2 790 4
2 700 3
2 526 2
2 126 1
2 231 2
4 304 4
4 441 1
4 371 1
4 135 3
5 808 1
5 29 1
5 175 4
6 249 7
8 544 1
13 506 1
13 850 3
13 541 1
13 743 1
14 1001 5
14 506 11
14 850 5
14 702 12
14 410 1
15 680 4
15 584 2
15 731 1
17 316 1
24 280 1
24 891 1
25 684 3
25 458 1
25 844 1
25 558 1
25 723 1
25 956 2
25 318 1
28 809 1
29 381 2
30 313 4
30 356 6
30 765 1
31 316 2
31 990 1
32 280 1
32 572 3
35 207 1
37 168 2
37 313 2
38 324 2
40 568 1
40 450 1
40 267 1
48 458 3
48 684 1
53 923 1
58 909 3
61 718 3
61 991 5
62 485 2
62 551 4
62 935 1
62 369 2
62 823 1
62 571 4
62 444 1
62 542 1
67 344 2
67 963 3
67 207 1
70 633 1
70 91 1
70 509 1
73 458 1
73 499 1
74 912 1
74 573 1
74 166 1
75 107 2
75 220 1
77 168 1
77 91 1
77 699 1
77 260 1
82 771 2
82 135 3
83 152 1
83 703 1
86 443 3
90 506 1
91 416 1
91 844 1
91 912 1
91 723 1
91 565 1
91 758 1
92 316 4
92 647 1
98 707 4
98 454 1
98 134 2
98 713 4
98 107 5
98 268 4
98 429 3
98 592 5
98 401 3
98 291 1
98 117 4
98 278 4
103 977 2
104 721 4
104 294 2
104 765 1
104 126 2
105 418 9
106 399 1
107 980 1
107 335 3
112 267 1
114 249 5
114 149 1
118 867 1
120 772 1
120 135 1
126 912 1
126 868 3
127 281 3
127 410 1
132 842 4
134 592 4
134 614 3
135 581 7
135 870 3
135 233 3
135 170 5
135 718 9
135 371 3
135 692 6
135 942 2
135 628 2
135 746 2
136 200 1
136 915 7
136 316 3
139 477 2
139 534 2
142 952 2
142 267 1
142 971 1
142 915 6
142 316 4
143 544 1
144 544 1
149 249 5
151 923 4
152 443 2
153 977 1
157 746 1
157 915 1
159 194 1
159 963 1
159 388 1
159 713 1
159 940 1
159 334 3
159 369 1
159 530 2
159 535 2
159 472 1
159 923 1
160 571 5
161 571 1
164 853 2
164 638 1
164 343 1
165 915 2
165 316 2
165 990 1
165 207 1
166 416 1
166 743 2
167 181 1
168 260 11
168 966 2
168 232 5
168 266 9
168 556 1
168 557 1
168 782 1
168 912 16
168 949 15
168 790 9
168 439 1
168 472 4
168 356 1
168 923 2
168 575 1
169 595 2
170 697 1
171 590 1
173 850 3
175 849 1
175 898 1
175 275 1
175 1004 1
178 280 1
178 249 1
178 232 1
178 502 2
178 991 1
180 727 1
181 274 1
187 450 1
188 280 1
189 249 2
190 920 2
191 692 3
192 381 2
195 595 1
196 401 3
197 850 3
199 644 1
199 506 2
199 996 1
199 850 3
199 541 3
200 952 7
200 971 1
200 316 4
200 915 3
201 249 5
207 547 1
207 493 1
207 847 1
207 851 1
207 469 3
207 954 1
207 795 5
207 988 2
207 373 2
209 356 1
214 923 1
214 316 1
216 458 1
220 334 1
223 663 1
226 440 2
228 538 3
228 605 2
231 738 1
231 624 2
231 245 1
231 921 1
231 698 2
231 540 4
232 416 2
232 260 1
232 949 2
232 472 2
232 313 1
233 692 3
235 923 1
235 951 1
236 249 5
245 698 2
245 764 1
248 506 1
248 692 1
248 746 1
248 591 1
249 716 7
249 1004 5
249 977 5
249 595 5
249 409 5
249 410 7
260 416 4
260 912 2
260 439 4
260 472 2
260 699 1
266 790 5
267 450 1
267 517 2
267 530 7
267 586 5
267 684 1
267 674 2
267 302 1
267 392 4
267 658 1
267 435 5
267 662 1
267 891 2
267 316 4
267 581 2
268 633 1
270 850 2
272 471 2
274 841 2
274 630 3
277 571 3
278 923 3
280 547 1
280 647 1
280 360 1
280 915 1
280 526 1
280 920 1
280 851 1
280 561 1
280 631 1
280 530 2
281 718 2
284 680 1
284 731 1
285 571 3
288 561 1
288 445 1
288 493 1
294 984 4
294 586 18
294 885 5
294 447 9
299 509 2
302 316 2
306 771 1
306 742 1
310 388 2
310 477 1
310 343 1
311 955 1
313 416 1
313 356 3
313 885 1
313 472 1
313 447 2
316 647 4
316 392 17
316 915 5
316 543 3
316 428 2
316 952 5
316 953 3
316 971 3
316 344 1
316 857 2
316 349 1
316 990 3
318 684 3
318 558 4
319 458 1
320 843 1
320 1004 2
321 844 3
321 458 4
321 684 3
324 890 1
327 850 3
329 587 1
329 819 1
329 910 1
332 586 2
332 435 1
332 500 1
332 447 1
334 535 1
334 542 1
335 664 4
335 810 1
335 980 1
337 505 3
337 509 5
343 429 1
343 950 3
343 663 4
349 976 1
356 721 2
356 912 3
356 790 2
356 472 1
356 602 1
360 530 1
362 802 3
364 418 2
369 535 2
372 595 5
377 423 1
379 568 2
381 532 1
381 670 2
383 586 2
383 530 1
383 887 1
386 758 1
388 534 3
392 674 1
392 517 2
394 571 5
401 415 1
402 788 2
404 595 1
407 843 1
409 502 1
410 719 1
410 977 1
413 746 1
413 935 2
415 586 1
416 425 2
416 586 7
416 912 6
416 949 2
416 439 2
416 472 3
418 977 2
418 996 25
421 424 3
422 731 1
423 977 1
424 795 4
425 946 1
425 908 2
427 955 2
428 915 2
428 990 1
435 500 1
435 586 3
435 782 1
439 912 1
440 537 4
440 737 1
443 662 1
444 513 1
445 891 1
447 586 29
447 885 1
450 746 1
450 530 1
450 947 1
450 662 1
450 695 2
450 571 2
454 592 4
458 844 1
458 684 3
458 558 3
458 723 1
458 565 1
458 758 1
458 956 1
472 782 1
472 912 1
477 534 1
479 980 1
485 542 1
485 823 4
493 530 1
493 547 1
495 633 3
497 977 1
497 773 1
500 782 3
500 814 16
500 951 1
502 746 1
506 890 1
506 996 6
506 1001 4
506 970 1
506 719 1
506 657 2
506 850 3
506 644 1
506 541 3
510 534 1
516 850 3
516 924 4
517 530 1
517 803 1
530 571 7
530 746 2
530 591 1
530 630 1
530 891 6
534 746 1
534 571 1
538 693 1
540 698 2
540 955 2
540 994 4
541 850 3
541 719 2
542 746 1
542 823 2
542 571 1
544 580 1
544 563 1
544 669 1
550 743 1
551 823 1
556 912 1
558 844 4
558 684 3
558 565 5
558 918 1
558 956 1
561 658 2
565 844 1
565 684 3
568 771 1
568 947 1
571 900 7
571 742 4
571 870 3
571 935 2
571 776 6
571 684 2
571 663 3
571 731 1
571 885 2
576 850 3
581 692 1
581 855 2
582 994 2
586 759 1
587 834 1
587 617 1
591 746 1
591 692 1
592 609 4
592 713 1
595 716 3
599 693 1
602 721 1
609 742 1
614 991 4
617 923 1
617 772 1
633 923 1
633 707 1
634 638 1
638 700 2
641 987 2
643 685 4
644 1001 3
644 850 3
644 924 7
650 850 3
654 991 8
657 850 3
662 802 1
663 890 1
663 950 2
670 688 2
672 844 12
678 696 1
680 731 1
680 707 3
682 850 3
684 704 2
684 758 4
684 743 1
684 844 4
684 918 2
684 956 4
684 746 1
687 746 1
687 923 1
687 772 1
692 746 6
698 840 2
698 873 2
698 764 2
700 746 4
700 812 1
702 850 3
704 743 1
718 746 1
718 915 1
719 850 3
723 844 1
723 956 1
724 915 3
730 868 6
731 746 1
738 850 4
738 783 1
739 746 2
740 788 2
742 746 1
745 850 3
746 900 1
746 920 1
746 923 1
746 935 23
746 775 1
746 980 1
746 994 1
758 844 2
759 912 1
761 928 2
761 881 4
761 850 3
764 994 1
772 863 1
774 947 13
783 850 3
790 812 1
790 868 1
804 850 2
837 850 3
844 918 1
844 956 2
850 921 3
850 924 9
850 996 4
850 1001 3
850 881 3
851 920 1
855 936 2
857 915 2
858 991 2
890 923 4
912 949 1
915 952 1
925 955 1
950 977 1
951 957 1
957 990 1
977 996 1
977 1001 2
977 1004 1
