0
1
2
3
4
5
6
7
8
9
10
11
12
13
14
15
16
17
18
19
20
21
22
23
24
25
26
27
28
29
30
31
32
33
34
35
36
37
38
39
40
41
42
43
44
45
46
47
48
49
50
51
52
53
54
55
56
57
58
59
60
61
62
63
64
65
66
67
68
69
70
71
72
73
74
75
76
77
78
79
80
81
82
83
84
85
86
87
88
89
90
91
92
93
94
95
96
97
98
99
100
101
102
103
104
105
106
107
108
109
110
111
112
113
114
115
116
117
118
119
120
121
122
123
124
125
126
127
128
129
130
131
132
133
134
135
136
137
138
139
141
142
143
144
145
146
147
148
149
150
151
152
153
154
155
157
158
159
160
161
162
163
164
165
166
167
168
169
170
171
172
173
174
175
176
177
178
179
180
181
182
183
184
185
186
187
188
189
190
191
192
193
194
195
196
197
198
199
200
201
202
203
204
205
206
207
208
209
210
211
212
213
214
215
216
217
218
219
220
221
222
223
224
225
226
227
228
229
230
231
232
233
235
236
237
238
239
240
241
242
243
244
245
246
247
248
249
250
251
252
253
254
255
256
257
259
260
262
263
264
265
266
267
268
269
270
271
272
273
274
275
276
277
278
279
280
281
282
283
284
285
286
287
288
289
290
291
292
293
294
295
296
297
299
300
301
302
303
304
305
306
307
308
309
310
311
312
313
314
315
316
317
318
319
320
321
322
323
324
325
326
327
328
329
330
331
332
333
334
335
336
337
338
339
340
341
343
344
345
346
347
348
349
350
351
352
353
355
356
357
358
359
360
361
362
364
365
366
367
368
369
370
371
372
373
374
375
376
377
378
379
380
381
382
383
384
385
386
387
388
389
390
391
392
393
394
395
396
397
398
399
400
401
402
403
404
405
406
407
408
409
410
411
412
413
414
415
416
418
419
420
421
422
423
424
425
426
427
428
429
430
431
432
433
434
435
436
437
438
439
440
441
442
443
444
445
446
447
448
449
450
451
452
453
454
455
456
457
458
459
460
461
462
464
465
466
467
468
469
470
471
472
473
474
475
476
477
478
479
480
481
482
483
484
485
486
487
488
489
490
491
492
493
495
496
497
498
499
500
501
502
503
504
505
506
507
508
509
510
511
512
513
514
515
516
517
518
519
520
521
522
523
524
525
526
527
528
530
531
532
533
534
535
536
537
538
539
540
541
542
543
544
545
546
547
548
549
550
551
552
553
554
556
557
558
559
560
561
562
563
564
565
566
567
568
569
570
571
572
573
574
575
576
577
578
579
580
581
582
583
584
585
586
587
588
589
590
591
592
593
594
595
596
597
598
599
600
601
602
603
604
605
606
607
609
610
611
612
613
614
615
616
617
618
619
621
622
623
624
625
626
627
628
629
630
631
632
633
634
635
636
637
638
639
640
641
642
643
644
645
646
647
648
649
650
651
652
653
654
655
656
657
658
659
660
661
662
663
664
665
666
667
668
669
670
671
672
673
674
675
676
677
678
679
680
681
682
683
684
685
686
687
688
689
690
691
692
693
694
695
696
697
698
699
700
701
702
703
704
705
706
707
708
709
710
711
712
713
714
715
716
717
718
719
720
721
722
723
724
725
726
727
728
729
730
731
732
733
734
735
736
737
738
739
740
741
742
743
744
745
746
747
748
749
750
751
752
753
754
756
757
758
759
760
761
762
763
764
765
767
768
769
770
771
772
773
774
775
776
777
778
779
780
781
782
783
784
785
786
787
788
789
790
791
792
793
794
795
796
797
798
799
800
801
802
803
804
805
806
807
808
809
810
811
812
813
814
815
816
817
818
819
820
821
822
823
824
825
826
827
828
829
830
831
832
833
834
835
836
837
838
839
840
841
842
843
844
845
846
847
848
849
850
851
852
853
854
855
856
857
858
859
860
861
862
863
864
865
866
867
868
869
870
871
872
873
874
875
876
877
878
879
880
881
882
883
884
885
886
887
888
889
890
891
892
893
894
895
896
897
898
899
900
901
902
903
904
905
906
907
908
909
910
911
912
913
914
915
916
917
918
919
920
921
922
923
924
925
926
927
928
929
930
931
932
933
934
935
936
937
938
939
940
941
942
943
944
945
946
947
948
949
950
951
952
953
954
955
956
957
958
960
961
962
963
964
965
966
967
968
969
970
971
972
973
974
975
976
977
978
979
980
981
982
983
984
985
986
987
988
989
990
991
992
993
994
995
996
997
998
999
1000
1001
1002
1003
1004
0 569 2
0 883 1
0 605 1
2 700 1
2 898 1
2 812 1
2 790 4
5 335 4
6 569 2
6 605 1
6 607 2
11 462 1
13 532 1
13 951 1
16 102 1
24 530 1
24 629 9
25 918 1
28 987 3
28 955 1
29 808 1
29 335 1
30 356 5
30 885 2
30 765 1
31 561 1
31 316 1
31 165 3
32 791 3
35 469 1
38 832 2
40 466 3
40 187 1
41 73 2
41 565 3
41 758 2
50 559 3
52 416 1
52 313 3
52 912 4
52 356 1
53 120 1
56 482 1
56 987 3
58 909 5
61 356 1
61 742 2
61 718 2
61 696 2
61 605 1
61 607 4
62 646 2
67 391 2
67 165 3
67 963 1
67 141 1
68 987 3
69 310 1
70 90 1
70 415 7
71 318 3
72 108 1
74 416 1
74 168 2
74 586 1
74 782 1
74 912 1
74 232 3
74 214 2
74 984 1
75 120 2
75 178 2
75 948 1
78 569 2
78 605 1
78 929 1
82 628 1
83 462 1
86 443 2
90 178 1
90 885 1
90 343 1
95 987 3
98 401 1
99 569 2
99 929 1
101 377 1
101 246 1
103 164 1
104 721 3
104 765 3
107 201 1
109 356 2
111 782 1
112 472 1
112 356 5
112 948 1
112 166 1
118 502 1
118 365 2
118 862 1
118 335 1
119 812 1
120 416 1
120 193 1
120 772 2
120 198 1
120 500 1
120 435 1
120 948 4
120 633 1
120 542 1
126 166 1
126 586 1
126 782 2
126 912 9
126 948 1
126 790 1
126 984 1
133 256 1
135 189 1
135 870 1
136 200 1
136 428 1
136 316 2
136 142 2
141 469 1
142 316 2
142 267 3
142 428 1
142 915 2
143 696 1
147 416 1
147 577 3
147 931 2
147 933 2
147 230 2
147 171 2
147 972 2
147 590 2
147 355 2
147 277 2
147 347 2
147 285 2
147 926 4
147 686 2
150 462 1
150 415 1
151 253 2
153 977 2
157 577 1
159 290 11
159 214 4
159 742 1
159 239 1
160 561 1
160 629 3
164 638 1
164 943 2
165 344 4
165 401 5
165 316 4
166 743 1
166 586 3
166 782 1
166 759 1
167 469 1
168 416 1
168 356 7
168 966 1
168 425 1
168 266 8
168 912 16
168 472 2
168 949 33
168 790 2
168 439 4
168 984 1
168 586 1
168 575 1
170 855 1
171 577 1
171 590 2
175 582 1
175 335 1
178 231 1
178 333 1
178 605 3
178 692 3
178 569 2
178 409 1
178 250 1
178 415 1
178 381 2
178 607 1
180 829 1
185 684 1
188 469 1
188 614 2
189 977 1
189 410 2
189 506 1
189 718 3
191 692 3
192 381 1
192 335 1
193 595 1
193 731 1
193 923 5
198 568 1
198 488 1
199 996 1
200 952 4
200 316 4
201 335 1
207 561 1
207 469 1
208 236 1
208 335 1
209 356 1
209 948 1
214 443 1
214 742 1
214 940 3
214 334 3
214 720 1
214 629 1
214 951 1
214 763 1
214 746 1
228 569 2
228 605 1
229 483 1
229 607 3
231 264 1
231 874 1
231 987 13
231 540 7
231 607 1
232 356 3
232 782 1
232 984 1
232 790 3
232 472 2
232 313 3
236 537 2
236 335 1
239 713 1
239 823 6
240 782 1
241 469 1
245 264 1
245 874 1
245 987 3
245 582 4
246 866 1
248 501 1
249 569 2
249 605 1
250 485 1
250 369 1
250 535 1
250 444 7
250 542 1
251 987 3
253 290 2
253 566 2
255 577 1
256 416 1
256 313 3
256 948 1
256 356 4
264 329 1
266 912 3
266 949 1
266 790 2
266 439 1
267 912 1
267 435 2
267 948 1
272 450 2
277 577 1
277 700 2
277 285 3
277 926 1
278 923 1
280 530 1
280 281 4
280 658 3
280 531 1
280 629 10
284 680 1
284 731 1
284 422 8
285 577 1
288 484 6
288 773 6
288 391 5
288 493 6
288 846 6
288 561 6
288 629 9
288 630 3
288 445 5
291 401 1
291 454 2
292 306 1
292 836 1
293 862 1
294 416 1
294 782 1
295 569 2
301 469 1
302 316 1
306 771 4
306 742 1
307 835 1
310 943 1
310 368 1
310 950 1
310 343 2
310 399 1
311 987 3
313 356 6
313 912 3
313 472 3
314 569 2
316 971 1
316 428 6
316 629 2
316 953 1
316 952 2
316 857 3
316 915 2
316 543 1
316 373 1
318 956 1
318 332 1
319 918 1
322 334 3
327 381 2
329 624 1
332 500 1
332 782 3
333 569 2
333 607 1
333 605 1
333 743 1
334 534 1
334 746 1
334 586 1
334 607 7
335 899 1
335 643 1
335 664 1
335 537 2
335 670 1
335 808 1
335 553 1
335 810 1
335 688 1
335 464 1
335 468 1
335 737 1
335 1004 1
335 980 5
335 381 2
337 505 1
337 692 1
337 607 2
338 987 3
338 540 2
339 569 2
343 607 3
347 577 1
349 976 3
355 577 1
356 517 1
356 648 2
356 912 6
356 721 5
356 730 1
356 416 1
356 425 8
356 948 1
356 949 1
356 574 1
356 472 18
356 602 6
356 868 1
356 743 7
356 762 2
356 765 5
356 383 2
360 629 3
361 987 3
365 732 1
377 866 2
383 595 1
383 909 2
388 491 1
388 550 1
392 948 1
392 517 2
401 454 3
401 429 3
401 415 3
404 595 1
407 779 1
409 569 2
409 605 1
409 929 1
410 767 2
415 940 1
416 586 1
416 782 1
416 912 1
416 948 3
418 996 4
421 424 3
421 795 1
421 469 1
422 731 1
424 469 1
425 472 2
425 912 1
426 462 1
428 838 3
428 915 4
428 857 10
428 990 1
429 454 3
432 987 3
433 987 9
435 586 2
435 500 1
439 912 6
440 537 4
443 742 1
443 662 3
444 535 2
447 782 1
450 595 1
454 592 3
458 577 2
465 812 1
466 662 3
469 512 3
469 547 1
469 614 1
469 817 1
469 851 1
469 954 1
469 795 1
469 957 1
470 569 2
470 605 1
472 912 4
480 987 3
482 987 3
482 606 1
483 586 1
493 629 3
499 704 1
499 565 1
499 935 1
500 814 1
500 948 1
500 782 1
500 575 2
502 851 1
502 569 2
502 923 1
502 605 1
502 862 1
502 607 1
506 899 1
509 634 4
516 764 8
516 924 4
516 804 3
526 629 3
530 561 1
530 891 1
530 629 11
531 987 3
532 700 1
534 862 1
534 607 1
538 569 2
538 605 1
540 994 5
540 987 4
540 874 1
540 951 1
540 955 1
543 952 1
546 920 2
546 550 1
547 862 1
552 817 1
552 978 1
553 670 1
561 629 3
563 696 1
565 723 4
565 844 2
568 595 3
569 929 2
569 693 2
569 710 2
569 976 2
569 599 2
569 605 3
569 862 2
569 991 2
569 767 2
573 782 1
575 912 3
577 931 1
577 933 1
577 715 1
577 972 1
577 748 1
577 590 1
577 686 1
577 926 1
582 994 1
582 987 3
586 617 2
586 782 4
586 687 1
586 912 1
586 602 1
591 607 7
592 609 3
592 948 2
599 605 1
599 929 1
602 721 2
602 743 6
605 710 1
605 976 1
605 693 1
605 700 1
605 862 1
605 767 1
607 687 6
607 692 5
607 718 6
607 696 2
607 987 1
609 633 1
624 692 1
629 658 3
629 685 3
629 846 3
629 630 3
629 631 3
629 891 3
630 685 1
641 987 3
643 657 1
650 682 6
650 738 1
650 654 7
650 783 1
654 738 6
654 682 7
654 837 2
654 783 6
663 951 1
668 720 1
672 918 1
674 948 1
679 951 1
682 738 2
682 783 2
684 844 2
686 872 1
686 696 2
687 746 1
692 830 1
696 731 1
697 855 2
698 987 3
699 912 1
700 812 1
700 790 2
700 956 1
703 784 1
703 771 6
704 743 1
710 929 1
718 883 1
718 724 3
718 980 1
718 762 1
720 746 2
720 813 1
720 935 5
721 765 3
721 743 2
723 758 3
724 883 3
738 745 3
738 783 1
738 923 3
742 802 1
742 835 2
742 775 1
742 765 2
742 754 1
742 915 1
743 948 1
746 935 2
758 844 2
758 956 4
758 918 1
759 782 1
762 782 1
764 874 1
764 987 3
767 929 1
771 926 1
771 863 1
774 947 30
782 869 1
782 885 1
782 984 4
782 825 1
789 987 3
790 812 1
803 948 2
804 881 2
809 987 3
837 969 1
840 874 1
840 987 3
843 907 1
844 918 1
849 987 3
854 948 1
854 918 1
862 909 1
872 987 3
873 874 1
873 987 3
885 984 1
912 948 1
912 949 1
915 923 2
918 956 1
920 978 2
925 987 3
955 987 3
987 994 3
