0
1
2
3
4
5
6
7
8
9
10
11
12
13
14
15
16
17
18
19
20
21
22
23
24
25
26
27
28
29
30
31
32
33
34
35
36
37
38
39
40
41
42
43
44
45
46
47
48
49
50
51
52
53
54
55
56
57
58
59
60
61
62
63
64
65
66
67
68
69
70
71
72
73
74
75
76
77
78
79
80
81
82
83
84
85
86
87
88
89
90
91
92
93
94
95
96
97
98
99
100
101
102
103
104
105
106
107
108
109
110
111
112
113
114
115
116
117
118
119
120
121
122
123
124
125
126
127
128
129
130
131
132
133
134
135
136
137
138
139
141
142
143
144
145
146
147
148
149
150
151
152
153
154
155
157
158
159
160
161
162
163
164
165
166
167
168
169
170
171
172
173
174
175
176
177
178
179
180
181
182
183
184
185
186
187
188
189
190
191
192
193
194
195
196
197
198
199
200
201
202
203
204
205
206
207
208
209
210
211
212
213
214
215
216
217
218
219
220
221
222
223
224
225
226
227
228
229
230
231
232
233
235
236
237
238
239
240
241
242
243
244
245
246
247
248
249
250
251
252
253
254
255
256
257
259
260
262
263
264
265
266
267
268
269
270
271
272
273
274
275
276
277
278
279
280
281
282
283
284
285
286
287
288
289
290
291
292
293
294
295
296
297
299
300
301
302
303
304
305
306
307
308
309
310
311
312
313
314
315
316
317
318
319
320
321
322
323
324
325
326
327
328
329
330
331
332
333
334
335
336
337
338
339
340
341
343
344
345
346
347
348
349
350
351
352
353
355
356
357
358
359
360
361
362
364
365
366
367
368
369
370
371
372
373
374
375
376
377
378
379
380
381
382
383
384
385
386
387
388
389
390
391
392
393
394
395
396
397
398
399
400
401
402
403
404
405
406
407
408
409
410
411
412
413
414
415
416
418
419
420
421
422
423
424
425
426
427
428
429
430
431
432
433
434
435
436
437
438
439
440
441
442
443
444
445
446
447
448
449
450
451
452
453
454
455
456
457
458
459
460
461
462
464
465
466
467
468
469
470
471
472
473
474
475
476
477
478
479
480
481
482
483
484
485
486
487
488
489
490
491
492
493
495
496
497
498
499
500
501
502
503
504
505
506
507
508
509
510
511
512
513
514
515
516
517
518
519
520
521
522
523
524
525
526
527
528
530
531
532
533
534
535
536
537
538
539
540
541
542
543
544
545
546
547
548
549
550
551
552
553
554
556
557
558
559
560
561
562
563
564
565
566
567
568
569
570
571
572
573
574
575
576
577
578
579
580
581
582
583
584
585
586
587
588
589
590
591
592
593
594
595
596
597
598
599
600
601
602
603
604
605
606
607
609
610
611
612
613
614
615
616
617
618
619
621
622
623
624
625
626
627
628
629
630
631
632
633
634
635
636
637
638
639
640
641
642
643
644
645
646
647
648
649
650
651
652
653
654
655
656
657
658
659
660
661
662
663
664
665
666
667
668
669
670
671
672
673
674
675
676
677
678
679
680
681
682
683
684
685
686
687
688
689
690
691
692
693
694
695
696
697
698
699
700
701
702
703
704
705
706
707
708
709
710
711
712
713
714
715
716
717
718
719
720
721
722
723
724
725
726
727
728
729
730
731
732
733
734
735
736
737
738
739
740
741
742
743
744
745
746
747
748
749
750
751
752
753
754
756
757
758
759
760
761
762
763
764
765
767
768
769
770
771
772
773
774
775
776
777
778
779
780
781
782
783
784
785
786
787
788
789
790
791
792
793
794
795
796
797
798
799
800
801
802
803
804
805
806
807
808
809
810
811
812
813
814
815
816
817
818
819
820
821
822
823
824
825
826
827
828
829
830
831
832
833
834
835
836
837
838
839
840
841
842
843
844
845
846
847
848
849
850
851
852
853
854
855
856
857
858
859
860
861
862
863
864
865
866
867
868
869
870
871
872
873
874
875
876
877
878
879
880
881
882
883
884
885
886
887
888
889
890
891
892
893
894
895
896
897
898
899
900
901
902
903
904
905
906
907
908
909
910
911
912
913
914
915
916
917
918
919
920
921
922
923
924
925
926
927
928
929
930
931
932
933
934
935
936
937
938
939
940
941
942
943
944
945
946
947
948
949
950
951
952
953
954
955
956
957
958
960
961
962
963
964
965
966
967
968
969
970
971
972
973
974
975
976
977
978
979
980
981
982
983
984
985
986
987
988
989
990
991
992
993
994
995
996
997
998
999
1000
1001
1002
1003
1004
0 32 1
0 569 3
0 732 1
0 605 1
1 309 1
2 849 1
2 231 2
2 749 4
2 782 2
2 17 1
2 629 6
2 790 3
4 135 2
5 607 3
5 506 1
5 335 1
5 724 1
5 175 2
6 569 3
6 410 1
6 1004 1
6 470 3
6 881 1
8 144 2
8 739 1
12 870 1
14 924 1
14 702 1
15 680 4
15 731 5
16 19 1
17 857 2
17 915 2
17 428 1
19 32 1
19 127 3
24 891 6
24 530 1
24 267 7
24 629 13
25 48 1
25 458 5
27 147 1
28 987 1
28 789 1
29 192 1
29 335 1
30 104 1
30 868 1
30 762 1
30 356 1
31 410 1
31 428 2
31 165 6
31 647 1
32 418 1
32 197 1
32 777 1
32 170 1
32 843 1
32 236 1
32 365 1
32 718 1
32 143 1
32 432 1
32 977 2
32 185 1
32 502 1
32 791 4
32 249 1
32 380 1
32 381 1
32 862 3
34 855 3
35 547 1
35 978 2
35 851 1
40 712 1
40 568 2
40 546 1
40 450 3
41 723 3
41 565 2
45 66 1
45 227 3
46 399 1
48 458 4
48 684 4
48 558 1
48 216 1
48 956 1
48 319 1
50 788 1
52 201 1
52 868 5
53 193 2
56 482 2
56 987 2
56 789 1
58 585 2
58 577 2
60 187 1
61 802 2
61 900 1
61 742 1
61 450 1
61 334 4
61 272 2
61 181 1
61 602 2
61 991 3
62 823 1
62 646 1
62 542 6
62 159 1
64 534 1
65 135 1
65 220 1
65 927 1
66 227 6
67 963 19
67 165 5
67 846 2
67 207 5
67 561 2
67 344 4
68 987 1
68 789 1
73 499 1
75 416 1
75 772 2
75 107 1
75 334 4
75 850 1
75 120 2
75 607 2
75 220 5
75 191 2
77 168 1
77 912 4
77 439 5
78 149 2
82 628 3
82 870 4
82 135 3
83 784 1
83 771 1
84 939 2
86 443 1
86 703 2
90 865 1
90 236 4
90 142 1
90 915 2
90 506 1
90 927 2
91 607 1
91 415 2
92 847 2
92 428 2
92 647 1
92 142 1
92 207 2
95 987 1
95 789 1
98 592 8
98 291 1
98 107 1
98 429 4
101 377 2
101 866 2
101 724 3
101 246 5
101 423 2
102 548 1
103 1001 2
104 765 2
105 418 1
105 947 4
105 774 1
106 740 4
106 509 1
107 898 1
107 553 1
107 810 1
107 980 1
107 713 1
107 201 2
107 381 1
107 127 2
111 602 1
112 356 1
112 517 1
113 927 4
113 542 1
113 823 1
118 335 1
120 292 1
120 454 2
120 135 5
120 305 1
120 214 1
120 923 2
120 927 1
122 275 1
122 428 4
122 693 1
122 718 1
124 823 1
125 477 1
125 534 1
126 294 2
126 790 1
127 907 1
127 777 1
127 334 2
127 696 3
127 569 1
127 410 1
127 607 2
132 842 4
133 416 1
133 602 5
134 592 8
134 291 2
134 454 4
135 581 15
135 742 6
135 936 2
135 870 3
135 942 23
135 720 3
135 371 3
135 628 16
135 469 2
135 214 1
135 692 1
135 703 2
136 857 4
136 915 6
136 428 5
136 647 1
136 159 1
137 771 6
139 477 1
141 241 1
141 978 4
141 547 1
141 469 3
141 614 4
142 838 2
142 647 1
142 267 2
142 915 2
142 469 4
142 857 1
142 159 1
143 872 1
143 580 1
143 796 1
143 159 3
146 326 2
147 577 7
147 686 1
147 931 1
147 933 1
147 454 5
147 171 1
147 972 1
147 230 1
147 334 1
147 308 1
147 277 2
147 214 2
147 347 1
147 590 1
147 285 1
147 926 1
147 159 2
149 866 1
149 275 3
149 716 1
149 599 2
151 290 2
151 278 1
153 977 8
157 577 1
157 586 1
157 590 1
157 692 1
157 334 3
157 607 3
159 416 2
159 290 3
159 923 2
159 841 1
159 713 1
159 306 1
159 912 1
159 209 1
159 274 2
159 214 8
159 695 2
159 920 2
159 251 2
159 915 9
160 280 1
160 530 1
160 629 8
164 420 2
165 683 2
165 838 1
165 267 3
165 428 2
165 401 11
165 857 1
165 316 3
165 990 1
166 416 2
166 782 1
167 547 1
167 207 1
167 978 3
167 851 1
167 469 3
167 630 2
167 988 1
167 607 2
168 416 8
168 260 6
168 966 1
168 324 2
168 912 20
168 885 1
168 472 3
168 356 3
168 575 2
174 510 1
175 737 1
175 582 3
175 423 2
175 335 1
175 849 5
175 275 11
175 246 2
180 215 1
184 883 1
184 393 1
184 607 1
184 423 2
184 599 1
185 830 1
188 978 3
188 547 1
188 469 2
189 718 2
189 607 1
191 334 1
191 927 1
193 290 1
193 963 2
193 714 4
193 784 1
193 500 1
193 923 1
195 880 1
196 850 1
197 987 1
197 789 1
197 630 2
199 924 3
199 506 4
199 644 5
200 952 4
200 696 3
200 915 6
200 838 4
200 971 3
201 335 1
202 629 8
207 424 2
207 847 2
207 978 5
207 547 1
207 469 3
207 630 1
207 795 5
207 988 1
208 410 1
208 236 2
208 335 1
209 912 1
209 765 1
214 776 2
214 940 2
214 912 1
214 530 2
214 920 2
214 923 2
214 544 2
214 290 1
214 684 2
214 305 1
214 951 1
214 569 1
214 577 2
214 835 2
214 712 1
214 841 1
214 844 2
214 334 2
214 720 2
214 852 2
214 787 1
214 987 2
214 220 2
214 865 2
214 738 2
214 743 2
214 371 2
214 629 3
214 502 1
216 321 1
223 534 1
226 440 2
227 966 1
228 569 4
228 605 2
228 502 2
228 335 1
229 483 1
229 628 3
229 742 2
229 607 7
231 462 1
231 789 1
231 502 2
231 698 3
231 987 2
231 540 1
231 607 2
233 692 3
235 923 1
236 359 1
236 335 1
236 381 1
236 537 3
236 410 1
239 596 1
239 324 3
241 547 1
242 769 1
245 698 3
245 987 1
245 764 3
245 789 1
246 724 7
246 423 11
248 506 1
249 569 3
249 506 1
249 605 1
250 927 4
250 886 3
250 823 1
251 987 1
251 789 1
253 923 1
256 472 3
256 416 2
256 356 1
260 912 3
267 674 6
267 662 1
267 951 3
268 633 1
268 291 1
272 450 2
272 900 1
272 754 1
272 662 1
274 920 2
274 469 1
275 737 1
275 327 1
275 849 6
277 715 1
280 846 2
280 360 1
280 526 1
280 561 1
280 658 3
280 915 1
280 629 5
280 631 1
290 416 2
290 589 3
291 454 2
291 429 4
291 401 3
293 724 6
293 605 1
293 718 1
294 416 1
294 817 3
294 586 1
294 790 1
295 569 3
299 388 2
299 788 1
301 978 5
301 547 1
305 416 4
305 356 3
305 743 1
306 771 1
306 742 4
306 784 2
306 659 1
306 660 1
306 703 3
307 692 1
310 343 2
311 987 1
311 789 1
311 697 2
311 955 1
311 540 2
311 925 1
313 472 2
313 416 1
316 915 3
316 428 2
318 684 1
321 499 1
321 684 1
322 706 1
324 509 1
324 534 1
327 381 2
332 500 3
333 569 3
333 605 5
334 612 3
334 534 3
334 772 2
334 607 1
335 643 1
335 532 3
335 664 5
335 537 1
335 670 1
335 808 1
335 553 1
335 810 1
335 688 1
335 464 1
335 468 1
335 985 1
335 737 1
335 1004 1
335 980 1
335 381 1
337 904 1
337 505 2
337 646 2
337 638 2
337 927 1
338 987 1
338 789 1
343 534 1
343 663 2
347 966 2
353 891 1
356 416 2
356 517 1
356 550 2
356 743 1
356 912 1
356 535 1
356 472 7
356 762 1
356 765 1
360 891 1
360 629 8
361 987 1
361 789 1
362 383 1
364 987 1
364 789 1
369 927 4
369 823 1
372 572 2
377 457 1
377 716 1
377 718 2
377 607 3
379 568 1
380 712 2
381 537 1
383 428 3
383 589 1
388 534 1
394 823 1
397 671 1
397 975 1
401 429 12
401 454 8
401 415 7
409 569 3
409 470 1
409 710 1
410 969 1
410 652 1
410 977 2
414 891 3
415 833 1
415 587 1
415 940 1
415 630 2
415 569 4
415 607 1
416 648 1
416 912 3
416 948 1
416 927 2
416 602 1
416 859 1
416 762 1
418 977 17
421 547 1
421 424 2
421 978 8
421 469 1
421 630 2
421 795 3
423 710 2
423 650 1
423 977 2
424 547 1
424 978 4
424 795 5
427 955 3
428 647 2
428 915 6
428 469 1
428 857 4
428 543 2
429 454 11
432 987 1
432 789 1
433 738 1
433 987 1
433 789 1
433 582 2
435 500 6
435 782 2
440 537 2
443 771 1
443 742 1
443 662 5
443 703 2
444 535 1
444 927 4
444 823 1
447 586 1
447 885 1
450 900 1
450 712 2
450 568 2
450 754 1
450 595 1
450 920 2
450 947 1
450 572 4
454 609 1
454 772 2
454 592 7
456 936 1
458 684 2
458 704 1
458 844 1
459 517 1
462 833 1
469 978 3
469 512 2
469 547 1
469 817 1
469 851 1
469 630 1
469 858 1
470 789 2
470 569 3
470 605 1
470 862 1
472 743 2
472 602 2
472 575 1
482 569 12
482 531 3
482 789 1
482 987 1
483 607 3
485 927 4
485 823 1
493 561 2
493 629 8
495 568 1
495 862 2
497 977 1
499 918 1
499 844 1
499 684 2
499 758 1
499 956 1
500 546 1
500 550 5
500 782 3
500 687 3
500 923 2
502 776 1
502 569 4
502 538 4
502 605 1
502 607 1
506 644 11
506 682 1
506 951 7
506 783 1
506 996 1
506 921 5
506 924 1
506 541 6
506 702 1
511 987 1
511 789 1
512 547 1
513 927 4
513 823 4
515 927 1
516 761 2
516 532 1
516 790 8
517 803 1
523 692 2
526 530 1
526 629 8
528 873 1
528 629 1
528 549 1
530 685 3
530 629 12
530 630 10
530 631 1
530 633 4
530 891 10
531 641 1
531 987 2
531 789 1
532 700 2
534 591 1
534 692 2
534 890 1
535 927 4
535 823 4
538 569 3
538 862 2
538 693 1
540 987 1
540 840 2
540 789 1
540 855 3
540 697 2
540 698 4
540 955 7
540 925 1
541 752 1
541 951 8
542 927 4
542 646 1
542 823 1
546 920 1
546 550 2
546 607 1
547 614 1
547 552 1
547 817 2
547 978 3
547 851 1
547 824 1
547 954 1
547 795 1
547 988 2
547 709 1
550 671 2
550 743 4
551 927 4
551 823 1
552 978 2
552 951 1
553 687 1
556 823 1
557 912 1
557 927 1
558 956 1
558 565 2
561 846 3
561 629 8
561 631 2
565 704 1
565 679 1
565 684 1
565 723 2
568 771 2
568 742 1
568 712 1
568 784 2
568 947 3
569 693 3
569 607 1
569 710 3
569 976 3
569 599 4
569 605 3
569 862 4
569 991 3
569 749 6
577 966 2
577 936 7
577 748 2
581 936 3
581 703 3
582 650 1
582 690 2
582 789 1
582 987 1
586 803 1
586 782 1
588 987 1
588 789 1
591 923 3
591 607 1
592 713 5
592 927 7
595 718 1
599 710 2
602 743 1
605 710 1
605 862 1
607 900 1
607 915 4
607 920 1
607 687 1
607 692 1
607 833 2
607 716 1
607 696 4
607 738 1
607 996 1
607 891 1
609 707 2
609 772 1
609 807 1
612 633 1
614 978 2
614 630 4
617 720 1
626 936 1
628 720 1
628 870 3
629 658 8
629 685 8
629 846 8
629 630 8
629 631 9
629 891 12
629 894 8
630 954 10
631 891 1
634 788 1
638 700 1
639 1004 5
641 789 1
641 987 1
643 685 2
644 996 1
644 1001 6
644 977 3
644 702 1
646 927 4
646 823 3
647 847 1
647 915 1
647 953 1
647 857 1
648 984 2
648 765 1
650 977 1
654 738 1
654 783 1
654 991 1
659 742 1
662 900 1
669 739 1
670 702 2
672 844 4
674 927 1
679 684 1
680 720 1
680 731 4
682 719 1
682 783 1
684 704 1
684 918 1
684 844 1
687 923 4
687 915 1
692 746 4
692 749 5
697 855 5
697 925 2
698 840 3
698 873 3
698 764 3
700 881 1
700 812 1
700 849 1
703 771 1
711 880 1
718 904 1
718 777 1
718 754 1
718 883 1
718 724 1
718 980 1
719 738 1
720 942 1
720 855 1
720 731 1
722 927 4
722 823 3
723 758 3
738 996 1
738 783 1
740 788 3
742 771 2
743 868 1
743 859 1
752 850 1
758 844 3
758 956 1
758 918 1
761 881 1
764 987 1
764 789 1
765 942 1
770 927 4
772 915 2
772 923 2
773 955 1
774 947 29
782 790 1
783 850 1
789 809 1
789 955 1
789 840 1
789 994 1
789 849 1
789 987 2
789 872 1
789 873 1
790 881 1
790 823 1
795 978 3
809 987 1
817 978 4
821 823 1
823 854 1
823 927 7
833 850 1
840 987 1
849 987 1
850 987 1
851 978 5
854 927 8
855 936 6
857 915 1
858 991 1
861 896 1
872 987 2
873 987 1
881 921 1
890 923 1
911 1004 1
915 971 1
915 952 5
925 955 1
954 978 3
955 987 2
957 978 2
969 977 1
977 1001 11
977 1004 5
978 988 2
987 994 1
