0
1
2
3
4
5
6
7
8
9
10
11
12
13
14
15
16
17
18
19
20
21
22
23
24
25
26
27
28
29
30
31
32
33
34
35
36
37
38
39
40
41
42
43
44
45
46
47
48
49
50
51
52
53
54
55
56
57
58
59
60
61
62
63
64
65
66
67
68
69
70
71
72
73
74
75
76
77
78
79
80
81
82
83
84
85
86
87
88
89
90
91
92
93
94
95
96
97
98
99
100
101
102
103
104
105
106
107
108
109
110
111
112
113
114
115
116
117
118
119
120
121
122
123
124
125
126
127
128
129
130
131
132
133
134
135
136
137
138
139
141
142
143
144
145
146
147
148
149
150
151
152
153
154
155
157
158
159
160
161
162
163
164
165
166
167
168
169
170
171
172
173
174
175
176
177
178
179
180
181
182
183
184
185
186
187
188
189
190
191
192
193
194
195
196
197
198
199
200
201
202
203
204
205
206
207
208
209
210
211
212
213
214
215
216
217
218
219
220
221
222
223
224
225
226
227
228
229
230
231
232
233
235
236
237
238
239
240
241
242
243
244
245
246
247
248
249
250
251
252
253
254
255
256
257
259
260
262
263
264
265
266
267
268
269
270
271
272
273
274
275
276
277
278
279
280
281
282
283
284
285
286
287
288
289
290
291
292
293
294
295
296
297
299
300
301
302
303
304
305
306
307
308
309
310
311
312
313
314
315
316
317
318
319
320
321
322
323
324
325
326
327
328
329
330
331
332
333
334
335
336
337
338
339
340
341
343
344
345
346
347
348
349
350
351
352
353
355
356
357
358
359
360
361
362
364
365
366
367
368
369
370
371
372
373
374
375
376
377
378
379
380
381
382
383
384
385
386
387
388
389
390
391
392
393
394
395
396
397
398
399
400
401
402
403
404
405
406
407
408
409
410
411
412
413
414
415
416
418
419
420
421
422
423
424
425
426
427
428
429
430
431
432
433
434
435
436
437
438
439
440
441
442
443
444
445
446
447
448
449
450
451
452
453
454
455
456
457
458
459
460
461
462
464
465
466
467
468
469
470
471
472
473
474
475
476
477
478
479
480
481
482
483
484
485
486
487
488
489
490
491
492
493
495
496
497
498
499
500
501
502
503
504
505
506
507
508
509
510
511
512
513
514
515
516
517
518
519
520
521
522
523
524
525
526
527
528
530
531
532
533
534
535
536
537
538
539
540
541
542
543
544
545
546
547
548
549
550
551
552
553
554
556
557
558
559
560
561
562
563
564
565
566
567
568
569
570
571
572
573
574
575
576
577
578
579
580
581
582
583
584
585
586
587
588
589
590
591
592
593
594
595
596
597
598
599
600
601
602
603
604
605
606
607
609
610
611
612
613
614
615
616
617
618
619
621
622
623
624
625
626
627
628
629
630
631
632
633
634
635
636
637
638
639
640
641
642
643
644
645
646
647
648
649
650
651
652
653
654
655
656
657
658
659
660
661
662
663
664
665
666
667
668
669
670
671
672
673
674
675
676
677
678
679
680
681
682
683
684
685
686
687
688
689
690
691
692
693
694
695
696
697
698
699
700
701
702
703
704
705
706
707
708
709
710
711
712
713
714
715
716
717
718
719
720
721
722
723
724
725
726
727
728
729
730
731
732
733
734
735
736
737
738
739
740
741
742
743
744
745
746
747
748
749
750
751
752
753
754
756
757
758
759
760
761
762
763
764
765
767
768
769
770
771
772
773
774
775
776
777
778
779
780
781
782
783
784
785
786
787
788
789
790
791
792
793
794
795
796
797
798
799
800
801
802
803
804
805
806
807
808
809
810
811
812
813
814
815
816
817
818
819
820
821
822
823
824
825
826
827
828
829
830
831
832
833
834
835
836
837
838
839
840
841
842
843
844
845
846
847
848
849
850
851
852
853
854
855
856
857
858
859
860
861
862
863
864
865
866
867
868
869
870
871
872
873
874
875
876
877
878
879
880
881
882
883
884
885
886
887
888
889
890
891
892
893
894
895
896
897
898
899
900
901
902
903
904
905
906
907
908
909
910
911
912
913
914
915
916
917
918
919
920
921
922
923
924
925
926
927
928
929
930
931
932
933
934
935
936
937
938
939
940
941
942
943
944
945
946
947
948
949
950
951
952
953
954
955
956
957
958
960
961
962
963
964
965
966
967
968
969
970
971
972
973
974
975
976
977
978
979
980
981
982
983
984
985
986
987
988
989
990
991
992
993
994
995
996
997
998
999
1000
1001
1002
1003
1004
0 249 2
0 569 1
0 693 3
0 189 2
0 159 3
2 790 1
6 249 1
6 569 1
14 796 1
14 924 2
16 772 1
24 891 3
24 647 1
28 987 2
35 978 1
35 207 1
40 267 1
41 499 1
41 956 3
41 565 1
46 164 1
53 946 3
53 692 2
56 987 2
58 818 2
58 909 2
61 724 1
61 692 1
61 742 1
61 718 1
62 800 2
62 485 2
67 963 2
68 987 2
73 618 2
78 569 1
83 703 1
90 742 2
90 233 3
90 107 1
90 850 1
90 464 1
90 881 1
90 530 1
91 830 1
95 987 2
98 107 1
101 867 1
101 246 2
103 977 1
103 164 1
103 950 2
103 879 1
105 418 1
106 164 1
107 464 1
107 208 1
107 810 1
111 416 1
112 416 1
112 674 2
114 249 1
120 764 1
120 772 2
126 648 1
127 772 1
133 602 1
135 746 1
135 692 1
135 581 3
135 942 3
135 170 1
136 200 1
139 164 1
147 416 2
147 577 1
147 931 2
147 933 6
147 230 1
147 454 1
147 171 1
147 972 1
147 590 1
147 355 1
147 277 1
147 347 1
147 285 1
147 926 1
147 686 1
150 987 2
157 746 1
157 740 1
157 933 1
159 693 1
160 526 1
164 487 1
164 299 1
166 416 1
166 586 2
166 762 1
167 851 1
167 207 1
167 181 1
167 951 1
168 416 1
168 260 1
168 949 1
169 595 1
171 933 1
173 850 1
173 996 1
173 506 2
175 849 2
175 710 2
175 423 2
178 249 1
178 978 1
178 502 3
178 718 1
178 569 1
181 920 1
181 274 2
185 762 1
185 830 1
188 978 1
188 207 1
189 772 1
189 236 1
189 1004 1
189 977 2
189 249 2
191 692 2
192 381 2
199 850 1
200 952 2
207 547 1
207 421 1
207 424 1
207 241 1
207 301 1
207 847 1
207 817 1
207 851 1
207 469 1
207 954 1
207 795 1
207 957 1
208 236 1
214 720 2
214 746 1
214 306 1
214 662 1
214 935 1
216 458 1
223 746 1
226 361 1
228 569 1
229 742 3
229 863 1
230 933 1
231 987 2
232 472 4
232 313 2
232 946 3
236 249 1
236 537 6
245 987 2
246 423 2
248 746 1
249 716 1
249 1004 3
249 595 6
249 569 1
249 410 1
250 485 1
251 987 2
264 338 2
267 443 2
267 948 1
267 662 1
274 920 1
277 933 1
285 933 1
293 605 1
294 313 1
294 586 1
294 817 1
295 569 1
299 509 1
311 955 1
311 987 2
313 416 2
313 765 1
313 447 1
315 936 2
316 392 10
316 656 1
316 971 1
316 428 1
319 832 6
319 499 1
321 458 1
322 879 3
326 416 1
327 381 2
332 500 1
333 569 1
334 534 1
334 591 1
338 987 2
339 569 1
341 915 1
347 933 2
349 976 1
353 891 3
353 630 3
355 933 1
356 586 1
361 987 2
362 530 1
362 383 2
364 987 2
365 732 2
369 823 1
372 595 3
377 729 1
378 950 1
379 568 1
383 720 1
383 1001 2
383 458 1
409 569 1
415 718 3
416 674 1
416 868 1
416 743 1
416 425 1
416 586 6
416 782 1
416 912 1
416 648 1
416 885 1
416 854 1
416 472 1
416 602 1
416 573 1
416 447 1
418 977 9
418 996 13
418 761 2
423 977 1
425 912 1
425 946 1
432 987 2
433 987 4
435 782 1
438 818 2
443 677 1
447 586 8
450 712 2
450 746 1
454 609 1
464 980 1
470 569 1
472 966 3
478 818 2
480 987 2
482 987 2
485 646 1
491 497 1
491 599 2
493 530 2
497 977 1
499 956 1
499 558 1
500 586 1
500 782 1
502 569 1
502 746 1
502 791 3
506 996 1
514 977 2
514 950 1
530 629 1
530 630 3
530 891 7
530 746 1
531 987 2
534 746 1
534 939 1
535 542 1
538 569 1
540 987 2
542 746 1
543 891 1
543 971 1
544 772 1
547 978 1
561 846 1
565 723 1
569 710 1
569 599 1
569 976 1
569 693 1
569 767 1
569 605 1
569 862 1
569 991 1
577 933 1
581 936 1
581 855 4
582 987 2
586 617 1
586 687 1
586 984 1
586 602 4
586 762 1
590 933 2
591 746 1
592 609 1
595 951 1
599 710 1
602 765 1
629 891 1
630 790 5
641 987 2
647 656 1
650 682 3
650 738 1
650 654 1
650 783 1
654 682 1
662 900 1
668 746 3
669 772 1
682 738 1
684 746 1
686 933 1
687 746 1
688 808 1
692 742 1
692 746 2
697 855 1
698 987 3
716 718 1
718 746 1
718 724 4
720 935 1
723 933 1
724 883 1
724 796 1
731 746 1
739 746 1
742 746 1
746 776 1
746 920 1
746 935 4
746 775 1
746 834 1
746 851 1
746 980 1
746 994 1
761 783 1
764 987 2
772 843 1
773 955 1
774 947 40
780 977 1
780 950 2
789 987 2
790 868 3
790 812 6
790 863 2
809 987 2
832 950 1
840 873 1
840 987 2
849 987 2
850 996 2
872 987 2
873 987 2
898 980 1
925 987 2
926 933 2
931 933 1
933 972 1
935 992 2
950 1001 1
950 977 2
951 957 1
955 987 2
978 988 1
987 994 2
