0
1
2
3
4
5
6
7
8
9
10
11
12
13
14
15
16
17
18
19
20
21
22
23
24
25
26
27
28
29
30
31
32
33
34
35
36
37
38
39
40
41
42
43
44
45
46
47
48
49
50
51
52
53
54
55
56
57
58
59
60
61
62
63
64
65
66
67
68
69
70
71
72
73
74
75
76
77
78
79
80
81
82
83
84
85
86
87
88
89
90
91
92
93
94
95
96
97
98
99
100
101
102
103
104
105
106
107
108
109
110
111
112
113
114
115
116
117
118
119
120
121
122
123
124
125
126
127
128
129
130
131
132
133
134
135
136
137
138
139
141
142
143
144
145
146
147
148
149
150
151
152
153
154
155
157
158
159
160
161
162
163
164
165
166
167
168
169
170
171
172
173
174
175
176
177
178
179
180
181
182
183
184
185
186
187
188
189
190
191
192
193
194
195
196
197
198
199
200
201
202
203
204
205
206
207
208
209
210
211
212
213
214
215
216
217
218
219
220
221
222
223
224
225
226
227
228
229
230
231
232
233
235
236
237
238
239
240
241
242
243
244
245
246
247
248
249
250
251
252
253
254
255
256
257
259
260
262
263
264
265
266
267
268
269
270
271
272
273
274
275
276
277
278
279
280
281
282
283
284
285
286
287
288
289
290
291
292
293
294
295
296
297
299
300
301
302
303
304
305
306
307
308
309
310
311
312
313
314
315
316
317
318
319
320
321
322
323
324
325
326
327
328
329
330
331
332
333
334
335
336
337
338
339
340
341
343
344
345
346
347
348
349
350
351
352
353
355
356
357
358
359
360
361
362
364
365
366
367
368
369
370
371
372
373
374
375
376
377
378
379
380
381
382
383
384
385
386
387
388
389
390
391
392
393
394
395
396
397
398
399
400
401
402
403
404
405
406
407
408
409
410
411
412
413
414
415
416
418
419
420
421
422
423
424
425
426
427
428
429
430
431
432
433
434
435
436
437
438
439
440
441
442
443
444
445
446
447
448
449
450
451
452
453
454
455
456
457
458
459
460
461
462
464
465
466
467
468
469
470
471
472
473
474
475
476
477
478
479
480
481
482
483
484
485
486
487
488
489
490
491
492
493
495
496
497
498
499
500
501
502
503
504
505
506
507
508
509
510
511
512
513
514
515
516
517
518
519
520
521
522
523
524
525
526
527
528
530
531
532
533
534
535
536
537
538
539
540
541
542
543
544
545
546
547
548
549
550
551
552
553
554
556
557
558
559
560
561
562
563
564
565
566
567
568
569
570
571
572
573
574
575
576
577
578
579
580
581
582
583
584
585
586
587
588
589
590
591
592
593
594
595
596
597
598
599
600
601
602
603
604
605
606
607
609
610
611
612
613
614
615
616
617
618
619
621
622
623
624
625
626
627
628
629
630
631
632
633
634
635
636
637
638
639
640
641
642
643
644
645
646
647
648
649
650
651
652
653
654
655
656
657
658
659
660
661
662
663
664
665
666
667
668
669
670
671
672
673
674
675
676
677
678
679
680
681
682
683
684
685
686
687
688
689
690
691
692
693
694
695
696
697
698
699
700
701
702
703
704
705
706
707
708
709
710
711
712
713
714
715
716
717
718
719
720
721
722
723
724
725
726
727
728
729
730
731
732
733
734
735
736
737
738
739
740
741
742
743
744
745
746
747
748
749
750
751
752
753
754
756
757
758
759
760
761
762
763
764
765
767
768
769
770
771
772
773
774
775
776
777
778
779
780
781
782
783
784
785
786
787
788
789
790
791
792
793
794
795
796
797
798
799
800
801
802
803
804
805
806
807
808
809
810
811
812
813
814
815
816
817
818
819
820
821
822
823
824
825
826
827
828
829
830
831
832
833
834
835
836
837
838
839
840
841
842
843
844
845
846
847
848
849
850
851
852
853
854
855
856
857
858
859
860
861
862
863
864
865
866
867
868
869
870
871
872
873
874
875
876
877
878
879
880
881
882
883
884
885
886
887
888
889
890
891
892
893
894
895
896
897
898
899
900
901
902
903
904
905
906
907
908
909
910
911
912
913
914
915
916
917
918
919
920
921
922
923
924
925
926
927
928
929
930
931
932
933
934
935
936
937
938
939
940
941
942
943
944
945
946
947
948
949
950
951
952
953
954
955
956
957
958
960
961
962
963
964
965
966
967
968
969
970
971
972
973
974
975
976
977
978
979
980
981
982
983
984
985
986
987
988
989
990
991
992
993
994
995
996
997
998
999
1000
1001
1002
1003
1004
2 700 1
2 388 1
2 790 8
4 135 1
14 724 6
14 796 4
14 702 1
16 90 1
24 280 2
25 684 1
28 987 1
29 78 2
32 280 2
35 280 2
41 723 2
45 66 1
56 987 3
61 522 1
61 718 4
61 991 10
62 90 2
62 542 1
62 500 1
62 485 1
62 646 6
68 987 1
70 322 1
74 168 5
77 168 1
77 762 3
82 135 1
86 662 2
90 912 1
91 280 1
91 850 4
91 915 2
91 660 1
91 647 1
95 987 1
101 246 1
104 648 5
104 765 2
104 742 1
105 418 10
111 885 1
113 586 4
118 732 1
120 502 2
125 139 1
126 586 8
126 790 2
126 294 2
133 765 2
135 581 7
135 870 1
135 170 1
135 942 2
135 371 1
135 628 6
139 977 1
139 780 1
139 622 1
139 513 1
142 280 2
157 277 1
157 718 3
166 267 1
168 260 7
168 966 3
168 585 1
168 912 9
168 699 1
170 697 1
175 553 1
178 569 1
178 418 1
178 502 4
180 990 2
188 280 2
188 546 2
188 851 2
188 421 4
189 718 4
193 540 2
193 823 2
199 996 2
199 506 3
199 644 2
199 541 2
200 915 1
223 322 4
223 399 2
223 343 2
231 698 2
231 987 1
231 540 2
232 912 1
232 790 1
232 439 1
236 537 4
241 280 2
245 698 2
245 987 1
245 540 1
246 423 1
249 538 2
250 854 2
251 987 1
256 416 1
256 854 3
260 912 2
266 439 1
267 586 4
267 493 3
267 662 2
267 823 1
268 454 2
280 647 2
280 656 2
280 530 3
280 915 3
280 920 3
280 421 2
280 422 2
280 687 2
280 561 2
280 953 2
280 547 2
280 526 2
280 990 2
280 293 2
280 360 2
280 851 3
280 629 1
280 631 2
280 891 2
283 1004 2
292 769 2
293 862 2
311 987 1
311 540 1
311 955 2
316 915 2
318 684 1
318 558 2
318 319 2
319 1002 4
319 844 2
322 368 4
322 343 8
332 500 1
338 987 1
356 586 1
356 718 2
361 987 1
362 731 2
364 987 1
371 441 1
381 643 1
388 718 2
405 628 2
407 843 1
410 832 1
413 935 2
414 891 2
416 648 1
416 912 1
416 586 1
418 996 20
421 795 4
422 731 4
427 955 2
427 540 2
428 857 1
428 990 2
432 987 1
433 987 1
439 912 4
445 891 1
447 586 6
447 517 1
450 695 8
470 1004 1
472 912 3
472 765 1
482 987 1
502 718 3
506 1001 1
506 996 1
506 644 3
506 541 1
516 881 2
516 790 4
517 586 3
517 542 1
522 718 1
531 987 1
535 722 6
535 542 2
540 987 1
540 581 1
540 855 1
540 697 1
540 698 3
540 955 2
540 925 1
542 586 2
542 646 4
546 704 1
546 684 1
546 550 3
547 851 2
550 684 1
558 684 1
558 956 4
558 918 1
558 565 1
565 743 1
572 862 1
575 912 2
582 832 1
582 987 1
586 684 3
586 885 1
586 984 1
586 765 1
591 718 3
602 765 2
602 743 1
607 696 1
612 740 1
628 720 2
629 891 4
629 630 2
630 851 4
633 923 1
634 788 2
641 987 1
648 765 10
654 837 1
654 991 14
670 688 1
682 738 1
682 1004 1
684 956 1
687 718 3
696 935 1
698 764 2
698 840 2
698 873 2
698 987 1
700 790 1
702 1001 1
716 724 2
716 718 2
718 742 2
718 904 2
718 783 2
718 754 2
718 915 6
718 980 3
718 724 2
718 851 4
719 850 2
745 837 1
764 987 1
771 807 2
774 947 9
783 837 2
789 987 1
790 812 2
790 881 4
809 987 1
838 915 1
840 987 1
849 987 1
858 991 2
872 987 1
873 987 1
923 951 3
925 987 1
925 955 2
955 987 3
987 994 1
