0
1
2
3
4
5
6
7
8
9
10
11
12
13
14
15
16
17
18
19
20
21
22
23
24
25
26
27
28
29
30
31
32
33
34
35
36
37
38
39
40
41
42
43
44
45
46
47
48
49
50
51
52
53
54
55
56
57
58
59
60
61
62
63
64
65
66
67
68
69
70
71
72
73
74
75
76
77
78
79
80
81
82
83
84
85
86
87
88
89
90
91
92
93
94
95
96
97
98
99
100
101
102
103
104
105
106
107
108
109
110
111
112
113
114
115
116
117
118
119
120
121
122
123
124
125
126
127
128
129
130
131
132
133
134
135
136
137
138
139
141
142
143
144
145
146
147
148
149
150
151
152
153
154
155
157
158
159
160
161
162
163
164
165
166
167
168
169
170
171
172
173
174
175
176
177
178
179
180
181
182
183
184
185
186
187
188
189
190
191
192
193
194
195
196
197
198
199
200
201
202
203
204
205
206
207
208
209
210
211
212
213
214
215
216
217
218
219
220
221
222
223
224
225
226
227
228
229
230
231
232
233
235
236
237
238
239
240
241
242
243
244
245
246
247
248
249
250
251
252
253
254
255
256
257
259
260
262
263
264
265
266
267
268
269
270
271
272
273
274
275
276
277
278
279
280
281
282
283
284
285
286
287
288
289
290
291
292
293
294
295
296
297
299
300
301
302
303
304
305
306
307
308
309
310
311
312
313
314
315
316
317
318
319
320
321
322
323
324
325
326
327
328
329
330
331
332
333
334
335
336
337
338
339
340
341
343
344
345
346
347
348
349
350
351
352
353
355
356
357
358
359
360
361
362
364
365
366
367
368
369
370
371
372
373
374
375
376
377
378
379
380
381
382
383
384
385
386
387
388
389
390
391
392
393
394
395
396
397
398
399
400
401
402
403
404
405
406
407
408
409
410
411
412
413
414
415
416
418
419
420
421
422
423
424
425
426
427
428
429
430
431
432
433
434
435
436
437
438
439
440
441
442
443
444
445
446
447
448
449
450
451
452
453
454
455
456
457
458
459
460
461
462
464
465
466
467
468
469
470
471
472
473
474
475
476
477
478
479
480
481
482
483
484
485
486
487
488
489
490
491
492
493
495
496
497
498
499
500
501
502
503
504
505
506
507
508
509
510
511
512
513
514
515
516
517
518
519
520
521
522
523
524
525
526
527
528
530
531
532
533
534
535
536
537
538
539
540
541
542
543
544
545
546
547
548
549
550
551
552
553
554
556
557
558
559
560
561
562
563
564
565
566
567
568
569
570
571
572
573
574
575
576
577
578
579
580
581
582
583
584
585
586
587
588
589
590
591
592
593
594
595
596
597
598
599
600
601
602
603
604
605
606
607
609
610
611
612
613
614
615
616
617
618
619
621
622
623
624
625
626
627
628
629
630
631
632
633
634
635
636
637
638
639
640
641
642
643
644
645
646
647
648
649
650
651
652
653
654
655
656
657
658
659
660
661
662
663
664
665
666
667
668
669
670
671
672
673
674
675
676
677
678
679
680
681
682
683
684
685
686
687
688
689
690
691
692
693
694
695
696
697
698
699
700
701
702
703
704
705
706
707
708
709
710
711
712
713
714
715
716
717
718
719
720
721
722
723
724
725
726
727
728
729
730
731
732
733
734
735
736
737
738
739
740
741
742
743
744
745
746
747
748
749
750
751
752
753
754
756
757
758
759
760
761
762
763
764
765
767
768
769
770
771
772
773
774
775
776
777
778
779
780
781
782
783
784
785
786
787
788
789
790
791
792
793
794
795
796
797
798
799
800
801
802
803
804
805
806
807
808
809
810
811
812
813
814
815
816
817
818
819
820
821
822
823
824
825
826
827
828
829
830
831
832
833
834
835
836
837
838
839
840
841
842
843
844
845
846
847
848
849
850
851
852
853
854
855
856
857
858
859
860
861
862
863
864
865
866
867
868
869
870
871
872
873
874
875
876
877
878
879
880
881
882
883
884
885
886
887
888
889
890
891
892
893
894
895
896
897
898
899
900
901
902
903
904
905
906
907
908
909
910
911
912
913
914
915
916
917
918
919
920
921
922
923
924
925
926
927
928
929
930
931
932
933
934
935
936
937
938
939
940
941
942
943
944
945
946
947
948
949
950
951
952
953
954
955
956
957
958
960
961
962
963
964
965
966
967
968
969
970
971
972
973
974
975
976
977
978
979
980
981
982
983
984
985
986
987
988
989
990
991
992
993
994
995
996
997
998
999
1000
1001
1002
1003
1004
0 6 1
0 409 1
0 538 1
0 295 1
0 178 1
0 693 1
0 189 2
0 710 1
0 716 1
0 333 2
0 78 1
0 976 1
0 595 2
0 470 1
0 599 1
0 605 2
0 862 1
0 991 1
0 228 1
0 502 1
0 249 2
0 767 1
2 322 1
2 166 1
2 231 2
2 334 4
2 52 2
2 790 2
2 151 2
2 700 1
4 771 2
5 491 3
5 532 2
5 189 2
5 118 1
5 335 2
6 333 1
6 767 1
8 809 1
13 738 1
13 837 2
14 924 2
14 738 1
14 644 2
14 410 2
14 719 2
15 680 1
15 422 2
16 225 1
16 246 1
16 393 1
17 428 1
19 333 1
24 280 1
24 120 1
24 891 1
24 629 2
25 558 1
28 987 6
29 808 3
29 899 1
30 868 2
30 104 2
30 912 1
30 885 2
30 120 1
30 356 1
30 90 2
30 765 1
31 428 3
31 92 2
31 165 10
32 197 1
32 718 1
32 977 1
32 791 2
32 280 1
32 421 2
35 280 1
35 817 2
35 978 2
35 469 2
38 322 1
38 939 2
38 782 2
38 309 2
38 474 2
38 61 2
40 802 1
40 379 1
40 900 1
40 214 1
40 198 1
40 488 1
40 60 1
40 450 2
40 272 1
40 712 3
40 947 2
40 662 2
40 695 1
40 568 1
40 120 1
40 187 1
40 572 1
40 254 2
40 127 1
41 73 3
41 723 2
41 565 3
45 227 4
45 966 1
46 310 5
48 565 1
48 763 1
48 854 1
48 558 1
48 319 2
52 231 1
52 232 6
52 912 1
52 949 1
52 313 2
52 126 2
53 193 2
53 923 3
53 772 1
53 813 1
53 935 2
56 994 1
56 482 1
56 977 2
56 951 2
56 987 6
56 540 2
58 338 1
58 692 1
58 909 6
60 568 1
61 388 2
61 517 3
61 742 9
61 332 1
61 428 1
61 718 11
61 591 1
61 915 1
61 692 3
61 502 1
61 696 8
61 89 20
61 607 1
61 479 2
61 166 1
62 823 1
62 646 6
62 214 2
62 159 2
64 139 1
66 227 9
66 966 1
67 963 19
67 165 7
67 391 1
67 846 4
67 207 1
67 656 1
67 561 1
67 344 1
68 987 6
69 950 1
69 879 5
70 120 1
70 324 2
70 310 2
70 534 1
73 723 3
74 416 1
74 674 1
74 166 2
74 294 3
74 112 9
74 885 1
74 447 2
75 948 3
75 193 2
75 772 3
75 334 3
75 607 3
77 912 3
78 404 1
78 333 1
82 170 1
82 628 5
86 90 1
86 443 6
86 742 1
89 718 1
90 649 3
90 915 14
90 923 2
90 166 1
90 168 3
90 425 1
90 940 1
90 692 1
90 137 2
90 948 1
90 443 1
90 316 1
90 190 1
90 191 2
90 193 6
90 197 1
90 428 2
90 439 3
90 718 1
90 850 1
90 472 1
90 609 2
90 866 4
90 996 2
90 742 1
90 107 1
90 236 4
90 978 1
90 885 2
91 607 1
92 200 1
92 428 1
92 915 1
92 316 1
95 987 6
95 789 1
96 420 5
98 707 2
98 134 3
98 713 2
98 107 2
98 268 2
98 592 7
98 401 4
98 117 2
101 977 1
101 866 1
101 246 4
101 423 5
102 139 1
102 334 1
102 638 1
103 832 2
103 514 1
103 423 2
103 943 3
103 977 2
103 310 1
103 223 1
104 425 32
104 126 2
104 765 1
104 721 1
105 418 10
105 582 1
105 135 3
106 740 3
107 464 1
107 335 3
111 912 1
111 416 1
111 586 1
111 762 1
111 854 1
112 256 1
112 166 6
112 392 1
112 267 2
112 383 1
113 535 2
114 1004 1
114 718 2
118 867 1
118 502 1
120 772 3
120 775 1
120 267 4
120 783 1
120 660 1
120 534 1
120 923 1
120 540 4
120 416 2
120 178 2
120 948 11
120 189 1
120 450 1
120 586 1
120 850 1
120 865 1
120 868 1
120 997 1
120 742 1
120 629 1
120 765 1
120 127 1
122 428 1
122 718 3
125 139 1
126 416 2
126 133 1
126 232 2
126 586 11
126 332 2
126 948 1
126 790 5
126 984 3
126 889 1
127 281 1
127 772 1
127 454 1
133 168 1
134 554 1
135 450 1
135 530 1
135 851 2
135 628 2
135 405 3
135 443 1
135 915 1
136 200 1
136 915 2
136 428 1
137 581 1
137 742 1
138 383 1
139 323 1
139 676 1
139 487 1
139 939 1
139 206 1
139 622 1
139 534 1
139 601 1
139 154 1
139 477 1
139 510 1
141 530 2
141 188 1
142 267 3
142 428 1
142 207 3
142 978 1
142 915 5
142 631 1
142 280 2
142 857 1
142 316 4
142 607 1
143 669 1
147 416 3
147 347 4
147 686 1
149 977 1
149 866 3
149 246 1
151 609 1
151 923 1
151 253 1
152 443 3
152 742 1
153 977 6
157 356 1
157 517 3
157 586 2
157 684 1
157 718 2
157 535 1
157 472 1
157 765 1
157 542 3
159 865 6
159 290 1
159 214 2
159 742 5
159 428 1
159 940 2
159 334 3
159 502 2
159 233 1
159 798 1
160 772 1
160 629 2
164 420 3
165 428 2
165 401 7
165 915 3
165 344 6
165 857 1
165 858 1
165 316 6
166 416 3
166 674 1
166 516 1
166 743 3
166 718 1
166 912 1
166 759 6
166 573 1
166 383 2
167 630 3
167 817 1
167 469 2
167 502 1
167 954 1
167 988 2
168 416 8
168 214 1
168 868 5
168 966 12
168 232 3
168 425 17
168 362 1
168 912 27
168 948 1
168 949 19
168 790 12
168 439 5
168 472 23
168 356 1
168 575 1
170 855 1
170 771 1
170 870 1
170 231 1
171 715 1
173 506 1
173 738 1
175 737 1
175 849 2
175 423 3
175 977 1
175 275 3
175 246 1
178 482 1
178 333 2
178 693 1
178 502 15
178 249 1
178 605 2
180 727 1
181 190 2
184 832 1
184 193 2
184 423 2
184 718 1
184 754 1
184 246 1
185 994 1
185 830 2
186 256 1
186 267 1
187 695 1
188 772 2
188 421 7
188 614 3
188 362 3
188 629 1
188 656 1
188 280 1
188 978 1
188 469 2
188 502 2
188 920 1
188 530 1
188 229 1
189 772 1
189 1004 1
189 502 1
189 951 4
189 410 1
190 353 2
190 772 2
190 267 1
190 978 1
190 656 6
190 274 2
190 373 2
190 920 3
191 752 3
191 692 1
192 381 4
193 609 2
193 272 1
193 528 5
193 595 4
193 500 1
193 662 1
193 823 2
193 633 2
195 595 1
199 1001 1
199 738 1
199 644 3
199 506 1
200 915 1
200 428 3
200 935 1
207 547 1
207 424 5
207 558 3
207 561 1
207 469 6
207 795 1
207 988 1
207 373 2
208 537 3
208 977 2
214 416 2
214 290 5
214 515 1
214 662 1
214 712 1
214 458 2
214 235 1
214 940 1
214 813 1
214 334 2
214 687 1
214 912 7
214 531 1
214 278 1
214 951 1
214 923 3
216 321 1
216 618 1
216 558 4
216 319 2
220 383 1
225 246 1
227 966 2
228 605 1
228 502 1
228 333 1
229 273 4
229 306 5
229 790 3
229 607 2
231 923 1
231 233 1
231 874 3
231 334 1
231 624 1
231 245 1
231 502 2
231 987 6
231 540 2
231 830 1
231 607 1
232 416 2
232 517 2
232 425 3
232 332 2
232 687 1
232 472 6
232 949 3
232 984 6
232 313 1
232 607 7
233 540 3
233 245 4
235 890 1
236 537 10
236 532 3
239 772 1
239 742 6
239 951 3
239 528 2
239 595 1
239 629 1
239 502 4
239 823 1
239 857 3
239 923 2
239 542 1
241 469 2
245 443 1
245 874 3
245 624 1
245 987 6
245 540 1
245 830 2
246 866 1
246 779 2
246 423 9
246 711 1
246 716 2
246 718 1
246 849 1
246 275 1
246 377 1
246 883 1
246 293 1
248 506 4
248 909 1
249 393 1
249 1004 1
249 333 2
249 693 4
249 442 1
249 605 1
250 369 1
251 987 6
253 290 1
253 566 1
256 416 2
256 912 1
256 517 1
256 648 1
256 267 4
256 885 1
256 478 1
260 912 1
262 289 1
264 540 1
266 912 2
266 790 1
267 517 1
267 838 1
267 648 1
267 586 10
267 952 1
267 435 4
267 478 1
268 633 1
270 738 1
272 450 1
273 581 2
273 951 3
273 752 1
273 306 2
273 855 1
275 849 2
277 862 1
278 776 1
278 923 1
280 547 2
280 846 2
280 647 1
280 656 1
280 561 1
280 658 1
280 629 5
280 502 2
280 772 2
280 373 1
281 905 2
281 718 2
282 509 2
284 680 3
284 731 1
288 484 16
288 773 14
288 391 13
288 493 18
288 846 20
288 561 13
288 629 18
288 630 4
288 445 13
290 614 1
290 566 1
291 401 4
291 609 1
293 547 2
293 605 1
293 862 2
294 416 7
294 912 1
294 817 2
294 948 1
294 885 4
294 313 2
294 447 1
299 509 1
301 851 1
301 795 1
301 469 2
301 630 1
302 428 2
305 425 2
305 946 6
306 784 1
306 771 4
306 951 1
310 586 1
310 943 6
310 534 3
310 735 2
311 987 6
312 333 1
313 416 2
313 356 1
313 912 1
313 885 1
313 472 4
313 699 1
314 605 1
316 483 1
316 772 1
316 838 1
316 392 1
316 428 15
316 915 15
316 629 6
316 857 1
316 890 1
316 543 2
319 386 1
319 1002 1
319 558 3
319 956 1
319 458 1
321 499 3
321 565 1
321 558 1
322 832 3
322 388 2
322 879 1
322 663 1
323 337 2
323 939 1
326 587 1
327 738 1
327 381 2
329 624 1
329 819 1
329 443 1
332 416 1
332 586 1
332 500 9
333 502 1
333 710 1
333 743 1
333 599 1
333 569 1
333 693 1
333 470 1
333 409 1
333 538 1
333 605 4
333 862 1
333 767 2
334 772 2
334 776 4
334 586 2
334 687 2
334 534 6
334 607 2
335 700 1
337 505 3
338 987 6
338 540 1
343 879 1
344 971 1
344 428 1
347 933 1
349 976 3
349 428 1
353 891 1
356 416 1
356 868 4
356 586 2
356 912 7
356 439 2
356 472 4
356 765 2
356 542 1
359 767 1
360 629 4
361 987 6
362 952 2
362 909 1
362 383 3
364 764 2
365 732 1
365 687 1
369 823 2
373 656 1
374 659 1
377 457 2
377 716 1
377 630 1
378 514 1
379 568 3
379 443 1
380 440 1
381 532 5
383 586 5
383 589 2
383 720 3
383 850 2
385 867 1
388 638 1
388 879 1
391 629 1
401 454 10
401 683 2
401 429 7
401 415 7
402 832 2
404 595 5
404 767 1
409 977 1
409 767 2
410 977 2
410 719 2
413 746 1
413 668 1
413 813 2
413 935 1
414 891 3
415 429 6
415 833 2
416 782 6
416 912 3
416 472 1
416 435 3
416 948 5
416 439 2
416 573 1
416 447 1
416 586 6
416 854 1
416 984 1
416 868 1
416 880 1
416 500 1
416 885 4
416 759 1
416 633 1
416 762 1
416 765 1
420 879 2
420 740 1
420 559 5
421 424 5
421 795 2
421 469 2
422 680 2
422 731 1
422 527 2
423 832 3
423 866 1
423 977 4
423 849 1
424 469 2
424 795 6
425 765 1
425 946 11
425 472 7
425 721 2
426 462 1
427 955 3
428 647 1
428 915 7
428 543 1
428 952 1
428 953 1
428 971 1
428 857 2
428 990 3
429 454 5
432 987 6
433 994 2
433 987 6
433 540 4
433 738 1
434 672 1
435 782 1
435 854 1
437 738 1
439 912 4
440 537 6
443 450 2
443 851 3
443 731 1
443 743 1
443 920 1
443 530 2
443 915 2
443 662 5
443 602 1
444 535 1
445 629 1
447 984 1
447 885 2
450 915 2
450 900 1
450 712 2
450 920 1
450 813 1
450 530 2
450 947 1
450 662 1
450 695 1
450 851 3
450 731 1
450 572 2
454 609 1
454 772 2
454 592 5
456 832 1
458 684 2
458 844 3
458 558 1
461 763 1
462 833 4
464 980 1
469 547 2
469 614 2
469 817 2
469 530 2
469 954 2
469 795 2
469 957 2
470 605 1
472 517 2
472 966 1
472 782 1
472 687 1
472 912 4
472 946 1
472 535 3
472 575 7
472 607 3
474 939 1
479 977 2
479 718 1
480 987 6
482 987 6
483 530 1
483 607 3
484 629 1
485 646 1
493 530 3
493 795 2
493 629 2
493 630 1
497 773 2
499 558 3
499 607 1
500 550 1
500 814 7
500 542 6
502 772 6
502 538 1
502 923 2
502 687 1
502 951 1
502 718 2
502 591 1
502 851 1
502 724 5
502 605 2
502 862 2
506 738 1
506 644 6
506 850 2
506 924 1
512 795 1
514 832 2
514 1001 1
514 780 1
514 977 3
514 950 1
515 912 1
516 738 1
516 804 15
516 743 6
516 828 2
516 881 5
516 532 1
516 790 2
516 761 1
516 924 3
517 687 1
517 542 2
517 607 3
526 629 2
527 720 1
530 772 2
530 731 1
530 915 11
530 724 3
530 629 8
530 920 1
530 851 3
530 891 5
531 994 1
531 987 7
532 738 1
534 939 1
534 862 1
535 542 2
538 605 1
540 994 13
540 955 4
540 630 1
540 874 3
540 587 1
540 951 3
540 697 1
540 987 9
541 850 1
541 924 1
541 738 1
541 951 1
542 646 1
542 586 1
542 684 1
542 765 1
543 952 1
543 915 3
543 991 2
544 739 4
546 595 4
546 550 2
547 851 3
547 862 1
550 595 4
550 746 2
558 956 3
561 846 10
561 629 2
563 731 1
565 723 2
565 854 1
565 763 1
565 926 2
566 713 2
568 595 2
568 947 3
569 605 2
572 802 2
572 614 1
573 912 1
573 586 1
574 912 1
575 912 4
576 738 1
577 926 1
577 686 1
581 936 1
581 951 1
581 628 1
582 987 6
582 764 2
586 868 5
586 743 2
586 782 6
586 912 1
586 984 5
586 854 2
586 885 1
587 720 9
590 933 1
592 713 1
592 948 4
592 609 2
595 754 3
595 790 4
595 951 4
599 605 2
602 912 1
602 765 1
602 743 3
605 710 1
605 1001 3
605 685 4
605 977 1
605 693 1
605 700 1
605 862 1
607 891 5
607 742 3
607 687 2
607 712 4
607 724 1
609 772 1
609 854 1
609 633 1
609 890 1
609 923 2
614 772 1
614 656 1
614 891 1
614 629 6
617 923 1
624 840 1
629 772 6
629 658 2
629 685 2
629 838 1
629 846 2
629 978 5
629 851 1
629 630 2
629 631 2
629 891 4
630 656 1
630 891 2
633 946 1
634 788 2
638 790 1
641 987 6
644 924 1
644 738 1
648 912 1
648 885 1
650 738 1
654 738 4
654 783 3
656 990 1
657 738 1
666 928 1
668 935 2
670 1004 1
678 696 1
682 738 1
684 704 1
685 1001 5
686 933 2
687 772 1
687 746 2
687 696 1
687 923 2
692 742 1
692 746 2
693 977 2
697 925 2
698 987 6
699 912 2
702 738 1
703 771 3
707 880 1
707 923 1
707 951 2
711 718 2
715 926 6
716 866 1
716 718 3
718 904 1
718 915 1
718 754 2
718 843 1
718 724 1
718 866 8
718 883 3
719 738 1
720 746 2
720 935 13
724 978 1
724 883 1
730 912 2
730 868 7
731 915 1
731 851 2
732 977 1
738 783 2
738 921 1
738 923 1
738 924 1
738 945 1
738 828 1
738 837 1
738 850 2
738 979 1
738 996 1
738 1001 1
738 881 1
738 745 2
738 761 1
740 879 1
742 772 4
742 813 2
742 784 1
742 900 2
742 890 3
742 923 1
742 863 1
743 912 1
746 935 19
746 813 5
748 926 3
758 918 1
761 804 1
761 850 1
762 912 1
763 956 1
763 854 5
764 994 1
764 874 3
764 1004 1
764 987 6
765 868 3
765 912 1
771 835 1
771 870 4
771 863 1
772 823 1
772 915 2
772 923 4
772 951 1
772 978 2
772 857 1
772 862 2
772 890 1
774 947 121
776 813 1
779 977 4
779 843 3
779 883 2
780 832 1
780 977 2
782 854 2
783 804 3
783 837 1
788 939 2
789 873 1
789 987 9
790 956 1
790 863 1
794 854 1
795 817 1
795 978 1
803 948 1
804 881 6
809 994 1
809 987 7
810 881 2
813 900 2
813 935 2
817 988 1
832 950 1
833 951 1
840 874 3
840 987 7
844 918 1
846 894 1
849 977 2
849 987 6
851 978 5
851 915 3
851 920 3
854 918 2
854 956 1
857 915 5
857 951 6
858 978 1
862 909 3
863 909 2
868 912 8
868 948 1
872 977 1
872 987 6
873 874 3
873 987 6
883 1004 1
883 951 4
885 912 1
885 984 1
890 948 1
890 923 1
907 912 1
912 923 2
912 949 5
915 920 1
915 990 2
918 946 2
923 951 3
924 1001 3
925 987 6
925 955 1
935 971 1
950 977 2
952 971 1
955 987 6
977 1001 8
977 1004 7
980 1004 1
987 994 7
