0
1
2
3
4
5
6
7
8
9
10
11
12
13
14
15
16
17
18
19
20
21
22
23
24
25
26
27
28
29
30
31
32
33
34
35
36
37
38
39
40
41
42
43
44
45
46
47
48
49
50
51
52
53
54
55
56
57
58
59
60
61
62
63
64
65
66
67
68
69
70
71
72
73
74
75
76
77
78
79
80
81
82
83
84
85
86
87
88
89
90
91
92
93
94
95
96
97
98
99
100
101
102
103
104
105
106
107
108
109
110
111
112
113
114
115
116
117
118
119
120
121
122
123
124
125
126
127
128
129
130
131
132
133
134
135
136
137
138
139
141
142
143
144
145
146
147
148
149
150
151
152
153
154
155
157
158
159
160
161
162
163
164
165
166
167
168
169
170
171
172
173
174
175
176
177
178
179
180
181
182
183
184
185
186
187
188
189
190
191
192
193
194
195
196
197
198
199
200
201
202
203
204
205
206
207
208
209
210
211
212
213
214
215
216
217
218
219
220
221
222
223
224
225
226
227
228
229
230
231
232
233
235
236
237
238
239
240
241
242
243
244
245
246
247
248
249
250
251
252
253
254
255
256
257
259
260
262
263
264
265
266
267
268
269
270
271
272
273
274
275
276
277
278
279
280
281
282
283
284
285
286
287
288
289
290
291
292
293
294
295
296
297
299
300
301
302
303
304
305
306
307
308
309
310
311
312
313
314
315
316
317
318
319
320
321
322
323
324
325
326
327
328
329
330
331
332
333
334
335
336
337
338
339
340
341
343
344
345
346
347
348
349
350
351
352
353
355
356
357
358
359
360
361
362
364
365
366
367
368
369
370
371
372
373
374
375
376
377
378
379
380
381
382
383
384
385
386
387
388
389
390
391
392
393
394
395
396
397
398
399
400
401
402
403
404
405
406
407
408
409
410
411
412
413
414
415
416
418
419
420
421
422
423
424
425
426
427
428
429
430
431
432
433
434
435
436
437
438
439
440
441
442
443
444
445
446
447
448
449
450
451
452
453
454
455
456
457
458
459
460
461
462
464
465
466
467
468
469
470
471
472
473
474
475
476
477
478
479
480
481
482
483
484
485
486
487
488
489
490
491
492
493
495
496
497
498
499
500
501
502
503
504
505
506
507
508
509
510
511
512
513
514
515
516
517
518
519
520
521
522
523
524
525
526
527
528
530
531
532
533
534
535
536
537
538
539
540
541
542
543
544
545
546
547
548
549
550
551
552
553
554
556
557
558
559
560
561
562
563
564
565
566
567
568
569
570
571
572
573
574
575
576
577
578
579
580
581
582
583
584
585
586
587
588
589
590
591
592
593
594
595
596
597
598
599
600
601
602
603
604
605
606
607
609
610
611
612
613
614
615
616
617
618
619
621
622
623
624
625
626
627
628
629
630
631
632
633
634
635
636
637
638
639
640
641
642
643
644
645
646
647
648
649
650
651
652
653
654
655
656
657
658
659
660
661
662
663
664
665
666
667
668
669
670
671
672
673
674
675
676
677
678
679
680
681
682
683
684
685
686
687
688
689
690
691
692
693
694
695
696
697
698
699
700
701
702
703
704
705
706
707
708
709
710
711
712
713
714
715
716
717
718
719
720
721
722
723
724
725
726
727
728
729
730
731
732
733
734
735
736
737
738
739
740
741
742
743
744
745
746
747
748
749
750
751
752
753
754
756
757
758
759
760
761
762
763
764
765
767
768
769
770
771
772
773
774
775
776
777
778
779
780
781
782
783
784
785
786
787
788
789
790
791
792
793
794
795
796
797
798
799
800
801
802
803
804
805
806
807
808
809
810
811
812
813
814
815
816
817
818
819
820
821
822
823
824
825
826
827
828
829
830
831
832
833
834
835
836
837
838
839
840
841
842
843
844
845
846
847
848
849
850
851
852
853
854
855
856
857
858
859
860
861
862
863
864
865
866
867
868
869
870
871
872
873
874
875
876
877
878
879
880
881
882
883
884
885
886
887
888
889
890
891
892
893
894
895
896
897
898
899
900
901
902
903
904
905
906
907
908
909
910
911
912
913
914
915
916
917
918
919
920
921
922
923
924
925
926
927
928
929
930
931
932
933
934
935
936
937
938
939
940
941
942
943
944
945
946
947
948
949
950
951
952
953
954
955
956
957
958
960
961
962
963
964
965
966
967
968
969
970
971
972
973
974
975
976
977
978
979
980
981
982
983
984
985
986
987
988
989
990
991
992
993
994
995
996
997
998
999
1000
1001
1002
1003
1004
0 6 1
0 228 1
0 502 2
0 710 1
0 295 1
0 118 3
0 599 1
0 333 1
0 78 1
0 976 1
0 178 4
0 693 1
0 470 1
0 409 1
0 249 2
0 538 1
0 767 1
0 732 1
0 605 2
0 862 1
0 991 1
2 790 2
2 318 1
2 812 2
2 118 2
2 142 1
4 304 1
4 371 1
4 135 2
5 553 1
5 175 2
5 29 3
5 670 1
5 335 1
6 249 1
6 178 2
13 516 1
13 532 1
13 14 1
14 1001 2
14 881 1
14 850 1
14 506 8
14 924 5
16 754 1
16 506 2
16 883 3
16 541 4
17 200 1
17 165 4
19 377 1
19 333 1
24 280 1
24 891 10
24 629 5
25 48 2
25 618 1
25 844 1
25 458 1
26 362 1
28 987 2
29 808 3
29 90 1
29 335 1
30 936 10
30 765 1
30 743 1
31 200 1
31 428 2
31 165 4
32 609 1
32 214 4
32 791 1
35 469 1
35 165 1
35 207 1
38 337 1
38 782 2
38 591 2
40 450 1
40 196 2
40 198 1
40 488 1
40 802 2
40 712 1
40 695 1
40 568 2
40 890 1
40 187 2
41 723 5
42 638 3
45 52 1
46 310 10
48 458 1
48 558 1
48 216 7
48 956 1
48 319 3
50 559 8
52 416 1
52 66 1
52 356 2
52 326 1
52 232 3
52 201 1
52 948 2
52 313 1
53 609 1
53 865 1
53 272 2
53 343 2
53 633 1
53 923 1
56 994 2
56 987 3
56 692 1
56 951 1
58 586 1
61 900 1
61 393 1
61 718 6
61 272 1
61 692 2
61 662 1
62 800 3
62 646 14
62 551 1
62 369 11
62 722 1
62 535 2
62 542 7
66 966 1
67 963 11
67 165 5
67 454 1
68 987 2
68 251 1
69 879 1
70 90 2
70 324 3
70 509 1
70 534 1
70 309 1
74 256 1
74 674 3
74 166 1
74 294 4
74 586 2
74 110 4
74 112 2
74 782 1
74 573 1
74 126 3
74 447 1
75 416 5
75 609 1
75 772 2
75 107 1
75 334 2
75 850 1
75 948 1
75 692 1
75 220 1
75 607 1
77 416 2
77 168 1
77 266 2
78 178 2
78 951 2
82 628 1
83 306 2
83 771 2
86 152 12
86 443 6
86 703 1
86 662 1
86 807 1
90 644 2
90 173 1
90 668 1
90 541 1
90 940 1
90 813 2
90 178 3
90 191 1
90 704 1
90 199 1
90 714 2
90 718 3
90 720 2
90 850 2
90 980 2
90 343 1
90 987 1
90 506 1
90 865 1
90 742 6
90 107 2
90 883 1
90 628 6
90 502 1
90 890 1
90 509 1
91 607 1
92 200 1
95 987 2
96 420 1
96 638 1
98 707 7
98 454 4
98 134 7
98 713 7
98 107 7
98 268 7
98 429 5
98 592 10
98 401 5
98 291 3
98 117 6
98 278 8
101 246 3
101 423 3
103 977 1
103 950 3
103 310 6
103 423 5
104 256 2
104 416 1
104 648 3
104 425 5
104 908 2
104 721 3
104 790 2
104 765 3
105 418 15
105 996 1
107 718 3
107 464 1
107 214 1
107 670 2
111 586 1
111 573 1
112 416 1
112 674 14
112 803 4
112 517 2
112 746 2
112 267 2
112 948 5
112 472 1
112 313 3
113 722 1
113 854 2
117 268 1
118 502 1
118 365 2
118 335 1
118 790 1
119 812 2
120 196 1
120 586 1
120 796 1
120 274 1
120 772 1
122 693 1
122 479 1
124 722 1
126 586 6
126 294 6
126 648 2
126 232 2
126 500 6
126 790 9
126 984 4
126 889 2
126 250 3
126 573 5
127 890 3
127 843 1
127 334 1
128 765 1
132 509 1
132 638 1
133 648 1
134 912 1
134 592 7
134 923 1
134 168 1
135 581 3
135 742 7
135 936 1
135 137 3
135 362 2
135 942 5
135 337 2
135 692 2
135 405 7
135 855 2
135 628 8
135 700 1
135 517 1
136 200 1
136 838 1
136 142 1
137 306 1
139 402 1
139 477 1
142 344 1
142 971 1
142 647 1
142 200 5
142 267 14
142 428 2
142 915 5
142 214 2
142 952 1
142 857 1
142 543 1
143 872 1
147 416 1
147 577 1
147 931 2
147 196 1
147 933 1
147 230 1
147 171 1
147 972 1
147 590 1
147 355 1
147 277 1
147 214 2
147 607 3
147 347 1
147 285 1
147 926 1
147 686 1
149 849 3
151 253 2
152 443 9
153 977 4
153 322 2
157 248 1
157 586 5
157 746 3
157 334 2
157 591 1
158 506 1
159 776 1
159 724 1
159 334 4
159 214 3
160 280 1
160 586 1
160 915 1
160 629 1
161 586 1
164 638 5
165 200 1
165 586 1
165 401 7
165 344 5
166 674 1
166 743 3
166 232 1
166 782 2
166 602 2
166 586 3
167 920 1
167 362 1
167 851 1
167 274 2
167 469 1
168 260 3
168 648 15
168 266 4
168 782 1
168 912 34
168 472 17
168 790 33
168 416 7
168 556 4
168 949 11
168 439 8
168 313 1
168 699 1
168 575 2
168 966 1
168 586 3
168 598 2
168 984 3
168 868 3
168 730 1
168 356 18
168 232 17
168 759 3
168 762 1
168 765 2
170 855 1
173 881 1
173 506 1
173 850 1
173 428 2
175 849 6
175 423 3
175 275 3
175 335 1
176 586 1
178 214 2
178 409 2
178 538 2
178 415 1
178 295 2
178 693 8
178 569 2
178 607 1
178 189 5
178 710 2
178 333 4
178 976 2
178 339 2
178 718 1
178 470 3
178 599 2
178 605 2
178 862 2
178 991 2
178 464 6
178 228 3
178 502 8
178 249 2
178 250 1
178 767 2
180 727 1
181 537 1
185 833 2
185 850 1
185 830 2
188 851 1
188 469 1
188 502 1
189 249 1
189 724 1
189 410 2
190 752 1
190 353 1
190 274 1
191 692 3
191 415 1
192 381 7
193 923 1
194 951 3
196 291 2
196 454 2
196 268 1
196 429 2
196 850 1
197 881 1
197 850 2
197 923 1
199 506 1
199 738 1
199 996 3
199 881 1
199 850 1
199 923 1
199 924 1
199 541 2
200 647 1
200 915 8
200 428 1
200 302 2
200 952 6
200 953 1
200 543 2
200 316 1
200 971 4
200 341 1
200 344 3
200 857 2
200 349 1
200 990 1
200 739 1
200 383 1
201 335 1
205 841 1
205 763 1
207 421 2
207 424 8
207 558 1
207 469 3
207 953 1
207 795 2
207 373 2
208 335 1
209 912 2
209 868 1
209 356 5
214 290 2
214 931 1
214 278 1
214 776 1
214 746 14
214 940 2
214 912 2
214 306 2
214 951 1
214 502 11
214 695 1
214 633 1
214 738 4
216 844 1
216 319 1
221 746 1
223 746 2
223 879 2
225 407 3
228 333 1
228 335 1
228 502 2
228 605 6
229 807 1
229 742 1
229 607 1
230 577 1
231 738 1
231 338 1
231 245 2
231 698 2
231 987 2
231 540 1
231 830 1
231 607 1
232 356 1
232 294 2
232 782 2
232 946 6
232 790 2
232 472 10
232 250 3
233 752 1
233 692 4
233 245 1
235 923 1
236 537 4
236 335 1
239 609 1
239 530 1
239 951 2
239 923 2
239 335 1
241 469 1
245 329 2
245 624 1
245 264 1
245 540 1
245 873 1
245 698 2
245 987 2
245 764 4
245 830 1
246 724 2
246 423 5
248 364 1
248 334 3
248 591 1
248 506 1
248 687 1
249 605 1
251 506 2
251 987 2
253 290 1
253 566 1
256 416 4
256 294 1
256 648 1
256 854 3
256 313 3
256 602 2
257 586 1
257 876 1
260 912 5
260 790 4
260 313 3
264 586 1
266 912 1
266 416 1
266 313 1
267 517 2
267 586 7
267 685 5
267 530 7
267 435 29
267 948 3
268 291 1
268 454 1
268 713 1
268 683 1
268 592 1
268 633 1
270 881 1
270 850 1
272 802 1
272 595 1
273 951 2
274 920 1
274 841 3
275 849 5
275 479 2
277 746 3
277 700 2
278 776 1
280 288 1
280 739 3
280 846 2
280 502 1
280 614 1
280 360 1
280 658 1
280 685 1
280 526 1
280 493 1
280 561 2
280 530 1
280 851 1
280 629 4
280 630 1
280 631 1
280 891 1
280 445 1
281 905 3
281 506 2
281 586 1
283 362 2
284 680 1
288 391 2
288 493 4
288 561 4
288 629 6
288 445 3
290 669 1
291 401 2
291 429 1
292 364 1
293 605 1
294 416 1
294 586 1
294 817 5
294 648 2
294 946 3
294 984 1
294 573 2
294 447 2
299 634 2
299 509 1
299 638 1
299 559 2
301 469 1
302 316 1
302 428 2
302 454 1
304 441 1
305 425 1
306 771 1
306 742 3
306 807 1
306 362 2
306 784 1
308 418 2
310 586 3
310 343 1
310 477 9
310 638 2
311 987 2
311 955 3
313 416 2
313 356 5
313 439 1
313 472 2
313 447 1
316 915 4
316 428 3
318 684 3
318 332 2
318 565 1
319 1002 1
322 663 1
322 334 2
322 591 1
324 638 3
326 586 3
327 921 2
327 381 2
329 624 2
329 819 1
329 540 1
332 586 3
332 782 2
332 435 1
332 500 5
332 759 1
332 447 1
333 605 1
333 767 1
334 416 1
334 772 2
334 776 3
334 746 2
334 692 3
334 534 1
334 343 2
334 522 1
335 643 1
335 664 6
335 537 1
335 670 1
335 808 1
335 553 3
335 810 1
335 688 1
335 737 1
335 468 1
335 985 1
335 609 1
335 1004 1
335 464 1
335 980 1
335 381 1
337 870 2
337 854 2
337 505 1
337 603 1
337 509 1
338 987 3
341 915 2
343 609 1
343 388 1
343 950 1
343 534 1
343 879 4
343 663 2
344 952 1
344 838 1
346 638 1
347 933 2
349 976 5
349 428 2
353 920 2
353 891 9
356 416 2
356 868 9
356 743 2
356 762 1
356 648 3
356 912 15
356 586 6
356 633 2
356 472 8
356 730 10
356 948 2
356 765 1
356 447 2
360 891 1
360 629 2
360 526 1
361 987 2
362 771 1
362 870 1
362 909 1
362 528 2
362 371 2
362 922 1
362 383 7
364 987 2
365 528 1
365 866 4
369 535 2
369 444 1
369 423 1
371 585 1
372 595 3
372 404 2
377 422 2
377 423 2
377 457 3
377 685 2
377 718 3
377 951 1
377 506 1
377 410 3
378 603 1
378 950 1
379 568 1
381 468 2
381 532 6
381 506 1
381 924 3
383 720 3
383 517 1
383 586 5
383 528 2
383 628 3
383 891 1
388 534 1
388 638 1
391 891 1
392 948 3
398 712 1
399 402 1
400 807 1
401 454 4
401 429 9
401 415 3
402 788 1
402 634 1
402 603 2
407 843 1
407 951 2
409 724 1
410 650 1
410 994 2
410 663 1
415 429 1
415 454 1
416 648 5
416 782 4
416 912 2
416 556 3
416 946 5
416 948 9
416 949 2
416 439 1
416 586 5
416 721 3
416 854 2
416 759 3
416 765 2
418 977 5
418 996 24
421 424 4
421 795 1
421 469 1
422 731 1
423 832 3
423 513 2
423 646 1
423 849 1
423 563 1
424 469 1
424 795 5
425 908 2
425 721 2
425 946 4
425 765 9
427 955 3
428 915 11
428 857 3
428 851 1
428 990 3
429 454 4
432 809 1
432 987 2
432 468 1
433 890 1
433 987 5
433 572 1
433 994 1
435 586 3
439 912 2
440 537 1
440 737 1
443 602 2
443 807 1
443 743 2
444 722 1
444 854 2
444 535 1
445 629 1
447 586 3
447 885 1
447 984 1
454 544 1
454 609 2
454 713 2
454 592 3
454 948 3
454 629 1
454 706 1
454 772 1
454 752 1
458 844 2
458 956 4
458 558 2
465 812 1
468 643 1
469 512 3
469 547 2
469 614 1
469 817 1
469 954 1
469 795 1
469 957 1
470 605 1
472 648 2
472 782 1
472 912 2
472 946 2
472 790 1
472 575 1
479 586 1
480 987 2
482 531 2
482 987 3
484 629 1
485 722 1
488 568 2
493 530 1
493 629 4
493 630 12
493 795 3
499 684 3
500 814 2
500 782 1
500 687 1
502 546 1
502 690 1
502 718 1
502 687 1
502 976 2
502 851 1
502 724 4
502 951 1
502 923 1
502 605 2
505 603 1
505 509 1
506 644 3
506 923 2
506 924 1
506 541 1
506 682 4
506 951 2
506 576 1
506 850 1
506 996 2
506 1001 3
506 881 1
509 603 1
509 638 1
510 534 2
514 977 2
514 603 1
514 950 1
516 881 2
516 532 2
516 761 1
517 803 2
517 746 5
517 948 4
522 546 1
526 629 1
528 776 1
528 909 1
528 589 2
528 922 1
528 670 1
530 685 1
530 718 2
530 915 1
530 724 4
530 629 12
530 630 5
530 891 3
531 987 16
531 994 2
532 804 1
534 746 2
534 939 4
535 722 1
540 987 2
540 774 1
540 698 2
540 955 5
541 881 1
541 850 1
541 923 3
542 746 2
542 595 2
542 722 1
542 823 1
546 550 1
550 746 1
550 854 2
553 808 1
556 912 1
558 684 2
559 622 6
561 846 5
561 629 2
561 614 1
563 696 5
565 684 1
568 947 4
568 695 1
569 718 2
572 614 1
573 984 3
573 586 6
575 912 2
576 881 1
576 850 1
580 791 1
581 609 1
581 855 1
582 987 2
585 862 1
586 782 11
586 912 5
586 947 5
586 684 1
586 687 2
586 948 5
586 735 1
586 837 1
586 854 3
586 869 3
586 759 1
586 762 1
587 720 8
591 746 4
591 593 1
591 663 1
591 607 4
592 609 7
592 713 1
592 948 4
592 923 1
593 712 1
593 718 1
593 687 1
595 668 1
595 915 2
596 628 1
599 710 1
602 984 1
602 743 4
603 780 1
603 822 1
603 735 1
605 710 1
605 693 1
605 862 1
607 987 1
607 718 3
607 915 1
609 923 5
609 772 1
609 746 1
609 915 1
609 854 2
609 951 1
613 718 1
614 647 1
614 954 1
624 738 4
629 685 2
629 658 2
629 915 2
629 846 1
629 630 1
629 631 1
629 890 1
629 891 5
630 685 3
630 718 1
633 743 1
634 788 1
634 638 1
638 832 1
638 788 2
638 853 1
638 700 1
641 987 2
643 685 2
644 850 1
646 722 1
648 868 3
648 721 1
648 946 1
648 765 1
650 738 1
650 682 4
650 654 1
650 783 2
654 881 1
654 738 2
654 850 1
654 682 2
657 881 1
657 850 1
659 742 2
659 807 1
663 706 1
663 951 12
666 881 1
668 935 3
668 746 12
668 813 2
668 720 3
669 951 1
671 752 1
674 948 5
680 707 1
682 738 2
682 783 2
684 704 2
684 844 6
685 718 1
687 870 1
687 776 2
687 923 3
688 898 1
692 736 1
692 769 1
692 834 2
692 742 1
692 746 12
692 994 1
692 775 1
692 807 1
693 700 1
696 915 3
697 771 1
697 855 1
698 840 2
698 873 2
698 987 2
698 764 2
700 812 3
700 790 2
700 956 2
702 881 1
702 850 1
703 771 1
704 743 2
707 951 2
710 767 1
716 724 1
718 866 2
718 843 1
718 1004 3
718 883 2
718 724 5
719 881 1
719 738 5
719 850 1
719 837 1
719 783 1
720 833 1
720 935 4
720 746 9
720 813 2
721 765 4
722 854 1
722 823 1
724 796 1
730 912 4
730 868 2
735 879 1
737 849 3
737 1004 1
738 873 1
738 881 1
738 850 1
738 921 1
740 832 1
742 900 9
743 765 1
745 881 1
745 850 1
746 803 5
746 935 16
746 813 19
746 923 1
761 804 4
764 840 7
764 994 2
764 987 2
765 946 3
765 868 1
769 830 2
769 807 1
771 784 1
773 955 3
774 947 188
776 900 1
780 977 1
782 912 1
783 881 1
783 850 1
783 923 1
784 807 1
789 987 2
790 812 4
794 854 1
796 977 1
803 948 6
804 881 5
804 850 1
807 993 1
807 901 1
807 835 1
807 863 1
808 898 1
809 987 2
813 935 4
817 851 1
832 950 1
833 850 1
837 881 1
837 850 1
838 952 2
840 873 1
840 987 3
849 921 3
849 987 2
850 921 1
850 979 1
850 996 1
850 1001 1
850 881 2
851 920 3
857 915 2
862 909 5
868 912 3
868 948 1
872 987 2
873 987 2
873 955 1
879 939 2
880 951 1
881 921 1
881 928 1
881 979 1
881 996 1
881 1001 1
883 915 1
890 948 1
890 923 1
891 920 1
898 980 1
912 966 1
912 948 2
912 949 1
912 923 1
918 946 2
921 923 2
923 951 2
925 987 2
925 955 3
933 966 1
950 1001 4
950 977 3
951 957 3
955 987 2
977 1004 4
983 987 1
987 994 3
