0
1
2
3
4
5
6
7
8
9
10
11
12
13
14
15
16
17
18
19
20
21
22
23
24
25
26
27
28
29
30
31
32
33
34
35
36
37
38
39
40
41
42
43
44
45
46
47
48
49
50
51
52
53
54
55
56
57
58
59
60
61
62
63
64
65
66
67
68
69
70
71
72
73
74
75
76
77
78
79
80
81
82
83
84
85
86
87
88
89
90
91
92
93
94
95
96
97
98
99
100
101
102
103
104
105
106
107
108
109
110
111
112
113
114
115
116
117
118
119
120
121
122
123
124
125
126
127
128
129
130
131
132
133
134
135
136
137
138
139
141
142
143
144
145
146
147
148
149
150
151
152
153
154
155
157
158
159
160
161
162
163
164
165
166
167
168
169
170
171
172
173
174
175
176
177
178
179
180
181
182
183
184
185
186
187
188
189
190
191
192
193
194
195
196
197
198
199
200
201
202
203
204
205
206
207
208
209
210
211
212
213
214
215
216
217
218
219
220
221
222
223
224
225
226
227
228
229
230
231
232
233
235
236
237
238
239
240
241
242
243
244
245
246
247
248
249
250
251
252
253
254
255
256
257
259
260
262
263
264
265
266
267
268
269
270
271
272
273
274
275
276
277
278
279
280
281
282
283
284
285
286
287
288
289
290
291
292
293
294
295
296
297
299
300
301
302
303
304
305
306
307
308
309
310
311
312
313
314
315
316
317
318
319
320
321
322
323
324
325
326
327
328
329
330
331
332
333
334
335
336
337
338
339
340
341
343
344
345
346
347
348
349
350
351
352
353
355
356
357
358
359
360
361
362
364
365
366
367
368
369
370
371
372
373
374
375
376
377
378
379
380
381
382
383
384
385
386
387
388
389
390
391
392
393
394
395
396
397
398
399
400
401
402
403
404
405
406
407
408
409
410
411
412
413
414
415
416
418
419
420
421
422
423
424
425
426
427
428
429
430
431
432
433
434
435
436
437
438
439
440
441
442
443
444
445
446
447
448
449
450
451
452
453
454
455
456
457
458
459
460
461
462
464
465
466
467
468
469
470
471
472
473
474
475
476
477
478
479
480
481
482
483
484
485
486
487
488
489
490
491
492
493
495
496
497
498
499
500
501
502
503
504
505
506
507
508
509
510
511
512
513
514
515
516
517
518
519
520
521
522
523
524
525
526
527
528
530
531
532
533
534
535
536
537
538
539
540
541
542
543
544
545
546
547
548
549
550
551
552
553
554
556
557
558
559
560
561
562
563
564
565
566
567
568
569
570
571
572
573
574
575
576
577
578
579
580
581
582
583
584
585
586
587
588
589
590
591
592
593
594
595
596
597
598
599
600
601
602
603
604
605
606
607
609
610
611
612
613
614
615
616
617
618
619
621
622
623
624
625
626
627
628
629
630
631
632
633
634
635
636
637
638
639
640
641
642
643
644
645
646
647
648
649
650
651
652
653
654
655
656
657
658
659
660
661
662
663
664
665
666
667
668
669
670
671
672
673
674
675
676
677
678
679
680
681
682
683
684
685
686
687
688
689
690
691
692
693
694
695
696
697
698
699
700
701
702
703
704
705
706
707
708
709
710
711
712
713
714
715
716
717
718
719
720
721
722
723
724
725
726
727
728
729
730
731
732
733
734
735
736
737
738
739
740
741
742
743
744
745
746
747
748
749
750
751
752
753
754
756
757
758
759
760
761
762
763
764
765
767
768
769
770
771
772
773
774
775
776
777
778
779
780
781
782
783
784
785
786
787
788
789
790
791
792
793
794
795
796
797
798
799
800
801
802
803
804
805
806
807
808
809
810
811
812
813
814
815
816
817
818
819
820
821
822
823
824
825
826
827
828
829
830
831
832
833
834
835
836
837
838
839
840
841
842
843
844
845
846
847
848
849
850
851
852
853
854
855
856
857
858
859
860
861
862
863
864
865
866
867
868
869
870
871
872
873
874
875
876
877
878
879
880
881
882
883
884
885
886
887
888
889
890
891
892
893
894
895
896
897
898
899
900
901
902
903
904
905
906
907
908
909
910
911
912
913
914
915
916
917
918
919
920
921
922
923
924
925
926
927
928
929
930
931
932
933
934
935
936
937
938
939
940
941
942
943
944
945
946
947
948
949
950
951
952
953
954
955
956
957
958
960
961
962
963
964
965
966
967
968
969
970
971
972
973
974
975
976
977
978
979
980
981
982
983
984
985
986
987
988
989
990
991
992
993
994
995
996
997
998
999
1000
1001
1002
1003
1004
0 569 1
0 178 4
0 333 1
0 502 1
0 605 1
1 337 2
2 126 2
2 790 1
2 231 1
4 304 1
4 771 2
5 506 1
5 118 1
5 335 1
6 569 1
6 178 4
6 333 1
12 870 4
14 881 2
14 702 2
15 680 1
15 731 1
15 422 1
17 200 1
17 316 1
24 994 1
24 647 4
24 629 7
24 280 2
24 955 1
24 540 4
25 704 2
28 994 1
28 987 4
28 540 2
28 955 1
29 236 1
29 335 1
30 868 1
30 104 2
30 912 2
30 168 2
30 936 1
30 765 2
30 126 3
31 200 1
31 316 1
31 838 1
32 280 1
32 862 2
32 61 1
32 214 1
32 693 3
35 280 2
40 802 1
40 900 1
40 450 4
40 272 1
40 662 1
40 695 1
40 568 1
40 90 1
40 187 2
40 572 1
40 927 1
41 723 1
48 528 1
48 918 1
53 987 2
53 923 2
53 614 3
53 731 3
56 641 1
56 482 2
56 987 4
56 990 1
56 159 2
58 909 3
61 900 1
61 135 2
61 784 1
61 659 2
61 662 1
61 132 1
61 161 1
61 802 1
61 428 1
61 306 3
61 692 1
61 568 1
61 187 1
61 830 1
61 703 1
61 450 4
61 581 1
61 718 4
61 851 1
61 469 2
61 857 1
61 602 2
61 991 1
61 272 1
61 742 3
61 915 2
61 765 2
62 542 2
64 534 1
65 987 1
66 227 1
67 963 6
67 165 2
67 846 2
67 207 4
67 561 2
67 344 1
68 176 1
68 987 4
72 135 2
74 126 3
75 987 1
75 927 1
77 168 5
77 912 1
78 569 1
78 178 5
78 333 1
82 870 1
83 769 1
83 159 1
83 807 1
86 443 2
90 704 1
90 865 1
90 802 2
90 107 1
90 742 2
90 935 1
90 226 1
90 343 1
90 191 2
90 944 2
90 499 1
90 535 1
90 857 1
90 186 1
90 987 2
90 316 1
90 670 1
90 927 2
91 120 1
91 987 1
91 334 1
92 280 2
92 200 1
92 316 1
92 647 1
95 987 6
98 707 3
98 454 2
98 134 3
98 713 3
98 107 3
98 268 3
98 429 1
98 592 9
98 401 4
98 291 1
98 117 3
98 278 2
101 246 3
101 423 1
102 139 1
103 950 1
103 310 2
103 423 1
105 418 1
106 139 1
107 192 1
107 454 1
107 810 1
107 208 1
107 980 1
112 267 2
112 803 1
113 854 2
113 927 2
116 772 1
120 987 1
120 135 1
120 586 1
120 923 1
120 334 1
120 752 1
125 139 1
126 416 1
126 168 1
126 782 2
126 500 1
127 866 2
127 454 3
131 987 1
132 334 1
133 168 2
133 602 1
134 592 4
134 987 1
134 454 1
135 161 2
135 581 2
135 870 1
135 936 4
135 170 1
135 942 2
135 176 2
135 178 1
135 371 1
135 628 5
135 692 1
135 549 2
136 280 1
136 200 2
136 915 3
136 316 1
137 936 1
137 742 2
138 783 2
138 867 2
138 415 1
139 323 1
139 324 1
139 487 1
139 939 1
139 524 1
139 206 1
139 174 1
139 534 1
139 154 1
139 477 1
139 510 2
141 469 1
142 200 1
142 267 1
142 428 1
142 469 1
142 280 2
142 316 1
143 696 1
147 347 1
147 926 1
147 214 2
147 454 1
147 927 1
150 833 1
151 253 2
152 443 2
159 544 2
159 891 1
159 502 2
159 940 6
159 493 1
159 239 1
159 724 4
159 214 2
159 951 1
159 987 4
159 707 1
159 607 3
160 280 2
160 891 1
160 629 2
160 493 1
161 994 1
161 443 1
165 200 1
165 401 4
165 316 1
165 207 2
166 586 2
166 803 1
166 765 1
167 280 2
167 469 3
168 260 7
168 232 1
168 362 3
168 782 8
168 912 27
168 984 2
168 439 2
168 472 5
168 765 1
171 362 1
171 933 1
175 737 1
175 849 2
175 275 6
175 335 1
176 769 1
176 482 1
176 995 1
176 836 1
176 581 1
176 329 1
176 746 1
176 588 1
176 692 1
176 245 1
176 855 1
176 641 1
176 764 1
178 976 4
178 228 4
178 502 7
178 646 5
178 599 4
178 333 4
178 710 4
178 693 4
178 470 4
178 409 4
178 249 4
178 538 4
178 991 2
178 295 2
178 605 6
178 862 4
178 767 7
180 958 1
180 727 1
181 696 3
181 190 2
185 762 1
185 987 1
187 596 1
188 280 1
189 920 1
189 718 2
190 353 2
190 656 2
190 274 2
190 373 2
190 920 2
191 752 1
191 927 1
192 381 1
192 335 1
193 707 1
193 782 1
193 338 2
193 633 2
193 987 1
193 927 1
194 951 2
196 987 1
196 454 2
196 927 1
197 850 1
197 987 1
197 790 2
199 924 1
199 644 4
200 971 1
200 316 1
200 647 1
200 428 1
200 344 2
200 915 4
200 302 1
200 952 2
200 857 2
200 543 1
200 990 1
207 424 2
207 469 6
207 280 1
207 795 2
208 335 1
209 765 2
214 290 1
214 987 1
214 746 2
214 531 3
214 707 3
214 343 2
214 923 3
214 316 1
216 321 1
223 322 2
223 343 4
228 569 1
228 333 1
228 502 1
228 605 1
229 306 3
229 659 1
231 624 1
231 245 2
231 987 5
231 764 1
231 607 1
233 329 1
233 692 4
236 537 5
236 1004 1
236 335 2
239 987 1
241 280 1
245 987 4
246 423 2
248 987 1
249 569 1
249 333 2
249 605 1
250 782 2
250 927 2
251 987 4
253 290 3
253 566 2
253 454 1
256 416 2
257 987 1
260 912 5
260 557 1
260 790 1
260 439 2
264 454 3
267 280 1
267 674 1
267 586 1
268 454 2
272 450 2
272 900 2
272 754 1
272 595 5
274 280 1
274 469 1
274 647 2
277 458 1
280 647 2
280 493 1
280 656 2
280 658 3
280 915 2
280 408 2
280 547 2
280 421 1
280 422 1
280 817 2
280 424 2
280 301 1
280 561 2
280 530 3
280 953 1
280 954 2
280 846 1
280 851 2
280 526 2
280 990 2
280 293 1
280 614 2
280 360 1
280 920 2
280 629 2
280 631 1
280 469 2
290 566 1
291 401 3
293 605 1
294 817 1
294 586 1
295 569 1
299 322 1
301 647 3
302 316 1
306 771 3
306 742 10
306 807 1
306 659 4
306 660 3
306 374 1
310 343 3
311 994 1
311 987 4
311 540 2
311 955 1
312 333 1
316 344 1
316 647 2
316 971 1
316 428 7
316 915 6
316 629 3
316 543 1
316 952 1
316 857 2
316 990 1
316 607 4
318 918 1
320 980 1
321 684 1
321 918 1
322 343 2
324 334 2
327 381 2
329 987 1
332 435 1
332 500 7
332 782 14
332 575 4
333 409 1
333 502 1
333 710 1
333 599 1
333 693 1
333 470 1
333 569 2
333 538 1
333 605 2
333 862 1
333 767 3
334 987 1
334 772 1
334 454 2
334 776 1
334 692 1
334 534 2
334 607 1
334 638 2
334 671 1
335 464 1
335 643 1
335 737 1
335 808 1
335 553 1
335 468 1
335 1004 1
335 980 4
335 664 5
335 537 1
335 688 1
335 381 2
335 670 1
337 936 2
337 514 2
337 634 1
337 477 1
338 994 1
338 987 4
338 540 2
338 955 1
340 528 1
343 534 1
343 950 1
343 853 2
343 663 4
347 577 1
347 933 2
347 966 1
353 891 1
356 416 2
356 472 2
356 765 2
356 927 1
360 629 2
360 526 6
361 987 4
364 987 4
369 927 2
372 404 1
377 506 1
377 718 1
381 980 1
383 720 2
383 586 3
388 638 1
396 761 1
401 454 6
401 429 3
401 415 6
404 595 1
409 569 1
410 1004 2
413 746 1
413 935 2
414 572 1
415 692 1
415 454 1
416 912 1
416 472 1
416 765 1
416 927 2
418 996 7
418 977 6
421 424 6
421 795 2
423 977 2
423 650 2
424 795 2
428 454 1
428 647 1
428 915 5
428 857 1
429 454 4
432 987 4
433 987 4
435 782 5
437 1001 1
444 927 2
447 984 1
450 802 1
450 900 1
450 765 1
450 754 1
450 595 4
450 692 6
450 662 1
450 572 1
454 612 1
454 552 1
454 875 1
454 592 5
454 562 1
454 822 1
454 735 1
459 517 4
462 987 1
462 687 1
469 512 2
470 569 1
470 605 1
471 987 1
472 743 2
472 782 13
472 912 5
472 575 2
482 987 4
485 927 2
485 823 4
493 530 2
493 629 3
493 630 2
493 891 3
499 684 1
500 814 5
502 532 1
502 599 3
502 569 1
502 538 1
502 605 2
506 576 1
506 783 1
509 832 2
513 823 1
513 927 2
526 891 1
526 629 2
528 783 1
528 692 3
528 565 1
528 765 1
530 658 1
530 629 2
530 630 1
530 891 3
531 987 12
534 832 1
534 951 2
535 823 1
535 927 1
538 569 1
540 641 5
540 994 4
540 955 3
540 987 4
540 543 2
541 1001 1
541 979 1
542 927 1
542 823 1
543 994 1
543 971 1
543 955 1
546 771 1
547 647 2
549 866 1
550 692 1
551 927 2
557 912 2
559 634 1
561 629 3
561 846 1
561 647 6
565 684 2
565 918 1
565 679 1
566 713 1
568 947 1
569 710 1
569 599 1
569 976 1
569 693 1
569 767 1
569 605 1
569 862 1
569 991 1
573 586 2
575 912 1
575 782 1
576 987 1
577 936 3
581 936 3
582 987 4
582 955 2
586 759 3
586 762 1
591 607 1
592 927 4
595 900 1
595 934 1
595 718 1
602 743 1
605 710 1
605 789 2
605 862 1
607 927 1
607 987 1
609 987 1
617 791 1
628 772 1
629 978 3
629 658 2
629 685 2
629 846 2
629 630 2
629 631 2
629 891 5
629 927 1
633 987 1
633 923 2
638 832 1
641 994 1
641 955 1
641 987 4
646 890 1
646 927 2
648 700 1
648 765 1
650 738 1
650 1001 1
650 682 1
650 654 1
650 783 1
650 828 2
654 738 2
654 991 1
659 807 2
670 980 1
671 987 1
679 684 1
679 918 1
680 731 1
683 987 1
684 844 1
684 918 1
684 956 2
686 927 1
687 739 1
687 791 4
692 775 1
692 746 3
692 987 1
697 855 1
700 771 1
704 918 1
704 743 1
707 951 1
715 926 1
716 724 1
716 718 2
718 866 2
718 754 3
718 883 1
718 724 3
719 738 2
719 828 4
722 927 2
731 987 1
733 764 1
738 783 1
738 745 1
738 761 3
738 987 1
738 828 2
742 769 2
742 900 5
742 784 1
743 868 2
743 765 2
743 927 1
746 935 12
746 987 1
752 987 1
761 850 1
764 987 4
765 912 1
765 908 3
769 987 1
770 927 2
772 803 1
772 987 1
772 850 2
772 923 1
774 947 24
789 994 1
789 987 4
790 812 2
794 854 1
796 977 1
798 987 1
809 987 5
823 927 1
832 950 1
833 987 1
840 987 4
844 918 1
849 987 4
850 987 1
854 927 3
857 915 4
872 987 4
873 987 4
890 987 1
923 987 1
933 966 1
935 966 1
951 987 1
955 994 2
955 987 4
963 987 1
977 1001 3
977 1004 5
983 987 1
987 994 4
