0
1
2
3
4
5
6
7
8
9
10
11
12
13
14
15
16
17
18
19
20
21
22
23
24
25
26
27
28
29
30
31
32
33
34
35
36
37
38
39
40
41
42
43
44
45
46
47
48
49
50
51
52
53
54
55
56
57
58
59
60
61
62
63
64
65
66
67
68
69
70
71
72
73
74
75
76
77
78
79
80
81
82
83
84
85
86
87
88
89
90
91
92
93
94
95
96
97
98
99
100
101
102
103
104
105
106
107
108
109
110
111
112
113
114
115
116
117
118
119
120
121
122
123
124
125
126
127
128
129
130
131
132
133
134
135
136
137
138
139
141
142
143
144
145
146
147
148
149
150
151
152
153
154
155
157
158
159
160
161
162
163
164
165
166
167
168
169
170
171
172
173
174
175
176
177
178
179
180
181
182
183
184
185
186
187
188
189
190
191
192
193
194
195
196
197
198
199
200
201
202
203
204
205
206
207
208
209
210
211
212
213
214
215
216
217
218
219
220
221
222
223
224
225
226
227
228
229
230
231
232
233
235
236
237
238
239
240
241
242
243
244
245
246
247
248
249
250
251
252
253
254
255
256
257
259
260
262
263
264
265
266
267
268
269
270
271
272
273
274
275
276
277
278
279
280
281
282
283
284
285
286
287
288
289
290
291
292
293
294
295
296
297
299
300
301
302
303
304
305
306
307
308
309
310
311
312
313
314
315
316
317
318
319
320
321
322
323
324
325
326
327
328
329
330
331
332
333
334
335
336
337
338
339
340
341
343
344
345
346
347
348
349
350
351
352
353
355
356
357
358
359
360
361
362
364
365
366
367
368
369
370
371
372
373
374
375
376
377
378
379
380
381
382
383
384
385
386
387
388
389
390
391
392
393
394
395
396
397
398
399
400
401
402
403
404
405
406
407
408
409
410
411
412
413
414
415
416
418
419
420
421
422
423
424
425
426
427
428
429
430
431
432
433
434
435
436
437
438
439
440
441
442
443
444
445
446
447
448
449
450
451
452
453
454
455
456
457
458
459
460
461
462
464
465
466
467
468
469
470
471
472
473
474
475
476
477
478
479
480
481
482
483
484
485
486
487
488
489
490
491
492
493
495
496
497
498
499
500
501
502
503
504
505
506
507
508
509
510
511
512
513
514
515
516
517
518
519
520
521
522
523
524
525
526
527
528
530
531
532
533
534
535
536
537
538
539
540
541
542
543
544
545
546
547
548
549
550
551
552
553
554
556
557
558
559
560
561
562
563
564
565
566
567
568
569
570
571
572
573
574
575
576
577
578
579
580
581
582
583
584
585
586
587
588
589
590
591
592
593
594
595
596
597
598
599
600
601
602
603
604
605
606
607
609
610
611
612
613
614
615
616
617
618
619
621
622
623
624
625
626
627
628
629
630
631
632
633
634
635
636
637
638
639
640
641
642
643
644
645
646
647
648
649
650
651
652
653
654
655
656
657
658
659
660
661
662
663
664
665
666
667
668
669
670
671
672
673
674
675
676
677
678
679
680
681
682
683
684
685
686
687
688
689
690
691
692
693
694
695
696
697
698
699
700
701
702
703
704
705
706
707
708
709
710
711
712
713
714
715
716
717
718
719
720
721
722
723
724
725
726
727
728
729
730
731
732
733
734
735
736
737
738
739
740
741
742
743
744
745
746
747
748
749
750
751
752
753
754
756
757
758
759
760
761
762
763
764
765
767
768
769
770
771
772
773
774
775
776
777
778
779
780
781
782
783
784
785
786
787
788
789
790
791
792
793
794
795
796
797
798
799
800
801
802
803
804
805
806
807
808
809
810
811
812
813
814
815
816
817
818
819
820
821
822
823
824
825
826
827
828
829
830
831
832
833
834
835
836
837
838
839
840
841
842
843
844
845
846
847
848
849
850
851
852
853
854
855
856
857
858
859
860
861
862
863
864
865
866
867
868
869
870
871
872
873
874
875
876
877
878
879
880
881
882
883
884
885
886
887
888
889
890
891
892
893
894
895
896
897
898
899
900
901
902
903
904
905
906
907
908
909
910
911
912
913
914
915
916
917
918
919
920
921
922
923
924
925
926
927
928
929
930
931
932
933
934
935
936
937
938
939
940
941
942
943
944
945
946
947
948
949
950
951
952
953
954
955
956
957
958
960
961
962
963
964
965
966
967
968
969
970
971
972
973
974
975
976
977
978
979
980
981
982
983
984
985
986
987
988
989
990
991
992
993
994
995
996
997
998
999
1000
1001
1002
1003
1004
0 512 5
0 6 1
0 409 1
0 538 1
0 295 1
0 432 5
0 178 3
0 693 1
0 710 1
0 333 2
0 78 1
0 976 1
0 470 1
0 599 1
0 732 2
0 605 1
0 862 1
0 991 1
0 228 1
0 502 1
0 249 1
0 767 1
2 700 1
2 52 1
2 790 1
4 135 1
5 335 5
6 333 2
7 810 2
13 516 1
13 738 1
13 532 9
13 506 1
13 719 1
14 506 2
14 719 1
14 924 1
14 410 1
14 173 1
15 680 1
16 777 1
16 716 2
16 541 2
16 293 1
17 857 3
19 333 1
24 647 5
24 656 4
24 530 1
24 629 1
24 891 7
24 189 1
24 990 2
25 48 4
25 684 2
25 918 1
28 987 1
29 381 5
29 335 5
30 313 2
30 908 3
30 356 3
30 765 10
31 165 6
31 990 1
32 534 5
32 143 1
32 197 1
32 214 1
32 791 6
35 552 1
35 188 1
35 469 1
35 207 4
38 832 3
38 322 1
38 388 3
38 522 2
38 324 10
38 586 2
40 568 2
40 196 3
40 187 3
40 572 1
40 752 1
42 402 1
48 458 3
48 684 1
48 558 3
48 216 4
48 956 4
48 319 4
52 232 1
52 868 2
52 356 2
52 765 2
53 220 1
56 987 1
56 951 1
61 388 1
61 416 1
61 771 7
61 243 1
61 517 2
61 166 2
61 231 1
61 356 2
61 522 1
61 718 2
61 591 2
61 272 2
61 851 1
61 883 3
61 724 2
61 502 1
61 120 1
61 948 3
61 122 3
61 915 4
62 746 3
62 542 6
62 854 1
62 646 7
62 113 2
67 963 14
67 165 14
67 391 3
67 846 8
67 207 7
67 561 7
67 344 13
68 338 1
68 987 1
69 950 1
69 879 3
70 890 2
74 416 3
74 133 1
74 166 3
74 294 7
74 168 1
74 586 4
74 912 1
74 447 2
75 833 1
75 772 3
75 850 1
75 334 1
75 178 2
75 120 1
75 220 3
75 607 1
77 168 4
77 416 1
77 575 2
77 790 1
77 439 1
78 333 1
78 599 2
82 135 1
83 771 1
84 534 1
86 152 1
86 443 2
90 233 1
90 915 1
90 235 1
91 499 1
95 819 1
95 987 1
96 299 1
96 420 2
98 592 1
98 401 5
98 268 1
103 977 6
103 950 3
104 648 1
104 425 3
104 313 1
104 765 4
104 721 3
105 418 11
107 464 2
107 192 2
107 810 1
107 468 1
107 381 5
110 166 2
112 344 1
112 803 1
112 674 3
112 267 3
112 166 3
113 250 1
113 854 2
117 268 1
118 335 5
119 812 1
119 700 1
120 742 1
120 196 2
120 198 1
122 272 1
122 167 1
122 428 1
122 656 1
122 306 1
122 693 1
122 280 1
122 410 1
122 862 2
124 854 1
124 551 1
125 622 7
126 356 1
126 294 2
126 648 1
126 782 2
126 885 1
126 790 3
126 984 2
127 724 1
127 607 2
133 602 1
134 592 1
134 738 1
134 268 1
134 454 2
135 546 1
135 549 2
135 870 1
135 337 5
135 936 10
135 137 3
135 170 1
135 942 2
135 742 4
135 371 1
135 628 2
135 855 3
135 700 1
135 746 1
136 915 5
136 316 3
136 629 1
141 512 3
141 552 1
141 188 1
141 614 2
142 267 4
142 915 6
143 214 1
143 422 2
147 416 2
147 355 2
147 196 1
147 454 1
147 171 1
147 347 4
150 415 3
151 923 2
151 253 3
152 443 6
157 577 2
157 347 1
159 214 7
159 741 1
159 940 4
159 334 1
159 687 2
159 915 1
159 854 1
159 633 1
159 540 2
160 165 1
160 838 1
160 360 2
160 267 2
160 526 3
160 658 3
160 629 3
164 638 2
164 559 1
165 647 2
165 586 2
165 401 5
165 915 4
165 344 10
165 857 1
166 609 1
166 674 3
166 356 1
166 517 3
166 743 1
166 602 2
167 547 1
167 552 1
167 851 2
167 469 1
167 188 1
168 416 10
168 356 1
168 232 26
168 951 1
168 782 2
168 912 11
168 984 4
168 756 1
168 949 13
168 790 22
168 439 13
168 472 23
168 260 4
168 575 4
169 372 1
169 595 2
169 404 1
170 337 2
170 855 1
171 277 1
171 590 1
173 924 2
173 506 5
173 644 1
173 428 5
175 849 1
175 670 1
175 335 5
176 586 3
178 228 1
178 333 1
178 464 3
178 693 1
178 502 8
178 605 2
178 862 4
180 727 1
181 274 1
184 1004 2
185 833 1
187 947 1
187 198 1
188 512 2
188 547 2
188 421 2
188 614 2
188 241 1
188 552 2
188 817 1
188 658 1
188 301 2
188 207 2
188 851 1
188 424 2
188 978 2
188 469 2
188 954 1
188 795 2
188 988 1
188 957 2
189 236 1
189 428 1
189 718 2
189 977 1
189 410 1
189 607 3
190 656 1
190 353 2
190 267 1
190 614 2
191 471 1
192 737 1
192 381 15
193 528 1
193 540 1
193 214 1
196 291 2
196 454 2
196 268 1
196 429 1
196 850 1
197 586 1
198 568 1
198 488 1
199 924 1
199 506 2
199 996 2
200 952 1
200 915 2
200 428 2
201 506 1
201 335 3
205 383 3
207 424 9
207 558 3
207 552 1
207 373 5
207 954 1
207 795 6
207 988 3
207 469 5
208 977 5
208 783 1
208 335 5
209 356 1
214 931 3
214 763 1
214 854 1
214 609 1
214 534 1
214 428 1
214 946 1
214 787 1
214 948 2
214 278 1
214 951 1
214 500 1
214 607 1
214 923 1
214 220 1
216 321 2
216 684 1
220 334 3
220 752 2
220 890 1
223 746 1
223 879 1
223 822 1
223 735 1
228 605 7
228 502 3
228 333 1
229 374 2
229 607 1
230 577 3
231 738 3
231 772 2
231 624 1
231 338 2
231 951 1
231 698 3
231 987 1
231 540 4
232 416 1
232 425 3
232 782 1
232 946 2
232 790 7
232 472 11
232 313 1
232 575 2
232 607 2
233 692 2
233 890 2
235 890 1
236 537 6
236 1004 2
236 335 5
239 609 1
239 703 1
239 716 4
239 854 1
239 857 1
241 469 1
245 698 3
245 987 1
245 764 1
245 951 3
246 293 1
249 333 2
250 513 1
250 770 1
250 854 4
250 646 1
250 551 1
250 535 1
250 369 1
250 722 1
250 886 1
250 823 1
250 444 1
250 542 1
250 485 1
251 987 1
253 290 1
253 566 2
255 577 1
256 416 1
256 313 1
256 294 3
257 731 1
260 416 1
260 762 1
260 949 2
260 790 6
267 838 1
267 586 2
267 629 1
267 790 1
267 891 6
268 291 1
268 454 1
268 713 1
268 683 1
268 598 1
268 633 1
272 306 2
273 951 2
274 920 2
274 614 1
275 849 1
277 890 2
280 890 1
284 680 1
284 731 1
288 391 9
288 493 10
288 561 11
288 629 7
288 630 1
288 445 9
291 401 5
291 454 4
291 429 1
292 890 1
293 724 2
294 416 3
294 868 2
294 648 2
294 817 4
294 790 2
294 313 1
294 890 2
294 447 2
301 552 1
301 469 1
302 915 1
302 428 1
304 441 1
305 946 1
306 771 4
306 742 4
306 374 2
310 324 2
310 477 4
311 987 1
311 925 1
311 773 1
312 333 1
313 416 4
313 356 1
313 885 3
313 765 2
313 447 1
316 915 2
318 499 1
318 332 2
321 499 2
321 684 1
322 334 2
322 534 2
324 832 1
324 474 1
324 586 3
326 586 1
327 849 3
327 381 4
327 921 1
329 624 1
329 819 1
332 435 3
332 500 6
332 854 2
333 502 1
333 710 1
333 599 1
333 569 1
333 693 1
333 470 1
333 409 1
333 538 1
333 605 1
333 862 1
333 767 2
334 534 1
334 742 1
334 776 1
334 500 1
334 502 1
334 343 1
334 765 1
334 926 4
335 643 5
335 790 1
335 664 5
335 537 5
335 670 5
335 808 5
335 553 5
335 810 5
335 941 1
335 688 5
335 468 5
335 985 5
335 737 11
335 1004 5
335 464 7
335 980 5
335 381 3
337 505 1
337 663 1
338 987 1
338 540 1
341 915 1
343 663 1
343 950 1
343 534 2
343 607 3
349 976 5
349 428 1
353 891 1
356 416 5
356 868 5
356 517 6
356 586 2
356 718 2
356 648 3
356 948 8
356 472 4
356 889 1
356 602 1
356 447 5
356 765 1
360 891 1
360 526 1
361 987 1
362 383 1
364 987 1
364 764 2
369 854 1
369 646 1
369 407 4
372 595 3
372 404 1
374 742 1
374 790 2
378 977 1
379 568 3
381 810 8
381 468 6
381 532 13
381 761 6
381 670 3
383 720 8
388 634 1
394 854 1
397 738 1
401 454 14
401 683 1
401 429 21
401 415 4
402 788 1
409 710 1
410 994 1
410 1004 1
410 719 2
410 977 3
415 833 1
415 429 3
415 718 1
415 851 1
415 629 1
415 540 2
416 517 1
416 648 5
416 782 7
416 472 1
416 573 1
416 435 4
416 948 6
416 951 2
416 586 8
416 447 1
416 718 1
416 984 4
416 868 5
416 602 1
416 885 5
418 977 5
418 996 14
420 559 2
421 424 7
421 552 1
421 795 1
421 469 1
422 680 3
422 731 28
422 527 2
423 977 6
423 849 1
424 552 1
424 469 1
424 795 6
425 908 1
425 946 4
425 598 2
425 765 5
427 540 2
428 915 11
428 857 2
429 454 11
432 512 2
432 987 1
432 468 1
433 738 5
433 987 3
435 500 4
435 782 1
440 737 2
442 506 1
443 602 3
443 662 2
443 743 2
444 528 1
444 948 1
444 854 1
444 535 1
447 586 2
447 782 1
450 947 1
454 592 4
464 502 1
468 898 1
468 810 1
468 890 2
469 512 3
469 547 1
469 552 1
469 614 1
469 817 1
469 954 1
469 795 1
469 957 1
472 782 2
477 534 2
480 987 1
481 565 2
482 987 1
482 606 1
482 951 1
485 854 1
491 497 1
491 644 1
495 568 1
499 833 1
499 684 2
499 558 2
499 607 3
500 948 1
500 542 2
502 710 1
502 976 2
502 718 1
502 790 2
502 791 1
502 538 2
502 605 11
502 542 1
506 576 1
506 738 2
506 996 1
506 682 1
506 783 2
506 644 1
506 924 1
506 951 1
506 921 1
506 541 1
506 890 1
510 622 1
512 552 1
513 854 1
513 646 1
513 535 1
514 977 6
516 881 5
516 532 6
517 718 1
517 948 3
517 565 2
517 854 1
517 602 1
517 542 3
526 530 1
527 720 1
528 867 1
530 891 2
531 987 1
532 804 3
532 881 1
532 537 7
532 761 5
532 700 3
534 649 2
534 746 2
534 879 1
534 591 1
535 854 2
540 987 1
540 873 1
540 697 1
540 698 3
540 925 2
541 738 1
542 746 1
542 752 1
542 854 3
543 952 1
544 752 1
546 550 4
547 552 1
547 851 1
550 684 1
550 834 2
551 854 1
552 614 2
552 817 1
552 851 1
552 951 1
552 954 1
552 795 1
552 988 1
552 957 1
553 670 1
556 854 1
558 844 2
558 684 3
559 622 7
561 846 4
565 684 1
565 743 3
568 947 3
581 742 1
582 987 1
582 764 1
584 731 1
586 948 2
586 885 3
587 720 3
587 752 1
591 742 1
591 746 2
591 765 1
591 607 5
592 609 1
592 713 1
592 948 2
595 716 1
597 738 1
598 633 1
599 710 3
599 767 1
602 743 7
605 693 3
607 742 2
607 718 3
607 687 3
617 833 1
622 676 7
624 994 1
629 658 1
629 630 2
629 891 5
630 891 1
630 838 1
630 685 2
633 809 1
641 987 1
643 685 1
644 738 1
646 854 1
647 953 2
647 915 2
650 682 2
650 738 1
650 654 1
650 783 1
654 738 2
654 682 1
656 920 4
662 900 1
663 950 1
668 746 22
674 948 2
679 684 1
680 707 1
680 720 4
680 731 4
682 738 1
682 783 1
684 844 12
684 956 3
685 1001 2
687 746 1
692 746 9
692 718 1
693 710 1
697 925 1
697 855 2
698 840 3
698 873 3
698 987 1
698 764 3
700 812 2
700 790 13
703 771 1
704 743 1
707 880 1
707 951 1
716 724 1
716 718 1
718 915 4
718 851 1
719 738 1
719 837 1
719 745 1
719 783 1
719 921 1
719 828 1
720 833 1
720 746 6
721 908 2
721 765 4
722 854 1
724 1001 1
731 739 3
731 746 2
731 915 3
737 849 1
738 783 2
738 772 2
738 979 1
738 921 2
738 923 1
739 915 1
742 771 6
742 900 7
742 784 1
742 772 1
746 801 1
746 900 3
746 935 18
746 812 2
746 813 11
759 984 1
761 881 2
761 804 2
762 984 1
764 994 1
764 840 1
764 987 1
765 868 2
765 908 1
771 870 1
771 784 1
773 838 1
774 947 183
780 977 4
783 890 1
789 987 1
790 868 1
790 812 2
796 977 2
803 948 2
804 881 5
809 987 1
817 851 5
821 854 1
823 854 4
837 850 1
838 952 7
840 987 1
843 883 1
844 956 1
849 987 1
850 996 1
851 978 1
851 920 1
851 890 1
851 988 1
857 915 5
862 909 4
872 987 1
873 987 1
890 915 1
890 1001 1
915 971 2
915 953 1
915 952 2
925 955 1
925 987 2
950 977 10
952 971 1
953 990 1
955 987 1
977 1004 5
987 994 1
