0
1
2
3
4
5
6
7
8
9
10
11
12
13
14
15
16
17
18
19
20
21
22
23
24
25
26
27
28
29
30
31
32
33
34
35
36
37
38
39
40
41
42
43
44
45
46
47
48
49
50
51
52
53
54
55
56
57
58
59
60
61
62
63
64
65
66
67
68
69
70
71
72
73
74
75
76
77
78
79
80
81
82
83
84
85
86
87
88
89
90
91
92
93
94
95
96
97
98
99
100
101
102
103
104
105
106
107
108
109
110
111
112
113
114
115
116
117
118
119
120
121
122
123
124
125
126
127
128
129
130
131
132
133
134
135
136
137
138
139
141
142
143
144
145
146
147
148
149
150
151
152
153
154
155
157
158
159
160
161
162
163
164
165
166
167
168
169
170
171
172
173
174
175
176
177
178
179
180
181
182
183
184
185
186
187
188
189
190
191
192
193
194
195
196
197
198
199
200
201
202
203
204
205
206
207
208
209
210
211
212
213
214
215
216
217
218
219
220
221
222
223
224
225
226
227
228
229
230
231
232
233
235
236
237
238
239
240
241
242
243
244
245
246
247
248
249
250
251
252
253
254
255
256
257
259
260
262
263
264
265
266
267
268
269
270
271
272
273
274
275
276
277
278
279
280
281
282
283
284
285
286
287
288
289
290
291
292
293
294
295
296
297
299
300
301
302
303
304
305
306
307
308
309
310
311
312
313
314
315
316
317
318
319
320
321
322
323
324
325
326
327
328
329
330
331
332
333
334
335
336
337
338
339
340
341
343
344
345
346
347
348
349
350
351
352
353
355
356
357
358
359
360
361
362
364
365
366
367
368
369
370
371
372
373
374
375
376
377
378
379
380
381
382
383
384
385
386
387
388
389
390
391
392
393
394
395
396
397
398
399
400
401
402
403
404
405
406
407
408
409
410
411
412
413
414
415
416
418
419
420
421
422
423
424
425
426
427
428
429
430
431
432
433
434
435
436
437
438
439
440
441
442
443
444
445
446
447
448
449
450
451
452
453
454
455
456
457
458
459
460
461
462
464
465
466
467
468
469
470
471
472
473
474
475
476
477
478
479
480
481
482
483
484
485
486
487
488
489
490
491
492
493
495
496
497
498
499
500
501
502
503
504
505
506
507
508
509
510
511
512
513
514
515
516
517
518
519
520
521
522
523
524
525
526
527
528
530
531
532
533
534
535
536
537
538
539
540
541
542
543
544
545
546
547
548
549
550
551
552
553
554
556
557
558
559
560
561
562
563
564
565
566
567
568
569
570
571
572
573
574
575
576
577
578
579
580
581
582
583
584
585
586
587
588
589
590
591
592
593
594
595
596
597
598
599
600
601
602
603
604
605
606
607
609
610
611
612
613
614
615
616
617
618
619
621
622
623
624
625
626
627
628
629
630
631
632
633
634
635
636
637
638
639
640
641
642
643
644
645
646
647
648
649
650
651
652
653
654
655
656
657
658
659
660
661
662
663
664
665
666
667
668
669
670
671
672
673
674
675
676
677
678
679
680
681
682
683
684
685
686
687
688
689
690
691
692
693
694
695
696
697
698
699
700
701
702
703
704
705
706
707
708
709
710
711
712
713
714
715
716
717
718
719
720
721
722
723
724
725
726
727
728
729
730
731
732
733
734
735
736
737
738
739
740
741
742
743
744
745
746
747
748
749
750
751
752
753
754
756
757
758
759
760
761
762
763
764
765
767
768
769
770
771
772
773
774
775
776
777
778
779
780
781
782
783
784
785
786
787
788
789
790
791
792
793
794
795
796
797
798
799
800
801
802
803
804
805
806
807
808
809
810
811
812
813
814
815
816
817
818
819
820
821
822
823
824
825
826
827
828
829
830
831
832
833
834
835
836
837
838
839
840
841
842
843
844
845
846
847
848
849
850
851
852
853
854
855
856
857
858
859
860
861
862
863
864
865
866
867
868
869
870
871
872
873
874
875
876
877
878
879
880
881
882
883
884
885
886
887
888
889
890
891
892
893
894
895
896
897
898
899
900
901
902
903
904
905
906
907
908
909
910
911
912
913
914
915
916
917
918
919
920
921
922
923
924
925
926
927
928
929
930
931
932
933
934
935
936
937
938
939
940
941
942
943
944
945
946
947
948
949
950
951
952
953
954
955
956
957
958
960
961
962
963
964
965
966
967
968
969
970
971
972
973
974
975
976
977
978
979
980
981
982
983
984
985
986
987
988
989
990
991
992
993
994
995
996
997
998
999
1000
1001
1002
1003
1004
0 569 1
0 732 1
1 303 1
2 746 2
2 61 5
2 790 5
4 135 1
5 107 1
5 553 1
5 898 1
5 491 1
5 175 4
6 569 1
13 516 1
14 516 1
15 680 3
15 731 2
15 422 2
16 377 1
16 843 1
24 530 1
24 607 3
26 450 2
30 104 1
30 313 2
30 765 3
31 428 2
31 165 7
31 990 1
32 977 1
32 891 1
32 127 4
35 978 1
35 207 1
40 712 2
40 450 3
40 187 1
40 159 1
41 723 1
41 565 1
42 402 1
42 510 1
52 356 1
53 416 1
53 193 1
53 90 1
56 994 1
56 772 1
56 482 1
56 531 1
56 633 1
56 159 1
58 586 1
59 377 1
61 522 1
61 843 1
61 450 2
61 718 10
61 591 1
61 181 1
61 278 1
61 568 3
61 127 1
61 687 1
61 607 2
62 369 1
62 485 1
62 214 3
62 646 4
62 159 2
64 534 2
65 720 1
65 771 1
65 927 1
67 344 5
67 561 4
67 165 4
67 846 6
67 207 1
68 176 1
69 343 2
69 879 1
74 984 2
74 416 1
74 166 1
74 782 3
74 759 2
75 740 3
75 997 1
75 107 1
75 851 1
75 633 1
75 772 4
75 607 1
75 927 3
75 220 1
75 190 1
75 127 1
78 976 1
78 569 2
82 135 1
83 784 1
86 443 1
90 935 1
90 428 3
90 927 2
91 599 2
92 428 1
98 291 1
98 454 2
98 107 16
98 268 1
98 429 2
98 592 2
98 707 12
98 117 1
101 423 3
103 832 2
103 514 2
103 310 1
103 423 6
103 780 2
103 303 2
103 950 2
103 663 2
104 416 3
104 908 3
104 765 9
106 740 2
107 214 1
107 643 1
107 810 2
107 468 1
107 335 6
107 985 1
107 980 2
107 118 1
107 537 1
107 664 1
107 569 1
107 381 1
112 803 1
112 517 1
113 535 1
114 149 1
125 622 11
126 912 1
126 168 1
126 586 1
126 362 1
126 790 2
127 754 5
127 149 2
127 569 1
131 516 1
133 416 1
134 592 2
134 454 1
135 292 4
135 581 1
135 870 1
135 170 2
135 942 1
135 176 2
135 371 2
135 692 2
135 214 1
135 855 1
135 628 2
136 344 1
136 200 1
136 428 2
136 838 4
136 207 2
137 936 1
139 832 1
139 323 1
139 534 1
141 978 1
141 469 1
142 428 1
143 872 1
147 416 5
147 196 2
147 157 1
147 454 1
147 415 3
149 423 1
150 415 2
152 443 1
157 740 1
159 646 2
159 912 1
159 915 1
159 283 1
159 671 1
159 290 1
159 450 1
159 712 3
159 841 8
159 334 6
159 718 1
159 214 4
159 220 3
159 865 1
159 612 2
159 742 1
159 617 1
159 502 3
159 763 1
160 428 1
164 420 1
165 838 1
165 207 2
165 401 3
165 344 4
166 416 1
166 762 1
166 743 1
167 978 2
167 207 1
168 232 1
168 356 1
170 697 1
171 347 3
171 590 1
173 516 1
173 506 2
173 428 2
175 737 2
175 275 9
175 1004 1
175 849 2
176 769 1
176 482 1
176 995 1
176 836 1
176 581 1
176 329 1
176 746 1
176 588 1
176 692 1
176 245 1
176 855 1
176 641 1
176 764 1
184 393 1
184 423 2
184 607 1
187 802 3
187 379 1
188 978 1
188 988 1
188 630 2
188 207 1
189 377 2
189 236 1
191 692 1
191 927 4
193 416 5
193 617 1
193 923 1
196 850 1
196 429 1
196 454 2
196 927 1
197 516 1
199 506 1
199 516 1
200 971 2
200 428 7
200 920 1
200 274 1
200 915 2
200 344 3
207 795 3
207 421 1
207 561 2
207 424 5
207 301 1
207 817 1
207 953 2
207 954 1
207 957 1
207 847 1
207 978 1
207 547 1
207 469 1
207 988 2
207 241 1
207 851 1
214 776 1
214 428 4
214 530 1
214 835 1
214 278 1
214 920 1
214 544 1
214 290 1
214 987 1
214 940 1
214 692 1
214 569 1
214 316 3
214 684 1
214 324 1
214 844 1
214 334 1
214 720 1
214 852 1
214 731 1
214 220 1
214 865 1
214 738 1
214 743 1
214 371 1
214 629 1
214 377 2
214 763 1
216 672 1
216 321 2
223 638 1
228 569 2
228 502 1
229 241 2
229 306 5
229 483 1
229 607 2
231 245 4
232 472 1
232 575 3
233 692 3
239 596 1
243 377 1
243 772 1
245 624 2
245 951 1
246 423 3
249 569 1
250 927 1
251 994 1
251 531 1
251 482 1
251 935 1
256 416 3
256 313 3
260 912 1
267 530 1
267 629 1
267 517 1
268 592 1
268 1003 3
268 454 1
270 516 1
272 450 1
275 849 1
277 458 2
280 772 1
281 377 1
284 680 1
291 429 2
291 454 6
292 581 1
293 547 1
294 817 2
295 569 1
299 388 1
301 656 1
301 978 1
303 832 1
303 368 1
303 950 4
305 472 1
306 659 2
306 700 1
310 477 2
311 697 1
311 955 1
313 416 4
313 765 2
316 428 9
318 332 1
319 1002 1
321 618 1
321 684 1
326 692 2
326 687 1
327 516 1
332 539 1
332 500 1
333 569 1
334 923 1
334 718 1
334 502 1
335 980 1
335 381 2
338 994 1
339 569 1
343 663 2
347 933 3
347 966 5
353 891 1
356 416 2
356 743 6
356 912 1
356 472 4
356 765 5
356 542 1
356 607 2
360 362 1
360 526 2
362 870 1
362 424 1
362 854 1
362 990 1
364 764 1
364 582 2
368 663 2
369 823 1
372 404 2
377 866 3
377 711 2
377 716 1
377 718 1
377 605 1
377 724 1
377 502 1
377 729 6
377 696 1
377 700 1
377 479 1
379 568 2
379 900 1
381 541 1
383 868 2
383 887 1
388 832 1
388 843 1
388 746 1
388 612 1
392 517 1
398 712 6
401 429 3
401 454 6
401 415 2
406 469 1
407 779 1
407 843 2
409 569 1
410 663 1
415 435 2
415 569 2
416 782 2
416 472 1
416 984 3
416 447 1
416 586 1
416 868 2
416 927 1
418 977 2
421 424 3
421 978 1
421 795 1
422 731 3
423 832 4
423 866 1
423 710 2
423 779 2
423 716 1
423 977 7
424 847 1
424 978 1
424 795 4
424 990 3
427 955 1
428 838 1
428 647 1
428 971 1
428 857 4
428 915 4
428 951 2
428 952 1
428 953 2
428 990 1
429 454 9
433 994 1
433 815 2
435 500 3
435 782 1
437 516 1
447 832 1
447 984 1
447 586 3
450 462 1
450 712 2
450 595 1
450 596 1
450 692 1
450 572 1
453 595 1
454 592 5
454 772 1
454 927 1
458 499 1
458 956 2
458 565 1
459 517 2
469 978 1
470 569 1
472 743 2
472 602 1
472 575 2
482 569 1
482 531 1
483 607 1
485 513 1
485 542 2
491 644 1
497 977 4
500 586 2
500 782 4
501 879 1
502 710 1
502 746 1
502 851 1
502 569 3
505 870 2
506 516 3
506 1001 2
506 996 1
506 924 1
508 516 1
509 788 3
510 622 2
510 534 1
513 927 1
514 832 3
514 950 1
514 638 2
515 927 3
516 644 1
516 650 1
516 783 1
516 657 1
516 532 3
516 921 1
516 923 1
516 924 1
516 541 1
516 837 1
516 653 1
516 682 1
516 700 2
516 654 1
516 576 1
516 719 1
516 850 1
516 979 1
516 738 1
516 996 1
516 1001 1
516 747 1
516 881 2
516 702 1
516 745 1
516 761 3
517 674 1
517 803 1
526 561 1
528 772 1
530 746 1
531 641 1
531 935 1
531 671 1
534 843 1
534 746 4
535 927 3
538 569 1
538 951 1
540 680 1
540 697 1
540 955 1
541 951 1
542 550 1
542 646 3
543 971 1
546 550 1
546 607 1
547 957 1
547 978 1
550 607 1
551 556 1
552 978 1
561 846 4
563 731 1
565 723 1
565 684 1
569 693 2
569 710 1
569 976 1
569 599 1
569 605 1
569 862 1
569 991 1
569 767 1
581 936 2
581 720 4
581 855 6
582 764 1
586 782 3
586 759 1
586 984 3
587 720 3
591 746 3
591 843 1
591 718 2
591 923 1
591 607 1
592 713 2
592 927 3
595 934 1
599 693 1
599 710 1
602 743 1
607 687 1
607 696 1
607 915 2
607 692 1
607 851 1
609 927 2
613 772 1
614 978 1
617 720 1
622 676 2
626 863 1
629 658 1
629 858 1
629 838 1
634 832 1
634 788 1
643 685 2
646 927 1
647 915 1
648 765 6
650 682 4
650 654 2
650 783 2
654 682 1
658 838 1
660 769 1
662 900 1
663 950 2
665 746 1
672 844 2
680 707 1
680 720 2
680 731 2
681 729 1
686 927 1
687 843 1
687 692 1
687 923 1
692 746 9
696 833 1
697 771 1
697 873 2
697 855 2
697 925 1
700 881 1
700 771 1
707 880 1
710 862 1
711 843 1
716 980 1
716 718 2
718 843 1
718 980 5
719 738 1
719 837 1
719 783 1
722 927 4
735 740 1
738 850 1
740 879 1
740 788 1
742 900 1
746 935 13
746 812 2
746 851 1
746 900 3
746 915 1
754 843 2
758 918 1
762 984 1
764 994 3
765 868 5
765 790 1
772 993 1
772 775 1
772 812 1
772 783 1
772 923 4
772 915 1
772 997 1
773 955 1
774 947 28
780 832 1
782 923 2
788 832 2
790 966 6
795 978 1
808 898 2
809 994 1
817 978 1
824 858 3
838 952 2
841 923 2
851 978 1
915 971 2
923 994 3
925 955 1
933 966 7
935 966 1
951 996 1
954 978 1
955 987 1
957 978 1
969 977 2
977 1001 2
977 1004 5
978 988 5
