0
1
2
3
4
5
6
7
8
9
10
11
12
13
14
15
16
17
18
19
20
21
22
23
24
25
26
27
28
29
30
31
32
33
34
35
36
37
38
39
40
41
42
43
44
45
46
47
48
49
50
51
52
53
54
55
56
57
58
59
60
61
62
63
64
65
66
67
68
69
70
71
72
73
74
75
76
77
78
79
80
81
82
83
84
85
86
87
88
89
90
91
92
93
94
95
96
97
98
99
100
101
102
103
104
105
106
107
108
109
110
111
112
113
114
115
116
117
118
119
120
121
122
123
124
125
126
127
128
129
130
131
132
133
134
135
136
137
138
139
141
142
143
144
145
146
147
148
149
150
151
152
153
154
155
157
158
159
160
161
162
163
164
165
166
167
168
169
170
171
172
173
174
175
176
177
178
179
180
181
182
183
184
185
186
187
188
189
190
191
192
193
194
195
196
197
198
199
200
201
202
203
204
205
206
207
208
209
210
211
212
213
214
215
216
217
218
219
220
221
222
223
224
225
226
227
228
229
230
231
232
233
235
236
237
238
239
240
241
242
243
244
245
246
247
248
249
250
251
252
253
254
255
256
257
259
260
262
263
264
265
266
267
268
269
270
271
272
273
274
275
276
277
278
279
280
281
282
283
284
285
286
287
288
289
290
291
292
293
294
295
296
297
299
300
301
302
303
304
305
306
307
308
309
310
311
312
313
314
315
316
317
318
319
320
321
322
323
324
325
326
327
328
329
330
331
332
333
334
335
336
337
338
339
340
341
343
344
345
346
347
348
349
350
351
352
353
355
356
357
358
359
360
361
362
364
365
366
367
368
369
370
371
372
373
374
375
376
377
378
379
380
381
382
383
384
385
386
387
388
389
390
391
392
393
394
395
396
397
398
399
400
401
402
403
404
405
406
407
408
409
410
411
412
413
414
415
416
418
419
420
421
422
423
424
425
426
427
428
429
430
431
432
433
434
435
436
437
438
439
440
441
442
443
444
445
446
447
448
449
450
451
452
453
454
455
456
457
458
459
460
461
462
464
465
466
467
468
469
470
471
472
473
474
475
476
477
478
479
480
481
482
483
484
485
486
487
488
489
490
491
492
493
495
496
497
498
499
500
501
502
503
504
505
506
507
508
509
510
511
512
513
514
515
516
517
518
519
520
521
522
523
524
525
526
527
528
530
531
532
533
534
535
536
537
538
539
540
541
542
543
544
545
546
547
548
549
550
551
552
553
554
556
557
558
559
560
561
562
563
564
565
566
567
568
569
570
571
572
573
574
575
576
577
578
579
580
581
582
583
584
585
586
587
588
589
590
591
592
593
594
595
596
597
598
599
600
601
602
603
604
605
606
607
609
610
611
612
613
614
615
616
617
618
619
621
622
623
624
625
626
627
628
629
630
631
632
633
634
635
636
637
638
639
640
641
642
643
644
645
646
647
648
649
650
651
652
653
654
655
656
657
658
659
660
661
662
663
664
665
666
667
668
669
670
671
672
673
674
675
676
677
678
679
680
681
682
683
684
685
686
687
688
689
690
691
692
693
694
695
696
697
698
699
700
701
702
703
704
705
706
707
708
709
710
711
712
713
714
715
716
717
718
719
720
721
722
723
724
725
726
727
728
729
730
731
732
733
734
735
736
737
738
739
740
741
742
743
744
745
746
747
748
749
750
751
752
753
754
756
757
758
759
760
761
762
763
764
765
767
768
769
770
771
772
773
774
775
776
777
778
779
780
781
782
783
784
785
786
787
788
789
790
791
792
793
794
795
796
797
798
799
800
801
802
803
804
805
806
807
808
809
810
811
812
813
814
815
816
817
818
819
820
821
822
823
824
825
826
827
828
829
830
831
832
833
834
835
836
837
838
839
840
841
842
843
844
845
846
847
848
849
850
851
852
853
854
855
856
857
858
859
860
861
862
863
864
865
866
867
868
869
870
871
872
873
874
875
876
877
878
879
880
881
882
883
884
885
886
887
888
889
890
891
892
893
894
895
896
897
898
899
900
901
902
903
904
905
906
907
908
909
910
911
912
913
914
915
916
917
918
919
920
921
922
923
924
925
926
927
928
929
930
931
932
933
934
935
936
937
938
939
940
941
942
943
944
945
946
947
948
949
950
951
952
953
954
955
956
957
958
960
961
962
963
964
965
966
967
968
969
970
971
972
973
974
975
976
977
978
979
980
981
982
983
984
985
986
987
988
989
990
991
992
993
994
995
996
997
998
999
1000
1001
1002
1003
1004
0 569 3
1 323 1
2 168 1
2 812 1
2 272 5
2 17 2
2 790 3
2 700 1
4 362 1
4 771 2
5 553 1
5 491 1
5 532 1
5 246 1
6 569 3
6 249 1
11 619 1
11 662 1
13 743 2
14 1001 3
14 719 1
14 921 1
14 410 1
14 924 1
14 506 1
14 702 1
15 680 5
15 731 4
15 422 4
15 406 2
16 410 2
16 595 1
16 541 3
17 267 1
17 700 1
17 790 1
24 658 1
24 891 3
24 629 7
24 142 4
25 48 2
25 956 1
29 532 1
29 118 1
30 936 1
30 356 1
31 990 1
31 569 2
31 428 2
31 165 10
31 838 1
32 428 1
32 977 2
32 754 1
32 693 3
32 891 4
32 862 2
34 873 1
34 997 5
34 581 1
34 855 6
38 460 1
38 638 1
40 450 2
40 214 3
40 712 1
40 662 1
40 272 4
40 147 1
40 502 3
40 890 1
40 159 6
41 704 2
41 723 1
41 956 1
42 402 1
42 323 1
44 499 1
45 52 2
48 672 1
48 580 1
48 458 2
48 684 2
48 558 1
48 499 2
48 565 1
48 216 2
48 956 1
48 319 3
49 248 3
52 66 4
52 356 7
52 126 2
53 120 1
53 193 1
53 923 1
53 633 1
56 410 1
56 987 1
58 586 1
58 909 2
61 388 3
61 517 7
61 428 2
61 522 5
61 843 3
61 716 3
61 718 9
61 915 2
61 534 2
61 343 1
61 159 3
61 991 5
62 542 2
62 646 1
64 322 1
65 193 2
65 771 1
65 135 3
65 75 2
65 334 4
65 687 1
65 784 1
65 83 2
65 948 1
65 120 4
65 220 2
65 191 4
67 344 7
67 963 31
67 165 4
67 207 7
69 638 1
72 214 1
72 159 7
75 772 7
75 191 3
75 334 3
75 749 1
75 850 5
75 499 1
75 120 3
75 633 3
75 127 2
75 220 3
75 190 1
75 607 5
77 912 7
77 168 7
77 260 4
77 232 1
78 569 1
78 506 1
78 502 1
78 862 1
82 697 1
83 784 1
83 863 1
83 901 1
83 993 1
86 443 2
90 199 1
90 940 1
90 912 3
90 248 2
90 506 2
90 220 1
91 166 2
91 607 3
92 847 1
92 207 2
95 873 1
95 987 1
96 420 2
96 638 1
98 707 5
98 454 4
98 134 2
98 713 1
98 107 6
98 268 3
98 592 5
98 291 2
98 117 2
98 278 2
101 184 1
101 377 2
101 779 1
101 246 1
101 423 1
103 832 1
103 514 3
103 164 1
103 950 2
103 303 2
105 418 6
105 774 1
106 828 1
106 740 1
106 788 2
107 201 1
107 652 1
107 718 1
107 553 2
112 267 4
113 927 3
117 268 3
118 532 2
118 732 3
118 335 3
119 700 1
120 772 4
120 454 5
120 752 1
120 569 1
120 191 1
120 190 2
120 927 1
122 410 1
122 428 1
122 718 2
125 337 1
125 323 1
126 416 1
126 356 6
126 232 2
126 586 2
126 500 2
127 843 1
132 879 1
133 765 1
134 592 7
134 454 1
135 292 2
135 581 5
135 936 4
135 267 3
135 942 3
135 720 1
135 371 1
135 628 4
135 922 1
136 428 1
139 323 2
141 188 3
141 870 1
142 428 1
142 953 1
142 267 3
142 915 4
143 872 1
143 796 1
143 580 2
147 257 1
147 196 1
147 454 7
147 686 2
147 214 9
147 347 1
147 927 3
150 415 3
153 977 4
153 410 1
157 740 1
157 517 1
157 775 5
157 844 1
157 915 7
157 926 1
157 502 3
157 248 4
157 356 1
157 542 5
159 416 3
159 865 1
159 324 3
159 230 4
159 742 1
159 940 1
159 334 3
159 776 1
159 306 1
159 851 1
159 500 1
159 629 2
159 214 6
159 951 4
159 920 1
159 787 4
159 724 3
159 703 2
160 530 1
160 586 1
160 891 1
160 629 6
161 586 1
161 692 1
161 863 1
164 548 3
164 649 1
164 879 3
164 853 1
164 638 2
165 838 1
165 207 3
165 401 7
165 857 1
166 168 2
166 586 2
166 356 1
167 988 6
167 851 4
167 188 1
167 469 2
168 416 1
168 260 5
168 966 3
168 743 1
168 586 1
168 557 1
168 912 24
168 790 9
168 439 3
168 472 7
168 356 3
168 347 1
168 765 1
168 575 2
171 347 1
171 933 3
171 590 2
173 506 2
173 541 1
175 184 1
175 849 4
175 410 1
175 246 1
175 423 1
180 217 1
180 829 1
180 958 3
180 727 1
181 920 1
184 710 1
184 423 3
184 393 1
184 362 2
184 779 3
184 246 1
184 607 1
185 850 2
185 830 1
188 569 1
188 978 1
188 469 1
189 249 3
189 969 1
189 652 1
189 1004 1
189 569 1
190 353 1
190 656 1
190 274 1
190 373 1
190 891 5
190 629 1
191 749 1
191 927 2
191 415 3
192 506 1
193 290 2
193 550 1
193 617 1
193 714 8
193 923 1
196 873 1
196 850 3
196 586 1
196 429 1
197 923 2
199 644 2
199 506 4
199 924 1
199 541 1
200 952 5
200 915 4
200 550 1
200 838 1
200 971 1
202 629 4
207 558 5
207 847 3
207 469 3
207 953 1
207 795 2
208 236 2
209 356 5
214 742 1
214 239 1
214 272 5
214 629 1
214 951 2
214 923 3
216 321 1
216 319 1
220 483 2
220 749 1
220 334 1
220 607 1
223 322 3
223 462 1
223 879 4
228 569 3
229 790 1
229 742 1
231 873 1
231 462 2
231 245 2
231 698 2
231 350 3
231 607 1
232 260 4
233 769 1
233 835 2
233 692 2
233 607 2
236 537 1
239 609 1
239 706 1
239 923 1
239 951 2
241 469 1
245 698 2
245 987 1
245 540 2
246 423 2
246 724 3
248 692 2
248 550 2
249 969 1
249 569 4
250 927 6
251 633 2
251 410 1
256 416 1
256 356 4
256 294 1
256 743 1
256 885 4
256 472 4
256 313 1
256 602 1
260 912 2
264 586 1
267 586 2
267 971 5
267 629 4
267 790 3
267 891 6
267 700 2
268 291 1
268 454 4
268 713 1
268 592 4
268 633 2
272 450 1
272 687 1
274 469 1
275 849 2
277 700 2
278 449 2
278 290 1
278 454 2
280 718 1
280 528 2
280 658 1
280 629 2
280 631 1
280 891 1
281 569 2
281 731 1
284 680 1
284 731 1
290 305 1
291 401 3
291 429 2
291 454 2
293 569 1
293 700 1
293 724 2
294 416 1
294 648 1
294 817 1
294 885 4
294 313 2
295 569 2
303 368 1
303 780 1
303 950 1
303 343 1
305 912 7
305 416 7
306 374 2
306 742 1
307 659 1
308 748 1
310 322 1
310 477 1
311 698 1
311 955 2
313 416 2
313 356 1
313 885 1
313 472 3
316 915 1
317 692 1
318 684 2
318 332 3
319 558 1
321 499 3
321 684 1
322 534 1
322 663 1
322 879 6
322 853 1
322 343 1
323 509 1
323 402 1
324 534 3
326 938 1
326 687 1
331 418 1
332 435 8
332 500 9
332 782 1
333 569 3
333 470 2
334 612 2
334 742 1
334 586 1
334 749 2
334 718 1
334 687 3
334 692 1
334 772 1
334 923 1
334 542 1
335 664 4
335 532 7
337 505 2
337 388 2
337 870 1
338 433 1
338 540 1
343 388 2
343 534 1
343 663 2
347 966 3
347 590 1
353 891 7
356 517 3
356 912 7
356 416 2
356 684 4
356 574 1
356 586 3
356 472 15
356 602 3
356 868 1
356 743 8
356 629 2
356 762 1
356 765 1
360 569 1
360 629 6
362 585 1
362 971 2
362 854 1
364 624 1
364 764 1
364 582 1
368 879 5
369 513 6
369 535 1
369 646 1
369 927 3
372 595 1
372 415 3
377 457 2
377 605 1
377 718 5
377 423 1
379 568 2
380 712 3
380 440 1
383 528 2
383 388 3
383 586 4
383 444 2
383 765 3
388 591 1
388 853 1
388 534 1
388 638 1
397 671 2
397 975 2
398 772 1
401 415 7
401 429 10
401 454 5
404 506 1
404 595 3
406 680 4
409 569 4
409 506 1
409 599 1
410 482 1
410 837 1
410 1001 1
410 650 1
410 777 1
410 994 1
410 719 1
410 433 1
410 969 1
410 924 1
410 541 1
414 891 5
415 833 1
415 630 2
415 435 1
415 569 5
416 912 1
416 648 3
416 586 5
416 752 1
416 927 1
416 629 1
416 885 3
416 633 3
416 602 1
418 977 12
418 996 9
420 950 2
421 469 1
421 630 1
422 569 2
422 731 1
423 710 1
423 779 7
426 907 1
427 955 1
428 915 11
428 857 1
428 569 1
429 925 4
429 454 5
433 738 4
433 541 1
435 500 3
435 782 1
439 912 2
440 737 1
443 742 2
443 700 1
443 662 8
444 927 3
444 535 5
449 530 1
450 900 1
450 712 1
450 596 3
450 662 2
453 595 1
454 609 1
454 772 5
454 713 2
454 592 5
458 684 1
458 558 1
462 833 1
464 980 10
468 643 1
469 512 1
469 954 1
470 789 9
470 502 1
470 569 3
470 572 1
470 605 1
472 517 1
472 743 7
472 912 1
472 602 3
472 575 1
473 810 1
479 586 1
482 569 7
483 798 2
483 742 2
483 607 2
485 927 4
491 569 1
491 506 5
491 532 3
491 553 2
493 978 1
493 891 1
493 629 4
493 630 3
497 977 2
499 844 2
499 684 2
499 558 2
499 687 2
499 607 2
500 586 3
500 782 3
500 790 5
502 851 2
502 569 4
506 576 1
506 644 1
506 599 1
506 688 1
506 881 1
506 951 3
506 924 1
506 541 5
506 702 1
509 780 2
509 893 1
510 879 1
513 927 3
515 927 5
516 761 1
516 700 1
516 837 1
516 743 1
517 586 3
517 854 1
517 602 1
526 629 4
528 923 1
528 589 1
530 685 2
530 629 10
530 630 1
530 891 3
531 987 1
532 808 1
532 553 1
532 688 1
532 820 1
532 700 2
532 670 1
534 749 1
535 542 1
535 927 3
538 569 3
540 955 2
540 749 3
540 987 1
540 855 3
540 697 6
540 698 2
540 731 1
541 738 2
541 644 1
541 586 1
541 977 2
541 951 5
542 646 3
542 591 1
542 923 3
542 927 3
543 971 1
546 550 1
546 951 1
547 978 1
548 638 1
548 879 6
550 812 1
551 927 3
561 891 1
561 629 4
561 846 5
561 631 1
565 684 1
565 844 1
568 771 1
568 947 1
569 990 1
569 685 1
569 693 3
569 951 4
569 953 1
569 580 1
569 710 3
569 976 3
569 977 6
569 718 1
569 599 5
569 605 3
569 862 14
569 991 2
569 572 1
569 749 7
569 631 1
580 582 2
581 936 3
581 830 4
581 855 4
581 798 1
582 764 1
586 687 3
586 718 1
586 854 2
586 885 4
586 762 1
587 720 2
590 933 2
591 718 1
592 713 1
592 948 1
592 927 10
595 1004 1
595 718 1
595 991 1
602 743 2
602 648 1
602 765 6
605 789 2
605 670 1
607 718 2
607 798 2
607 927 2
609 772 2
609 951 2
612 740 1
614 858 1
617 720 3
617 714 5
628 720 5
629 685 4
629 658 4
629 927 2
629 846 4
629 718 1
629 630 8
629 631 4
629 891 19
629 894 4
630 685 4
630 851 4
630 920 4
630 891 1
631 891 1
633 923 2
638 788 2
638 700 1
643 685 2
644 650 2
646 968 1
646 927 3
648 765 4
648 885 2
650 738 3
650 783 2
654 738 1
657 921 1
658 891 1
660 692 1
660 783 1
662 802 2
663 706 1
672 844 3
678 696 3
679 684 1
679 844 1
680 707 1
680 720 3
680 731 6
682 738 1
684 704 3
684 844 2
684 918 1
685 1001 1
685 724 1
685 891 1
687 772 1
687 923 1
692 742 1
692 775 1
692 746 5
692 749 1
694 845 1
697 771 1
697 855 2
698 840 2
698 873 2
698 764 2
700 812 3
700 956 1
702 842 3
702 924 1
703 951 1
703 772 4
704 743 4
707 880 1
707 951 6
708 866 3
716 718 1
718 866 4
718 843 1
718 749 1
718 720 1
718 724 1
719 761 1
719 738 10
720 833 1
720 855 1
720 863 1
722 927 5
737 849 1
738 837 3
738 783 4
740 879 4
742 771 2
743 912 1
743 765 2
752 927 2
758 956 3
758 844 6
758 918 1
761 881 1
761 969 2
765 859 1
765 936 3
770 927 3
771 863 1
772 940 1
772 951 3
772 923 1
773 955 2
774 947 51
775 891 1
783 881 1
791 862 1
821 927 1
823 927 3
833 850 1
838 952 1
838 971 1
846 891 1
850 987 1
851 978 1
854 927 6
861 896 2
873 987 1
880 923 2
881 921 1
885 984 3
890 923 1
924 1001 2
925 955 2
927 948 4
933 966 2
935 966 1
955 987 2
969 977 2
977 1004 6
