0
1
2
3
4
5
6
7
8
9
10
11
12
13
14
15
16
17
18
19
20
21
22
23
24
25
26
27
28
29
30
31
32
33
34
35
36
37
38
39
40
41
42
43
44
45
46
47
48
49
50
51
52
53
54
55
56
57
58
59
60
61
62
63
64
65
66
67
68
69
70
71
72
73
74
75
76
77
78
79
80
81
82
83
84
85
86
87
88
89
90
91
92
93
94
95
96
97
98
99
100
101
102
103
104
105
106
107
108
109
110
111
112
113
114
115
116
117
118
119
120
121
122
123
124
125
126
127
128
129
130
131
132
133
134
135
136
137
138
139
141
142
143
144
145
146
147
148
149
150
151
152
153
154
155
157
158
159
160
161
162
163
164
165
166
167
168
169
170
171
172
173
174
175
176
177
178
179
180
181
182
183
184
185
186
187
188
189
190
191
192
193
194
195
196
197
198
199
200
201
202
203
204
205
206
207
208
209
210
211
212
213
214
215
216
217
218
219
220
221
222
223
224
225
226
227
228
229
230
231
232
233
235
236
237
238
239
240
241
242
243
244
245
246
247
248
249
250
251
252
253
254
255
256
257
259
260
262
263
264
265
266
267
268
269
270
271
272
273
274
275
276
277
278
279
280
281
282
283
284
285
286
287
288
289
290
291
292
293
294
295
296
297
299
300
301
302
303
304
305
306
307
308
309
310
311
312
313
314
315
316
317
318
319
320
321
322
323
324
325
326
327
328
329
330
331
332
333
334
335
336
337
338
339
340
341
343
344
345
346
347
348
349
350
351
352
353
355
356
357
358
359
360
361
362
364
365
366
367
368
369
370
371
372
373
374
375
376
377
378
379
380
381
382
383
384
385
386
387
388
389
390
391
392
393
394
395
396
397
398
399
400
401
402
403
404
405
406
407
408
409
410
411
412
413
414
415
416
418
419
420
421
422
423
424
425
426
427
428
429
430
431
432
433
434
435
436
437
438
439
440
441
442
443
444
445
446
447
448
449
450
451
452
453
454
455
456
457
458
459
460
461
462
464
465
466
467
468
469
470
471
472
473
474
475
476
477
478
479
480
481
482
483
484
485
486
487
488
489
490
491
492
493
495
496
497
498
499
500
501
502
503
504
505
506
507
508
509
510
511
512
513
514
515
516
517
518
519
520
521
522
523
524
525
526
527
528
530
531
532
533
534
535
536
537
538
539
540
541
542
543
544
545
546
547
548
549
550
551
552
553
554
556
557
558
559
560
561
562
563
564
565
566
567
568
569
570
571
572
573
574
575
576
577
578
579
580
581
582
583
584
585
586
587
588
589
590
591
592
593
594
595
596
597
598
599
600
601
602
603
604
605
606
607
609
610
611
612
613
614
615
616
617
618
619
621
622
623
624
625
626
627
628
629
630
631
632
633
634
635
636
637
638
639
640
641
642
643
644
645
646
647
648
649
650
651
652
653
654
655
656
657
658
659
660
661
662
663
664
665
666
667
668
669
670
671
672
673
674
675
676
677
678
679
680
681
682
683
684
685
686
687
688
689
690
691
692
693
694
695
696
697
698
699
700
701
702
703
704
705
706
707
708
709
710
711
712
713
714
715
716
717
718
719
720
721
722
723
724
725
726
727
728
729
730
731
732
733
734
735
736
737
738
739
740
741
742
743
744
745
746
747
748
749
750
751
752
753
754
756
757
758
759
760
761
762
763
764
765
767
768
769
770
771
772
773
774
775
776
777
778
779
780
781
782
783
784
785
786
787
788
789
790
791
792
793
794
795
796
797
798
799
800
801
802
803
804
805
806
807
808
809
810
811
812
813
814
815
816
817
818
819
820
821
822
823
824
825
826
827
828
829
830
831
832
833
834
835
836
837
838
839
840
841
842
843
844
845
846
847
848
849
850
851
852
853
854
855
856
857
858
859
860
861
862
863
864
865
866
867
868
869
870
871
872
873
874
875
876
877
878
879
880
881
882
883
884
885
886
887
888
889
890
891
892
893
894
895
896
897
898
899
900
901
902
903
904
905
906
907
908
909
910
911
912
913
914
915
916
917
918
919
920
921
922
923
924
925
926
927
928
929
930
931
932
933
934
935
936
937
938
939
940
941
942
943
944
945
946
947
948
949
950
951
952
953
954
955
956
957
958
960
961
962
963
964
965
966
967
968
969
970
971
972
973
974
975
976
977
978
979
980
981
982
983
984
985
986
987
988
989
990
991
992
993
994
995
996
997
998
999
1000
1001
1002
1003
1004
0 569 1
0 189 1
0 118 1
0 333 1
1 310 1
4 304 1
4 135 2
6 120 1
6 569 1
6 249 1
6 189 1
6 333 1
7 737 1
7 810 1
14 881 1
15 680 1
15 731 4
16 832 2
17 857 1
17 915 1
24 280 5
24 978 4
24 267 2
24 629 7
25 844 1
25 684 1
28 987 2
28 955 1
29 808 1
29 107 1
30 356 1
30 232 4
30 942 2
30 912 5
30 168 3
30 936 3
30 126 3
30 790 9
30 313 4
30 765 10
30 868 4
31 280 1
31 915 1
31 316 1
31 165 2
31 990 1
32 280 4
35 280 3
35 838 3
35 207 1
38 939 1
38 638 1
40 450 1
40 187 3
40 572 1
40 214 1
41 704 1
41 723 1
41 565 3
42 323 1
42 638 2
45 66 2
46 622 8
48 684 1
48 319 2
50 559 2
52 812 3
52 133 3
52 111 1
53 56 1
53 890 1
56 994 1
56 836 1
56 482 3
56 987 3
56 159 2
58 818 1
61 356 3
61 517 2
61 334 3
61 851 1
61 692 1
61 718 7
61 696 1
61 90 2
61 991 2
62 542 5
62 646 8
62 485 6
67 963 6
67 165 3
67 846 3
67 207 2
67 561 1
67 344 2
68 987 2
73 723 1
74 256 1
74 648 1
74 586 1
75 772 3
75 334 1
75 607 2
77 912 5
77 168 1
77 260 1
78 569 1
78 333 1
78 502 2
82 135 2
83 863 2
84 324 1
84 638 1
90 416 1
90 112 1
90 765 1
90 516 1
90 166 1
90 742 4
90 199 1
90 810 1
90 107 3
90 978 1
90 718 2
90 464 2
90 850 5
90 791 1
90 537 1
90 538 1
90 443 1
90 316 2
90 650 1
90 506 3
91 120 1
92 915 1
95 987 2
96 638 2
98 707 9
98 454 2
98 134 3
98 713 3
98 107 9
98 268 9
98 429 4
98 592 6
98 401 4
98 117 9
98 278 2
101 866 2
101 423 1
103 514 1
103 343 2
103 638 1
103 310 2
103 423 4
104 256 4
104 356 1
104 765 1
105 233 1
105 418 3
106 740 1
106 638 1
107 381 1
107 214 1
107 537 2
107 890 1
111 586 2
112 416 1
112 267 1
112 573 1
112 517 1
113 542 2
114 1004 2
114 189 1
118 862 1
118 502 4
119 790 2
120 291 1
120 196 1
120 517 1
120 454 1
120 135 7
120 703 2
120 189 1
120 752 1
120 443 1
120 772 3
120 927 2
120 893 2
120 542 1
120 191 1
122 275 1
125 323 1
125 622 18
126 416 2
126 868 2
126 586 3
126 885 1
126 790 7
126 889 1
127 890 4
127 724 1
133 356 1
134 291 2
134 356 2
134 454 4
134 592 6
134 923 2
135 292 3
135 581 8
135 870 2
135 936 8
135 362 4
135 549 4
135 942 1
135 371 2
135 628 4
135 405 3
135 214 1
135 334 1
135 170 2
135 415 1
136 838 2
136 200 4
136 428 1
136 142 1
136 207 1
136 915 2
136 344 1
139 323 1
139 638 1
141 630 2
142 971 1
142 647 1
142 200 1
142 267 2
142 428 2
142 952 1
142 658 1
142 915 3
142 630 3
142 280 4
142 857 1
143 696 2
143 410 1
147 157 1
149 716 2
149 718 1
152 443 1
157 356 1
157 586 1
157 740 1
157 686 2
159 912 1
159 290 1
159 251 2
159 742 1
159 551 1
159 617 1
159 334 1
159 784 1
159 963 2
159 214 1
159 951 1
159 633 1
159 443 3
160 280 1
160 857 2
160 530 1
160 629 3
160 360 1
164 322 1
164 853 1
164 638 2
165 257 1
165 401 5
165 915 1
165 344 2
165 858 2
165 316 2
166 416 2
166 762 1
166 586 1
166 602 3
168 260 5
168 232 6
168 586 1
168 557 1
168 912 12
168 949 1
168 472 2
168 356 3
169 372 2
170 855 2
171 715 1
171 590 1
173 506 1
173 541 2
175 275 2
178 772 1
178 214 1
178 231 1
178 693 2
178 502 7
178 990 2
178 607 1
180 727 1
181 190 1
185 762 1
185 231 1
187 568 2
187 267 5
188 280 5
188 978 1
188 421 2
188 614 1
189 1004 1
189 904 1
189 716 3
189 652 1
189 365 1
189 718 1
189 595 1
189 236 1
189 470 1
189 201 1
189 249 1
189 410 1
190 353 1
190 656 1
190 274 1
190 890 1
190 373 1
193 850 1
193 443 1
193 923 2
199 996 1
200 838 3
200 428 1
200 344 1
200 915 2
200 952 6
201 393 1
201 754 1
201 767 1
203 306 1
207 424 2
207 469 1
207 795 1
208 236 1
209 586 1
209 356 1
214 515 1
214 517 1
214 776 1
214 940 1
214 280 2
214 530 1
214 278 1
214 920 1
214 923 3
214 413 1
214 544 1
214 290 4
214 987 1
214 684 1
214 306 2
214 687 1
214 692 1
214 951 1
214 569 1
214 443 5
214 835 1
214 324 1
214 844 1
214 334 1
214 720 1
214 852 1
214 731 1
214 220 1
214 865 1
214 738 1
214 868 1
214 742 1
214 743 1
214 371 1
214 629 5
216 321 1
216 319 1
220 752 3
220 587 1
223 322 1
223 638 2
223 343 4
228 569 1
228 605 7
228 333 2
229 306 2
231 987 2
231 540 1
231 338 1
231 693 1
231 502 4
231 873 1
231 698 1
231 923 1
231 764 1
231 245 6
232 416 1
232 912 3
232 439 1
232 472 4
232 313 1
233 746 1
233 692 1
233 245 1
235 700 3
236 977 9
236 1004 2
239 633 2
239 858 2
239 923 1
239 293 1
239 951 1
241 280 3
243 718 1
245 994 1
245 764 1
245 264 1
245 624 1
245 329 2
245 698 1
245 987 2
245 540 1
246 377 1
246 724 4
248 506 1
248 364 1
249 569 1
249 333 1
250 880 1
251 633 1
251 987 2
256 416 4
256 356 1
256 294 2
256 885 1
256 313 1
260 416 3
260 356 3
260 912 7
260 949 1
260 762 1
267 392 2
267 586 1
267 971 1
267 530 5
267 435 2
267 629 1
267 891 5
272 450 1
272 900 1
274 920 1
275 423 1
275 327 1
275 849 1
275 316 2
280 647 4
280 526 5
280 656 4
280 530 6
280 915 5
280 920 5
280 421 4
280 422 3
280 424 1
280 685 1
280 561 6
280 658 1
280 953 4
280 607 1
280 445 2
280 846 3
280 591 1
280 547 5
280 858 1
280 990 4
280 293 3
280 360 6
280 493 2
280 851 5
280 629 2
280 630 1
280 631 5
280 891 1
284 731 1
284 422 4
288 629 1
291 454 2
293 724 1
293 630 1
294 416 2
294 586 2
294 885 1
294 313 2
294 447 1
295 569 1
299 509 1
299 638 1
302 915 1
305 356 1
306 659 2
306 742 4
306 531 1
306 660 2
306 863 2
310 638 1
311 697 2
311 987 2
311 582 1
312 333 1
313 416 3
313 356 2
313 447 1
316 838 1
316 428 2
316 629 2
316 915 4
316 890 1
316 607 1
318 844 1
318 499 1
318 684 1
318 934 1
319 386 1
321 844 1
321 684 1
322 879 1
322 950 1
322 343 2
322 638 1
323 676 1
323 402 1
323 510 1
324 534 1
324 362 1
324 334 1
324 591 1
324 638 2
324 607 1
327 849 1
327 381 13
327 657 1
329 819 5
329 582 1
333 502 1
333 710 1
333 743 3
333 599 1
333 569 2
333 693 1
333 470 1
333 409 1
333 538 1
333 605 1
333 862 1
333 767 1
334 502 2
334 586 2
334 718 1
334 915 1
334 923 1
334 607 2
335 899 1
335 1004 1
338 994 1
338 987 2
341 915 1
343 368 1
343 663 2
343 638 1
344 971 3
344 915 1
344 952 2
346 638 1
347 966 2
349 976 2
349 838 2
353 891 3
356 515 1
356 517 2
356 648 1
356 912 6
356 984 1
356 416 2
356 730 2
356 557 1
356 949 1
356 586 3
356 472 14
356 602 5
356 868 2
356 743 3
356 762 2
356 765 4
360 891 1
360 629 2
361 987 2
362 909 1
362 542 1
364 994 1
364 987 2
368 950 1
369 586 2
369 535 1
377 729 1
377 586 1
377 866 3
377 423 3
378 514 1
379 568 1
381 1001 1
381 506 1
388 742 1
388 534 2
388 509 1
388 638 1
393 843 3
398 712 1
401 454 6
401 415 3
402 559 2
404 506 1
407 843 5
409 569 1
409 599 1
410 719 3
413 927 1
413 935 9
414 891 3
415 935 1
415 607 2
415 629 3
416 586 7
416 890 1
416 687 1
416 912 1
416 868 1
416 573 1
418 977 11
418 996 12
421 424 2
421 630 3
422 680 2
422 731 3
422 696 1
423 866 1
423 977 4
424 978 1
424 990 1
427 955 2
428 647 1
428 971 1
428 915 3
428 952 1
428 857 1
429 454 5
432 987 2
433 738 3
433 987 5
433 994 1
433 582 1
435 586 3
435 500 3
435 782 1
438 818 1
440 737 4
440 537 2
443 743 1
443 602 1
447 984 1
447 586 3
450 900 1
450 712 1
450 595 2
450 662 1
450 572 2
453 595 1
454 772 2
454 696 1
454 592 5
454 951 1
458 844 2
458 577 1
458 684 2
464 1004 1
470 569 1
472 912 2
481 565 1
482 987 2
485 513 1
485 542 1
485 646 1
488 568 2
491 905 1
493 891 2
493 629 2
493 685 1
495 568 3
495 862 1
499 704 1
499 956 1
499 684 1
499 565 1
500 586 5
502 591 1
502 693 1
502 569 1
502 607 1
506 576 1
506 996 2
506 541 1
506 783 1
506 670 3
509 634 1
509 822 1
509 638 2
510 638 2
513 823 1
514 832 1
514 780 1
514 950 1
514 638 1
516 881 2
516 761 2
516 532 4
516 783 1
517 546 1
517 803 2
517 772 1
517 743 3
526 629 2
526 550 7
528 609 1
530 630 1
530 838 1
530 685 1
530 629 1
530 891 3
531 987 2
534 740 1
534 638 1
534 612 1
535 823 1
535 927 1
538 569 1
540 698 1
540 987 4
541 996 1
542 646 1
542 927 1
543 971 1
543 915 1
547 851 1
550 586 1
550 742 3
550 743 2
552 901 1
553 670 1
557 912 1
558 684 1
559 622 20
561 629 2
561 846 5
565 844 1
565 684 1
569 710 1
569 599 1
569 976 1
569 693 1
569 767 1
569 605 1
569 862 1
569 991 1
573 586 1
573 885 1
577 936 2
581 936 4
581 855 2
582 987 2
582 764 1
584 731 1
585 922 1
586 687 3
586 825 1
586 617 1
586 759 1
586 762 2
591 718 1
592 713 4
592 927 5
595 790 4
595 934 1
602 743 7
605 693 1
606 879 2
607 935 1
607 915 1
607 629 1
609 772 3
622 676 15
626 863 2
629 630 2
629 838 1
629 685 2
629 846 2
629 658 2
629 631 2
629 891 4
630 685 2
630 658 1
634 638 2
638 939 1
638 780 1
638 788 1
638 663 2
638 735 1
638 700 1
638 832 3
638 822 1
638 853 1
638 676 1
638 740 1
638 1003 4
638 879 1
638 950 1
638 890 3
640 772 1
641 987 2
644 996 1
647 915 2
647 838 2
649 663 1
650 738 2
650 682 4
650 654 3
650 783 2
650 828 1
654 738 2
654 682 3
654 991 3
654 783 1
656 838 4
659 863 2
661 692 1
672 844 2
680 731 1
680 790 1
682 738 1
682 783 1
684 918 1
684 844 2
684 956 1
685 1001 1
685 724 1
692 742 1
692 935 1
697 925 3
697 855 3
698 764 1
698 840 1
698 873 1
698 987 2
700 812 2
700 881 1
700 920 3
700 890 1
706 951 1
707 880 1
715 926 1
716 724 2
716 718 1
718 980 1
718 724 1
723 758 1
724 843 1
730 868 2
737 849 1
738 783 1
738 923 1
740 891 1
742 771 2
742 746 1
742 784 1
743 912 1
743 854 4
746 935 3
761 881 2
761 783 1
762 984 1
764 987 2
765 908 1
765 942 3
765 868 1
769 771 3
769 863 3
771 798 1
771 863 3
772 927 1
773 955 3
774 947 19
779 843 3
783 881 1
784 798 1
784 863 5
789 987 2
790 868 5
790 812 8
804 881 2
807 951 1
809 987 2
817 851 1
838 971 3
838 891 12
840 987 2
849 987 2
851 978 1
851 858 1
857 915 3
863 993 2
868 912 1
872 987 2
873 987 2
880 923 1
885 889 1
890 978 1
890 955 1
912 949 3
915 952 2
915 953 1
915 971 2
915 990 1
921 923 1
921 1004 4
923 951 1
925 955 1
925 987 2
933 966 2
935 966 2
955 987 2
977 996 1
977 1001 6
977 1004 3
987 994 2
