0
1
2
3
4
5
6
7
8
9
10
11
12
13
14
15
16
17
18
19
20
21
22
23
24
25
26
27
28
29
30
31
32
33
34
35
36
37
38
39
40
41
42
43
44
45
46
47
48
49
50
51
52
53
54
55
56
57
58
59
60
61
62
63
64
65
66
67
68
69
70
71
72
73
74
75
76
77
78
79
80
81
82
83
84
85
86
87
88
89
90
91
92
93
94
95
96
97
98
99
100
101
102
103
104
105
106
107
108
109
110
111
112
113
114
115
116
117
118
119
120
121
122
123
124
125
126
127
128
129
130
131
132
133
134
135
136
137
138
139
141
142
143
144
145
146
147
148
149
150
151
152
153
154
155
157
158
159
160
161
162
163
164
165
166
167
168
169
170
171
172
173
174
175
176
177
178
179
180
181
182
183
184
185
186
187
188
189
190
191
192
193
194
195
196
197
198
199
200
201
202
203
204
205
206
207
208
209
210
211
212
213
214
215
216
217
218
219
220
221
222
223
224
225
226
227
228
229
230
231
232
233
235
236
237
238
239
240
241
242
243
244
245
246
247
248
249
250
251
252
253
254
255
256
257
259
260
262
263
264
265
266
267
268
269
270
271
272
273
274
275
276
277
278
279
280
281
282
283
284
285
286
287
288
289
290
291
292
293
294
295
296
297
299
300
301
302
303
304
305
306
307
308
309
310
311
312
313
314
315
316
317
318
319
320
321
322
323
324
325
326
327
328
329
330
331
332
333
334
335
336
337
338
339
340
341
343
344
345
346
347
348
349
350
351
352
353
355
356
357
358
359
360
361
362
364
365
366
367
368
369
370
371
372
373
374
375
376
377
378
379
380
381
382
383
384
385
386
387
388
389
390
391
392
393
394
395
396
397
398
399
400
401
402
403
404
405
406
407
408
409
410
411
412
413
414
415
416
418
419
420
421
422
423
424
425
426
427
428
429
430
431
432
433
434
435
436
437
438
439
440
441
442
443
444
445
446
447
448
449
450
451
452
453
454
455
456
457
458
459
460
461
462
464
465
466
467
468
469
470
471
472
473
474
475
476
477
478
479
480
481
482
483
484
485
486
487
488
489
490
491
492
493
495
496
497
498
499
500
501
502
503
504
505
506
507
508
509
510
511
512
513
514
515
516
517
518
519
520
521
522
523
524
525
526
527
528
530
531
532
533
534
535
536
537
538
539
540
541
542
543
544
545
546
547
548
549
550
551
552
553
554
556
557
558
559
560
561
562
563
564
565
566
567
568
569
570
571
572
573
574
575
576
577
578
579
580
581
582
583
584
585
586
587
588
589
590
591
592
593
594
595
596
597
598
599
600
601
602
603
604
605
606
607
609
610
611
612
613
614
615
616
617
618
619
621
622
623
624
625
626
627
628
629
630
631
632
633
634
635
636
637
638
639
640
641
642
643
644
645
646
647
648
649
650
651
652
653
654
655
656
657
658
659
660
661
662
663
664
665
666
667
668
669
670
671
672
673
674
675
676
677
678
679
680
681
682
683
684
685
686
687
688
689
690
691
692
693
694
695
696
697
698
699
700
701
702
703
704
705
706
707
708
709
710
711
712
713
714
715
716
717
718
719
720
721
722
723
724
725
726
727
728
729
730
731
732
733
734
735
736
737
738
739
740
741
742
743
744
745
746
747
748
749
750
751
752
753
754
756
757
758
759
760
761
762
763
764
765
767
768
769
770
771
772
773
774
775
776
777
778
779
780
781
782
783
784
785
786
787
788
789
790
791
792
793
794
795
796
797
798
799
800
801
802
803
804
805
806
807
808
809
810
811
812
813
814
815
816
817
818
819
820
821
822
823
824
825
826
827
828
829
830
831
832
833
834
835
836
837
838
839
840
841
842
843
844
845
846
847
848
849
850
851
852
853
854
855
856
857
858
859
860
861
862
863
864
865
866
867
868
869
870
871
872
873
874
875
876
877
878
879
880
881
882
883
884
885
886
887
888
889
890
891
892
893
894
895
896
897
898
899
900
901
902
903
904
905
906
907
908
909
910
911
912
913
914
915
916
917
918
919
920
921
922
923
924
925
926
927
928
929
930
931
932
933
934
935
936
937
938
939
940
941
942
943
944
945
946
947
948
949
950
951
952
953
954
955
956
957
958
960
961
962
963
964
965
966
967
968
969
970
971
972
973
974
975
976
977
978
979
980
981
982
983
984
985
986
987
988
989
990
991
992
993
994
995
996
997
998
999
1000
1001
1002
1003
1004
0 249 1
0 178 1
0 502 1
2 517 1
2 465 1
2 817 2
2 500 2
2 790 1
2 700 2
4 371 3
5 107 1
5 491 1
6 249 1
6 178 2
8 544 1
13 532 2
13 738 1
13 516 1
13 850 2
14 881 2
14 611 6
14 924 2
14 1001 1
15 680 1
15 731 3
17 915 3
17 316 2
17 806 1
24 280 1
24 891 8
24 629 4
24 630 3
25 48 1
28 738 1
28 987 1
29 808 3
29 670 2
30 704 1
30 416 4
30 356 8
30 744 1
30 946 1
30 948 3
30 790 2
30 472 2
30 868 2
30 765 2
31 316 2
31 165 4
31 806 1
31 951 2
32 580 3
32 197 1
32 134 1
32 791 4
32 923 1
32 669 1
35 978 6
35 469 1
35 207 1
38 832 1
38 322 1
38 638 4
40 193 1
40 802 1
40 731 1
40 749 1
40 978 1
40 629 1
40 569 1
40 187 1
40 572 1
40 190 1
41 48 1
42 832 1
42 638 1
42 509 1
42 534 1
45 126 2
46 601 1
46 323 1
46 399 2
48 1000 2
48 458 1
48 558 1
48 499 1
48 723 1
48 216 1
48 956 1
48 319 1
52 232 1
52 912 1
52 765 1
52 790 8
53 120 1
53 633 1
53 609 1
53 901 1
53 193 1
56 987 2
58 909 6
61 718 1
61 522 4
61 843 1
61 178 3
61 502 2
62 800 7
62 485 1
62 518 3
62 113 1
62 120 5
62 542 2
64 70 1
65 193 1
65 75 2
65 749 1
65 178 2
65 435 1
65 948 1
65 220 3
66 126 4
67 963 10
67 165 5
67 391 4
67 846 4
67 207 4
67 344 5
68 987 1
70 609 1
70 388 2
70 102 1
70 103 1
70 299 1
70 399 2
70 383 1
70 415 1
71 595 1
73 314 1
73 926 1
74 674 2
74 166 2
74 294 2
74 392 1
74 586 3
74 782 1
74 112 9
74 948 2
74 214 1
75 193 1
75 546 2
75 772 2
75 517 1
75 776 1
75 915 2
75 502 2
75 248 2
75 607 1
75 220 2
75 415 1
77 912 2
77 948 1
77 759 2
78 249 1
78 178 1
78 239 1
78 502 1
78 951 1
82 628 2
84 474 1
86 662 2
88 106 1
88 950 3
88 879 5
90 609 1
90 850 2
90 107 3
90 356 3
90 220 1
90 742 4
90 199 1
90 361 1
90 651 1
90 940 1
90 980 1
90 335 1
90 464 2
90 173 1
90 178 1
90 948 1
90 953 1
90 644 3
90 316 2
90 923 1
92 953 2
92 915 2
92 316 4
92 349 2
92 806 1
95 987 1
96 388 1
96 638 1
98 707 6
98 454 2
98 134 8
98 713 9
98 107 10
98 268 8
98 429 4
98 401 3
98 117 8
98 278 9
99 249 1
99 178 2
99 786 1
99 862 5
99 502 1
101 246 1
103 943 2
105 418 2
107 320 1
107 962 1
107 327 3
107 808 1
107 553 1
107 1004 2
107 335 1
107 464 1
107 980 1
107 201 1
107 381 1
107 670 3
109 913 1
109 356 4
111 435 1
112 674 3
112 356 3
112 517 1
112 166 1
112 392 1
114 479 1
118 502 1
119 812 3
120 752 1
120 772 2
120 948 2
122 980 2
125 323 2
125 622 1
126 168 1
126 435 3
126 948 3
126 790 1
126 573 2
127 866 2
127 595 1
127 732 2
127 718 2
129 926 1
130 178 1
133 356 3
134 738 1
134 948 5
135 292 1
135 170 1
135 692 1
135 581 5
136 806 1
136 838 1
136 200 7
136 142 1
136 915 1
136 857 1
136 316 2
139 977 1
139 323 1
139 601 1
141 188 2
141 978 5
141 772 1
141 469 4
141 614 1
142 915 1
142 316 2
142 806 1
143 544 1
143 410 2
143 739 1
143 669 1
147 416 1
147 546 3
147 715 2
147 454 5
147 171 2
147 590 1
147 931 1
147 277 2
147 383 1
147 926 2
147 255 1
150 752 2
150 833 1
150 587 1
150 191 1
150 471 1
151 923 2
151 278 1
151 566 2
151 253 1
152 443 1
153 418 4
153 996 3
153 1001 1
153 1004 4
153 977 6
153 969 2
155 784 3
157 356 2
157 517 2
157 586 2
157 684 4
157 535 1
157 542 2
160 280 1
160 629 1
163 646 1
164 420 2
164 879 2
165 806 1
165 207 1
165 401 5
165 344 1
165 857 2
165 316 2
166 674 1
166 586 4
166 782 1
166 500 6
166 951 1
167 978 9
167 547 1
167 469 1
167 838 1
168 356 5
168 966 1
168 232 2
168 425 4
168 332 6
168 912 32
168 744 1
168 313 1
168 472 2
168 260 3
168 730 2
168 868 1
168 575 1
169 595 1
170 581 3
171 590 2
171 926 1
171 933 1
173 506 5
175 849 5
175 275 2
178 409 1
178 538 1
178 415 1
178 929 1
178 546 2
178 295 1
178 693 4
178 569 1
178 314 1
178 710 1
178 333 1
178 976 1
178 339 1
178 470 4
178 599 1
178 605 3
178 862 2
178 991 1
178 228 3
178 359 3
178 362 1
178 749 7
178 752 3
178 502 17
178 249 2
178 767 1
184 843 1
184 732 1
184 333 2
185 231 1
188 920 1
188 978 6
188 469 1
189 994 7
189 546 1
189 718 2
189 595 2
189 980 1
189 280 1
189 410 1
189 506 1
190 749 1
191 617 1
191 948 2
193 546 1
193 454 1
193 935 1
193 910 1
193 850 1
193 500 2
193 609 1
193 633 1
193 629 1
199 996 3
199 506 4
199 850 1
199 654 1
200 806 2
200 971 9
200 782 1
200 344 2
200 915 2
200 952 3
200 543 2
200 316 3
200 351 5
206 323 1
207 424 1
207 428 2
207 558 2
207 978 5
207 469 4
207 630 3
207 953 1
207 795 1
207 988 1
207 349 1
207 373 3
214 609 5
214 868 1
214 776 1
214 746 1
214 940 1
214 435 1
214 334 1
214 912 1
214 595 3
214 500 6
214 662 1
214 951 2
214 984 4
214 948 1
214 923 1
214 316 1
214 586 7
216 321 2
224 316 2
224 349 2
224 806 1
228 249 1
228 314 1
229 293 2
231 736 2
231 994 3
231 874 3
231 749 2
231 433 2
231 987 1
231 540 2
231 738 1
232 356 2
232 425 2
232 744 1
232 439 1
232 472 4
232 313 2
233 692 4
233 935 2
235 609 1
235 948 1
239 609 1
239 951 1
241 469 1
243 995 1
245 874 3
245 987 1
245 540 2
246 293 1
246 423 1
247 323 1
248 550 1
249 519 1
249 409 1
249 538 1
249 929 1
249 693 2
249 314 1
249 710 1
249 333 1
249 976 1
249 470 1
249 599 1
249 605 1
249 862 1
249 991 1
249 502 3
249 506 3
249 767 1
250 425 1
250 948 3
250 749 2
250 356 1
251 987 1
256 356 2
257 948 1
260 948 2
263 369 2
264 955 2
267 891 1
267 586 1
267 435 3
267 948 1
268 633 2
274 920 1
274 988 1
275 849 2
278 923 1
278 500 1
280 739 1
280 902 2
280 838 1
280 526 1
280 629 1
280 281 1
281 497 2
281 491 1
284 680 3
284 731 9
284 951 1
288 610 14
288 484 13
288 773 13
288 838 1
288 391 17
288 846 16
288 629 16
288 630 1
289 335 3
293 547 4
293 550 1
293 724 2
293 568 3
293 538 1
293 572 2
294 817 8
294 586 3
294 332 5
294 782 1
300 784 1
301 978 5
301 469 1
302 316 2
302 806 1
304 317 1
306 769 1
306 963 1
306 742 6
306 784 1
306 659 2
306 374 1
306 703 1
306 863 1
308 418 2
309 832 1
309 474 1
310 943 1
310 343 1
311 987 1
311 955 1
313 356 5
313 912 4
313 948 4
313 790 3
313 472 1
313 730 2
314 929 1
314 693 2
314 605 1
316 647 2
316 915 20
316 806 1
316 428 2
316 952 2
316 953 9
316 543 2
316 838 2
316 971 2
316 344 2
316 857 4
316 349 4
316 990 2
316 351 3
316 749 1
316 629 1
316 888 2
317 441 1
318 684 3
318 934 1
319 832 1
319 499 1
320 337 2
320 1004 1
321 618 2
321 499 1
321 684 1
321 558 1
322 638 1
322 879 1
323 676 1
323 622 1
323 601 1
323 474 1
323 510 1
329 427 1
329 587 1
329 910 1
329 624 1
329 819 1
329 471 1
332 868 2
332 425 7
332 974 7
332 573 1
332 912 7
332 500 7
332 782 1
332 951 1
332 472 2
332 765 1
333 506 1
333 767 1
334 776 1
334 772 1
334 638 1
335 643 3
336 926 5
337 603 2
337 581 1
337 638 1
338 849 1
338 987 2
343 749 3
343 399 6
343 950 2
343 663 1
344 806 1
346 634 1
346 509 3
347 926 1
349 806 1
349 953 2
351 915 2
351 782 1
353 891 1
353 838 1
353 391 6
356 912 10
356 535 1
356 542 2
356 517 2
356 684 2
356 948 3
356 730 5
356 586 1
356 721 2
356 472 19
356 602 4
356 868 2
356 744 2
356 765 1
360 629 1
361 987 2
364 670 1
368 943 2
369 832 1
369 535 2
369 646 1
369 518 2
372 404 1
372 700 1
373 391 7
376 832 1
377 738 3
377 422 1
377 457 1
377 718 3
377 530 1
377 630 6
377 731 1
378 977 1
378 514 2
378 603 1
379 568 2
379 813 1
381 532 14
381 670 1
383 720 4
383 433 1
383 629 1
383 444 2
387 978 1
388 832 2
390 784 6
391 610 4
392 674 1
401 429 2
402 788 1
404 595 2
407 538 3
407 732 1
414 746 1
414 891 5
414 995 1
415 940 1
415 429 2
416 912 1
416 425 9
416 948 11
418 996 14
418 977 11
421 978 5
421 469 1
422 731 4
423 832 2
424 978 5
424 469 1
425 868 2
425 721 2
425 912 5
425 946 10
425 499 1
425 948 9
425 472 2
425 602 1
425 765 4
427 955 1
428 806 1
428 915 3
428 953 2
428 857 1
429 454 3
433 994 6
433 738 1
433 482 2
433 987 3
435 586 2
435 782 1
435 880 1
435 948 3
435 974 1
435 951 1
435 500 2
439 472 1
443 662 4
443 742 2
444 535 7
445 838 1
451 469 1
454 772 2
458 1000 1
458 499 1
458 790 4
458 503 1
458 956 2
464 980 1
465 812 1
466 782 1
469 512 1
469 547 1
469 614 1
469 817 1
469 978 6
469 851 2
469 954 1
469 795 1
469 957 1
470 700 2
470 789 9
471 587 1
471 617 1
472 721 2
472 744 3
472 912 6
472 946 1
472 535 1
472 602 3
472 730 1
472 575 1
474 951 1
479 980 1
480 987 1
482 531 2
482 987 2
482 540 1
484 629 1
485 542 2
493 629 1
493 838 1
499 844 1
499 684 2
499 723 1
499 565 1
499 758 1
500 586 1
500 814 2
500 948 1
500 951 2
502 538 2
502 995 2
502 749 1
502 605 1
502 528 4
502 693 7
502 854 1
502 786 2
502 607 1
503 704 1
505 603 1
506 1001 2
506 850 2
506 828 1
507 750 1
509 603 1
509 634 2
512 978 6
512 630 2
513 977 1
513 646 1
513 518 1
514 832 2
514 1001 2
514 780 3
514 977 3
514 950 4
514 603 1
516 532 1
516 850 1
516 828 3
517 586 1
517 684 2
517 535 1
517 542 2
518 752 1
518 854 3
518 799 1
518 895 1
526 629 1
527 870 4
528 772 1
530 891 2
530 629 8
530 630 3
531 987 1
534 663 1
535 913 1
535 684 1
535 854 1
535 542 2
540 736 1
540 955 2
540 697 2
540 874 3
540 994 1
540 873 1
540 624 7
540 849 1
540 855 3
540 633 1
540 987 1
541 850 4
542 684 2
542 586 1
542 823 1
542 895 1
543 806 1
544 669 1
546 715 2
547 978 5
552 858 1
552 978 5
553 670 1
558 704 3
558 1000 1
558 565 1
561 629 4
565 684 3
565 926 1
572 696 1
572 749 5
574 948 1
575 966 1
577 926 4
581 855 1
582 994 1
582 987 1
582 700 1
584 731 1
585 978 6
585 909 1
586 684 1
586 782 2
586 984 4
586 730 4
587 784 1
590 933 1
591 692 1
591 638 1
595 718 1
599 693 3
602 721 4
602 948 2
603 780 1
603 822 1
603 735 1
607 687 1
609 707 1
609 772 4
609 1003 1
609 951 1
609 633 1
609 890 1
609 923 1
613 738 1
614 978 6
614 991 1
617 811 1
617 923 2
628 870 2
629 658 1
629 685 10
629 846 1
629 749 1
629 750 1
629 630 2
629 631 1
629 891 5
630 838 2
631 838 1
633 772 1
638 700 1
641 987 1
643 1004 1
643 685 2
644 1001 6
644 850 5
644 924 2
644 996 2
647 806 1
648 721 2
648 948 1
648 765 1
648 790 1
650 682 3
654 738 3
654 991 4
654 783 1
657 850 1
659 963 1
660 951 2
662 813 1
662 782 2
663 950 1
668 720 1
668 746 2
671 995 1
672 946 2
680 707 2
680 731 2
684 844 1
684 918 1
687 923 1
688 898 1
692 775 2
692 742 2
693 710 1
696 891 1
696 731 2
697 855 1
698 987 1
699 948 1
700 812 1
700 749 3
700 790 1
700 991 2
703 784 2
704 844 2
704 765 1
706 951 2
707 923 1
711 718 1
715 926 7
715 951 1
718 904 1
718 754 2
718 980 1
719 738 1
720 935 8
721 743 1
721 948 1
721 765 4
723 758 1
724 1004 7
730 912 5
738 837 2
738 745 1
738 783 2
738 828 1
743 948 1
743 782 1
744 912 3
744 946 3
745 828 3
746 813 13
746 935 6
748 926 1
749 854 1
749 978 1
750 838 1
752 833 1
752 786 1
754 907 1
758 918 1
761 850 1
762 984 5
764 874 3
764 987 1
765 948 1
765 868 2
772 951 2
772 923 4
774 947 9
778 881 1
779 843 1
780 832 1
780 977 1
782 806 3
782 838 4
782 790 4
782 915 1
784 963 3
784 855 2
786 862 1
789 987 1
789 951 5
790 868 4
790 812 3
790 948 1
792 997 1
795 978 5
796 987 1
806 915 3
806 952 1
806 953 1
806 971 1
806 857 1
806 990 1
806 888 1
809 987 2
813 935 1
817 978 5
819 909 3
832 977 1
832 951 1
837 850 1
838 915 2
838 891 1
840 874 3
840 987 1
840 955 1
843 883 1
843 907 3
849 987 1
850 881 1
850 921 1
851 978 6
857 915 4
868 948 4
872 987 1
873 874 3
873 987 1
878 929 1
880 946 4
881 1001 1
890 962 1
890 923 3
890 948 1
891 995 3
912 948 3
915 971 1
915 917 1
915 952 1
925 955 1
926 951 1
939 951 1
946 948 2
950 977 2
954 978 5
955 987 2
957 978 6
969 977 1
977 996 2
977 1001 1
977 1004 3
978 988 5
987 994 1
