0
1
2
3
4
5
6
7
8
9
10
11
12
13
14
15
16
17
18
19
20
21
22
23
24
25
26
27
28
29
30
31
32
33
34
35
36
37
38
39
40
41
42
43
44
45
46
47
48
49
50
51
52
53
54
55
56
57
58
59
60
61
62
63
64
65
66
67
68
69
70
71
72
73
74
75
76
77
78
79
80
81
82
83
84
85
86
87
88
89
90
91
92
93
94
95
96
97
98
99
100
101
102
103
104
105
106
107
108
109
110
111
112
113
114
115
116
117
118
119
120
121
122
123
124
125
126
127
128
129
130
131
132
133
134
135
136
137
138
139
141
142
143
144
145
146
147
148
149
150
151
152
153
154
155
157
158
159
160
161
162
163
164
165
166
167
168
169
170
171
172
173
174
175
176
177
178
179
180
181
182
183
184
185
186
187
188
189
190
191
192
193
194
195
196
197
198
199
200
201
202
203
204
205
206
207
208
209
210
211
212
213
214
215
216
217
218
219
220
221
222
223
224
225
226
227
228
229
230
231
232
233
235
236
237
238
239
240
241
242
243
244
245
246
247
248
249
250
251
252
253
254
255
256
257
259
260
262
263
264
265
266
267
268
269
270
271
272
273
274
275
276
277
278
279
280
281
282
283
284
285
286
287
288
289
290
291
292
293
294
295
296
297
299
300
301
302
303
304
305
306
307
308
309
310
311
312
313
314
315
316
317
318
319
320
321
322
323
324
325
326
327
328
329
330
331
332
333
334
335
336
337
338
339
340
341
343
344
345
346
347
348
349
350
351
352
353
355
356
357
358
359
360
361
362
364
365
366
367
368
369
370
371
372
373
374
375
376
377
378
379
380
381
382
383
384
385
386
387
388
389
390
391
392
393
394
395
396
397
398
399
400
401
402
403
404
405
406
407
408
409
410
411
412
413
414
415
416
418
419
420
421
422
423
424
425
426
427
428
429
430
431
432
433
434
435
436
437
438
439
440
441
442
443
444
445
446
447
448
449
450
451
452
453
454
455
456
457
458
459
460
461
462
464
465
466
467
468
469
470
471
472
473
474
475
476
477
478
479
480
481
482
483
484
485
486
487
488
489
490
491
492
493
495
496
497
498
499
500
501
502
503
504
505
506
507
508
509
510
511
512
513
514
515
516
517
518
519
520
521
522
523
524
525
526
527
528
530
531
532
533
534
535
536
537
538
539
540
541
542
543
544
545
546
547
548
549
550
551
552
553
554
556
557
558
559
560
561
562
563
564
565
566
567
568
569
570
571
572
573
574
575
576
577
578
579
580
581
582
583
584
585
586
587
588
589
590
591
592
593
594
595
596
597
598
599
600
601
602
603
604
605
606
607
609
610
611
612
613
614
615
616
617
618
619
621
622
623
624
625
626
627
628
629
630
631
632
633
634
635
636
637
638
639
640
641
642
643
644
645
646
647
648
649
650
651
652
653
654
655
656
657
658
659
660
661
662
663
664
665
666
667
668
669
670
671
672
673
674
675
676
677
678
679
680
681
682
683
684
685
686
687
688
689
690
691
692
693
694
695
696
697
698
699
700
701
702
703
704
705
706
707
708
709
710
711
712
713
714
715
716
717
718
719
720
721
722
723
724
725
726
727
728
729
730
731
732
733
734
735
736
737
738
739
740
741
742
743
744
745
746
747
748
749
750
751
752
753
754
756
757
758
759
760
761
762
763
764
765
767
768
769
770
771
772
773
774
775
776
777
778
779
780
781
782
783
784
785
786
787
788
789
790
791
792
793
794
795
796
797
798
799
800
801
802
803
804
805
806
807
808
809
810
811
812
813
814
815
816
817
818
819
820
821
822
823
824
825
826
827
828
829
830
831
832
833
834
835
836
837
838
839
840
841
842
843
844
845
846
847
848
849
850
851
852
853
854
855
856
857
858
859
860
861
862
863
864
865
866
867
868
869
870
871
872
873
874
875
876
877
878
879
880
881
882
883
884
885
886
887
888
889
890
891
892
893
894
895
896
897
898
899
900
901
902
903
904
905
906
907
908
909
910
911
912
913
914
915
916
917
918
919
920
921
922
923
924
925
926
927
928
929
930
931
932
933
934
935
936
937
938
939
940
941
942
943
944
945
946
947
948
949
950
951
952
953
954
955
956
957
958
960
961
962
963
964
965
966
967
968
969
970
971
972
973
974
975
976
977
978
979
980
981
982
983
984
985
986
987
988
989
990
991
992
993
994
995
996
997
998
999
1000
1001
1002
1003
1004
0 569 3
0 732 2
2 416 3
2 700 1
2 790 3
2 38 2
2 167 2
4 585 1
5 553 3
5 275 4
5 532 2
5 605 1
6 569 4
6 470 1
6 249 2
8 731 1
8 422 1
11 617 1
11 334 3
12 680 1
12 731 1
12 422 2
13 738 1
13 516 1
13 506 1
14 506 1
14 90 1
14 738 1
14 719 1
15 680 6
15 731 11
15 268 1
15 422 3
16 541 3
16 333 2
16 719 1
24 160 1
24 647 3
24 658 1
24 530 4
24 629 6
24 891 8
27 147 1
29 808 1
29 90 1
29 159 1
30 256 7
30 416 1
30 356 6
30 581 1
30 166 1
30 936 1
30 648 1
30 472 1
30 104 1
30 602 1
30 168 1
30 765 1
30 126 2
31 915 5
31 165 6
32 840 1
32 920 1
32 143 2
32 718 1
32 591 1
32 977 2
32 530 1
32 851 2
32 502 2
32 280 2
32 569 2
32 731 1
32 915 2
34 855 1
35 978 4
35 469 1
38 324 2
38 890 1
38 638 1
40 450 2
40 196 1
40 712 1
40 272 1
40 466 1
40 214 2
40 569 1
40 90 1
40 607 1
42 323 1
45 66 2
45 227 3
48 193 2
48 956 1
48 684 1
48 558 1
52 168 1
52 416 1
52 126 1
53 416 2
53 290 2
53 712 1
53 209 1
53 443 1
53 159 1
56 482 1
56 987 2
56 719 1
58 769 1
58 338 1
58 586 1
61 450 1
61 278 1
61 840 2
61 617 1
61 718 16
61 687 1
61 854 1
61 377 1
61 607 1
61 991 1
62 542 2
62 646 1
62 927 1
65 416 2
65 193 1
65 742 5
65 609 2
65 586 2
65 530 5
65 592 2
65 338 1
65 629 4
65 90 1
65 542 2
65 927 1
66 986 1
66 227 7
67 344 2
67 963 13
67 165 1
67 207 1
73 499 1
75 569 2
75 772 7
75 607 1
77 260 1
77 168 5
77 912 2
77 369 1
77 439 2
77 104 1
78 569 1
82 870 1
84 324 2
86 152 2
86 233 1
86 443 5
90 523 1
90 657 1
90 416 1
90 541 1
90 692 1
90 695 1
90 702 1
90 703 1
90 201 2
90 205 4
90 334 1
90 464 1
90 850 2
90 220 2
90 609 1
90 356 1
90 742 7
90 104 1
90 107 7
90 112 1
90 168 1
90 381 4
91 769 1
91 415 1
92 658 1
92 915 1
95 769 1
97 936 1
98 449 1
98 707 6
98 454 2
98 134 3
98 713 2
98 107 5
98 268 3
98 429 5
98 592 10
98 401 3
98 291 3
98 117 2
98 278 2
101 377 1
101 175 3
101 718 2
101 246 1
101 423 2
102 477 1
104 765 4
104 742 1
105 418 4
105 364 1
105 582 1
106 1001 1
106 828 1
107 737 1
107 772 1
107 553 4
107 569 1
111 602 1
112 674 1
112 803 2
112 662 1
112 280 1
112 700 1
113 927 1
114 479 1
117 268 2
118 732 1
118 718 1
119 700 1
120 416 3
120 609 1
120 772 4
120 454 1
120 326 3
120 586 1
120 752 1
120 566 1
120 190 2
122 428 5
125 477 1
125 622 1
126 416 3
126 356 1
126 790 1
127 569 1
127 607 2
131 738 1
131 506 1
132 828 3
133 168 1
133 602 1
134 592 7
134 147 2
134 565 1
134 334 2
135 581 1
135 326 1
135 720 2
135 337 4
135 531 1
135 628 4
135 405 1
135 922 1
136 200 6
136 915 1
136 428 2
136 629 2
137 771 6
139 477 1
141 978 2
142 267 3
142 953 3
142 658 2
142 915 6
142 543 2
146 326 1
147 577 1
147 933 1
147 230 1
147 454 3
147 171 1
147 972 1
147 590 1
147 308 1
147 277 1
147 347 1
147 285 1
147 926 1
147 686 1
149 275 2
150 415 2
151 706 1
151 253 1
151 278 1
152 233 1
153 977 27
154 477 1
157 586 1
157 356 1
157 542 5
158 414 1
158 775 1
159 416 1
159 609 1
159 290 3
159 923 2
159 742 1
159 551 2
159 595 1
159 951 1
159 443 1
159 220 3
159 693 2
160 920 2
160 530 2
160 586 1
160 629 5
161 586 1
164 322 2
164 420 3
164 548 3
164 368 2
164 740 2
164 879 3
164 223 2
165 401 3
165 586 1
165 857 1
166 500 1
167 585 1
167 978 4
167 851 1
167 469 2
167 630 3
167 188 1
167 607 3
168 868 8
168 260 5
168 232 7
168 586 1
168 557 3
168 912 21
168 984 1
168 885 3
168 790 2
168 472 7
168 356 16
168 607 1
168 602 1
168 575 6
170 855 1
171 285 1
171 590 1
171 951 4
173 738 1
173 506 1
174 477 1
175 737 1
175 423 6
175 650 1
175 1004 1
175 849 5
175 275 2
175 246 3
175 670 1
184 650 1
184 779 1
184 686 1
184 423 1
185 586 2
185 462 2
187 450 1
188 978 3
188 851 1
188 469 1
189 969 1
189 718 4
190 920 1
190 656 1
190 274 1
190 353 1
193 416 1
193 923 2
193 230 1
193 305 1
193 500 2
193 633 2
193 443 1
196 416 1
196 609 1
196 873 1
196 429 1
196 850 1
197 738 1
197 437 1
199 738 1
199 506 1
200 971 3
200 952 2
200 915 5
200 344 2
200 543 1
201 643 1
205 528 4
206 477 1
207 647 1
207 424 1
207 428 2
207 558 1
207 241 1
207 978 3
207 302 1
207 469 2
207 953 2
208 1004 1
209 356 1
214 609 1
214 578 1
214 707 1
214 742 3
214 940 1
214 290 6
214 912 1
214 306 1
214 595 1
214 629 1
214 283 1
214 763 1
214 220 1
214 765 5
216 321 2
216 956 1
223 322 1
228 569 3
229 568 1
229 233 1
229 659 1
229 319 1
230 633 1
231 569 1
231 698 2
231 763 2
231 738 2
231 910 1
233 993 1
233 450 1
233 835 4
233 901 1
233 769 1
233 863 1
233 400 1
233 306 1
233 771 1
233 659 1
233 692 1
233 443 1
235 609 1
236 537 2
239 660 2
239 951 2
241 469 1
241 630 2
245 736 1
245 698 2
246 377 1
246 724 2
246 423 3
249 569 4
250 332 1
250 662 1
250 886 1
250 927 1
253 290 1
253 566 1
256 416 1
256 356 6
256 294 2
257 881 1
260 912 1
260 356 1
264 586 1
264 454 1
267 838 2
267 552 1
267 586 2
267 530 1
267 722 1
268 291 2
268 454 2
268 713 2
268 592 1
268 633 2
270 921 1
270 738 1
270 506 1
272 450 3
272 835 1
272 900 2
272 742 2
272 379 2
274 920 2
275 849 1
275 327 1
278 609 1
280 658 1
280 526 2
280 530 1
280 915 2
280 629 5
280 502 1
280 851 3
280 700 29
280 607 2
281 497 1
281 491 1
284 680 1
284 731 1
290 416 1
290 614 1
290 305 1
290 629 1
291 609 1
292 769 1
293 724 2
294 356 1
294 586 1
294 817 3
294 885 1
294 984 1
294 699 2
295 569 3
299 337 1
299 388 1
301 978 3
301 547 2
302 428 1
303 950 1
303 663 1
305 416 2
305 765 1
306 771 2
306 742 4
306 784 1
306 659 2
306 660 1
310 322 3
310 586 1
311 697 1
311 540 3
316 915 1
318 840 1
318 704 1
319 1002 1
321 499 1
321 565 1
322 534 1
322 343 3
322 591 1
322 752 1
322 853 3
322 663 3
322 477 1
323 402 1
323 510 1
324 388 1
324 591 2
324 534 4
324 477 1
324 638 2
326 334 1
327 506 2
327 738 1
327 381 2
329 624 1
332 500 2
333 569 3
333 789 2
333 767 1
334 586 2
334 687 1
334 692 1
334 534 1
334 746 1
334 607 3
335 532 1
337 740 1
337 870 1
337 649 4
337 780 1
337 822 1
337 505 3
337 634 1
337 509 7
338 433 2
338 692 1
338 951 1
338 633 1
338 890 1
339 569 1
343 663 4
344 952 1
344 543 2
347 933 1
347 966 2
353 891 8
356 868 2
356 743 10
356 586 6
356 684 1
356 912 8
356 502 2
356 472 5
356 569 4
356 602 3
360 629 6
362 980 1
362 526 1
362 383 2
364 482 1
369 535 1
369 927 1
369 951 1
371 456 2
371 585 1
372 595 2
372 415 2
377 866 2
377 630 2
377 423 4
377 457 2
377 718 3
377 605 1
377 528 1
377 585 1
379 568 1
383 499 5
383 526 2
388 534 1
388 951 1
388 638 1
388 607 2
395 514 1
397 671 1
397 975 1
398 450 1
401 429 6
401 454 1
401 415 2
405 870 1
406 422 1
409 569 3
410 650 1
410 719 1
415 587 1
415 630 2
415 569 2
416 868 2
416 454 4
416 586 1
416 752 2
416 772 2
416 573 1
416 927 1
418 977 9
421 424 2
421 978 3
421 469 1
422 731 2
423 866 2
423 710 1
423 650 2
423 977 16
424 978 3
424 795 2
424 469 1
428 915 3
428 630 2
428 857 2
429 454 4
435 500 2
435 782 4
437 506 1
437 738 1
440 737 2
443 662 2
443 742 3
443 743 1
443 602 1
443 765 1
443 703 2
444 722 1
444 927 1
444 535 4
447 984 2
447 586 11
447 868 1
447 573 1
448 782 1
450 802 2
450 900 1
450 742 1
450 462 1
450 712 2
450 947 1
450 596 1
450 662 2
450 695 2
450 568 3
454 609 1
454 772 1
454 592 3
456 936 1
458 558 1
462 833 2
464 980 1
464 898 2
465 700 1
469 512 8
469 547 1
469 851 1
469 817 1
469 978 5
469 954 1
469 795 1
470 569 4
470 789 1
470 693 2
472 575 8
472 743 2
477 939 1
477 524 1
477 534 1
477 510 1
479 586 1
482 569 4
482 531 1
485 542 1
485 927 1
493 629 5
495 568 1
495 862 1
497 977 1
499 684 1
499 844 1
499 918 1
500 586 2
502 776 1
502 585 1
502 718 1
502 920 1
502 530 1
502 851 2
502 599 3
502 569 7
502 538 2
502 731 1
502 915 2
502 607 2
506 516 1
506 650 1
506 783 1
506 657 1
506 644 1
506 532 1
506 921 2
506 923 1
506 924 1
506 541 1
506 653 1
506 682 1
506 945 1
506 654 1
506 576 1
506 837 1
506 719 1
506 850 1
506 979 1
506 738 2
506 996 1
506 1001 2
506 747 1
506 881 1
506 702 1
506 745 1
506 761 1
506 508 1
508 738 1
509 788 1
510 534 1
512 978 1
513 927 1
514 603 1
516 761 1
516 738 2
516 532 1
526 530 1
526 629 5
530 851 2
530 629 13
530 891 4
530 915 1
530 607 2
531 769 1
531 987 2
532 738 1
532 670 2
534 746 1
534 591 1
534 692 2
534 663 3
534 607 3
535 927 1
538 569 3
538 693 1
540 736 4
540 987 2
540 840 14
540 873 2
540 855 2
540 697 2
540 698 3
540 955 8
540 925 3
541 738 3
541 586 1
542 646 2
542 927 2
547 978 4
547 851 1
547 647 2
551 927 1
552 978 6
558 956 1
561 629 5
561 846 7
565 723 1
566 772 1
569 693 3
569 607 3
569 710 3
569 976 3
569 978 1
569 599 3
569 605 3
569 862 4
569 991 4
569 629 1
569 767 1
573 617 1
576 738 1
581 855 3
581 951 1
584 731 1
585 909 1
586 782 3
586 687 2
586 947 1
586 948 1
586 984 24
587 720 3
587 629 3
591 742 1
591 718 3
591 593 1
591 607 2
592 609 1
592 713 1
592 1003 1
592 819 1
592 948 1
592 927 8
592 863 2
593 724 1
593 718 1
593 687 1
595 951 1
602 912 2
605 840 2
605 789 1
605 700 1
605 693 2
607 915 3
607 920 2
607 978 2
607 851 2
607 718 4
607 612 2
607 850 1
607 629 2
609 707 1
609 772 2
609 617 1
609 1003 1
609 687 1
609 633 1
609 890 1
609 923 1
614 978 3
617 714 1
617 720 1
629 658 5
629 685 5
629 846 5
629 630 5
629 631 5
629 890 1
629 891 12
633 707 1
634 788 3
638 853 1
643 1004 2
643 685 3
644 977 1
644 738 4
646 927 1
647 658 2
650 738 3
650 682 3
650 686 2
650 849 1
650 654 1
650 783 1
653 738 1
654 738 3
654 682 2
656 988 1
657 738 1
658 915 1
664 737 1
680 707 1
680 720 3
680 731 1
681 718 2
682 738 4
682 783 2
684 704 1
684 844 1
685 1001 1
685 724 1
687 915 1
692 746 7
692 855 1
693 808 1
697 855 2
697 925 1
698 840 2
698 873 2
698 764 2
700 812 2
700 790 6
702 738 1
703 771 1
704 743 4
707 713 1
707 1003 1
707 951 1
708 718 1
715 923 2
716 724 1
716 1004 1
716 718 2
718 866 6
718 851 1
718 980 2
718 724 1
718 915 1
719 738 2
719 783 1
720 833 2
720 855 2
720 731 1
722 927 1
724 896 2
731 915 1
731 851 1
738 783 4
738 921 3
738 923 4
738 924 1
738 837 1
738 850 1
738 979 2
738 996 1
738 1001 1
738 747 1
738 881 2
738 745 1
738 761 2
740 788 6
742 993 6
742 771 1
742 765 3
742 863 6
743 912 2
746 935 1
748 926 1
758 956 2
758 918 1
761 804 1
761 783 1
764 994 1
765 868 2
769 772 1
770 927 1
772 927 2
779 883 1
789 987 1
790 812 5
790 956 5
795 978 3
817 978 2
823 927 1
838 952 1
838 857 2
844 956 6
851 920 2
851 978 2
851 915 3
854 927 1
868 912 1
915 920 1
921 977 5
921 924 1
922 1004 1
933 966 1
935 966 1
954 978 3
957 978 3
969 977 2
977 1001 4
977 1004 4
978 988 3
