0
1
2
3
4
5
6
7
8
9
10
11
12
13
14
15
16
17
18
19
20
21
22
23
24
25
26
27
28
29
30
31
32
33
34
35
36
37
38
39
40
41
42
43
44
45
46
47
48
49
50
51
52
53
54
55
56
57
58
59
60
61
62
63
64
65
66
67
68
69
70
71
72
73
74
75
76
77
78
79
80
81
82
83
84
85
86
87
88
89
90
91
92
93
94
95
96
97
98
99
100
101
102
103
104
105
106
107
108
109
110
111
112
113
114
115
116
117
118
119
120
121
122
123
124
125
126
127
128
129
130
131
132
133
134
135
136
137
138
139
141
142
143
144
145
146
147
148
149
150
151
152
153
154
155
157
158
159
160
161
162
163
164
165
166
167
168
169
170
171
172
173
174
175
176
177
178
179
180
181
182
183
184
185
186
187
188
189
190
191
192
193
194
195
196
197
198
199
200
201
202
203
204
205
206
207
208
209
210
211
212
213
214
215
216
217
218
219
220
221
222
223
224
225
226
227
228
229
230
231
232
233
235
236
237
238
239
240
241
242
243
244
245
246
247
248
249
250
251
252
253
254
255
256
257
259
260
262
263
264
265
266
267
268
269
270
271
272
273
274
275
276
277
278
279
280
281
282
283
284
285
286
287
288
289
290
291
292
293
294
295
296
297
299
300
301
302
303
304
305
306
307
308
309
310
311
312
313
314
315
316
317
318
319
320
321
322
323
324
325
326
327
328
329
330
331
332
333
334
335
336
337
338
339
340
341
343
344
345
346
347
348
349
350
351
352
353
355
356
357
358
359
360
361
362
364
365
366
367
368
369
370
371
372
373
374
375
376
377
378
379
380
381
382
383
384
385
386
387
388
389
390
391
392
393
394
395
396
397
398
399
400
401
402
403
404
405
406
407
408
409
410
411
412
413
414
415
416
418
419
420
421
422
423
424
425
426
427
428
429
430
431
432
433
434
435
436
437
438
439
440
441
442
443
444
445
446
447
448
449
450
451
452
453
454
455
456
457
458
459
460
461
462
464
465
466
467
468
469
470
471
472
473
474
475
476
477
478
479
480
481
482
483
484
485
486
487
488
489
490
491
492
493
495
496
497
498
499
500
501
502
503
504
505
506
507
508
509
510
511
512
513
514
515
516
517
518
519
520
521
522
523
524
525
526
527
528
530
531
532
533
534
535
536
537
538
539
540
541
542
543
544
545
546
547
548
549
550
551
552
553
554
556
557
558
559
560
561
562
563
564
565
566
567
568
569
570
571
572
573
574
575
576
577
578
579
580
581
582
583
584
585
586
587
588
589
590
591
592
593
594
595
596
597
598
599
600
601
602
603
604
605
606
607
609
610
611
612
613
614
615
616
617
618
619
621
622
623
624
625
626
627
628
629
630
631
632
633
634
635
636
637
638
639
640
641
642
643
644
645
646
647
648
649
650
651
652
653
654
655
656
657
658
659
660
661
662
663
664
665
666
667
668
669
670
671
672
673
674
675
676
677
678
679
680
681
682
683
684
685
686
687
688
689
690
691
692
693
694
695
696
697
698
699
700
701
702
703
704
705
706
707
708
709
710
711
712
713
714
715
716
717
718
719
720
721
722
723
724
725
726
727
728
729
730
731
732
733
734
735
736
737
738
739
740
741
742
743
744
745
746
747
748
749
750
751
752
753
754
756
757
758
759
760
761
762
763
764
765
767
768
769
770
771
772
773
774
775
776
777
778
779
780
781
782
783
784
785
786
787
788
789
790
791
792
793
794
795
796
797
798
799
800
801
802
803
804
805
806
807
808
809
810
811
812
813
814
815
816
817
818
819
820
821
822
823
824
825
826
827
828
829
830
831
832
833
834
835
836
837
838
839
840
841
842
843
844
845
846
847
848
849
850
851
852
853
854
855
856
857
858
859
860
861
862
863
864
865
866
867
868
869
870
871
872
873
874
875
876
877
878
879
880
881
882
883
884
885
886
887
888
889
890
891
892
893
894
895
896
897
898
899
900
901
902
903
904
905
906
907
908
909
910
911
912
913
914
915
916
917
918
919
920
921
922
923
924
925
926
927
928
929
930
931
932
933
934
935
936
937
938
939
940
941
942
943
944
945
946
947
948
949
950
951
952
953
954
955
956
957
958
960
961
962
963
964
965
966
967
968
969
970
971
972
973
974
975
976
977
978
979
980
981
982
983
984
985
986
987
988
989
990
991
992
993
994
995
996
997
998
999
1000
1001
1002
1003
1004
0 6 1
0 409 1
0 538 1
0 410 2
0 295 1
0 29 1
0 178 5
0 693 1
0 189 5
0 710 1
0 333 1
0 78 1
0 976 1
0 470 1
0 599 1
0 732 1
0 605 1
0 862 1
0 991 1
0 228 1
0 1004 1
0 502 1
0 249 1
0 767 1
2 582 3
2 335 2
2 790 4
2 119 1
2 700 1
2 126 1
4 848 1
4 883 1
4 135 4
5 586 2
6 716 4
6 1004 1
6 178 3
6 249 1
6 189 1
7 810 1
12 870 1
14 516 3
14 719 1
14 881 1
14 724 2
14 921 1
14 90 1
14 796 1
14 189 2
15 680 3
15 731 3
15 422 2
16 718 2
16 127 2
17 857 1
17 428 1
19 333 1
19 718 1
24 160 1
24 629 5
25 704 1
25 844 1
25 684 3
28 987 6
28 955 1
29 249 3
29 442 1
29 333 1
29 335 1
30 126 1
30 356 3
30 765 3
30 790 1
31 428 1
31 915 3
31 316 1
31 165 11
31 990 3
32 977 1
32 197 2
32 862 1
32 293 1
35 978 2
37 126 3
38 474 1
38 939 3
38 324 1
38 309 1
38 214 1
40 450 1
40 662 1
40 802 2
40 214 1
40 695 1
40 120 1
40 90 1
40 187 1
40 572 1
41 723 2
42 649 1
42 159 1
45 966 1
48 600 2
48 193 1
48 499 1
48 558 2
50 402 4
50 559 4
52 416 1
52 356 9
52 133 2
52 765 2
53 609 1
53 193 1
53 365 1
53 245 1
53 311 1
53 633 2
56 120 1
56 987 9
58 586 1
61 356 2
61 517 1
61 991 1
61 522 3
61 428 5
61 718 3
61 591 2
61 243 3
61 334 1
61 696 1
61 900 1
61 127 1
61 607 6
62 485 1
62 159 1
64 534 1
66 966 2
67 963 2
67 165 7
67 846 4
67 207 2
67 344 1
67 920 1
68 987 6
68 189 2
69 402 1
69 879 1
70 334 3
70 607 1
74 416 1
74 256 1
74 166 1
74 294 3
74 232 2
74 648 1
74 104 1
74 885 1
74 759 2
74 984 1
74 313 1
74 447 1
75 612 2
75 772 3
75 550 1
75 334 1
75 607 2
78 178 3
82 362 1
82 870 1
82 135 4
83 784 1
86 152 7
86 443 1
86 662 1
90 736 1
90 994 1
90 201 1
90 997 1
90 188 1
90 107 1
90 450 2
90 850 1
90 692 2
90 220 2
90 414 1
90 854 2
90 791 2
90 537 1
90 506 1
90 316 4
90 830 1
90 191 2
91 97 1
91 423 2
91 830 3
91 415 1
92 316 2
95 987 6
96 420 1
98 707 3
98 454 1
98 134 3
98 713 3
98 107 4
98 268 4
98 429 3
98 592 3
98 401 2
98 117 3
101 718 1
101 246 1
103 514 1
103 1001 1
103 780 1
103 322 1
103 402 1
103 343 1
104 648 2
104 294 1
105 418 15
107 664 1
107 980 1
107 214 1
111 586 2
111 602 1
111 885 3
112 168 1
112 313 1
112 267 2
112 356 1
112 517 1
114 883 1
114 718 1
117 268 1
118 862 1
118 732 3
118 365 1
118 502 2
119 812 1
120 416 2
120 544 1
120 662 1
120 454 1
120 775 1
120 812 1
120 586 1
120 135 4
120 364 2
120 333 1
120 272 1
120 912 3
120 371 2
120 566 12
120 920 3
120 987 1
120 316 3
120 157 1
122 718 1
125 676 1
125 622 1
126 356 2
126 648 2
126 586 4
126 782 1
126 790 1
126 602 1
127 843 1
127 708 1
127 724 1
127 904 1
127 522 4
127 779 2
127 716 1
127 189 2
127 754 2
127 595 1
127 916 1
127 184 1
127 377 4
127 883 1
127 607 1
132 842 1
133 356 2
133 602 2
133 765 1
134 850 1
134 178 2
135 692 1
135 292 1
135 549 3
135 870 4
135 170 4
135 942 6
135 720 1
135 371 4
135 628 9
135 534 1
135 415 1
135 581 11
136 428 2
136 316 2
136 629 1
136 207 2
137 936 1
137 771 4
137 742 1
141 978 5
141 851 3
141 188 1
141 614 4
141 502 4
142 428 1
142 267 1
142 316 5
142 207 2
143 739 1
147 577 3
147 355 3
147 933 3
147 230 3
147 454 1
147 171 3
147 972 3
147 590 3
147 277 3
147 890 1
147 347 3
147 285 3
147 926 3
147 686 3
149 716 1
149 718 1
151 290 1
152 362 1
153 977 1
157 577 1
157 931 1
157 933 1
157 746 2
157 171 1
157 590 1
157 277 1
157 285 1
157 926 2
157 415 1
159 321 2
159 802 1
159 214 3
159 719 3
159 502 2
159 293 1
159 607 1
159 517 1
160 360 1
160 586 1
160 267 6
160 526 1
160 658 1
160 629 10
161 586 1
164 638 1
165 586 1
165 207 1
165 401 7
165 344 1
165 857 1
165 316 11
165 990 1
166 168 2
166 648 1
166 586 2
166 356 1
167 978 3
167 851 3
167 988 1
168 912 1
168 356 1
168 782 4
168 209 1
168 949 2
169 595 1
173 850 1
173 428 2
173 506 1
175 849 1
175 275 5
175 737 1
178 470 3
178 409 3
178 538 3
178 295 3
178 693 3
178 188 1
178 189 2
178 710 3
178 333 4
178 976 3
178 214 1
178 599 4
178 605 3
178 862 4
178 991 3
178 228 3
178 502 9
178 249 4
178 767 3
181 249 1
181 274 1
181 190 2
182 356 1
186 256 1
186 267 1
187 596 1
188 534 3
188 614 1
188 978 5
188 851 15
188 502 5
189 506 2
189 731 1
189 293 1
189 236 2
189 716 2
189 1004 1
189 530 1
189 718 6
189 977 2
189 915 2
189 502 9
189 410 1
189 595 1
189 605 2
190 656 2
190 353 2
190 274 2
190 373 2
191 617 1
191 692 8
192 381 3
192 335 3
193 633 1
196 454 1
197 586 1
199 644 3
199 541 3
200 428 1
200 362 1
200 971 1
200 316 1
207 428 2
207 978 3
207 953 1
207 891 2
207 988 1
208 977 1
209 356 7
209 765 1
214 776 1
214 684 1
214 530 1
214 278 3
214 920 1
214 923 2
214 544 1
214 290 2
214 987 1
214 940 2
214 687 2
214 692 1
214 569 1
214 443 1
214 316 2
214 835 1
214 324 1
214 844 1
214 334 1
214 720 1
214 595 1
214 852 1
214 851 3
214 731 1
214 220 4
214 865 1
214 738 1
214 614 1
214 742 1
214 743 1
214 746 4
214 371 1
214 629 1
214 765 1
216 321 1
216 458 1
216 558 1
223 322 1
223 879 1
223 415 1
223 343 2
226 440 2
228 605 1
229 306 2
229 790 1
231 738 1
231 264 2
231 245 2
231 633 2
231 698 1
231 987 7
231 830 1
232 356 1
232 294 1
232 648 1
232 439 1
232 472 1
232 313 1
232 575 1
233 364 1
233 692 3
236 977 4
236 537 2
239 866 2
241 851 1
243 718 1
245 736 1
245 698 1
245 987 6
246 724 1
246 423 1
248 415 1
249 502 1
250 927 1
250 334 4
250 607 1
251 987 6
256 416 1
256 356 6
256 517 1
256 294 1
256 648 1
256 362 1
256 267 3
256 313 2
256 478 1
257 401 1
264 617 1
264 586 1
266 949 1
266 790 2
266 439 1
267 674 3
267 517 4
267 648 1
267 586 1
267 526 4
267 891 8
267 478 1
268 291 1
268 454 1
268 713 1
268 633 2
272 450 3
272 772 1
274 920 2
275 849 2
275 316 1
277 458 1
278 609 1
278 415 1
280 851 2
280 891 1
280 629 4
280 502 6
281 905 1
281 658 1
281 491 3
288 629 1
290 566 3
291 401 2
291 429 3
291 454 2
293 718 1
293 724 1
293 502 1
293 862 3
294 416 4
294 586 12
294 782 3
294 648 1
294 885 1
294 630 1
294 759 1
294 984 1
294 313 2
294 447 1
299 388 1
301 978 4
302 428 3
302 316 1
305 425 1
306 383 1
310 322 1
310 586 1
310 477 1
310 343 1
311 697 3
311 987 6
313 416 6
313 356 4
313 472 3
313 447 1
316 647 6
316 543 1
316 416 3
316 428 3
316 952 1
316 953 1
316 971 1
316 344 1
316 857 3
316 990 2
316 752 1
316 915 11
317 374 2
318 499 1
318 684 2
318 558 3
319 458 1
319 618 1
319 558 1
319 423 2
321 771 2
321 844 1
321 684 3
321 784 1
321 565 1
322 343 11
322 879 1
322 663 1
324 586 1
324 534 1
326 586 1
327 381 2
332 586 1
332 435 3
332 500 1
332 782 3
333 364 1
334 739 1
334 534 2
334 617 1
334 762 1
334 607 2
334 506 2
334 415 2
335 737 3
335 899 2
335 664 5
335 381 3
337 505 3
337 780 3
337 854 4
337 607 1
338 801 1
338 987 6
338 540 4
338 415 2
343 950 2
343 853 1
343 663 3
344 971 2
347 966 1
349 976 1
349 428 3
353 891 5
356 517 2
356 648 3
356 908 1
356 602 1
356 416 4
356 586 1
356 718 1
356 472 19
356 730 10
356 607 1
356 743 1
356 765 7
360 530 1
360 629 4
360 526 1
361 987 6
362 528 1
362 464 1
362 922 2
362 383 2
364 987 6
364 764 1
368 879 1
369 407 3
371 720 1
371 572 1
372 595 2
372 404 1
377 422 1
377 718 2
381 664 1
381 532 1
383 720 4
383 909 1
388 746 1
388 534 1
392 674 2
399 663 1
401 454 4
401 429 6
401 415 6
402 634 1
402 559 2
413 746 5
413 927 1
415 517 1
415 783 1
415 923 1
415 670 3
415 416 2
415 687 1
415 692 3
415 542 2
415 450 3
415 591 1
415 851 3
415 718 1
415 742 2
415 617 1
416 772 1
416 648 5
416 586 1
416 912 3
416 425 3
416 699 2
418 996 5
418 977 1
420 559 3
421 978 4
422 731 5
422 613 1
424 978 2
424 990 1
425 472 1
428 915 11
428 857 2
428 990 1
429 454 5
432 987 6
433 987 6
435 500 2
435 782 2
440 537 3
440 737 3
440 657 1
442 899 1
443 662 2
443 742 3
443 703 1
447 573 1
447 759 1
450 802 1
450 900 5
450 754 1
450 595 2
450 662 3
454 772 1
454 890 2
458 684 1
458 558 2
458 956 1
459 517 1
466 712 1
469 978 5
470 605 1
472 743 1
472 782 11
472 575 1
479 586 1
482 531 1
482 987 9
491 644 6
493 630 2
493 530 1
493 891 2
493 629 4
493 838 4
499 684 3
499 844 1
500 586 1
500 782 1
502 538 3
502 607 1
502 915 7
502 920 4
502 530 4
502 595 4
502 534 4
502 851 5
502 731 5
502 862 12
506 644 1
506 541 1
510 534 2
512 978 4
513 535 1
513 823 1
514 950 7
516 761 19
516 850 1
516 532 15
517 803 1
517 586 2
526 629 4
526 867 2
530 561 1
530 629 12
530 630 2
530 891 9
531 987 6
532 945 1
534 746 1
534 591 1
534 692 1
534 862 3
534 607 3
535 823 2
538 605 4
540 955 2
540 698 1
540 987 8
541 951 4
541 850 1
541 719 3
543 890 1
543 971 2
544 890 1
547 978 2
547 851 1
547 647 1
552 817 1
552 858 1
552 978 4
553 670 4
558 704 1
558 684 2
558 723 1
558 758 1
558 956 3
558 618 1
559 622 4
561 838 1
561 629 4
561 846 7
565 684 4
565 844 2
565 926 1
566 713 1
569 607 1
572 802 1
573 586 3
575 782 5
577 936 1
581 936 3
581 692 1
582 987 6
586 648 3
586 782 1
586 947 1
586 948 1
586 837 1
586 984 4
586 885 5
586 762 5
587 720 4
591 746 4
591 692 1
591 696 1
591 607 2
591 923 2
595 716 1
595 718 1
595 790 1
595 696 4
599 693 2
602 743 4
602 765 2
607 718 1
607 687 1
607 915 2
607 696 1
607 700 1
609 854 3
614 978 5
614 630 1
624 873 1
627 890 2
629 772 1
629 630 4
629 685 10
629 846 4
629 658 3
629 631 3
629 890 1
629 891 15
630 685 3
638 939 1
641 987 6
644 745 1
644 1001 1
644 702 2
648 762 1
648 765 3
650 654 1
654 991 4
657 921 8
659 742 4
660 692 1
661 692 1
662 742 2
663 853 2
665 746 1
669 772 2
670 808 1
672 956 1
672 844 5
680 720 2
680 731 2
684 844 6
684 956 3
685 1001 2
685 772 1
686 933 1
687 746 1
687 742 1
692 736 1
692 769 1
692 834 1
692 742 2
692 775 1
692 746 16
692 798 2
693 710 1
697 855 2
697 771 1
697 925 2
698 764 1
698 840 1
698 873 1
698 987 6
700 966 1
700 935 5
700 812 2
700 782 1
700 823 1
707 880 1
711 718 2
716 718 2
716 883 2
718 904 1
718 754 8
718 883 2
718 724 2
718 915 5
718 866 2
719 837 1
720 833 3
724 1001 1
724 796 1
738 783 5
742 771 1
742 900 1
742 746 1
742 784 1
746 923 7
746 935 32
748 926 1
759 984 1
761 783 1
762 984 1
762 885 1
764 987 6
765 908 6
769 807 1
774 947 29
780 950 2
789 987 6
790 966 8
790 812 1
795 978 2
809 987 6
817 978 2
838 990 1
840 987 6
844 935 5
844 956 7
849 987 7
850 881 1
851 978 5
851 954 2
851 891 1
854 890 1
857 953 1
862 915 1
872 987 6
873 987 6
890 923 2
891 920 2
891 978 1
925 987 6
925 955 1
950 1001 3
953 957 1
954 978 3
955 987 6
957 978 2
977 996 1
977 1001 1
977 1004 3
978 988 3
987 994 6
