0
1
2
3
4
5
6
7
8
9
10
11
12
13
14
15
16
17
18
19
20
21
22
23
24
25
26
27
28
29
30
31
32
33
34
35
36
37
38
39
40
41
42
43
44
45
46
47
48
49
50
51
52
53
54
55
56
57
58
59
60
61
62
63
64
65
66
67
68
69
70
71
72
73
74
75
76
77
78
79
80
81
82
83
84
85
86
87
88
89
90
91
92
93
94
95
96
97
98
99
100
101
102
103
104
105
106
107
108
109
110
111
112
113
114
115
116
117
118
119
120
121
122
123
124
125
126
127
128
129
130
131
132
133
134
135
136
137
138
139
141
142
143
144
145
146
147
148
149
150
151
152
153
154
155
157
158
159
160
161
162
163
164
165
166
167
168
169
170
171
172
173
174
175
176
177
178
179
180
181
182
183
184
185
186
187
188
189
190
191
192
193
194
195
196
197
198
199
200
201
202
203
204
205
206
207
208
209
210
211
212
213
214
215
216
217
218
219
220
221
222
223
224
225
226
227
228
229
230
231
232
233
235
236
237
238
239
240
241
242
243
244
245
246
247
248
249
250
251
252
253
254
255
256
257
259
260
262
263
264
265
266
267
268
269
270
271
272
273
274
275
276
277
278
279
280
281
282
283
284
285
286
287
288
289
290
291
292
293
294
295
296
297
299
300
301
302
303
304
305
306
307
308
309
310
311
312
313
314
315
316
317
318
319
320
321
322
323
324
325
326
327
328
329
330
331
332
333
334
335
336
337
338
339
340
341
343
344
345
346
347
348
349
350
351
352
353
355
356
357
358
359
360
361
362
364
365
366
367
368
369
370
371
372
373
374
375
376
377
378
379
380
381
382
383
384
385
386
387
388
389
390
391
392
393
394
395
396
397
398
399
400
401
402
403
404
405
406
407
408
409
410
411
412
413
414
415
416
418
419
420
421
422
423
424
425
426
427
428
429
430
431
432
433
434
435
436
437
438
439
440
441
442
443
444
445
446
447
448
449
450
451
452
453
454
455
456
457
458
459
460
461
462
464
465
466
467
468
469
470
471
472
473
474
475
476
477
478
479
480
481
482
483
484
485
486
487
488
489
490
491
492
493
495
496
497
498
499
500
501
502
503
504
505
506
507
508
509
510
511
512
513
514
515
516
517
518
519
520
521
522
523
524
525
526
527
528
530
531
532
533
534
535
536
537
538
539
540
541
542
543
544
545
546
547
548
549
550
551
552
553
554
556
557
558
559
560
561
562
563
564
565
566
567
568
569
570
571
572
573
574
575
576
577
578
579
580
581
582
583
584
585
586
587
588
589
590
591
592
593
594
595
596
597
598
599
600
601
602
603
604
605
606
607
609
610
611
612
613
614
615
616
617
618
619
621
622
623
624
625
626
627
628
629
630
631
632
633
634
635
636
637
638
639
640
641
642
643
644
645
646
647
648
649
650
651
652
653
654
655
656
657
658
659
660
661
662
663
664
665
666
667
668
669
670
671
672
673
674
675
676
677
678
679
680
681
682
683
684
685
686
687
688
689
690
691
692
693
694
695
696
697
698
699
700
701
702
703
704
705
706
707
708
709
710
711
712
713
714
715
716
717
718
719
720
721
722
723
724
725
726
727
728
729
730
731
732
733
734
735
736
737
738
739
740
741
742
743
744
745
746
747
748
749
750
751
752
753
754
756
757
758
759
760
761
762
763
764
765
767
768
769
770
771
772
773
774
775
776
777
778
779
780
781
782
783
784
785
786
787
788
789
790
791
792
793
794
795
796
797
798
799
800
801
802
803
804
805
806
807
808
809
810
811
812
813
814
815
816
817
818
819
820
821
822
823
824
825
826
827
828
829
830
831
832
833
834
835
836
837
838
839
840
841
842
843
844
845
846
847
848
849
850
851
852
853
854
855
856
857
858
859
860
861
862
863
864
865
866
867
868
869
870
871
872
873
874
875
876
877
878
879
880
881
882
883
884
885
886
887
888
889
890
891
892
893
894
895
896
897
898
899
900
901
902
903
904
905
906
907
908
909
910
911
912
913
914
915
916
917
918
919
920
921
922
923
924
925
926
927
928
929
930
931
932
933
934
935
936
937
938
939
940
941
942
943
944
945
946
947
948
949
950
951
952
953
954
955
956
957
958
960
961
962
963
964
965
966
967
968
969
970
971
972
973
974
975
976
977
978
979
980
981
982
983
984
985
986
987
988
989
990
991
992
993
994
995
996
997
998
999
1000
1001
1002
1003
1004
0 977 1
2 812 1
2 885 1
2 790 5
5 506 1
5 491 1
6 506 1
8 544 1
11 619 1
11 662 1
13 693 1
14 921 1
14 890 1
14 702 4
14 783 1
15 680 1
16 777 1
16 718 5
24 280 1
24 528 1
24 629 3
24 990 1
28 264 1
28 987 4
29 808 1
29 506 1
29 381 4
30 765 5
30 790 1
31 280 1
32 280 1
32 920 1
32 669 3
32 718 1
32 921 3
40 450 3
40 900 2
40 802 2
40 272 2
40 662 2
40 695 2
40 568 2
40 187 4
40 572 2
42 106 1
46 106 1
46 310 3
48 216 5
48 704 1
48 684 1
52 586 1
53 120 1
53 633 1
53 290 1
53 923 2
53 703 1
56 987 4
61 522 2
61 718 2
61 693 3
61 214 2
61 120 3
61 991 1
62 113 4
62 485 2
62 646 3
65 544 1
65 425 1
65 107 1
65 850 1
65 978 1
65 948 1
65 629 1
65 316 1
65 987 1
65 220 4
67 344 1
67 963 4
67 165 1
67 846 2
67 207 1
68 987 4
71 595 2
74 104 2
74 984 2
74 166 2
74 294 3
75 633 1
75 995 1
75 692 1
75 334 3
75 772 1
77 168 6
77 912 11
82 870 1
83 697 1
88 402 1
88 106 1
90 948 1
90 890 5
90 500 1
90 381 1
90 506 1
91 220 2
92 280 1
92 316 1
95 987 4
98 120 1
98 401 2
98 429 1
99 929 1
99 669 1
99 791 1
106 832 1
106 514 1
106 323 1
106 132 1
106 649 1
106 906 1
106 139 1
106 780 1
106 622 1
106 399 1
106 402 1
106 788 2
106 164 2
106 634 1
106 603 1
107 810 1
107 299 1
107 980 2
107 367 1
109 721 1
111 762 1
112 267 2
112 517 3
114 718 1
119 812 4
120 609 1
120 707 1
120 772 1
120 257 1
120 235 1
120 752 1
120 178 1
120 948 8
120 278 1
120 190 1
120 191 1
122 718 1
125 676 1
126 166 1
126 648 2
126 586 3
126 782 3
126 168 2
126 984 6
131 264 1
133 765 2
135 264 1
135 942 1
136 200 1
136 915 2
136 629 1
137 239 1
141 280 1
141 188 1
141 383 1
142 280 1
142 915 1
143 544 1
149 372 1
149 716 1
150 191 2
150 471 2
151 923 1
153 977 7
153 818 4
153 996 2
155 784 3
157 746 1
157 586 6
157 277 1
159 768 1
160 629 2
161 784 3
161 863 2
161 239 2
163 913 1
164 638 1
166 356 1
166 586 4
166 573 1
166 435 1
166 765 1
168 416 1
168 260 2
168 966 1
168 648 1
168 521 1
168 266 3
168 912 26
168 744 1
168 949 7
168 439 8
168 472 4
168 356 1
168 232 1
169 372 1
171 347 1
173 506 1
175 423 3
178 502 1
178 214 1
178 367 1
181 422 1
185 833 1
188 280 2
188 301 1
189 977 1
189 410 1
189 491 1
189 718 4
190 196 1
192 381 14
197 923 4
200 915 2
207 547 1
214 290 1
214 443 1
214 662 1
214 367 1
214 629 1
214 854 1
214 891 1
214 316 1
214 703 2
216 321 2
216 458 5
216 558 2
220 367 1
223 746 1
224 316 1
224 428 3
229 834 1
231 873 2
231 874 1
231 987 4
232 260 2
232 425 11
232 266 7
232 744 1
232 946 2
239 428 2
239 742 1
243 718 1
245 736 1
245 995 1
245 264 2
245 874 1
245 624 2
245 987 4
245 540 1
247 601 1
248 746 1
249 528 1
251 506 1
251 987 4
256 721 1
256 294 1
257 401 1
260 912 2
260 790 10
264 994 2
264 581 1
264 361 1
264 364 1
264 462 1
264 995 1
264 692 1
264 597 1
264 329 1
264 632 1
264 540 2
264 789 1
266 439 1
267 984 3
267 586 4
280 902 1
280 647 1
280 656 1
280 530 2
280 915 2
280 920 2
280 547 2
280 421 1
280 424 1
280 561 2
280 951 1
280 953 2
280 445 1
280 288 1
280 846 1
280 851 2
280 526 2
280 990 1
280 360 2
280 629 2
280 631 2
281 377 3
281 718 3
284 584 1
284 680 1
288 610 5
288 484 5
288 391 5
288 846 6
288 750 3
288 629 10
290 367 1
293 697 2
293 365 1
293 718 1
294 586 3
299 671 1
299 334 2
299 591 1
300 784 1
311 987 4
313 912 1
313 721 1
313 948 3
314 929 1
314 693 2
316 962 1
316 806 1
316 367 1
316 915 4
316 629 1
316 351 1
324 591 1
324 534 1
324 367 1
327 381 1
329 427 2
329 951 1
332 586 2
332 347 4
332 500 5
333 743 1
333 767 4
334 768 4
334 772 1
334 367 1
334 995 7
334 696 2
334 671 1
335 688 2
335 867 1
335 643 5
335 381 2
335 790 2
336 577 1
338 987 4
338 951 1
343 663 1
347 355 1
347 933 3
347 590 1
356 586 1
356 912 2
356 721 1
356 948 1
356 472 1
356 730 1
356 765 1
360 629 2
361 987 4
364 764 2
367 776 1
367 940 1
367 530 1
367 835 1
367 920 1
367 544 1
367 731 1
367 684 1
367 946 1
367 692 1
367 569 1
367 963 1
367 609 3
367 844 1
367 720 1
367 852 1
367 987 1
367 865 1
367 738 1
367 743 1
367 371 1
367 629 2
369 913 1
369 535 3
371 581 2
372 595 1
372 404 1
372 934 2
373 391 3
374 400 1
376 919 2
377 528 1
377 718 3
381 643 3
381 980 3
390 784 2
391 484 2
391 750 2
391 629 1
392 674 1
401 429 3
401 454 2
401 415 2
404 595 1
414 530 1
414 891 16
415 995 2
415 429 1
415 833 1
416 912 1
416 948 1
416 868 3
416 743 1
418 977 4
418 538 2
418 996 6
421 424 1
422 731 2
423 832 1
425 912 7
425 946 2
425 948 2
425 949 2
425 765 1
428 857 1
428 915 8
428 806 2
429 454 2
433 994 1
433 987 4
435 586 2
435 500 1
438 818 4
439 912 2
443 662 1
444 535 1
445 629 1
445 750 2
450 947 2
450 595 1
450 517 1
458 890 2
458 844 1
464 980 2
465 812 1
470 502 1
470 951 4
472 912 3
472 744 1
472 946 8
472 949 1
478 818 4
480 987 4
482 987 4
484 507 1
484 629 2
484 750 2
485 542 1
485 854 3
493 629 2
497 977 1
502 775 2
502 746 1
502 718 1
502 538 1
503 704 1
506 644 2
506 921 1
507 685 1
507 629 1
509 822 1
512 979 1
514 977 1
516 828 1
517 948 1
517 751 1
522 746 1
522 546 1
522 718 1
526 629 2
527 870 1
528 865 1
528 775 1
528 915 1
528 765 1
530 915 2
530 629 7
530 630 1
530 891 1
531 987 4
534 601 1
534 746 1
535 913 2
540 736 2
540 987 4
540 581 3
540 582 1
540 874 1
540 749 1
540 624 2
540 955 6
541 576 1
542 746 1
542 646 1
542 823 1
544 669 1
550 746 1
550 812 1
553 670 1
558 684 1
561 629 2
565 723 1
573 586 4
575 912 2
577 715 1
577 926 1
581 855 1
582 890 1
582 987 4
586 782 1
586 984 2
586 825 1
586 762 3
586 765 1
591 746 1
595 718 1
595 790 1
601 676 1
601 919 2
602 648 2
602 721 1
605 693 1
607 696 1
607 692 1
607 687 1
609 633 1
609 951 1
629 685 2
629 658 2
629 846 2
629 750 2
629 630 3
629 631 2
629 891 2
630 656 3
630 790 4
633 772 1
634 890 1
641 987 4
643 685 22
643 782 1
646 890 1
647 915 1
648 721 4
648 765 1
654 991 5
656 920 1
657 921 2
657 890 1
663 879 1
665 746 1
668 720 1
668 746 10
668 935 1
671 995 1
672 844 3
680 731 1
685 782 4
686 872 1
687 746 1
692 746 7
692 819 1
696 783 1
697 925 3
697 855 4
698 987 4
700 812 1
700 782 1
700 935 5
708 718 1
715 951 1
716 718 1
718 777 1
718 883 1
718 969 1
718 843 2
718 724 3
718 732 1
718 866 3
718 746 2
718 754 3
720 746 6
720 935 4
720 813 2
721 743 1
721 912 1
721 765 1
730 912 2
730 868 4
731 746 1
742 784 2
742 863 2
742 900 1
743 948 3
744 912 4
746 923 1
746 900 1
746 935 16
746 841 1
746 813 12
749 890 1
758 844 1
764 874 1
764 987 4
780 977 1
783 890 1
789 987 4
790 812 1
790 868 6
790 863 1
796 987 4
799 913 2
806 915 1
807 818 4
809 987 4
813 935 2
818 997 4
832 977 1
840 874 1
840 987 4
848 860 1
849 987 4
854 948 1
857 915 2
868 912 1
872 987 4
873 874 1
873 987 4
874 925 1
878 929 1
890 962 1
890 941 1
890 912 1
912 948 2
912 949 4
915 971 1
915 952 2
919 1000 1
926 951 1
950 977 1
955 987 4
977 996 6
977 1004 1
987 994 5
