0
1
2
3
4
5
6
7
8
9
10
11
12
13
14
15
16
17
18
19
20
21
22
23
24
25
26
27
28
29
30
31
32
33
34
35
36
37
38
39
40
41
42
43
44
45
46
47
48
49
50
51
52
53
54
55
56
57
58
59
60
61
62
63
64
65
66
67
68
69
70
71
72
73
74
75
76
77
78
79
80
81
82
83
84
85
86
87
88
89
90
91
92
93
94
95
96
97
98
99
100
101
102
103
104
105
106
107
108
109
110
111
112
113
114
115
116
117
118
119
120
121
122
123
124
125
126
127
128
129
130
131
132
133
134
135
136
137
138
139
141
142
143
144
145
146
147
148
149
150
151
152
153
154
155
157
158
159
160
161
162
163
164
165
166
167
168
169
170
171
172
173
174
175
176
177
178
179
180
181
182
183
184
185
186
187
188
189
190
191
192
193
194
195
196
197
198
199
200
201
202
203
204
205
206
207
208
209
210
211
212
213
214
215
216
217
218
219
220
221
222
223
224
225
226
227
228
229
230
231
232
233
235
236
237
238
239
240
241
242
243
244
245
246
247
248
249
250
251
252
253
254
255
256
257
259
260
262
263
264
265
266
267
268
269
270
271
272
273
274
275
276
277
278
279
280
281
282
283
284
285
286
287
288
289
290
291
292
293
294
295
296
297
299
300
301
302
303
304
305
306
307
308
309
310
311
312
313
314
315
316
317
318
319
320
321
322
323
324
325
326
327
328
329
330
331
332
333
334
335
336
337
338
339
340
341
343
344
345
346
347
348
349
350
351
352
353
355
356
357
358
359
360
361
362
364
365
366
367
368
369
370
371
372
373
374
375
376
377
378
379
380
381
382
383
384
385
386
387
388
389
390
391
392
393
394
395
396
397
398
399
400
401
402
403
404
405
406
407
408
409
410
411
412
413
414
415
416
418
419
420
421
422
423
424
425
426
427
428
429
430
431
432
433
434
435
436
437
438
439
440
441
442
443
444
445
446
447
448
449
450
451
452
453
454
455
456
457
458
459
460
461
462
464
465
466
467
468
469
470
471
472
473
474
475
476
477
478
479
480
481
482
483
484
485
486
487
488
489
490
491
492
493
495
496
497
498
499
500
501
502
503
504
505
506
507
508
509
510
511
512
513
514
515
516
517
518
519
520
521
522
523
524
525
526
527
528
530
531
532
533
534
535
536
537
538
539
540
541
542
543
544
545
546
547
548
549
550
551
552
553
554
556
557
558
559
560
561
562
563
564
565
566
567
568
569
570
571
572
573
574
575
576
577
578
579
580
581
582
583
584
585
586
587
588
589
590
591
592
593
594
595
596
597
598
599
600
601
602
603
604
605
606
607
609
610
611
612
613
614
615
616
617
618
619
621
622
623
624
625
626
627
628
629
630
631
632
633
634
635
636
637
638
639
640
641
642
643
644
645
646
647
648
649
650
651
652
653
654
655
656
657
658
659
660
661
662
663
664
665
666
667
668
669
670
671
672
673
674
675
676
677
678
679
680
681
682
683
684
685
686
687
688
689
690
691
692
693
694
695
696
697
698
699
700
701
702
703
704
705
706
707
708
709
710
711
712
713
714
715
716
717
718
719
720
721
722
723
724
725
726
727
728
729
730
731
732
733
734
735
736
737
738
739
740
741
742
743
744
745
746
747
748
749
750
751
752
753
754
756
757
758
759
760
761
762
763
764
765
767
768
769
770
771
772
773
774
775
776
777
778
779
780
781
782
783
784
785
786
787
788
789
790
791
792
793
794
795
796
797
798
799
800
801
802
803
804
805
806
807
808
809
810
811
812
813
814
815
816
817
818
819
820
821
822
823
824
825
826
827
828
829
830
831
832
833
834
835
836
837
838
839
840
841
842
843
844
845
846
847
848
849
850
851
852
853
854
855
856
857
858
859
860
861
862
863
864
865
866
867
868
869
870
871
872
873
874
875
876
877
878
879
880
881
882
883
884
885
886
887
888
889
890
891
892
893
894
895
896
897
898
899
900
901
902
903
904
905
906
907
908
909
910
911
912
913
914
915
916
917
918
919
920
921
922
923
924
925
926
927
928
929
930
931
932
933
934
935
936
937
938
939
940
941
942
943
944
945
946
947
948
949
950
951
952
953
954
955
956
957
958
960
961
962
963
964
965
966
967
968
969
970
971
972
973
974
975
976
977
978
979
980
981
982
983
984
985
986
987
988
989
990
991
992
993
994
995
996
997
998
999
1000
1001
1002
1003
1004
0 178 9
0 732 2
0 333 1
0 502 1
2 485 3
2 231 1
2 700 2
2 335 1
2 790 1
2 316 2
4 848 1
4 304 1
4 135 2
5 107 2
5 175 1
6 178 8
6 333 1
8 544 1
11 619 1
11 316 2
11 662 1
13 996 1
13 516 2
13 654 1
13 951 1
14 1001 2
14 506 1
14 924 3
14 702 1
15 680 10
15 731 2
15 422 3
15 471 1
16 410 1
17 316 2
24 160 1
24 530 2
24 891 1
24 813 1
25 73 1
25 558 1
25 319 1
26 40 1
28 987 10
29 553 1
29 506 1
29 107 6
29 381 3
29 670 1
30 648 1
30 790 6
30 765 3
30 126 1
30 942 1
31 316 3
31 165 1
32 921 1
32 428 2
32 316 2
32 197 1
35 424 1
35 978 3
35 207 1
38 309 1
39 923 3
40 802 1
40 379 1
40 900 1
40 198 1
40 488 1
40 60 1
40 450 2
40 272 1
40 712 2
40 947 1
40 662 1
40 695 1
40 568 2
40 187 1
40 572 1
40 254 1
41 48 1
41 73 4
41 723 2
41 758 1
41 319 1
42 649 1
42 310 1
45 66 2
45 316 1
46 622 2
46 919 1
48 1000 1
48 684 1
48 558 2
48 319 1
50 634 1
50 559 1
52 416 1
52 356 1
52 868 1
52 790 1
52 126 2
53 193 3
53 997 1
53 454 2
53 807 1
53 75 1
53 844 1
53 923 3
54 82 1
54 155 1
55 129 1
55 130 1
55 195 1
55 289 1
55 169 1
55 78 1
55 688 1
55 595 1
55 404 1
55 767 1
56 482 1
56 987 11
58 909 4
60 466 2
60 695 1
61 450 1
61 356 1
61 517 4
61 166 1
61 135 8
61 388 1
61 334 2
61 854 1
61 718 7
61 502 2
61 663 4
61 601 2
61 602 1
61 765 1
61 542 1
61 991 3
62 962 1
62 485 3
62 646 2
62 369 1
62 214 1
62 535 1
62 542 3
66 316 2
66 782 1
67 963 4
67 165 3
67 846 10
67 207 1
67 344 1
67 190 1
68 987 10
69 402 2
69 879 5
70 388 1
70 534 2
70 399 1
71 595 1
72 316 3
73 577 1
73 1000 2
73 618 1
73 723 3
74 256 1
74 782 2
74 294 3
75 772 1
75 135 3
75 530 2
75 147 3
75 540 1
75 671 2
75 416 2
75 546 1
75 166 2
75 807 1
75 220 2
75 948 1
75 190 3
75 191 1
75 544 1
75 609 2
75 333 2
75 718 1
75 850 2
75 915 2
75 865 4
75 997 3
75 107 2
75 499 2
75 120 1
76 410 1
77 168 3
77 439 1
78 599 1
78 333 1
78 976 2
78 178 9
78 506 2
82 628 1
82 870 3
82 135 2
83 400 1
83 697 2
83 870 1
84 323 1
85 277 1
86 443 1
87 160 1
90 996 2
90 997 1
90 807 1
90 201 1
90 107 4
90 236 3
90 850 1
90 205 4
90 178 1
90 147 1
90 693 1
90 923 3
90 220 1
90 381 1
90 191 1
91 962 1
91 499 2
91 514 2
91 566 1
91 997 1
92 316 2
95 987 10
96 420 7
98 707 18
98 454 14
98 134 19
98 713 24
98 107 21
98 268 19
98 429 12
98 401 15
98 117 19
98 278 18
99 929 7
99 333 1
99 207 14
99 178 8
99 502 1
99 599 3
101 423 5
101 149 1
101 127 3
103 343 1
103 423 2
103 943 1
105 418 9
106 402 1
106 229 1
107 320 1
107 898 2
107 899 2
107 772 1
107 236 3
107 643 1
107 664 2
107 537 2
107 175 2
107 208 2
107 670 2
107 415 1
107 393 1
107 289 2
107 553 4
107 810 2
107 688 2
107 713 1
107 192 2
107 201 5
107 334 2
107 335 2
107 464 2
107 980 2
107 985 2
107 737 2
107 235 1
107 1004 2
107 118 2
107 120 2
107 468 1
107 890 3
107 381 3
111 746 1
112 392 2
112 1000 1
112 674 1
112 267 1
112 517 2
113 250 1
113 646 1
114 275 1
114 718 1
118 502 4
120 772 3
120 912 2
120 530 3
120 280 2
120 923 5
120 160 4
120 290 1
120 198 3
120 807 2
120 433 1
120 435 1
120 948 2
120 823 5
120 443 1
120 189 2
120 190 1
120 703 1
120 416 1
120 707 1
120 196 4
120 454 2
120 865 1
120 951 2
120 977 4
120 609 1
120 997 2
120 239 2
120 752 3
120 629 3
120 191 1
120 253 1
122 428 2
122 915 1
122 857 1
122 410 1
122 883 1
122 924 2
125 622 9
126 416 1
126 356 2
126 294 7
126 743 1
126 586 1
126 974 5
126 435 1
126 790 8
126 984 4
126 700 3
126 573 1
127 896 1
127 410 2
127 779 2
127 718 1
133 168 1
133 232 4
133 648 1
133 416 2
133 602 2
134 147 2
134 923 1
134 997 1
134 807 1
135 609 1
135 450 1
135 581 16
135 870 7
135 170 2
135 942 6
135 813 1
135 530 1
135 371 11
135 628 7
135 334 1
135 855 2
135 920 1
135 292 3
135 923 1
135 915 4
135 830 3
136 316 3
136 838 1
141 978 2
141 421 1
142 712 1
142 857 1
142 920 1
142 428 2
142 316 5
143 544 1
147 277 4
147 278 1
147 285 3
147 926 6
147 416 2
147 546 2
147 931 3
147 933 7
147 171 6
147 686 3
147 577 10
147 715 3
147 972 3
147 590 3
147 720 1
147 347 3
147 609 1
147 355 3
147 235 1
147 748 3
147 890 2
150 178 1
150 471 1
150 997 1
150 191 2
151 923 2
153 977 2
153 410 1
153 411 1
153 996 1
153 418 3
155 771 2
157 577 1
157 355 1
157 933 1
157 923 1
157 590 1
157 277 1
157 347 3
157 926 1
159 923 4
159 214 11
159 807 1
160 288 1
160 750 1
160 484 1
160 561 1
160 360 1
160 631 1
160 530 3
160 526 1
160 658 1
160 846 2
160 630 1
160 858 1
160 891 1
160 280 1
160 629 1
163 369 1
164 402 1
164 879 1
164 943 2
165 428 1
165 207 1
165 401 14
165 344 1
165 857 3
165 316 9
166 416 2
166 743 2
166 782 2
166 883 1
166 500 1
166 854 2
167 424 1
167 978 3
167 207 2
167 530 1
167 851 1
167 920 1
167 915 2
168 416 1
168 356 8
168 648 3
168 425 3
168 266 5
168 912 28
168 472 6
168 949 2
168 790 3
168 439 9
168 984 1
168 260 1
168 316 1
168 232 2
169 934 1
169 951 1
170 697 2
171 577 1
171 347 1
173 657 1
173 654 1
175 275 1
175 410 1
175 423 1
176 704 1
178 409 8
178 538 9
178 415 4
178 929 8
178 290 1
178 295 7
178 990 4
178 693 9
178 569 9
178 314 8
178 700 1
178 710 8
178 333 11
178 976 8
178 339 8
178 470 9
178 599 8
178 605 25
178 862 18
178 991 7
178 228 9
178 502 20
178 249 9
178 767 8
180 990 1
181 724 2
181 189 3
181 190 6
182 654 1
184 393 1
184 410 1
184 595 1
184 754 1
185 720 3
185 568 1
185 499 1
188 424 1
188 978 3
188 988 1
188 207 1
189 365 1
189 718 5
189 724 2
189 951 3
189 377 2
190 353 6
190 656 6
190 274 7
190 373 7
190 951 1
190 920 3
190 890 1
191 997 2
191 617 1
191 752 3
191 948 1
191 633 1
191 923 1
191 220 3
191 415 1
192 381 3
193 707 1
193 997 1
193 807 1
193 633 2
193 890 1
193 923 5
193 703 4
194 316 2
196 997 1
196 807 1
197 923 1
199 644 5
199 654 1
200 952 8
200 977 2
200 316 4
200 772 3
200 857 1
205 316 2
205 383 2
206 622 7
207 795 4
207 421 1
207 424 6
207 428 2
207 301 1
207 558 1
207 953 1
207 954 2
207 957 1
207 978 2
207 547 1
207 469 3
207 857 1
207 990 4
207 293 1
207 241 1
207 373 4
214 290 6
214 771 2
214 997 1
214 807 1
214 586 1
214 535 2
214 334 1
214 367 1
214 912 1
214 707 1
214 951 1
214 984 1
214 377 1
214 923 12
214 316 4
214 798 2
216 558 1
216 319 1
220 609 3
223 343 4
223 334 1
223 879 1
224 428 1
224 316 2
225 951 3
228 693 2
228 502 1
228 333 1
229 657 1
229 696 19
229 374 1
229 248 1
229 890 1
229 607 1
231 874 1
231 987 10
231 789 3
231 245 1
232 425 6
232 912 6
232 790 1
232 439 5
232 472 4
232 700 1
233 692 2
235 890 2
235 923 6
235 997 1
236 834 1
236 671 1
239 280 2
239 923 3
239 807 1
239 951 6
245 840 1
245 874 1
245 624 1
245 987 10
245 540 2
246 423 5
248 841 2
248 530 2
248 696 20
248 891 3
248 607 2
249 506 1
249 883 1
249 333 1
250 513 1
250 770 1
250 356 2
250 886 3
250 646 1
250 551 1
250 518 2
250 535 1
250 471 1
250 369 1
250 722 1
250 854 1
250 823 1
250 444 1
250 542 1
250 485 1
251 410 1
251 987 10
255 577 1
256 648 1
256 416 1
256 356 1
256 294 1
257 997 1
266 790 5
267 577 6
267 517 3
267 648 4
267 362 2
267 751 2
267 658 1
267 478 5
270 923 1
270 654 1
272 662 1
273 890 1
274 920 1
275 849 3
277 546 1
278 923 1
280 530 5
280 915 1
280 629 2
280 281 1
284 680 2
284 731 3
285 577 1
288 484 4
288 773 4
288 391 6
288 846 8
288 530 1
288 629 4
293 547 1
293 724 2
293 568 4
293 697 3
293 410 1
294 416 1
294 974 1
294 782 3
299 388 1
299 509 2
301 978 3
302 316 2
304 441 1
306 400 1
306 720 1
306 771 3
310 343 1
311 697 1
311 987 10
312 333 1
314 929 2
316 772 2
316 647 2
316 392 13
316 530 1
316 915 9
316 923 2
316 543 4
316 678 1
316 428 8
316 952 3
316 953 3
316 962 1
316 651 2
316 776 2
316 971 4
316 397 2
316 696 2
316 978 3
316 344 3
316 857 7
316 349 2
316 990 3
316 868 2
316 872 1
316 787 2
316 888 2
316 892 2
317 771 4
319 386 1
319 458 1
319 723 2
319 956 1
321 704 2
321 499 6
321 844 1
322 343 1
322 534 2
322 879 1
323 474 1
323 603 2
323 906 1
323 622 1
324 633 1
327 897 1
327 644 1
327 745 1
327 650 1
327 654 1
327 849 1
327 702 4
327 1001 1
327 921 1
327 381 4
327 414 1
329 624 2
329 738 1
329 819 4
329 427 4
332 435 2
332 500 3
333 409 1
333 538 1
333 929 1
333 693 1
333 569 1
333 710 1
333 976 1
333 980 1
333 470 1
333 599 1
333 605 1
333 862 1
333 502 3
333 767 2
334 609 2
334 997 1
334 742 3
334 807 2
334 696 10
334 923 1
335 464 3
335 790 1
335 985 1
335 890 1
336 926 1
337 505 5
337 854 1
338 987 10
338 540 1
343 740 1
343 879 3
343 368 2
343 663 2
343 399 1
347 933 1
347 748 1
347 472 2
349 888 2
349 428 1
349 976 1
349 558 1
353 391 3
355 577 1
355 686 1
356 416 2
356 868 1
356 790 2
356 730 1
356 782 1
356 765 6
356 912 7
356 948 1
356 854 2
356 472 1
356 602 2
360 530 2
361 987 10
362 993 1
362 771 4
362 868 2
362 870 1
362 909 1
362 662 1
362 383 4
362 671 1
364 582 2
365 718 1
366 972 1
367 923 4
369 513 2
369 485 5
369 646 2
369 551 1
369 913 4
369 444 2
372 558 1
373 391 5
377 422 1
377 423 6
377 457 2
377 718 1
378 514 1
379 568 2
379 662 1
381 532 1
381 670 1
383 528 1
383 807 1
383 909 1
383 720 1
383 922 1
383 589 2
387 978 1
388 534 1
390 771 2
391 484 3
391 530 1
391 891 2
392 674 4
399 943 1
399 663 1
399 950 1
401 429 3
401 454 5
401 415 6
402 788 1
405 628 1
407 754 1
409 580 1
410 777 1
410 650 1
410 924 1
410 541 1
410 929 1
410 696 3
410 433 1
410 951 1
410 832 1
410 837 1
410 994 1
410 977 1
410 482 1
410 1001 1
410 767 1
411 418 2
414 530 2
414 891 2
415 997 1
416 707 1
416 790 1
416 782 3
416 912 4
416 854 3
416 765 2
418 996 36
418 977 28
420 879 1
420 559 7
421 424 6
421 978 2
421 795 3
422 680 7
422 731 6
422 846 1
423 977 4
423 849 4
424 547 1
424 614 1
424 552 1
424 957 1
424 978 2
424 851 1
424 469 1
424 954 1
424 795 4
424 989 1
424 990 1
425 912 4
425 946 3
425 472 1
425 765 2
428 802 3
428 915 4
428 857 4
429 454 3
432 987 10
433 696 3
433 987 14
433 540 2
435 648 1
435 782 1
435 500 1
435 923 3
438 819 20
438 627 4
439 912 2
439 885 3
440 737 2
443 662 2
443 530 1
443 915 1
443 920 1
444 535 1
445 530 1
450 609 1
450 712 1
450 530 1
450 915 2
450 695 1
450 920 1
450 595 1
451 978 1
458 704 2
458 1000 1
458 558 2
458 499 1
458 956 1
465 956 1
465 812 1
466 947 1
466 662 1
469 978 5
471 997 1
471 807 1
471 840 1
472 912 4
472 885 1
474 939 1
476 923 3
479 904 1
480 987 13
482 531 1
482 987 10
484 530 1
484 630 2
485 646 1
493 530 1
499 833 1
499 558 2
499 607 2
500 814 11
500 687 2
502 976 5
502 693 1
502 951 3
502 538 2
502 669 3
502 862 2
506 644 2
506 1001 1
506 980 1
506 745 1
506 923 1
506 924 7
506 654 1
510 534 1
510 622 2
512 978 1
513 646 1
514 832 1
514 1001 1
514 780 1
514 977 2
514 950 2
516 532 1
516 654 1
517 962 1
517 803 1
517 746 2
517 718 1
517 915 2
517 565 1
517 854 1
517 952 2
518 535 2
518 854 6
518 646 1
518 895 4
526 530 2
527 720 2
527 870 4
527 710 11
528 923 1
528 685 3
530 656 1
530 920 2
530 658 2
530 915 5
530 662 1
530 685 2
530 561 1
530 838 3
530 846 1
530 851 1
530 857 1
530 731 1
530 988 1
530 750 1
530 629 1
530 630 3
530 631 1
530 891 12
531 987 10
532 1001 1
532 654 1
532 804 3
532 761 1
534 633 1
535 772 2
535 722 1
538 951 1
540 994 10
540 955 1
540 840 3
540 873 1
540 874 1
540 855 1
540 697 3
540 987 10
542 646 1
542 746 2
542 923 3
543 891 2
543 654 1
543 971 1
544 741 1
544 563 1
544 669 5
546 704 2
546 844 3
546 923 1
547 585 2
547 978 4
548 879 1
549 866 2
550 704 2
550 746 1
550 923 1
551 963 2
551 646 1
551 799 1
552 978 3
558 704 3
558 684 2
558 956 2
559 622 9
563 731 2
563 741 1
568 947 2
568 695 2
569 654 1
573 974 1
575 912 1
576 923 1
576 654 1
580 582 1
580 710 2
581 855 10
581 628 3
581 942 1
582 994 1
582 987 11
582 923 3
584 680 2
584 731 1
585 909 3
586 915 1
586 854 1
587 776 1
587 617 1
589 720 4
591 923 1
591 915 1
592 923 1
594 771 1
595 934 1
595 718 4
595 915 4
599 929 3
599 693 4
599 605 1
601 962 1
603 735 2
605 1001 1
605 951 1
605 685 6
605 789 4
607 617 1
607 687 1
607 696 21
607 923 1
609 707 2
609 772 1
609 807 2
609 923 4
614 978 3
614 772 5
617 923 2
622 676 10
624 764 1
629 654 1
630 685 6
630 920 2
630 891 4
633 707 1
633 997 1
633 807 1
633 654 1
633 923 3
641 987 10
648 912 2
648 949 1
649 832 2
650 654 1
654 896 1
654 901 1
654 783 2
654 657 1
654 921 1
654 923 1
654 924 1
654 909 2
654 682 7
654 945 1
654 828 1
654 837 1
654 719 1
654 850 1
654 979 1
654 858 1
654 991 1
654 738 2
654 749 1
656 920 2
656 915 1
657 921 1
657 996 3
659 863 2
662 915 2
662 920 2
668 720 5
668 746 8
668 813 5
668 935 4
669 739 2
669 951 2
671 696 3
671 995 1
672 844 2
680 707 5
680 880 2
680 731 5
683 997 1
684 704 2
684 1000 1
684 915 2
685 838 2
685 1001 3
686 926 1
686 935 1
687 776 1
687 746 1
687 915 1
687 923 2
692 746 1
696 834 3
696 742 1
696 935 1
696 775 3
696 851 2
697 771 2
697 873 1
697 855 2
697 925 2
698 987 10
700 812 4
700 790 2
700 895 1
703 771 2
704 743 7
707 951 2
707 923 4
710 929 3
713 1003 1
715 926 2
716 718 1
718 843 1
718 883 1
718 951 2
718 923 1
718 754 2
719 738 2
720 833 1
720 771 3
720 870 1
720 935 7
720 746 6
720 813 5
720 942 1
721 765 9
723 758 2
730 912 2
731 739 3
731 915 3
731 920 1
735 879 1
738 745 1
738 951 1
739 746 1
740 788 2
740 879 1
742 771 1
742 935 1
742 813 1
742 915 1
742 951 1
743 854 2
745 837 1
746 935 18
746 813 13
752 762 1
752 946 1
752 997 1
758 956 5
758 918 1
762 984 1
764 840 1
764 994 3
764 987 10
764 874 1
765 942 1
765 790 3
765 868 1
767 929 3
771 870 1
771 863 1
772 997 1
772 883 1
772 915 2
772 870 1
772 857 2
772 923 11
774 947 124
775 854 1
779 843 1
780 977 1
783 1001 1
783 850 1
789 987 10
790 812 1
790 881 2
790 885 2
795 978 1
796 987 10
799 895 3
807 951 1
807 890 1
809 987 10
809 951 1
810 881 1
813 900 1
813 935 2
817 978 1
828 881 1
832 976 1
833 997 1
838 857 1
840 873 1
840 874 1
840 987 10
841 931 1
844 918 2
849 987 11
850 881 1
850 923 1
850 924 1
851 978 6
851 920 1
851 915 3
857 952 2
857 915 3
857 951 2
857 920 1
858 991 3
868 974 4
872 987 14
873 874 1
873 987 10
874 925 3
875 923 3
880 923 5
880 997 1
881 928 1
883 951 8
888 990 1
890 962 3
890 923 8
890 997 1
910 923 1
912 946 1
912 949 2
912 984 3
912 923 3
915 920 3
915 923 2
915 952 1
915 988 3
919 1000 1
920 988 1
923 951 6
925 987 10
926 951 2
936 942 1
950 977 1
951 997 1
954 978 3
955 962 1
955 987 12
957 978 2
974 984 1
977 1004 4
978 988 2
987 994 12
