0
1
2
3
4
5
6
7
8
9
10
11
12
13
14
15
16
17
18
19
20
21
22
23
24
25
26
27
28
29
30
31
32
33
34
35
36
37
38
39
40
41
42
43
44
45
46
47
48
49
50
51
52
53
54
55
56
57
58
59
60
61
62
63
64
65
66
67
68
69
70
71
72
73
74
75
76
77
78
79
80
81
82
83
84
85
86
87
88
89
90
91
92
93
94
95
96
97
98
99
100
101
102
103
104
105
106
107
108
109
110
111
112
113
114
115
116
117
118
119
120
121
122
123
124
125
126
127
128
129
130
131
132
133
134
135
136
137
138
139
141
142
143
144
145
146
147
148
149
150
151
152
153
154
155
157
158
159
160
161
162
163
164
165
166
167
168
169
170
171
172
173
174
175
176
177
178
179
180
181
182
183
184
185
186
187
188
189
190
191
192
193
194
195
196
197
198
199
200
201
202
203
204
205
206
207
208
209
210
211
212
213
214
215
216
217
218
219
220
221
222
223
224
225
226
227
228
229
230
231
232
233
235
236
237
238
239
240
241
242
243
244
245
246
247
248
249
250
251
252
253
254
255
256
257
259
260
262
263
264
265
266
267
268
269
270
271
272
273
274
275
276
277
278
279
280
281
282
283
284
285
286
287
288
289
290
291
292
293
294
295
296
297
299
300
301
302
303
304
305
306
307
308
309
310
311
312
313
314
315
316
317
318
319
320
321
322
323
324
325
326
327
328
329
330
331
332
333
334
335
336
337
338
339
340
341
343
344
345
346
347
348
349
350
351
352
353
355
356
357
358
359
360
361
362
364
365
366
367
368
369
370
371
372
373
374
375
376
377
378
379
380
381
382
383
384
385
386
387
388
389
390
391
392
393
394
395
396
397
398
399
400
401
402
403
404
405
406
407
408
409
410
411
412
413
414
415
416
418
419
420
421
422
423
424
425
426
427
428
429
430
431
432
433
434
435
436
437
438
439
440
441
442
443
444
445
446
447
448
449
450
451
452
453
454
455
456
457
458
459
460
461
462
464
465
466
467
468
469
470
471
472
473
474
475
476
477
478
479
480
481
482
483
484
485
486
487
488
489
490
491
492
493
495
496
497
498
499
500
501
502
503
504
505
506
507
508
509
510
511
512
513
514
515
516
517
518
519
520
521
522
523
524
525
526
527
528
530
531
532
533
534
535
536
537
538
539
540
541
542
543
544
545
546
547
548
549
550
551
552
553
554
556
557
558
559
560
561
562
563
564
565
566
567
568
569
570
571
572
573
574
575
576
577
578
579
580
581
582
583
584
585
586
587
588
589
590
591
592
593
594
595
596
597
598
599
600
601
602
603
604
605
606
607
609
610
611
612
613
614
615
616
617
618
619
621
622
623
624
625
626
627
628
629
630
631
632
633
634
635
636
637
638
639
640
641
642
643
644
645
646
647
648
649
650
651
652
653
654
655
656
657
658
659
660
661
662
663
664
665
666
667
668
669
670
671
672
673
674
675
676
677
678
679
680
681
682
683
684
685
686
687
688
689
690
691
692
693
694
695
696
697
698
699
700
701
702
703
704
705
706
707
708
709
710
711
712
713
714
715
716
717
718
719
720
721
722
723
724
725
726
727
728
729
730
731
732
733
734
735
736
737
738
739
740
741
742
743
744
745
746
747
748
749
750
751
752
753
754
756
757
758
759
760
761
762
763
764
765
767
768
769
770
771
772
773
774
775
776
777
778
779
780
781
782
783
784
785
786
787
788
789
790
791
792
793
794
795
796
797
798
799
800
801
802
803
804
805
806
807
808
809
810
811
812
813
814
815
816
817
818
819
820
821
822
823
824
825
826
827
828
829
830
831
832
833
834
835
836
837
838
839
840
841
842
843
844
845
846
847
848
849
850
851
852
853
854
855
856
857
858
859
860
861
862
863
864
865
866
867
868
869
870
871
872
873
874
875
876
877
878
879
880
881
882
883
884
885
886
887
888
889
890
891
892
893
894
895
896
897
898
899
900
901
902
903
904
905
906
907
908
909
910
911
912
913
914
915
916
917
918
919
920
921
922
923
924
925
926
927
928
929
930
931
932
933
934
935
936
937
938
939
940
941
942
943
944
945
946
947
948
949
950
951
952
953
954
955
956
957
958
960
961
962
963
964
965
966
967
968
969
970
971
972
973
974
975
976
977
978
979
980
981
982
983
984
985
986
987
988
989
990
991
992
993
994
995
996
997
998
999
1000
1001
1002
1003
1004
0 929 2
0 178 2
2 231 1
2 782 1
2 478 1
2 790 4
2 119 1
2 891 2
2 700 2
2 638 2
3 988 1
3 782 1
4 848 1
4 441 1
5 506 1
5 231 2
5 605 1
5 118 1
5 29 1
6 178 2
6 506 1
6 29 1
8 544 3
8 746 1
13 738 3
13 783 1
13 951 1
14 738 1
14 611 3
14 924 4
14 410 1
14 702 1
15 680 2
15 731 10
15 422 3
16 777 1
16 410 2
16 19 1
16 718 3
17 857 1
17 316 1
17 806 4
19 333 1
21 353 1
24 782 2
24 530 1
24 629 5
24 630 3
24 280 6
24 891 10
24 31 3
25 558 1
28 840 1
28 987 6
29 192 2
29 921 1
29 506 4
29 381 4
30 356 2
30 743 2
30 362 1
30 948 1
30 790 4
30 765 3
31 165 8
31 806 4
31 316 1
31 428 2
31 410 1
31 92 1
31 990 4
32 840 1
32 921 2
32 580 2
32 280 1
35 280 2
35 978 8
35 988 1
35 207 2
38 912 1
39 923 1
40 367 1
41 704 1
41 1000 2
41 73 4
41 458 1
41 723 10
41 565 1
41 758 6
41 503 1
41 956 1
42 649 1
42 139 1
45 66 1
48 1000 1
48 73 2
48 704 2
48 565 1
50 559 16
52 912 1
52 868 3
53 609 1
53 684 1
53 687 1
53 214 1
53 633 2
53 890 1
53 923 3
55 934 1
56 840 1
56 410 1
56 987 9
56 994 3
58 909 4
60 187 1
61 674 1
61 356 2
61 517 2
61 742 3
61 840 1
61 969 1
61 586 3
61 522 1
61 716 1
61 718 14
61 114 1
61 851 1
61 340 1
61 89 1
61 281 1
61 90 1
61 915 1
61 157 1
61 991 5
62 800 2
62 485 8
62 646 13
62 113 5
62 214 1
62 571 6
62 542 3
64 139 1
65 193 1
65 367 1
65 752 1
65 851 1
65 120 1
65 687 1
67 963 6
67 165 2
67 391 1
67 846 2
67 207 2
67 344 1
68 987 6
69 735 1
69 879 2
70 832 1
70 322 6
70 214 1
70 334 1
70 367 1
70 752 1
70 534 1
71 595 2
73 1000 1
73 558 1
73 499 1
73 723 2
74 912 1
74 166 7
74 168 1
74 586 1
74 112 7
74 392 2
74 435 1
74 984 1
75 995 1
75 772 7
75 550 3
75 870 1
75 334 2
75 850 1
75 220 2
75 607 1
76 609 1
76 764 2
77 168 3
77 912 1
77 790 2
77 439 1
78 178 1
78 502 2
78 878 1
78 410 1
82 784 1
82 937 1
82 870 1
82 697 1
83 784 3
83 769 1
86 152 3
86 443 4
86 662 3
89 752 2
89 718 3
89 415 2
90 107 1
90 775 1
90 267 1
90 499 1
90 784 2
90 915 1
90 280 1
90 923 2
90 428 1
90 813 1
90 435 1
90 565 2
90 316 2
90 200 1
90 841 5
90 718 2
90 464 1
90 987 1
90 609 1
90 356 8
90 997 1
90 746 1
90 235 1
90 573 2
90 624 1
90 883 3
90 629 1
90 890 1
90 765 4
92 428 1
92 316 1
92 806 4
95 987 6
95 231 1
96 299 1
96 420 4
98 707 7
98 454 2
98 134 7
98 713 3
98 107 8
98 268 7
98 429 4
98 401 8
98 117 7
98 278 6
99 178 3
99 710 2
99 862 2
101 246 3
101 423 1
104 425 9
104 356 1
104 765 2
105 418 2
105 374 5
106 740 4
107 899 1
107 327 1
107 810 1
107 367 1
107 980 1
107 381 3
109 232 2
109 356 2
109 133 3
111 946 1
111 294 1
112 674 7
112 356 2
112 166 3
112 1000 2
112 392 2
113 854 1
113 646 1
114 169 4
114 122 1
118 335 1
119 812 2
119 700 1
120 772 12
120 198 2
120 518 1
120 454 1
120 550 1
120 752 6
120 742 2
120 978 1
120 435 2
120 948 7
120 196 3
120 923 2
120 188 1
120 190 4
120 191 1
122 980 7
122 924 2
125 832 1
125 323 1
125 676 1
125 139 1
125 622 1
125 206 1
125 510 1
126 356 2
126 294 2
126 721 1
126 648 1
126 586 2
126 528 3
126 168 8
126 790 4
126 984 4
126 765 2
127 866 3
127 595 1
127 718 2
127 367 1
130 502 1
133 521 2
133 602 1
133 765 1
134 196 1
134 738 2
136 200 1
136 428 2
136 915 1
136 316 2
136 806 4
139 832 4
139 534 1
139 154 1
139 346 1
139 676 1
139 939 1
139 309 1
139 951 1
139 322 1
139 323 2
139 206 1
139 601 1
139 474 1
139 477 1
139 487 1
139 622 1
139 376 1
139 634 1
139 510 1
141 280 1
141 978 7
142 806 4
142 267 6
142 428 3
142 915 2
142 280 2
142 857 8
142 891 1
142 316 2
142 351 1
143 544 4
143 658 1
143 580 1
144 544 1
147 416 5
147 355 1
147 933 1
147 367 2
147 150 1
147 471 1
147 347 1
147 157 1
150 752 1
150 415 1
150 471 2
150 191 1
151 890 1
151 923 2
151 253 5
151 566 1
152 443 11
153 977 2
153 418 1
153 891 1
153 996 2
153 1001 1
154 1001 2
155 784 1
157 356 7
157 517 3
157 586 7
157 684 5
157 590 1
157 535 3
157 472 3
157 542 3
159 923 1
159 214 1
160 571 6
160 507 1
160 550 3
160 585 1
160 782 1
160 629 9
160 280 1
160 891 3
161 586 1
161 571 2
161 900 1
161 951 2
164 402 1
164 638 9
164 879 1
165 806 4
165 401 5
165 344 1
165 857 2
165 316 1
165 990 2
166 674 4
166 392 3
166 435 1
166 984 1
166 586 4
167 978 7
167 988 1
168 356 11
168 232 3
168 425 4
168 266 9
168 332 3
168 912 27
168 744 4
168 984 1
168 949 4
168 790 8
168 439 2
168 472 18
168 730 2
168 556 1
169 484 1
169 387 1
169 404 1
170 840 2
170 697 2
170 332 1
170 855 3
173 506 2
173 738 1
175 849 4
175 275 1
178 409 1
178 538 1
178 929 4
178 295 1
178 990 1
178 693 1
178 951 1
178 569 1
178 314 2
178 962 1
178 710 3
178 333 1
178 976 1
178 339 1
178 470 3
178 599 1
178 605 44
178 862 39
178 991 1
178 228 1
178 367 5
178 502 8
178 249 5
178 383 1
178 767 3
181 920 1
181 537 1
181 190 5
184 779 1
184 883 1
185 231 1
187 450 1
187 695 1
188 280 1
188 978 9
188 851 1
188 988 2
189 585 1
189 410 3
189 732 1
189 749 3
189 718 4
190 353 5
190 772 2
190 614 1
190 486 4
190 367 5
190 656 5
190 920 2
190 274 6
190 373 6
190 214 5
191 752 1
191 326 1
192 506 1
192 644 2
192 381 2
192 327 1
193 923 1
193 214 1
193 633 1
196 997 1
197 923 4
199 996 1
199 506 1
199 850 1
199 644 3
199 738 1
200 806 5
200 971 1
200 428 3
200 344 3
200 915 3
200 341 1
200 952 8
200 316 1
200 543 1
207 547 1
207 484 2
207 424 3
207 978 7
207 373 3
207 953 1
207 795 4
207 988 2
207 990 3
214 230 2
214 388 1
214 517 1
214 267 1
214 912 4
214 920 1
214 923 1
214 544 2
214 425 3
214 948 2
214 951 1
214 316 3
214 703 1
214 334 4
214 851 3
214 356 2
214 614 1
214 742 1
214 367 1
214 595 1
214 500 5
214 629 1
214 891 4
214 765 3
216 321 2
216 558 3
220 425 2
220 609 1
220 471 2
220 367 1
224 349 1
224 806 1
226 440 3
226 643 1
228 362 2
229 483 1
229 293 1
229 782 1
231 994 1
231 264 2
231 873 1
231 874 2
231 738 6
231 245 3
231 698 2
231 987 6
231 540 2
231 541 1
232 356 1
232 425 3
232 912 2
232 744 3
232 946 4
232 984 2
232 472 11
232 313 1
233 746 1
233 835 1
233 692 6
233 923 2
233 935 4
235 923 2
235 454 1
239 609 1
239 634 1
239 923 1
239 243 4
239 951 4
241 280 1
242 865 1
245 994 1
245 764 1
245 874 2
245 698 2
245 987 6
245 540 3
246 293 1
246 724 4
246 423 5
249 929 1
250 518 2
250 356 1
250 886 4
250 662 1
250 749 2
251 840 1
251 987 6
253 290 1
253 566 1
256 356 1
260 425 1
264 329 2
264 692 1
264 764 1
266 356 2
266 912 4
266 949 1
266 790 9
266 439 1
267 392 1
267 586 3
267 751 1
267 648 1
267 435 4
267 948 1
267 629 1
267 790 4
267 891 9
267 478 4
267 517 1
268 633 2
270 738 1
272 900 1
272 662 1
273 951 1
274 920 1
274 656 1
274 951 2
275 849 6
277 571 5
278 923 1
280 902 2
280 391 1
280 526 2
280 301 1
280 656 1
280 920 2
280 658 2
280 915 2
280 281 1
280 288 1
280 547 3
280 421 1
280 422 1
280 647 1
280 685 1
280 561 2
280 530 7
280 953 1
280 445 1
280 373 1
280 846 3
280 978 2
280 851 3
280 990 1
280 293 1
280 739 1
280 484 1
280 360 2
280 493 1
280 750 1
280 629 10
280 630 1
280 631 2
280 891 3
280 469 1
281 905 6
284 731 4
284 951 1
285 336 1
285 700 1
288 610 6
288 484 8
288 391 11
288 846 12
288 750 3
288 629 16
288 891 2
289 506 1
290 923 1
292 818 1
293 547 2
293 934 4
293 724 2
293 693 1
293 568 3
293 697 4
294 586 12
294 435 1
294 762 1
299 788 2
300 784 1
301 547 1
301 978 7
301 851 1
301 988 1
302 316 2
302 428 2
302 806 4
304 441 2
304 317 1
306 769 2
306 772 2
306 742 2
306 784 1
306 951 1
306 703 1
306 863 1
310 337 1
310 477 1
311 987 7
311 955 1
311 925 1
313 356 18
313 912 2
313 946 7
313 948 1
313 885 2
313 730 4
314 929 3
316 647 2
316 915 8
316 543 1
316 806 8
316 428 4
316 952 1
316 953 1
316 838 1
316 971 1
316 857 4
316 990 1
316 351 1
316 367 3
318 332 1
318 618 1
318 684 3
318 326 1
319 458 1
319 558 1
321 499 1
322 334 1
322 638 2
322 343 2
324 585 1
324 919 1
324 367 1
326 752 1
326 586 1
327 738 1
327 381 4
329 624 2
329 819 1
332 356 1
332 782 2
332 435 3
332 500 10
333 605 1
333 767 3
334 995 7
334 772 4
334 423 2
334 617 1
334 586 2
334 687 3
334 915 3
334 500 1
334 534 4
334 474 1
334 923 1
334 700 1
334 746 3
335 440 3
335 980 1
337 505 6
337 638 1
337 919 1
338 840 1
338 624 1
338 987 6
338 951 1
341 739 1
341 915 2
343 399 4
343 663 3
344 373 1
344 806 1
349 976 1
349 428 1
349 806 1
351 428 1
351 782 3
353 891 2
353 391 2
355 933 1
356 517 4
356 648 1
356 912 22
356 535 2
356 542 3
356 602 1
356 425 18
356 684 3
356 946 2
356 948 6
356 439 1
356 949 1
356 730 13
356 586 4
356 472 32
356 528 1
356 868 2
356 743 3
356 502 1
356 765 6
360 891 4
360 629 6
360 445 2
361 840 1
361 987 6
362 716 1
362 909 1
362 784 1
362 383 8
364 764 1
367 923 1
367 927 1
367 544 1
367 940 1
367 557 1
367 946 2
367 435 1
367 566 1
367 696 1
367 569 1
367 703 1
367 963 1
367 713 1
367 720 1
367 978 1
367 851 2
367 987 2
367 865 1
367 868 1
367 997 1
367 614 1
367 850 1
367 499 1
367 629 3
369 913 1
369 646 1
369 535 3
372 951 2
373 486 1
373 391 7
374 400 2
374 742 7
376 832 2
376 919 1
377 393 4
377 422 2
377 630 4
378 514 4
379 568 1
381 658 2
381 980 3
381 702 4
381 532 1
381 670 1
383 547 1
383 742 3
383 528 1
383 530 2
383 918 1
383 887 1
383 952 3
383 586 2
387 988 1
388 742 1
388 638 1
388 919 1
390 784 8
391 484 5
391 750 3
391 891 2
392 674 4
394 571 8
400 769 2
401 429 10
401 454 10
401 415 6
402 788 1
404 595 3
407 843 1
408 915 1
409 599 2
410 719 1
414 891 14
414 995 4
415 833 2
415 811 2
415 454 1
415 587 2
415 429 2
415 720 2
415 946 3
415 595 2
416 425 4
416 435 2
416 948 3
416 790 1
418 996 10
420 559 5
420 879 1
421 424 8
421 978 7
421 795 3
421 988 2
422 731 4
423 832 1
423 710 1
423 1004 4
423 591 1
423 849 2
423 718 1
423 441 1
424 552 1
424 978 7
424 795 5
424 988 1
424 990 2
425 744 1
425 912 11
425 946 2
425 948 6
425 765 2
425 868 1
427 955 1
428 838 1
428 806 18
428 952 12
428 915 13
428 888 1
428 857 3
428 990 2
429 454 10
433 840 1
433 872 1
433 994 5
433 987 9
433 796 1
434 956 2
435 586 10
435 782 1
435 573 2
435 948 2
435 984 1
435 500 2
437 738 1
440 537 6
443 962 1
443 662 2
443 703 1
444 535 3
445 891 5
445 750 2
450 571 14
450 802 1
450 915 4
450 695 1
454 609 1
454 1003 2
454 772 3
458 704 1
458 1000 2
458 618 1
458 684 1
458 790 1
458 956 2
464 980 2
465 812 1
465 700 1
466 662 1
469 978 7
469 988 1
469 630 2
470 569 1
470 789 4
470 550 2
471 840 1
472 517 1
472 586 3
472 684 2
472 744 2
472 912 9
472 946 9
472 502 1
472 535 1
472 765 2
472 542 2
474 939 1
474 591 1
476 923 1
480 506 3
480 987 6
482 569 1
482 987 6
482 990 1
484 750 4
484 530 1
484 629 5
484 630 4
484 891 2
486 656 1
493 891 2
493 629 5
499 704 1
499 684 1
500 586 3
500 814 3
500 687 4
500 923 1
502 710 3
502 586 1
502 684 1
502 591 1
502 976 2
502 724 1
502 687 1
502 542 1
503 1000 2
503 723 1
503 704 1
503 758 5
506 644 5
506 1001 6
506 783 1
506 921 3
506 724 2
506 702 1
506 745 1
506 996 4
506 828 1
506 541 1
506 738 2
507 629 1
507 782 1
509 969 1
512 978 7
513 646 1
514 832 4
514 1001 4
514 780 4
514 977 4
514 950 4
514 638 2
516 738 1
517 586 2
517 684 1
517 542 1
518 646 1
518 535 4
518 752 2
518 823 1
518 542 4
518 799 1
522 732 2
526 891 2
526 629 5
527 720 6
527 870 2
527 710 2
528 969 1
528 638 1
528 663 3
528 765 1
530 571 10
530 550 1
530 658 2
530 629 15
530 891 11
531 987 6
532 738 1
534 939 1
534 571 1
534 638 3
535 913 2
535 586 2
535 684 1
535 948 1
535 823 1
535 542 1
540 641 1
540 994 1
540 840 1
540 873 1
540 874 2
540 749 3
540 624 2
540 698 2
540 987 6
540 830 3
541 738 8
541 921 2
541 923 1
541 828 1
542 646 8
542 586 3
542 823 2
542 684 2
542 765 1
542 571 1
543 806 4
544 739 2
544 580 1
544 563 2
544 791 2
544 669 4
546 550 1
547 978 7
547 851 1
547 988 1
550 743 1
550 558 2
551 799 1
552 614 5
552 978 7
552 951 1
552 858 1
552 988 1
553 670 1
558 1000 1
558 684 1
558 723 1
559 622 1
561 891 2
561 629 5
565 704 1
565 956 1
568 585 2
571 900 9
571 742 9
571 870 3
571 935 6
571 776 5
571 684 13
571 813 25
571 910 2
571 663 3
571 731 4
571 885 4
572 746 4
572 731 1
572 662 2
573 586 2
575 912 1
576 738 1
580 669 1
581 628 3
581 742 5
581 855 4
582 840 1
582 987 6
584 680 1
584 731 4
585 849 2
586 940 1
586 782 1
586 984 9
586 923 1
586 684 3
586 687 2
586 974 3
586 617 1
586 885 8
586 762 3
586 765 1
591 663 1
595 934 1
597 738 1
599 693 1
599 710 2
599 767 1
601 676 1
601 919 5
602 765 2
602 743 2
605 670 1
609 772 6
609 951 3
609 633 1
609 923 1
611 921 1
611 738 1
614 978 7
614 851 1
614 951 1
614 988 1
617 923 4
617 742 1
618 704 1
622 832 1
622 788 1
624 935 1
624 840 2
624 692 1
624 792 1
629 782 2
629 658 5
629 685 5
629 846 5
629 891 12
629 750 6
629 752 1
629 630 7
629 631 5
630 952 2
630 951 2
630 954 3
630 891 3
631 891 2
633 772 3
633 923 1
634 832 1
634 788 3
638 832 1
638 790 4
638 700 2
638 862 1
641 987 6
643 685 2
644 738 1
644 996 2
644 783 2
644 924 2
647 806 3
649 663 1
650 738 1
650 828 1
650 850 2
650 686 2
654 738 1
654 837 1
654 991 8
656 782 2
657 921 1
657 738 1
658 891 2
659 742 3
660 951 1
663 950 1
667 988 1
668 720 3
668 952 1
668 746 3
671 995 1
679 918 1
680 731 2
680 707 2
682 738 1
684 844 3
684 765 1
685 891 2
687 772 7
687 812 1
687 923 3
692 935 3
692 746 3
692 749 1
695 802 1
696 891 1
696 935 1
697 925 3
697 855 9
698 764 2
698 840 2
698 873 2
698 987 7
699 912 1
700 812 2
700 790 1
702 738 1
702 924 3
703 835 1
703 784 1
704 743 3
706 951 2
707 880 2
707 923 2
707 951 1
710 849 2
711 866 1
711 718 2
716 890 1
716 866 3
718 779 1
718 754 2
718 883 1
718 724 1
718 732 2
719 738 3
720 935 17
720 746 6
720 813 5
720 855 1
721 908 8
721 948 3
721 765 5
723 1000 1
723 758 4
724 1004 10
724 796 1
730 912 5
730 868 3
731 746 1
731 951 1
736 764 1
738 783 6
738 921 4
738 923 17
738 924 1
738 945 1
738 828 2
738 837 2
738 850 1
738 979 1
738 996 1
738 1001 1
738 881 1
738 745 2
738 761 2
739 920 2
739 915 1
740 912 1
740 879 1
742 863 1
742 900 1
742 746 1
742 784 1
743 948 1
744 912 4
744 946 5
746 900 1
746 935 19
746 775 1
746 813 12
746 915 1
750 891 2
751 854 1
752 833 1
752 948 1
754 779 2
758 844 2
758 918 2
758 956 4
761 804 1
762 984 1
764 994 2
764 874 2
764 987 6
765 912 2
765 908 1
765 948 1
769 784 1
769 771 1
769 914 1
772 934 2
772 923 1
775 891 1
782 838 1
782 806 5
782 948 1
782 988 5
783 995 1
784 901 1
784 863 1
789 987 6
790 868 3
790 812 3
790 956 5
795 978 7
795 988 1
796 987 7
798 951 1
799 895 2
803 948 1
806 915 7
806 952 8
806 953 4
806 838 3
806 971 4
806 857 5
806 990 4
806 888 1
809 840 1
809 987 7
810 881 1
811 833 1
817 978 7
819 873 3
823 913 1
823 890 1
840 955 1
840 874 2
840 873 1
840 987 6
844 918 1
846 891 2
849 987 6
850 996 2
850 881 1
850 924 2
851 988 1
851 978 13
854 948 2
857 915 12
857 951 2
858 951 1
862 909 1
865 891 1
868 912 2
872 987 6
873 874 3
873 987 6
873 925 2
874 925 1
875 923 1
876 980 1
880 923 2
890 962 8
890 997 1
890 923 7
891 915 5
891 995 5
912 949 11
912 948 2
915 953 5
915 952 3
919 1000 7
923 951 2
925 955 2
925 987 3
946 962 1
946 948 1
954 978 7
954 988 1
955 987 7
957 978 7
974 984 1
977 996 1
978 988 8
987 994 7
