0
1
2
3
4
5
6
7
8
9
10
11
12
13
14
15
16
17
18
19
20
21
22
23
24
25
26
27
28
29
30
31
32
33
34
35
36
37
38
39
40
41
42
43
44
45
46
47
48
49
50
51
52
53
54
55
56
57
58
59
60
61
62
63
64
65
66
67
68
69
70
71
72
73
74
75
76
77
78
79
80
81
82
83
84
85
86
87
88
89
90
91
92
93
94
95
96
97
98
99
100
101
102
103
104
105
106
107
108
109
110
111
112
113
114
115
116
117
118
119
120
121
122
123
124
125
126
127
128
129
130
131
132
133
134
135
136
137
138
139
141
142
143
144
145
146
147
148
149
150
151
152
153
154
155
157
158
159
160
161
162
163
164
165
166
167
168
169
170
171
172
173
174
175
176
177
178
179
180
181
182
183
184
185
186
187
188
189
190
191
192
193
194
195
196
197
198
199
200
201
202
203
204
205
206
207
208
209
210
211
212
213
214
215
216
217
218
219
220
221
222
223
224
225
226
227
228
229
230
231
232
233
235
236
237
238
239
240
241
242
243
244
245
246
247
248
249
250
251
252
253
254
255
256
257
259
260
262
263
264
265
266
267
268
269
270
271
272
273
274
275
276
277
278
279
280
281
282
283
284
285
286
287
288
289
290
291
292
293
294
295
296
297
299
300
301
302
303
304
305
306
307
308
309
310
311
312
313
314
315
316
317
318
319
320
321
322
323
324
325
326
327
328
329
330
331
332
333
334
335
336
337
338
339
340
341
343
344
345
346
347
348
349
350
351
352
353
355
356
357
358
359
360
361
362
364
365
366
367
368
369
370
371
372
373
374
375
376
377
378
379
380
381
382
383
384
385
386
387
388
389
390
391
392
393
394
395
396
397
398
399
400
401
402
403
404
405
406
407
408
409
410
411
412
413
414
415
416
418
419
420
421
422
423
424
425
426
427
428
429
430
431
432
433
434
435
436
437
438
439
440
441
442
443
444
445
446
447
448
449
450
451
452
453
454
455
456
457
458
459
460
461
462
464
465
466
467
468
469
470
471
472
473
474
475
476
477
478
479
480
481
482
483
484
485
486
487
488
489
490
491
492
493
495
496
497
498
499
500
501
502
503
504
505
506
507
508
509
510
511
512
513
514
515
516
517
518
519
520
521
522
523
524
525
526
527
528
530
531
532
533
534
535
536
537
538
539
540
541
542
543
544
545
546
547
548
549
550
551
552
553
554
556
557
558
559
560
561
562
563
564
565
566
567
568
569
570
571
572
573
574
575
576
577
578
579
580
581
582
583
584
585
586
587
588
589
590
591
592
593
594
595
596
597
598
599
600
601
602
603
604
605
606
607
609
610
611
612
613
614
615
616
617
618
619
621
622
623
624
625
626
627
628
629
630
631
632
633
634
635
636
637
638
639
640
641
642
643
644
645
646
647
648
649
650
651
652
653
654
655
656
657
658
659
660
661
662
663
664
665
666
667
668
669
670
671
672
673
674
675
676
677
678
679
680
681
682
683
684
685
686
687
688
689
690
691
692
693
694
695
696
697
698
699
700
701
702
703
704
705
706
707
708
709
710
711
712
713
714
715
716
717
718
719
720
721
722
723
724
725
726
727
728
729
730
731
732
733
734
735
736
737
738
739
740
741
742
743
744
745
746
747
748
749
750
751
752
753
754
756
757
758
759
760
761
762
763
764
765
767
768
769
770
771
772
773
774
775
776
777
778
779
780
781
782
783
784
785
786
787
788
789
790
791
792
793
794
795
796
797
798
799
800
801
802
803
804
805
806
807
808
809
810
811
812
813
814
815
816
817
818
819
820
821
822
823
824
825
826
827
828
829
830
831
832
833
834
835
836
837
838
839
840
841
842
843
844
845
846
847
848
849
850
851
852
853
854
855
856
857
858
859
860
861
862
863
864
865
866
867
868
869
870
871
872
873
874
875
876
877
878
879
880
881
882
883
884
885
886
887
888
889
890
891
892
893
894
895
896
897
898
899
900
901
902
903
904
905
906
907
908
909
910
911
912
913
914
915
916
917
918
919
920
921
922
923
924
925
926
927
928
929
930
931
932
933
934
935
936
937
938
939
940
941
942
943
944
945
946
947
948
949
950
951
952
953
954
955
956
957
958
960
961
962
963
964
965
966
967
968
969
970
971
972
973
974
975
976
977
978
979
980
981
982
983
984
985
986
987
988
989
990
991
992
993
994
995
996
997
998
999
1000
1001
1002
1003
1004
5 553 1
5 670 1
15 680 5
24 547 2
24 851 5
29 808 1
30 256 1
30 790 2
30 868 1
30 61 5
30 126 1
32 377 1
35 978 1
40 695 1
42 337 3
45 66 1
52 912 1
52 168 2
52 602 2
52 356 1
52 557 2
53 120 1
53 540 2
56 159 3
61 75 1
61 334 2
61 591 2
61 718 3
61 991 1
62 485 4
62 646 2
62 551 1
62 214 1
62 542 8
62 159 1
74 416 2
74 803 1
74 166 1
74 782 1
74 912 1
74 984 1
75 248 1
76 705 1
77 912 2
77 168 1
77 260 9
77 439 4
78 169 1
95 433 1
101 377 1
104 765 1
106 832 1
106 788 1
107 553 1
111 935 1
112 168 2
112 803 1
118 502 1
119 812 1
120 193 1
120 772 2
120 586 1
120 752 1
120 633 1
120 923 1
122 693 1
126 782 2
126 790 3
133 648 1
133 602 1
135 772 1
135 549 4
135 936 1
135 942 3
135 628 1
135 581 3
139 323 2
141 978 1
141 469 1
143 696 2
159 290 1
159 963 2
159 167 4
159 617 1
159 493 1
159 239 1
159 692 1
159 251 1
160 629 1
164 322 1
164 638 1
166 416 3
166 674 1
166 803 1
166 743 1
166 782 1
166 912 2
166 586 3
167 978 1
167 469 1
168 416 3
168 260 12
168 232 18
168 266 1
168 556 1
168 557 2
168 912 15
168 984 1
168 949 3
168 439 3
168 472 3
168 356 2
168 313 1
168 447 2
169 372 1
169 404 1
171 972 3
171 590 1
184 595 2
188 920 1
188 978 1
189 377 1
191 692 2
193 633 2
193 338 1
199 506 1
199 996 1
200 952 3
200 915 2
200 428 1
207 978 1
207 630 1
208 977 1
214 306 1
214 290 1
214 868 1
214 765 1
228 605 1
228 502 1
231 698 1
231 540 2
232 416 2
232 912 2
232 472 2
232 575 2
233 692 2
236 977 2
239 866 1
245 698 1
245 540 1
246 724 1
250 927 1
256 416 1
256 648 1
256 356 1
260 912 2
260 416 3
266 416 1
267 586 4
267 803 2
267 517 2
281 377 1
294 803 1
301 978 1
306 374 2
310 586 2
316 428 1
317 374 2
318 558 1
319 558 1
321 565 3
322 879 1
323 402 1
323 939 1
324 638 2
329 910 1
332 435 1
332 782 1
333 693 1
334 809 2
334 607 1
335 810 2
337 936 2
338 987 1
338 540 2
344 952 1
356 743 1
356 586 2
356 912 2
377 866 3
377 708 1
377 422 1
377 423 1
377 530 1
377 630 1
377 731 1
404 595 1
413 927 1
413 935 7
415 987 1
415 607 1
416 586 1
416 949 2
416 439 2
416 927 1
418 977 1
418 996 3
421 978 1
423 977 4
423 996 1
424 978 1
428 857 1
428 915 2
429 925 1
435 500 1
439 912 2
440 737 1
447 984 1
447 586 1
458 577 1
464 980 3
465 812 1
469 978 1
469 851 2
471 617 1
472 782 2
472 575 1
485 500 2
485 542 2
488 568 1
497 977 1
500 814 1
500 542 1
502 605 1
506 1001 1
506 996 2
512 978 1
514 638 1
516 881 2
516 761 5
535 823 1
540 840 2
540 873 1
540 890 1
540 955 4
540 698 1
542 746 1
547 978 1
547 851 1
552 978 1
558 844 1
561 629 1
573 586 1
575 814 1
581 936 1
586 617 1
586 782 1
586 687 1
586 912 1
586 984 3
586 762 3
591 692 1
592 927 2
595 754 2
602 912 1
602 743 6
614 978 1
647 953 1
648 765 7
654 991 2
674 803 2
680 707 1
684 704 1
684 956 1
685 1001 3
685 724 1
687 776 2
692 742 2
692 746 4
697 925 1
698 840 1
698 873 1
698 764 1
700 812 1
700 935 3
704 743 1
716 980 1
716 718 3
724 1001 2
738 923 1
742 900 2
743 868 2
746 900 1
746 935 12
761 881 2
762 912 1
765 912 1
782 984 1
790 812 3
795 978 1
817 978 1
838 953 1
838 857 1
841 935 1
851 978 2
854 927 1
890 926 1
912 949 1
912 984 1
921 923 1
954 978 1
957 978 1
977 996 1
977 1001 4
977 1004 2
978 988 1
