0
1
2
3
4
5
6
7
8
9
10
11
12
13
14
15
16
17
18
19
20
21
22
23
24
25
26
27
28
29
30
31
32
33
34
35
36
37
38
39
40
41
42
43
44
45
46
47
48
49
50
51
52
53
54
55
56
57
58
59
60
61
62
63
64
65
66
67
68
69
70
71
72
73
74
75
76
77
78
79
80
81
82
83
84
85
86
87
88
89
90
91
92
93
94
95
96
97
98
99
100
101
102
103
104
105
106
107
108
109
110
111
112
113
114
115
116
117
118
119
120
121
122
123
124
125
126
127
128
129
130
131
132
133
134
135
136
137
138
139
141
142
143
144
145
146
147
148
149
150
151
152
153
154
155
157
158
159
160
161
162
163
164
165
166
167
168
169
170
171
172
173
174
175
176
177
178
179
180
181
182
183
184
185
186
187
188
189
190
191
192
193
194
195
196
197
198
199
200
201
202
203
204
205
206
207
208
209
210
211
212
213
214
215
216
217
218
219
220
221
222
223
224
225
226
227
228
229
230
231
232
233
235
236
237
238
239
240
241
242
243
244
245
246
247
248
249
250
251
252
253
254
255
256
257
259
260
262
263
264
265
266
267
268
269
270
271
272
273
274
275
276
277
278
279
280
281
282
283
284
285
286
287
288
289
290
291
292
293
294
295
296
297
299
300
301
302
303
304
305
306
307
308
309
310
311
312
313
314
315
316
317
318
319
320
321
322
323
324
325
326
327
328
329
330
331
332
333
334
335
336
337
338
339
340
341
343
344
345
346
347
348
349
350
351
352
353
355
356
357
358
359
360
361
362
364
365
366
367
368
369
370
371
372
373
374
375
376
377
378
379
380
381
382
383
384
385
386
387
388
389
390
391
392
393
394
395
396
397
398
399
400
401
402
403
404
405
406
407
408
409
410
411
412
413
414
415
416
418
419
420
421
422
423
424
425
426
427
428
429
430
431
432
433
434
435
436
437
438
439
440
441
442
443
444
445
446
447
448
449
450
451
452
453
454
455
456
457
458
459
460
461
462
464
465
466
467
468
469
470
471
472
473
474
475
476
477
478
479
480
481
482
483
484
485
486
487
488
489
490
491
492
493
495
496
497
498
499
500
501
502
503
504
505
506
507
508
509
510
511
512
513
514
515
516
517
518
519
520
521
522
523
524
525
526
527
528
530
531
532
533
534
535
536
537
538
539
540
541
542
543
544
545
546
547
548
549
550
551
552
553
554
556
557
558
559
560
561
562
563
564
565
566
567
568
569
570
571
572
573
574
575
576
577
578
579
580
581
582
583
584
585
586
587
588
589
590
591
592
593
594
595
596
597
598
599
600
601
602
603
604
605
606
607
609
610
611
612
613
614
615
616
617
618
619
621
622
623
624
625
626
627
628
629
630
631
632
633
634
635
636
637
638
639
640
641
642
643
644
645
646
647
648
649
650
651
652
653
654
655
656
657
658
659
660
661
662
663
664
665
666
667
668
669
670
671
672
673
674
675
676
677
678
679
680
681
682
683
684
685
686
687
688
689
690
691
692
693
694
695
696
697
698
699
700
701
702
703
704
705
706
707
708
709
710
711
712
713
714
715
716
717
718
719
720
721
722
723
724
725
726
727
728
729
730
731
732
733
734
735
736
737
738
739
740
741
742
743
744
745
746
747
748
749
750
751
752
753
754
756
757
758
759
760
761
762
763
764
765
767
768
769
770
771
772
773
774
775
776
777
778
779
780
781
782
783
784
785
786
787
788
789
790
791
792
793
794
795
796
797
798
799
800
801
802
803
804
805
806
807
808
809
810
811
812
813
814
815
816
817
818
819
820
821
822
823
824
825
826
827
828
829
830
831
832
833
834
835
836
837
838
839
840
841
842
843
844
845
846
847
848
849
850
851
852
853
854
855
856
857
858
859
860
861
862
863
864
865
866
867
868
869
870
871
872
873
874
875
876
877
878
879
880
881
882
883
884
885
886
887
888
889
890
891
892
893
894
895
896
897
898
899
900
901
902
903
904
905
906
907
908
909
910
911
912
913
914
915
916
917
918
919
920
921
922
923
924
925
926
927
928
929
930
931
932
933
934
935
936
937
938
939
940
941
942
943
944
945
946
947
948
949
950
951
952
953
954
955
956
957
958
960
961
962
963
964
965
966
967
968
969
970
971
972
973
974
975
976
977
978
979
980
981
982
983
984
985
986
987
988
989
990
991
992
993
994
995
996
997
998
999
1000
1001
1002
1003
1004
0 6 1
0 228 1
0 502 1
0 710 1
0 295 1
0 519 1
0 599 1
0 333 3
0 78 1
0 976 1
0 569 1
0 178 2
0 693 1
0 470 1
0 409 1
0 249 1
0 538 1
0 767 1
0 605 1
0 862 1
0 991 1
2 789 2
2 52 1
2 782 5
2 790 1
2 231 2
4 304 2
5 491 5
5 808 1
5 553 1
5 107 1
5 175 1
5 506 2
5 29 1
6 569 1
6 178 1
6 333 2
6 506 2
13 120 1
13 921 1
13 532 4
14 921 1
14 506 3
14 924 2
14 189 2
15 680 3
16 102 1
17 316 1
24 587 1
24 189 1
24 629 3
25 48 2
25 216 1
25 458 1
25 319 1
26 568 1
28 987 4
29 506 2
29 724 2
29 335 2
30 120 1
30 416 1
30 743 3
31 316 3
31 165 10
32 197 1
32 134 1
32 977 1
32 791 5
32 921 1
32 90 1
32 700 2
35 978 2
35 165 1
35 207 2
38 324 1
40 802 1
40 712 2
40 267 1
40 272 1
40 187 2
40 572 1
40 607 1
41 73 3
41 723 4
42 534 1
45 66 1
46 788 2
48 458 1
48 558 1
48 216 1
48 956 1
48 319 2
50 559 5
52 416 1
52 868 5
52 912 1
52 948 1
52 790 1
52 730 1
53 120 2
53 193 3
53 290 1
53 923 1
56 482 3
56 987 5
56 692 1
58 818 1
58 586 1
61 771 3
61 742 5
61 718 2
61 687 1
61 948 1
61 724 1
61 703 1
62 800 1
62 90 1
62 485 4
62 646 2
65 193 1
67 963 6
67 165 8
67 391 1
67 846 4
67 207 2
67 561 5
67 344 3
68 506 1
68 987 4
68 189 2
70 334 3
70 310 2
70 663 2
70 633 1
70 159 1
70 607 2
73 723 2
74 166 2
74 294 1
74 586 5
74 332 1
74 112 3
74 885 1
74 759 3
74 573 1
74 447 2
75 257 1
75 772 6
75 997 1
75 334 2
75 850 2
75 948 1
75 987 5
75 220 4
75 607 1
77 912 1
77 168 1
77 260 2
78 569 1
78 178 2
82 771 1
82 628 1
83 771 1
83 443 1
83 86 1
84 343 2
86 443 8
90 416 5
90 609 1
90 356 5
90 901 1
90 646 1
90 193 1
90 809 1
90 628 1
90 307 1
90 500 2
90 248 1
90 313 5
90 506 1
90 948 1
90 220 2
91 607 1
92 316 3
95 987 4
95 951 2
96 420 2
98 707 5
98 454 1
98 134 1
98 713 2
98 107 3
98 268 1
98 429 1
98 592 7
98 401 4
98 291 2
98 117 1
98 278 1
101 246 3
101 423 1
103 977 5
103 310 2
103 423 3
105 418 2
107 808 2
107 120 1
107 810 2
112 674 3
112 356 9
112 166 1
112 646 1
112 168 2
112 267 3
112 912 2
112 472 2
112 313 6
112 316 2
113 854 3
118 532 6
118 724 1
118 335 2
120 772 7
120 775 1
120 267 7
120 274 1
120 534 1
120 535 1
120 920 2
120 542 2
120 540 1
120 416 1
120 802 1
120 804 2
120 198 1
120 167 1
120 948 2
120 566 1
120 190 1
120 191 1
120 193 2
120 196 1
120 454 1
120 586 2
120 141 1
120 854 1
120 220 2
120 609 1
120 868 3
120 742 1
120 233 1
120 500 1
120 633 3
120 765 1
122 924 3
125 676 1
125 622 1
125 206 1
125 487 1
126 416 2
126 648 1
126 948 3
126 790 2
127 772 4
127 716 1
127 754 1
127 595 3
127 214 1
127 407 1
127 732 1
127 607 1
132 139 1
134 291 1
134 592 9
134 178 1
134 147 3
135 746 2
135 813 1
135 718 1
136 316 1
137 936 1
141 512 2
141 978 4
142 275 1
142 892 2
142 267 7
142 316 6
142 953 1
147 416 1
147 214 3
147 171 1
147 844 1
147 285 1
147 150 1
147 157 1
147 926 1
147 159 1
149 724 1
149 716 2
149 372 10
150 997 1
151 253 1
152 443 2
157 577 1
157 933 3
157 746 2
157 586 1
157 462 1
157 347 1
157 285 2
158 506 1
159 609 1
159 707 2
159 742 1
159 776 3
159 617 1
159 586 8
159 239 1
160 858 2
160 586 1
160 629 3
160 526 1
161 626 1
161 586 1
161 951 2
164 879 1
164 420 1
164 638 3
164 943 1
165 586 1
165 401 10
165 344 5
165 316 12
166 416 1
166 674 2
166 517 1
166 743 1
166 718 1
166 946 2
167 978 6
167 630 3
167 214 1
168 868 1
168 260 2
168 232 11
168 556 5
168 912 30
168 984 8
168 752 1
168 948 5
168 885 1
168 790 3
168 439 6
168 472 22
168 356 14
168 762 2
168 575 1
168 946 1
168 313 8
168 949 13
168 447 2
169 372 3
170 720 1
170 697 2
170 628 1
170 214 1
170 855 2
171 214 1
171 926 2
173 921 1
173 506 6
173 644 2
175 737 1
175 849 6
175 275 2
175 423 1
178 280 2
178 409 1
178 538 1
178 295 1
178 693 1
178 569 2
178 189 1
178 710 1
178 333 1
178 976 1
178 977 2
178 339 1
178 470 1
178 599 1
178 605 1
178 862 8
178 991 1
178 482 4
178 228 1
178 502 10
178 249 2
178 767 1
180 958 1
180 727 1
181 190 3
184 423 1
184 407 1
185 762 1
185 830 1
185 850 1
185 854 5
185 501 1
187 254 1
188 585 1
188 978 2
188 629 1
188 862 1
188 431 1
189 506 4
189 428 3
189 530 1
189 239 1
189 462 1
189 502 5
189 951 1
189 410 4
189 731 1
189 605 2
189 629 2
190 353 6
190 614 3
190 656 3
190 274 3
190 373 4
190 920 1
190 607 1
191 890 1
191 595 3
191 220 1
191 949 2
193 707 2
193 844 2
193 500 3
193 633 1
193 923 2
195 595 2
196 850 1
196 291 1
197 923 3
199 644 1
199 921 1
199 996 1
199 506 1
199 924 1
199 541 1
200 977 1
200 915 1
200 316 1
201 754 1
207 424 7
207 558 1
207 847 2
207 978 2
207 469 5
207 954 3
207 795 3
207 373 2
208 506 2
208 236 3
209 356 3
214 416 1
214 290 1
214 707 1
214 900 2
214 278 1
214 742 3
214 776 4
214 746 1
214 586 1
214 940 1
214 712 3
214 724 2
214 772 1
214 951 2
214 857 1
216 704 1
220 609 2
220 334 2
220 752 1
220 471 1
220 383 3
223 746 3
223 462 2
225 407 1
226 440 1
226 506 2
228 569 1
229 790 1
229 607 1
230 577 2
230 347 1
231 582 2
231 233 1
231 874 2
231 994 2
231 245 5
231 698 1
231 987 4
231 540 7
231 830 1
231 607 1
232 472 8
232 946 1
233 769 2
233 835 1
233 692 6
233 245 3
236 537 10
238 727 2
239 577 2
239 713 1
239 595 4
239 951 2
239 377 1
243 718 1
245 264 1
245 329 1
245 874 2
245 624 1
245 840 1
245 698 1
245 987 4
245 540 2
246 377 1
246 724 1
246 423 5
248 746 2
248 462 1
248 591 1
248 334 1
248 506 3
248 923 4
248 607 1
249 569 1
249 506 2
251 987 4
256 313 1
256 356 2
256 885 1
256 294 3
257 586 1
260 912 2
264 329 1
264 586 1
266 439 2
267 662 3
267 435 3
267 630 3
267 891 1
270 921 1
270 381 1
270 654 2
271 746 1
271 668 1
272 450 1
272 662 1
273 951 6
274 817 1
275 849 4
277 746 2
278 776 3
278 1003 1
278 334 1
278 462 2
280 891 2
280 530 1
280 629 3
281 586 1
281 491 1
284 680 1
288 484 8
288 391 22
288 493 24
288 846 3
288 561 24
288 629 26
288 630 1
288 445 22
291 454 1
291 713 1
291 1003 1
291 429 1
291 592 1
291 401 4
292 769 1
293 724 1
293 862 1
293 502 1
294 416 3
294 817 11
294 948 4
294 885 7
294 984 1
294 313 2
294 586 2
294 447 1
295 569 1
299 509 1
301 978 2
302 316 3
305 425 1
306 523 2
306 771 4
310 586 2
310 853 1
310 343 9
310 477 12
311 955 1
311 987 4
313 912 2
313 356 15
313 948 1
313 885 1
313 472 3
316 915 3
316 543 3
316 428 3
316 952 1
316 953 3
316 971 2
316 592 1
316 344 1
316 857 1
316 349 3
316 990 3
316 607 2
316 892 1
317 769 1
318 684 1
318 332 1
320 843 1
322 334 3
324 343 2
327 537 1
327 381 1
327 921 2
329 624 3
329 775 1
332 435 3
332 500 5
332 575 1
332 447 1
333 772 5
333 502 2
333 569 1
334 546 4
334 550 2
334 617 1
334 586 2
334 462 2
334 687 2
334 850 1
334 692 3
334 534 1
334 607 2
335 737 1
335 899 1
335 528 1
335 980 2
335 381 3
337 505 3
338 987 4
339 569 1
343 399 2
343 534 1
343 663 3
347 926 1
347 933 3
349 976 1
349 724 4
349 838 1
355 686 1
356 648 1
356 912 13
356 472 9
356 790 2
356 730 3
356 416 4
356 602 3
356 948 5
356 447 2
356 586 2
356 718 1
356 721 1
356 984 1
356 868 1
356 743 1
356 762 1
356 765 2
360 629 3
361 987 4
362 909 1
362 383 3
369 513 1
369 535 4
369 823 4
372 595 2
372 404 3
372 934 3
373 656 1
374 400 1
377 522 1
377 718 1
377 724 3
377 506 2
379 568 1
379 443 1
381 506 2
383 720 1
383 547 1
383 469 2
388 718 1
388 742 1
393 843 12
397 671 1
397 975 1
401 772 1
401 454 4
401 429 14
401 415 4
409 569 1
409 789 1
409 767 1
410 977 1
410 650 1
410 663 1
414 891 5
415 462 2
416 772 6
416 782 8
416 790 2
416 546 1
416 946 1
416 948 6
416 949 3
416 439 3
416 707 3
416 586 5
416 868 7
416 885 3
418 977 9
418 969 1
418 996 7
420 559 3
421 424 4
421 978 3
421 795 1
422 680 1
423 977 3
423 779 1
423 849 4
424 978 2
424 795 6
425 946 3
427 955 5
427 540 1
428 915 2
428 851 1
432 987 4
433 482 1
433 987 4
433 789 5
435 586 3
435 500 3
437 921 1
438 818 1
439 912 2
440 537 4
440 737 1
442 506 2
443 662 7
445 629 4
447 912 1
447 586 1
447 885 1
447 573 1
450 802 2
450 742 3
450 712 2
450 746 2
450 813 1
450 462 1
450 595 3
450 718 1
450 568 3
450 915 1
454 609 1
454 772 1
454 592 4
458 577 2
462 517 1
462 783 1
462 535 1
462 923 2
462 670 1
462 687 2
462 692 2
462 542 1
462 586 3
462 718 1
462 591 2
462 851 1
462 742 1
462 617 2
469 512 2
469 978 2
470 569 1
472 912 5
473 737 1
477 534 1
478 818 1
479 586 1
480 987 4
482 987 4
484 530 3
484 629 4
485 854 3
485 823 1
491 977 2
491 497 1
493 561 3
493 629 4
495 568 3
497 977 6
499 704 1
499 684 2
499 844 3
500 746 2
500 814 2
500 687 3
500 542 4
502 772 1
502 746 3
502 718 1
502 951 1
502 569 1
502 862 3
506 643 2
506 644 2
506 783 2
506 921 3
506 923 1
506 796 2
506 670 2
506 808 2
506 924 5
506 541 6
506 951 2
506 605 2
506 866 1
506 996 2
506 1001 1
506 1004 3
506 881 2
509 832 1
510 939 1
510 622 1
512 978 2
514 977 5
514 950 5
514 638 2
516 804 3
516 743 1
516 700 1
516 719 2
516 790 2
516 921 1
516 783 1
516 924 3
517 718 1
517 586 1
522 546 1
523 946 1
526 629 3
527 720 1
528 722 2
528 923 1
530 746 3
530 813 1
530 912 1
530 851 2
530 629 9
530 630 5
530 891 6
531 987 9
532 921 1
532 1001 1
532 553 5
534 746 3
534 862 1
534 607 1
535 542 1
535 854 1
537 657 2
537 737 3
538 569 1
540 994 1
540 987 4
540 874 2
540 624 4
540 855 2
540 698 1
540 955 4
541 921 1
541 850 5
541 923 1
542 646 1
542 586 1
542 587 3
542 854 1
542 746 4
546 577 2
546 841 1
546 854 5
547 978 2
547 862 1
550 746 1
550 854 2
550 743 1
552 978 2
552 951 1
556 912 2
558 844 1
558 565 1
559 622 2
561 629 4
561 846 7
565 844 1
565 956 1
566 772 4
568 771 2
569 710 1
569 599 1
569 976 1
569 693 1
569 767 1
569 605 1
569 862 1
569 991 1
570 946 1
573 586 1
576 921 1
580 791 1
581 798 1
582 996 1
582 987 4
582 764 1
586 782 1
586 912 1
586 947 1
586 684 1
586 687 1
586 948 1
586 735 1
586 837 1
586 885 2
586 762 2
587 720 6
589 922 1
591 746 2
591 718 1
591 607 8
592 609 15
592 713 3
592 948 5
593 718 1
595 934 1
595 790 1
597 754 1
600 956 1
602 743 1
602 718 1
602 912 1
602 721 1
602 782 3
605 789 7
605 951 1
607 936 1
607 978 2
607 915 1
607 692 3
607 718 1
607 629 1
607 926 2
609 772 3
609 1003 1
609 951 1
609 890 4
609 923 1
614 978 2
622 676 1
622 788 3
626 703 1
629 658 3
629 685 3
629 838 1
629 846 3
629 630 9
629 631 3
629 762 2
629 891 10
630 685 4
630 891 1
633 707 2
633 951 1
638 832 1
641 987 4
644 996 1
644 1001 2
644 921 1
644 924 18
644 702 4
648 885 1
650 921 1
650 923 1
651 951 1
654 921 1
654 738 2
654 783 2
656 920 1
657 921 2
663 951 12
663 706 1
668 720 2
668 746 20
668 844 1
668 935 1
669 951 1
670 688 1
672 758 1
680 720 4
680 707 4
682 921 1
682 783 1
684 704 1
684 746 2
685 1001 2
685 724 2
687 742 2
687 712 1
687 746 2
692 718 1
692 742 1
692 746 4
692 819 1
692 980 4
695 802 1
696 746 1
697 771 1
697 855 5
698 840 1
698 873 1
698 987 4
698 764 1
700 840 1
700 812 1
702 924 2
702 921 1
706 951 1
707 880 3
707 951 6
707 923 1
711 718 2
712 802 1
712 942 1
715 926 5
718 883 1
718 851 1
718 724 3
718 731 1
718 934 3
718 742 2
718 746 2
719 921 1
719 837 2
720 771 3
720 935 5
720 746 4
720 813 3
720 942 1
721 765 1
724 1001 3
724 976 1
724 953 1
730 868 2
731 746 2
738 921 1
738 923 1
738 951 1
739 746 2
742 912 1
742 771 1
742 900 6
742 746 2
742 784 1
742 772 5
742 890 2
742 863 1
745 921 1
746 900 2
746 776 2
746 915 1
746 920 5
746 935 18
746 775 2
746 813 9
746 834 2
746 841 2
746 851 5
746 980 2
746 994 2
748 926 2
752 850 1
752 948 2
754 883 1
754 779 2
759 984 3
761 921 1
762 912 1
762 946 1
762 984 1
764 987 4
764 874 2
765 912 1
765 946 1
772 865 1
772 883 1
772 948 5
772 951 4
772 923 3
773 955 1
774 947 1
776 923 2
779 843 2
780 977 5
782 868 16
782 912 3
782 984 2
783 850 3
783 921 1
783 804 1
789 987 4
790 984 1
790 868 2
795 978 2
804 928 2
804 881 7
804 850 1
808 898 4
809 987 4
809 951 1
810 881 1
813 935 2
813 851 1
817 978 2
828 921 1
828 850 4
833 850 1
837 921 1
838 952 2
840 867 2
840 874 2
840 987 4
849 987 4
850 1001 1
850 921 1
850 987 3
851 978 7
851 920 1
862 909 1
868 912 1
872 987 5
873 987 4
873 874 2
874 925 1
881 928 1
881 921 1
885 984 2
890 978 2
890 923 3
891 912 1
907 951 1
912 984 1
912 949 5
921 923 2
921 924 1
921 945 1
921 979 1
921 996 1
921 1001 1
924 1001 5
925 955 1
925 987 4
926 933 1
926 931 1
950 977 5
950 1001 2
951 996 3
954 978 2
955 987 5
957 978 2
977 1004 3
978 988 3
987 994 4
