0
1
2
3
4
5
6
7
8
9
10
11
12
13
14
15
16
17
18
19
20
21
22
23
24
25
26
27
28
29
30
31
32
33
34
35
36
37
38
39
40
41
42
43
44
45
46
47
48
49
50
51
52
53
54
55
56
57
58
59
60
61
62
63
64
65
66
67
68
69
70
71
72
73
74
75
76
77
78
79
80
81
82
83
84
85
86
87
88
89
90
91
92
93
94
95
96
97
98
99
100
101
102
103
104
105
106
107
108
109
110
111
112
113
114
115
116
117
118
119
120
121
122
123
124
125
126
127
128
129
130
131
132
133
134
135
136
137
138
139
141
142
143
144
145
146
147
148
149
150
151
152
153
154
155
157
158
159
160
161
162
163
164
165
166
167
168
169
170
171
172
173
174
175
176
177
178
179
180
181
182
183
184
185
186
187
188
189
190
191
192
193
194
195
196
197
198
199
200
201
202
203
204
205
206
207
208
209
210
211
212
213
214
215
216
217
218
219
220
221
222
223
224
225
226
227
228
229
230
231
232
233
235
236
237
238
239
240
241
242
243
244
245
246
247
248
249
250
251
252
253
254
255
256
257
259
260
262
263
264
265
266
267
268
269
270
271
272
273
274
275
276
277
278
279
280
281
282
283
284
285
286
287
288
289
290
291
292
293
294
295
296
297
299
300
301
302
303
304
305
306
307
308
309
310
311
312
313
314
315
316
317
318
319
320
321
322
323
324
325
326
327
328
329
330
331
332
333
334
335
336
337
338
339
340
341
343
344
345
346
347
348
349
350
351
352
353
355
356
357
358
359
360
361
362
364
365
366
367
368
369
370
371
372
373
374
375
376
377
378
379
380
381
382
383
384
385
386
387
388
389
390
391
392
393
394
395
396
397
398
399
400
401
402
403
404
405
406
407
408
409
410
411
412
413
414
415
416
418
419
420
421
422
423
424
425
426
427
428
429
430
431
432
433
434
435
436
437
438
439
440
441
442
443
444
445
446
447
448
449
450
451
452
453
454
455
456
457
458
459
460
461
462
464
465
466
467
468
469
470
471
472
473
474
475
476
477
478
479
480
481
482
483
484
485
486
487
488
489
490
491
492
493
495
496
497
498
499
500
501
502
503
504
505
506
507
508
509
510
511
512
513
514
515
516
517
518
519
520
521
522
523
524
525
526
527
528
530
531
532
533
534
535
536
537
538
539
540
541
542
543
544
545
546
547
548
549
550
551
552
553
554
556
557
558
559
560
561
562
563
564
565
566
567
568
569
570
571
572
573
574
575
576
577
578
579
580
581
582
583
584
585
586
587
588
589
590
591
592
593
594
595
596
597
598
599
600
601
602
603
604
605
606
607
609
610
611
612
613
614
615
616
617
618
619
621
622
623
624
625
626
627
628
629
630
631
632
633
634
635
636
637
638
639
640
641
642
643
644
645
646
647
648
649
650
651
652
653
654
655
656
657
658
659
660
661
662
663
664
665
666
667
668
669
670
671
672
673
674
675
676
677
678
679
680
681
682
683
684
685
686
687
688
689
690
691
692
693
694
695
696
697
698
699
700
701
702
703
704
705
706
707
708
709
710
711
712
713
714
715
716
717
718
719
720
721
722
723
724
725
726
727
728
729
730
731
732
733
734
735
736
737
738
739
740
741
742
743
744
745
746
747
748
749
750
751
752
753
754
756
757
758
759
760
761
762
763
764
765
767
768
769
770
771
772
773
774
775
776
777
778
779
780
781
782
783
784
785
786
787
788
789
790
791
792
793
794
795
796
797
798
799
800
801
802
803
804
805
806
807
808
809
810
811
812
813
814
815
816
817
818
819
820
821
822
823
824
825
826
827
828
829
830
831
832
833
834
835
836
837
838
839
840
841
842
843
844
845
846
847
848
849
850
851
852
853
854
855
856
857
858
859
860
861
862
863
864
865
866
867
868
869
870
871
872
873
874
875
876
877
878
879
880
881
882
883
884
885
886
887
888
889
890
891
892
893
894
895
896
897
898
899
900
901
902
903
904
905
906
907
908
909
910
911
912
913
914
915
916
917
918
919
920
921
922
923
924
925
926
927
928
929
930
931
932
933
934
935
936
937
938
939
940
941
942
943
944
945
946
947
948
949
950
951
952
953
954
955
956
957
958
960
961
962
963
964
965
966
967
968
969
970
971
972
973
974
975
976
977
978
979
980
981
982
983
984
985
986
987
988
989
990
991
992
993
994
995
996
997
998
999
1000
1001
1002
1003
1004
0 249 1
0 705 2
0 236 1
0 569 1
2 648 1
2 700 1
2 334 1
2 790 1
2 231 3
5 491 4
6 569 1
6 178 1
6 189 1
7 810 3
13 738 1
14 1001 6
14 506 3
14 924 4
14 381 1
15 584 1
15 731 6
15 422 1
16 293 1
17 316 1
19 333 1
24 493 1
24 718 1
24 920 1
24 530 2
24 629 4
24 280 9
24 891 9
24 445 1
24 414 1
25 704 2
25 946 1
28 987 3
29 808 1
29 192 1
30 948 2
31 316 2
31 165 7
31 511 2
32 293 2
32 214 1
32 791 1
32 280 2
32 921 1
32 862 1
32 197 1
35 280 3
35 978 1
35 188 1
38 832 1
38 474 1
38 586 1
38 324 2
38 309 1
40 568 1
40 772 1
41 723 1
48 73 1
48 684 1
48 956 1
52 648 2
52 868 1
52 948 2
52 126 1
53 193 1
53 614 1
53 609 1
53 239 1
53 951 1
53 633 1
53 890 1
53 923 2
56 994 1
56 987 3
56 772 1
61 696 1
61 692 1
61 332 2
61 334 1
61 718 2
62 250 2
62 823 1
62 646 1
62 535 3
65 334 1
67 963 5
67 165 4
67 391 1
67 846 4
67 207 3
67 561 3
67 190 2
67 344 7
67 280 1
68 987 3
70 388 1
70 103 1
70 334 1
70 343 1
70 120 1
70 772 1
74 586 3
74 782 1
75 772 2
75 948 2
75 334 1
75 190 2
75 607 2
78 569 1
86 443 3
86 662 1
90 160 1
90 547 1
90 260 2
90 316 1
90 178 5
90 624 5
90 850 2
90 885 1
90 502 2
90 570 1
90 702 1
90 765 1
90 190 2
90 629 1
91 607 1
91 740 1
91 207 1
92 316 2
95 193 1
95 987 3
98 592 1
101 377 1
101 866 1
101 423 2
102 293 1
103 977 4
103 706 1
103 310 3
104 721 1
104 294 2
104 425 13
105 418 13
107 192 1
107 772 2
107 468 2
107 718 2
107 335 1
111 586 1
111 935 1
112 186 1
112 267 2
112 948 1
112 517 1
113 854 1
120 609 1
120 772 4
120 742 2
120 841 1
120 530 1
120 190 4
120 274 2
120 883 1
120 948 4
120 629 3
120 854 3
120 920 1
120 388 3
120 923 2
120 220 1
120 542 3
122 428 2
126 948 1
126 782 5
127 994 1
127 334 2
127 607 1
132 139 1
132 388 2
133 602 1
134 592 4
134 401 2
135 517 1
136 316 3
141 978 1
142 647 1
142 200 1
142 267 2
142 207 2
142 274 1
142 915 1
142 280 6
142 316 4
147 577 5
147 931 2
147 933 1
147 230 1
147 171 1
147 972 1
147 590 1
147 499 3
147 277 1
147 355 1
147 347 1
147 285 1
147 926 1
147 686 1
151 923 1
153 977 1
153 418 3
153 818 1
153 769 2
157 499 1
157 356 1
159 920 1
159 713 1
159 798 1
159 214 3
159 334 4
160 630 1
160 915 5
160 629 5
160 214 1
160 857 1
164 879 1
164 943 1
165 344 5
165 401 2
165 316 7
166 743 1
167 614 1
167 188 2
167 301 2
167 978 4
167 851 1
167 630 3
167 988 1
168 260 2
168 232 8
168 425 2
168 586 1
168 912 2
168 946 2
168 472 4
168 356 3
170 697 1
170 855 1
171 590 1
173 506 1
173 738 1
175 849 7
175 275 5
175 423 1
178 609 1
178 977 1
178 718 1
178 976 1
178 657 2
178 693 1
178 502 5
178 569 1
180 958 1
181 656 1
181 190 4
184 585 1
184 607 2
185 830 2
186 256 1
186 648 5
186 267 3
186 517 2
187 947 1
188 614 1
188 656 1
188 280 3
188 978 1
188 502 4
188 920 2
189 428 1
189 236 3
189 977 3
189 693 2
189 502 4
189 607 1
190 353 6
190 334 2
190 629 1
190 656 3
190 274 4
190 373 5
191 617 1
191 692 4
192 381 5
193 454 2
193 910 2
193 499 1
193 662 1
193 633 1
193 923 1
195 595 1
196 731 1
196 413 1
197 586 1
199 433 4
199 924 4
200 977 2
200 915 6
200 316 2
207 424 3
207 428 3
207 493 3
207 847 2
207 547 1
207 978 1
207 558 1
207 953 1
207 795 1
207 990 1
208 977 1
209 356 1
214 577 3
214 290 1
214 935 1
214 940 1
214 530 3
214 334 4
214 629 3
214 946 1
214 787 4
214 558 2
214 534 1
214 923 5
214 220 1
214 765 1
214 798 1
216 618 1
216 319 1
228 569 1
228 502 1
229 607 2
231 329 1
231 874 2
231 334 1
231 245 2
231 873 1
231 987 5
231 607 2
232 332 2
232 782 6
232 946 1
232 472 10
232 313 1
232 447 1
232 607 3
233 692 9
233 245 1
235 849 1
235 609 1
236 1004 1
239 609 1
239 538 1
239 923 3
239 951 4
241 280 1
241 547 1
243 772 1
245 329 1
245 874 2
245 692 2
245 987 3
245 540 3
246 377 2
246 423 2
248 591 1
248 334 3
248 607 1
249 393 3
249 731 2
249 377 1
249 569 1
250 535 4
250 886 1
250 551 1
251 987 3
253 454 1
256 356 1
256 267 3
256 948 1
256 517 1
260 762 1
262 289 1
266 790 1
267 656 1
267 517 6
267 648 4
267 586 3
267 952 1
267 948 1
267 526 2
267 344 1
267 891 7
267 478 5
271 668 1
272 900 1
272 662 3
274 817 2
274 841 1
275 849 6
278 290 1
278 502 1
278 951 1
280 772 1
280 647 4
280 656 2
280 658 3
280 915 3
280 920 3
280 281 2
280 421 1
280 422 1
280 561 4
280 953 1
280 373 2
280 846 2
280 547 6
280 526 2
280 990 1
280 293 1
280 360 2
280 530 4
280 851 3
280 629 7
280 502 4
280 631 2
281 905 2
281 731 1
284 731 5
288 484 24
288 391 21
288 493 25
288 846 23
288 561 22
288 629 28
288 445 21
292 364 1
293 547 1
293 502 1
293 572 1
293 862 4
294 817 1
294 885 3
294 447 1
295 569 1
299 346 1
299 509 7
299 951 3
301 978 1
301 547 1
301 630 2
302 428 1
302 316 3
304 456 1
304 441 1
304 317 2
306 771 2
306 659 2
306 790 1
310 343 2
310 735 2
310 706 2
311 987 3
311 773 1
314 605 1
315 855 1
316 647 2
316 915 6
316 543 2
316 428 4
316 952 2
316 953 2
316 971 2
316 344 2
316 857 3
316 349 2
316 990 2
316 609 1
316 629 1
318 684 2
318 956 1
318 558 3
318 321 2
319 1002 1
319 618 1
319 946 1
319 832 2
322 879 1
322 740 1
322 343 1
324 586 1
324 638 3
327 921 2
329 819 1
329 540 1
332 586 3
332 500 6
332 782 5
333 569 1
334 994 3
334 987 2
334 388 3
334 776 1
334 746 1
334 718 2
334 687 2
334 586 2
334 534 1
334 607 1
335 664 3
335 516 1
337 628 1
338 849 1
338 987 3
339 569 1
343 534 1
343 399 5
346 832 1
346 634 2
346 509 1
346 638 1
347 933 2
349 976 3
353 391 1
356 868 1
356 648 2
356 765 3
356 912 3
356 721 1
356 948 1
356 472 3
356 730 3
360 629 3
360 526 1
361 987 3
362 377 1
362 383 1
364 977 1
365 732 3
369 646 1
377 866 3
377 393 1
377 457 1
377 951 1
379 568 2
379 443 1
381 537 2
381 532 1
382 738 1
383 418 1
383 909 1
383 720 6
383 887 1
383 890 1
388 742 1
388 772 1
391 629 1
392 948 1
398 712 1
401 415 2
401 454 2
409 569 1
414 891 2
414 607 1
415 587 1
415 617 1
415 573 2
415 607 3
416 425 1
416 586 6
416 782 7
416 912 3
416 948 1
416 607 1
418 977 11
418 996 8
421 424 3
421 978 1
421 795 2
421 547 1
423 866 1
423 849 1
423 977 1
424 547 1
424 978 1
424 795 4
425 912 2
425 946 2
425 472 1
425 765 1
427 955 1
428 838 2
428 851 1
428 915 4
429 454 7
432 987 3
433 987 4
434 499 1
435 586 5
435 500 2
435 782 2
440 737 2
440 537 1
443 743 1
443 752 1
443 662 4
443 602 2
443 517 1
444 535 1
445 891 1
445 629 1
447 586 3
447 782 1
450 595 1
450 517 1
450 742 1
454 592 5
458 558 1
460 522 1
464 980 8
468 643 3
469 978 1
469 851 1
469 630 3
470 569 1
472 912 2
472 946 2
478 517 1
479 977 2
480 987 3
482 531 2
482 987 3
484 629 1
491 977 1
491 731 1
493 530 3
493 629 5
500 782 2
502 609 1
502 530 1
502 976 4
502 951 4
502 569 1
502 923 2
502 862 4
506 1001 3
506 923 2
506 670 2
510 622 1
511 849 1
512 978 1
512 547 1
513 646 1
514 977 4
514 663 2
516 738 1
516 743 1
516 804 3
516 790 1
517 731 1
517 648 1
517 586 1
517 530 1
517 851 1
517 948 2
517 565 1
517 920 1
517 915 1
522 546 1
526 629 3
527 720 1
528 772 1
530 718 2
530 915 4
530 629 9
530 630 5
530 857 1
531 987 6
531 994 4
532 738 1
534 742 1
534 586 5
534 862 3
534 638 1
535 722 3
537 664 2
538 569 1
538 605 2
540 994 1
540 955 1
540 582 1
540 873 1
540 874 2
540 855 1
540 890 1
540 987 5
541 923 2
541 996 1
542 722 2
542 738 1
542 646 1
547 817 2
547 978 1
547 851 1
547 795 1
547 957 1
547 862 2
550 738 1
552 978 1
553 980 1
553 566 1
558 844 1
558 565 1
559 622 2
561 629 3
561 846 3
566 772 4
568 695 3
569 710 1
569 599 1
569 976 1
569 693 1
569 767 1
569 605 1
569 862 1
569 991 1
573 617 1
581 692 1
582 994 1
582 987 3
582 764 2
584 731 2
585 822 1
585 695 3
586 648 3
586 782 14
586 684 1
586 687 1
586 984 12
586 607 5
586 885 4
586 762 2
591 607 4
592 609 5
592 713 1
592 948 9
595 607 1
602 721 1
602 743 1
605 789 3
607 782 1
607 687 1
607 692 2
607 718 3
607 696 1
607 724 1
607 866 1
609 772 1
609 742 1
609 915 1
609 951 1
609 890 1
609 923 2
613 772 1
614 978 1
622 676 2
629 685 3
629 946 2
629 846 3
629 978 1
629 658 3
629 630 3
629 631 3
629 891 3
630 685 2
633 687 1
641 987 5
643 685 2
644 702 1
648 782 1
648 948 1
648 765 2
657 921 1
659 742 1
663 950 2
668 720 3
668 746 1
668 935 3
670 688 2
672 946 1
672 844 2
674 948 1
680 731 2
682 783 1
684 704 1
687 994 1
692 994 1
692 775 1
697 771 1
697 925 1
697 855 2
698 987 3
700 891 2
700 782 1
700 790 1
704 743 1
712 991 1
716 718 1
718 994 1
718 915 2
718 724 2
718 731 1
720 833 1
720 935 7
720 746 2
720 813 3
721 765 1
721 743 1
724 883 2
730 868 6
730 790 8
737 849 1
738 923 1
739 935 1
742 771 1
742 772 1
742 900 4
745 837 1
746 813 4
746 935 3
758 844 1
764 840 6
764 874 2
764 987 3
765 908 3
765 948 1
771 855 1
772 783 1
772 900 1
772 775 1
772 812 1
772 993 1
772 923 2
774 947 5
780 977 4
782 885 1
782 984 2
789 987 3
791 976 1
795 978 1
803 948 1
809 994 2
809 987 5
813 935 2
817 978 1
832 977 1
838 952 1
840 874 2
840 987 3
844 946 1
849 890 1
849 987 3
850 881 1
851 920 1
851 978 2
854 946 5
857 883 1
857 915 5
872 987 3
873 874 2
873 987 3
880 923 1
883 915 3
890 948 1
890 923 2
915 952 1
915 923 1
918 946 2
921 923 1
923 951 4
925 987 3
925 955 1
946 956 1
950 977 5
954 978 1
955 987 3
957 978 1
977 1004 5
978 988 2
987 994 6
