0
1
2
3
4
5
6
7
8
9
10
11
12
13
14
15
16
17
18
19
20
21
22
23
24
25
26
27
28
29
30
31
32
33
34
35
36
37
38
39
40
41
42
43
44
45
46
47
48
49
50
51
52
53
54
55
56
57
58
59
60
61
62
63
64
65
66
67
68
69
70
71
72
73
74
75
76
77
78
79
80
81
82
83
84
85
86
87
88
89
90
91
92
93
94
95
96
97
98
99
100
101
102
103
104
105
106
107
108
109
110
111
112
113
114
115
116
117
118
119
120
121
122
123
124
125
126
127
128
129
130
131
132
133
134
135
136
137
138
139
141
142
143
144
145
146
147
148
149
150
151
152
153
154
155
157
158
159
160
161
162
163
164
165
166
167
168
169
170
171
172
173
174
175
176
177
178
179
180
181
182
183
184
185
186
187
188
189
190
191
192
193
194
195
196
197
198
199
200
201
202
203
204
205
206
207
208
209
210
211
212
213
214
215
216
217
218
219
220
221
222
223
224
225
226
227
228
229
230
231
232
233
235
236
237
238
239
240
241
242
243
244
245
246
247
248
249
250
251
252
253
254
255
256
257
259
260
262
263
264
265
266
267
268
269
270
271
272
273
274
275
276
277
278
279
280
281
282
283
284
285
286
287
288
289
290
291
292
293
294
295
296
297
299
300
301
302
303
304
305
306
307
308
309
310
311
312
313
314
315
316
317
318
319
320
321
322
323
324
325
326
327
328
329
330
331
332
333
334
335
336
337
338
339
340
341
343
344
345
346
347
348
349
350
351
352
353
355
356
357
358
359
360
361
362
364
365
366
367
368
369
370
371
372
373
374
375
376
377
378
379
380
381
382
383
384
385
386
387
388
389
390
391
392
393
394
395
396
397
398
399
400
401
402
403
404
405
406
407
408
409
410
411
412
413
414
415
416
418
419
420
421
422
423
424
425
426
427
428
429
430
431
432
433
434
435
436
437
438
439
440
441
442
443
444
445
446
447
448
449
450
451
452
453
454
455
456
457
458
459
460
461
462
464
465
466
467
468
469
470
471
472
473
474
475
476
477
478
479
480
481
482
483
484
485
486
487
488
489
490
491
492
493
495
496
497
498
499
500
501
502
503
504
505
506
507
508
509
510
511
512
513
514
515
516
517
518
519
520
521
522
523
524
525
526
527
528
530
531
532
533
534
535
536
537
538
539
540
541
542
543
544
545
546
547
548
549
550
551
552
553
554
556
557
558
559
560
561
562
563
564
565
566
567
568
569
570
571
572
573
574
575
576
577
578
579
580
581
582
583
584
585
586
587
588
589
590
591
592
593
594
595
596
597
598
599
600
601
602
603
604
605
606
607
609
610
611
612
613
614
615
616
617
618
619
621
622
623
624
625
626
627
628
629
630
631
632
633
634
635
636
637
638
639
640
641
642
643
644
645
646
647
648
649
650
651
652
653
654
655
656
657
658
659
660
661
662
663
664
665
666
667
668
669
670
671
672
673
674
675
676
677
678
679
680
681
682
683
684
685
686
687
688
689
690
691
692
693
694
695
696
697
698
699
700
701
702
703
704
705
706
707
708
709
710
711
712
713
714
715
716
717
718
719
720
721
722
723
724
725
726
727
728
729
730
731
732
733
734
735
736
737
738
739
740
741
742
743
744
745
746
747
748
749
750
751
752
753
754
756
757
758
759
760
761
762
763
764
765
767
768
769
770
771
772
773
774
775
776
777
778
779
780
781
782
783
784
785
786
787
788
789
790
791
792
793
794
795
796
797
798
799
800
801
802
803
804
805
806
807
808
809
810
811
812
813
814
815
816
817
818
819
820
821
822
823
824
825
826
827
828
829
830
831
832
833
834
835
836
837
838
839
840
841
842
843
844
845
846
847
848
849
850
851
852
853
854
855
856
857
858
859
860
861
862
863
864
865
866
867
868
869
870
871
872
873
874
875
876
877
878
879
880
881
882
883
884
885
886
887
888
889
890
891
892
893
894
895
896
897
898
899
900
901
902
903
904
905
906
907
908
909
910
911
912
913
914
915
916
917
918
919
920
921
922
923
924
925
926
927
928
929
930
931
932
933
934
935
936
937
938
939
940
941
942
943
944
945
946
947
948
949
950
951
952
953
954
955
956
957
958
960
961
962
963
964
965
966
967
968
969
970
971
972
973
974
975
976
977
978
979
980
981
982
983
984
985
986
987
988
989
990
991
992
993
994
995
996
997
998
999
1000
1001
1002
1003
1004
0 178 1
0 732 1
0 502 1
2 680 1
2 260 2
2 77 3
2 790 1
2 61 2
4 362 1
4 135 1
5 491 1
5 175 1
6 178 1
6 365 1
13 693 2
14 724 2
24 530 1
24 891 1
24 493 1
24 629 2
25 558 1
30 104 1
30 912 1
30 908 2
30 765 2
31 165 1
38 474 1
38 939 1
39 923 1
40 450 4
41 723 2
41 558 1
48 704 1
48 458 1
48 558 1
52 168 1
52 166 1
53 193 1
53 923 1
53 633 1
61 356 1
61 517 1
61 718 2
61 114 1
61 915 2
61 502 1
61 851 1
61 189 1
67 846 1
67 207 3
72 135 2
74 168 3
75 220 1
75 772 1
75 997 1
77 260 10
77 168 3
77 266 25
77 949 3
77 575 4
78 178 1
82 135 1
90 283 2
90 742 5
90 135 2
90 114 1
90 720 1
90 657 1
90 850 1
90 923 1
90 220 1
90 479 1
96 420 6
98 592 1
98 291 1
98 429 1
104 912 2
104 416 2
105 418 1
107 685 1
112 166 1
119 700 1
120 923 1
120 772 2
120 454 1
125 622 1
126 416 1
133 168 3
133 416 1
133 602 1
133 765 1
134 291 1
134 454 1
135 450 5
135 581 10
135 870 1
135 233 3
135 170 1
135 371 1
135 628 3
137 742 2
142 316 1
143 544 1
147 347 4
147 230 1
152 362 1
152 422 1
159 920 1
159 923 1
159 844 3
159 334 1
160 530 1
160 629 2
160 630 2
165 401 1
166 743 1
167 978 1
167 851 1
167 502 1
168 260 1
168 232 10
168 266 5
168 782 3
168 557 1
168 912 2
168 305 2
168 472 4
168 949 2
168 439 2
168 984 1
168 607 1
171 347 1
175 849 1
175 275 2
175 670 1
178 482 1
178 228 1
178 502 6
178 710 1
178 295 1
178 599 1
178 333 1
178 976 1
178 693 3
178 470 1
178 409 1
178 249 1
178 538 1
178 767 1
178 231 2
178 605 1
178 862 1
178 991 1
180 847 2
188 988 1
189 410 1
189 365 1
191 692 1
193 633 1
193 923 1
199 644 3
200 915 2
200 428 1
207 424 1
207 795 1
207 469 1
207 558 2
214 321 1
214 923 1
214 623 2
216 558 1
220 364 1
220 607 1
228 693 3
229 306 2
229 628 3
229 607 1
231 698 1
231 607 1
232 313 1
232 575 2
233 692 1
235 923 1
239 609 1
239 923 1
239 542 1
245 698 1
248 746 2
248 915 3
248 506 1
260 266 10
260 949 2
266 949 4
266 575 5
267 530 3
268 291 1
275 316 1
280 530 1
280 629 2
284 422 1
291 454 2
291 713 1
291 429 2
291 401 1
294 868 1
299 607 2
311 697 1
316 647 1
316 428 1
316 857 1
316 915 3
318 332 3
318 684 1
319 1002 5
319 458 1
319 558 1
321 458 1
324 415 1
329 819 1
334 607 4
335 790 2
335 839 1
338 687 1
347 966 2
353 891 2
353 373 1
356 586 1
360 629 2
362 802 1
364 582 1
372 404 2
377 457 1
377 866 3
377 729 2
383 720 2
401 429 2
401 454 2
402 788 1
413 935 1
416 912 1
418 996 12
420 559 6
421 424 1
421 795 1
424 795 2
424 846 1
427 955 1
429 925 1
429 454 4
435 586 3
435 782 2
440 737 1
440 506 1
445 891 1
447 762 1
450 602 2
450 900 2
454 609 2
454 772 4
454 592 2
458 684 1
458 558 2
458 956 1
462 670 1
469 978 1
469 851 2
472 782 9
472 575 5
474 603 1
476 923 1
493 629 2
493 630 1
499 609 1
499 558 1
502 862 1
506 924 1
506 644 5
516 837 1
516 783 1
526 629 2
530 629 2
530 891 4
531 987 1
535 854 1
540 697 1
540 698 1
540 955 3
541 644 2
543 838 3
547 846 1
550 671 1
558 956 1
559 634 1
561 629 2
561 846 3
575 782 5
587 720 1
592 927 1
602 908 1
602 765 1
609 772 3
609 618 1
609 918 1
622 676 1
629 658 2
629 685 1
629 846 2
629 630 2
629 631 1
629 891 2
630 779 1
633 923 1
634 788 1
644 996 8
644 924 2
644 702 2
648 765 1
656 891 2
671 692 1
680 731 1
684 844 1
697 925 2
697 855 2
698 840 1
698 873 1
698 764 1
707 923 1
718 724 1
738 923 1
738 783 1
739 846 1
742 900 1
746 935 3
765 908 1
772 833 1
772 951 1
772 923 1
773 955 1
774 947 14
782 790 6
790 812 6
819 887 1
857 952 1
875 923 1
880 923 1
890 923 1
921 923 1
923 951 1
925 987 2
925 955 1
933 966 1
935 966 1
952 971 1
