0
1
2
3
4
5
6
7
8
9
10
11
12
13
14
15
16
17
18
19
20
21
22
23
24
25
26
27
28
29
30
31
32
33
34
35
36
37
38
39
40
41
42
43
44
45
46
47
48
49
50
51
52
53
54
55
56
57
58
59
60
61
62
63
64
65
66
67
68
69
70
71
72
73
74
75
76
77
78
79
80
81
82
83
84
85
86
87
88
89
90
91
92
93
94
95
96
97
98
99
100
101
102
103
104
105
106
107
108
109
110
111
112
113
114
115
116
117
118
119
120
121
122
123
124
125
126
127
128
129
130
131
132
133
134
135
136
137
138
139
141
142
143
144
145
146
147
148
149
150
151
152
153
154
155
157
158
159
160
161
162
163
164
165
166
167
168
169
170
171
172
173
174
175
176
177
178
179
180
181
182
183
184
185
186
187
188
189
190
191
192
193
194
195
196
197
198
199
200
201
202
203
204
205
206
207
208
209
210
211
212
213
214
215
216
217
218
219
220
221
222
223
224
225
226
227
228
229
230
231
232
233
235
236
237
238
239
240
241
242
243
244
245
246
247
248
249
250
251
252
253
254
255
256
257
259
260
262
263
264
265
266
267
268
269
270
271
272
273
274
275
276
277
278
279
280
281
282
283
284
285
286
287
288
289
290
291
292
293
294
295
296
297
299
300
301
302
303
304
305
306
307
308
309
310
311
312
313
314
315
316
317
318
319
320
321
322
323
324
325
326
327
328
329
330
331
332
333
334
335
336
337
338
339
340
341
343
344
345
346
347
348
349
350
351
352
353
355
356
357
358
359
360
361
362
364
365
366
367
368
369
370
371
372
373
374
375
376
377
378
379
380
381
382
383
384
385
386
387
388
389
390
391
392
393
394
395
396
397
398
399
400
401
402
403
404
405
406
407
408
409
410
411
412
413
414
415
416
418
419
420
421
422
423
424
425
426
427
428
429
430
431
432
433
434
435
436
437
438
439
440
441
442
443
444
445
446
447
448
449
450
451
452
453
454
455
456
457
458
459
460
461
462
464
465
466
467
468
469
470
471
472
473
474
475
476
477
478
479
480
481
482
483
484
485
486
487
488
489
490
491
492
493
495
496
497
498
499
500
501
502
503
504
505
506
507
508
509
510
511
512
513
514
515
516
517
518
519
520
521
522
523
524
525
526
527
528
530
531
532
533
534
535
536
537
538
539
540
541
542
543
544
545
546
547
548
549
550
551
552
553
554
556
557
558
559
560
561
562
563
564
565
566
567
568
569
570
571
572
573
574
575
576
577
578
579
580
581
582
583
584
585
586
587
588
589
590
591
592
593
594
595
596
597
598
599
600
601
602
603
604
605
606
607
609
610
611
612
613
614
615
616
617
618
619
621
622
623
624
625
626
627
628
629
630
631
632
633
634
635
636
637
638
639
640
641
642
643
644
645
646
647
648
649
650
651
652
653
654
655
656
657
658
659
660
661
662
663
664
665
666
667
668
669
670
671
672
673
674
675
676
677
678
679
680
681
682
683
684
685
686
687
688
689
690
691
692
693
694
695
696
697
698
699
700
701
702
703
704
705
706
707
708
709
710
711
712
713
714
715
716
717
718
719
720
721
722
723
724
725
726
727
728
729
730
731
732
733
734
735
736
737
738
739
740
741
742
743
744
745
746
747
748
749
750
751
752
753
754
756
757
758
759
760
761
762
763
764
765
767
768
769
770
771
772
773
774
775
776
777
778
779
780
781
782
783
784
785
786
787
788
789
790
791
792
793
794
795
796
797
798
799
800
801
802
803
804
805
806
807
808
809
810
811
812
813
814
815
816
817
818
819
820
821
822
823
824
825
826
827
828
829
830
831
832
833
834
835
836
837
838
839
840
841
842
843
844
845
846
847
848
849
850
851
852
853
854
855
856
857
858
859
860
861
862
863
864
865
866
867
868
869
870
871
872
873
874
875
876
877
878
879
880
881
882
883
884
885
886
887
888
889
890
891
892
893
894
895
896
897
898
899
900
901
902
903
904
905
906
907
908
909
910
911
912
913
914
915
916
917
918
919
920
921
922
923
924
925
926
927
928
929
930
931
932
933
934
935
936
937
938
939
940
941
942
943
944
945
946
947
948
949
950
951
952
953
954
955
956
957
958
960
961
962
963
964
965
966
967
968
969
970
971
972
973
974
975
976
977
978
979
980
981
982
983
984
985
986
987
988
989
990
991
992
993
994
995
996
997
998
999
1000
1001
1002
1003
1004
0 6 1
0 228 1
0 502 1
0 710 1
0 295 1
0 519 1
0 599 1
0 333 3
0 78 1
0 976 1
0 569 1
0 178 2
0 693 1
0 470 1
0 409 1
0 249 1
0 538 1
0 767 1
0 605 1
0 862 1
0 991 1
2 52 1
2 231 1
4 304 1
5 491 3
5 808 1
5 553 3
5 107 2
5 175 1
5 506 1
5 29 1
5 670 1
6 569 1
6 178 1
6 333 2
6 506 1
7 810 1
10 657 1
13 120 1
13 532 8
13 951 1
14 924 2
14 506 2
14 516 1
14 189 2
15 680 1
15 422 3
16 410 1
16 102 1
19 333 1
24 587 1
24 629 1
24 902 1
24 189 1
25 48 2
25 216 1
25 458 1
25 684 1
25 319 1
28 987 3
29 506 1
29 724 2
29 335 2
30 104 1
30 313 1
30 765 1
30 120 1
30 743 1
31 316 2
31 165 12
31 990 1
32 700 2
32 197 1
32 134 1
35 978 2
35 165 1
38 324 2
40 802 1
40 772 1
40 712 2
40 272 1
40 120 1
40 187 3
41 73 2
41 723 5
41 758 1
42 534 1
45 66 1
46 788 3
46 310 3
48 458 1
48 558 1
48 216 1
48 956 1
48 319 1
50 559 6
52 416 1
52 868 1
52 912 1
52 948 1
52 790 1
53 272 1
53 193 4
53 290 1
53 923 2
53 120 2
56 482 3
56 987 4
56 692 1
56 951 1
61 450 1
61 771 2
61 356 1
61 742 5
61 135 1
61 332 1
61 718 7
61 591 1
61 915 1
61 724 1
61 502 2
61 948 1
61 687 1
61 703 1
62 800 3
62 90 1
62 485 1
62 646 6
62 551 1
65 193 1
67 963 6
67 165 8
67 391 1
67 846 3
67 207 2
67 561 5
67 344 3
68 506 1
68 987 3
68 189 2
70 772 2
70 633 1
70 334 2
70 310 2
70 663 2
70 120 1
70 324 1
70 90 2
70 607 1
70 159 1
71 595 1
73 723 1
74 166 3
74 294 1
74 586 5
74 332 1
74 112 3
74 885 1
74 759 3
74 573 1
74 447 2
75 257 1
75 772 3
75 997 1
75 178 3
75 334 1
75 850 3
75 948 1
75 220 3
75 607 1
76 410 1
77 168 2
77 912 1
77 260 3
78 569 1
78 410 1
78 178 2
78 951 1
82 771 1
83 771 1
83 443 1
83 86 1
84 343 2
86 443 7
90 901 1
90 646 1
90 657 1
90 416 4
90 809 3
90 628 1
90 307 2
90 692 1
90 313 4
90 948 1
90 191 1
90 193 1
90 324 2
90 205 2
90 850 1
90 987 2
90 606 1
90 609 1
90 226 1
90 356 5
90 103 2
90 1003 1
90 500 3
91 607 1
92 316 2
95 987 3
95 951 2
96 420 2
98 592 7
98 401 4
98 707 4
98 291 1
101 246 4
101 423 3
103 977 4
103 310 13
103 423 2
105 849 1
105 418 2
105 582 1
107 120 5
107 553 1
107 810 2
107 808 2
111 762 1
112 674 8
112 356 9
112 168 2
112 267 3
112 912 2
112 472 2
112 313 4
112 316 2
118 553 1
118 724 1
118 532 2
118 335 2
120 772 6
120 193 2
120 267 1
120 783 1
120 534 1
120 920 2
120 540 1
120 157 1
120 542 2
120 544 1
120 802 1
120 804 2
120 198 1
120 167 1
120 775 1
120 433 1
120 178 1
120 948 1
120 823 2
120 316 2
120 573 3
120 190 2
120 191 1
120 416 1
120 196 1
120 609 1
120 454 1
120 586 3
120 141 1
120 978 1
120 854 2
120 220 3
120 865 1
120 868 2
120 233 1
120 850 2
120 500 1
120 629 1
120 633 3
120 127 2
122 410 1
125 676 1
125 622 1
125 206 1
125 487 1
126 416 1
126 648 1
126 948 3
127 772 5
127 754 3
127 595 1
127 214 1
127 407 1
127 415 2
127 732 1
127 607 1
132 139 1
132 388 1
134 592 9
134 147 4
134 718 1
134 291 1
135 746 4
136 316 4
136 165 1
137 936 1
141 512 2
141 978 4
142 275 1
142 892 2
142 267 7
142 316 2
142 214 1
147 257 1
147 454 2
147 844 1
147 157 1
147 214 4
147 285 1
147 150 1
147 159 2
149 724 1
149 716 2
149 372 8
150 997 1
152 443 2
153 410 1
157 577 2
157 931 1
157 356 1
157 933 8
157 746 5
157 171 1
157 684 1
157 590 1
157 586 2
157 277 1
157 462 1
157 542 1
157 347 2
157 285 5
157 926 1
157 517 1
158 506 1
159 609 1
159 707 2
159 742 1
159 617 1
159 586 11
159 209 1
160 658 2
160 858 2
160 629 1
160 526 1
161 626 1
161 951 4
164 420 1
164 638 3
164 943 1
165 552 2
165 401 11
165 344 6
165 316 13
166 416 1
166 674 3
166 517 1
166 782 1
166 946 2
166 586 1
167 978 3
167 630 3
167 214 1
168 356 16
168 885 1
168 260 2
168 232 13
168 266 1
168 556 7
168 912 26
168 984 5
168 752 1
168 948 6
168 949 8
168 790 6
168 439 7
168 472 23
168 868 1
168 946 1
168 313 6
168 447 2
169 372 3
170 855 4
170 720 1
170 628 2
170 214 1
170 951 3
170 697 2
173 657 1
173 506 2
175 737 1
175 423 1
175 849 6
175 275 2
175 410 1
178 772 2
178 470 1
178 280 2
178 409 2
178 538 1
178 295 1
178 693 2
178 569 2
178 991 1
178 189 1
178 710 1
178 333 2
178 464 1
178 339 1
178 214 2
178 599 1
178 605 1
178 862 4
178 607 1
178 976 1
178 482 3
178 228 1
178 231 1
178 232 3
178 628 3
178 502 16
178 249 2
178 250 2
178 767 1
180 958 1
180 727 1
181 362 1
181 190 2
184 410 1
184 407 1
185 762 1
185 850 1
185 854 5
185 501 1
186 722 2
187 254 1
188 978 2
189 506 3
189 428 3
189 746 1
189 716 1
189 530 1
189 334 3
189 502 4
189 249 2
189 410 4
189 731 1
189 605 2
189 462 1
190 353 3
190 614 2
190 656 2
190 920 1
190 274 2
190 373 3
191 890 1
191 595 3
191 949 3
193 802 1
193 707 2
193 272 1
193 500 2
193 633 1
195 595 5
196 873 1
196 850 1
196 291 1
197 923 3
199 506 1
199 924 1
199 541 1
201 754 1
207 424 4
207 795 1
207 978 2
207 469 1
208 977 1
208 506 1
208 236 3
209 356 4
214 900 2
214 776 1
214 772 1
214 540 1
214 416 1
214 290 3
214 940 1
214 951 2
214 707 1
214 712 3
214 586 1
214 724 2
214 857 1
214 742 3
214 746 1
214 915 2
216 704 1
216 558 1
220 609 1
220 334 5
220 752 1
220 383 4
223 746 5
223 462 2
223 415 1
226 440 1
226 506 1
228 569 1
229 306 2
229 607 3
230 577 2
230 347 1
231 245 5
231 698 1
231 987 3
231 540 5
231 830 1
231 607 1
232 472 8
232 946 1
233 692 6
233 245 3
235 923 2
236 537 14
238 727 3
239 577 2
239 595 2
239 923 2
239 951 2
239 377 1
243 718 1
245 264 3
245 624 2
245 840 1
245 329 1
245 698 1
245 987 3
245 540 1
245 830 1
246 377 1
246 724 1
246 423 8
248 746 4
248 462 1
248 591 1
248 334 1
248 506 1
248 923 4
248 607 1
249 569 1
249 506 2
251 410 1
251 987 3
256 416 2
256 313 6
256 356 2
256 885 1
256 294 3
260 912 2
264 329 1
266 912 1
266 439 6
267 586 2
267 435 4
267 630 3
267 891 1
270 654 2
271 746 1
272 450 2
272 662 2
273 951 5
274 817 1
275 849 5
277 746 2
278 776 4
278 334 1
278 462 2
280 902 1
280 530 1
280 629 1
280 891 2
280 862 1
281 586 1
284 680 1
288 484 1
288 391 17
288 493 18
288 561 18
288 629 17
288 630 1
288 445 17
291 454 1
291 713 1
291 1003 1
291 429 1
291 592 1
291 401 5
293 724 1
293 572 1
293 502 1
294 416 3
294 817 9
294 948 4
294 885 8
294 984 1
294 313 2
294 586 1
294 447 1
295 569 1
301 978 2
302 316 2
304 317 3
305 946 1
306 752 1
306 523 2
306 771 4
310 586 1
310 943 1
310 853 1
310 343 9
310 477 12
311 697 1
311 955 1
311 540 1
311 987 3
313 912 2
313 356 20
313 885 1
313 472 4
316 392 5
316 892 1
316 971 1
316 334 1
316 687 1
316 592 1
316 915 2
316 953 1
316 607 1
316 543 2
316 349 2
316 990 2
317 769 1
317 374 1
318 684 1
319 499 1
319 758 1
320 843 2
322 334 3
322 663 1
324 343 2
327 537 2
327 644 1
327 381 2
329 624 3
329 775 1
332 435 3
332 500 7
332 575 1
333 772 5
333 502 1
333 599 2
333 569 1
334 546 4
334 550 2
334 586 2
334 910 1
334 687 2
334 850 1
334 915 1
334 692 3
334 462 2
334 534 2
334 617 1
334 607 2
335 737 1
335 899 1
335 553 1
335 980 7
335 381 3
335 670 1
337 505 3
338 987 3
339 569 1
343 399 2
343 663 3
347 933 3
349 976 2
349 724 4
353 920 1
355 686 1
356 648 1
356 912 12
356 472 15
356 790 3
356 721 3
356 602 5
356 416 4
356 948 6
356 447 2
356 586 2
356 984 1
356 730 5
356 868 1
356 743 4
356 762 1
356 765 2
361 987 3
362 383 1
362 909 1
364 506 1
364 764 1
369 535 5
369 823 5
372 595 2
372 404 2
372 934 2
373 656 1
374 400 2
377 522 1
377 724 2
377 951 2
377 506 1
379 568 1
379 443 1
381 506 1
383 720 1
383 469 2
388 742 1
393 843 6
397 671 1
397 975 1
400 771 1
401 772 1
401 454 4
401 429 11
401 415 4
409 569 1
410 482 1
410 837 1
410 433 1
410 1001 1
410 650 2
410 663 1
410 994 1
410 977 1
410 777 1
410 924 1
410 541 1
410 767 1
414 891 4
415 462 2
416 546 1
416 707 3
416 586 6
416 782 9
416 912 1
416 946 5
416 948 6
416 885 3
416 439 3
416 772 5
416 949 2
418 977 11
418 969 1
418 996 11
420 559 3
421 424 3
421 978 3
421 795 1
422 680 1
423 849 4
423 779 2
423 977 3
424 552 1
424 978 2
424 795 5
425 946 6
427 955 5
427 540 1
428 851 1
432 987 3
432 468 1
433 987 4
433 789 2
435 586 6
435 500 5
439 912 3
440 537 4
440 737 1
442 506 1
443 662 5
445 629 1
447 912 1
447 885 1
447 573 1
450 802 1
450 742 2
450 712 2
450 746 4
450 462 1
450 568 1
454 609 1
454 772 1
454 592 6
462 517 1
462 783 1
462 535 1
462 923 2
462 670 1
462 687 2
462 692 2
462 542 1
462 586 3
462 718 1
462 591 2
462 851 1
462 742 1
462 617 2
469 512 2
469 978 2
470 569 1
472 912 5
472 575 1
477 534 1
479 696 1
479 951 1
480 987 3
482 951 1
482 987 3
482 990 2
484 530 3
484 629 1
485 854 2
485 823 1
491 553 2
491 977 2
493 561 3
493 530 1
495 568 2
497 977 7
499 684 1
499 844 1
499 558 1
500 782 1
500 687 2
500 814 1
500 542 3
502 772 1
502 746 5
502 951 1
502 569 1
502 862 5
506 643 1
506 644 1
506 1004 1
506 783 1
506 921 1
506 923 2
506 796 1
506 541 5
506 808 1
506 924 8
506 670 1
506 951 3
506 702 2
506 605 1
506 866 1
506 996 2
506 1001 1
506 881 1
510 622 1
512 978 2
514 977 4
514 638 2
516 804 2
516 743 2
516 700 1
516 783 1
516 532 1
516 790 2
516 719 2
516 924 9
517 586 1
522 746 1
523 946 1
528 722 1
528 909 1
530 746 5
530 851 2
530 629 6
530 630 5
530 891 6
531 987 3
532 553 5
532 1001 1
534 935 1
534 746 6
534 607 1
535 823 1
537 657 2
538 569 1
540 773 1
540 987 3
540 624 4
540 951 4
540 855 3
540 697 1
540 698 1
540 955 6
540 925 1
541 738 1
541 719 1
541 657 1
541 850 5
541 923 1
542 646 1
542 743 1
542 746 6
542 587 3
542 586 1
544 772 1
546 577 2
546 550 3
546 841 1
546 854 5
547 978 2
550 746 2
550 854 2
550 743 2
552 978 2
552 951 1
556 912 2
558 684 1
558 844 1
559 622 5
561 629 1
561 846 4
565 956 1
566 772 1
568 771 2
569 710 1
569 599 1
569 976 1
569 693 1
569 767 1
569 605 1
569 862 1
569 991 1
570 946 1
580 791 1
582 987 3
582 764 2
582 996 1
586 782 3
586 912 2
586 684 1
586 687 1
586 885 1
589 922 1
591 746 5
591 923 1
591 607 6
592 609 20
592 713 3
592 948 6
593 718 1
595 934 3
595 790 1
597 754 1
602 912 1
602 721 1
602 782 3
602 743 1
607 978 1
607 915 1
607 692 2
607 718 1
607 926 2
609 772 3
609 1003 1
609 951 1
609 890 3
609 923 1
614 978 2
622 676 1
622 788 3
626 703 1
629 838 1
629 630 8
629 762 3
629 891 6
630 685 3
630 891 1
633 707 2
633 951 1
638 832 1
638 663 3
641 987 3
644 996 1
644 826 1
644 924 14
644 702 2
648 885 1
650 738 5
650 783 2
651 951 1
654 738 5
654 783 4
656 920 1
663 706 1
663 951 11
668 720 1
668 746 18
668 935 2
669 951 1
672 758 1
679 746 1
680 720 2
680 707 4
681 951 2
684 746 5
685 1001 1
685 724 1
687 742 1
687 776 2
687 746 5
687 712 1
687 923 2
692 742 1
692 746 6
692 819 2
692 980 4
696 876 1
697 771 1
697 855 4
697 925 1
698 840 1
698 873 1
698 987 3
698 764 1
700 881 2
700 812 1
700 840 1
703 771 3
706 951 1
707 880 3
707 951 6
707 923 1
711 724 1
711 718 2
712 802 1
715 926 3
718 934 3
718 746 4
718 724 2
719 837 2
720 771 3
720 935 4
720 746 3
720 813 3
723 933 1
723 758 2
724 738 2
724 866 1
724 976 1
724 953 1
730 868 2
731 746 4
737 849 1
738 783 4
738 951 1
738 923 1
739 746 4
742 900 6
742 746 4
742 784 1
742 772 2
742 863 1
746 776 4
746 915 1
746 920 8
746 935 19
746 775 4
746 813 10
746 834 4
746 841 3
746 851 5
746 980 4
746 994 4
748 926 1
752 948 1
754 779 2
758 918 1
758 956 1
762 912 1
762 946 1
764 987 3
765 912 1
765 946 1
770 880 1
771 901 1
772 923 3
772 948 5
772 951 4
772 865 1
772 978 1
772 883 1
773 955 1
776 923 7
779 843 1
780 977 4
782 868 13
782 912 2
783 804 1
783 850 2
784 901 1
789 987 3
790 868 5
790 812 1
795 978 2
804 928 2
804 881 7
804 850 2
808 898 4
809 987 3
810 881 1
813 935 3
817 978 2
828 850 4
833 850 1
838 952 2
840 867 2
840 987 3
849 987 3
850 1001 1
850 987 3
851 978 4
851 920 1
862 909 1
868 912 1
872 987 5
873 987 3
874 925 1
876 999 1
881 928 1
885 984 2
890 978 2
890 923 5
907 951 2
912 949 4
912 984 2
921 923 2
923 951 2
924 1001 4
925 955 1
925 987 3
939 951 1
950 977 4
950 1001 2
951 979 1
951 996 5
954 978 2
955 987 4
957 978 2
977 1004 3
978 988 3
987 994 4
