0
1
2
3
4
5
6
7
8
9
10
11
12
13
14
15
16
17
18
19
20
21
22
23
24
25
26
27
28
29
30
31
32
33
34
35
36
37
38
39
40
41
42
43
44
45
46
47
48
49
50
51
52
53
54
55
56
57
58
59
60
61
62
63
64
65
66
67
68
69
70
71
72
73
74
75
76
77
78
79
80
81
82
83
84
85
86
87
88
89
90
91
92
93
94
95
96
97
98
99
100
101
102
103
104
105
106
107
108
109
110
111
112
113
114
115
116
117
118
119
120
121
122
123
124
125
126
127
128
129
130
131
132
133
134
135
136
137
138
139
141
142
143
144
145
146
147
148
149
150
151
152
153
154
155
157
158
159
160
161
162
163
164
165
166
167
168
169
170
171
172
173
174
175
176
177
178
179
180
181
182
183
184
185
186
187
188
189
190
191
192
193
194
195
196
197
198
199
200
201
202
203
204
205
206
207
208
209
210
211
212
213
214
215
216
217
218
219
220
221
222
223
224
225
226
227
228
229
230
231
232
233
235
236
237
238
239
240
241
242
243
244
245
246
247
248
249
250
251
252
253
254
255
256
257
259
260
262
263
264
265
266
267
268
269
270
271
272
273
274
275
276
277
278
279
280
281
282
283
284
285
286
287
288
289
290
291
292
293
294
295
296
297
299
300
301
302
303
304
305
306
307
308
309
310
311
312
313
314
315
316
317
318
319
320
321
322
323
324
325
326
327
328
329
330
331
332
333
334
335
336
337
338
339
340
341
343
344
345
346
347
348
349
350
351
352
353
355
356
357
358
359
360
361
362
364
365
366
367
368
369
370
371
372
373
374
375
376
377
378
379
380
381
382
383
384
385
386
387
388
389
390
391
392
393
394
395
396
397
398
399
400
401
402
403
404
405
406
407
408
409
410
411
412
413
414
415
416
418
419
420
421
422
423
424
425
426
427
428
429
430
431
432
433
434
435
436
437
438
439
440
441
442
443
444
445
446
447
448
449
450
451
452
453
454
455
456
457
458
459
460
461
462
464
465
466
467
468
469
470
471
472
473
474
475
476
477
478
479
480
481
482
483
484
485
486
487
488
489
490
491
492
493
495
496
497
498
499
500
501
502
503
504
505
506
507
508
509
510
511
512
513
514
515
516
517
518
519
520
521
522
523
524
525
526
527
528
530
531
532
533
534
535
536
537
538
539
540
541
542
543
544
545
546
547
548
549
550
551
552
553
554
556
557
558
559
560
561
562
563
564
565
566
567
568
569
570
571
572
573
574
575
576
577
578
579
580
581
582
583
584
585
586
587
588
589
590
591
592
593
594
595
596
597
598
599
600
601
602
603
604
605
606
607
609
610
611
612
613
614
615
616
617
618
619
621
622
623
624
625
626
627
628
629
630
631
632
633
634
635
636
637
638
639
640
641
642
643
644
645
646
647
648
649
650
651
652
653
654
655
656
657
658
659
660
661
662
663
664
665
666
667
668
669
670
671
672
673
674
675
676
677
678
679
680
681
682
683
684
685
686
687
688
689
690
691
692
693
694
695
696
697
698
699
700
701
702
703
704
705
706
707
708
709
710
711
712
713
714
715
716
717
718
719
720
721
722
723
724
725
726
727
728
729
730
731
732
733
734
735
736
737
738
739
740
741
742
743
744
745
746
747
748
749
750
751
752
753
754
756
757
758
759
760
761
762
763
764
765
767
768
769
770
771
772
773
774
775
776
777
778
779
780
781
782
783
784
785
786
787
788
789
790
791
792
793
794
795
796
797
798
799
800
801
802
803
804
805
806
807
808
809
810
811
812
813
814
815
816
817
818
819
820
821
822
823
824
825
826
827
828
829
830
831
832
833
834
835
836
837
838
839
840
841
842
843
844
845
846
847
848
849
850
851
852
853
854
855
856
857
858
859
860
861
862
863
864
865
866
867
868
869
870
871
872
873
874
875
876
877
878
879
880
881
882
883
884
885
886
887
888
889
890
891
892
893
894
895
896
897
898
899
900
901
902
903
904
905
906
907
908
909
910
911
912
913
914
915
916
917
918
919
920
921
922
923
924
925
926
927
928
929
930
931
932
933
934
935
936
937
938
939
940
941
942
943
944
945
946
947
948
949
950
951
952
953
954
955
956
957
958
960
961
962
963
964
965
966
967
968
969
970
971
972
973
974
975
976
977
978
979
980
981
982
983
984
985
986
987
988
989
990
991
992
993
994
995
996
997
998
999
1000
1001
1002
1003
1004
0 6 2
0 228 1
0 502 1
0 710 1
0 295 1
0 599 1
0 333 2
0 78 1
0 976 1
0 178 1
0 693 1
0 470 1
0 409 1
0 249 1
0 538 1
0 767 1
0 732 1
0 605 1
0 862 1
0 991 1
1 309 1
1 310 2
2 866 1
2 231 4
2 680 1
2 77 2
2 334 2
2 465 2
2 61 3
4 362 1
5 553 1
5 107 4
5 175 3
5 491 2
6 178 1
6 333 1
6 189 1
11 193 1
13 532 1
13 738 2
13 516 2
14 506 4
14 850 2
14 381 1
14 702 1
14 173 1
15 422 1
16 754 2
16 541 2
16 718 2
16 423 2
17 92 1
17 316 2
19 862 1
24 280 2
24 493 2
24 891 3
24 629 8
24 31 2
25 704 1
25 48 1
25 458 1
25 684 1
25 214 1
26 450 1
28 987 7
29 732 2
29 670 1
30 868 2
30 209 1
30 104 3
30 936 2
30 313 5
30 765 4
31 165 13
31 190 1
31 90 1
31 316 4
31 990 2
32 293 1
32 433 3
32 718 4
32 337 3
32 724 2
32 791 1
32 280 2
32 572 2
32 61 3
32 862 2
32 197 1
35 280 1
35 658 1
38 832 1
38 522 1
40 450 7
40 900 1
40 712 3
40 802 1
40 272 1
40 662 1
40 159 3
41 723 2
42 214 1
46 310 1
48 684 1
48 458 2
48 844 1
48 558 1
48 216 1
48 956 3
48 319 1
52 912 1
52 168 8
52 232 3
52 166 1
53 193 1
53 609 1
53 311 1
53 120 1
53 633 1
53 923 1
53 159 1
56 987 5
56 159 3
58 909 1
61 193 1
61 388 1
61 502 2
61 135 2
61 517 1
61 450 5
61 334 3
61 915 1
61 724 2
61 718 7
61 534 1
61 377 1
61 356 3
61 851 2
61 991 4
61 189 2
61 127 1
62 472 2
62 912 1
62 168 1
62 356 1
62 765 1
67 963 12
67 165 8
67 454 1
67 846 8
67 207 7
67 561 7
67 344 9
68 987 5
71 595 1
71 318 1
72 135 3
74 232 1
75 833 1
75 740 1
75 997 1
75 841 2
75 617 1
75 334 1
75 499 2
75 850 1
75 915 1
75 629 1
75 633 1
75 772 3
75 91 1
75 220 4
75 190 1
75 607 2
77 260 2
77 168 4
77 266 9
77 912 1
77 949 1
77 575 1
78 976 1
78 178 6
78 710 1
78 599 1
82 870 1
86 443 4
86 703 1
90 978 1
90 613 1
90 135 1
90 428 3
90 746 1
90 940 2
90 850 2
90 783 2
90 173 3
90 178 2
90 236 2
90 693 1
90 851 1
90 413 2
91 850 2
91 629 1
92 658 1
92 316 2
95 329 1
95 987 5
98 707 32
98 454 9
98 134 23
98 713 25
98 107 36
98 268 29
98 429 15
98 592 20
98 401 21
98 291 10
98 117 31
98 278 9
101 246 2
102 510 1
103 514 1
103 164 1
103 310 2
103 423 1
103 780 1
103 303 1
103 950 1
104 912 3
104 266 1
104 765 6
104 439 1
107 553 1
107 607 1
107 670 3
107 159 1
111 586 1
112 517 2
113 927 2
114 189 1
116 712 2
117 268 4
118 502 1
118 862 1
120 739 1
120 772 5
120 198 1
120 334 2
120 783 1
120 752 2
120 595 2
120 500 1
120 854 2
120 952 2
120 927 1
125 324 1
126 416 1
126 889 1
126 868 1
126 166 1
126 356 1
127 325 2
127 934 1
127 595 1
127 377 2
127 189 1
127 159 1
133 416 4
134 923 1
134 454 2
134 592 1
134 147 1
134 347 3
135 720 1
135 450 6
135 443 1
135 581 14
135 936 2
135 233 1
135 170 1
135 549 1
135 942 4
135 272 1
135 371 1
135 628 4
135 718 4
135 920 1
135 607 1
135 703 1
136 857 1
136 915 1
136 316 2
136 629 1
139 510 1
141 851 3
141 188 1
141 614 1
142 267 2
142 857 1
142 915 1
142 316 2
142 280 1
147 416 1
147 171 1
147 686 2
147 347 6
147 607 2
149 372 2
151 253 1
152 362 1
152 443 3
152 422 1
157 607 1
158 506 1
159 802 3
159 712 4
159 617 1
159 940 3
159 844 3
159 450 2
159 334 1
159 719 2
159 787 4
159 214 7
159 983 1
159 738 1
159 731 1
159 671 2
160 360 1
160 658 1
160 526 1
160 530 2
160 629 4
160 891 1
164 420 3
164 879 1
165 207 1
165 401 13
165 344 7
165 857 1
165 316 8
166 782 1
167 988 1
167 362 1
167 851 4
167 188 1
168 416 3
168 260 8
168 305 4
168 266 3
168 782 4
168 912 10
168 984 3
168 949 7
168 439 4
168 472 4
168 575 3
174 534 2
174 510 1
175 849 8
175 275 5
178 409 1
178 538 1
178 862 1
178 646 1
178 295 1
178 693 3
178 991 1
178 710 1
178 969 1
178 333 4
178 976 1
178 470 1
178 599 1
178 605 1
178 990 1
178 607 1
178 228 1
178 502 15
178 249 2
178 767 3
181 190 4
184 843 1
184 686 1
185 915 2
187 712 1
187 802 1
188 421 1
188 978 1
188 851 2
188 469 1
188 280 2
188 988 2
189 1004 1
189 716 1
189 470 1
189 904 1
189 652 1
189 236 2
189 365 1
189 718 7
189 595 1
189 214 2
189 201 1
189 249 1
189 410 2
189 607 3
190 353 5
190 656 4
190 274 4
190 373 6
190 630 1
190 920 4
190 607 1
191 927 1
193 633 1
193 230 2
199 996 1
199 506 18
199 644 2
199 541 4
200 952 3
200 428 1
200 915 3
200 316 2
207 424 1
207 847 1
207 547 1
207 795 3
209 356 2
209 765 1
212 214 1
214 321 1
214 290 5
214 742 11
214 865 1
214 623 1
214 428 6
214 239 1
214 687 3
214 531 1
214 278 3
214 923 4
220 450 1
220 364 1
220 482 1
220 692 1
220 764 1
223 612 1
223 534 1
223 879 1
225 718 1
228 605 7
228 502 2
229 306 2
231 994 1
231 738 2
231 867 1
231 646 2
231 233 1
231 819 1
231 969 1
231 698 3
231 987 7
231 540 2
231 607 1
232 416 1
232 648 1
232 782 2
232 313 6
232 607 4
232 575 3
233 245 1
235 896 2
236 1004 4
236 980 4
236 383 1
239 596 1
241 280 1
241 547 1
245 951 3
245 692 2
245 841 1
245 698 3
245 987 5
246 377 1
246 724 2
246 423 2
250 607 5
250 927 2
251 987 5
253 290 3
253 566 3
254 802 1
256 416 3
256 313 1
256 294 1
257 454 1
260 416 1
260 266 1
260 912 3
260 949 2
264 540 5
266 416 1
266 912 3
266 949 8
267 416 1
267 674 2
267 838 1
267 586 4
267 656 9
267 530 2
267 629 3
267 854 1
267 891 2
267 700 1
267 990 1
268 291 2
268 454 3
268 713 2
268 633 4
272 450 2
272 703 1
275 849 5
278 923 2
280 647 2
280 656 1
280 530 3
280 915 2
280 920 2
280 547 2
280 421 1
280 422 1
280 561 2
280 846 1
280 978 2
280 851 3
280 526 2
280 990 1
280 607 1
280 293 1
280 360 2
280 629 3
280 631 2
280 891 1
281 905 2
281 718 4
284 731 4
291 401 3
291 454 1
293 718 1
294 416 2
294 586 5
294 762 1
299 607 18
302 428 1
302 316 2
302 454 1
305 790 2
306 771 3
306 742 10
306 784 1
306 659 6
306 790 2
310 368 2
310 334 3
311 697 1
311 955 2
311 987 5
311 540 1
313 416 1
313 765 1
316 344 3
316 647 2
316 971 3
316 428 5
316 629 1
316 915 8
316 543 2
316 952 2
316 857 2
316 990 2
316 415 7
318 595 1
318 332 1
319 736 3
321 956 1
321 565 1
322 368 3
322 343 2
322 879 1
322 420 2
322 591 1
327 381 2
329 582 1
329 910 1
329 692 1
329 607 3
329 540 2
332 500 12
333 502 1
333 506 1
334 987 1
334 617 2
334 994 1
334 692 2
334 534 2
334 671 3
334 638 1
334 607 9
335 726 1
338 987 5
341 915 2
343 718 2
343 534 1
344 952 1
347 966 1
347 933 1
353 891 4
356 416 1
356 868 1
356 517 1
356 743 2
356 648 3
356 586 1
356 718 3
356 912 1
356 472 6
356 602 2
356 574 1
360 891 1
360 629 3
361 987 5
362 547 1
362 528 1
362 561 1
362 563 1
362 661 1
362 857 1
362 954 1
362 538 1
362 868 2
364 987 6
364 414 1
364 582 2
368 879 1
369 535 3
369 927 1
372 404 1
372 595 2
372 572 2
372 934 1
377 866 8
377 457 3
377 718 3
378 514 2
379 568 1
381 506 1
383 720 2
388 718 2
388 534 1
388 638 1
391 891 1
391 629 1
392 674 1
395 402 1
397 607 3
398 712 2
401 454 5
401 429 4
401 415 10
402 706 1
404 718 1
407 718 1
410 658 3
413 935 1
415 416 1
415 771 1
415 617 1
415 587 1
415 784 1
415 607 1
416 912 4
416 927 2
416 517 1
416 557 1
416 949 4
416 439 1
416 586 3
416 868 1
416 500 1
418 996 8
421 547 1
421 424 1
421 851 1
421 795 1
422 680 1
422 731 3
424 795 2
424 547 1
424 990 1
427 955 2
428 450 1
428 915 7
428 857 1
429 454 2
432 987 5
433 633 2
433 994 2
433 987 6
433 951 1
435 586 2
435 500 3
435 782 1
437 532 1
439 912 2
439 949 4
440 506 2
443 581 3
443 742 4
443 936 1
443 662 2
444 535 2
444 927 2
445 891 1
450 802 2
450 765 2
450 900 1
450 718 2
450 712 7
450 851 3
450 662 1
450 947 1
453 595 1
454 706 1
454 772 3
454 713 2
454 592 3
454 948 1
454 629 2
458 684 2
458 704 1
458 918 1
462 762 1
464 718 2
465 812 1
466 572 1
469 978 1
469 851 5
469 630 1
471 987 1
472 770 1
472 782 5
472 912 1
472 765 1
472 575 2
481 565 4
482 987 5
482 606 2
482 847 1
485 823 1
485 542 1
485 927 2
491 532 3
493 891 1
493 795 4
493 629 4
493 630 2
497 977 1
499 956 1
500 586 3
500 782 1
502 718 3
502 851 1
502 538 1
502 700 1
502 607 2
506 996 8
506 775 2
506 850 1
506 644 4
506 783 2
506 924 2
506 541 6
510 939 2
510 534 2
511 987 5
512 851 4
513 927 2
514 603 1
514 780 1
516 700 1
516 532 6
516 828 1
517 718 4
526 530 1
526 891 1
526 629 3
528 742 2
530 846 1
530 658 1
530 629 9
530 630 4
530 891 4
531 987 13
531 731 2
532 881 1
532 804 1
532 761 1
534 718 2
534 746 1
534 591 2
534 951 3
534 607 3
535 722 2
535 854 2
535 542 1
535 927 2
540 641 2
540 994 2
540 987 6
540 840 2
540 624 1
540 692 1
540 697 1
540 698 4
540 955 10
540 764 1
540 925 1
541 738 1
541 996 4
541 979 1
541 702 1
542 546 1
542 718 2
542 823 2
542 927 1
543 952 1
546 873 1
546 550 2
547 978 1
547 957 1
550 671 1
551 927 1
553 808 4
557 949 1
558 956 1
561 846 1
561 629 3
561 891 1
565 956 1
565 844 3
568 802 1
568 947 1
573 617 1
573 586 1
575 782 3
575 912 1
575 949 1
577 686 1
581 855 1
581 594 1
582 987 5
582 764 1
584 731 2
586 984 1
586 868 2
586 762 2
587 720 8
591 746 1
591 910 1
591 915 1
591 692 2
591 718 2
591 923 1
591 607 2
592 801 1
592 713 1
592 927 4
595 934 2
595 718 2
595 687 1
596 802 1
602 765 1
607 915 2
607 927 1
607 802 2
607 692 1
607 696 2
607 671 1
607 850 1
607 890 1
607 702 3
607 629 7
607 758 1
609 772 2
617 833 2
617 923 1
617 720 1
624 692 1
628 720 1
629 658 3
629 685 3
629 846 2
629 630 3
629 631 3
629 891 7
630 779 3
630 891 4
631 891 1
637 915 1
638 706 1
641 987 5
644 996 12
644 702 4
646 854 1
646 927 1
650 682 1
650 654 1
654 738 1
654 682 2
654 991 1
656 988 2
658 838 3
658 891 1
659 771 2
660 771 1
672 844 1
680 720 2
680 731 1
681 718 1
684 844 1
685 1001 1
685 891 1
685 724 1
687 742 1
687 718 1
687 915 1
687 692 1
692 736 1
692 718 2
692 746 3
692 910 1
695 802 1
695 907 2
697 771 2
697 720 1
697 855 3
697 925 1
698 840 3
698 873 3
698 764 3
700 790 1
702 745 1
702 828 3
703 771 4
704 743 1
707 880 6
708 718 1
711 718 2
712 802 1
716 718 2
718 904 2
718 915 2
718 843 1
718 851 3
718 724 4
718 866 4
718 742 2
718 754 2
718 980 2
719 738 1
720 833 1
720 936 1
720 855 1
720 731 2
722 927 2
738 837 1
738 745 1
738 783 3
738 921 2
738 923 2
738 828 1
739 915 1
740 879 1
742 784 1
742 835 1
742 900 1
742 771 1
742 765 1
746 900 1
746 935 7
746 923 2
758 956 2
758 918 4
764 987 5
765 908 3
765 936 3
769 865 1
769 771 1
770 927 1
771 784 1
772 833 1
773 955 2
774 947 16
779 843 1
789 987 7
790 812 1
809 987 8
823 927 1
838 952 1
840 987 5
843 883 1
844 956 1
846 891 1
849 987 6
851 920 1
854 927 2
857 915 2
872 987 5
873 987 5
912 949 4
925 955 2
933 966 1
935 966 2
955 987 7
987 994 5
