0
1
2
3
4
5
6
7
8
9
10
11
12
13
14
15
16
17
18
19
20
21
22
23
24
25
26
27
28
29
30
31
32
33
34
35
36
37
38
39
40
41
42
43
44
45
46
47
48
49
50
51
52
53
54
55
56
57
58
59
60
61
62
63
64
65
66
67
68
69
70
71
72
73
74
75
76
77
78
79
80
81
82
83
84
85
86
87
88
89
90
91
92
93
94
95
96
97
98
99
100
101
102
103
104
105
106
107
108
109
110
111
112
113
114
115
116
117
118
119
120
121
122
123
124
125
126
127
128
129
130
131
132
133
134
135
136
137
138
139
141
142
143
144
145
146
147
148
149
150
151
152
153
154
155
157
158
159
160
161
162
163
164
165
166
167
168
169
170
171
172
173
174
175
176
177
178
179
180
181
182
183
184
185
186
187
188
189
190
191
192
193
194
195
196
197
198
199
200
201
202
203
204
205
206
207
208
209
210
211
212
213
214
215
216
217
218
219
220
221
222
223
224
225
226
227
228
229
230
231
232
233
235
236
237
238
239
240
241
242
243
244
245
246
247
248
249
250
251
252
253
254
255
256
257
259
260
262
263
264
265
266
267
268
269
270
271
272
273
274
275
276
277
278
279
280
281
282
283
284
285
286
287
288
289
290
291
292
293
294
295
296
297
299
300
301
302
303
304
305
306
307
308
309
310
311
312
313
314
315
316
317
318
319
320
321
322
323
324
325
326
327
328
329
330
331
332
333
334
335
336
337
338
339
340
341
343
344
345
346
347
348
349
350
351
352
353
355
356
357
358
359
360
361
362
364
365
366
367
368
369
370
371
372
373
374
375
376
377
378
379
380
381
382
383
384
385
386
387
388
389
390
391
392
393
394
395
396
397
398
399
400
401
402
403
404
405
406
407
408
409
410
411
412
413
414
415
416
418
419
420
421
422
423
424
425
426
427
428
429
430
431
432
433
434
435
436
437
438
439
440
441
442
443
444
445
446
447
448
449
450
451
452
453
454
455
456
457
458
459
460
461
462
464
465
466
467
468
469
470
471
472
473
474
475
476
477
478
479
480
481
482
483
484
485
486
487
488
489
490
491
492
493
495
496
497
498
499
500
501
502
503
504
505
506
507
508
509
510
511
512
513
514
515
516
517
518
519
520
521
522
523
524
525
526
527
528
530
531
532
533
534
535
536
537
538
539
540
541
542
543
544
545
546
547
548
549
550
551
552
553
554
556
557
558
559
560
561
562
563
564
565
566
567
568
569
570
571
572
573
574
575
576
577
578
579
580
581
582
583
584
585
586
587
588
589
590
591
592
593
594
595
596
597
598
599
600
601
602
603
604
605
606
607
609
610
611
612
613
614
615
616
617
618
619
621
622
623
624
625
626
627
628
629
630
631
632
633
634
635
636
637
638
639
640
641
642
643
644
645
646
647
648
649
650
651
652
653
654
655
656
657
658
659
660
661
662
663
664
665
666
667
668
669
670
671
672
673
674
675
676
677
678
679
680
681
682
683
684
685
686
687
688
689
690
691
692
693
694
695
696
697
698
699
700
701
702
703
704
705
706
707
708
709
710
711
712
713
714
715
716
717
718
719
720
721
722
723
724
725
726
727
728
729
730
731
732
733
734
735
736
737
738
739
740
741
742
743
744
745
746
747
748
749
750
751
752
753
754
756
757
758
759
760
761
762
763
764
765
767
768
769
770
771
772
773
774
775
776
777
778
779
780
781
782
783
784
785
786
787
788
789
790
791
792
793
794
795
796
797
798
799
800
801
802
803
804
805
806
807
808
809
810
811
812
813
814
815
816
817
818
819
820
821
822
823
824
825
826
827
828
829
830
831
832
833
834
835
836
837
838
839
840
841
842
843
844
845
846
847
848
849
850
851
852
853
854
855
856
857
858
859
860
861
862
863
864
865
866
867
868
869
870
871
872
873
874
875
876
877
878
879
880
881
882
883
884
885
886
887
888
889
890
891
892
893
894
895
896
897
898
899
900
901
902
903
904
905
906
907
908
909
910
911
912
913
914
915
916
917
918
919
920
921
922
923
924
925
926
927
928
929
930
931
932
933
934
935
936
937
938
939
940
941
942
943
944
945
946
947
948
949
950
951
952
953
954
955
956
957
958
960
961
962
963
964
965
966
967
968
969
970
971
972
973
974
975
976
977
978
979
980
981
982
983
984
985
986
987
988
989
990
991
992
993
994
995
996
997
998
999
1000
1001
1002
1003
1004
0 249 2
0 178 2
0 6 1
2 577 2
2 790 2
4 703 3
6 208 1
6 178 1
13 90 1
13 532 1
14 1001 1
14 924 1
14 702 1
16 377 1
16 362 1
24 629 4
24 189 1
28 987 9
30 765 1
31 428 1
38 832 3
38 474 1
38 322 2
38 939 1
38 309 1
40 712 1
50 402 1
50 559 3
56 987 8
61 178 1
61 692 2
61 718 2
61 687 2
62 800 3
62 485 1
62 646 1
64 84 1
64 534 1
67 344 1
67 963 2
67 207 1
68 987 8
74 166 3
74 294 1
74 392 1
74 586 2
74 112 1
74 573 1
74 126 1
75 178 1
77 168 1
78 178 1
86 443 2
90 915 1
90 516 2
90 997 1
90 935 2
90 712 1
90 107 1
90 142 1
90 464 1
90 881 2
90 147 2
90 199 1
90 248 4
90 281 1
90 506 1
90 220 2
90 926 1
95 987 8
96 388 1
96 559 1
98 592 1
101 377 6
101 423 1
101 246 1
101 729 1
103 977 7
103 423 9
104 765 1
104 790 3
105 764 1
105 471 3
107 553 2
107 532 5
107 415 1
119 812 1
120 293 1
120 334 2
120 807 1
125 622 1
126 790 1
126 782 2
133 602 1
134 306 1
135 581 5
135 746 2
135 942 7
135 628 5
135 170 2
135 830 1
136 200 1
136 915 2
136 838 2
142 892 1
147 931 2
157 248 1
166 759 1
166 500 1
166 743 4
167 274 1
167 978 1
168 416 1
168 362 1
168 949 1
169 404 1
170 855 1
171 214 1
175 737 3
175 275 1
175 246 2
178 772 2
178 519 1
178 409 1
178 538 1
178 295 1
178 693 2
178 569 1
178 710 1
178 333 1
178 976 1
178 339 1
178 470 1
178 599 1
178 605 1
178 862 1
178 991 1
178 228 1
178 629 2
178 502 2
178 249 1
178 767 1
181 190 1
185 502 1
187 450 1
189 362 1
189 428 1
189 718 1
189 595 1
189 249 1
189 410 1
189 731 1
190 656 1
190 353 1
190 274 1
190 373 1
197 746 1
199 924 2
199 996 3
200 971 1
200 344 1
200 952 2
200 316 1
200 543 1
207 795 1
214 416 2
214 935 1
214 841 2
214 746 1
214 720 2
220 772 2
228 605 2
229 306 1
231 987 8
232 472 6
232 425 2
232 946 2
233 692 5
236 537 2
245 987 8
245 951 2
246 423 1
246 724 4
249 724 3
251 987 8
256 294 1
264 329 1
266 949 1
267 952 1
267 392 2
267 586 1
267 435 2
267 838 2
271 746 1
274 841 1
274 817 1
275 737 1
280 978 1
280 630 1
280 502 1
291 429 1
294 416 2
294 817 5
294 885 1
294 313 3
294 586 1
294 447 1
299 322 2
299 559 1
304 317 3
306 790 1
306 523 1
310 477 1
311 987 8
313 447 1
316 857 3
316 428 1
322 638 1
322 388 1
322 334 3
327 381 2
332 435 1
332 500 2
334 693 3
334 591 1
335 464 2
335 899 1
337 695 2
338 987 8
340 743 1
343 362 1
343 950 2
353 891 2
353 630 2
356 500 1
356 868 1
356 743 1
361 987 8
362 450 1
362 517 1
362 969 1
362 491 1
362 637 1
362 371 1
362 383 1
364 987 8
369 485 1
377 866 1
377 457 2
377 718 1
377 729 1
379 568 1
383 887 1
388 534 1
388 638 1
401 429 1
402 559 1
410 977 1
410 969 2
415 429 1
416 447 1
418 996 2
420 559 2
421 795 1
422 696 1
423 977 1
424 795 1
425 472 1
425 946 1
425 908 2
425 765 3
428 857 2
429 454 4
432 987 8
433 987 8
435 586 3
435 500 1
443 662 1
445 891 1
447 586 1
450 802 1
450 712 2
450 947 1
450 695 3
454 592 1
464 532 1
472 946 2
474 939 1
480 987 8
482 987 9
482 990 1
482 606 1
485 513 1
493 530 2
497 773 2
500 712 2
500 586 3
500 782 5
500 814 1
500 762 1
500 573 1
502 978 2
502 976 1
502 693 1
502 862 1
506 1001 2
506 996 1
506 702 3
514 977 1
516 532 1
516 743 1
528 585 1
530 891 2
530 629 4
531 987 8
532 553 2
534 939 1
535 722 2
540 987 8
542 746 1
542 823 1
544 772 1
550 834 1
559 832 1
559 622 2
565 956 2
568 802 2
573 586 1
581 936 1
581 855 1
582 987 8
586 762 2
587 720 2
592 609 2
592 713 1
599 693 1
602 765 1
602 743 3
605 693 3
622 676 1
629 891 5
629 630 6
641 987 8
656 658 1
663 950 1
668 746 8
692 775 1
693 791 4
696 935 1
698 987 8
703 863 1
711 718 1
715 926 2
716 718 1
718 772 1
718 754 1
724 866 1
731 746 3
737 849 1
743 765 1
746 900 1
746 870 2
748 926 1
764 987 8
764 955 1
772 865 1
772 997 1
772 843 1
772 850 1
772 987 2
780 977 1
789 987 9
790 868 6
790 863 2
809 987 8
838 952 1
840 987 8
849 987 8
851 978 1
857 915 2
872 987 8
873 987 8
920 978 1
924 996 1
925 987 8
950 977 1
955 987 8
977 1004 1
987 994 8
