0
1
2
3
4
5
6
7
8
9
10
11
12
13
14
15
16
17
18
19
20
21
22
23
24
25
26
27
28
29
30
31
32
33
34
35
36
37
38
39
40
41
42
43
44
45
46
47
48
49
50
51
52
53
54
55
56
57
58
59
60
61
62
63
64
65
66
67
68
69
70
71
72
73
74
75
76
77
78
79
80
81
82
83
84
85
86
87
88
89
90
91
92
93
94
95
96
97
98
99
100
101
102
103
104
105
106
107
108
109
110
111
112
113
114
115
116
117
118
119
120
121
122
123
124
125
126
127
128
129
130
131
132
133
134
135
136
137
138
139
141
142
143
144
145
146
147
148
149
150
151
152
153
154
155
157
158
159
160
161
162
163
164
165
166
167
168
169
170
171
172
173
174
175
176
177
178
179
180
181
182
183
184
185
186
187
188
189
190
191
192
193
194
195
196
197
198
199
200
201
202
203
204
205
206
207
208
209
210
211
212
213
214
215
216
217
218
219
220
221
222
223
224
225
226
227
228
229
230
231
232
233
235
236
237
238
239
240
241
242
243
244
245
246
247
248
249
250
251
252
253
254
255
256
257
259
260
262
263
264
265
266
267
268
269
270
271
272
273
274
275
276
277
278
279
280
281
282
283
284
285
286
287
288
289
290
291
292
293
294
295
296
297
299
300
301
302
303
304
305
306
307
308
309
310
311
312
313
314
315
316
317
318
319
320
321
322
323
324
325
326
327
328
329
330
331
332
333
334
335
336
337
338
339
340
341
343
344
345
346
347
348
349
350
351
352
353
355
356
357
358
359
360
361
362
364
365
366
367
368
369
370
371
372
373
374
375
376
377
378
379
380
381
382
383
384
385
386
387
388
389
390
391
392
393
394
395
396
397
398
399
400
401
402
403
404
405
406
407
408
409
410
411
412
413
414
415
416
418
419
420
421
422
423
424
425
426
427
428
429
430
431
432
433
434
435
436
437
438
439
440
441
442
443
444
445
446
447
448
449
450
451
452
453
454
455
456
457
458
459
460
461
462
464
465
466
467
468
469
470
471
472
473
474
475
476
477
478
479
480
481
482
483
484
485
486
487
488
489
490
491
492
493
495
496
497
498
499
500
501
502
503
504
505
506
507
508
509
510
511
512
513
514
515
516
517
518
519
520
521
522
523
524
525
526
527
528
530
531
532
533
534
535
536
537
538
539
540
541
542
543
544
545
546
547
548
549
550
551
552
553
554
556
557
558
559
560
561
562
563
564
565
566
567
568
569
570
571
572
573
574
575
576
577
578
579
580
581
582
583
584
585
586
587
588
589
590
591
592
593
594
595
596
597
598
599
600
601
602
603
604
605
606
607
609
610
611
612
613
614
615
616
617
618
619
621
622
623
624
625
626
627
628
629
630
631
632
633
634
635
636
637
638
639
640
641
642
643
644
645
646
647
648
649
650
651
652
653
654
655
656
657
658
659
660
661
662
663
664
665
666
667
668
669
670
671
672
673
674
675
676
677
678
679
680
681
682
683
684
685
686
687
688
689
690
691
692
693
694
695
696
697
698
699
700
701
702
703
704
705
706
707
708
709
710
711
712
713
714
715
716
717
718
719
720
721
722
723
724
725
726
727
728
729
730
731
732
733
734
735
736
737
738
739
740
741
742
743
744
745
746
747
748
749
750
751
752
753
754
756
757
758
759
760
761
762
763
764
765
767
768
769
770
771
772
773
774
775
776
777
778
779
780
781
782
783
784
785
786
787
788
789
790
791
792
793
794
795
796
797
798
799
800
801
802
803
804
805
806
807
808
809
810
811
812
813
814
815
816
817
818
819
820
821
822
823
824
825
826
827
828
829
830
831
832
833
834
835
836
837
838
839
840
841
842
843
844
845
846
847
848
849
850
851
852
853
854
855
856
857
858
859
860
861
862
863
864
865
866
867
868
869
870
871
872
873
874
875
876
877
878
879
880
881
882
883
884
885
886
887
888
889
890
891
892
893
894
895
896
897
898
899
900
901
902
903
904
905
906
907
908
909
910
911
912
913
914
915
916
917
918
919
920
921
922
923
924
925
926
927
928
929
930
931
932
933
934
935
936
937
938
939
940
941
942
943
944
945
946
947
948
949
950
951
952
953
954
955
956
957
958
960
961
962
963
964
965
966
967
968
969
970
971
972
973
974
975
976
977
978
979
980
981
982
983
984
985
986
987
988
989
990
991
992
993
994
995
996
997
998
999
1000
1001
1002
1003
1004
0 249 1
2 700 1
2 790 3
2 231 3
5 491 3
6 178 1
6 189 1
7 810 3
14 1001 4
14 506 2
14 924 4
14 381 1
15 584 1
15 731 5
15 422 1
16 293 1
17 316 1
24 493 1
24 718 1
24 530 2
24 629 4
24 280 4
24 891 7
28 987 3
29 808 1
30 948 1
31 316 2
31 165 2
31 511 1
32 293 2
35 280 1
38 832 1
38 474 1
38 324 2
38 309 1
40 772 1
41 723 1
48 73 1
48 684 1
48 956 1
52 648 2
52 868 1
52 948 1
52 126 1
53 193 1
53 239 1
53 951 1
53 633 1
53 890 1
53 923 2
56 994 1
56 987 3
61 334 1
61 718 1
62 646 1
65 334 1
67 344 3
67 561 1
67 846 1
67 391 1
68 987 3
70 388 1
70 343 1
70 772 1
70 334 1
70 103 1
74 586 2
74 782 1
75 772 2
75 948 1
75 334 1
75 190 2
86 443 2
90 624 1
90 570 1
90 260 2
90 190 2
91 740 1
91 207 1
92 316 2
95 987 3
98 592 1
101 866 1
101 423 1
102 293 1
103 977 1
103 310 3
104 294 2
105 418 2
107 468 2
111 586 1
111 935 1
112 267 1
112 948 1
112 517 1
113 854 1
119 790 1
120 772 4
120 742 2
120 530 1
120 190 1
120 274 2
120 883 1
120 948 2
120 629 3
120 923 1
120 542 2
126 782 4
127 994 1
127 334 1
132 388 2
133 602 1
134 592 1
135 517 1
136 316 3
136 838 1
142 647 1
142 200 1
142 267 2
142 207 2
142 915 1
142 280 2
142 316 2
147 577 3
147 931 2
147 933 1
147 230 1
147 171 1
147 972 1
147 590 1
147 499 3
147 277 1
147 355 1
147 347 1
147 285 1
147 926 1
147 686 1
151 923 1
153 977 1
153 418 1
153 769 1
157 499 1
157 356 1
159 920 1
159 713 1
159 214 1
159 334 3
160 915 4
160 629 5
160 630 1
164 879 1
164 943 1
165 344 3
165 316 3
167 978 1
167 630 3
167 188 2
167 469 1
167 614 1
168 356 2
168 232 13
168 425 1
168 586 1
168 912 3
168 472 4
168 260 3
170 697 1
170 855 1
173 506 1
175 849 3
175 275 3
175 423 1
178 657 1
178 502 3
178 693 1
181 656 1
181 190 1
185 830 1
186 267 1
186 517 1
187 947 1
188 920 2
188 280 1
188 656 1
188 502 1
189 977 3
189 236 3
189 693 2
189 502 1
190 353 2
190 334 2
190 629 1
190 656 1
190 274 2
190 373 1
191 617 1
191 692 3
192 381 3
193 633 1
193 923 1
193 454 2
197 586 1
199 433 4
200 915 4
200 316 2
207 795 1
207 424 1
207 847 1
207 469 3
207 990 1
214 577 1
214 935 1
214 334 3
214 946 1
214 787 1
214 558 2
214 534 1
214 923 4
214 220 1
216 618 1
228 502 1
231 987 5
231 874 1
231 607 2
232 332 3
232 782 6
232 946 1
232 472 13
232 313 1
232 607 3
232 447 2
232 575 1
233 692 6
235 849 1
235 609 1
239 609 1
239 923 3
239 951 2
245 874 1
245 987 3
245 540 1
246 377 2
246 423 1
250 886 1
250 551 1
251 987 3
253 454 1
256 267 1
256 356 1
256 517 1
260 416 1
260 762 1
262 289 1
266 790 1
267 656 1
267 517 5
267 648 3
267 586 3
267 948 1
267 344 1
267 891 8
267 478 4
271 668 1
272 900 1
272 662 2
274 817 1
275 849 1
278 951 1
280 547 1
280 846 1
280 647 1
280 561 1
280 915 1
280 920 1
280 658 2
280 851 1
280 629 4
280 502 1
280 281 1
280 530 1
280 373 1
281 905 1
284 731 2
288 484 14
288 391 11
288 493 15
288 846 16
288 561 15
288 629 18
288 445 11
292 364 1
293 862 4
294 817 1
294 885 3
294 447 1
299 509 4
302 428 1
302 316 3
306 771 1
310 343 2
310 735 2
311 987 3
311 773 1
313 356 1
314 605 1
315 855 1
316 344 2
316 647 2
316 971 2
316 428 2
316 629 1
316 915 3
316 953 2
316 952 2
316 857 3
316 543 2
316 349 2
316 990 2
318 956 1
319 618 1
322 879 1
322 740 1
322 343 1
324 638 2
327 921 1
332 586 2
332 500 2
332 782 4
334 994 2
334 987 1
334 388 2
334 776 1
334 746 1
334 718 1
334 687 1
334 586 1
334 534 1
335 516 1
338 849 1
338 987 3
343 534 1
343 399 3
349 976 3
353 391 1
356 868 2
356 721 1
356 765 1
356 912 4
356 648 1
356 472 3
356 730 3
360 629 3
361 987 3
362 377 1
365 732 3
377 393 2
377 866 3
377 951 1
381 537 2
381 532 1
383 720 3
383 887 1
388 772 1
388 742 1
391 629 1
392 948 1
401 454 2
414 891 3
415 607 3
416 912 1
416 586 3
416 782 5
416 607 1
418 977 11
418 996 3
421 424 1
421 795 1
423 977 1
423 866 1
424 795 2
425 912 1
427 955 1
428 915 3
428 838 2
429 454 4
432 987 3
433 987 4
435 586 4
435 500 1
435 782 2
443 752 1
443 602 1
443 662 2
443 517 1
445 629 1
447 586 2
447 782 1
450 595 1
450 517 1
450 742 1
454 592 1
460 522 1
464 980 2
468 643 3
472 912 1
478 517 1
480 987 3
482 531 2
482 987 3
484 629 1
491 977 1
493 530 3
493 629 3
500 782 1
502 951 2
502 923 1
502 862 1
506 1001 2
506 923 2
506 670 2
510 622 1
511 849 1
514 977 1
516 804 3
516 532 2
516 790 4
517 731 1
517 648 1
517 530 1
517 851 1
517 948 1
517 565 1
517 920 1
517 915 1
522 546 1
526 629 3
527 720 1
530 915 3
530 629 4
530 630 5
531 987 6
531 994 4
532 761 1
534 742 1
534 586 2
534 862 3
534 638 1
537 664 2
538 605 2
540 955 1
540 873 1
540 874 1
540 855 1
540 890 1
540 987 3
541 923 2
541 996 1
542 646 1
547 862 2
558 844 1
558 565 1
559 622 1
561 629 3
561 846 3
568 695 3
582 987 3
582 764 2
584 731 1
586 648 2
586 782 9
586 885 3
586 984 6
586 607 2
586 687 1
592 609 2
592 713 1
592 948 2
602 721 1
602 743 1
605 789 2
607 782 1
607 696 1
609 951 1
609 890 1
609 923 1
622 676 1
629 685 3
629 946 2
629 846 3
629 978 1
629 658 3
629 630 3
629 631 3
629 891 3
630 685 2
641 987 5
643 685 2
648 782 1
657 921 1
659 742 2
668 720 2
668 746 1
668 935 2
670 688 1
674 948 1
687 994 1
692 775 1
697 771 1
698 987 3
700 891 2
700 782 1
700 790 1
704 743 1
718 994 1
718 915 1
718 724 1
720 833 1
720 935 7
720 746 2
720 813 3
721 765 1
721 743 1
724 883 1
730 868 5
730 790 8
737 849 1
738 923 1
739 935 1
742 772 1
742 900 4
745 837 3
746 813 4
746 935 2
761 804 1
764 840 3
764 874 1
764 987 3
765 908 2
771 855 1
772 900 1
772 923 2
774 947 5
780 977 1
782 885 1
782 984 4
789 987 3
803 948 1
809 994 2
809 987 5
813 935 2
840 874 1
840 987 3
849 890 1
849 987 3
851 920 1
851 891 3
857 915 2
872 987 3
873 874 1
873 987 3
880 923 1
883 915 2
890 948 1
890 923 2
915 952 1
915 923 1
918 946 1
921 923 1
923 951 4
925 987 3
925 955 1
950 977 1
955 987 3
977 1004 3
987 994 6
