0
1
2
3
4
5
6
7
8
9
10
11
12
13
14
15
16
17
18
19
20
21
22
23
24
25
26
27
28
29
30
31
32
33
34
35
36
37
38
39
40
41
42
43
44
45
46
47
48
49
50
51
52
53
54
55
56
57
58
59
60
61
62
63
64
65
66
67
68
69
70
71
72
73
74
75
76
77
78
79
80
81
82
83
84
85
86
87
88
89
90
91
92
93
94
95
96
97
98
99
100
101
102
103
104
105
106
107
108
109
110
111
112
113
114
115
116
117
118
119
120
121
122
123
124
125
126
127
128
129
130
131
132
133
134
135
136
137
138
139
141
142
143
144
145
146
147
148
149
150
151
152
153
154
155
157
158
159
160
161
162
163
164
165
166
167
168
169
170
171
172
173
174
175
176
177
178
179
180
181
182
183
184
185
186
187
188
189
190
191
192
193
194
195
196
197
198
199
200
201
202
203
204
205
206
207
208
209
210
211
212
213
214
215
216
217
218
219
220
221
222
223
224
225
226
227
228
229
230
231
232
233
235
236
237
238
239
240
241
242
243
244
245
246
247
248
249
250
251
252
253
254
255
256
257
259
260
262
263
264
265
266
267
268
269
270
271
272
273
274
275
276
277
278
279
280
281
282
283
284
285
286
287
288
289
290
291
292
293
294
295
296
297
299
300
301
302
303
304
305
306
307
308
309
310
311
312
313
314
315
316
317
318
319
320
321
322
323
324
325
326
327
328
329
330
331
332
333
334
335
336
337
338
339
340
341
343
344
345
346
347
348
349
350
351
352
353
355
356
357
358
359
360
361
362
364
365
366
367
368
369
370
371
372
373
374
375
376
377
378
379
380
381
382
383
384
385
386
387
388
389
390
391
392
393
394
395
396
397
398
399
400
401
402
403
404
405
406
407
408
409
410
411
412
413
414
415
416
418
419
420
421
422
423
424
425
426
427
428
429
430
431
432
433
434
435
436
437
438
439
440
441
442
443
444
445
446
447
448
449
450
451
452
453
454
455
456
457
458
459
460
461
462
464
465
466
467
468
469
470
471
472
473
474
475
476
477
478
479
480
481
482
483
484
485
486
487
488
489
490
491
492
493
495
496
497
498
499
500
501
502
503
504
505
506
507
508
509
510
511
512
513
514
515
516
517
518
519
520
521
522
523
524
525
526
527
528
530
531
532
533
534
535
536
537
538
539
540
541
542
543
544
545
546
547
548
549
550
551
552
553
554
556
557
558
559
560
561
562
563
564
565
566
567
568
569
570
571
572
573
574
575
576
577
578
579
580
581
582
583
584
585
586
587
588
589
590
591
592
593
594
595
596
597
598
599
600
601
602
603
604
605
606
607
609
610
611
612
613
614
615
616
617
618
619
621
622
623
624
625
626
627
628
629
630
631
632
633
634
635
636
637
638
639
640
641
642
643
644
645
646
647
648
649
650
651
652
653
654
655
656
657
658
659
660
661
662
663
664
665
666
667
668
669
670
671
672
673
674
675
676
677
678
679
680
681
682
683
684
685
686
687
688
689
690
691
692
693
694
695
696
697
698
699
700
701
702
703
704
705
706
707
708
709
710
711
712
713
714
715
716
717
718
719
720
721
722
723
724
725
726
727
728
729
730
731
732
733
734
735
736
737
738
739
740
741
742
743
744
745
746
747
748
749
750
751
752
753
754
756
757
758
759
760
761
762
763
764
765
767
768
769
770
771
772
773
774
775
776
777
778
779
780
781
782
783
784
785
786
787
788
789
790
791
792
793
794
795
796
797
798
799
800
801
802
803
804
805
806
807
808
809
810
811
812
813
814
815
816
817
818
819
820
821
822
823
824
825
826
827
828
829
830
831
832
833
834
835
836
837
838
839
840
841
842
843
844
845
846
847
848
849
850
851
852
853
854
855
856
857
858
859
860
861
862
863
864
865
866
867
868
869
870
871
872
873
874
875
876
877
878
879
880
881
882
883
884
885
886
887
888
889
890
891
892
893
894
895
896
897
898
899
900
901
902
903
904
905
906
907
908
909
910
911
912
913
914
915
916
917
918
919
920
921
922
923
924
925
926
927
928
929
930
931
932
933
934
935
936
937
938
939
940
941
942
943
944
945
946
947
948
949
950
951
952
953
954
955
956
957
958
960
961
962
963
964
965
966
967
968
969
970
971
972
973
974
975
976
977
978
979
980
981
982
983
984
985
986
987
988
989
990
991
992
993
994
995
996
997
998
999
1000
1001
1002
1003
1004
0 929 2
0 178 6
2 812 1
2 891 2
2 700 3
2 790 2
2 231 2
4 880 1
4 441 2
5 506 1
5 107 3
5 899 1
5 29 2
5 491 7
6 178 4
6 506 1
8 544 2
11 148 1
13 516 1
13 738 1
13 532 1
13 278 1
13 951 1
14 996 1
14 199 1
14 1001 1
14 173 3
14 506 1
14 924 2
15 680 2
15 584 2
15 731 1
16 754 1
16 718 7
17 857 3
17 428 3
17 316 4
17 915 2
19 333 1
20 885 1
22 663 1
24 160 1
24 891 3
24 31 6
24 782 3
24 528 1
24 530 2
24 750 2
24 280 6
24 507 1
24 629 2
25 48 1
25 499 2
25 684 1
25 918 1
28 681 1
28 738 1
28 987 7
29 899 1
29 808 3
29 107 3
29 335 1
29 506 1
30 648 2
30 168 2
30 765 9
30 790 2
30 949 4
31 224 2
31 165 10
31 92 1
31 428 1
31 915 3
31 857 1
31 316 3
31 990 6
32 840 1
32 718 1
32 528 2
32 214 3
32 791 2
32 280 1
32 921 1
32 90 1
32 669 1
35 585 1
35 978 6
35 207 2
38 324 3
38 70 1
38 939 1
38 528 1
38 309 1
38 474 1
40 802 3
40 900 1
40 198 1
40 712 3
40 60 1
40 696 1
40 450 1
40 272 3
40 488 1
40 947 1
40 662 3
40 695 1
40 568 1
40 90 3
40 187 3
40 572 2
40 254 1
40 159 1
41 48 1
41 73 5
41 723 3
41 1000 1
41 758 4
42 649 1
42 383 4
42 509 1
42 951 1
45 782 5
46 622 1
46 310 1
48 321 1
48 1000 1
48 458 1
48 558 1
48 499 2
48 723 1
48 216 1
48 956 1
48 319 1
50 559 9
52 232 4
52 948 2
52 586 1
52 868 10
52 425 1
53 290 3
53 233 6
53 338 1
53 178 1
53 120 2
53 443 1
53 316 2
54 155 1
55 752 1
56 840 1
56 91 1
56 994 1
56 987 11
58 909 4
61 840 1
61 522 1
61 843 1
61 716 1
61 718 12
61 754 1
61 883 1
61 502 1
62 800 1
62 163 2
62 646 2
65 322 3
65 415 1
65 70 1
65 425 1
65 107 1
65 435 1
65 205 1
65 120 2
65 851 2
65 724 1
65 983 5
65 280 1
65 703 2
65 220 8
65 159 1
66 782 10
67 963 22
67 165 13
67 391 13
67 846 27
67 207 15
67 344 13
67 190 1
68 90 1
68 987 7
69 735 2
69 879 3
70 950 2
70 534 1
70 663 3
70 90 3
70 638 1
70 159 1
71 595 11
72 528 3
73 679 1
73 723 2
73 758 2
73 503 2
73 216 2
74 104 1
74 984 1
74 166 1
74 294 1
75 772 9
75 229 2
75 231 1
75 750 1
75 628 1
75 334 6
75 891 3
75 607 2
77 260 2
77 168 6
77 266 3
77 912 15
77 177 1
77 949 1
77 439 1
77 699 1
78 976 1
78 688 1
78 178 2
78 130 2
82 784 1
82 870 1
83 697 3
84 528 1
84 324 1
86 443 1
88 906 1
88 106 2
90 320 1
90 388 5
90 518 1
90 657 1
90 542 1
90 646 2
90 941 1
90 944 6
90 946 1
90 948 1
90 572 2
90 702 2
90 472 1
90 458 2
90 850 2
90 216 1
90 228 1
90 987 1
90 220 3
90 634 1
90 96 1
90 868 1
90 997 1
90 178 1
90 107 4
90 499 1
90 245 1
90 890 4
90 763 5
90 381 1
91 995 2
91 774 1
91 105 1
91 178 1
91 499 1
92 316 3
95 440 1
95 987 7
96 832 1
96 132 1
96 299 1
96 509 1
96 376 1
96 388 1
96 634 1
96 346 1
98 713 6
98 429 3
98 401 1
99 547 1
99 878 2
99 976 1
99 178 3
99 599 1
99 862 3
99 767 1
101 377 3
101 246 4
101 423 2
104 256 1
104 294 1
104 648 4
104 425 15
104 984 1
105 233 2
106 622 1
106 402 2
106 788 1
106 950 4
106 919 1
106 601 1
106 154 2
106 634 2
107 192 2
107 898 2
107 643 2
107 236 2
107 652 1
107 899 1
107 664 2
107 537 3
107 670 2
107 159 1
107 289 1
107 808 1
107 553 2
107 810 2
107 175 1
107 393 1
107 320 5
107 201 4
107 335 3
107 464 2
107 468 1
107 985 2
107 208 2
107 1004 2
107 118 2
107 980 3
107 381 3
109 256 3
109 730 1
109 166 1
112 674 6
112 803 2
112 517 3
112 166 2
112 1000 6
112 267 3
112 751 2
112 392 1
112 948 1
113 518 2
113 535 3
114 275 1
114 403 2
114 718 3
119 812 1
120 253 1
120 257 1
120 772 10
120 997 2
120 198 2
120 865 1
120 454 4
120 718 2
120 687 6
120 752 12
120 660 1
120 915 1
120 948 2
120 633 1
120 868 2
120 609 2
120 189 2
120 191 2
122 450 2
122 718 3
125 622 3
125 534 1
126 648 2
126 168 3
126 586 1
126 332 2
126 782 3
127 159 1
130 976 1
133 602 7
134 738 1
135 153 1
135 692 1
136 450 2
136 165 1
136 200 5
136 428 1
136 142 2
136 915 10
136 952 1
136 857 5
136 316 5
139 534 4
141 978 5
141 530 1
142 165 2
142 428 2
142 280 5
142 915 13
142 952 2
142 857 2
142 316 3
143 544 1
143 739 1
147 416 1
147 577 4
147 355 1
147 933 1
147 715 1
147 972 1
147 171 1
147 748 1
147 230 1
147 590 3
147 157 3
147 277 3
147 347 1
147 686 1
147 285 1
147 926 3
147 159 1
149 372 1
149 716 1
150 752 2
150 833 2
150 546 2
150 444 4
150 191 1
151 278 4
153 482 1
153 995 1
153 996 2
153 581 1
153 329 1
153 746 1
153 588 1
153 418 2
153 977 10
153 692 1
153 245 1
153 855 1
153 764 1
153 540 1
154 534 1
155 784 2
157 586 2
157 863 1
157 415 1
159 768 1
159 927 1
159 544 1
159 940 1
159 557 1
159 946 1
159 435 1
159 569 1
159 316 1
159 190 1
159 963 1
159 324 1
159 720 1
159 850 1
159 987 1
159 220 1
159 865 1
159 997 1
159 178 1
159 978 1
159 499 1
159 629 1
160 550 4
160 367 1
160 528 1
160 915 2
160 629 1
160 280 1
160 857 1
160 891 1
161 214 2
163 895 1
164 638 2
165 207 1
165 401 10
165 344 2
165 316 8
165 990 3
166 500 1
166 759 2
167 978 4
167 469 3
168 260 11
168 648 2
168 521 4
168 266 13
168 912 28
168 984 1
168 790 3
168 416 6
168 177 6
168 946 2
168 949 15
168 439 9
168 699 4
168 586 3
168 472 12
168 868 2
168 356 1
168 744 2
168 232 6
168 885 1
169 372 1
170 840 1
170 855 1
173 996 1
173 199 1
173 428 3
173 506 3
173 924 1
175 849 3
175 275 2
175 423 1
177 521 1
177 266 2
177 912 5
177 949 1
177 439 1
177 472 1
177 699 1
178 772 6
178 214 1
178 528 3
178 409 2
178 538 4
178 929 2
178 418 7
178 295 2
178 693 7
178 951 2
178 569 2
178 314 2
178 710 3
178 333 7
178 976 2
178 978 1
178 339 2
178 470 7
178 599 2
178 605 27
178 862 11
178 991 2
178 228 10
178 749 1
178 752 1
178 502 19
178 249 4
178 767 2
181 920 1
181 190 5
184 883 2
185 915 1
187 696 2
187 450 2
187 662 2
187 568 1
188 280 4
188 978 6
188 851 1
188 362 1
189 491 1
189 718 11
189 528 3
189 502 1
189 410 4
190 353 5
190 614 5
190 486 4
190 191 1
190 629 1
190 656 7
190 274 7
190 214 4
190 890 1
190 373 5
191 692 2
191 749 3
192 664 1
192 532 1
192 381 2
193 633 1
196 278 1
199 644 1
199 850 1
199 506 4
199 924 1
199 863 1
200 806 5
200 971 3
200 428 3
200 344 1
200 915 15
200 341 1
200 630 3
200 952 6
200 316 4
200 543 1
207 451 1
207 424 4
207 558 3
207 978 2
207 469 5
207 280 1
207 954 1
207 795 4
207 988 1
214 662 1
214 776 1
214 267 3
214 912 3
214 530 3
214 531 1
214 278 1
214 290 2
214 813 4
214 443 1
214 245 1
214 841 1
214 334 2
214 464 1
214 742 3
214 746 2
214 367 3
214 629 2
214 502 3
216 321 6
216 458 7
216 618 6
220 450 1
220 364 1
220 749 1
220 692 1
224 428 4
224 915 1
224 316 5
224 806 2
225 883 1
228 693 1
229 443 4
229 421 1
229 334 1
231 736 1
231 874 3
231 738 1
231 334 1
231 624 3
231 338 2
231 245 6
231 987 7
231 540 9
232 260 1
232 425 8
232 912 1
232 744 4
232 946 10
232 472 5
233 835 2
233 935 6
233 746 2
233 692 16
233 245 1
235 273 1
236 537 1
239 868 1
239 278 1
241 645 1
243 718 2
245 624 5
245 994 2
245 840 1
245 329 2
245 874 3
245 528 1
245 264 4
245 987 12
245 764 2
245 540 6
246 377 3
246 724 1
246 423 6
248 980 2
249 929 2
249 491 6
249 502 1
250 332 2
250 995 1
250 948 6
250 886 3
251 528 1
251 987 7
253 290 1
253 566 1
256 313 2
256 356 1
256 332 1
260 266 3
260 912 4
260 949 1
260 439 1
264 329 1
264 540 1
266 521 1
266 912 5
266 949 1
266 790 3
266 439 6
267 392 3
267 586 1
267 517 3
270 334 1
272 900 1
273 951 6
274 920 1
274 585 1
274 469 1
275 849 3
277 933 4
278 290 1
278 454 1
278 776 5
278 951 1
280 902 2
280 391 1
280 526 2
280 301 2
280 656 1
280 658 2
280 288 1
280 547 1
280 647 1
280 685 1
280 687 1
280 561 2
280 530 1
280 953 1
280 445 1
280 846 5
280 978 1
280 851 2
280 484 1
280 360 2
280 493 1
280 750 1
280 629 6
280 630 1
280 631 2
280 891 1
281 718 5
284 680 5
284 731 1
288 750 1
288 610 12
288 484 13
288 391 6
288 846 25
288 629 19
289 664 1
289 810 2
290 566 1
290 367 2
290 540 1
293 568 1
293 697 4
293 724 1
293 718 3
294 435 2
294 586 3
294 790 1
299 322 1
299 995 1
299 343 1
300 784 2
301 978 1
301 902 2
301 630 5
302 316 3
304 441 2
304 317 2
305 946 1
306 784 4
306 595 1
306 659 1
306 790 1
306 742 2
310 343 1
310 879 1
310 663 1
311 840 2
311 697 2
311 987 7
311 540 1
311 925 1
313 946 2
313 948 2
314 929 3
314 693 1
314 599 2
316 647 3
316 915 11
316 543 3
316 428 9
316 952 4
316 953 4
316 971 3
316 344 3
316 857 4
316 349 5
316 990 3
316 351 4
316 888 3
317 441 1
317 374 4
318 840 1
318 946 1
318 684 2
319 844 1
320 1004 2
321 458 1
322 663 3
324 509 2
329 910 1
329 624 3
329 819 4
329 540 1
332 586 2
332 782 2
332 435 3
332 500 2
332 347 2
333 929 1
333 767 3
334 962 1
334 995 5
334 772 6
334 534 1
334 890 1
334 415 4
335 688 1
335 664 2
335 643 3
336 577 1
336 926 9
337 505 2
338 840 1
338 951 1
338 987 11
341 915 2
341 739 1
343 663 4
343 853 1
343 399 2
344 373 2
346 634 1
347 933 1
349 428 3
353 391 1
355 933 1
356 472 1
360 629 1
361 987 7
362 485 1
362 392 1
362 974 1
362 444 1
362 383 9
364 764 2
367 425 1
369 913 3
369 535 2
369 646 2
369 407 4
371 870 2
372 404 2
372 934 3
374 784 1
374 864 1
376 919 2
377 718 4
377 866 2
377 423 2
378 514 4
379 568 1
379 880 1
381 664 1
381 532 2
383 720 1
383 586 2
383 518 2
387 957 1
390 784 5
391 750 3
391 629 1
392 674 1
393 1004 1
397 738 1
397 995 3
399 962 1
401 415 1
401 454 7
401 429 6
402 788 1
403 977 1
403 410 1
410 977 4
410 996 1
414 891 21
415 450 1
415 995 1
415 517 1
415 811 1
415 844 1
415 429 6
415 987 1
415 542 1
416 425 3
416 946 1
416 435 1
416 948 3
418 996 10
418 977 8
418 502 3
418 538 11
420 559 1
420 879 1
421 424 5
421 978 1
421 795 7
422 680 1
422 731 1
423 832 1
423 977 2
423 779 1
423 1004 2
423 849 7
424 978 1
424 795 2
424 990 2
425 912 2
425 946 10
425 948 4
425 500 4
425 602 2
425 765 2
428 962 1
428 806 7
428 971 2
428 915 48
428 952 4
428 857 5
428 511 1
428 990 3
429 454 13
433 528 1
433 994 1
433 987 7
435 586 9
435 782 2
435 500 3
435 762 1
435 573 4
439 521 3
439 912 4
440 664 1
441 848 1
441 860 1
443 662 4
444 518 1
445 629 1
445 750 3
450 802 2
450 572 1
450 915 2
450 595 3
450 947 6
450 662 1
450 695 1
450 568 1
454 772 4
454 1003 3
454 629 5
458 956 1
459 517 1
464 749 1
464 502 4
465 812 1
468 664 1
468 980 1
469 978 7
469 851 2
470 789 9
470 605 1
472 521 1
472 912 3
472 744 2
472 946 2
472 949 3
478 517 3
480 987 7
482 531 1
482 987 7
482 990 1
482 641 1
484 750 1
484 846 2
484 629 1
484 630 9
485 895 2
491 497 1
493 629 1
497 977 1
497 773 2
499 679 1
499 565 1
499 918 2
500 814 5
502 749 2
502 718 2
502 915 1
502 890 1
503 758 3
506 611 1
506 996 3
506 1001 1
506 541 3
506 644 3
506 921 2
507 530 1
507 782 2
507 630 2
509 706 1
509 951 2
510 622 2
510 534 1
512 978 1
513 646 2
514 977 9
514 780 4
514 950 3
516 700 1
516 532 4
517 546 3
517 648 3
517 751 2
517 948 2
518 895 3
518 823 1
518 913 1
518 854 7
518 535 2
518 542 2
518 799 4
521 912 4
521 699 1
522 546 1
522 718 1
526 629 1
527 720 5
527 855 1
527 710 2
527 870 3
527 951 1
528 769 1
528 784 1
528 915 1
528 789 1
528 542 1
528 830 3
528 703 3
528 731 1
528 997 1
528 764 1
528 765 3
530 891 4
530 586 5
530 915 6
530 629 13
530 630 2
530 857 1
531 994 1
531 987 9
534 870 1
534 649 1
534 591 1
535 542 1
537 664 1
540 641 2
540 955 2
540 840 3
540 873 1
540 874 3
540 994 2
540 697 1
540 987 11
541 576 1
541 738 14
541 719 7
541 783 1
542 646 1
542 823 1
543 971 1
544 739 1
544 669 1
546 633 1
546 550 1
547 978 4
547 851 4
547 862 2
550 746 1
551 799 3
551 895 3
552 978 1
553 670 1
559 622 2
561 629 2
561 750 2
565 723 1
565 956 3
566 713 1
568 585 2
568 595 2
569 749 1
577 715 1
577 926 1
580 669 2
581 692 1
582 890 2
582 987 7
582 764 2
584 680 2
584 731 1
585 901 3
585 937 1
585 957 3
586 782 4
586 912 1
586 974 2
586 885 1
586 984 3
589 909 2
591 746 1
595 934 5
595 718 3
597 738 1
599 929 2
599 710 4
601 676 1
601 919 1
605 693 1
607 749 1
609 772 3
609 749 1
611 921 3
614 978 5
617 811 1
622 676 3
622 634 1
624 692 1
626 703 1
629 782 3
629 685 6
629 658 1
629 846 1
629 997 1
629 750 1
629 630 3
629 631 1
629 891 6
630 782 2
630 685 2
630 851 1
633 720 2
633 703 1
634 788 2
641 987 7
643 664 1
643 685 16
643 670 1
644 738 1
644 924 1
646 890 1
647 806 4
648 765 1
650 682 2
650 828 1
654 738 2
654 783 1
656 920 1
660 784 1
664 737 1
664 810 1
664 985 1
665 746 1
668 720 1
668 746 6
668 935 2
670 980 1
671 696 1
678 696 2
680 731 3
684 746 1
684 946 1
686 872 1
687 995 1
687 742 1
687 746 1
687 812 2
688 898 1
692 775 2
692 873 1
692 746 5
692 935 1
692 749 3
696 963 1
697 771 1
697 873 3
697 855 6
697 925 4
698 987 7
699 912 1
700 812 1
700 935 2
703 784 4
704 743 2
707 1003 1
711 843 1
712 827 6
715 926 8
716 866 1
716 718 4
718 777 1
718 779 2
718 754 1
718 883 3
718 969 1
718 843 3
718 977 1
718 724 6
718 732 3
718 866 5
719 738 2
720 935 7
720 746 4
720 813 2
720 890 1
721 974 1
723 758 4
724 1004 7
724 883 3
735 962 1
735 879 1
738 923 1
738 837 1
738 745 1
738 783 5
738 921 1
738 850 1
738 979 1
738 1001 1
738 828 1
739 915 1
740 863 1
742 784 1
742 901 2
744 912 2
744 946 1
746 900 1
746 935 14
746 776 1
746 813 18
746 915 1
746 920 1
746 923 1
749 995 3
749 819 4
752 951 1
758 918 2
758 956 2
764 994 2
764 840 1
764 874 3
764 987 7
765 948 3
772 915 1
774 947 2
780 977 2
782 806 3
783 863 1
789 987 7
790 868 2
790 812 1
795 978 1
796 987 8
799 913 1
799 895 2
803 948 2
806 915 7
806 952 6
808 899 11
809 987 9
813 935 1
817 978 4
819 955 2
823 895 1
832 977 1
838 952 1
838 857 1
838 971 1
840 955 1
840 874 3
840 925 2
840 987 7
843 883 2
844 1000 1
844 918 1
849 987 11
850 962 1
851 920 1
851 978 10
854 948 1
857 915 12
857 951 1
857 952 1
857 883 1
863 901 1
872 987 7
873 874 3
873 987 7
873 925 2
880 890 1
883 907 2
883 1004 3
883 915 2
890 962 1
891 995 2
891 997 2
912 946 1
912 949 16
915 920 1
915 923 1
915 952 13
915 953 1
919 1000 2
925 955 1
939 951 1
946 948 2
949 966 6
950 977 1
951 954 1
954 978 4
955 987 7
957 978 1
974 984 2
977 996 1
977 1004 11
978 988 2
987 994 10
