0
1
2
3
4
5
6
7
8
9
10
11
12
13
14
15
16
17
18
19
20
21
22
23
24
25
26
27
28
29
30
31
32
33
34
35
36
37
38
39
40
41
42
43
44
45
46
47
48
49
50
51
52
53
54
55
56
57
58
59
60
61
62
63
64
65
66
67
68
69
70
71
72
73
74
75
76
77
78
79
80
81
82
83
84
85
86
87
88
89
90
91
92
93
94
95
96
97
98
99
100
101
102
103
104
105
106
107
108
109
110
111
112
113
114
115
116
117
118
119
120
121
122
123
124
125
126
127
128
129
130
131
132
133
134
135
136
137
138
139
141
142
143
144
145
146
147
148
149
150
151
152
153
154
155
157
158
159
160
161
162
163
164
165
166
167
168
169
170
171
172
173
174
175
176
177
178
179
180
181
182
183
184
185
186
187
188
189
190
191
192
193
194
195
196
197
198
199
200
201
202
203
204
205
206
207
208
209
210
211
212
213
214
215
216
217
218
219
220
221
222
223
224
225
226
227
228
229
230
231
232
233
235
236
237
238
239
240
241
242
243
244
245
246
247
248
249
250
251
252
253
254
255
256
257
259
260
262
263
264
265
266
267
268
269
270
271
272
273
274
275
276
277
278
279
280
281
282
283
284
285
286
287
288
289
290
291
292
293
294
295
296
297
299
300
301
302
303
304
305
306
307
308
309
310
311
312
313
314
315
316
317
318
319
320
321
322
323
324
325
326
327
328
329
330
331
332
333
334
335
336
337
338
339
340
341
343
344
345
346
347
348
349
350
351
352
353
355
356
357
358
359
360
361
362
364
365
366
367
368
369
370
371
372
373
374
375
376
377
378
379
380
381
382
383
384
385
386
387
388
389
390
391
392
393
394
395
396
397
398
399
400
401
402
403
404
405
406
407
408
409
410
411
412
413
414
415
416
418
419
420
421
422
423
424
425
426
427
428
429
430
431
432
433
434
435
436
437
438
439
440
441
442
443
444
445
446
447
448
449
450
451
452
453
454
455
456
457
458
459
460
461
462
464
465
466
467
468
469
470
471
472
473
474
475
476
477
478
479
480
481
482
483
484
485
486
487
488
489
490
491
492
493
495
496
497
498
499
500
501
502
503
504
505
506
507
508
509
510
511
512
513
514
515
516
517
518
519
520
521
522
523
524
525
526
527
528
530
531
532
533
534
535
536
537
538
539
540
541
542
543
544
545
546
547
548
549
550
551
552
553
554
556
557
558
559
560
561
562
563
564
565
566
567
568
569
570
571
572
573
574
575
576
577
578
579
580
581
582
583
584
585
586
587
588
589
590
591
592
593
594
595
596
597
598
599
600
601
602
603
604
605
606
607
609
610
611
612
613
614
615
616
617
618
619
621
622
623
624
625
626
627
628
629
630
631
632
633
634
635
636
637
638
639
640
641
642
643
644
645
646
647
648
649
650
651
652
653
654
655
656
657
658
659
660
661
662
663
664
665
666
667
668
669
670
671
672
673
674
675
676
677
678
679
680
681
682
683
684
685
686
687
688
689
690
691
692
693
694
695
696
697
698
699
700
701
702
703
704
705
706
707
708
709
710
711
712
713
714
715
716
717
718
719
720
721
722
723
724
725
726
727
728
729
730
731
732
733
734
735
736
737
738
739
740
741
742
743
744
745
746
747
748
749
750
751
752
753
754
756
757
758
759
760
761
762
763
764
765
767
768
769
770
771
772
773
774
775
776
777
778
779
780
781
782
783
784
785
786
787
788
789
790
791
792
793
794
795
796
797
798
799
800
801
802
803
804
805
806
807
808
809
810
811
812
813
814
815
816
817
818
819
820
821
822
823
824
825
826
827
828
829
830
831
832
833
834
835
836
837
838
839
840
841
842
843
844
845
846
847
848
849
850
851
852
853
854
855
856
857
858
859
860
861
862
863
864
865
866
867
868
869
870
871
872
873
874
875
876
877
878
879
880
881
882
883
884
885
886
887
888
889
890
891
892
893
894
895
896
897
898
899
900
901
902
903
904
905
906
907
908
909
910
911
912
913
914
915
916
917
918
919
920
921
922
923
924
925
926
927
928
929
930
931
932
933
934
935
936
937
938
939
940
941
942
943
944
945
946
947
948
949
950
951
952
953
954
955
956
957
958
960
961
962
963
964
965
966
967
968
969
970
971
972
973
974
975
976
977
978
979
980
981
982
983
984
985
986
987
988
989
990
991
992
993
994
995
996
997
998
999
1000
1001
1002
1003
1004
0 569 4
0 732 3
0 502 1
0 249 1
1 309 1
2 260 1
2 891 2
2 700 2
2 77 2
2 790 1
4 371 1
4 771 2
5 107 2
5 898 1
5 483 2
5 670 1
6 569 5
6 249 1
12 680 1
12 720 1
13 738 1
13 14 1
13 199 1
14 738 1
14 516 5
14 1001 3
14 506 2
14 924 11
15 680 9
15 731 4
15 422 3
16 541 1
16 783 1
24 847 2
24 891 2
24 629 7
24 31 1
25 48 1
25 704 2
25 499 1
25 844 1
26 362 1
29 377 1
29 189 1
30 168 1
30 104 1
31 165 7
31 990 2
31 847 2
32 127 2
32 862 1
32 791 1
35 978 2
35 469 1
35 167 3
40 572 1
40 60 1
41 723 3
42 322 2
45 52 1
48 458 1
48 684 1
48 558 1
48 216 1
48 956 1
48 319 1
52 232 1
52 868 1
52 166 1
52 743 1
53 193 2
53 311 1
56 482 2
58 909 1
61 293 2
61 135 2
61 718 3
61 692 6
61 181 1
61 278 1
61 991 3
62 542 1
62 646 2
62 927 2
65 220 1
67 963 7
67 165 2
67 846 8
67 207 3
67 561 3
67 344 1
74 232 3
74 166 3
74 126 2
75 772 1
75 220 6
75 633 2
77 168 2
77 556 2
77 260 3
78 569 4
82 184 1
82 267 1
86 152 1
86 443 11
86 662 4
90 321 1
90 133 3
90 502 2
90 664 1
90 569 1
90 927 2
91 499 1
91 692 1
91 607 1
92 658 1
92 838 1
92 207 3
95 531 1
95 251 1
96 388 1
98 707 6
98 454 3
98 134 3
98 713 6
98 107 5
98 268 4
98 429 3
98 592 5
98 401 5
98 291 3
98 117 1
98 278 2
101 377 1
101 423 1
103 832 1
103 514 3
103 310 1
103 423 4
103 780 1
103 950 2
104 523 2
104 765 2
104 743 3
105 418 7
106 1001 1
106 828 1
107 643 1
107 772 1
107 808 3
107 236 1
107 810 1
107 1004 3
107 335 3
107 381 3
112 267 1
113 927 1
114 127 1
117 268 2
119 126 1
119 790 1
122 428 3
122 127 1
126 168 1
126 356 3
126 166 1
127 293 1
127 716 1
127 977 1
127 754 1
127 883 1
127 724 1
127 281 4
127 410 1
127 732 2
127 189 2
127 479 1
131 738 1
132 842 6
133 648 2
133 602 1
133 765 1
134 592 5
134 454 1
135 292 2
135 581 4
135 233 2
135 720 1
135 594 1
135 692 2
135 628 2
135 703 1
136 838 2
136 200 1
136 267 5
136 428 5
136 915 1
136 629 1
136 344 2
137 581 1
139 548 1
139 477 2
139 534 1
141 978 1
143 696 1
143 580 1
147 416 1
147 257 2
147 347 4
147 157 2
149 977 2
149 423 1
150 415 2
151 566 1
151 278 2
153 977 16
153 418 1
153 996 1
157 347 3
157 462 2
157 862 2
159 290 1
159 230 2
159 742 1
159 935 1
159 692 1
159 214 2
160 915 1
160 428 2
160 629 7
165 200 1
165 401 5
165 857 1
165 858 3
165 316 1
166 416 1
166 609 1
166 586 4
166 383 5
167 547 3
167 552 2
167 424 2
167 207 3
167 817 3
167 978 2
167 851 2
167 469 1
167 954 3
167 795 2
167 988 1
168 260 13
168 966 2
168 232 2
168 556 2
168 782 10
168 912 10
168 790 4
168 439 8
168 472 7
168 356 2
168 575 4
170 840 2
170 231 2
173 738 1
173 428 2
175 737 1
175 849 2
175 275 3
175 423 1
180 958 2
181 190 4
184 883 1
184 754 1
184 423 1
185 833 1
185 762 1
188 978 3
188 851 1
188 988 1
188 469 1
189 718 3
189 729 1
189 377 1
189 410 1
189 249 1
189 506 3
190 353 4
190 656 4
190 274 4
190 373 4
190 920 5
190 891 2
191 927 3
191 692 1
191 935 2
192 506 1
193 633 2
196 311 1
197 738 1
197 718 2
197 687 1
198 568 2
199 738 1
199 506 1
200 344 1
200 952 1
207 424 3
207 561 1
207 978 1
207 795 2
208 783 2
209 356 1
214 290 2
214 763 1
214 647 2
214 502 1
216 321 4
223 746 2
223 343 2
226 440 1
226 994 1
228 569 4
229 607 2
231 873 1
231 531 3
231 245 2
231 698 2
231 540 2
232 759 1
233 746 1
233 692 4
236 537 3
236 716 2
236 532 2
239 577 2
239 538 1
239 281 2
239 951 1
245 698 2
245 531 1
245 540 1
245 994 1
246 724 3
246 423 1
249 333 1
249 502 1
249 569 4
250 535 1
250 886 3
250 927 2
251 873 1
256 416 2
256 313 1
256 356 2
260 790 2
260 447 1
264 329 1
267 586 2
267 428 3
267 629 5
267 891 1
267 700 1
268 291 4
268 454 1
268 713 1
268 592 2
268 633 2
269 925 1
270 738 1
272 662 2
275 849 3
275 737 2
277 686 1
278 633 1
278 671 1
280 739 1
280 530 1
280 846 1
280 978 6
280 851 2
280 629 4
280 920 1
280 281 1
280 915 2
281 905 1
281 915 1
284 680 3
284 731 1
291 454 1
291 713 1
291 429 1
291 401 1
292 769 1
295 569 3
299 388 1
301 978 1
301 647 2
303 368 1
305 416 1
305 765 1
306 659 1
306 901 1
311 955 3
311 582 1
313 356 1
316 915 4
318 499 1
318 332 1
319 832 1
319 1002 3
321 499 1
322 879 1
322 343 3
326 687 1
327 738 1
327 381 3
329 819 3
329 910 1
332 416 2
332 984 1
332 586 1
332 782 1
333 569 4
333 743 1
333 767 1
334 534 1
335 898 2
335 810 1
335 687 2
335 980 1
335 532 1
335 670 3
337 936 2
338 433 3
338 994 2
338 531 1
338 687 1
339 569 3
341 942 1
343 663 1
347 933 1
356 416 1
356 515 1
356 743 2
356 586 4
356 684 1
356 472 2
360 629 4
360 526 1
362 528 1
362 585 1
369 535 1
369 513 1
369 951 5
369 646 1
369 927 1
371 720 1
372 595 1
372 934 1
377 866 2
377 422 2
377 696 2
377 729 1
377 506 1
377 607 2
379 568 3
379 662 1
381 643 1
383 720 2
383 589 1
388 832 1
388 634 1
392 674 1
395 514 1
398 712 2
398 900 1
399 955 1
399 427 1
401 454 4
401 429 12
401 415 4
406 680 3
406 422 1
409 569 4
415 833 1
415 617 1
415 692 3
415 569 1
415 607 1
416 517 1
416 586 3
416 927 2
418 996 1
418 977 12
420 591 1
421 424 1
421 978 1
422 680 1
422 731 9
423 832 3
423 866 1
423 716 1
423 977 2
424 847 1
424 978 1
424 795 3
424 990 1
427 955 1
428 915 1
428 952 1
428 857 8
429 454 5
431 988 2
433 633 1
435 586 1
435 500 1
435 782 2
437 738 1
443 662 7
444 535 2
444 927 1
454 609 1
454 772 2
454 592 4
456 720 1
458 844 1
458 684 1
458 918 2
462 833 1
462 617 1
462 502 2
462 687 1
469 647 2
469 978 2
469 547 1
469 954 1
470 569 4
470 789 2
472 743 2
472 782 8
472 575 4
473 810 1
482 569 5
482 531 1
482 951 2
485 646 1
485 927 1
488 568 2
491 497 1
493 629 5
495 568 2
497 977 3
499 704 1
499 684 1
499 558 1
499 607 6
500 586 2
502 605 1
502 569 8
502 538 3
502 862 1
502 607 2
506 738 1
506 644 4
506 849 2
508 738 1
509 634 2
510 534 1
513 646 1
513 927 1
515 927 1
516 881 1
516 738 3
516 764 1
516 702 2
517 803 2
526 629 4
528 542 1
530 718 2
530 915 1
530 629 7
530 630 1
530 891 2
531 987 2
531 994 1
531 796 1
531 789 1
532 738 1
532 700 1
535 722 1
535 854 1
535 927 1
538 569 4
540 994 1
540 840 2
540 873 1
540 855 2
540 698 2
540 955 1
541 738 1
542 927 1
546 912 1
546 607 1
546 550 2
546 743 1
547 978 1
550 940 1
551 646 1
551 927 1
552 858 1
552 951 1
552 978 1
553 670 1
561 629 4
561 846 1
563 696 3
565 704 1
568 771 4
568 947 1
569 693 5
569 710 4
569 976 4
569 718 1
569 599 4
569 605 5
569 862 4
569 991 3
569 767 4
573 586 1
575 782 6
576 738 1
581 772 1
581 742 1
581 936 2
581 855 1
584 731 1
585 922 1
586 782 1
586 687 1
591 746 1
592 713 1
592 927 8
593 718 1
595 731 1
595 915 1
595 687 2
599 693 1
599 710 1
599 767 1
600 672 1
607 718 2
609 772 1
612 951 1
614 978 1
614 851 1
617 720 2
617 776 1
626 807 1
629 718 1
629 658 5
629 685 4
629 846 2
629 630 4
629 631 4
629 891 7
630 915 1
630 718 1
634 780 1
634 788 1
643 685 4
644 738 1
646 927 1
647 915 1
648 765 1
650 738 1
653 738 1
654 738 1
656 920 1
657 738 1
671 687 1
672 844 1
672 918 1
680 880 1
680 707 3
680 720 7
682 738 1
684 704 2
685 1001 3
692 746 1
696 915 1
697 855 1
698 840 2
698 873 2
698 764 2
700 812 1
700 790 1
702 738 1
704 743 5
704 723 1
704 758 1
718 731 1
718 991 2
719 921 1
719 738 1
720 833 2
720 855 2
720 731 1
722 927 2
724 1001 4
731 772 1
737 849 1
738 783 1
738 921 1
738 923 2
738 924 1
738 837 1
738 850 1
738 979 1
738 996 1
738 1001 1
738 747 1
738 881 1
738 745 1
738 761 4
739 915 1
740 788 1
746 935 15
746 923 1
758 956 1
758 918 3
759 984 2
761 783 1
764 994 1
765 908 1
770 927 1
771 901 1
772 915 3
772 789 1
772 923 2
773 955 3
774 947 16
776 923 1
790 812 5
791 977 1
795 978 1
807 951 1
817 978 1
819 955 1
823 927 1
828 1001 1
849 858 2
851 978 2
851 915 1
854 927 2
857 915 1
858 991 2
881 923 1
915 920 1
925 955 2
954 978 1
955 987 3
957 978 3
977 996 10
977 1001 3
977 1004 4
978 988 2
