0
1
2
3
4
5
6
7
8
9
10
11
12
13
14
15
16
17
18
19
20
21
22
23
24
25
26
27
28
29
30
31
32
33
34
35
36
37
38
39
40
41
42
43
44
45
46
47
48
49
50
51
52
53
54
55
56
57
58
59
60
61
62
63
64
65
66
67
68
69
70
71
72
73
74
75
76
77
78
79
80
81
82
83
84
85
86
87
88
89
90
91
92
93
94
95
96
97
98
99
100
101
102
103
104
105
106
107
108
109
110
111
112
113
114
115
116
117
118
119
120
121
122
123
124
125
126
127
128
129
130
131
132
133
134
135
136
137
138
139
141
142
143
144
145
146
147
148
149
150
151
152
153
154
155
157
158
159
160
161
162
163
164
165
166
167
168
169
170
171
172
173
174
175
176
177
178
179
180
181
182
183
184
185
186
187
188
189
190
191
192
193
194
195
196
197
198
199
200
201
202
203
204
205
206
207
208
209
210
211
212
213
214
215
216
217
218
219
220
221
222
223
224
225
226
227
228
229
230
231
232
233
235
236
237
238
239
240
241
242
243
244
245
246
247
248
249
250
251
252
253
254
255
256
257
259
260
262
263
264
265
266
267
268
269
270
271
272
273
274
275
276
277
278
279
280
281
282
283
284
285
286
287
288
289
290
291
292
293
294
295
296
297
299
300
301
302
303
304
305
306
307
308
309
310
311
312
313
314
315
316
317
318
319
320
321
322
323
324
325
326
327
328
329
330
331
332
333
334
335
336
337
338
339
340
341
343
344
345
346
347
348
349
350
351
352
353
355
356
357
358
359
360
361
362
364
365
366
367
368
369
370
371
372
373
374
375
376
377
378
379
380
381
382
383
384
385
386
387
388
389
390
391
392
393
394
395
396
397
398
399
400
401
402
403
404
405
406
407
408
409
410
411
412
413
414
415
416
418
419
420
421
422
423
424
425
426
427
428
429
430
431
432
433
434
435
436
437
438
439
440
441
442
443
444
445
446
447
448
449
450
451
452
453
454
455
456
457
458
459
460
461
462
464
465
466
467
468
469
470
471
472
473
474
475
476
477
478
479
480
481
482
483
484
485
486
487
488
489
490
491
492
493
495
496
497
498
499
500
501
502
503
504
505
506
507
508
509
510
511
512
513
514
515
516
517
518
519
520
521
522
523
524
525
526
527
528
530
531
532
533
534
535
536
537
538
539
540
541
542
543
544
545
546
547
548
549
550
551
552
553
554
556
557
558
559
560
561
562
563
564
565
566
567
568
569
570
571
572
573
574
575
576
577
578
579
580
581
582
583
584
585
586
587
588
589
590
591
592
593
594
595
596
597
598
599
600
601
602
603
604
605
606
607
609
610
611
612
613
614
615
616
617
618
619
621
622
623
624
625
626
627
628
629
630
631
632
633
634
635
636
637
638
639
640
641
642
643
644
645
646
647
648
649
650
651
652
653
654
655
656
657
658
659
660
661
662
663
664
665
666
667
668
669
670
671
672
673
674
675
676
677
678
679
680
681
682
683
684
685
686
687
688
689
690
691
692
693
694
695
696
697
698
699
700
701
702
703
704
705
706
707
708
709
710
711
712
713
714
715
716
717
718
719
720
721
722
723
724
725
726
727
728
729
730
731
732
733
734
735
736
737
738
739
740
741
742
743
744
745
746
747
748
749
750
751
752
753
754
756
757
758
759
760
761
762
763
764
765
767
768
769
770
771
772
773
774
775
776
777
778
779
780
781
782
783
784
785
786
787
788
789
790
791
792
793
794
795
796
797
798
799
800
801
802
803
804
805
806
807
808
809
810
811
812
813
814
815
816
817
818
819
820
821
822
823
824
825
826
827
828
829
830
831
832
833
834
835
836
837
838
839
840
841
842
843
844
845
846
847
848
849
850
851
852
853
854
855
856
857
858
859
860
861
862
863
864
865
866
867
868
869
870
871
872
873
874
875
876
877
878
879
880
881
882
883
884
885
886
887
888
889
890
891
892
893
894
895
896
897
898
899
900
901
902
903
904
905
906
907
908
909
910
911
912
913
914
915
916
917
918
919
920
921
922
923
924
925
926
927
928
929
930
931
932
933
934
935
936
937
938
939
940
941
942
943
944
945
946
947
948
949
950
951
952
953
954
955
956
957
958
960
961
962
963
964
965
966
967
968
969
970
971
972
973
974
975
976
977
978
979
980
981
982
983
984
985
986
987
988
989
990
991
992
993
994
995
996
997
998
999
1000
1001
1002
1003
1004
0 808 2
0 569 2
0 249 1
1 309 1
2 272 1
2 812 1
2 700 1
2 30 1
2 790 6
4 720 2
4 135 3
5 248 1
5 506 2
5 29 1
5 670 1
5 175 2
6 29 1
6 248 1
6 569 2
6 506 1
6 189 1
6 414 1
7 418 1
8 633 1
8 414 2
13 532 1
13 516 2
14 924 1
14 29 2
14 724 4
14 1001 1
14 532 2
14 410 1
14 796 1
14 506 3
14 702 1
15 680 3
15 584 1
15 731 3
15 422 2
16 457 1
16 724 1
16 407 1
16 410 2
16 541 1
16 127 5
24 530 2
24 891 1
24 647 1
24 629 25
24 31 2
25 499 2
25 684 1
28 987 1
29 898 1
29 643 1
29 783 1
29 921 1
29 796 1
29 541 1
29 670 1
29 808 2
29 442 1
29 189 1
29 208 1
29 249 2
29 605 1
29 226 1
29 1004 1
29 881 1
29 248 2
29 377 2
29 506 3
29 381 3
30 256 1
30 313 4
30 765 4
30 104 1
31 143 1
31 165 14
31 838 1
31 847 2
32 502 1
32 143 3
32 534 1
32 791 1
32 891 1
32 189 1
32 862 1
32 159 1
35 161 1
35 978 1
35 469 1
35 167 1
38 832 1
38 609 1
38 939 1
38 591 1
38 309 1
38 343 2
38 474 1
40 802 2
40 272 1
40 662 1
40 568 2
40 187 1
40 572 1
41 704 1
42 832 2
42 939 2
42 164 1
42 139 2
42 879 2
42 368 2
42 402 1
42 84 1
42 663 2
42 612 2
42 638 1
45 66 1
45 52 4
46 676 1
48 704 1
48 458 1
48 684 2
48 558 1
52 416 1
52 66 4
52 868 1
52 168 2
52 232 1
53 193 1
53 923 1
56 482 2
56 987 2
56 410 1
56 159 1
58 577 1
58 338 1
61 450 2
61 522 1
61 843 2
61 716 2
61 718 14
61 591 1
61 659 1
61 692 3
61 334 1
61 278 1
61 568 4
61 607 1
61 159 2
62 214 2
62 513 2
62 485 4
62 646 10
62 551 2
62 369 2
62 854 1
62 571 3
62 542 7
62 159 2
64 634 1
64 477 1
65 544 1
65 147 1
65 75 1
65 499 1
65 927 1
65 220 1
65 671 1
67 963 13
67 165 6
67 846 6
67 207 10
67 561 1
67 344 3
68 987 1
71 595 1
73 499 1
73 277 1
75 772 3
75 997 4
75 191 1
75 850 1
75 147 4
75 633 3
75 607 1
75 923 2
75 220 2
75 927 1
77 168 1
77 260 4
77 782 1
77 439 2
78 569 1
82 720 1
82 184 1
82 267 4
82 135 3
83 771 2
83 863 1
84 832 1
86 443 3
90 742 2
90 360 1
90 526 2
90 147 2
90 500 1
90 502 3
90 535 1
90 569 1
90 927 1
92 847 1
95 987 1
96 832 1
96 132 1
96 299 1
96 388 1
96 634 1
96 509 1
96 638 1
98 449 1
98 707 24
98 454 3
98 134 5
98 713 17
98 107 28
98 268 6
98 429 5
98 592 10
98 401 6
98 291 2
98 117 5
98 278 4
101 246 6
103 423 4
104 648 2
104 523 4
104 765 2
104 549 2
105 418 10
105 582 8
105 374 10
106 1001 1
106 402 1
106 828 1
107 643 1
107 810 2
107 236 2
107 980 2
107 381 2
112 256 2
112 674 3
112 517 2
112 648 1
112 267 2
112 313 1
112 186 1
113 927 1
114 189 1
118 732 2
118 502 1
120 772 1
122 410 1
122 924 4
125 676 1
126 416 3
126 356 1
126 168 2
126 586 1
126 790 2
126 602 7
127 265 1
127 718 2
127 916 3
127 732 2
127 189 2
131 532 1
133 168 2
133 416 3
133 765 1
134 592 8
134 291 4
134 454 5
135 581 10
135 870 5
135 170 5
135 942 14
135 720 1
135 371 5
135 628 7
135 772 1
135 692 3
135 414 1
135 607 3
136 200 1
137 936 1
138 850 2
138 542 2
138 887 1
139 832 1
139 164 1
139 402 1
139 634 1
139 477 2
141 280 1
141 241 1
141 188 2
143 739 1
143 422 1
143 280 1
143 696 4
143 731 2
147 347 3
149 377 2
149 716 3
149 718 1
150 772 1
150 415 3
151 278 1
151 566 2
152 443 3
152 742 1
153 977 13
153 410 1
157 171 1
157 607 1
159 290 1
159 923 4
159 841 3
159 334 1
159 542 1
159 214 2
159 233 8
159 283 3
159 220 1
159 629 1
160 891 1
160 428 1
160 685 2
160 526 2
160 629 9
160 280 2
160 571 6
161 571 2
161 239 1
164 879 1
164 402 1
164 477 1
164 638 1
165 847 1
165 401 15
165 344 3
165 316 2
165 990 1
166 416 2
166 586 4
166 573 1
166 759 1
167 547 1
167 424 1
167 207 1
167 817 1
167 978 1
167 851 3
167 469 1
167 954 1
167 795 1
167 988 4
168 416 3
168 868 2
168 743 1
168 232 2
168 586 6
168 557 2
168 912 10
168 984 3
168 472 11
168 607 2
170 581 1
173 532 1
175 849 1
175 410 1
175 275 4
175 423 1
181 185 1
181 190 2
184 650 2
184 843 1
184 686 6
184 407 1
185 528 1
185 526 1
185 462 1
186 256 3
186 648 2
186 517 2
186 313 2
187 568 1
187 337 1
188 978 1
188 988 1
188 469 4
189 1004 1
189 904 1
189 652 1
189 716 1
189 365 1
189 718 1
189 977 1
189 595 1
189 236 1
189 470 1
189 201 1
189 249 2
189 410 1
189 607 2
190 353 4
190 373 1
190 656 2
190 274 2
190 629 1
191 752 2
191 927 1
191 415 2
192 506 2
192 381 2
193 736 1
193 609 1
193 546 1
193 617 2
193 714 2
193 782 1
193 633 1
193 923 3
193 540 1
193 927 1
197 987 3
197 532 1
199 996 1
199 532 2
199 644 1
199 506 2
199 924 6
199 541 2
200 838 1
200 971 2
200 344 1
200 952 9
200 543 1
207 424 3
207 558 3
207 847 2
207 547 1
207 469 9
207 953 1
207 795 8
208 236 7
209 912 1
209 356 1
209 765 1
214 290 1
214 230 2
214 742 2
214 935 1
214 844 2
214 306 3
214 662 2
214 923 1
216 321 3
220 334 1
223 879 2
228 569 2
229 901 1
229 334 2
229 607 8
231 994 1
231 840 2
231 338 1
231 531 1
231 245 5
231 698 1
231 987 1
231 607 2
232 782 5
232 575 1
233 450 1
233 692 5
236 1004 3
236 716 1
236 977 3
236 537 3
236 383 4
239 538 1
239 324 1
239 951 2
241 547 1
241 469 1
245 624 1
245 698 1
245 987 2
245 540 1
246 423 6
248 696 1
248 921 1
248 506 3
248 670 1
249 716 1
249 470 2
249 569 4
249 410 2
250 332 1
250 886 3
250 927 3
251 410 1
251 987 1
256 416 1
256 356 1
256 517 3
256 648 3
256 313 4
256 478 2
257 416 1
257 987 1
260 912 5
264 454 1
267 517 1
267 586 3
267 530 3
267 662 1
267 891 15
270 532 1
272 450 2
272 900 2
272 662 1
272 443 2
273 951 1
275 849 1
277 458 1
277 571 2
278 290 2
278 566 1
280 739 1
280 561 1
280 530 2
280 851 1
280 629 6
280 920 1
280 281 3
280 891 1
280 915 1
281 491 1
285 571 2
290 321 2
290 566 1
290 718 1
291 454 1
291 401 1
291 429 2
293 569 2
293 547 1
294 765 1
295 569 2
299 832 2
299 634 1
301 656 1
301 978 2
301 547 1
305 765 2
305 318 1
305 743 5
306 771 2
306 450 1
306 659 2
306 742 1
311 697 1
311 955 3
311 987 1
313 517 2
313 648 2
313 478 1
313 765 1
315 423 2
316 847 1
318 566 1
318 918 1
319 558 1
320 1004 2
321 704 1
321 499 2
322 337 1
322 879 2
322 343 1
324 362 1
326 692 2
327 532 1
327 381 6
329 624 1
329 819 2
329 414 1
331 418 3
332 435 3
333 569 2
334 416 2
334 483 1
334 550 1
334 776 2
334 617 1
334 923 1
334 687 1
334 692 2
334 607 2
335 664 1
335 385 1
335 980 2
335 381 2
335 537 4
337 505 4
337 548 1
338 987 4
338 700 2
341 942 4
343 950 1
343 663 2
344 952 1
347 966 4
353 891 2
356 515 1
356 743 6
356 684 3
356 502 1
356 472 11
356 607 2
360 585 1
360 526 5
360 561 1
360 629 7
360 891 1
361 987 2
362 868 1
364 987 2
364 764 3
364 582 1
364 414 1
368 879 1
369 927 1
369 551 1
374 742 2
377 422 3
377 423 1
377 630 4
377 696 1
377 729 1
380 712 1
381 643 1
381 553 4
381 532 2
381 980 3
381 670 7
383 720 1
383 887 1
388 534 1
393 1004 2
394 571 5
395 514 1
398 712 3
398 450 1
399 510 1
401 454 2
401 429 6
401 415 9
402 879 2
402 735 1
404 595 1
409 569 2
410 482 1
410 837 1
410 1001 1
410 650 2
410 777 1
410 994 1
410 719 1
410 433 1
410 969 1
410 924 1
410 663 3
410 541 1
414 731 1
414 746 1
414 687 1
414 530 1
414 739 1
414 692 1
414 980 1
414 506 1
414 891 1
415 612 1
416 868 3
416 743 1
416 586 7
416 912 1
416 472 1
416 927 1
418 977 16
418 996 20
420 879 4
421 424 5
421 547 1
421 795 4
421 469 1
422 731 1
423 832 2
423 977 5
423 849 1
424 847 1
424 547 1
424 469 1
424 795 6
424 990 1
427 955 4
429 925 1
429 454 5
432 987 5
433 738 2
433 987 4
433 815 2
435 500 2
435 782 4
437 532 2
441 456 1
443 450 1
443 742 4
443 703 1
444 535 1
444 927 1
445 891 1
450 802 5
450 571 4
450 900 5
450 742 1
450 712 1
450 692 1
450 662 2
450 568 2
450 596 1
450 602 1
454 609 1
454 772 1
454 592 4
458 684 1
459 517 1
462 833 3
466 662 3
469 547 1
469 817 1
469 978 1
469 630 2
469 954 1
469 795 1
470 569 2
472 743 8
472 912 1
472 602 1
472 575 5
478 648 1
478 517 1
482 994 2
482 847 3
482 531 2
482 569 3
482 987 4
482 606 1
485 513 1
485 927 1
485 823 2
485 551 1
488 568 1
493 561 2
493 978 2
493 891 1
493 629 10
493 630 3
495 568 1
497 977 12
499 684 3
499 558 1
499 607 2
500 586 8
501 879 2
502 746 1
502 693 1
502 569 3
502 862 1
502 607 1
506 644 3
506 1001 1
506 849 1
506 996 1
506 532 1
506 670 1
506 921 1
506 702 2
508 532 1
509 634 1
511 987 3
512 547 1
513 927 1
513 551 1
515 586 1
516 532 1
517 674 1
517 803 1
517 648 2
517 607 1
526 561 1
526 629 7
526 891 1
528 609 2
528 867 1
528 693 1
528 537 1
530 838 8
530 746 1
530 629 11
530 630 5
530 891 5
530 607 1
531 641 2
531 994 17
531 746 2
531 987 2
532 650 1
532 783 1
532 657 1
532 644 1
532 921 1
532 923 1
532 924 1
532 541 1
532 653 1
532 682 1
532 700 1
532 702 1
532 576 1
532 837 1
532 719 1
532 850 1
532 979 1
532 654 1
532 738 1
532 996 1
532 1001 1
532 747 1
532 881 1
532 745 1
532 761 1
534 746 1
534 692 1
535 927 1
537 737 2
538 832 1
538 569 3
538 951 4
540 987 2
540 697 1
540 698 1
540 955 2
541 996 2
541 951 1
542 927 1
542 646 1
542 571 1
542 607 1
546 851 3
546 923 1
546 550 1
547 817 1
547 656 1
547 978 1
547 795 1
547 957 1
551 646 1
551 854 2
551 927 1
552 951 1
553 670 2
558 565 2
561 846 9
561 629 8
561 891 1
563 696 2
566 718 2
568 947 2
569 693 3
569 710 2
569 976 2
569 599 2
569 605 2
569 862 2
569 991 2
569 767 1
571 900 7
571 742 8
571 870 2
571 935 2
571 776 6
571 684 3
571 910 1
571 663 3
571 885 1
573 586 3
575 912 1
580 585 1
580 791 1
581 720 6
581 855 5
581 692 2
582 987 2
585 922 1
586 868 5
586 782 4
586 759 2
586 984 19
586 772 2
586 607 1
587 720 1
591 851 1
591 607 2
591 718 2
592 927 5
599 693 1
602 765 4
602 743 4
605 693 2
607 940 1
607 742 2
607 802 3
607 987 1
607 684 1
607 692 6
607 696 3
607 731 6
607 739 2
607 612 2
607 997 1
607 870 1
607 890 1
609 772 2
609 951 1
609 633 1
609 927 1
612 633 1
614 851 1
617 720 1
617 714 2
622 676 1
628 720 1
629 772 1
629 658 8
629 685 7
629 846 8
629 630 9
629 631 7
629 891 12
630 685 3
630 952 2
630 891 1
631 891 1
633 739 3
633 669 1
634 832 1
634 939 2
634 788 1
634 638 1
638 832 2
641 987 1
643 685 1
644 924 3
644 996 1
646 927 1
646 854 1
647 838 4
648 765 4
650 682 1
650 654 2
650 783 1
650 686 7
652 1004 2
654 738 1
658 891 1
658 838 1
662 900 4
665 746 3
669 696 3
671 687 1
672 844 3
680 720 1
680 731 1
680 790 2
682 783 2
684 704 4
685 1001 3
685 724 1
685 891 1
687 923 1
687 812 1
692 742 3
692 746 4
692 830 1
697 855 1
697 925 1
698 840 1
698 873 1
698 764 1
700 812 7
700 790 3
702 924 11
703 784 2
703 771 4
704 841 2
704 723 1
710 832 4
712 900 2
718 851 1
718 980 1
720 870 1
720 942 1
720 855 1
722 927 3
724 1001 5
724 951 3
724 796 1
731 789 3
738 850 3
738 783 2
740 788 5
740 879 2
742 900 4
743 765 2
746 900 3
746 935 25
746 915 1
758 918 1
761 924 3
761 850 1
762 984 2
764 994 4
764 987 1
765 868 1
769 771 1
770 927 1
771 901 1
772 812 1
773 955 3
774 947 76
777 994 1
779 843 1
782 923 3
783 837 3
783 881 1
783 850 3
783 921 2
789 994 1
789 987 3
790 812 3
795 978 5
808 876 1
809 994 2
809 987 1
823 927 1
828 1001 3
840 987 2
841 923 1
843 883 1
846 891 1
847 954 1
849 987 1
851 978 2
854 927 3
861 896 1
872 987 1
873 987 1
880 890 2
912 984 1
921 923 1
925 955 3
933 966 5
935 966 5
936 942 2
951 996 1
955 987 5
957 978 1
977 996 1
977 1001 10
977 1004 11
978 988 6
987 994 1
