0
1
2
3
4
5
6
7
8
9
10
11
12
13
14
15
16
17
18
19
20
21
22
23
24
25
26
27
28
29
30
31
32
33
34
35
36
37
38
39
40
41
42
43
44
45
46
47
48
49
50
51
52
53
54
55
56
57
58
59
60
61
62
63
64
65
66
67
68
69
70
71
72
73
74
75
76
77
78
79
80
81
82
83
84
85
86
87
88
89
90
91
92
93
94
95
96
97
98
99
100
101
102
103
104
105
106
107
108
109
110
111
112
113
114
115
116
117
118
119
120
121
122
123
124
125
126
127
128
129
130
131
132
133
134
135
136
137
138
139
141
142
143
144
145
146
147
148
149
150
151
152
153
154
155
157
158
159
160
161
162
163
164
165
166
167
168
169
170
171
172
173
174
175
176
177
178
179
180
181
182
183
184
185
186
187
188
189
190
191
192
193
194
195
196
197
198
199
200
201
202
203
204
205
206
207
208
209
210
211
212
213
214
215
216
217
218
219
220
221
222
223
224
225
226
227
228
229
230
231
232
233
235
236
237
238
239
240
241
242
243
244
245
246
247
248
249
250
251
252
253
254
255
256
257
259
260
262
263
264
265
266
267
268
269
270
271
272
273
274
275
276
277
278
279
280
281
282
283
284
285
286
287
288
289
290
291
292
293
294
295
296
297
299
300
301
302
303
304
305
306
307
308
309
310
311
312
313
314
315
316
317
318
319
320
321
322
323
324
325
326
327
328
329
330
331
332
333
334
335
336
337
338
339
340
341
343
344
345
346
347
348
349
350
351
352
353
355
356
357
358
359
360
361
362
364
365
366
367
368
369
370
371
372
373
374
375
376
377
378
379
380
381
382
383
384
385
386
387
388
389
390
391
392
393
394
395
396
397
398
399
400
401
402
403
404
405
406
407
408
409
410
411
412
413
414
415
416
418
419
420
421
422
423
424
425
426
427
428
429
430
431
432
433
434
435
436
437
438
439
440
441
442
443
444
445
446
447
448
449
450
451
452
453
454
455
456
457
458
459
460
461
462
464
465
466
467
468
469
470
471
472
473
474
475
476
477
478
479
480
481
482
483
484
485
486
487
488
489
490
491
492
493
495
496
497
498
499
500
501
502
503
504
505
506
507
508
509
510
511
512
513
514
515
516
517
518
519
520
521
522
523
524
525
526
527
528
530
531
532
533
534
535
536
537
538
539
540
541
542
543
544
545
546
547
548
549
550
551
552
553
554
556
557
558
559
560
561
562
563
564
565
566
567
568
569
570
571
572
573
574
575
576
577
578
579
580
581
582
583
584
585
586
587
588
589
590
591
592
593
594
595
596
597
598
599
600
601
602
603
604
605
606
607
609
610
611
612
613
614
615
616
617
618
619
621
622
623
624
625
626
627
628
629
630
631
632
633
634
635
636
637
638
639
640
641
642
643
644
645
646
647
648
649
650
651
652
653
654
655
656
657
658
659
660
661
662
663
664
665
666
667
668
669
670
671
672
673
674
675
676
677
678
679
680
681
682
683
684
685
686
687
688
689
690
691
692
693
694
695
696
697
698
699
700
701
702
703
704
705
706
707
708
709
710
711
712
713
714
715
716
717
718
719
720
721
722
723
724
725
726
727
728
729
730
731
732
733
734
735
736
737
738
739
740
741
742
743
744
745
746
747
748
749
750
751
752
753
754
756
757
758
759
760
761
762
763
764
765
767
768
769
770
771
772
773
774
775
776
777
778
779
780
781
782
783
784
785
786
787
788
789
790
791
792
793
794
795
796
797
798
799
800
801
802
803
804
805
806
807
808
809
810
811
812
813
814
815
816
817
818
819
820
821
822
823
824
825
826
827
828
829
830
831
832
833
834
835
836
837
838
839
840
841
842
843
844
845
846
847
848
849
850
851
852
853
854
855
856
857
858
859
860
861
862
863
864
865
866
867
868
869
870
871
872
873
874
875
876
877
878
879
880
881
882
883
884
885
886
887
888
889
890
891
892
893
894
895
896
897
898
899
900
901
902
903
904
905
906
907
908
909
910
911
912
913
914
915
916
917
918
919
920
921
922
923
924
925
926
927
928
929
930
931
932
933
934
935
936
937
938
939
940
941
942
943
944
945
946
947
948
949
950
951
952
953
954
955
956
957
958
960
961
962
963
964
965
966
967
968
969
970
971
972
973
974
975
976
977
978
979
980
981
982
983
984
985
986
987
988
989
990
991
992
993
994
995
996
997
998
999
1000
1001
1002
1003
1004
0 808 2
0 249 1
1 309 1
2 272 1
2 812 2
2 700 1
2 30 1
2 790 5
4 135 2
5 107 4
5 175 1
5 980 2
5 118 1
5 248 1
5 506 2
5 29 1
5 670 2
6 248 1
6 506 1
6 29 1
8 633 1
8 414 1
14 1001 1
14 29 2
14 410 1
14 924 4
14 506 3
14 702 5
15 680 5
15 584 1
15 731 4
15 422 3
16 410 2
16 783 1
16 541 5
16 407 1
24 530 3
24 647 1
24 629 12
24 31 2
25 499 2
28 987 1
29 643 1
29 783 1
29 921 1
29 796 1
29 541 1
29 670 1
29 808 2
29 442 1
29 189 1
29 208 1
29 249 3
29 605 1
29 226 1
29 1004 1
29 881 1
29 248 2
29 377 2
29 506 3
29 381 3
30 256 3
30 313 3
30 765 4
30 104 1
31 165 24
31 838 1
31 143 1
31 847 1
31 990 1
32 143 5
32 977 2
32 534 1
32 791 1
32 891 3
32 189 1
32 862 1
32 159 5
35 161 1
35 978 1
35 469 1
35 167 1
38 832 1
38 474 1
38 939 1
38 309 1
38 343 3
40 568 1
40 802 1
41 704 1
42 832 1
42 139 1
42 164 1
42 939 2
42 879 1
42 368 1
42 84 1
42 663 1
42 612 2
42 638 1
45 52 4
48 704 1
48 684 2
52 416 1
52 66 4
52 868 1
52 168 1
52 232 1
53 193 3
53 923 1
53 633 2
53 609 1
53 311 1
56 410 1
56 987 2
56 159 1
61 450 2
61 843 1
61 334 1
61 659 1
61 692 3
61 718 7
61 278 1
61 568 5
61 607 3
61 159 1
62 513 1
62 485 2
62 646 8
62 214 1
62 542 8
62 159 2
64 634 1
64 477 1
65 193 1
65 75 3
65 220 1
65 147 1
65 865 1
67 963 17
67 165 10
67 846 11
67 207 13
67 561 4
67 344 4
68 987 1
74 984 1
74 256 2
75 772 6
75 997 4
75 833 1
75 193 1
75 191 2
75 334 3
75 752 1
75 850 2
75 147 4
75 629 1
75 609 1
75 633 4
75 607 2
75 923 2
75 220 2
75 190 1
75 927 1
77 782 6
77 439 1
78 767 1
82 184 2
82 267 4
82 628 1
82 135 2
83 771 2
83 863 1
84 832 1
86 443 4
90 865 1
90 742 1
90 360 1
90 526 1
90 147 3
90 502 4
90 535 1
90 569 2
90 927 1
91 607 1
95 987 1
96 832 1
96 132 1
96 299 2
96 388 1
96 634 1
96 509 1
96 638 1
98 707 5
98 134 1
98 454 2
98 713 4
98 107 9
98 268 2
98 429 3
98 592 2
98 401 4
98 291 1
98 117 2
98 278 1
101 246 7
103 423 4
104 523 4
104 765 1
104 549 2
105 418 10
105 374 5
105 582 8
105 471 1
106 402 1
107 810 3
107 236 2
107 880 1
107 980 1
107 214 1
107 664 1
107 537 1
107 381 2
112 256 2
112 674 1
112 517 4
112 648 1
112 267 2
112 313 1
112 186 1
114 275 1
118 732 2
118 365 3
120 772 1
122 428 1
122 410 1
122 924 2
122 718 1
126 416 2
126 356 1
126 168 1
126 586 2
126 602 7
126 765 1
127 732 2
127 916 3
127 189 2
127 334 1
132 139 1
133 168 1
133 765 1
134 592 5
134 291 2
134 454 5
135 581 5
135 870 2
135 170 3
135 942 8
135 720 1
135 371 2
135 692 3
135 798 3
135 772 1
135 628 6
135 414 1
135 607 1
137 306 2
138 887 1
139 323 1
139 402 1
139 788 1
139 534 1
139 634 1
139 477 2
139 510 1
141 280 1
141 241 1
141 978 1
141 188 2
143 739 2
143 422 1
143 280 1
143 731 2
147 347 3
147 926 1
149 377 2
149 716 2
149 372 1
150 772 5
150 415 4
151 278 1
151 566 2
151 253 2
152 443 9
153 977 7
153 410 1
157 171 1
157 414 1
157 607 1
159 290 4
159 923 6
159 233 8
159 334 1
159 719 1
159 530 1
159 542 1
159 214 1
159 283 1
159 629 1
160 280 2
160 214 1
160 685 2
160 526 1
160 629 6
164 402 2
164 638 1
164 879 1
165 401 23
165 344 3
165 858 1
165 316 4
165 990 1
166 416 1
166 586 3
167 547 1
167 424 1
167 207 1
167 817 1
167 978 1
167 851 3
167 469 1
167 954 1
167 795 1
167 988 1
168 416 2
168 743 2
168 232 1
168 586 5
168 557 1
168 912 9
168 472 9
168 984 3
168 607 1
170 581 1
175 423 1
175 849 1
175 275 4
175 410 1
175 670 3
180 958 1
181 185 1
181 190 2
184 650 2
184 423 3
184 686 1
184 407 1
185 833 1
185 526 1
185 528 1
185 502 1
185 462 1
186 256 3
186 648 2
186 517 2
186 313 2
187 568 1
187 337 2
188 978 1
188 988 1
188 469 3
189 977 1
189 249 1
189 410 1
189 607 2
190 353 4
190 656 2
190 274 2
190 373 2
190 920 2
191 752 2
191 692 1
191 927 1
191 415 2
192 506 1
192 381 2
193 736 1
193 609 1
193 546 1
193 617 2
193 714 2
193 290 1
193 633 3
193 923 1
193 540 1
193 927 1
197 987 1
199 644 2
199 996 1
199 924 4
199 541 2
199 506 1
200 952 11
200 838 1
207 424 6
207 558 2
207 847 2
207 978 1
207 547 1
207 469 9
207 953 1
207 795 5
208 236 4
209 912 1
209 765 1
214 776 1
214 684 1
214 530 1
214 662 2
214 920 1
214 923 1
214 544 1
214 290 4
214 987 1
214 935 1
214 940 1
214 306 2
214 692 1
214 569 1
214 835 1
214 324 1
214 844 2
214 334 1
214 720 1
214 852 1
214 343 3
214 731 1
214 220 1
214 865 1
214 738 1
214 742 2
214 230 2
214 743 1
214 371 1
214 629 2
216 321 3
220 334 1
223 879 2
226 994 1
229 241 1
229 901 1
229 334 2
229 607 9
231 840 2
231 338 1
231 531 1
231 245 8
231 698 1
231 987 1
231 607 2
232 782 5
233 450 1
233 692 8
236 1004 2
236 335 2
236 977 3
236 537 8
236 383 4
239 324 1
239 951 1
241 547 1
241 469 1
245 698 1
245 987 2
245 540 1
246 724 2
246 423 7
248 921 1
248 506 3
248 670 1
249 716 1
249 470 5
249 569 1
249 410 3
250 886 1
250 927 1
251 410 1
251 987 1
253 290 2
253 566 1
256 416 1
256 356 3
256 517 3
256 648 4
256 313 5
256 478 2
260 586 1
267 586 1
267 891 15
267 517 1
272 450 2
272 900 1
273 951 1
275 849 1
278 290 2
280 978 1
280 739 1
280 561 1
280 530 2
280 851 3
280 629 3
280 920 1
280 281 3
280 915 1
281 491 1
290 321 2
290 566 1
290 718 1
291 401 3
291 429 1
291 454 3
293 569 2
293 724 1
294 586 1
299 832 1
301 978 3
301 547 1
305 765 2
305 743 4
306 450 1
306 771 2
306 374 1
306 742 7
306 523 1
306 784 1
306 659 3
311 697 1
311 955 2
311 987 1
313 517 2
313 648 2
313 478 1
313 765 2
315 423 2
318 332 1
318 566 1
318 918 1
319 585 1
320 1004 2
321 704 1
321 499 1
322 879 3
324 362 1
326 692 2
327 381 5
329 624 1
329 819 2
331 418 4
332 435 1
332 500 1
333 569 2
334 612 2
334 550 1
334 776 1
334 617 1
334 687 1
334 772 1
334 923 1
335 385 1
335 980 2
335 664 1
335 537 4
335 381 2
337 505 1
337 548 1
338 987 4
341 942 5
343 633 4
344 952 2
347 966 3
356 515 1
356 743 7
356 586 1
356 684 2
356 502 1
356 472 6
356 607 2
360 585 1
360 629 3
360 526 4
360 561 1
361 591 1
361 994 2
361 987 2
361 364 1
361 687 1
362 868 1
362 561 1
364 482 1
364 987 2
364 764 4
364 582 1
368 879 1
374 742 2
377 423 1
377 630 1
377 696 1
377 729 1
378 514 1
379 568 1
381 553 4
381 532 1
381 980 3
381 670 7
383 720 1
388 746 1
388 534 1
393 1004 3
395 514 1
398 712 5
398 450 1
399 510 1
401 454 7
401 429 8
401 415 11
402 735 1
402 879 2
404 595 1
406 731 1
406 422 4
410 482 1
410 837 1
410 1001 1
410 650 2
410 777 1
410 994 1
410 719 1
410 433 1
410 969 1
410 663 3
410 924 1
410 541 1
414 684 1
414 718 1
414 506 1
414 891 1
415 569 1
416 868 2
416 586 5
416 912 2
416 472 1
416 927 2
418 977 6
418 996 37
420 879 2
421 795 3
421 424 8
421 978 1
421 547 1
421 469 1
422 731 1
423 832 3
423 977 7
424 547 1
424 978 1
424 469 1
424 795 9
424 990 3
427 955 4
429 454 5
432 987 8
433 528 1
433 633 3
433 987 2
435 500 5
440 607 1
441 456 2
443 450 1
443 742 9
443 662 1
443 703 1
444 535 3
445 891 1
447 586 1
450 802 3
450 900 5
450 742 1
450 712 1
450 947 1
450 692 1
450 662 2
450 568 2
450 596 1
450 602 1
454 609 1
454 772 1
454 592 2
459 517 1
462 833 4
469 547 1
469 817 1
469 978 1
469 630 2
469 954 1
469 795 1
472 743 4
472 912 1
472 575 5
477 634 1
478 648 1
478 517 1
482 847 2
482 531 2
482 569 4
482 987 3
485 513 1
485 823 2
488 568 1
493 561 1
493 978 2
493 629 4
495 568 1
497 977 12
499 684 1
500 515 1
500 586 8
500 782 1
501 879 2
502 710 1
502 746 1
502 693 1
502 569 3
502 862 1
502 607 1
506 644 3
506 1001 2
506 996 1
506 670 1
506 921 1
506 924 3
506 702 2
511 987 3
512 978 1
512 547 1
514 832 1
514 780 1
515 586 1
517 674 1
517 803 1
517 648 2
526 561 1
526 629 3
526 891 1
528 769 1
528 867 1
528 693 1
528 537 1
530 746 1
530 629 10
530 630 8
530 891 5
531 641 2
531 994 14
531 746 2
531 987 4
532 761 1
534 746 2
534 692 1
537 737 3
538 832 1
538 951 1
540 987 2
540 697 1
540 698 1
540 955 1
541 996 2
541 951 1
542 607 1
543 952 1
546 851 3
546 923 1
546 550 1
547 817 1
547 656 1
547 978 2
547 795 1
547 957 1
552 858 1
552 978 1
558 565 1
561 585 1
561 846 10
561 629 4
566 718 2
568 947 1
569 693 1
573 586 2
580 585 1
581 742 4
581 936 3
581 720 6
581 692 2
581 855 6
582 987 2
585 922 1
586 868 8
586 782 2
586 984 15
586 772 3
586 607 2
587 720 2
591 851 1
591 718 2
591 607 3
592 927 2
602 765 4
602 743 2
605 693 2
607 802 3
607 731 6
607 692 6
607 696 5
607 858 2
607 987 1
607 739 4
607 612 2
607 997 1
607 742 2
607 890 1
609 772 2
609 692 1
609 951 1
609 633 1
609 927 1
614 978 1
617 720 2
617 714 1
617 833 1
628 720 1
629 772 1
629 658 4
629 685 3
629 846 5
629 630 5
629 631 3
629 858 1
629 891 13
633 739 3
633 669 1
634 788 1
638 832 2
641 987 1
643 685 1
644 924 1
646 854 2
648 765 2
650 682 2
650 654 2
650 783 1
650 686 3
652 1004 1
659 742 1
663 951 1
665 746 2
670 980 2
671 687 1
672 844 3
680 720 2
680 731 1
680 790 2
682 783 2
684 844 1
687 812 1
687 940 1
687 923 1
692 742 2
692 746 2
697 855 2
697 925 1
698 840 1
698 873 1
698 764 1
700 812 8
700 790 2
702 924 5
703 784 2
703 771 4
704 723 1
710 832 4
712 900 4
718 851 6
718 980 1
718 724 1
718 883 1
720 870 1
720 942 3
720 855 2
722 927 1
724 866 1
724 1001 3
724 951 2
731 789 3
738 850 3
738 783 2
740 788 3
740 879 2
742 993 3
742 835 1
742 900 4
742 863 1
742 784 1
742 901 1
743 765 1
746 900 2
746 935 24
746 915 1
758 918 2
761 804 1
761 924 3
762 984 2
764 994 4
764 987 1
765 868 1
769 771 1
771 901 1
772 812 4
773 955 3
774 947 61
777 994 1
782 923 3
783 837 3
783 881 1
783 850 3
783 921 2
789 987 2
790 812 4
795 978 5
809 994 2
809 987 1
817 978 1
828 1001 3
840 987 2
849 987 1
851 978 1
854 927 1
855 955 2
861 896 1
872 987 1
873 987 1
880 890 2
912 984 1
921 923 1
921 924 1
923 940 1
925 955 2
933 966 3
935 966 3
951 996 1
954 978 1
955 987 4
957 978 3
977 996 1
977 1001 8
977 1004 9
978 988 4
987 994 1
