0
1
2
3
4
5
6
7
8
9
10
11
12
13
14
15
16
17
18
19
20
21
22
23
24
25
26
27
28
29
30
31
32
33
34
35
36
37
38
39
40
41
42
43
44
45
46
47
48
49
50
51
52
53
54
55
56
57
58
59
60
61
62
63
64
65
66
67
68
69
70
71
72
73
74
75
76
77
78
79
80
81
82
83
84
85
86
87
88
89
90
91
92
93
94
95
96
97
98
99
100
101
102
103
104
105
106
107
108
109
110
111
112
113
114
115
116
117
118
119
120
121
122
123
124
125
126
127
128
129
130
131
132
133
134
135
136
137
138
139
141
142
143
144
145
146
147
148
149
150
151
152
153
154
155
157
158
159
160
161
162
163
164
165
166
167
168
169
170
171
172
173
174
175
176
177
178
179
180
181
182
183
184
185
186
187
188
189
190
191
192
193
194
195
196
197
198
199
200
201
202
203
204
205
206
207
208
209
210
211
212
213
214
215
216
217
218
219
220
221
222
223
224
225
226
227
228
229
230
231
232
233
235
236
237
238
239
240
241
242
243
244
245
246
247
248
249
250
251
252
253
254
255
256
257
259
260
262
263
264
265
266
267
268
269
270
271
272
273
274
275
276
277
278
279
280
281
282
283
284
285
286
287
288
289
290
291
292
293
294
295
296
297
299
300
301
302
303
304
305
306
307
308
309
310
311
312
313
314
315
316
317
318
319
320
321
322
323
324
325
326
327
328
329
330
331
332
333
334
335
336
337
338
339
340
341
343
344
345
346
347
348
349
350
351
352
353
355
356
357
358
359
360
361
362
364
365
366
367
368
369
370
371
372
373
374
375
376
377
378
379
380
381
382
383
384
385
386
387
388
389
390
391
392
393
394
395
396
397
398
399
400
401
402
403
404
405
406
407
408
409
410
411
412
413
414
415
416
418
419
420
421
422
423
424
425
426
427
428
429
430
431
432
433
434
435
436
437
438
439
440
441
442
443
444
445
446
447
448
449
450
451
452
453
454
455
456
457
458
459
460
461
462
464
465
466
467
468
469
470
471
472
473
474
475
476
477
478
479
480
481
482
483
484
485
486
487
488
489
490
491
492
493
495
496
497
498
499
500
501
502
503
504
505
506
507
508
509
510
511
512
513
514
515
516
517
518
519
520
521
522
523
524
525
526
527
528
530
531
532
533
534
535
536
537
538
539
540
541
542
543
544
545
546
547
548
549
550
551
552
553
554
556
557
558
559
560
561
562
563
564
565
566
567
568
569
570
571
572
573
574
575
576
577
578
579
580
581
582
583
584
585
586
587
588
589
590
591
592
593
594
595
596
597
598
599
600
601
602
603
604
605
606
607
609
610
611
612
613
614
615
616
617
618
619
621
622
623
624
625
626
627
628
629
630
631
632
633
634
635
636
637
638
639
640
641
642
643
644
645
646
647
648
649
650
651
652
653
654
655
656
657
658
659
660
661
662
663
664
665
666
667
668
669
670
671
672
673
674
675
676
677
678
679
680
681
682
683
684
685
686
687
688
689
690
691
692
693
694
695
696
697
698
699
700
701
702
703
704
705
706
707
708
709
710
711
712
713
714
715
716
717
718
719
720
721
722
723
724
725
726
727
728
729
730
731
732
733
734
735
736
737
738
739
740
741
742
743
744
745
746
747
748
749
750
751
752
753
754
756
757
758
759
760
761
762
763
764
765
767
768
769
770
771
772
773
774
775
776
777
778
779
780
781
782
783
784
785
786
787
788
789
790
791
792
793
794
795
796
797
798
799
800
801
802
803
804
805
806
807
808
809
810
811
812
813
814
815
816
817
818
819
820
821
822
823
824
825
826
827
828
829
830
831
832
833
834
835
836
837
838
839
840
841
842
843
844
845
846
847
848
849
850
851
852
853
854
855
856
857
858
859
860
861
862
863
864
865
866
867
868
869
870
871
872
873
874
875
876
877
878
879
880
881
882
883
884
885
886
887
888
889
890
891
892
893
894
895
896
897
898
899
900
901
902
903
904
905
906
907
908
909
910
911
912
913
914
915
916
917
918
919
920
921
922
923
924
925
926
927
928
929
930
931
932
933
934
935
936
937
938
939
940
941
942
943
944
945
946
947
948
949
950
951
952
953
954
955
956
957
958
960
961
962
963
964
965
966
967
968
969
970
971
972
973
974
975
976
977
978
979
980
981
982
983
984
985
986
987
988
989
990
991
992
993
994
995
996
997
998
999
1000
1001
1002
1003
1004
1 832 1
2 126 1
2 790 14
4 304 1
4 135 4
5 553 1
5 718 1
5 246 2
14 1001 14
14 506 8
14 924 2
14 702 5
17 857 1
30 91 1
30 868 1
32 214 1
37 730 1
40 712 1
45 52 1
52 416 1
52 868 1
52 66 1
52 356 1
53 633 1
53 910 1
58 909 1
61 819 1
61 243 1
61 356 1
61 718 1
62 542 1
70 509 1
77 912 1
82 135 3
86 152 1
86 443 7
91 716 1
101 921 1
107 670 1
112 267 1
114 275 1
118 732 1
120 915 1
125 534 1
126 356 1
135 581 10
135 870 3
135 743 2
135 170 3
135 942 3
135 720 1
135 371 4
135 692 2
135 718 2
135 790 3
135 628 3
135 549 1
136 200 1
136 857 2
141 469 1
143 790 1
147 577 1
147 355 1
147 933 1
147 230 1
147 171 1
147 972 1
147 590 1
147 277 1
147 347 1
147 285 1
147 926 1
147 686 1
149 249 2
152 443 2
157 926 1
159 712 2
159 742 1
159 866 4
159 214 1
159 542 1
165 857 1
165 207 1
167 547 1
167 630 1
168 416 1
168 260 3
168 232 5
168 585 1
168 266 5
168 556 1
168 334 2
168 912 2
168 209 1
168 949 23
168 790 3
168 439 6
168 472 1
168 602 1
169 372 2
171 590 1
175 849 1
175 246 2
178 418 4
178 188 1
178 502 4
181 537 1
185 502 1
186 267 1
188 718 1
188 502 1
188 614 1
189 502 1
194 626 1
195 595 1
197 923 1
199 506 1
199 924 1
201 249 1
204 586 1
207 428 1
207 990 2
209 356 1
214 712 1
214 940 2
214 742 1
223 343 1
228 502 1
231 738 1
231 698 1
232 356 1
232 949 2
232 439 2
232 260 1
232 575 1
236 249 1
245 698 1
249 977 1
249 410 2
256 267 1
264 586 2
266 439 2
267 517 1
267 648 1
267 586 1
267 478 1
275 849 1
277 355 1
281 718 1
293 724 1
294 817 1
294 586 1
299 634 1
299 509 1
306 771 1
306 742 1
313 356 1
316 428 1
317 374 1
318 558 1
318 319 4
321 458 1
327 381 1
334 416 1
334 415 3
335 899 2
335 516 2
337 505 1
337 939 1
337 718 1
338 415 1
343 368 1
347 935 1
353 891 1
356 743 3
356 718 1
356 912 2
356 790 1
356 472 2
356 602 3
362 812 1
362 854 1
362 759 1
372 404 2
381 643 6
383 586 4
383 580 1
398 712 1
398 450 5
401 429 7
415 462 2
416 586 2
416 500 1
416 439 2
416 984 1
418 977 14
418 996 105
421 630 6
428 530 1
428 915 2
428 629 1
428 857 1
428 990 1
439 912 2
443 742 1
450 712 1
458 844 1
458 684 1
458 565 1
469 512 3
483 696 1
493 630 1
499 684 1
499 758 1
500 515 1
500 814 1
502 692 1
502 693 1
502 538 1
502 862 1
506 1001 6
516 532 2
516 790 3
522 718 1
530 891 3
530 718 1
530 630 2
532 700 1
532 790 2
534 939 2
538 693 1
540 698 1
541 1001 1
541 738 1
541 923 1
542 823 2
542 718 1
546 687 1
558 684 1
565 684 1
580 791 1
586 718 1
591 696 1
591 718 1
602 743 1
603 780 1
607 700 1
629 891 1
633 923 2
634 788 1
634 950 1
644 738 1
644 996 3
654 738 1
654 783 1
663 951 1
672 844 2
684 844 3
684 718 1
684 956 1
685 1001 2
698 840 1
698 873 1
698 764 1
702 924 1
716 1004 2
716 724 1
718 742 1
718 754 1
737 849 1
738 783 3
738 921 1
738 923 2
742 900 2
758 844 1
765 908 1
774 947 8
790 812 1
790 868 1
844 918 1
885 889 1
921 923 1
952 971 1
969 977 1
