0
1
2
3
4
5
6
7
8
9
10
11
12
13
14
15
16
17
18
19
20
21
22
23
24
25
26
27
28
29
30
31
32
33
34
35
36
37
38
39
40
41
42
43
44
45
46
47
48
49
50
51
52
53
54
55
56
57
58
59
60
61
62
63
64
65
66
67
68
69
70
71
72
73
74
75
76
77
78
79
80
81
82
83
84
85
86
87
88
89
90
91
92
93
94
95
96
97
98
99
100
101
102
103
104
105
106
107
108
109
110
111
112
113
114
115
116
117
118
119
120
121
122
123
124
125
126
127
128
129
130
131
132
133
134
135
136
137
138
139
141
142
143
144
145
146
147
148
149
150
151
152
153
154
155
157
158
159
160
161
162
163
164
165
166
167
168
169
170
171
172
173
174
175
176
177
178
179
180
181
182
183
184
185
186
187
188
189
190
191
192
193
194
195
196
197
198
199
200
201
202
203
204
205
206
207
208
209
210
211
212
213
214
215
216
217
218
219
220
221
222
223
224
225
226
227
228
229
230
231
232
233
235
236
237
238
239
240
241
242
243
244
245
246
247
248
249
250
251
252
253
254
255
256
257
259
260
262
263
264
265
266
267
268
269
270
271
272
273
274
275
276
277
278
279
280
281
282
283
284
285
286
287
288
289
290
291
292
293
294
295
296
297
299
300
301
302
303
304
305
306
307
308
309
310
311
312
313
314
315
316
317
318
319
320
321
322
323
324
325
326
327
328
329
330
331
332
333
334
335
336
337
338
339
340
341
343
344
345
346
347
348
349
350
351
352
353
355
356
357
358
359
360
361
362
364
365
366
367
368
369
370
371
372
373
374
375
376
377
378
379
380
381
382
383
384
385
386
387
388
389
390
391
392
393
394
395
396
397
398
399
400
401
402
403
404
405
406
407
408
409
410
411
412
413
414
415
416
418
419
420
421
422
423
424
425
426
427
428
429
430
431
432
433
434
435
436
437
438
439
440
441
442
443
444
445
446
447
448
449
450
451
452
453
454
455
456
457
458
459
460
461
462
464
465
466
467
468
469
470
471
472
473
474
475
476
477
478
479
480
481
482
483
484
485
486
487
488
489
490
491
492
493
495
496
497
498
499
500
501
502
503
504
505
506
507
508
509
510
511
512
513
514
515
516
517
518
519
520
521
522
523
524
525
526
527
528
530
531
532
533
534
535
536
537
538
539
540
541
542
543
544
545
546
547
548
549
550
551
552
553
554
556
557
558
559
560
561
562
563
564
565
566
567
568
569
570
571
572
573
574
575
576
577
578
579
580
581
582
583
584
585
586
587
588
589
590
591
592
593
594
595
596
597
598
599
600
601
602
603
604
605
606
607
609
610
611
612
613
614
615
616
617
618
619
621
622
623
624
625
626
627
628
629
630
631
632
633
634
635
636
637
638
639
640
641
642
643
644
645
646
647
648
649
650
651
652
653
654
655
656
657
658
659
660
661
662
663
664
665
666
667
668
669
670
671
672
673
674
675
676
677
678
679
680
681
682
683
684
685
686
687
688
689
690
691
692
693
694
695
696
697
698
699
700
701
702
703
704
705
706
707
708
709
710
711
712
713
714
715
716
717
718
719
720
721
722
723
724
725
726
727
728
729
730
731
732
733
734
735
736
737
738
739
740
741
742
743
744
745
746
747
748
749
750
751
752
753
754
756
757
758
759
760
761
762
763
764
765
767
768
769
770
771
772
773
774
775
776
777
778
779
780
781
782
783
784
785
786
787
788
789
790
791
792
793
794
795
796
797
798
799
800
801
802
803
804
805
806
807
808
809
810
811
812
813
814
815
816
817
818
819
820
821
822
823
824
825
826
827
828
829
830
831
832
833
834
835
836
837
838
839
840
841
842
843
844
845
846
847
848
849
850
851
852
853
854
855
856
857
858
859
860
861
862
863
864
865
866
867
868
869
870
871
872
873
874
875
876
877
878
879
880
881
882
883
884
885
886
887
888
889
890
891
892
893
894
895
896
897
898
899
900
901
902
903
904
905
906
907
908
909
910
911
912
913
914
915
916
917
918
919
920
921
922
923
924
925
926
927
928
929
930
931
932
933
934
935
936
937
938
939
940
941
942
943
944
945
946
947
948
949
950
951
952
953
954
955
956
957
958
960
961
962
963
964
965
966
967
968
969
970
971
972
973
974
975
976
977
978
979
980
981
982
983
984
985
986
987
988
989
990
991
992
993
994
995
996
997
998
999
1000
1001
1002
1003
1004
0 569 1
0 178 1
0 605 1
0 249 1
2 812 1
2 782 2
2 466 2
2 405 1
2 790 1
2 700 1
3 782 1
4 304 2
4 135 6
5 175 11
6 249 2
6 178 2
6 605 1
8 414 1
13 738 2
13 700 3
13 314 4
14 850 2
14 724 5
14 506 14
14 924 11
14 410 1
14 702 1
15 680 3
15 731 7
15 422 4
16 777 2
16 410 1
16 19 1
17 857 2
17 316 1
19 61 1
21 782 1
24 902 2
24 990 1
24 782 1
24 629 9
24 280 3
24 891 4
24 188 1
24 445 1
24 414 1
25 704 1
25 48 1
25 458 2
25 499 1
25 844 1
28 987 5
28 540 1
29 899 1
29 381 2
29 175 1
30 868 1
31 214 1
31 316 2
31 428 1
31 165 7
31 990 3
32 739 1
32 580 1
32 791 1
32 280 3
32 188 1
32 669 1
35 280 3
35 978 3
35 207 2
38 70 1
38 534 1
38 343 2
39 923 1
40 450 1
40 900 1
40 264 1
40 712 6
40 120 1
40 572 4
41 48 1
41 458 2
46 132 1
48 704 4
48 1000 4
48 844 3
48 458 8
48 684 2
48 558 1
48 723 1
48 216 1
48 956 1
48 319 2
52 416 12
52 868 5
52 168 3
52 912 2
52 356 4
52 765 3
53 290 1
53 614 1
53 518 4
53 425 1
53 546 2
53 435 1
53 629 1
53 923 1
53 798 1
56 65 2
56 482 1
56 772 1
56 410 1
56 987 8
56 540 1
58 483 1
61 782 2
61 550 1
61 742 1
61 586 1
61 517 3
61 546 1
61 718 9
61 334 1
61 926 5
61 991 3
62 800 3
62 485 4
62 646 3
62 214 1
62 571 6
62 542 1
65 865 1
65 772 4
65 135 1
65 528 1
65 280 1
65 196 1
67 656 1
67 344 1
67 963 10
67 165 1
68 987 5
70 832 2
70 388 1
70 663 2
70 334 2
70 534 1
70 633 2
70 120 1
70 324 1
70 90 1
70 638 1
70 415 2
71 595 3
74 256 2
74 166 1
74 294 6
74 168 2
74 586 2
74 974 3
74 912 6
74 214 1
74 984 5
74 90 4
74 573 1
75 633 1
75 147 1
77 912 6
77 168 7
77 266 2
77 790 2
77 439 1
78 832 1
78 130 3
78 878 1
78 178 2
78 502 7
78 249 1
78 605 1
82 784 1
82 135 2
83 784 1
83 697 1
86 443 2
88 106 1
88 343 1
90 978 2
90 609 1
90 850 1
90 292 1
90 646 2
90 423 1
90 168 2
90 167 1
90 749 1
90 881 1
90 178 5
90 851 2
90 948 2
90 837 1
90 214 1
90 356 2
90 923 7
90 188 2
90 223 1
91 178 1
92 316 1
93 192 1
95 987 5
96 420 2
96 638 1
98 401 7
98 429 3
99 249 1
99 178 4
99 862 3
99 929 1
101 377 1
101 246 6
101 423 2
103 943 1
104 256 2
104 356 1
104 294 2
104 648 3
104 425 22
104 721 3
105 418 3
106 906 2
106 634 1
106 402 1
107 737 2
107 643 1
107 808 1
107 553 1
107 810 1
107 1004 2
107 464 2
107 178 1
107 468 1
109 721 1
112 356 1
113 163 3
113 854 1
114 275 1
114 718 1
118 178 1
119 812 1
120 388 1
120 742 6
120 454 2
120 772 1
120 425 5
120 900 2
120 923 2
122 857 1
122 915 1
122 428 1
122 185 1
126 356 3
126 294 6
126 648 5
126 586 3
126 168 1
126 885 2
126 759 6
127 178 2
127 595 1
127 934 1
127 415 1
129 577 1
129 926 2
133 602 1
135 692 1
135 581 12
135 870 6
135 942 13
135 371 4
135 628 3
135 292 2
135 923 1
135 415 1
136 857 2
136 316 2
139 376 1
139 601 3
141 280 3
141 978 2
141 469 1
141 951 1
142 280 3
142 188 1
142 316 3
143 376 1
144 239 1
147 278 5
147 277 1
147 150 4
147 285 1
147 926 3
147 416 4
147 931 1
147 933 1
147 171 1
147 686 7
147 577 3
147 454 1
147 715 4
147 972 1
147 334 1
147 590 1
147 471 2
147 347 1
147 355 1
147 617 1
147 748 1
149 716 3
149 372 1
149 718 1
149 423 1
150 316 2
150 471 1
151 962 1
151 617 1
151 687 1
151 278 1
151 890 1
151 923 3
151 253 1
152 443 3
157 356 3
157 517 3
157 586 1
157 684 3
157 530 2
157 277 1
157 535 1
157 542 2
159 923 1
160 891 1
160 838 3
160 530 3
160 658 1
160 629 6
160 280 1
160 571 13
161 571 6
161 443 1
163 646 2
163 518 1
163 895 5
163 732 1
163 799 2
164 879 2
164 343 1
164 943 2
165 207 4
165 401 10
165 344 7
165 316 3
166 674 1
166 516 1
166 392 1
166 586 2
166 435 1
166 500 4
166 984 5
166 356 1
167 978 2
167 469 1
168 260 9
168 266 4
168 912 50
168 790 2
168 923 2
168 425 2
168 948 6
168 949 8
168 439 2
168 313 3
168 332 2
168 472 15
168 868 3
168 356 12
168 744 2
168 232 2
168 762 2
168 765 6
169 688 1
170 784 1
170 697 1
171 185 3
171 347 2
171 926 2
171 577 1
173 738 1
173 924 1
173 506 2
175 849 7
175 423 2
178 409 3
178 538 3
178 415 5
178 929 1
178 295 1
178 693 1
178 569 1
178 314 1
178 833 4
178 710 2
178 333 2
178 976 2
178 339 1
178 724 1
178 470 5
178 599 2
178 605 21
178 862 11
178 991 1
178 482 2
178 228 3
178 359 1
178 749 2
178 502 30
178 249 4
178 767 2
180 958 2
181 656 2
181 353 1
181 274 1
184 779 1
184 883 2
184 407 1
185 833 2
185 915 1
185 534 2
185 762 1
185 316 1
187 450 1
187 662 1
188 547 1
188 561 1
188 360 1
188 526 2
188 978 3
188 631 1
188 280 4
189 376 2
190 656 3
190 274 1
190 962 1
190 614 1
191 415 1
193 923 1
196 731 1
196 468 1
199 644 1
199 506 11
199 996 1
199 924 1
199 738 1
200 952 2
200 344 1
200 915 2
200 316 6
200 772 4
207 484 1
207 424 1
207 428 3
207 493 1
207 558 4
207 978 3
207 373 4
207 630 2
207 953 1
207 954 1
207 795 5
207 349 1
207 990 2
207 469 2
214 290 3
214 518 2
214 742 7
214 712 1
214 951 2
214 334 5
214 239 1
214 912 1
214 367 2
214 500 7
214 629 1
214 502 2
214 983 1
214 377 1
214 923 3
214 316 2
216 321 3
216 458 4
216 956 2
216 558 4
220 609 5
223 718 4
223 879 2
224 316 1
225 779 1
225 951 1
228 249 1
228 605 7
228 502 7
229 421 1
229 777 1
229 718 1
229 415 1
229 316 2
229 293 1
231 738 1
231 840 1
231 874 2
231 749 6
231 849 1
231 338 4
231 245 1
231 987 6
231 540 3
232 425 6
232 648 1
232 472 8
232 356 2
233 935 6
233 617 2
233 746 1
233 692 5
233 278 2
233 923 1
235 923 1
236 1004 3
239 656 1
239 577 2
239 713 1
239 923 1
241 280 3
243 718 1
243 607 1
245 874 2
245 987 5
245 540 1
245 338 2
246 724 10
246 423 7
248 833 1
248 891 4
248 550 5
249 519 1
249 409 1
249 538 1
249 929 1
249 693 1
249 569 2
249 314 1
249 710 1
249 333 1
249 976 1
249 470 2
249 599 1
249 605 2
249 862 1
249 991 1
249 502 1
249 767 1
250 356 1
250 886 1
250 332 2
250 518 1
250 542 1
251 987 5
256 721 1
256 356 5
256 294 2
260 912 2
264 540 2
266 912 3
267 517 3
267 648 3
267 782 2
267 751 2
267 466 2
267 435 4
267 948 5
267 344 1
267 891 16
267 478 5
272 450 1
272 900 1
272 362 1
272 662 2
273 951 8
274 656 1
274 469 1
277 571 1
277 314 1
277 577 1
278 629 2
278 566 1
278 923 1
278 540 3
280 902 6
280 647 3
280 656 3
280 920 4
280 530 6
280 915 6
280 547 3
280 421 3
280 422 3
280 301 3
280 561 3
280 953 3
280 851 5
280 526 3
280 990 3
280 293 3
280 360 3
280 629 8
280 631 3
280 469 3
284 731 3
284 422 6
285 336 1
285 577 1
288 610 12
288 484 13
288 773 12
288 391 14
288 846 16
288 530 1
288 629 21
288 630 9
289 506 2
289 810 1
293 697 6
293 862 2
294 356 1
294 586 10
294 332 3
294 885 1
294 759 5
294 984 1
299 509 1
301 978 3
301 547 1
302 316 2
302 428 1
302 543 1
306 784 1
306 696 2
306 742 1
306 718 1
310 343 8
311 697 1
311 987 5
311 955 1
313 356 13
313 912 2
313 721 1
313 946 1
313 598 4
313 472 2
313 602 1
313 730 5
314 929 4
314 710 2
314 693 1
314 767 3
314 605 5
316 772 2
316 647 1
316 392 2
316 915 18
316 428 8
316 952 4
316 543 2
316 833 1
316 971 2
316 725 1
316 953 2
316 344 1
316 857 3
316 349 1
316 990 2
316 351 6
316 888 1
318 499 1
318 684 1
319 832 1
319 386 1
319 1002 2
319 956 1
319 458 8
321 458 2
321 499 1
321 684 1
321 383 2
324 534 1
324 951 2
326 696 1
327 381 1
329 343 1
329 910 1
329 624 3
329 849 1
329 819 3
329 695 1
332 803 1
332 838 1
332 617 1
332 586 5
332 759 2
332 844 2
332 782 6
332 435 4
332 500 6
332 854 1
332 425 1
332 472 3
332 948 3
332 539 1
333 605 1
333 470 1
333 767 6
334 450 2
334 356 1
334 776 1
334 746 1
334 500 1
334 586 2
334 692 1
334 923 1
334 607 2
336 577 1
336 926 3
338 873 1
338 849 5
338 987 5
338 540 6
338 789 2
343 534 3
343 749 8
343 399 4
343 853 4
343 950 8
343 663 10
344 373 7
347 472 3
347 577 1
351 782 1
353 656 1
353 891 5
355 577 1
356 517 2
356 648 3
356 782 1
356 912 6
356 535 1
356 542 2
356 602 4
356 425 9
356 684 1
356 948 4
356 586 5
356 721 2
356 472 23
356 730 4
356 868 1
356 743 3
356 744 3
360 891 1
360 629 6
361 987 5
362 609 2
362 770 1
362 716 1
362 984 1
362 383 10
364 641 1
364 582 1
367 518 1
367 776 1
367 841 1
367 713 1
367 887 1
367 940 3
367 948 1
367 951 1
367 502 2
367 535 1
367 377 1
367 923 2
367 613 1
369 832 2
369 423 1
371 441 1
373 391 2
374 400 2
376 919 1
376 731 4
377 866 3
377 630 2
377 685 2
379 568 2
379 662 1
381 532 10
383 912 2
383 528 2
383 720 1
383 586 3
387 978 1
390 784 15
391 610 1
392 948 3
392 700 1
394 571 6
397 671 1
397 975 1
400 813 1
401 429 14
401 454 7
401 415 18
402 943 1
405 782 1
407 843 1
407 779 1
409 605 1
410 719 1
414 891 17
415 833 6
415 546 1
415 518 3
415 811 9
415 429 11
415 502 1
416 425 3
416 435 5
416 912 2
416 629 6
416 790 1
416 948 1
418 996 9
420 559 3
421 978 2
421 795 3
422 680 6
422 527 1
422 696 1
422 731 11
423 832 1
423 866 2
423 716 1
423 977 2
423 849 1
424 978 3
424 795 3
424 990 2
425 868 1
425 633 1
425 912 3
425 946 1
425 948 2
425 949 3
425 598 1
425 439 1
425 472 4
425 730 1
425 765 1
427 955 2
428 838 1
428 915 9
428 857 2
428 543 1
429 454 5
433 738 2
433 987 9
433 540 2
435 838 1
435 586 2
435 974 2
435 500 8
435 782 5
435 759 1
439 912 7
440 737 1
443 662 3
443 550 2
443 718 2
443 742 5
445 891 2
450 802 3
450 965 1
450 712 2
450 572 1
450 923 1
450 947 2
450 695 1
450 571 12
450 915 7
458 704 1
458 577 1
458 1000 5
458 558 4
458 723 2
458 956 5
465 812 2
466 782 2
466 695 1
469 547 1
469 978 3
469 630 1
470 789 19
470 569 1
470 538 1
470 605 5
472 744 5
472 948 2
472 598 2
472 730 1
472 868 1
476 633 1
476 923 1
480 987 5
482 531 3
482 987 5
482 990 1
483 718 1
483 775 3
484 838 1
484 493 2
484 629 5
484 630 9
485 513 2
486 656 1
493 629 5
499 684 5
499 683 1
499 844 1
500 586 6
500 814 1
500 687 3
500 923 1
500 573 1
502 878 6
502 710 10
502 749 4
502 718 2
502 693 1
502 599 1
502 591 2
502 605 6
502 991 1
503 704 2
506 576 6
506 738 4
506 996 4
506 1001 6
506 719 2
506 951 1
506 644 6
506 924 7
506 541 4
507 658 1
507 629 1
507 782 2
509 832 1
509 1004 1
510 939 1
510 638 1
512 978 2
514 780 2
514 950 6
516 743 4
516 881 3
516 850 1
516 790 1
516 761 1
516 924 2
517 674 1
517 803 1
517 586 1
517 684 1
517 813 1
517 948 2
517 535 1
517 542 2
518 913 1
518 683 1
518 823 4
518 854 2
518 535 8
518 799 2
518 542 3
518 895 5
523 863 3
526 530 1
526 629 7
527 870 1
527 680 1
527 720 1
527 710 1
527 731 1
528 531 3
528 980 1
528 566 2
530 891 6
530 685 3
530 920 1
530 658 3
530 851 2
530 629 10
530 571 13
530 915 1
531 987 7
532 828 3
533 784 1
534 571 3
535 542 3
538 605 1
540 641 5
540 955 3
540 582 1
540 873 3
540 874 2
540 855 1
540 697 1
540 987 6
541 738 7
541 837 1
541 719 1
541 850 4
541 924 1
542 586 1
542 823 1
542 684 1
542 571 6
546 715 1
546 550 2
547 978 3
550 743 1
550 595 2
551 799 1
551 895 3
551 823 1
552 978 2
552 858 1
558 1000 2
558 684 1
558 956 1
561 629 7
565 956 1
565 723 1
565 684 2
565 926 1
568 662 1
569 605 1
571 900 11
571 742 6
571 870 1
571 935 11
571 776 5
571 684 10
571 813 11
571 663 2
572 802 1
573 586 1
575 949 1
576 738 1
577 933 1
577 715 1
577 748 1
577 590 1
577 926 3
577 686 1
581 855 1
581 703 1
581 997 1
582 987 5
584 731 1
585 954 1
585 767 1
586 923 1
586 782 8
586 912 1
586 687 1
586 885 4
586 984 8
587 947 1
591 718 1
591 923 1
591 910 1
591 607 1
595 1004 1
595 718 3
599 605 5
599 929 1
602 743 4
602 721 6
602 765 2
605 789 2
605 790 1
605 685 4
605 693 2
605 700 1
605 710 1
605 976 1
605 862 1
605 1001 2
605 767 1
607 696 1
607 1003 1
609 923 1
610 629 1
614 978 2
614 991 1
617 833 2
617 987 1
617 811 3
617 923 2
628 937 6
629 902 3
629 658 5
629 685 5
629 838 2
629 846 5
629 978 2
629 750 5
629 630 6
629 631 5
629 891 5
630 685 2
630 851 1
630 891 4
633 923 1
634 788 2
638 832 1
638 649 1
638 906 3
638 790 2
641 987 5
643 685 1
644 1001 3
644 924 2
644 996 2
648 721 2
648 765 1
650 738 1
654 738 3
654 783 1
654 991 2
656 838 1
656 782 2
656 920 1
658 731 2
663 950 1
664 810 1
668 720 1
668 746 2
668 813 1
668 935 1
671 975 1
674 948 1
677 782 1
679 684 1
680 731 5
680 790 1
682 738 1
682 924 1
682 850 2
684 704 4
684 844 4
684 918 1
685 1001 2
687 746 1
687 696 2
687 724 1
687 923 3
692 935 2
692 749 4
692 910 1
692 696 2
696 891 3
697 771 1
697 855 4
697 925 4
698 987 5
700 812 2
700 790 1
702 924 1
704 743 1
704 844 2
704 918 1
704 956 1
707 923 2
711 718 1
715 926 7
716 718 1
717 782 1
718 742 3
718 904 1
718 724 3
718 980 1
718 915 2
718 991 1
719 738 2
720 833 1
720 935 6
720 746 3
720 813 1
721 743 1
721 908 2
724 1004 1
724 883 3
725 947 1
730 868 1
738 996 1
738 837 3
738 828 2
738 745 2
738 783 5
742 900 1
746 935 4
746 813 4
748 926 4
750 891 1
752 850 1
754 883 1
758 956 1
758 918 1
762 984 5
764 840 2
764 874 2
764 987 5
764 994 1
765 868 1
765 912 1
765 948 3
772 923 1
774 947 12
778 881 1
779 843 1
779 883 1
780 950 1
782 838 2
782 984 1
782 790 1
782 988 1
784 901 1
784 870 1
784 855 2
784 863 3
789 987 5
790 868 4
790 812 1
795 978 3
796 987 5
799 895 2
809 987 6
813 935 2
817 978 2
823 895 8
838 857 1
840 873 1
840 874 2
840 987 5
849 874 1
849 987 5
849 925 1
850 996 1
850 881 1
850 924 3
851 920 1
851 978 4
851 915 1
851 954 1
853 906 1
857 915 4
858 991 1
863 994 1
867 974 2
868 912 2
868 948 1
872 987 6
873 874 2
873 987 5
874 925 6
875 923 1
878 929 3
880 923 2
885 889 1
885 974 1
890 923 4
912 948 5
912 949 14
912 984 2
915 952 1
923 951 2
924 996 1
924 1001 2
925 987 1
925 955 2
939 951 2
954 978 3
955 987 7
957 978 3
962 987 1
974 984 1
978 988 2
987 994 6
