0
1
2
3
4
5
6
7
8
9
10
11
12
13
14
15
16
17
18
19
20
21
22
23
24
25
26
27
28
29
30
31
32
33
34
35
36
37
38
39
40
41
42
43
44
45
46
47
48
49
50
51
52
53
54
55
56
57
58
59
60
61
62
63
64
65
66
67
68
69
70
71
72
73
74
75
76
77
78
79
80
81
82
83
84
85
86
87
88
89
90
91
92
93
94
95
96
97
98
99
100
101
102
103
104
105
106
107
108
109
110
111
112
113
114
115
116
117
118
119
120
121
122
123
124
125
126
127
128
129
130
131
132
133
134
135
136
137
138
139
141
142
143
144
145
146
147
148
149
150
151
152
153
154
155
157
158
159
160
161
162
163
164
165
166
167
168
169
170
171
172
173
174
175
176
177
178
179
180
181
182
183
184
185
186
187
188
189
190
191
192
193
194
195
196
197
198
199
200
201
202
203
204
205
206
207
208
209
210
211
212
213
214
215
216
217
218
219
220
221
222
223
224
225
226
227
228
229
230
231
232
233
235
236
237
238
239
240
241
242
243
244
245
246
247
248
249
250
251
252
253
254
255
256
257
259
260
262
263
264
265
266
267
268
269
270
271
272
273
274
275
276
277
278
279
280
281
282
283
284
285
286
287
288
289
290
291
292
293
294
295
296
297
299
300
301
302
303
304
305
306
307
308
309
310
311
312
313
314
315
316
317
318
319
320
321
322
323
324
325
326
327
328
329
330
331
332
333
334
335
336
337
338
339
340
341
343
344
345
346
347
348
349
350
351
352
353
355
356
357
358
359
360
361
362
364
365
366
367
368
369
370
371
372
373
374
375
376
377
378
379
380
381
382
383
384
385
386
387
388
389
390
391
392
393
394
395
396
397
398
399
400
401
402
403
404
405
406
407
408
409
410
411
412
413
414
415
416
418
419
420
421
422
423
424
425
426
427
428
429
430
431
432
433
434
435
436
437
438
439
440
441
442
443
444
445
446
447
448
449
450
451
452
453
454
455
456
457
458
459
460
461
462
464
465
466
467
468
469
470
471
472
473
474
475
476
477
478
479
480
481
482
483
484
485
486
487
488
489
490
491
492
493
495
496
497
498
499
500
501
502
503
504
505
506
507
508
509
510
511
512
513
514
515
516
517
518
519
520
521
522
523
524
525
526
527
528
530
531
532
533
534
535
536
537
538
539
540
541
542
543
544
545
546
547
548
549
550
551
552
553
554
556
557
558
559
560
561
562
563
564
565
566
567
568
569
570
571
572
573
574
575
576
577
578
579
580
581
582
583
584
585
586
587
588
589
590
591
592
593
594
595
596
597
598
599
600
601
602
603
604
605
606
607
609
610
611
612
613
614
615
616
617
618
619
621
622
623
624
625
626
627
628
629
630
631
632
633
634
635
636
637
638
639
640
641
642
643
644
645
646
647
648
649
650
651
652
653
654
655
656
657
658
659
660
661
662
663
664
665
666
667
668
669
670
671
672
673
674
675
676
677
678
679
680
681
682
683
684
685
686
687
688
689
690
691
692
693
694
695
696
697
698
699
700
701
702
703
704
705
706
707
708
709
710
711
712
713
714
715
716
717
718
719
720
721
722
723
724
725
726
727
728
729
730
731
732
733
734
735
736
737
738
739
740
741
742
743
744
745
746
747
748
749
750
751
752
753
754
756
757
758
759
760
761
762
763
764
765
767
768
769
770
771
772
773
774
775
776
777
778
779
780
781
782
783
784
785
786
787
788
789
790
791
792
793
794
795
796
797
798
799
800
801
802
803
804
805
806
807
808
809
810
811
812
813
814
815
816
817
818
819
820
821
822
823
824
825
826
827
828
829
830
831
832
833
834
835
836
837
838
839
840
841
842
843
844
845
846
847
848
849
850
851
852
853
854
855
856
857
858
859
860
861
862
863
864
865
866
867
868
869
870
871
872
873
874
875
876
877
878
879
880
881
882
883
884
885
886
887
888
889
890
891
892
893
894
895
896
897
898
899
900
901
902
903
904
905
906
907
908
909
910
911
912
913
914
915
916
917
918
919
920
921
922
923
924
925
926
927
928
929
930
931
932
933
934
935
936
937
938
939
940
941
942
943
944
945
946
947
948
949
950
951
952
953
954
955
956
957
958
960
961
962
963
964
965
966
967
968
969
970
971
972
973
974
975
976
977
978
979
980
981
982
983
984
985
986
987
988
989
990
991
992
993
994
995
996
997
998
999
1000
1001
1002
1003
1004
0 569 1
0 6 2
0 470 1
0 249 1
2 322 2
2 923 4
2 38 1
2 236 2
2 500 1
2 790 2
2 983 1
2 891 1
2 700 1
4 135 3
5 553 1
5 107 1
5 491 1
5 335 2
6 569 2
6 189 1
6 470 2
6 670 1
8 739 2
11 923 2
12 704 1
12 680 3
12 870 1
13 772 2
13 532 1
13 743 2
14 199 1
14 796 2
14 173 1
14 719 1
14 724 3
14 506 4
14 924 1
14 410 1
14 702 3
15 680 4
15 731 1
15 422 1
16 777 1
16 541 3
17 857 1
17 915 1
17 428 1
17 316 2
24 530 4
24 891 2
24 629 12
24 31 2
25 48 1
25 585 1
27 147 1
28 56 3
28 987 6
28 231 1
29 898 1
29 335 1
31 165 9
31 422 3
31 428 1
31 847 1
31 915 1
31 316 2
31 990 1
32 680 1
32 977 1
32 90 2
34 855 1
35 978 1
35 167 2
38 410 1
40 696 1
40 187 2
42 402 1
42 939 1
48 458 1
48 684 1
48 558 1
48 499 3
48 216 1
48 956 1
48 319 1
52 790 1
53 633 1
53 443 1
53 629 4
56 641 3
56 482 3
56 746 1
56 847 1
56 987 7
58 909 2
61 522 5
61 843 4
61 718 15
61 568 4
61 90 1
61 127 1
61 991 7
62 214 1
62 571 1
62 485 1
62 542 5
62 646 1
64 322 1
65 586 1
65 927 2
66 227 1
67 344 7
67 963 11
67 165 4
67 207 4
68 176 1
68 987 6
68 772 2
74 232 1
74 586 1
74 447 1
74 782 2
74 759 1
75 633 1
75 220 5
75 334 1
75 772 3
75 687 3
77 168 1
77 782 1
78 569 2
82 772 2
82 135 4
83 901 1
83 742 1
86 443 6
86 742 1
90 898 1
90 771 4
90 927 1
90 534 1
90 742 1
90 763 2
90 553 1
90 107 1
90 428 4
90 270 1
90 783 1
90 784 1
90 850 1
90 693 1
90 662 3
90 663 1
90 612 1
90 443 3
90 191 1
91 415 1
92 915 1
92 316 2
92 142 2
92 207 2
95 531 1
95 987 8
95 364 1
95 923 1
98 592 11
98 401 4
98 291 1
98 429 1
98 454 6
101 377 1
101 246 1
101 423 2
102 534 2
103 514 1
103 139 2
103 378 1
103 310 2
103 423 1
104 305 1
104 126 1
104 765 5
104 742 4
105 374 3
106 322 3
106 740 2
107 553 2
107 808 1
107 201 1
107 652 1
107 532 1
107 236 2
107 214 1
107 393 1
107 537 1
107 607 1
107 980 3
111 935 1
112 674 1
112 267 2
112 166 2
113 927 3
117 592 1
117 454 2
119 790 4
122 428 3
122 693 1
122 479 1
125 622 2
126 416 3
127 281 3
127 843 3
127 718 4
127 483 1
133 602 1
134 592 15
134 738 3
134 291 2
134 454 9
135 176 1
135 292 2
135 581 7
135 870 4
135 746 1
135 942 14
135 720 1
135 628 9
135 530 2
135 371 5
135 692 2
135 214 1
135 772 1
135 594 3
135 170 4
135 703 2
136 200 2
136 316 2
136 915 1
136 428 1
136 207 1
137 936 3
139 638 1
141 978 1
141 469 2
141 630 2
141 167 1
142 316 2
142 915 1
147 416 3
147 577 1
147 933 2
147 454 2
147 171 2
147 972 1
147 686 1
147 590 2
147 308 1
147 277 1
147 347 1
147 230 1
147 285 2
147 926 2
147 927 1
150 772 2
151 253 2
152 443 2
152 742 1
153 977 2
157 775 3
157 586 3
157 462 1
157 915 4
157 542 3
157 248 2
157 746 1
157 926 2
159 718 4
159 865 2
159 290 1
159 923 6
159 278 1
159 742 1
159 841 8
159 334 1
159 783 2
159 912 1
159 209 1
159 787 4
159 692 2
159 853 1
159 214 4
159 987 1
159 607 1
160 571 6
160 629 5
160 607 2
164 402 1
165 207 1
165 401 13
165 274 1
165 915 2
165 629 1
165 344 4
165 857 1
165 920 1
165 316 3
165 190 1
166 416 1
166 674 2
166 743 2
166 586 2
166 290 1
166 762 1
167 512 1
167 547 1
167 421 1
167 614 1
167 552 1
167 188 1
167 891 2
167 301 1
167 207 1
167 424 1
167 817 1
167 978 2
167 851 2
167 469 1
167 630 2
167 954 2
167 795 1
167 988 2
167 957 1
168 416 2
168 868 3
168 586 1
168 557 2
168 472 1
170 855 1
170 231 1
171 590 2
173 506 5
175 849 9
175 275 1
175 670 1
175 737 1
176 769 1
176 482 1
176 995 1
176 836 1
176 581 1
176 329 1
176 588 1
176 692 1
176 245 1
176 855 1
176 641 1
176 764 1
181 190 4
181 383 2
184 710 1
184 423 1
185 248 2
185 762 1
187 802 1
187 450 2
187 712 1
187 596 1
187 568 1
188 469 1
188 978 1
188 547 1
188 858 1
189 1004 1
189 718 1
189 214 3
189 506 4
189 607 2
190 353 3
190 656 4
190 274 4
190 920 2
191 607 1
191 415 1
191 927 1
192 506 2
193 290 1
193 923 1
193 338 1
193 214 1
193 633 1
193 987 1
193 443 1
193 830 2
197 850 1
197 923 2
199 506 2
199 924 1
199 541 3
200 952 5
200 915 8
200 428 2
200 316 2
207 424 2
207 847 1
207 978 1
207 469 3
207 795 3
208 236 4
209 880 1
209 765 1
214 776 1
214 684 1
214 530 1
214 662 1
214 920 1
214 923 2
214 544 1
214 290 1
214 987 1
214 428 2
214 306 3
214 692 1
214 569 1
214 316 2
214 835 1
214 324 1
214 940 1
214 844 3
214 334 1
214 720 1
214 852 1
214 731 1
214 220 1
214 865 1
214 738 1
214 743 1
214 882 1
214 371 1
214 629 1
214 765 2
215 639 1
216 704 1
216 321 1
216 558 1
220 334 4
220 383 3
221 746 1
223 462 1
228 569 3
228 605 4
229 306 2
229 483 1
229 742 4
229 607 4
231 540 1
231 338 1
231 698 1
231 987 7
232 699 1
233 692 1
233 746 2
233 772 2
236 393 2
236 1004 2
236 537 11
236 506 1
239 609 1
239 538 1
245 698 1
245 987 6
245 540 2
245 951 1
246 724 6
246 572 1
246 423 2
248 746 1
248 684 1
248 462 1
248 591 1
248 915 1
248 502 1
248 762 1
248 670 1
249 569 2
249 506 1
249 470 10
250 886 3
250 927 5
251 987 6
256 416 3
256 313 3
260 416 1
264 454 1
267 609 1
267 674 1
267 392 2
267 586 17
267 435 5
267 891 3
268 592 1
268 454 2
272 450 3
272 595 1
272 662 1
274 656 2
274 631 1
275 849 7
275 718 1
277 571 6
278 617 1
278 290 1
280 362 1
280 891 1
280 629 3
280 846 1
280 991 1
284 680 1
285 571 6
291 454 9
291 713 2
291 429 1
291 401 7
293 569 1
294 313 2
294 586 1
295 569 2
301 978 1
302 915 1
302 316 2
305 472 2
305 765 1
305 743 3
306 771 3
306 374 1
306 742 10
306 790 4
306 531 5
306 659 3
306 633 1
306 660 2
311 955 7
311 633 1
311 855 1
311 697 2
311 987 6
311 540 1
313 416 3
316 344 2
316 647 2
316 971 2
316 428 2
316 915 4
316 953 2
316 952 2
316 857 2
316 543 2
316 990 2
318 499 1
318 332 1
318 558 1
318 758 1
320 980 1
320 843 2
320 1004 1
321 704 1
321 499 1
322 740 1
322 706 1
322 591 1
322 343 4
322 879 2
325 595 1
326 772 2
327 381 1
329 624 1
329 427 1
329 660 1
329 910 1
332 435 1
333 569 2
333 470 2
333 767 4
334 586 1
334 591 1
334 692 1
334 607 4
335 700 1
337 548 1
338 987 6
343 950 2
343 663 2
344 915 1
347 933 2
347 966 1
353 891 2
356 586 3
360 629 4
360 526 3
361 987 6
362 609 1
362 561 1
362 428 1
362 909 1
362 984 2
362 957 2
362 383 1
364 506 3
364 987 6
364 764 1
364 789 1
369 700 2
369 927 3
372 595 3
372 404 5
372 934 4
374 659 1
374 742 1
377 422 3
377 423 1
377 716 3
377 718 4
377 696 3
377 607 8
378 514 1
379 568 2
380 712 2
381 541 1
383 586 5
388 638 2
388 534 2
392 674 2
393 907 1
394 571 9
398 712 2
398 450 1
400 742 1
401 454 18
401 429 18
401 415 9
402 649 1
404 688 3
404 595 1
407 779 1
407 843 1
408 428 1
409 569 2
409 599 2
410 650 1
410 663 1
414 629 1
415 630 3
415 569 5
416 648 2
416 586 1
416 782 3
416 912 1
416 435 1
416 602 1
416 447 3
416 927 3
418 977 19
421 424 2
421 978 2
421 795 2
422 680 2
422 731 2
423 832 2
423 710 3
423 779 1
423 977 6
424 585 2
424 978 1
424 951 1
424 795 4
424 990 3
427 849 1
427 955 13
428 915 10
428 857 5
429 454 17
432 512 2
432 987 6
432 540 2
433 987 7
433 772 2
433 951 1
435 586 13
435 782 1
435 500 3
440 537 1
443 662 2
443 742 5
444 927 4
444 535 2
447 586 1
450 802 2
450 900 2
450 742 1
450 712 2
450 746 1
450 530 2
450 947 2
450 596 2
450 462 1
450 662 3
450 695 2
450 568 1
450 571 1
450 572 1
453 595 1
454 609 6
454 772 3
454 713 5
454 592 17
456 720 1
458 956 2
458 790 1
462 833 2
462 517 1
462 742 1
462 718 1
462 783 1
462 687 1
462 851 2
462 670 1
462 591 1
462 542 1
464 980 1
466 802 1
469 512 1
469 978 2
469 954 1
469 988 1
470 789 1
470 569 3
470 538 1
470 605 1
471 752 1
472 575 1
481 565 2
482 531 2
482 569 3
482 987 6
482 540 1
485 542 4
485 927 4
488 568 1
493 685 4
493 630 1
493 629 5
497 977 1
499 704 1
499 679 1
499 618 1
499 844 1
499 918 1
499 607 2
500 586 3
502 569 1
502 538 1
502 746 4
502 599 1
506 644 2
506 1001 1
506 850 1
506 702 1
506 921 4
506 783 1
506 924 1
506 541 2
506 670 4
509 612 1
510 622 1
510 534 1
511 987 6
512 978 1
513 927 4
514 832 3
514 780 1
514 950 1
515 602 1
515 927 1
516 761 3
516 790 2
517 746 1
517 564 1
522 718 2
526 629 9
528 923 2
530 742 1
530 700 3
530 746 1
530 851 1
530 629 10
530 630 3
530 891 1
530 915 1
531 641 1
531 994 1
531 987 13
532 790 1
534 649 1
534 746 1
534 939 1
534 607 2
535 927 3
538 951 2
538 569 3
538 862 4
540 955 11
540 840 3
540 855 2
540 692 3
540 697 2
540 698 2
540 987 6
540 925 1
541 951 1
541 921 2
542 743 1
542 746 1
542 927 3
543 915 1
546 607 1
547 978 2
550 746 1
550 607 2
551 927 3
552 978 3
552 614 1
561 629 3
561 846 3
563 731 1
568 935 2
568 572 2
569 693 2
569 991 2
569 710 2
569 847 1
569 976 1
569 599 2
569 605 1
569 862 2
569 607 1
569 767 2
571 900 1
571 684 6
571 885 1
581 936 6
581 909 2
581 720 2
581 692 1
581 855 5
582 987 6
582 764 1
585 957 1
586 782 3
586 655 1
586 692 3
586 984 1
588 987 6
590 595 2
591 746 4
591 910 1
591 607 4
592 713 6
592 746 1
592 927 17
595 718 1
597 738 1
599 693 1
599 710 3
602 743 2
603 951 1
605 693 2
607 783 1
607 915 1
607 687 2
607 692 1
607 716 3
607 718 1
607 851 1
607 1004 1
609 772 1
609 742 1
609 783 1
609 850 1
609 951 1
609 633 1
609 923 2
609 927 3
612 663 1
612 879 2
614 978 2
617 720 3
622 676 2
628 720 2
629 846 1
629 685 6
629 658 3
629 630 14
629 631 3
629 891 11
630 851 2
630 891 1
638 700 2
638 862 2
641 987 6
643 685 8
646 927 3
647 915 2
648 765 3
650 682 2
650 738 2
650 654 2
650 783 1
654 738 2
654 858 2
654 682 1
654 991 5
656 891 1
659 742 1
660 951 2
662 900 1
663 950 1
669 791 1
680 707 1
680 720 7
682 850 1
682 738 2
682 783 1
684 704 1
684 844 1
685 1001 5
685 724 1
687 746 1
687 754 1
692 994 3
692 923 1
692 742 3
692 746 14
692 910 1
696 731 2
697 771 1
697 873 1
697 855 5
697 925 2
698 840 1
698 873 1
698 764 1
700 746 1
700 812 1
700 790 2
702 738 3
704 743 3
706 951 1
710 832 2
710 779 3
716 724 1
716 718 1
718 991 1
718 904 1
718 746 4
718 843 2
718 754 2
718 724 2
720 833 1
720 855 2
720 731 3
722 927 4
724 1001 3
727 951 2
731 739 1
731 809 2
731 746 1
731 915 2
737 849 2
738 837 1
738 783 6
738 921 1
738 923 1
739 772 2
739 915 1
740 788 2
742 769 1
742 771 1
742 901 1
742 835 1
742 863 1
742 993 1
742 746 1
743 746 1
743 923 4
746 776 1
746 783 1
746 915 1
746 920 1
746 923 2
746 935 18
746 775 1
746 834 1
746 836 1
746 966 2
746 851 1
746 980 1
758 956 1
758 918 2
761 783 1
762 765 1
764 994 5
764 987 8
769 830 2
770 927 3
772 870 2
773 955 9
774 947 99
779 843 1
782 923 1
789 987 9
790 812 2
795 978 1
796 977 1
808 898 1
809 987 6
817 978 1
821 927 1
823 927 3
832 950 2
838 857 1
838 971 2
840 987 6
849 987 6
850 881 1
851 978 1
851 920 1
851 891 3
854 927 5
857 915 2
858 991 4
861 896 1
866 951 1
872 987 6
873 987 6
880 963 2
911 1004 2
915 952 1
915 953 2
915 971 1
915 990 2
923 994 1
925 955 7
933 966 4
935 966 4
954 978 2
955 987 16
957 978 1
977 1001 7
977 1004 9
978 988 3
987 994 6
