0
1
2
3
4
5
6
7
8
9
10
11
12
13
14
15
16
17
18
19
20
21
22
23
24
25
26
27
28
29
30
31
32
33
34
35
36
37
38
39
40
41
42
43
44
45
46
47
48
49
50
51
52
53
54
55
56
57
58
59
60
61
62
63
64
65
66
67
68
69
70
71
72
73
74
75
76
77
78
79
80
81
82
83
84
85
86
87
88
89
90
91
92
93
94
95
96
97
98
99
100
101
102
103
104
105
106
107
108
109
110
111
112
113
114
115
116
117
118
119
120
121
122
123
124
125
126
127
128
129
130
131
132
133
134
135
136
137
138
139
141
142
143
144
145
146
147
148
149
150
151
152
153
154
155
157
158
159
160
161
162
163
164
165
166
167
168
169
170
171
172
173
174
175
176
177
178
179
180
181
182
183
184
185
186
187
188
189
190
191
192
193
194
195
196
197
198
199
200
201
202
203
204
205
206
207
208
209
210
211
212
213
214
215
216
217
218
219
220
221
222
223
224
225
226
227
228
229
230
231
232
233
235
236
237
238
239
240
241
242
243
244
245
246
247
248
249
250
251
252
253
254
255
256
257
259
260
262
263
264
265
266
267
268
269
270
271
272
273
274
275
276
277
278
279
280
281
282
283
284
285
286
287
288
289
290
291
292
293
294
295
296
297
299
300
301
302
303
304
305
306
307
308
309
310
311
312
313
314
315
316
317
318
319
320
321
322
323
324
325
326
327
328
329
330
331
332
333
334
335
336
337
338
339
340
341
343
344
345
346
347
348
349
350
351
352
353
355
356
357
358
359
360
361
362
364
365
366
367
368
369
370
371
372
373
374
375
376
377
378
379
380
381
382
383
384
385
386
387
388
389
390
391
392
393
394
395
396
397
398
399
400
401
402
403
404
405
406
407
408
409
410
411
412
413
414
415
416
418
419
420
421
422
423
424
425
426
427
428
429
430
431
432
433
434
435
436
437
438
439
440
441
442
443
444
445
446
447
448
449
450
451
452
453
454
455
456
457
458
459
460
461
462
464
465
466
467
468
469
470
471
472
473
474
475
476
477
478
479
480
481
482
483
484
485
486
487
488
489
490
491
492
493
495
496
497
498
499
500
501
502
503
504
505
506
507
508
509
510
511
512
513
514
515
516
517
518
519
520
521
522
523
524
525
526
527
528
530
531
532
533
534
535
536
537
538
539
540
541
542
543
544
545
546
547
548
549
550
551
552
553
554
556
557
558
559
560
561
562
563
564
565
566
567
568
569
570
571
572
573
574
575
576
577
578
579
580
581
582
583
584
585
586
587
588
589
590
591
592
593
594
595
596
597
598
599
600
601
602
603
604
605
606
607
609
610
611
612
613
614
615
616
617
618
619
621
622
623
624
625
626
627
628
629
630
631
632
633
634
635
636
637
638
639
640
641
642
643
644
645
646
647
648
649
650
651
652
653
654
655
656
657
658
659
660
661
662
663
664
665
666
667
668
669
670
671
672
673
674
675
676
677
678
679
680
681
682
683
684
685
686
687
688
689
690
691
692
693
694
695
696
697
698
699
700
701
702
703
704
705
706
707
708
709
710
711
712
713
714
715
716
717
718
719
720
721
722
723
724
725
726
727
728
729
730
731
732
733
734
735
736
737
738
739
740
741
742
743
744
745
746
747
748
749
750
751
752
753
754
756
757
758
759
760
761
762
763
764
765
767
768
769
770
771
772
773
774
775
776
777
778
779
780
781
782
783
784
785
786
787
788
789
790
791
792
793
794
795
796
797
798
799
800
801
802
803
804
805
806
807
808
809
810
811
812
813
814
815
816
817
818
819
820
821
822
823
824
825
826
827
828
829
830
831
832
833
834
835
836
837
838
839
840
841
842
843
844
845
846
847
848
849
850
851
852
853
854
855
856
857
858
859
860
861
862
863
864
865
866
867
868
869
870
871
872
873
874
875
876
877
878
879
880
881
882
883
884
885
886
887
888
889
890
891
892
893
894
895
896
897
898
899
900
901
902
903
904
905
906
907
908
909
910
911
912
913
914
915
916
917
918
919
920
921
922
923
924
925
926
927
928
929
930
931
932
933
934
935
936
937
938
939
940
941
942
943
944
945
946
947
948
949
950
951
952
953
954
955
956
957
958
960
961
962
963
964
965
966
967
968
969
970
971
972
973
974
975
976
977
978
979
980
981
982
983
984
985
986
987
988
989
990
991
992
993
994
995
996
997
998
999
1000
1001
1002
1003
1004
0 184 1
0 178 1
0 236 3
2 322 3
2 163 2
2 517 2
2 486 2
2 840 1
2 425 1
2 656 1
2 948 1
2 790 3
2 923 3
2 700 2
4 304 1
4 633 2
4 371 1
4 135 1
5 107 4
5 29 1
5 175 2
6 178 1
8 544 2
8 214 1
13 850 1
13 516 2
14 924 2
14 644 1
14 516 2
14 850 1
15 680 1
15 584 1
15 284 1
15 422 1
15 951 1
16 184 1
16 696 3
17 200 1
17 316 1
24 891 13
24 629 1
28 987 3
29 192 1
29 898 1
29 899 2
29 1004 1
29 643 1
29 664 1
29 537 1
29 670 1
29 289 1
29 987 1
29 553 1
29 810 1
29 175 1
29 688 1
29 393 1
29 569 1
29 320 1
29 327 1
29 718 1
29 335 1
29 208 1
29 850 1
29 980 1
29 985 1
29 731 1
29 220 1
29 720 1
29 107 5
29 236 1
29 464 1
29 118 1
29 249 2
29 381 1
29 127 1
30 790 2
31 200 1
31 428 1
31 316 1
31 165 4
31 990 4
32 197 1
32 687 1
32 214 1
32 184 1
32 921 1
32 293 1
35 978 4
35 915 2
35 469 1
38 184 1
38 586 1
38 90 1
38 410 1
40 90 1
40 450 1
41 48 1
41 73 1
41 723 1
41 1000 1
41 565 1
42 832 1
42 90 2
45 227 2
45 966 2
45 782 1
48 1000 3
48 458 1
53 120 2
53 609 1
53 193 3
56 987 2
58 338 1
58 909 4
61 388 2
61 517 1
61 135 2
61 586 1
61 718 3
61 502 1
61 991 1
62 800 3
62 163 1
62 485 1
62 646 13
62 551 1
62 113 7
62 535 1
62 542 1
65 193 1
65 220 1
65 134 2
66 227 4
66 966 5
66 782 3
67 344 3
67 963 9
67 165 3
67 846 4
67 207 2
68 987 2
70 90 1
70 323 1
70 474 1
70 334 5
71 595 1
73 1000 1
74 974 1
74 104 1
74 435 2
74 166 8
74 294 8
75 220 2
75 772 3
75 334 1
77 912 5
77 168 3
77 586 1
77 266 1
78 178 2
82 184 1
82 135 1
86 152 1
88 663 1
88 399 1
90 609 1
90 450 1
90 142 1
90 613 2
90 422 1
90 316 2
90 334 4
90 946 2
90 915 1
90 220 1
90 853 2
90 841 3
90 891 1
90 189 1
90 245 1
91 609 1
91 499 1
91 415 5
92 200 1
92 428 1
92 915 1
92 316 1
92 165 2
95 987 2
96 420 1
98 401 1
98 707 1
98 429 4
98 454 1
99 178 1
101 377 1
101 724 1
101 246 2
101 718 2
102 534 1
104 721 1
104 908 1
104 425 11
105 418 2
106 788 1
107 192 3
107 898 3
107 899 3
107 236 3
107 643 3
107 664 3
107 537 3
107 670 3
107 415 1
107 289 3
107 553 3
107 810 4
107 175 3
107 688 3
107 393 3
107 320 3
107 327 3
107 201 1
107 335 3
107 464 5
107 980 3
107 985 3
107 208 3
107 1004 3
107 118 3
107 381 3
109 913 1
112 1000 1
113 542 1
113 646 8
114 275 6
114 189 2
118 502 1
119 812 1
119 790 4
120 609 1
120 290 1
120 707 1
120 196 2
120 198 1
120 454 2
120 193 1
120 425 3
120 752 1
120 948 3
120 772 3
120 190 2
122 428 1
122 693 1
125 832 1
125 676 1
125 534 1
126 586 4
126 332 2
126 166 1
126 782 1
127 866 1
134 609 1
135 450 6
135 581 6
135 870 1
135 936 2
135 170 1
135 942 5
135 371 4
135 628 1
135 334 2
135 851 1
135 915 1
136 200 5
136 971 2
136 428 1
136 207 1
136 915 2
136 316 1
136 383 1
137 936 3
139 534 1
141 978 4
142 200 3
142 267 2
142 428 7
142 915 9
142 280 1
142 857 1
142 316 5
143 544 1
143 580 1
147 416 1
147 577 2
147 290 1
147 683 1
147 454 1
147 193 1
147 715 1
147 257 1
147 720 1
147 277 1
147 347 1
147 157 1
147 415 1
149 372 1
149 293 1
150 978 1
150 316 1
150 629 1
150 190 1
150 471 1
151 253 3
151 278 1
153 633 1
157 184 1
157 530 1
157 891 3
157 517 1
159 609 1
159 500 1
159 214 1
159 343 1
160 658 1
160 629 2
160 526 1
161 901 2
163 913 1
164 420 3
164 943 1
165 200 1
165 428 1
165 207 2
165 401 2
165 344 4
165 316 3
166 974 2
166 517 2
166 294 1
167 978 4
167 988 2
167 469 2
167 630 3
168 416 1
168 260 6
168 966 5
168 232 1
168 425 7
168 266 8
168 912 32
168 946 1
168 435 4
168 948 1
168 949 4
168 790 6
168 439 2
168 472 6
168 313 2
169 376 1
170 697 2
171 367 1
173 850 1
173 516 2
175 423 2
175 275 2
175 246 1
178 214 1
178 409 1
178 538 1
178 415 1
178 929 1
178 295 1
178 990 3
178 693 4
178 569 1
178 314 1
178 710 1
178 333 1
178 976 1
178 339 1
178 470 1
178 599 1
178 605 9
178 862 4
178 991 1
178 228 1
178 502 5
178 249 1
178 767 1
181 190 1
184 388 1
184 393 1
184 522 1
184 907 1
184 279 1
184 538 1
184 410 1
184 296 1
184 426 1
184 189 1
184 708 1
184 710 1
184 711 1
184 969 1
184 843 1
184 333 1
184 718 1
184 977 1
184 724 1
184 407 1
184 732 2
184 862 1
184 607 2
184 225 1
184 615 1
184 999 1
184 1004 1
184 365 1
184 701 1
184 754 1
184 883 1
184 884 1
184 246 1
184 505 1
184 767 1
185 854 1
185 617 2
185 684 2
185 334 1
185 920 1
185 915 3
185 502 1
185 248 2
185 762 3
185 220 6
185 670 2
185 415 1
187 450 1
188 978 4
188 547 1
188 469 1
188 301 1
189 696 3
189 428 5
189 718 6
189 977 2
189 249 1
189 506 4
190 353 1
190 373 1
190 656 1
190 274 1
190 629 1
193 609 1
193 707 1
193 633 1
195 934 1
196 609 1
196 850 1
197 609 1
197 586 1
197 923 2
197 850 1
199 850 1
199 516 2
199 506 1
200 647 1
200 915 5
200 428 3
200 302 1
200 952 1
200 953 1
200 543 2
200 316 2
200 971 2
200 344 1
200 857 2
200 349 1
200 990 1
200 351 1
200 224 1
200 888 1
203 390 3
205 248 1
206 534 1
207 424 3
207 558 1
207 978 4
207 469 3
207 954 1
207 795 5
207 990 1
207 373 2
214 609 2
214 534 1
214 425 1
214 233 1
214 887 4
214 940 2
214 334 2
214 367 1
214 912 1
214 776 2
214 502 2
214 535 2
214 923 1
214 316 1
220 752 3
224 428 1
224 316 1
225 407 1
228 605 1
228 693 2
229 696 5
229 248 1
229 374 1
231 736 1
231 874 1
231 987 2
232 912 4
232 984 1
232 472 2
232 294 2
233 692 3
233 550 2
235 609 1
239 624 2
239 577 1
239 280 1
239 609 2
241 469 1
243 716 1
245 736 2
245 874 1
245 987 2
245 764 1
246 423 2
246 718 2
246 724 1
246 293 1
248 550 2
248 746 1
248 530 1
248 506 1
250 886 3
250 518 3
250 535 1
251 987 2
254 450 1
260 912 1
260 948 1
266 912 5
266 416 1
266 439 4
267 586 1
267 485 1
268 946 1
270 850 1
270 516 2
272 450 1
274 920 1
275 327 1
278 609 2
278 540 3
278 429 1
280 547 1
280 846 1
280 902 2
280 526 2
280 978 1
280 629 1
280 502 3
281 293 2
281 718 6
288 484 11
288 773 10
288 391 14
288 846 11
288 629 12
288 630 1
290 687 1
293 724 1
293 568 3
293 697 5
294 586 3
294 743 1
299 832 1
299 788 1
299 309 1
301 978 7
301 469 1
302 428 2
302 316 1
302 543 3
304 441 2
305 946 1
306 784 1
306 659 2
306 742 1
306 374 2
306 703 2
309 832 1
309 322 2
310 943 1
311 697 1
311 987 2
314 376 1
314 929 1
314 333 1
315 658 5
316 647 1
316 915 8
316 428 11
316 392 1
316 415 1
316 952 1
316 953 5
316 543 1
316 971 1
316 344 1
316 857 2
316 349 2
316 990 1
316 351 1
316 367 1
316 629 1
316 888 1
318 400 1
318 499 2
319 832 3
321 499 4
322 879 3
322 534 1
322 343 3
322 601 2
324 586 1
324 638 2
324 534 2
326 586 1
327 849 1
327 516 2
329 624 2
329 692 1
329 427 1
329 540 1
332 500 2
333 605 2
333 767 2
334 772 1
334 534 3
334 746 1
334 692 3
334 696 10
334 923 1
334 586 1
334 638 2
336 926 2
337 919 1
338 987 2
338 540 1
343 879 1
343 950 1
343 663 5
344 373 4
346 559 3
347 748 1
347 933 1
349 428 4
349 376 2
351 428 1
351 806 1
353 891 1
353 391 6
356 472 2
356 912 3
356 602 1
356 517 1
356 743 3
360 629 1
360 526 1
361 987 2
365 457 2
365 732 2
365 718 2
365 377 1
367 923 1
367 951 1
369 913 4
369 535 1
371 585 1
373 391 7
374 400 4
374 752 1
374 742 1
376 676 1
376 976 1
376 919 1
376 601 1
377 866 2
377 423 1
377 718 5
377 630 2
379 568 5
383 586 5
383 589 2
383 913 1
383 887 1
383 765 1
388 879 1
390 400 3
390 784 5
391 484 2
392 948 1
392 630 7
401 429 6
401 454 3
401 415 3
402 788 2
404 595 14
407 779 1
407 843 2
407 883 1
410 696 3
410 977 2
414 891 5
415 833 4
415 546 1
415 811 3
415 429 7
416 425 5
416 586 2
416 435 1
416 912 1
416 948 3
416 629 1
416 790 1
418 804 5
418 996 6
420 559 1
421 424 2
421 978 4
421 795 5
421 469 1
422 680 1
422 731 2
423 977 1
424 547 1
424 978 4
424 469 1
424 795 5
424 990 3
425 912 5
425 946 2
425 948 1
425 472 1
427 955 1
427 540 1
428 647 1
428 915 8
428 952 1
428 953 1
428 543 5
428 838 2
428 971 1
428 857 3
428 990 1
429 454 12
432 987 2
433 987 4
435 586 2
435 500 1
435 762 1
437 516 2
439 912 2
439 885 2
440 537 1
440 737 2
443 662 3
445 891 2
450 802 1
450 900 1
450 586 1
450 947 1
450 662 1
450 695 1
450 568 1
450 572 1
451 469 1
454 609 1
454 772 1
454 850 2
464 980 9
465 700 1
469 547 1
469 614 1
469 851 1
469 817 1
469 978 4
469 954 1
469 795 1
469 957 1
472 912 2
474 939 1
477 534 1
480 482 1
480 987 2
482 531 1
482 987 2
483 935 1
484 629 1
484 630 3
485 513 1
487 832 1
487 534 1
489 534 1
499 672 1
499 833 2
499 684 1
499 956 2
500 800 2
500 782 1
500 814 1
502 517 1
502 718 2
502 976 1
502 854 1
502 629 1
502 696 3
502 878 1
503 1000 1
503 704 1
506 644 2
506 541 1
506 850 1
506 516 4
506 996 1
509 788 1
510 534 1
512 978 4
513 542 1
514 977 1
514 950 1
516 644 2
516 650 2
516 783 2
516 657 2
516 532 2
516 921 2
516 923 2
516 924 2
516 541 2
516 682 2
516 945 2
516 828 2
516 654 2
516 576 2
516 837 2
516 719 2
516 850 3
516 979 2
516 738 2
516 996 2
516 1001 2
516 881 2
516 702 2
516 745 2
516 761 2
517 674 3
517 742 1
517 586 2
517 765 1
517 854 2
517 565 1
517 602 2
517 542 1
518 854 2
518 895 2
526 629 1
527 720 1
527 870 1
527 710 1
530 891 2
530 629 4
530 630 5
531 987 2
534 939 2
534 562 1
534 622 1
534 696 3
534 638 1
535 913 1
540 736 1
540 994 7
540 987 2
540 840 1
540 874 1
540 873 2
540 624 3
540 692 3
540 855 1
540 697 11
540 955 2
541 850 1
541 996 3
544 669 1
546 923 1
547 978 4
547 851 1
551 895 1
552 978 4
559 634 2
561 629 1
565 926 1
576 850 1
577 926 1
581 936 1
581 855 1
582 987 2
582 764 1
586 776 2
586 782 7
586 915 3
586 595 2
586 974 1
586 609 1
586 617 2
587 609 1
591 746 1
591 923 1
591 638 2
592 609 1
592 789 1
595 718 5
595 790 3
595 696 2
602 912 1
602 743 1
603 832 1
605 693 2
607 696 3
609 772 2
609 833 1
609 923 4
609 951 1
609 707 2
609 617 1
609 633 1
609 890 1
611 850 1
611 644 2
614 978 4
617 633 1
622 676 1
624 692 1
628 937 2
629 902 2
629 915 1
629 920 1
629 685 1
629 630 1
629 846 2
629 978 1
629 851 1
629 731 1
629 658 1
629 750 1
629 891 5
633 707 3
633 946 1
633 963 1
634 788 2
638 832 1
638 649 7
641 987 2
643 685 2
644 1001 1
644 850 1
644 924 1
644 702 2
648 721 1
648 765 1
649 832 1
650 850 1
654 738 1
654 783 1
654 991 3
657 921 1
657 850 1
659 703 2
662 900 1
663 950 1
668 746 2
668 935 1
671 692 1
674 948 1
680 720 1
680 707 4
680 790 1
682 850 1
685 1001 1
687 772 1
687 812 1
687 696 3
687 923 2
692 746 2
692 873 2
692 696 5
696 891 2
696 742 4
696 718 3
697 962 1
697 855 7
697 925 2
698 987 2
700 748 1
700 812 2
702 924 2
702 850 1
703 784 1
704 765 1
706 939 1
706 951 1
707 880 1
707 951 1
707 923 1
710 832 1
711 718 2
715 926 2
715 951 1
716 866 1
716 718 3
718 866 1
718 904 2
718 779 3
718 883 1
718 754 4
718 724 3
719 850 1
720 833 5
720 935 5
720 746 2
721 908 1
723 1000 1
738 837 1
738 783 2
738 850 2
738 996 1
738 923 1
740 891 1
740 788 1
740 879 2
742 900 1
742 746 1
742 784 2
742 951 1
743 912 2
743 868 2
744 912 1
745 850 1
746 935 11
746 813 3
746 923 2
748 933 1
761 850 1
762 984 2
764 840 1
764 874 1
764 987 2
765 868 4
779 843 1
780 832 1
780 977 2
783 850 1
784 863 1
789 849 2
789 987 2
789 951 3
795 978 4
796 987 2
799 895 2
804 850 1
809 987 2
813 935 2
817 978 4
828 850 1
832 936 1
833 850 2
833 987 1
837 850 1
840 874 1
840 987 2
849 987 2
850 921 1
850 924 1
850 996 1
850 1001 1
850 881 1
851 978 6
851 915 1
851 920 1
851 954 1
857 915 2
857 951 1
858 991 1
862 909 4
863 901 1
872 987 2
873 874 1
873 987 2
883 907 1
890 948 1
891 978 2
912 949 2
919 1000 1
921 923 1
925 987 2
926 951 2
946 948 1
950 977 2
954 978 4
955 987 2
957 978 4
977 996 2
977 1004 8
978 988 6
987 994 2
