0
1
2
3
4
5
6
7
8
9
10
11
12
13
14
15
16
17
18
19
20
21
22
23
24
25
26
27
28
29
30
31
32
33
34
35
36
37
38
39
40
41
42
43
44
45
46
47
48
49
50
51
52
53
54
55
56
57
58
59
60
61
62
63
64
65
66
67
68
69
70
71
72
73
74
75
76
77
78
79
80
81
82
83
84
85
86
87
88
89
90
91
92
93
94
95
96
97
98
99
100
101
102
103
104
105
106
107
108
109
110
111
112
113
114
115
116
117
118
119
120
121
122
123
124
125
126
127
128
129
130
131
132
133
134
135
136
137
138
139
141
142
143
144
145
146
147
148
149
150
151
152
153
154
155
157
158
159
160
161
162
163
164
165
166
167
168
169
170
171
172
173
174
175
176
177
178
179
180
181
182
183
184
185
186
187
188
189
190
191
192
193
194
195
196
197
198
199
200
201
202
203
204
205
206
207
208
209
210
211
212
213
214
215
216
217
218
219
220
221
222
223
224
225
226
227
228
229
230
231
232
233
235
236
237
238
239
240
241
242
243
244
245
246
247
248
249
250
251
252
253
254
255
256
257
259
260
262
263
264
265
266
267
268
269
270
271
272
273
274
275
276
277
278
279
280
281
282
283
284
285
286
287
288
289
290
291
292
293
294
295
296
297
299
300
301
302
303
304
305
306
307
308
309
310
311
312
313
314
315
316
317
318
319
320
321
322
323
324
325
326
327
328
329
330
331
332
333
334
335
336
337
338
339
340
341
343
344
345
346
347
348
349
350
351
352
353
355
356
357
358
359
360
361
362
364
365
366
367
368
369
370
371
372
373
374
375
376
377
378
379
380
381
382
383
384
385
386
387
388
389
390
391
392
393
394
395
396
397
398
399
400
401
402
403
404
405
406
407
408
409
410
411
412
413
414
415
416
418
419
420
421
422
423
424
425
426
427
428
429
430
431
432
433
434
435
436
437
438
439
440
441
442
443
444
445
446
447
448
449
450
451
452
453
454
455
456
457
458
459
460
461
462
464
465
466
467
468
469
470
471
472
473
474
475
476
477
478
479
480
481
482
483
484
485
486
487
488
489
490
491
492
493
495
496
497
498
499
500
501
502
503
504
505
506
507
508
509
510
511
512
513
514
515
516
517
518
519
520
521
522
523
524
525
526
527
528
530
531
532
533
534
535
536
537
538
539
540
541
542
543
544
545
546
547
548
549
550
551
552
553
554
556
557
558
559
560
561
562
563
564
565
566
567
568
569
570
571
572
573
574
575
576
577
578
579
580
581
582
583
584
585
586
587
588
589
590
591
592
593
594
595
596
597
598
599
600
601
602
603
604
605
606
607
609
610
611
612
613
614
615
616
617
618
619
621
622
623
624
625
626
627
628
629
630
631
632
633
634
635
636
637
638
639
640
641
642
643
644
645
646
647
648
649
650
651
652
653
654
655
656
657
658
659
660
661
662
663
664
665
666
667
668
669
670
671
672
673
674
675
676
677
678
679
680
681
682
683
684
685
686
687
688
689
690
691
692
693
694
695
696
697
698
699
700
701
702
703
704
705
706
707
708
709
710
711
712
713
714
715
716
717
718
719
720
721
722
723
724
725
726
727
728
729
730
731
732
733
734
735
736
737
738
739
740
741
742
743
744
745
746
747
748
749
750
751
752
753
754
756
757
758
759
760
761
762
763
764
765
767
768
769
770
771
772
773
774
775
776
777
778
779
780
781
782
783
784
785
786
787
788
789
790
791
792
793
794
795
796
797
798
799
800
801
802
803
804
805
806
807
808
809
810
811
812
813
814
815
816
817
818
819
820
821
822
823
824
825
826
827
828
829
830
831
832
833
834
835
836
837
838
839
840
841
842
843
844
845
846
847
848
849
850
851
852
853
854
855
856
857
858
859
860
861
862
863
864
865
866
867
868
869
870
871
872
873
874
875
876
877
878
879
880
881
882
883
884
885
886
887
888
889
890
891
892
893
894
895
896
897
898
899
900
901
902
903
904
905
906
907
908
909
910
911
912
913
914
915
916
917
918
919
920
921
922
923
924
925
926
927
928
929
930
931
932
933
934
935
936
937
938
939
940
941
942
943
944
945
946
947
948
949
950
951
952
953
954
955
956
957
958
960
961
962
963
964
965
966
967
968
969
970
971
972
973
974
975
976
977
978
979
980
981
982
983
984
985
986
987
988
989
990
991
992
993
994
995
996
997
998
999
1000
1001
1002
1003
1004
2 225 1
2 122 1
2 790 2
2 854 1
5 335 1
6 249 1
13 693 1
14 1001 4
14 410 1
14 924 5
15 680 1
24 280 3
24 31 2
29 335 1
30 868 1
31 316 2
35 207 1
38 309 2
42 322 1
42 509 2
48 458 1
56 482 2
61 243 1
61 926 4
61 718 7
61 135 1
62 485 1
67 963 3
67 391 1
67 846 3
67 207 2
67 561 1
67 344 2
74 294 6
75 772 1
75 454 1
77 880 1
86 443 3
90 736 2
90 802 2
90 356 1
90 997 1
90 870 1
90 857 1
90 251 1
92 316 3
92 838 1
96 420 1
98 454 1
103 977 3
104 936 1
104 721 1
104 765 2
104 126 4
105 418 10
107 393 1
107 643 1
111 743 1
118 335 1
119 812 3
120 280 1
120 752 1
120 191 7
120 772 2
120 663 2
122 790 1
126 332 2
126 790 3
126 782 3
133 765 1
135 581 2
135 936 2
135 746 1
135 628 2
135 700 2
136 915 1
136 316 3
142 316 2
143 278 2
147 715 1
149 716 2
152 443 1
153 1001 2
153 418 1
153 996 1
153 977 1
157 746 1
157 686 1
159 923 1
159 334 2
164 638 2
165 316 2
166 743 1
167 978 1
167 469 1
167 614 1
168 232 4
168 912 1
168 923 1
168 260 2
168 575 1
175 532 2
175 335 1
178 710 1
187 450 3
190 614 1
193 721 1
193 230 1
199 996 2
200 344 1
200 316 2
201 335 1
207 373 1
208 335 1
214 923 1
214 413 1
214 334 2
220 278 3
223 746 1
229 334 1
231 698 1
232 472 1
232 946 1
232 425 1
233 692 2
236 335 3
239 609 1
243 454 1
245 698 1
246 572 1
248 746 2
249 333 1
250 854 1
256 294 1
260 912 1
260 790 3
263 369 1
267 891 2
272 450 1
274 546 1
274 988 1
278 609 1
278 923 1
278 334 1
284 422 1
288 493 1
294 416 2
294 817 1
294 885 1
294 984 1
294 313 1
302 316 2
306 374 1
306 450 1
306 659 1
306 742 2
306 790 1
313 648 1
316 392 2
316 647 3
316 971 2
316 428 4
316 915 2
316 953 2
316 952 2
316 857 2
316 543 2
316 349 2
316 990 2
322 788 3
322 343 1
332 500 1
334 534 1
334 776 1
334 687 2
334 692 2
334 923 4
335 643 1
335 532 1
335 664 1
335 537 5
335 670 1
335 808 1
335 553 1
335 810 1
335 688 1
335 464 1
335 468 1
335 985 1
335 737 1
335 1004 1
335 980 1
335 381 1
343 663 1
353 656 1
356 868 1
356 743 7
356 721 6
356 790 1
356 602 7
356 730 1
360 454 1
374 957 1
377 423 1
379 568 1
379 454 1
381 643 1
388 634 1
388 534 1
410 994 1
410 996 2
410 719 1
413 746 1
413 471 1
413 935 13
416 454 1
418 1001 1
418 996 9
421 424 1
422 680 1
422 731 7
425 721 1
425 765 9
426 454 1
429 454 2
435 500 2
443 743 4
443 662 1
443 602 4
443 765 1
450 802 3
450 900 1
450 746 1
450 947 2
450 695 2
454 865 1
454 707 1
454 772 1
454 648 1
454 904 1
454 1003 1
454 909 2
454 471 1
454 857 1
454 990 1
458 956 1
466 802 2
495 568 1
497 739 1
500 782 1
502 746 1
506 1001 9
516 790 1
530 746 1
530 891 2
534 746 1
534 591 1
535 854 1
535 823 1
540 624 1
540 994 1
540 987 1
540 698 1
542 746 1
542 854 1
546 923 1
561 846 1
568 947 1
568 572 1
581 936 1
591 746 1
593 718 2
602 721 2
602 743 5
609 772 1
629 891 1
630 685 1
643 670 1
650 682 3
650 783 1
654 850 1
663 772 2
668 935 2
680 720 3
682 783 2
684 746 1
687 746 1
692 746 3
692 923 3
693 923 2
693 791 3
696 711 2
698 840 1
698 873 1
698 764 1
716 866 2
716 724 1
716 718 2
718 866 2
718 746 1
718 980 1
721 743 1
721 908 2
721 765 1
730 912 1
731 746 1
739 746 1
742 746 1
743 765 1
746 776 1
746 920 1
746 935 3
746 775 1
746 834 1
746 851 1
746 980 1
746 994 1
774 947 49
783 837 1
790 868 3
851 978 1
924 1001 1
935 992 2
946 966 1
996 1001 1
