0
1
2
3
4
5
6
7
8
9
10
11
12
13
14
15
16
17
18
19
20
21
22
23
24
25
26
27
28
29
30
31
32
33
34
35
36
37
38
39
40
41
42
43
44
45
46
47
48
49
50
51
52
53
54
55
56
57
58
59
60
61
62
63
64
65
66
67
68
69
70
71
72
73
74
75
76
77
78
79
80
81
82
83
84
85
86
87
88
89
90
91
92
93
94
95
96
97
98
99
100
101
102
103
104
105
106
107
108
109
110
111
112
113
114
115
116
117
118
119
120
121
122
123
124
125
126
127
128
129
130
131
132
133
134
135
136
137
138
139
141
142
143
144
145
146
147
148
149
150
151
152
153
154
155
157
158
159
160
161
162
163
164
165
166
167
168
169
170
171
172
173
174
175
176
177
178
179
180
181
182
183
184
185
186
187
188
189
190
191
192
193
194
195
196
197
198
199
200
201
202
203
204
205
206
207
208
209
210
211
212
213
214
215
216
217
218
219
220
221
222
223
224
225
226
227
228
229
230
231
232
233
235
236
237
238
239
240
241
242
243
244
245
246
247
248
249
250
251
252
253
254
255
256
257
259
260
262
263
264
265
266
267
268
269
270
271
272
273
274
275
276
277
278
279
280
281
282
283
284
285
286
287
288
289
290
291
292
293
294
295
296
297
299
300
301
302
303
304
305
306
307
308
309
310
311
312
313
314
315
316
317
318
319
320
321
322
323
324
325
326
327
328
329
330
331
332
333
334
335
336
337
338
339
340
341
343
344
345
346
347
348
349
350
351
352
353
355
356
357
358
359
360
361
362
364
365
366
367
368
369
370
371
372
373
374
375
376
377
378
379
380
381
382
383
384
385
386
387
388
389
390
391
392
393
394
395
396
397
398
399
400
401
402
403
404
405
406
407
408
409
410
411
412
413
414
415
416
418
419
420
421
422
423
424
425
426
427
428
429
430
431
432
433
434
435
436
437
438
439
440
441
442
443
444
445
446
447
448
449
450
451
452
453
454
455
456
457
458
459
460
461
462
464
465
466
467
468
469
470
471
472
473
474
475
476
477
478
479
480
481
482
483
484
485
486
487
488
489
490
491
492
493
495
496
497
498
499
500
501
502
503
504
505
506
507
508
509
510
511
512
513
514
515
516
517
518
519
520
521
522
523
524
525
526
527
528
530
531
532
533
534
535
536
537
538
539
540
541
542
543
544
545
546
547
548
549
550
551
552
553
554
556
557
558
559
560
561
562
563
564
565
566
567
568
569
570
571
572
573
574
575
576
577
578
579
580
581
582
583
584
585
586
587
588
589
590
591
592
593
594
595
596
597
598
599
600
601
602
603
604
605
606
607
609
610
611
612
613
614
615
616
617
618
619
621
622
623
624
625
626
627
628
629
630
631
632
633
634
635
636
637
638
639
640
641
642
643
644
645
646
647
648
649
650
651
652
653
654
655
656
657
658
659
660
661
662
663
664
665
666
667
668
669
670
671
672
673
674
675
676
677
678
679
680
681
682
683
684
685
686
687
688
689
690
691
692
693
694
695
696
697
698
699
700
701
702
703
704
705
706
707
708
709
710
711
712
713
714
715
716
717
718
719
720
721
722
723
724
725
726
727
728
729
730
731
732
733
734
735
736
737
738
739
740
741
742
743
744
745
746
747
748
749
750
751
752
753
754
756
757
758
759
760
761
762
763
764
765
767
768
769
770
771
772
773
774
775
776
777
778
779
780
781
782
783
784
785
786
787
788
789
790
791
792
793
794
795
796
797
798
799
800
801
802
803
804
805
806
807
808
809
810
811
812
813
814
815
816
817
818
819
820
821
822
823
824
825
826
827
828
829
830
831
832
833
834
835
836
837
838
839
840
841
842
843
844
845
846
847
848
849
850
851
852
853
854
855
856
857
858
859
860
861
862
863
864
865
866
867
868
869
870
871
872
873
874
875
876
877
878
879
880
881
882
883
884
885
886
887
888
889
890
891
892
893
894
895
896
897
898
899
900
901
902
903
904
905
906
907
908
909
910
911
912
913
914
915
916
917
918
919
920
921
922
923
924
925
926
927
928
929
930
931
932
933
934
935
936
937
938
939
940
941
942
943
944
945
946
947
948
949
950
951
952
953
954
955
956
957
958
960
961
962
963
964
965
966
967
968
969
970
971
972
973
974
975
976
977
978
979
980
981
982
983
984
985
986
987
988
989
990
991
992
993
994
995
996
997
998
999
1000
1001
1002
1003
1004
0 249 1
0 178 1
0 189 4
0 410 1
1 309 1
2 66 1
2 517 1
2 38 4
2 526 2
2 790 6
2 700 2
4 304 1
4 135 1
5 808 1
5 553 1
5 107 1
5 29 4
6 249 3
6 178 1
6 189 2
14 644 4
14 199 2
14 1001 22
14 173 2
14 921 3
14 506 17
14 924 2
14 410 1
14 702 28
15 680 2
16 410 1
16 718 1
16 407 1
19 890 1
24 160 1
24 530 4
24 915 2
24 630 3
24 280 1
24 891 6
25 844 2
25 684 3
25 918 1
25 558 2
28 582 1
29 808 1
29 107 1
30 416 1
30 868 1
30 209 1
30 936 1
30 908 4
30 912 1
30 168 4
30 52 4
30 104 1
30 765 4
31 915 1
31 142 1
32 280 1
32 977 1
32 724 1
35 280 1
35 362 1
35 658 1
35 207 2
37 168 1
40 450 3
40 379 1
40 900 2
40 712 3
40 60 1
40 802 3
40 272 3
40 488 1
40 466 2
40 947 2
40 662 5
40 695 2
40 568 4
40 187 3
40 572 2
40 254 1
42 402 1
42 70 2
45 66 1
45 52 2
45 126 1
46 343 1
52 416 2
52 66 5
52 332 4
52 472 1
52 602 1
52 126 5
53 193 2
53 923 2
53 540 1
53 581 1
56 987 3
56 159 1
58 909 3
61 718 1
61 991 1
62 513 1
62 113 1
62 485 4
62 646 3
62 551 1
62 535 1
62 752 1
62 369 4
62 722 1
62 854 1
62 823 3
62 890 1
62 444 2
62 250 4
62 542 4
62 159 2
66 260 1
66 782 1
66 126 3
67 344 2
67 561 1
67 963 4
67 207 1
69 343 1
71 595 4
73 499 2
74 256 1
74 294 6
74 168 1
74 586 1
74 912 1
74 104 4
74 885 2
74 984 1
74 573 3
74 447 2
75 178 3
76 410 1
77 168 4
77 912 3
77 586 1
77 260 1
78 409 1
78 178 1
82 135 1
86 443 8
90 912 1
91 915 1
91 189 1
92 658 1
92 142 1
95 873 1
98 707 18
98 454 4
98 134 11
98 713 13
98 107 19
98 268 17
98 429 12
98 592 11
98 401 10
98 291 4
98 117 17
98 278 18
105 418 3
106 740 2
107 192 1
107 898 1
107 1004 1
107 652 1
107 208 1
107 532 1
107 664 2
107 537 4
107 670 1
107 415 1
107 808 1
107 553 2
107 810 1
107 175 1
107 688 1
107 393 2
107 320 1
107 201 1
107 335 1
107 464 1
107 980 2
107 985 1
107 737 1
107 236 3
107 118 1
107 468 1
107 381 3
111 602 3
111 885 4
112 267 2
112 517 1
112 478 1
113 542 1
114 249 1
114 189 2
119 335 5
120 948 1
122 410 1
125 622 1
126 356 1
126 232 7
126 586 1
126 782 1
126 868 3
126 362 1
127 754 1
127 595 3
127 189 1
127 718 3
132 842 1
133 648 1
133 416 1
133 602 2
134 592 2
135 581 4
135 870 1
135 743 1
135 936 4
135 233 5
135 170 2
135 371 3
135 628 6
135 405 1
135 692 2
135 362 2
136 200 1
136 658 1
136 915 4
136 142 1
137 306 1
139 832 2
141 530 1
141 188 1
142 344 1
142 971 1
142 165 1
142 647 3
142 200 1
142 267 7
142 428 1
142 302 1
142 952 1
142 915 7
142 953 1
142 280 1
142 857 1
142 543 1
142 990 1
147 926 1
147 686 2
147 159 1
149 249 1
149 716 3
149 189 1
151 609 4
151 923 1
152 443 2
153 977 4
153 410 1
153 891 1
153 418 2
157 746 1
157 926 1
157 159 1
159 290 2
159 547 1
159 742 2
159 233 1
159 940 4
159 923 1
159 334 2
159 239 1
159 243 2
159 398 1
159 951 1
159 506 1
159 251 1
160 530 2
160 915 3
160 838 2
164 343 1
165 344 1
165 915 1
166 586 2
166 332 1
168 416 2
168 260 5
168 966 2
168 232 4
168 266 2
168 334 2
168 912 11
168 209 1
168 648 1
168 949 7
168 439 1
168 356 1
168 890 1
169 595 3
170 855 1
171 590 1
171 926 1
173 644 1
175 849 3
175 410 1
178 519 1
178 409 1
178 538 1
178 418 1
178 295 1
178 693 1
178 569 1
178 710 1
178 333 1
178 976 1
178 339 1
178 470 1
178 599 1
178 605 1
178 862 1
178 991 1
178 228 1
178 232 3
178 502 2
178 249 2
178 250 1
178 767 1
181 724 2
181 189 1
181 190 3
184 779 1
184 423 1
186 267 2
186 517 1
187 450 2
187 695 1
188 207 1
188 851 1
188 469 1
188 630 5
188 280 1
189 904 2
189 236 3
189 652 2
189 404 1
189 409 1
189 410 3
189 201 2
189 716 2
189 718 5
189 595 2
189 724 2
189 470 2
189 362 2
189 1004 2
189 365 2
189 249 6
190 353 3
190 978 1
190 629 1
190 656 3
190 274 3
190 373 3
190 920 1
190 890 1
190 316 2
191 912 2
191 692 2
192 664 1
192 381 3
193 923 1
193 540 2
199 996 3
199 506 1
199 644 1
199 541 8
200 915 2
200 971 1
201 249 1
201 393 1
207 421 1
207 424 2
207 891 1
207 428 2
207 301 1
207 547 1
207 373 2
207 851 1
207 795 2
207 954 1
207 990 1
207 469 1
208 335 1
209 472 1
209 356 1
214 416 1
214 233 1
214 746 1
214 290 2
216 321 4
216 319 1
223 534 1
225 779 1
228 724 1
228 605 1
229 306 1
229 374 2
229 607 2
230 926 1
230 239 1
231 698 3
232 260 1
232 949 3
232 790 2
232 575 1
233 692 6
236 249 1
239 713 1
239 609 1
241 280 1
245 698 3
249 716 1
249 1004 1
249 977 3
249 595 1
249 470 1
249 409 1
249 410 3
250 500 3
250 332 2
251 410 1
256 356 1
256 517 1
256 294 1
256 267 2
256 885 1
256 313 1
256 478 1
260 416 1
260 586 1
260 912 5
260 762 2
266 912 1
266 416 3
267 517 5
267 647 1
267 648 2
267 586 2
267 684 1
267 530 1
267 435 1
267 526 1
267 316 1
267 478 5
267 581 3
272 700 2
275 849 3
277 355 2
277 285 3
277 926 1
278 776 1
278 609 4
278 923 1
278 290 1
280 547 1
280 421 1
280 422 1
280 647 1
280 360 1
280 656 1
280 561 1
280 530 3
280 526 1
280 631 1
280 953 1
280 990 1
280 293 1
284 731 2
285 926 1
288 530 2
288 630 2
291 401 2
291 429 3
291 454 2
293 522 1
294 416 2
294 586 14
294 885 6
294 984 1
294 313 1
294 447 3
302 915 1
308 418 1
310 534 1
313 416 1
313 885 4
313 984 1
313 447 2
316 915 3
317 374 4
318 362 1
318 499 1
318 684 5
318 558 1
319 386 1
319 499 1
320 843 2
320 1004 2
321 684 3
321 458 1
321 844 2
321 558 1
321 565 2
322 950 1
322 399 1
324 890 2
324 638 1
329 624 1
329 692 1
332 416 1
332 586 10
332 782 5
332 435 1
332 500 6
332 447 2
334 416 1
334 550 1
334 617 1
334 687 1
334 776 4
334 692 1
334 696 2
334 923 2
334 638 1
335 898 1
335 810 1
335 980 2
335 664 1
337 505 1
338 582 2
338 415 1
341 915 1
343 663 7
343 534 1
343 950 2
347 926 1
349 976 4
349 838 2
356 743 1
356 472 4
360 530 4
362 450 1
362 812 1
364 582 1
377 423 1
379 568 1
381 643 2
381 532 2
381 664 1
381 670 2
383 528 1
383 526 2
388 534 1
401 429 7
401 454 4
401 415 3
402 634 1
404 595 1
407 779 1
410 777 1
410 650 1
410 924 1
410 541 1
410 433 1
410 837 1
410 969 1
410 716 1
410 994 1
410 718 1
410 719 1
410 977 2
410 482 1
410 1001 1
413 746 7
413 700 1
413 935 6
414 891 4
414 687 1
415 429 3
415 471 2
416 517 1
416 586 3
416 912 2
416 885 1
416 472 1
416 868 3
416 573 1
416 447 3
418 996 56
418 977 6
418 1001 2
423 832 5
423 710 1
428 915 4
429 454 7
433 987 1
433 789 2
435 586 2
435 500 2
439 912 3
439 949 2
440 664 1
440 737 3
440 657 1
443 602 5
443 718 1
445 530 1
445 891 3
447 586 39
447 500 1
447 885 3
450 802 1
450 712 2
450 947 5
450 695 2
450 568 1
450 991 1
454 1003 2
454 592 4
458 844 1
458 684 4
458 565 1
458 558 1
466 947 1
468 643 1
470 789 1
472 743 3
472 912 1
478 648 1
478 517 3
485 691 27
485 823 1
487 534 1
491 724 1
493 530 3
493 685 4
493 630 8
495 633 2
499 684 3
499 844 2
499 565 1
499 918 1
499 956 1
500 814 8
500 782 1
500 633 1
502 746 1
502 724 1
506 866 1
506 996 3
506 1001 11
506 657 1
506 644 2
506 511 1
506 541 8
510 534 1
512 630 4
514 832 1
516 743 3
516 783 1
516 881 1
516 532 1
516 761 1
516 924 8
517 674 1
517 803 3
517 648 1
517 586 1
517 722 2
526 530 7
530 658 2
530 915 2
530 920 1
530 685 4
530 561 2
530 846 1
530 851 1
530 718 1
530 746 2
530 630 9
530 631 2
530 891 6
531 987 4
532 790 1
534 993 2
534 649 1
534 591 1
534 951 1
534 923 3
534 863 2
535 762 1
537 664 2
538 700 1
540 698 3
541 996 1
542 823 1
543 991 1
547 964 1
547 851 1
547 724 1
547 988 1
552 951 1
556 912 1
558 684 7
558 844 3
558 723 1
558 565 3
558 918 1
559 634 2
561 795 1
565 684 3
565 844 1
568 660 1
575 912 1
577 936 3
581 936 2
581 855 2
585 922 1
586 885 8
586 762 1
590 926 1
591 696 1
591 923 1
592 609 3
595 934 1
595 718 1
595 951 3
599 976 1
599 702 2
600 672 1
602 743 6
605 789 11
607 696 3
607 700 1
609 617 4
609 687 4
609 923 6
617 923 1
624 719 1
630 647 5
630 746 2
630 915 2
630 891 1
630 957 2
633 923 4
634 832 2
634 788 1
643 664 1
643 685 8
644 1001 2
644 924 2
644 702 1
647 915 6
648 885 1
650 783 1
654 991 4
661 700 1
662 900 2
663 951 1
663 950 3
664 737 1
664 810 2
664 985 1
670 688 3
672 844 9
678 696 2
680 790 1
684 844 4
684 918 3
684 956 4
686 926 1
687 776 1
687 923 1
688 702 3
692 707 1
692 746 3
692 880 1
692 830 1
695 947 1
696 915 3
698 840 3
698 873 3
698 764 3
700 707 1
700 746 2
700 812 1
707 880 3
711 718 1
715 926 1
718 754 1
718 980 1
719 745 2
719 738 2
724 851 1
724 915 1
737 849 1
738 951 4
738 837 3
738 783 3
739 915 1
740 788 1
740 879 2
746 935 22
748 926 4
752 776 1
752 994 1
761 881 8
761 924 1
765 908 1
772 923 1
774 947 28
779 843 1
789 987 4
790 868 1
790 812 4
817 851 1
837 921 2
838 915 1
840 873 1
844 956 1
850 924 1
851 920 1
857 915 1
858 991 1
881 924 1
885 984 2
890 923 1
910 923 1
912 949 4
915 952 1
915 971 1
924 1001 2
926 931 1
926 933 1
926 972 1
950 977 3
951 957 6
977 996 4
977 1001 7
977 1004 3
