0
1
2
3
4
5
6
7
8
9
10
11
12
13
14
15
16
17
18
19
20
21
22
23
24
25
26
27
28
29
30
31
32
33
34
35
36
37
38
39
40
41
42
43
44
45
46
47
48
49
50
51
52
53
54
55
56
57
58
59
60
61
62
63
64
65
66
67
68
69
70
71
72
73
74
75
76
77
78
79
80
81
82
83
84
85
86
87
88
89
90
91
92
93
94
95
96
97
98
99
100
101
102
103
104
105
106
107
108
109
110
111
112
113
114
115
116
117
118
119
120
121
122
123
124
125
126
127
128
129
130
131
132
133
134
135
136
137
138
139
141
142
143
144
145
146
147
148
149
150
151
152
153
154
155
157
158
159
160
161
162
163
164
165
166
167
168
169
170
171
172
173
174
175
176
177
178
179
180
181
182
183
184
185
186
187
188
189
190
191
192
193
194
195
196
197
198
199
200
201
202
203
204
205
206
207
208
209
210
211
212
213
214
215
216
217
218
219
220
221
222
223
224
225
226
227
228
229
230
231
232
233
235
236
237
238
239
240
241
242
243
244
245
246
247
248
249
250
251
252
253
254
255
256
257
259
260
262
263
264
265
266
267
268
269
270
271
272
273
274
275
276
277
278
279
280
281
282
283
284
285
286
287
288
289
290
291
292
293
294
295
296
297
299
300
301
302
303
304
305
306
307
308
309
310
311
312
313
314
315
316
317
318
319
320
321
322
323
324
325
326
327
328
329
330
331
332
333
334
335
336
337
338
339
340
341
343
344
345
346
347
348
349
350
351
352
353
355
356
357
358
359
360
361
362
364
365
366
367
368
369
370
371
372
373
374
375
376
377
378
379
380
381
382
383
384
385
386
387
388
389
390
391
392
393
394
395
396
397
398
399
400
401
402
403
404
405
406
407
408
409
410
411
412
413
414
415
416
418
419
420
421
422
423
424
425
426
427
428
429
430
431
432
433
434
435
436
437
438
439
440
441
442
443
444
445
446
447
448
449
450
451
452
453
454
455
456
457
458
459
460
461
462
464
465
466
467
468
469
470
471
472
473
474
475
476
477
478
479
480
481
482
483
484
485
486
487
488
489
490
491
492
493
495
496
497
498
499
500
501
502
503
504
505
506
507
508
509
510
511
512
513
514
515
516
517
518
519
520
521
522
523
524
525
526
527
528
530
531
532
533
534
535
536
537
538
539
540
541
542
543
544
545
546
547
548
549
550
551
552
553
554
556
557
558
559
560
561
562
563
564
565
566
567
568
569
570
571
572
573
574
575
576
577
578
579
580
581
582
583
584
585
586
587
588
589
590
591
592
593
594
595
596
597
598
599
600
601
602
603
604
605
606
607
609
610
611
612
613
614
615
616
617
618
619
621
622
623
624
625
626
627
628
629
630
631
632
633
634
635
636
637
638
639
640
641
642
643
644
645
646
647
648
649
650
651
652
653
654
655
656
657
658
659
660
661
662
663
664
665
666
667
668
669
670
671
672
673
674
675
676
677
678
679
680
681
682
683
684
685
686
687
688
689
690
691
692
693
694
695
696
697
698
699
700
701
702
703
704
705
706
707
708
709
710
711
712
713
714
715
716
717
718
719
720
721
722
723
724
725
726
727
728
729
730
731
732
733
734
735
736
737
738
739
740
741
742
743
744
745
746
747
748
749
750
751
752
753
754
756
757
758
759
760
761
762
763
764
765
767
768
769
770
771
772
773
774
775
776
777
778
779
780
781
782
783
784
785
786
787
788
789
790
791
792
793
794
795
796
797
798
799
800
801
802
803
804
805
806
807
808
809
810
811
812
813
814
815
816
817
818
819
820
821
822
823
824
825
826
827
828
829
830
831
832
833
834
835
836
837
838
839
840
841
842
843
844
845
846
847
848
849
850
851
852
853
854
855
856
857
858
859
860
861
862
863
864
865
866
867
868
869
870
871
872
873
874
875
876
877
878
879
880
881
882
883
884
885
886
887
888
889
890
891
892
893
894
895
896
897
898
899
900
901
902
903
904
905
906
907
908
909
910
911
912
913
914
915
916
917
918
919
920
921
922
923
924
925
926
927
928
929
930
931
932
933
934
935
936
937
938
939
940
941
942
943
944
945
946
947
948
949
950
951
952
953
954
955
956
957
958
960
961
962
963
964
965
966
967
968
969
970
971
972
973
974
975
976
977
978
979
980
981
982
983
984
985
986
987
988
989
990
991
992
993
994
995
996
997
998
999
1000
1001
1002
1003
1004
0 569 2
0 470 1
1 324 1
2 231 2
2 715 1
2 77 2
2 846 2
2 790 3
2 664 1
2 700 1
4 135 2
5 491 4
5 553 1
5 107 6
5 175 2
5 724 6
5 246 1
6 569 3
6 732 1
6 189 1
6 470 1
6 249 2
8 731 1
13 532 1
13 506 1
13 516 1
13 738 1
14 738 1
14 541 1
14 724 2
14 410 1
14 796 2
14 506 2
15 680 2
15 731 2
16 149 1
16 506 3
16 716 2
16 410 1
16 541 2
17 915 1
19 61 1
23 586 1
24 136 1
24 891 15
24 629 5
25 48 1
26 40 1
26 712 1
26 802 2
28 987 1
29 553 1
29 724 1
29 381 1
30 112 2
30 356 4
30 765 2
30 942 2
30 517 1
31 915 2
31 716 1
31 165 12
32 580 1
32 197 1
32 791 5
32 569 1
32 862 3
32 293 1
35 978 1
35 274 1
35 469 2
35 167 1
38 90 5
38 159 2
38 324 1
38 591 1
40 450 2
40 900 2
40 712 3
40 60 1
40 802 5
40 272 3
40 466 2
40 947 1
40 596 3
40 662 3
40 695 4
40 568 3
40 187 3
40 572 3
40 254 1
41 723 5
41 565 15
42 402 5
42 510 1
48 672 1
48 684 1
48 458 1
48 844 1
48 558 2
48 216 1
48 956 1
48 319 1
52 868 3
52 356 5
52 765 1
52 126 1
53 940 2
53 268 1
53 61 5
53 278 1
56 587 1
56 482 1
56 987 4
56 789 1
56 410 1
58 577 5
58 585 1
59 423 1
60 712 1
60 802 2
61 193 2
61 450 4
61 900 1
61 293 4
61 742 1
61 802 1
61 233 2
61 522 1
61 306 1
61 718 8
61 398 1
61 272 1
61 338 1
61 692 2
61 662 1
61 602 1
61 443 1
61 700 1
61 991 2
62 513 3
62 485 2
62 646 5
62 113 1
62 214 1
62 823 2
62 542 5
62 159 5
64 534 1
65 416 2
65 135 1
65 334 5
65 120 1
65 220 2
65 927 2
67 344 2
67 963 19
67 165 5
67 207 3
68 987 1
68 789 1
69 663 2
75 324 1
75 749 2
75 660 1
75 772 3
75 220 4
75 607 1
77 912 3
77 556 1
77 260 4
82 870 1
82 135 2
86 443 1
86 703 2
90 843 2
90 268 1
90 749 2
90 142 1
90 720 1
90 915 3
90 692 2
90 857 1
90 506 1
91 672 1
91 103 2
92 847 1
95 987 2
96 420 3
96 132 1
97 456 1
97 591 1
98 449 1
98 707 4
98 134 1
98 454 2
98 713 2
98 107 10
98 268 2
98 429 4
98 592 4
98 291 6
98 117 1
98 278 2
101 866 4
101 246 1
101 423 2
102 106 1
102 139 1
103 514 4
103 310 1
103 423 5
103 1001 1
103 950 1
103 223 1
104 765 2
105 233 1
105 418 5
106 634 1
106 788 1
107 808 2
107 553 4
107 810 1
107 236 1
107 898 2
107 335 11
107 980 1
107 120 1
107 381 3
107 670 1
112 803 5
112 356 5
112 517 2
112 646 1
112 648 2
112 267 3
113 542 1
113 927 3
114 724 1
114 506 3
114 236 1
117 291 1
117 268 1
118 553 4
119 812 4
119 790 2
120 268 1
120 629 1
122 724 1
122 837 1
125 139 2
125 509 3
125 510 1
126 356 2
126 790 2
126 294 6
127 980 1
127 724 3
127 749 1
127 718 2
131 506 1
131 738 1
132 842 4
132 388 1
133 256 2
134 291 6
134 454 5
134 551 1
134 268 1
134 592 5
135 581 11
135 870 2
135 362 1
135 812 2
135 462 1
135 528 2
135 371 3
135 628 5
135 942 6
135 292 1
135 923 3
135 720 3
135 765 7
137 771 4
139 324 1
139 487 1
139 939 1
139 524 1
139 206 1
139 174 1
139 534 1
139 154 1
139 477 1
139 510 1
141 978 1
142 915 2
142 274 1
142 630 3
142 159 4
143 580 1
143 159 8
147 590 1
147 230 1
148 920 1
149 977 1
149 716 9
150 415 2
153 977 10
157 577 1
157 686 1
157 334 3
158 506 1
158 719 1
159 416 1
159 865 2
159 290 2
159 517 4
159 161 1
159 713 1
159 586 4
159 278 1
159 940 8
159 334 5
159 209 2
159 214 8
159 695 1
159 920 3
159 569 3
159 923 4
159 190 1
160 891 4
160 629 4
160 526 7
161 936 1
161 771 1
161 239 1
161 214 1
164 420 1
164 548 1
164 853 1
165 267 2
165 207 1
165 401 11
165 316 1
166 416 2
166 356 2
166 743 2
166 586 5
166 240 2
166 500 1
166 762 7
166 573 1
167 851 1
167 978 1
167 469 2
168 416 2
168 260 3
168 586 1
168 912 6
168 472 3
168 356 4
168 575 1
170 360 2
171 577 4
171 590 1
173 506 1
173 738 1
175 710 1
175 423 3
175 650 3
175 849 6
175 275 4
175 532 2
175 670 1
180 215 2
184 724 1
184 650 3
184 580 1
184 423 7
185 830 2
187 712 1
187 802 2
187 450 1
188 274 1
188 978 1
188 851 1
188 469 2
189 969 1
189 410 1
189 718 4
189 977 1
191 749 1
191 326 1
191 927 1
192 639 1
193 592 2
193 454 1
193 230 2
193 714 2
193 268 1
193 720 2
193 499 1
193 500 1
193 923 2
193 956 1
194 951 1
196 268 1
197 987 1
197 923 1
198 712 1
198 802 2
199 924 3
199 506 2
199 644 1
199 738 4
200 952 4
202 629 3
207 424 1
207 558 1
207 978 1
207 469 4
207 795 2
208 977 2
208 236 1
208 1004 1
208 783 1
214 776 1
214 940 1
214 912 1
214 530 1
214 531 3
214 920 1
214 544 1
214 290 4
214 684 1
214 687 1
214 951 1
214 835 1
214 844 1
214 334 2
214 720 1
214 852 1
214 987 1
214 220 1
214 865 1
214 738 1
214 743 1
214 371 1
214 629 1
214 891 1
215 639 1
220 546 2
220 749 3
220 334 1
223 663 1
223 462 1
228 569 2
229 306 1
229 771 1
229 628 2
229 607 2
231 873 1
231 819 2
231 245 3
231 698 3
231 987 2
231 607 1
233 692 1
235 951 1
236 537 2
236 381 1
239 609 1
239 988 1
241 469 2
245 736 1
245 764 2
245 264 1
245 329 1
245 624 1
245 698 3
245 987 1
245 540 3
246 724 3
246 423 3
248 692 2
248 718 3
248 591 1
249 569 3
250 607 3
250 886 2
250 927 3
251 482 1
251 987 1
251 506 3
253 290 1
253 566 2
256 472 3
256 602 1
256 356 2
257 987 1
257 268 1
260 912 5
260 575 1
267 577 2
267 674 1
267 586 11
267 951 2
267 857 1
267 891 2
267 988 1
268 291 2
268 454 1
268 713 1
268 683 1
268 1003 1
268 401 1
268 633 1
270 506 1
270 738 1
272 802 2
272 742 1
272 450 1
272 712 1
272 306 1
273 951 1
274 647 1
274 391 1
274 469 1
275 849 2
277 546 1
277 931 1
277 590 3
278 687 1
278 291 1
280 547 1
280 530 2
280 658 1
280 915 3
280 629 3
280 920 2
280 281 1
280 851 2
280 731 2
281 724 1
284 680 2
284 731 2
290 540 6
290 566 1
291 713 1
291 429 1
291 401 3
292 769 1
293 724 5
293 718 2
294 586 4
294 447 1
295 569 2
299 388 2
299 548 1
301 978 1
303 514 3
303 663 1
303 780 1
303 950 2
303 343 1
305 416 1
305 472 1
305 859 5
305 356 2
305 743 1
306 450 1
306 771 4
306 742 3
306 587 1
306 703 7
306 607 1
307 769 1
307 692 2
308 418 1
311 987 1
311 540 2
311 955 1
313 472 1
318 587 1
318 684 1
319 423 3
321 684 1
321 499 8
321 956 2
321 558 1
322 939 2
322 534 2
322 879 1
324 388 1
324 591 1
324 534 1
324 676 1
324 638 2
326 587 1
327 506 1
327 738 1
327 381 2
329 997 1
332 435 3
332 500 1
332 782 5
333 569 4
334 416 1
334 772 1
334 742 1
334 749 1
334 687 1
334 692 2
334 607 4
335 664 4
335 440 2
335 643 2
335 1004 2
337 505 5
338 987 1
343 663 8
344 373 1
347 933 1
347 966 4
353 891 2
353 957 1
356 528 1
356 912 3
356 868 1
356 517 1
356 743 2
356 648 8
356 602 1
356 684 4
356 416 1
356 472 3
356 762 1
356 765 5
360 697 4
360 629 3
361 987 1
362 922 2
362 990 1
364 764 1
364 987 1
364 692 1
368 548 1
369 646 3
369 927 3
371 456 1
371 720 2
372 595 3
372 404 2
372 934 1
377 718 1
379 712 1
379 802 2
380 440 1
380 712 1
381 532 2
383 528 1
383 589 1
401 454 5
401 429 21
401 415 4
404 595 5
409 569 2
409 710 1
410 719 1
410 977 2
410 663 3
414 506 1
415 569 1
415 587 1
415 865 2
416 868 1
416 586 2
416 912 1
416 854 1
416 439 2
416 762 1
416 859 1
416 927 1
418 977 6
421 424 1
421 978 1
421 795 2
421 469 2
422 731 5
423 710 1
423 849 1
424 978 1
424 795 3
424 469 2
427 955 2
428 915 3
428 543 1
429 925 2
429 454 5
432 987 1
433 738 2
433 987 5
433 789 3
434 758 1
435 500 8
435 782 2
435 609 1
437 738 1
437 506 1
437 516 1
437 650 1
440 506 1
440 810 1
443 662 3
443 742 7
443 703 7
444 585 2
444 927 3
447 868 1
447 586 2
447 885 1
447 984 2
447 573 1
449 462 1
450 802 7
450 900 1
450 712 7
450 662 1
450 695 2
450 568 2
450 572 1
454 609 1
456 936 5
458 684 3
459 517 3
462 739 1
462 833 5
465 812 1
466 712 2
466 802 2
469 547 2
469 851 1
469 817 2
469 978 1
469 954 2
469 795 2
470 569 4
470 789 13
470 502 1
472 743 2
472 912 1
472 602 2
472 859 1
472 575 3
473 810 1
482 531 2
482 569 3
482 987 1
485 646 2
485 927 3
488 712 1
488 802 2
491 724 1
493 561 1
493 629 4
493 630 9
495 568 1
495 862 1
499 704 3
499 558 1
499 565 11
499 956 2
500 782 2
502 576 2
502 718 1
502 724 1
502 569 3
502 538 1
502 605 1
502 862 3
505 603 2
506 516 1
506 650 1
506 783 1
506 657 1
506 532 1
506 921 2
506 644 1
506 923 1
506 924 4
506 541 2
506 653 1
506 682 1
506 945 1
506 951 1
506 702 2
506 576 1
506 837 1
506 719 1
506 850 1
506 979 1
506 654 1
506 738 3
506 996 2
506 1001 1
506 747 1
506 881 5
506 745 1
506 761 1
506 508 1
508 738 1
509 780 1
511 987 1
513 646 3
513 927 3
514 603 2
514 780 1
514 950 1
515 927 1
516 738 1
516 650 1
517 803 12
517 692 1
519 790 2
526 891 3
526 629 3
526 685 1
528 803 2
528 743 2
528 867 1
528 980 1
528 607 2
530 891 1
530 629 2
531 987 5
532 738 1
532 650 2
532 790 2
534 692 1
534 607 1
535 927 3
538 569 2
538 724 1
540 955 2
540 840 2
540 951 2
540 697 1
540 698 5
540 987 1
540 925 2
541 738 1
541 977 6
541 951 2
542 609 1
542 551 1
542 687 1
542 927 3
543 952 2
546 873 1
546 550 1
547 978 1
548 638 2
549 701 1
551 646 2
551 927 3
552 978 1
552 951 2
553 898 3
553 808 1
553 670 2
557 912 2
558 565 4
558 956 2
561 629 4
561 846 4
561 631 7
565 679 16
565 684 1
565 723 1
565 956 4
568 802 2
568 712 1
568 947 1
568 596 2
569 693 2
569 951 1
569 710 2
569 976 3
569 599 3
569 605 3
569 862 5
569 991 2
569 749 4
572 712 1
572 802 2
573 868 1
576 738 1
576 850 1
577 590 1
577 686 1
581 720 7
581 936 2
581 703 1
582 987 1
582 764 5
584 731 1
585 862 1
586 868 2
586 648 1
586 762 1
587 617 1
587 731 1
588 987 1
591 718 1
591 692 1
591 607 1
592 713 3
592 948 1
592 927 4
595 718 2
595 934 2
596 802 2
596 712 1
596 695 3
599 710 1
602 743 1
602 648 2
603 780 2
603 822 2
603 735 2
607 833 1
607 993 1
607 742 1
607 749 1
607 696 1
607 660 1
607 920 1
607 692 3
607 890 3
609 707 1
609 772 1
609 951 1
609 633 1
609 890 1
609 923 2
612 633 1
614 920 1
614 978 1
614 687 1
624 873 2
626 936 1
628 720 1
628 870 3
629 772 2
629 838 1
629 658 3
629 685 5
629 846 3
629 630 12
629 631 3
629 891 16
629 894 3
630 656 2
630 915 4
630 920 2
633 801 1
634 788 1
641 987 1
643 1004 1
643 685 3
644 1001 1
644 738 1
644 977 2
646 927 3
647 953 4
647 915 1
648 765 2
650 738 2
650 881 5
650 686 2
650 849 3
650 761 1
650 783 2
653 738 1
654 738 11
654 991 1
656 920 2
657 738 4
658 731 1
659 771 3
662 802 2
662 712 1
663 950 3
670 724 1
672 956 1
672 844 2
679 684 1
680 720 1
680 707 3
682 783 2
682 738 6
682 719 13
684 704 4
684 844 2
684 692 2
684 918 1
686 933 1
687 907 1
687 915 1
692 736 1
692 769 2
692 739 1
692 742 2
692 775 3
692 746 4
692 749 4
692 915 1
692 718 1
695 802 2
695 712 1
697 925 1
697 855 2
698 840 3
698 873 3
698 764 3
700 812 1
700 881 1
700 790 3
700 761 2
702 1001 1
702 738 1
703 771 3
704 743 1
707 1003 1
707 880 3
707 951 1
708 718 1
711 718 1
712 900 1
712 802 4
712 947 1
718 866 2
718 904 1
718 749 1
718 754 6
718 724 1
719 738 6
719 837 1
722 927 3
724 777 1
724 916 1
738 783 3
738 921 1
738 923 1
738 924 4
738 945 1
738 837 5
738 850 1
738 996 4
738 1001 1
738 747 1
738 881 1
738 979 1
738 745 1
738 761 1
742 769 2
743 859 1
758 844 2
759 868 1
761 850 2
764 987 1
765 942 4
765 868 1
770 927 3
771 784 2
771 863 5
773 955 1
774 947 17
783 837 1
789 987 2
790 812 1
790 956 1
794 854 1
795 978 1
802 900 2
802 947 2
809 987 4
817 978 1
823 927 3
837 924 1
838 971 1
840 987 1
844 956 11
849 987 1
850 881 3
851 978 1
851 920 1
851 957 1
854 927 3
857 915 3
857 951 2
866 951 2
872 987 1
873 987 2
890 915 2
915 953 2
925 955 1
933 966 2
935 966 1
951 979 4
954 978 1
955 987 1
957 978 1
969 977 1
977 1001 8
977 1004 5
978 988 2
987 994 2
