0
1
2
3
4
5
6
7
8
9
10
11
12
13
14
15
16
17
18
19
20
21
22
23
24
25
26
27
28
29
30
31
32
33
34
35
36
37
38
39
40
41
42
43
44
45
46
47
48
49
50
51
52
53
54
55
56
57
58
59
60
61
62
63
64
65
66
67
68
69
70
71
72
73
74
75
76
77
78
79
80
81
82
83
84
85
86
87
88
89
90
91
92
93
94
95
96
97
98
99
100
101
102
103
104
105
106
107
108
109
110
111
112
113
114
115
116
117
118
119
120
121
122
123
124
125
126
127
128
129
130
131
132
133
134
135
136
137
138
139
141
142
143
144
145
146
147
148
149
150
151
152
153
154
155
157
158
159
160
161
162
163
164
165
166
167
168
169
170
171
172
173
174
175
176
177
178
179
180
181
182
183
184
185
186
187
188
189
190
191
192
193
194
195
196
197
198
199
200
201
202
203
204
205
206
207
208
209
210
211
212
213
214
215
216
217
218
219
220
221
222
223
224
225
226
227
228
229
230
231
232
233
235
236
237
238
239
240
241
242
243
244
245
246
247
248
249
250
251
252
253
254
255
256
257
259
260
262
263
264
265
266
267
268
269
270
271
272
273
274
275
276
277
278
279
280
281
282
283
284
285
286
287
288
289
290
291
292
293
294
295
296
297
299
300
301
302
303
304
305
306
307
308
309
310
311
312
313
314
315
316
317
318
319
320
321
322
323
324
325
326
327
328
329
330
331
332
333
334
335
336
337
338
339
340
341
343
344
345
346
347
348
349
350
351
352
353
355
356
357
358
359
360
361
362
364
365
366
367
368
369
370
371
372
373
374
375
376
377
378
379
380
381
382
383
384
385
386
387
388
389
390
391
392
393
394
395
396
397
398
399
400
401
402
403
404
405
406
407
408
409
410
411
412
413
414
415
416
418
419
420
421
422
423
424
425
426
427
428
429
430
431
432
433
434
435
436
437
438
439
440
441
442
443
444
445
446
447
448
449
450
451
452
453
454
455
456
457
458
459
460
461
462
464
465
466
467
468
469
470
471
472
473
474
475
476
477
478
479
480
481
482
483
484
485
486
487
488
489
490
491
492
493
495
496
497
498
499
500
501
502
503
504
505
506
507
508
509
510
511
512
513
514
515
516
517
518
519
520
521
522
523
524
525
526
527
528
530
531
532
533
534
535
536
537
538
539
540
541
542
543
544
545
546
547
548
549
550
551
552
553
554
556
557
558
559
560
561
562
563
564
565
566
567
568
569
570
571
572
573
574
575
576
577
578
579
580
581
582
583
584
585
586
587
588
589
590
591
592
593
594
595
596
597
598
599
600
601
602
603
604
605
606
607
609
610
611
612
613
614
615
616
617
618
619
621
622
623
624
625
626
627
628
629
630
631
632
633
634
635
636
637
638
639
640
641
642
643
644
645
646
647
648
649
650
651
652
653
654
655
656
657
658
659
660
661
662
663
664
665
666
667
668
669
670
671
672
673
674
675
676
677
678
679
680
681
682
683
684
685
686
687
688
689
690
691
692
693
694
695
696
697
698
699
700
701
702
703
704
705
706
707
708
709
710
711
712
713
714
715
716
717
718
719
720
721
722
723
724
725
726
727
728
729
730
731
732
733
734
735
736
737
738
739
740
741
742
743
744
745
746
747
748
749
750
751
752
753
754
756
757
758
759
760
761
762
763
764
765
767
768
769
770
771
772
773
774
775
776
777
778
779
780
781
782
783
784
785
786
787
788
789
790
791
792
793
794
795
796
797
798
799
800
801
802
803
804
805
806
807
808
809
810
811
812
813
814
815
816
817
818
819
820
821
822
823
824
825
826
827
828
829
830
831
832
833
834
835
836
837
838
839
840
841
842
843
844
845
846
847
848
849
850
851
852
853
854
855
856
857
858
859
860
861
862
863
864
865
866
867
868
869
870
871
872
873
874
875
876
877
878
879
880
881
882
883
884
885
886
887
888
889
890
891
892
893
894
895
896
897
898
899
900
901
902
903
904
905
906
907
908
909
910
911
912
913
914
915
916
917
918
919
920
921
922
923
924
925
926
927
928
929
930
931
932
933
934
935
936
937
938
939
940
941
942
943
944
945
946
947
948
949
950
951
952
953
954
955
956
957
958
960
961
962
963
964
965
966
967
968
969
970
971
972
973
974
975
976
977
978
979
980
981
982
983
984
985
986
987
988
989
990
991
992
993
994
995
996
997
998
999
1000
1001
1002
1003
1004
0 178 1
0 732 1
0 502 1
2 700 1
2 790 2
2 231 1
4 304 1
5 107 1
6 249 2
6 178 1
7 810 1
13 1001 1
13 506 1
14 1001 1
14 506 1
14 924 3
14 410 1
14 516 1
15 680 1
15 731 1
17 428 2
24 200 1
24 280 1
24 891 1
24 629 3
24 902 2
25 704 1
28 987 3
30 313 1
31 165 1
32 700 3
32 197 1
40 568 1
40 802 2
40 187 1
40 572 1
41 499 1
41 565 1
45 227 3
46 310 5
46 663 1
48 499 1
48 684 2
50 559 2
52 790 1
53 120 1
53 193 1
53 923 2
53 540 1
56 987 4
56 951 1
58 909 3
61 450 1
61 483 1
61 356 1
61 135 1
61 718 3
61 591 1
61 915 2
61 502 2
62 542 4
66 227 6
67 561 1
67 963 1
68 987 2
69 879 1
71 934 4
73 499 1
74 984 2
74 586 3
74 166 2
74 759 2
75 220 2
75 850 1
75 107 1
75 772 2
75 607 1
77 912 1
77 168 1
77 260 1
78 178 1
78 599 1
82 771 2
83 697 1
83 771 2
90 771 3
90 356 1
90 809 1
90 1003 1
90 307 1
90 891 1
90 606 1
91 617 1
91 106 2
91 850 1
95 987 2
96 832 2
96 420 1
98 707 11
98 134 5
98 454 7
98 713 10
98 107 11
98 268 10
98 429 9
98 592 8
98 401 9
98 291 7
98 117 10
98 278 10
101 246 2
101 423 1
103 977 2
103 310 6
103 663 1
105 872 1
105 849 1
105 418 5
107 192 3
107 553 4
107 810 1
107 236 2
107 468 1
107 201 1
107 537 2
111 416 1
111 586 1
111 782 3
111 743 2
112 416 1
112 674 1
112 356 1
118 365 1
119 790 1
120 772 2
120 718 1
120 591 1
120 952 1
120 190 1
122 904 1
122 428 1
125 622 1
126 700 2
126 790 3
126 294 2
132 388 1
134 592 1
134 316 1
135 607 1
136 915 1
136 316 2
136 591 1
137 936 3
147 931 4
147 454 1
149 716 1
149 372 1
151 253 2
153 782 2
157 684 1
157 586 1
157 356 2
157 517 1
157 607 1
159 776 4
159 586 5
159 214 1
160 629 1
161 951 2
165 401 1
165 316 1
165 207 1
166 416 1
166 674 6
166 782 2
166 759 2
166 984 2
166 586 10
168 260 4
168 556 4
168 782 1
168 912 17
168 984 4
168 949 2
168 790 5
168 439 8
168 472 6
168 356 11
168 313 2
168 868 1
168 575 2
173 1001 1
173 506 1
175 849 1
175 275 2
175 737 1
176 586 1
178 409 1
178 538 1
178 415 1
178 295 1
178 693 1
178 569 1
178 189 1
178 710 1
178 333 1
178 976 1
178 339 1
178 470 1
178 599 1
178 605 1
178 862 3
178 991 1
178 228 1
178 502 5
178 249 1
178 767 1
181 587 1
184 779 3
184 407 1
185 684 1
185 915 3
185 502 1
185 248 2
185 762 1
185 670 1
185 415 1
188 502 1
189 546 1
189 502 1
189 951 1
189 440 1
189 249 2
189 862 2
191 752 1
192 381 1
193 923 4
193 500 8
196 259 1
197 515 1
199 996 6
199 837 1
199 1001 1
199 850 2
199 506 5
199 541 1
200 530 1
200 316 1
207 424 1
207 795 2
207 373 1
207 469 4
208 977 2
214 742 1
214 935 2
214 746 1
214 940 2
214 946 2
214 239 1
214 912 1
214 978 1
214 951 1
216 321 1
216 499 1
225 407 1
228 605 1
229 306 1
229 607 2
231 624 1
231 987 2
231 607 1
232 356 1
233 692 1
236 537 1
245 987 2
246 293 1
246 423 3
248 591 1
248 415 1
248 334 3
248 607 1
249 377 1
249 506 1
249 605 2
251 987 2
253 290 1
253 566 1
256 648 3
256 313 2
266 912 1
266 439 3
267 674 1
267 803 1
267 586 15
267 435 1
267 948 1
267 891 2
268 946 2
270 1001 1
272 900 1
278 776 1
278 334 1
278 566 1
280 281 1
280 629 3
280 502 1
281 585 2
281 905 1
284 731 1
288 629 1
293 538 1
293 724 1
293 410 1
294 416 1
294 313 2
294 586 2
306 752 3
306 890 1
306 771 3
306 374 1
310 343 4
310 663 2
311 697 1
311 987 2
313 416 3
313 356 9
313 759 1
313 984 1
316 392 4
316 915 5
318 332 1
321 618 1
321 499 1
322 879 1
327 1001 1
329 764 1
329 775 1
332 435 1
332 500 4
332 542 3
332 782 1
334 546 1
334 388 1
334 550 1
334 783 1
334 692 1
334 502 1
334 633 3
334 923 1
334 687 1
334 607 3
335 381 1
338 987 2
343 607 1
343 950 1
343 663 3
349 976 1
349 724 1
353 920 1
356 868 4
356 517 1
356 743 2
356 586 1
356 684 1
356 912 7
356 721 2
356 648 1
356 790 3
356 472 6
356 730 2
356 948 1
356 602 2
356 447 2
360 629 1
361 987 2
362 909 1
364 506 2
364 987 2
371 441 1
377 522 1
377 718 1
379 568 1
381 921 1
381 532 2
383 528 1
383 388 1
393 843 2
401 429 2
402 788 2
407 779 1
407 883 1
409 599 1
410 719 1
414 891 5
415 851 1
415 670 1
415 542 1
416 674 1
416 707 1
416 648 8
416 586 7
416 546 1
416 782 8
418 996 4
418 977 2
420 559 1
422 680 1
423 977 2
429 454 1
432 987 2
433 987 4
435 586 1
439 912 2
439 782 4
440 537 1
454 592 1
454 772 1
458 499 1
458 684 1
468 664 1
472 912 1
480 987 2
482 987 2
493 629 1
499 679 2
499 723 1
499 956 1
499 618 1
500 586 1
500 814 1
502 862 1
502 607 1
506 576 1
506 738 1
506 1001 1
506 783 1
506 921 1
506 923 8
510 622 1
514 977 2
516 881 1
516 743 1
516 924 1
516 1001 1
517 607 1
522 546 1
526 629 1
528 909 1
530 891 1
530 629 1
531 987 2
532 553 4
534 546 1
534 607 1
540 641 5
540 994 1
540 987 2
540 697 1
540 955 1
541 996 2
541 1001 1
541 924 4
542 546 1
546 746 1
546 550 1
546 679 1
546 841 1
546 595 1
546 920 1
550 812 2
553 670 3
559 622 3
561 629 2
561 846 2
565 723 2
568 695 2
572 772 1
573 586 2
575 912 1
575 814 1
576 1001 1
576 654 1
577 931 1
577 935 1
582 994 1
582 987 2
584 731 1
586 782 9
586 912 1
586 759 3
586 984 4
591 980 1
591 607 1
592 609 2
592 713 1
592 948 2
599 605 1
607 783 1
607 915 1
607 920 1
607 684 1
607 718 1
607 851 1
607 994 1
607 617 1
607 746 1
607 629 1
609 890 1
609 923 1
609 772 1
614 858 2
617 752 1
622 676 1
629 658 1
629 685 1
629 846 1
629 630 1
629 631 1
629 891 1
633 809 1
633 946 2
633 923 2
641 987 2
644 1001 1
648 908 1
650 1001 1
654 1001 1
654 738 1
654 783 1
657 1001 1
663 951 2
668 720 1
668 813 1
668 935 1
674 782 2
680 707 3
692 742 1
697 771 1
697 855 1
697 925 1
698 987 2
702 1001 1
707 880 1
707 951 4
716 866 2
718 724 4
719 1001 1
719 837 1
720 746 1
720 813 1
720 935 3
724 883 1
730 868 1
730 790 1
735 879 1
738 1001 1
740 879 1
742 863 1
743 782 2
745 1001 1
746 935 6
759 984 2
764 994 1
764 987 2
765 946 1
771 863 1
772 883 1
780 977 2
782 887 1
782 912 2
783 1001 1
789 987 2
790 812 1
802 900 1
804 881 2
804 828 1
809 987 2
828 1001 3
832 977 1
837 1001 1
837 924 5
840 987 3
849 987 2
850 1001 1
851 978 1
862 909 3
868 912 1
872 987 4
873 987 2
881 924 2
881 1001 1
883 951 2
890 923 1
912 948 3
912 949 2
912 984 1
921 1001 1
924 1001 5
925 987 2
950 977 2
955 987 3
977 1004 2
979 1001 1
987 994 2
996 1001 1
