0
1
2
3
4
5
6
7
8
9
10
11
12
13
14
15
16
17
18
19
20
21
22
23
24
25
26
27
28
29
30
31
32
33
34
35
36
37
38
39
40
41
42
43
44
45
46
47
48
49
50
51
52
53
54
55
56
57
58
59
60
61
62
63
64
65
66
67
68
69
70
71
72
73
74
75
76
77
78
79
80
81
82
83
84
85
86
87
88
89
90
91
92
93
94
95
96
97
98
99
100
101
102
103
104
105
106
107
108
109
110
111
112
113
114
115
116
117
118
119
120
121
122
123
124
125
126
127
128
129
130
131
132
133
134
135
136
137
138
139
141
142
143
144
145
146
147
148
149
150
151
152
153
154
155
157
158
159
160
161
162
163
164
165
166
167
168
169
170
171
172
173
174
175
176
177
178
179
180
181
182
183
184
185
186
187
188
189
190
191
192
193
194
195
196
197
198
199
200
201
202
203
204
205
206
207
208
209
210
211
212
213
214
215
216
217
218
219
220
221
222
223
224
225
226
227
228
229
230
231
232
233
235
236
237
238
239
240
241
242
243
244
245
246
247
248
249
250
251
252
253
254
255
256
257
259
260
262
263
264
265
266
267
268
269
270
271
272
273
274
275
276
277
278
279
280
281
282
283
284
285
286
287
288
289
290
291
292
293
294
295
296
297
299
300
301
302
303
304
305
306
307
308
309
310
311
312
313
314
315
316
317
318
319
320
321
322
323
324
325
326
327
328
329
330
331
332
333
334
335
336
337
338
339
340
341
343
344
345
346
347
348
349
350
351
352
353
355
356
357
358
359
360
361
362
364
365
366
367
368
369
370
371
372
373
374
375
376
377
378
379
380
381
382
383
384
385
386
387
388
389
390
391
392
393
394
395
396
397
398
399
400
401
402
403
404
405
406
407
408
409
410
411
412
413
414
415
416
418
419
420
421
422
423
424
425
426
427
428
429
430
431
432
433
434
435
436
437
438
439
440
441
442
443
444
445
446
447
448
449
450
451
452
453
454
455
456
457
458
459
460
461
462
464
465
466
467
468
469
470
471
472
473
474
475
476
477
478
479
480
481
482
483
484
485
486
487
488
489
490
491
492
493
495
496
497
498
499
500
501
502
503
504
505
506
507
508
509
510
511
512
513
514
515
516
517
518
519
520
521
522
523
524
525
526
527
528
530
531
532
533
534
535
536
537
538
539
540
541
542
543
544
545
546
547
548
549
550
551
552
553
554
556
557
558
559
560
561
562
563
564
565
566
567
568
569
570
571
572
573
574
575
576
577
578
579
580
581
582
583
584
585
586
587
588
589
590
591
592
593
594
595
596
597
598
599
600
601
602
603
604
605
606
607
609
610
611
612
613
614
615
616
617
618
619
621
622
623
624
625
626
627
628
629
630
631
632
633
634
635
636
637
638
639
640
641
642
643
644
645
646
647
648
649
650
651
652
653
654
655
656
657
658
659
660
661
662
663
664
665
666
667
668
669
670
671
672
673
674
675
676
677
678
679
680
681
682
683
684
685
686
687
688
689
690
691
692
693
694
695
696
697
698
699
700
701
702
703
704
705
706
707
708
709
710
711
712
713
714
715
716
717
718
719
720
721
722
723
724
725
726
727
728
729
730
731
732
733
734
735
736
737
738
739
740
741
742
743
744
745
746
747
748
749
750
751
752
753
754
756
757
758
759
760
761
762
763
764
765
767
768
769
770
771
772
773
774
775
776
777
778
779
780
781
782
783
784
785
786
787
788
789
790
791
792
793
794
795
796
797
798
799
800
801
802
803
804
805
806
807
808
809
810
811
812
813
814
815
816
817
818
819
820
821
822
823
824
825
826
827
828
829
830
831
832
833
834
835
836
837
838
839
840
841
842
843
844
845
846
847
848
849
850
851
852
853
854
855
856
857
858
859
860
861
862
863
864
865
866
867
868
869
870
871
872
873
874
875
876
877
878
879
880
881
882
883
884
885
886
887
888
889
890
891
892
893
894
895
896
897
898
899
900
901
902
903
904
905
906
907
908
909
910
911
912
913
914
915
916
917
918
919
920
921
922
923
924
925
926
927
928
929
930
931
932
933
934
935
936
937
938
939
940
941
942
943
944
945
946
947
948
949
950
951
952
953
954
955
956
957
958
960
961
962
963
964
965
966
967
968
969
970
971
972
973
974
975
976
977
978
979
980
981
982
983
984
985
986
987
988
989
990
991
992
993
994
995
996
997
998
999
1000
1001
1002
1003
1004
0 929 1
0 705 1
0 333 1
0 178 7
0 502 1
0 55 1
2 528 1
2 316 2
2 867 1
2 700 4
2 790 2
4 304 1
4 135 4
5 506 1
5 107 1
5 29 1
5 175 1
6 506 1
6 178 7
6 333 1
8 544 1
11 619 1
11 316 1
11 662 1
13 996 1
13 738 1
13 516 1
13 850 1
13 654 1
14 738 1
14 1001 4
14 850 1
14 506 1
14 924 2
14 702 1
15 680 8
15 584 1
15 422 2
15 471 1
16 832 2
24 160 1
24 838 1
24 813 1
24 530 1
24 280 2
24 891 1
25 73 1
25 558 1
25 319 1
26 40 1
28 987 7
29 899 1
29 553 1
29 107 3
29 506 2
29 381 1
30 648 1
30 790 6
30 765 3
30 126 1
30 942 2
31 316 1
32 280 1
32 428 2
32 178 1
32 316 2
32 197 1
35 424 1
35 280 1
35 978 3
35 207 1
38 337 1
38 309 2
39 923 2
40 568 1
40 712 1
40 940 1
40 415 1
41 48 1
41 73 4
41 723 2
41 758 1
41 319 1
42 649 1
42 310 1
45 66 2
45 316 1
46 622 2
46 919 1
48 1000 1
48 684 1
48 558 1
48 319 1
50 634 1
50 559 1
52 868 1
52 356 1
52 790 1
52 126 1
53 193 2
53 454 2
53 518 2
53 807 1
53 633 3
53 923 2
54 82 1
54 155 1
55 129 1
55 130 1
55 236 1
55 579 1
55 404 1
55 409 1
55 410 1
55 289 1
55 169 1
55 688 1
55 195 1
55 201 1
55 716 1
55 78 1
55 977 1
55 595 1
55 718 1
55 1004 1
55 372 1
55 249 1
55 767 2
56 482 1
56 987 7
58 338 1
58 909 6
60 695 1
61 517 2
61 135 6
61 502 1
61 718 2
61 854 1
61 663 2
62 800 5
62 962 1
62 485 6
62 646 4
62 551 1
62 369 1
62 214 1
62 535 1
62 542 2
62 895 1
66 260 1
66 316 1
67 963 4
67 165 2
67 846 9
67 207 1
67 344 1
67 190 1
68 987 7
69 402 2
69 879 3
70 193 1
70 940 1
70 334 1
70 534 1
70 415 1
72 316 3
73 577 1
73 1000 2
73 618 1
73 723 3
74 256 1
74 294 4
74 782 2
75 544 2
75 546 1
75 147 3
75 135 3
75 107 2
75 940 1
75 333 2
75 718 1
75 499 2
75 807 1
75 850 2
75 915 1
75 948 1
75 120 1
75 772 2
75 220 2
75 190 1
75 415 1
77 168 4
77 356 1
77 949 1
77 439 1
78 929 1
78 599 1
78 333 1
78 178 7
78 506 1
82 628 1
82 870 3
82 135 4
83 400 1
83 771 1
83 870 1
87 160 1
90 807 1
90 201 1
90 107 4
90 236 3
90 205 3
90 173 1
90 850 1
90 923 3
90 381 2
91 716 1
91 499 2
91 580 1
91 566 1
95 987 7
96 388 2
96 420 7
98 707 19
98 454 14
98 134 19
98 713 23
98 107 21
98 268 19
98 429 12
98 1003 1
98 401 15
98 117 19
98 278 18
99 929 3
99 178 8
99 333 1
99 599 1
101 127 1
101 149 1
101 246 1
101 423 2
102 705 1
103 832 1
103 164 2
103 343 1
105 418 3
105 482 1
105 582 2
107 192 1
107 898 1
107 899 1
107 772 1
107 1004 1
107 643 1
107 664 1
107 537 1
107 175 1
107 208 1
107 670 1
107 415 2
107 393 1
107 289 1
107 553 3
107 810 1
107 940 1
107 688 1
107 713 1
107 320 1
107 201 4
107 334 2
107 335 1
107 464 1
107 468 1
107 985 1
107 737 1
107 235 1
107 236 2
107 118 1
107 120 2
107 980 1
107 890 2
107 381 1
111 746 1
112 392 1
112 1000 1
112 948 1
112 517 1
113 250 1
114 275 1
118 178 1
118 502 4
119 812 2
120 772 3
120 912 2
120 530 3
120 280 2
120 923 5
120 416 1
120 290 1
120 454 2
120 807 2
120 435 1
120 948 2
120 823 2
120 443 1
120 189 1
120 190 1
120 707 5
120 196 4
120 198 3
120 865 2
120 977 2
120 609 1
120 997 2
120 893 2
120 752 3
120 629 3
120 253 1
122 428 1
122 883 1
122 924 2
122 915 3
122 857 1
125 622 9
126 416 1
126 356 1
126 166 2
126 294 7
126 743 1
126 812 1
126 974 5
126 435 1
126 790 24
126 700 3
126 573 3
127 940 1
127 415 1
130 502 1
133 648 1
133 416 2
133 602 2
133 294 2
134 147 2
134 923 1
134 807 1
135 692 1
135 450 1
135 292 4
135 581 13
135 870 8
135 170 4
135 813 2
135 942 4
135 371 10
135 628 8
135 855 1
135 923 2
135 830 3
135 471 1
136 316 2
136 341 1
137 936 1
141 978 2
141 421 1
142 920 1
142 280 1
142 267 1
142 316 2
143 544 1
143 580 1
147 277 3
147 285 2
147 926 3
147 415 1
147 416 2
147 546 2
147 931 2
147 933 6
147 171 5
147 940 1
147 686 2
147 565 2
147 577 8
147 715 2
147 972 2
147 590 2
147 720 1
147 347 2
147 355 2
147 748 2
150 617 1
150 471 1
150 191 1
151 923 2
153 977 2
153 418 3
153 411 1
153 996 1
155 771 1
157 577 1
157 355 1
157 740 2
157 933 1
157 923 1
157 590 1
157 277 1
157 347 2
157 926 1
159 923 3
159 214 11
159 807 1
160 288 1
160 750 1
160 484 1
160 561 1
160 360 1
160 631 1
160 526 1
160 280 2
160 530 2
160 915 1
160 846 2
160 630 1
160 858 1
160 891 1
160 629 1
163 369 1
163 518 2
164 402 1
164 943 1
164 879 1
165 200 1
165 428 1
165 207 1
165 401 10
165 857 2
165 316 5
166 416 2
166 294 1
166 743 2
166 782 2
166 883 2
166 854 2
167 424 1
167 978 3
167 915 1
167 630 1
167 207 2
168 416 2
168 356 17
168 232 2
168 425 4
168 266 5
168 912 30
168 648 3
168 948 1
168 949 3
168 790 12
168 439 9
168 472 10
168 260 2
168 316 1
168 575 1
169 595 1
169 951 1
170 936 1
170 771 1
171 577 1
173 738 1
173 654 1
173 657 1
173 850 1
173 186 1
175 275 2
176 704 1
178 409 7
178 538 7
178 669 1
178 415 2
178 929 8
178 862 27
178 295 5
178 940 1
178 693 7
178 569 7
178 314 7
178 700 1
178 710 7
178 333 8
178 976 7
178 339 7
178 724 1
178 470 7
178 599 8
178 605 17
178 990 6
178 991 5
178 228 7
178 502 13
178 249 7
178 767 7
180 990 1
181 189 2
181 190 4
182 654 1
184 832 1
184 754 1
184 595 1
185 720 4
185 568 3
185 499 1
186 325 1
186 975 1
186 528 1
186 783 1
186 671 1
188 424 1
188 280 1
188 978 3
188 207 1
189 365 1
189 718 2
189 724 1
189 377 2
190 353 4
190 940 1
190 656 4
190 274 4
190 373 4
190 415 1
191 617 1
191 752 5
191 692 1
191 923 1
191 220 3
192 381 3
193 707 2
193 807 1
193 633 2
193 923 4
193 703 4
194 316 2
196 807 1
197 923 2
199 738 1
199 644 4
199 850 1
199 654 1
200 428 1
200 915 4
200 952 1
200 883 1
200 316 3
205 316 2
206 622 7
207 547 1
207 421 1
207 424 4
207 428 2
207 301 1
207 293 1
207 241 1
207 978 2
207 469 2
207 857 1
207 953 1
207 954 2
207 795 4
207 957 1
207 990 2
207 373 4
214 290 3
214 707 2
214 807 1
214 586 1
214 235 1
214 334 1
214 367 1
214 912 1
214 771 1
214 798 2
214 535 2
214 984 1
214 923 2
214 316 2
216 558 1
216 319 1
220 334 1
223 343 4
223 334 1
223 879 1
225 951 2
228 929 1
228 693 3
228 605 1
228 333 1
229 696 15
229 657 1
231 874 2
231 987 8
231 245 1
232 425 3
232 912 3
232 305 1
232 949 1
232 790 2
232 439 5
232 472 5
232 700 1
233 692 2
235 890 1
235 923 4
235 538 1
236 834 1
236 716 1
236 671 1
239 280 2
239 923 2
239 807 1
241 280 1
245 840 1
245 874 2
245 987 7
245 540 2
246 377 1
246 423 3
248 696 23
248 841 2
248 530 2
248 891 8
248 334 1
249 929 1
249 716 3
249 333 1
249 883 1
249 506 1
250 913 1
250 513 1
250 770 1
250 356 2
250 886 4
250 646 1
250 551 1
250 518 3
250 535 1
250 332 2
250 471 1
250 662 2
250 369 2
250 722 1
250 854 1
250 823 1
250 444 1
250 542 1
250 485 1
251 987 7
255 577 1
256 416 1
257 940 1
257 415 1
260 648 1
260 949 1
266 949 1
266 790 5
267 577 3
267 517 1
267 362 1
267 658 1
267 948 2
270 738 1
270 923 2
270 654 1
272 662 1
275 849 3
277 546 1
277 935 1
277 746 1
277 813 1
277 720 1
277 668 1
278 923 1
278 940 1
278 415 1
280 647 1
280 656 1
280 920 1
280 530 7
280 915 2
280 281 1
280 421 1
280 422 1
280 391 1
280 685 2
280 561 2
280 658 1
280 953 1
280 445 1
280 846 1
280 288 1
280 547 1
280 526 2
280 990 1
280 293 1
280 484 1
280 360 2
280 493 1
280 750 1
280 851 1
280 629 3
280 630 1
280 631 2
280 891 1
284 680 2
284 731 3
285 577 1
288 484 4
288 773 3
288 391 6
288 846 5
288 530 1
288 629 3
290 589 1
293 547 1
293 716 1
293 724 2
293 568 1
293 697 1
294 416 1
294 974 1
294 782 8
294 790 2
299 388 1
299 509 1
301 656 1
301 978 2
301 630 1
302 316 1
306 720 1
306 771 3
310 343 1
311 987 7
312 333 1
314 929 2
316 392 8
316 940 2
316 787 1
316 678 1
316 428 1
316 776 1
316 415 2
316 696 1
316 953 1
316 543 3
316 651 2
316 971 2
316 397 4
316 952 2
316 978 3
316 344 2
316 857 4
316 990 2
316 868 2
316 997 1
316 872 1
316 915 3
316 892 2
316 963 1
317 771 3
319 386 1
319 458 1
319 723 2
319 956 1
321 704 2
321 618 2
321 499 7
321 844 1
322 343 1
322 334 2
322 534 5
322 879 1
323 906 1
323 603 1
323 622 1
327 897 1
327 738 1
327 644 1
327 745 1
327 650 1
327 654 1
327 849 1
327 702 4
327 1001 1
327 921 1
327 381 4
327 414 1
329 738 2
329 582 1
329 427 3
329 624 2
329 819 1
329 692 1
332 500 2
332 517 2
333 409 1
333 538 1
333 929 2
333 693 1
333 569 1
333 710 1
333 976 1
333 470 1
333 599 1
333 605 1
333 862 1
333 502 3
333 767 2
334 772 1
334 534 1
334 742 3
334 807 2
334 940 1
334 415 1
334 696 11
334 923 1
335 985 1
335 890 1
335 790 1
337 505 5
337 854 1
338 987 7
341 739 2
341 915 2
343 740 1
343 879 2
343 368 2
347 748 1
347 933 3
349 888 1
353 391 2
355 686 1
356 416 1
356 868 2
356 790 2
356 730 3
356 782 1
356 912 9
356 948 2
356 854 2
356 425 1
356 472 2
356 602 2
356 765 6
360 530 1
361 987 7
362 993 1
362 771 3
362 870 1
362 909 1
362 662 1
362 669 3
362 383 4
364 582 1
365 718 1
367 923 3
369 513 2
369 485 3
369 646 2
369 551 1
369 913 8
373 391 5
374 771 1
377 422 1
377 423 6
377 457 2
377 718 1
378 514 1
379 568 2
379 662 1
381 532 1
381 670 1
383 807 1
383 909 4
383 589 2
383 528 1
383 922 1
387 978 1
388 832 1
391 484 2
391 530 1
392 948 1
392 674 2
393 883 1
399 663 1
399 950 1
399 943 1
400 771 1
400 832 2
401 454 4
401 940 1
401 429 3
401 415 7
404 595 1
407 754 1
409 929 1
409 580 1
410 832 2
410 977 1
410 951 1
411 418 2
414 530 2
414 891 2
415 416 1
415 546 1
415 425 1
415 940 2
415 429 1
415 963 1
415 865 1
415 720 1
415 850 1
415 607 1
415 609 1
415 997 1
415 978 1
415 629 1
416 707 2
416 940 1
416 782 3
416 912 2
416 721 1
416 949 1
416 854 1
416 765 1
418 977 24
418 996 29
419 688 1
420 879 1
420 559 7
421 424 3
421 978 2
421 795 2
422 680 7
422 846 1
422 731 2
423 832 2
423 849 3
423 977 2
424 547 1
424 614 1
424 552 1
424 957 1
424 978 2
424 851 1
424 469 1
424 954 1
424 795 2
424 989 1
425 940 1
425 912 3
425 946 3
425 472 1
425 765 2
428 802 3
428 883 1
428 857 2
429 940 1
429 454 2
432 987 7
433 696 3
433 987 10
433 540 1
435 648 1
435 923 3
435 782 1
437 738 1
439 885 2
439 949 1
440 737 2
440 537 1
443 662 2
444 535 1
445 530 1
450 712 1
450 695 1
451 978 1
453 595 1
458 704 2
458 1000 1
458 956 3
458 558 2
460 638 1
465 812 1
465 956 1
466 662 1
469 978 4
469 630 1
471 840 1
471 807 1
472 885 1
472 949 1
476 923 2
479 904 1
480 987 7
482 987 7
484 750 1
484 530 1
484 630 4
485 646 1
485 692 1
485 895 1
493 530 1
499 833 1
499 618 1
499 558 2
499 607 3
500 542 1
500 814 7
500 687 1
502 929 1
502 605 1
502 693 1
502 538 3
502 862 1
506 738 1
506 644 2
506 1001 3
506 654 1
506 921 2
506 850 1
506 980 1
506 745 1
506 923 3
506 924 3
509 939 2
510 534 1
510 622 2
512 978 1
513 646 1
514 832 1
514 1001 1
514 780 1
514 977 2
514 950 2
516 738 1
516 850 1
516 532 1
516 654 1
517 803 1
517 746 2
517 718 1
517 915 1
517 948 1
517 565 2
517 854 1
517 952 2
518 646 1
518 854 8
518 535 2
518 895 4
522 746 1
526 530 1
527 720 3
527 870 4
527 710 14
528 923 1
528 685 2
530 658 1
530 915 1
530 685 1
530 561 1
530 838 2
530 846 1
530 750 1
530 629 1
530 630 1
530 631 1
530 891 8
531 987 7
532 738 1
532 1001 1
532 654 1
532 804 3
532 761 1
534 768 1
534 591 1
534 633 1
535 772 2
535 913 2
535 722 1
538 929 1
540 994 3
540 955 2
540 840 3
540 874 2
540 624 2
540 630 2
540 697 1
540 987 8
540 543 2
541 738 1
542 646 1
542 746 2
542 923 2
543 891 1
543 654 2
543 991 1
544 739 1
544 741 1
544 669 1
546 704 1
546 940 1
546 844 2
546 923 1
547 585 2
547 656 1
547 978 3
548 879 1
549 866 2
550 704 1
550 746 1
550 923 1
551 963 2
551 646 1
551 799 1
552 978 3
558 704 3
558 684 2
558 956 2
559 622 9
563 731 2
563 741 1
568 947 1
568 695 2
569 654 1
575 949 1
576 738 1
576 923 2
576 654 1
580 582 1
580 710 2
581 855 17
581 628 3
581 942 1
582 994 1
582 987 7
584 680 2
584 731 1
585 909 4
586 915 1
586 854 1
590 933 1
591 768 1
591 718 1
592 923 1
594 771 1
595 718 2
595 915 5
599 929 2
599 693 3
601 962 2
602 743 2
603 735 1
605 929 2
605 1001 2
605 685 4
605 789 1
605 670 1
605 693 1
607 617 1
607 940 1
607 696 15
607 923 1
609 707 3
609 807 2
609 940 1
609 923 2
611 644 1
614 978 3
614 772 2
617 923 3
622 676 10
626 771 1
629 940 1
629 654 1
630 685 6
630 920 2
630 891 3
633 707 2
633 807 1
633 654 1
633 923 2
634 638 1
641 987 7
644 738 3
646 895 1
648 912 2
648 949 1
648 790 2
648 765 1
649 832 2
650 738 1
650 850 1
650 654 1
654 896 1
654 901 1
654 783 2
654 657 1
654 921 1
654 923 1
654 924 1
654 909 2
654 682 5
654 945 1
654 828 1
654 837 1
654 719 1
654 850 2
654 979 1
654 858 1
654 991 1
654 738 3
654 749 1
656 920 1
657 738 1
657 850 1
659 771 1
662 915 1
668 720 4
668 746 8
668 813 6
668 935 3
671 696 3
671 995 1
672 844 2
674 948 1
680 707 5
680 880 1
680 731 4
682 738 2
684 1000 1
684 704 1
684 915 1
685 1001 2
686 935 1
687 746 1
687 923 1
692 738 1
692 746 1
693 929 1
696 834 3
696 935 2
696 775 3
697 936 1
697 925 1
698 987 7
700 812 3
700 790 3
700 895 1
702 738 1
703 771 2
704 743 7
707 880 1
707 951 3
707 923 5
710 832 1
710 929 2
713 1003 1
715 926 1
716 876 1
716 718 1
716 777 1
718 994 1
718 843 1
718 754 2
718 851 1
719 738 3
719 850 1
720 833 2
720 962 1
720 771 4
720 870 1
720 935 6
720 746 5
720 940 1
720 813 5
720 942 1
721 765 11
723 758 2
730 912 1
731 739 2
731 915 1
735 879 1
738 783 1
738 921 1
738 923 1
738 924 1
738 945 1
738 828 1
738 837 1
738 850 3
738 979 1
738 996 1
738 745 2
738 881 1
738 1001 1
738 761 1
739 746 1
739 915 2
740 788 1
740 879 1
742 813 1
742 935 1
743 854 2
745 837 1
746 935 18
746 813 14
751 948 1
752 946 1
752 762 1
758 956 5
758 918 1
764 840 1
764 994 3
764 987 7
764 874 2
765 936 3
765 942 2
765 790 3
765 868 1
767 929 3
771 835 1
771 901 1
771 870 1
771 863 1
772 870 1
772 923 9
774 947 74
775 854 1
780 977 1
783 1001 1
789 987 7
790 974 1
790 868 2
790 885 2
795 978 1
796 987 7
799 895 3
803 948 1
807 951 1
807 890 1
809 987 7
813 900 1
813 935 3
817 978 1
823 895 1
828 881 1
832 936 2
832 976 1
832 977 2
832 862 1
837 850 1
840 873 1
840 874 2
840 987 7
841 931 1
844 918 2
849 987 8
850 940 1
850 881 1
850 996 1
850 923 1
850 924 1
851 978 10
851 915 1
855 936 1
857 915 3
857 952 2
857 883 1
858 991 1
861 896 1
862 929 1
862 909 3
868 974 1
872 987 11
873 874 2
873 987 7
874 925 4
875 923 2
880 923 3
881 928 1
883 915 2
883 951 7
890 923 6
910 923 2
912 946 1
912 949 4
912 984 1
915 988 2
919 1000 1
923 951 4
925 987 7
936 942 1
940 978 1
950 977 1
954 978 3
955 962 1
955 987 9
957 978 2
974 984 1
977 1004 4
978 988 3
987 994 9
