0
1
2
3
4
5
6
7
8
9
10
11
12
13
14
15
16
17
18
19
20
21
22
23
24
25
26
27
28
29
30
31
32
33
34
35
36
37
38
39
40
41
42
43
44
45
46
47
48
49
50
51
52
53
54
55
56
57
58
59
60
61
62
63
64
65
66
67
68
69
70
71
72
73
74
75
76
77
78
79
80
81
82
83
84
85
86
87
88
89
90
91
92
93
94
95
96
97
98
99
100
101
102
103
104
105
106
107
108
109
110
111
112
113
114
115
116
117
118
119
120
121
122
123
124
125
126
127
128
129
130
131
132
133
134
135
136
137
138
139
141
142
143
144
145
146
147
148
149
150
151
152
153
154
155
157
158
159
160
161
162
163
164
165
166
167
168
169
170
171
172
173
174
175
176
177
178
179
180
181
182
183
184
185
186
187
188
189
190
191
192
193
194
195
196
197
198
199
200
201
202
203
204
205
206
207
208
209
210
211
212
213
214
215
216
217
218
219
220
221
222
223
224
225
226
227
228
229
230
231
232
233
235
236
237
238
239
240
241
242
243
244
245
246
247
248
249
250
251
252
253
254
255
256
257
259
260
262
263
264
265
266
267
268
269
270
271
272
273
274
275
276
277
278
279
280
281
282
283
284
285
286
287
288
289
290
291
292
293
294
295
296
297
299
300
301
302
303
304
305
306
307
308
309
310
311
312
313
314
315
316
317
318
319
320
321
322
323
324
325
326
327
328
329
330
331
332
333
334
335
336
337
338
339
340
341
343
344
345
346
347
348
349
350
351
352
353
355
356
357
358
359
360
361
362
364
365
366
367
368
369
370
371
372
373
374
375
376
377
378
379
380
381
382
383
384
385
386
387
388
389
390
391
392
393
394
395
396
397
398
399
400
401
402
403
404
405
406
407
408
409
410
411
412
413
414
415
416
418
419
420
421
422
423
424
425
426
427
428
429
430
431
432
433
434
435
436
437
438
439
440
441
442
443
444
445
446
447
448
449
450
451
452
453
454
455
456
457
458
459
460
461
462
464
465
466
467
468
469
470
471
472
473
474
475
476
477
478
479
480
481
482
483
484
485
486
487
488
489
490
491
492
493
495
496
497
498
499
500
501
502
503
504
505
506
507
508
509
510
511
512
513
514
515
516
517
518
519
520
521
522
523
524
525
526
527
528
530
531
532
533
534
535
536
537
538
539
540
541
542
543
544
545
546
547
548
549
550
551
552
553
554
556
557
558
559
560
561
562
563
564
565
566
567
568
569
570
571
572
573
574
575
576
577
578
579
580
581
582
583
584
585
586
587
588
589
590
591
592
593
594
595
596
597
598
599
600
601
602
603
604
605
606
607
609
610
611
612
613
614
615
616
617
618
619
621
622
623
624
625
626
627
628
629
630
631
632
633
634
635
636
637
638
639
640
641
642
643
644
645
646
647
648
649
650
651
652
653
654
655
656
657
658
659
660
661
662
663
664
665
666
667
668
669
670
671
672
673
674
675
676
677
678
679
680
681
682
683
684
685
686
687
688
689
690
691
692
693
694
695
696
697
698
699
700
701
702
703
704
705
706
707
708
709
710
711
712
713
714
715
716
717
718
719
720
721
722
723
724
725
726
727
728
729
730
731
732
733
734
735
736
737
738
739
740
741
742
743
744
745
746
747
748
749
750
751
752
753
754
756
757
758
759
760
761
762
763
764
765
767
768
769
770
771
772
773
774
775
776
777
778
779
780
781
782
783
784
785
786
787
788
789
790
791
792
793
794
795
796
797
798
799
800
801
802
803
804
805
806
807
808
809
810
811
812
813
814
815
816
817
818
819
820
821
822
823
824
825
826
827
828
829
830
831
832
833
834
835
836
837
838
839
840
841
842
843
844
845
846
847
848
849
850
851
852
853
854
855
856
857
858
859
860
861
862
863
864
865
866
867
868
869
870
871
872
873
874
875
876
877
878
879
880
881
882
883
884
885
886
887
888
889
890
891
892
893
894
895
896
897
898
899
900
901
902
903
904
905
906
907
908
909
910
911
912
913
914
915
916
917
918
919
920
921
922
923
924
925
926
927
928
929
930
931
932
933
934
935
936
937
938
939
940
941
942
943
944
945
946
947
948
949
950
951
952
953
954
955
956
957
958
960
961
962
963
964
965
966
967
968
969
970
971
972
973
974
975
976
977
978
979
980
981
982
983
984
985
986
987
988
989
990
991
992
993
994
995
996
997
998
999
1000
1001
1002
1003
1004
0 569 1
2 75 2
2 812 2
2 790 2
4 135 3
5 670 2
5 175 2
6 569 1
13 738 1
13 719 2
15 680 1
24 160 1
24 629 1
24 631 1
25 48 2
25 458 1
29 670 1
30 313 2
31 569 1
31 428 1
31 165 2
32 572 1
35 978 2
35 207 1
38 832 1
38 638 2
38 159 1
40 712 5
40 159 2
41 704 1
48 458 1
48 684 3
52 168 1
53 61 1
58 818 1
58 586 2
61 388 1
61 718 2
61 343 1
62 513 1
62 485 2
62 646 1
62 551 1
62 369 1
62 854 1
62 542 2
65 280 2
65 220 1
65 687 1
67 963 1
77 260 10
77 294 1
77 168 13
77 556 1
77 912 1
77 439 1
78 569 1
82 135 4
90 660 2
90 742 1
92 142 1
96 832 3
96 420 1
96 299 1
96 788 1
96 634 1
96 509 1
96 638 1
98 713 3
101 246 2
101 423 3
102 174 1
103 950 1
105 418 8
105 582 2
106 1001 4
106 788 1
107 664 1
112 631 1
120 854 2
122 693 2
125 174 1
126 232 2
132 842 5
133 168 1
135 581 5
135 870 4
135 936 2
135 371 3
135 628 4
135 248 1
135 292 1
136 915 1
136 428 1
136 159 1
139 174 1
141 978 2
141 851 2
141 614 1
142 953 1
142 267 5
142 207 2
147 577 1
157 462 1
157 517 1
157 718 3
159 833 1
159 450 4
159 517 5
159 290 1
159 712 7
159 306 1
159 307 1
159 500 1
159 214 2
159 923 2
159 915 1
160 586 2
160 629 1
165 401 1
166 586 3
166 517 2
166 743 1
167 978 3
167 862 2
167 207 1
168 260 19
168 966 1
168 232 2
168 557 1
168 912 13
168 439 2
168 472 4
168 356 1
168 868 4
168 607 1
170 264 1
170 697 2
171 933 4
173 541 1
174 548 1
174 879 1
174 510 1
175 849 10
175 275 2
175 1004 3
175 423 1
180 727 2
185 833 1
187 466 1
188 569 1
188 978 2
188 207 1
189 569 1
190 920 1
193 550 1
193 776 1
193 617 1
193 714 9
193 890 1
193 923 2
193 700 1
194 306 1
196 586 2
197 923 1
199 644 2
199 506 2
199 996 1
200 267 1
200 971 2
202 629 1
207 547 1
207 421 1
207 424 1
207 241 1
207 301 1
207 817 1
207 978 1
207 851 1
207 469 1
207 954 1
207 795 3
207 957 3
214 290 1
214 712 2
214 272 1
214 923 1
214 765 1
223 462 1
228 569 1
228 605 1
232 575 1
236 1004 1
239 951 1
246 377 1
246 724 3
246 423 2
248 718 1
248 462 1
248 550 1
249 569 3
249 862 1
250 332 2
256 648 1
256 356 1
260 912 5
260 575 1
264 692 1
264 586 2
264 469 1
264 749 3
267 891 1
267 630 3
272 900 2
275 849 7
280 629 1
281 569 1
281 631 1
284 731 1
291 401 2
292 581 1
293 569 1
295 569 1
299 788 1
301 978 2
301 493 3
303 509 1
311 697 2
316 915 1
321 618 1
322 388 5
322 879 2
324 638 1
326 587 1
327 381 1
331 418 1
332 500 1
333 569 1
334 546 1
334 586 1
334 462 1
343 663 1
347 933 2
353 891 1
356 868 1
356 517 1
356 586 2
356 684 1
356 912 1
356 472 1
360 569 2
360 629 3
362 528 1
362 602 1
362 909 1
364 582 1
369 770 1
381 643 2
382 702 1
383 586 2
398 712 1
401 429 13
401 454 2
401 415 2
407 843 1
409 569 1
415 833 1
415 612 1
415 435 2
415 630 2
415 504 1
415 987 3
416 586 2
418 977 3
421 978 2
421 795 1
422 569 1
424 978 2
424 795 3
427 955 1
428 915 3
428 953 1
428 569 5
428 862 2
435 500 1
437 516 1
438 818 1
440 737 1
443 742 4
443 662 2
446 764 1
449 462 1
450 712 6
450 718 1
450 462 1
458 844 1
462 783 1
462 517 1
462 742 1
462 833 1
462 718 1
462 687 1
462 851 1
462 692 1
462 670 1
462 591 1
462 923 1
462 542 1
469 978 2
469 630 4
470 569 1
470 789 2
472 743 1
479 586 2
482 531 2
491 569 1
493 629 1
497 977 2
497 773 1
499 684 1
499 565 1
500 923 1
500 782 4
502 569 3
506 644 5
506 996 3
506 921 1
509 780 1
512 978 2
516 790 2
517 586 3
517 765 2
517 565 1
517 854 2
517 602 1
517 542 1
526 629 1
530 629 6
530 718 1
531 641 1
531 987 2
535 542 1
538 569 1
540 697 2
540 955 1
540 987 1
541 881 1
541 586 2
541 923 1
546 550 1
546 607 1
547 978 2
552 978 2
561 629 1
561 846 2
561 631 1
569 685 1
569 693 3
569 953 1
569 580 1
569 710 1
569 976 1
569 977 1
569 599 1
569 605 1
569 862 5
569 991 1
569 631 1
573 586 2
573 868 2
577 926 1
581 936 1
585 909 1
586 648 1
586 602 1
586 718 3
586 762 2
586 687 1
586 868 2
587 720 3
591 851 1
592 713 1
592 927 1
607 927 1
612 633 2
614 978 2
617 833 2
629 658 1
629 685 1
629 915 2
629 846 1
629 630 1
629 631 1
629 891 6
629 894 1
630 685 4
634 788 2
643 685 5
644 752 2
644 1001 2
644 977 1
649 663 1
657 921 1
672 844 1
682 738 1
686 872 1
687 776 1
692 830 1
697 925 2
697 855 1
700 790 1
702 842 5
704 723 3
707 880 1
708 718 1
715 926 1
718 916 1
719 738 1
719 783 1
720 833 1
737 849 6
740 788 1
742 769 2
742 900 2
758 844 1
761 969 3
762 868 1
769 830 1
773 955 1
774 947 8
776 935 1
783 921 1
790 956 1
790 812 3
795 978 1
817 978 2
828 1001 2
843 907 1
850 1001 1
851 978 2
854 923 1
861 896 1
915 951 1
954 978 2
955 987 1
957 978 2
969 977 1
977 1001 5
977 1004 1
978 988 2
