0
1
2
3
4
5
6
7
8
9
10
11
12
13
14
15
16
17
18
19
20
21
22
23
24
25
26
27
28
29
30
31
32
33
34
35
36
37
38
39
40
41
42
43
44
45
46
47
48
49
50
51
52
53
54
55
56
57
58
59
60
61
62
63
64
65
66
67
68
69
70
71
72
73
74
75
76
77
78
79
80
81
82
83
84
85
86
87
88
89
90
91
92
93
94
95
96
97
98
99
100
101
102
103
104
105
106
107
108
109
110
111
112
113
114
115
116
117
118
119
120
121
122
123
124
125
126
127
128
129
130
131
132
133
134
135
136
137
138
139
141
142
143
144
145
146
147
148
149
150
151
152
153
154
155
157
158
159
160
161
162
163
164
165
166
167
168
169
170
171
172
173
174
175
176
177
178
179
180
181
182
183
184
185
186
187
188
189
190
191
192
193
194
195
196
197
198
199
200
201
202
203
204
205
206
207
208
209
210
211
212
213
214
215
216
217
218
219
220
221
222
223
224
225
226
227
228
229
230
231
232
233
235
236
237
238
239
240
241
242
243
244
245
246
247
248
249
250
251
252
253
254
255
256
257
259
260
262
263
264
265
266
267
268
269
270
271
272
273
274
275
276
277
278
279
280
281
282
283
284
285
286
287
288
289
290
291
292
293
294
295
296
297
299
300
301
302
303
304
305
306
307
308
309
310
311
312
313
314
315
316
317
318
319
320
321
322
323
324
325
326
327
328
329
330
331
332
333
334
335
336
337
338
339
340
341
343
344
345
346
347
348
349
350
351
352
353
355
356
357
358
359
360
361
362
364
365
366
367
368
369
370
371
372
373
374
375
376
377
378
379
380
381
382
383
384
385
386
387
388
389
390
391
392
393
394
395
396
397
398
399
400
401
402
403
404
405
406
407
408
409
410
411
412
413
414
415
416
418
419
420
421
422
423
424
425
426
427
428
429
430
431
432
433
434
435
436
437
438
439
440
441
442
443
444
445
446
447
448
449
450
451
452
453
454
455
456
457
458
459
460
461
462
464
465
466
467
468
469
470
471
472
473
474
475
476
477
478
479
480
481
482
483
484
485
486
487
488
489
490
491
492
493
495
496
497
498
499
500
501
502
503
504
505
506
507
508
509
510
511
512
513
514
515
516
517
518
519
520
521
522
523
524
525
526
527
528
530
531
532
533
534
535
536
537
538
539
540
541
542
543
544
545
546
547
548
549
550
551
552
553
554
556
557
558
559
560
561
562
563
564
565
566
567
568
569
570
571
572
573
574
575
576
577
578
579
580
581
582
583
584
585
586
587
588
589
590
591
592
593
594
595
596
597
598
599
600
601
602
603
604
605
606
607
609
610
611
612
613
614
615
616
617
618
619
621
622
623
624
625
626
627
628
629
630
631
632
633
634
635
636
637
638
639
640
641
642
643
644
645
646
647
648
649
650
651
652
653
654
655
656
657
658
659
660
661
662
663
664
665
666
667
668
669
670
671
672
673
674
675
676
677
678
679
680
681
682
683
684
685
686
687
688
689
690
691
692
693
694
695
696
697
698
699
700
701
702
703
704
705
706
707
708
709
710
711
712
713
714
715
716
717
718
719
720
721
722
723
724
725
726
727
728
729
730
731
732
733
734
735
736
737
738
739
740
741
742
743
744
745
746
747
748
749
750
751
752
753
754
756
757
758
759
760
761
762
763
764
765
767
768
769
770
771
772
773
774
775
776
777
778
779
780
781
782
783
784
785
786
787
788
789
790
791
792
793
794
795
796
797
798
799
800
801
802
803
804
805
806
807
808
809
810
811
812
813
814
815
816
817
818
819
820
821
822
823
824
825
826
827
828
829
830
831
832
833
834
835
836
837
838
839
840
841
842
843
844
845
846
847
848
849
850
851
852
853
854
855
856
857
858
859
860
861
862
863
864
865
866
867
868
869
870
871
872
873
874
875
876
877
878
879
880
881
882
883
884
885
886
887
888
889
890
891
892
893
894
895
896
897
898
899
900
901
902
903
904
905
906
907
908
909
910
911
912
913
914
915
916
917
918
919
920
921
922
923
924
925
926
927
928
929
930
931
932
933
934
935
936
937
938
939
940
941
942
943
944
945
946
947
948
949
950
951
952
953
954
955
956
957
958
960
961
962
963
964
965
966
967
968
969
970
971
972
973
974
975
976
977
978
979
980
981
982
983
984
985
986
987
988
989
990
991
992
993
994
995
996
997
998
999
1000
1001
1002
1003
1004
0 605 1
0 6 1
0 333 1
2 322 2
2 231 2
2 334 1
2 52 2
2 790 2
2 700 1
4 304 1
4 135 1
5 491 2
5 335 2
6 333 1
8 90 2
13 738 1
13 516 1
13 173 1
13 837 1
14 738 1
14 506 1
14 924 4
14 381 1
15 680 1
15 422 1
16 393 1
16 843 1
16 246 1
17 428 1
24 280 2
24 530 2
24 891 1
24 629 2
28 987 4
29 808 2
29 491 2
30 868 1
31 428 3
31 165 5
31 990 1
32 280 2
32 921 1
32 696 1
32 791 2
35 280 2
35 469 1
38 832 2
38 322 1
38 939 1
38 309 1
38 474 1
38 61 2
40 712 1
40 450 1
40 662 1
40 214 2
41 73 1
41 723 1
41 565 1
45 227 3
46 310 4
48 956 2
48 319 2
52 868 1
52 232 1
52 949 1
52 790 1
52 126 2
53 193 3
53 923 5
53 940 2
53 813 3
56 977 4
56 482 2
56 987 4
56 540 1
56 951 2
58 692 1
58 909 2
61 388 1
61 517 3
61 742 5
61 883 3
61 105 1
61 332 1
61 718 7
61 915 1
61 782 1
61 502 1
61 696 9
61 89 18
61 607 1
61 479 2
64 139 1
66 227 5
67 963 10
67 165 4
67 391 1
67 846 1
67 207 2
67 561 2
67 344 2
68 987 4
70 120 1
70 324 1
70 607 2
71 318 1
74 674 1
74 294 5
74 232 1
74 112 9
74 313 2
74 447 2
75 193 2
75 740 1
75 334 1
75 879 3
75 178 4
75 220 1
77 912 1
77 168 2
78 409 1
78 333 1
82 135 1
86 152 1
86 443 2
89 718 2
89 517 2
90 609 2
90 866 1
90 197 1
90 742 3
90 193 1
90 425 1
90 236 2
90 850 1
90 915 10
90 439 4
90 472 1
90 428 2
90 316 1
90 190 1
92 200 1
92 280 2
92 428 1
95 987 4
96 420 1
98 707 3
98 454 1
98 134 3
98 713 3
98 107 3
98 268 3
98 429 2
98 592 8
98 401 3
98 291 1
98 117 3
101 866 1
101 246 1
101 423 2
102 139 1
103 223 1
103 950 2
103 310 1
103 943 4
104 425 13
104 948 1
104 126 3
104 721 3
105 987 3
105 135 3
106 740 5
107 201 1
107 468 1
107 335 1
111 586 2
111 762 1
112 674 1
112 517 2
112 166 2
112 952 3
112 383 1
113 535 2
118 502 2
120 865 1
120 772 3
120 997 1
120 775 1
120 178 1
120 948 4
120 629 1
120 534 1
120 660 1
120 923 4
122 428 1
125 139 1
126 416 1
126 586 4
126 790 6
126 984 2
127 772 1
127 607 1
133 602 5
134 592 2
135 450 1
135 581 12
135 870 8
135 170 1
135 371 8
135 742 1
135 530 1
135 851 2
135 628 3
135 405 6
135 233 4
135 443 1
135 915 1
136 200 2
136 280 3
136 915 2
136 428 1
137 936 2
138 383 1
139 323 1
139 676 1
139 487 1
139 939 1
139 206 1
139 622 1
139 534 1
139 601 1
139 154 1
139 477 1
139 510 1
141 512 2
141 530 3
141 421 1
141 214 1
142 428 1
142 207 2
142 978 1
142 915 4
142 280 2
142 857 2
143 696 1
147 235 1
147 277 1
147 926 1
149 372 1
149 866 3
149 716 2
149 246 1
151 609 1
151 923 2
152 443 3
153 977 1
157 740 1
157 517 1
157 718 1
159 865 1
159 290 1
159 233 2
159 940 1
159 334 2
159 724 1
160 280 2
160 772 1
160 629 2
165 428 2
165 401 5
165 915 2
165 344 2
165 316 7
166 516 1
166 517 1
166 743 5
166 586 2
166 948 2
166 759 2
166 383 2
167 207 2
167 978 2
167 469 1
167 280 2
167 954 1
167 988 2
168 868 3
168 966 4
168 232 2
168 425 12
168 362 1
168 812 2
168 356 2
168 912 17
168 949 42
168 790 7
168 439 8
168 472 7
168 260 10
168 266 20
168 575 1
169 372 1
170 581 2
170 855 1
171 715 1
173 738 1
175 849 8
175 275 5
175 246 1
175 423 1
178 228 1
178 214 1
178 657 3
178 502 14
178 772 1
178 250 4
178 605 2
178 862 1
180 727 2
184 843 1
184 246 1
187 695 2
188 772 2
188 614 1
188 362 3
188 530 1
188 978 2
188 469 1
188 502 1
188 280 2
188 629 1
189 772 1
189 200 1
189 428 1
189 977 1
189 530 1
189 595 1
189 502 1
189 410 1
189 731 1
189 381 1
189 607 1
190 920 2
190 656 1
190 772 2
190 978 1
191 752 3
192 381 2
193 609 2
193 272 1
193 595 3
193 500 1
193 662 1
193 633 1
195 595 1
197 923 2
199 1001 1
199 738 1
199 644 5
199 541 1
200 517 1
200 935 1
200 428 1
200 915 1
200 952 2
207 424 5
207 558 1
207 561 1
207 469 3
207 280 2
207 954 1
207 795 2
207 988 1
208 537 1
214 515 1
214 776 1
214 912 1
214 530 1
214 531 1
214 920 1
214 923 3
214 416 2
214 290 4
214 940 3
214 692 1
214 569 1
214 316 1
214 544 1
214 963 1
214 324 1
214 458 1
214 334 3
214 720 1
214 220 1
214 865 1
214 738 1
214 356 1
214 742 1
214 746 1
214 371 1
214 629 1
216 321 1
216 618 1
216 458 1
216 319 1
220 334 1
220 383 1
225 977 1
225 246 1
228 710 1
228 585 2
228 333 1
228 599 1
228 605 1
229 568 1
229 273 3
229 523 3
229 790 3
229 607 2
231 923 3
231 873 2
231 874 2
231 334 1
231 624 1
231 245 1
231 987 4
231 830 2
231 607 1
232 517 1
232 425 3
232 687 1
232 949 3
232 472 8
232 313 2
232 607 3
236 537 8
236 532 3
239 742 6
239 528 2
239 629 1
239 502 2
239 951 2
239 857 5
239 923 1
241 280 2
241 469 1
245 624 1
245 874 2
245 987 4
245 830 2
246 866 1
246 779 2
246 423 3
246 711 1
246 716 2
246 718 1
246 849 1
246 275 1
246 883 1
246 293 1
248 909 1
249 409 1
249 595 1
249 605 1
249 333 1
250 948 1
250 332 4
250 886 1
251 987 4
260 912 2
260 439 1
262 289 1
262 810 1
264 329 1
264 581 1
267 952 1
267 586 5
267 435 8
268 633 1
270 738 1
273 855 1
273 581 2
273 951 3
274 280 2
275 849 4
278 776 1
278 923 1
280 388 1
280 647 2
280 493 2
280 656 2
280 915 2
280 408 2
280 772 1
280 547 4
280 421 2
280 422 2
280 424 2
280 561 2
280 301 2
280 817 2
280 658 2
280 953 2
280 954 2
280 846 4
280 978 1
280 851 2
280 526 2
280 990 2
280 293 2
280 360 2
280 530 2
280 920 2
280 595 1
280 629 4
280 502 1
280 631 2
280 469 2
281 905 1
282 939 1
282 509 2
284 680 1
288 484 10
288 773 10
288 838 1
288 391 9
288 493 10
288 846 10
288 561 9
288 629 11
288 630 2
288 445 9
290 614 1
291 609 1
291 429 2
291 401 2
292 506 1
293 605 1
293 862 1
294 416 4
294 817 2
294 885 1
294 313 2
294 447 1
301 851 1
301 988 1
301 469 1
302 428 2
305 425 1
306 784 1
306 742 1
310 586 3
310 943 4
311 987 4
312 333 1
314 605 1
316 483 1
316 838 1
316 428 6
316 915 7
316 629 2
316 857 1
316 890 1
317 951 1
319 458 1
319 956 1
319 558 1
320 843 2
322 388 2
322 879 1
327 738 1
327 381 2
332 586 1
332 500 9
333 502 1
333 710 1
333 743 2
333 599 1
333 569 1
333 693 1
333 470 1
333 409 1
333 538 1
333 605 3
333 862 2
333 767 1
334 772 1
334 776 2
334 586 1
334 534 3
334 388 1
334 607 4
335 810 1
335 700 1
337 649 3
337 534 1
337 505 2
338 987 4
338 540 1
343 879 1
344 952 2
344 428 1
349 428 1
353 891 1
356 868 4
356 517 1
356 586 1
356 912 4
360 629 1
360 526 4
361 987 4
362 952 2
362 383 7
372 595 1
372 404 1
377 866 1
377 423 3
377 457 2
377 716 4
377 630 1
377 696 1
379 568 1
379 443 2
381 532 2
383 720 2
383 586 5
383 850 2
385 867 1
388 843 1
388 879 1
388 534 2
388 638 1
401 454 2
401 429 6
401 415 3
402 649 1
402 788 1
402 534 1
404 595 4
407 843 1
409 977 1
409 599 1
410 977 2
410 719 3
414 891 1
415 429 3
415 833 1
416 868 1
416 586 3
416 782 1
416 948 1
416 885 1
416 472 1
420 559 1
421 424 3
421 795 2
421 469 1
422 527 1
422 731 1
423 866 1
423 849 2
424 795 3
424 469 1
425 721 2
425 946 8
425 472 4
426 462 1
427 955 1
428 647 1
428 915 2
428 543 1
428 952 1
428 953 1
428 971 1
428 857 3
428 990 3
429 454 2
432 987 4
432 468 1
433 987 8
433 540 2
435 586 7
437 738 1
439 912 1
439 949 4
443 450 2
443 851 3
443 731 1
443 743 1
443 775 1
443 530 2
443 915 2
443 662 4
443 920 1
443 602 1
444 535 4
447 984 1
447 586 1
447 885 1
450 731 1
450 678 1
450 530 2
450 851 3
450 920 1
450 915 2
454 592 1
454 609 1
458 684 2
458 844 3
461 763 1
462 833 1
464 980 2
469 978 1
469 547 1
469 614 1
469 817 1
469 530 2
469 954 1
469 795 1
469 957 1
470 605 1
472 517 1
472 687 1
472 912 1
472 949 1
472 535 1
472 607 2
474 939 1
480 987 4
482 987 4
483 607 3
485 542 1
491 497 1
493 629 1
500 782 1
500 542 2
500 814 3
502 978 1
502 772 2
502 710 1
502 718 2
502 976 2
502 595 1
502 923 2
502 605 1
502 862 2
506 738 1
506 644 2
506 1001 1
506 924 3
510 939 1
514 832 1
514 950 2
516 738 1
516 804 4
516 743 5
516 924 1
516 881 1
516 828 1
517 674 1
517 803 2
517 586 2
517 765 1
517 952 2
517 948 2
517 565 1
517 854 1
517 602 1
517 542 1
517 607 2
526 629 2
527 720 1
528 763 2
530 772 2
530 630 1
530 915 6
530 629 5
530 920 1
530 851 3
530 731 1
531 987 4
532 738 1
534 843 1
534 607 1
538 880 1
540 641 2
540 994 9
540 987 5
540 874 2
540 587 1
540 630 3
540 697 1
540 955 5
541 738 1
541 923 2
541 719 2
541 951 3
543 952 1
543 991 2
546 595 3
546 844 2
546 550 3
547 851 1
550 595 3
550 743 2
558 956 1
561 846 1
561 629 1
563 696 1
565 844 1
568 947 1
569 605 2
573 586 1
575 912 1
576 738 1
581 951 1
582 994 2
582 987 4
586 743 1
586 782 4
586 948 3
586 984 2
586 868 5
587 720 2
591 843 1
591 607 1
592 609 2
592 948 2
595 739 2
595 790 2
595 696 3
599 710 1
599 693 1
599 605 3
600 956 1
602 765 1
602 743 3
605 710 1
605 1001 1
605 685 2
605 693 1
605 700 1
605 862 1
607 712 4
607 687 3
607 724 1
607 718 1
607 692 1
609 854 2
609 633 1
609 890 1
609 923 1
614 772 1
614 629 6
617 923 1
624 840 1
628 855 1
629 772 4
629 658 1
629 685 1
629 846 1
629 630 2
629 631 1
629 891 2
630 685 1
630 656 1
633 946 1
634 788 3
638 790 2
641 987 4
643 685 1
644 738 1
648 948 1
650 682 2
650 738 2
654 738 5
654 682 2
654 783 3
657 921 1
657 738 2
668 935 1
669 696 1
678 696 3
682 738 4
682 783 2
684 844 1
685 1001 3
687 843 1
687 923 2
693 710 1
696 731 1
697 925 1
698 987 4
702 738 1
703 771 1
711 843 1
715 926 1
716 866 1
716 991 3
718 866 3
718 843 1
718 915 1
718 724 1
718 883 6
719 738 1
719 837 1
720 935 7
721 765 1
723 758 1
724 978 1
724 883 3
730 912 3
730 868 9
731 851 2
731 915 1
738 783 4
738 921 1
738 923 3
738 924 1
738 945 1
738 951 2
738 828 1
738 837 2
738 850 1
738 979 1
738 996 1
738 1001 1
738 881 1
738 745 1
738 761 1
740 788 2
740 879 1
742 900 2
742 772 3
742 890 1
743 948 1
745 837 1
746 813 1
746 935 3
748 926 1
758 918 1
763 854 3
764 874 2
764 987 4
764 1004 1
765 868 1
772 978 2
772 915 1
772 823 1
772 923 4
774 947 81
779 977 2
780 832 1
780 950 1
783 921 1
783 837 1
788 939 2
789 987 6
790 868 6
790 812 2
809 994 1
809 987 4
818 819 1
832 950 1
840 874 2
840 987 5
849 977 2
849 987 4
851 978 5
851 915 3
851 920 2
855 951 1
857 915 1
862 909 3
863 909 3
868 912 6
868 948 1
872 977 2
872 987 4
873 874 2
873 987 4
883 977 1
890 923 1
907 912 1
915 971 1
915 920 1
918 946 1
920 978 1
921 923 1
923 951 2
924 996 2
924 1001 1
925 987 4
925 955 1
928 1004 2
935 971 1
951 996 1
952 971 1
955 987 4
977 1001 11
977 1004 5
978 988 2
987 994 4
