0
1
2
3
4
5
6
7
8
9
10
11
12
13
14
15
16
17
18
19
20
21
22
23
24
25
26
27
28
29
30
31
32
33
34
35
36
37
38
39
40
41
42
43
44
45
46
47
48
49
50
51
52
53
54
55
56
57
58
59
60
61
62
63
64
65
66
67
68
69
70
71
72
73
74
75
76
77
78
79
80
81
82
83
84
85
86
87
88
89
90
91
92
93
94
95
96
97
98
99
100
101
102
103
104
105
106
107
108
109
110
111
112
113
114
115
116
117
118
119
120
121
122
123
124
125
126
127
128
129
130
131
132
133
134
135
136
137
138
139
141
142
143
144
145
146
147
148
149
150
151
152
153
154
155
157
158
159
160
161
162
163
164
165
166
167
168
169
170
171
172
173
174
175
176
177
178
179
180
181
182
183
184
185
186
187
188
189
190
191
192
193
194
195
196
197
198
199
200
201
202
203
204
205
206
207
208
209
210
211
212
213
214
215
216
217
218
219
220
221
222
223
224
225
226
227
228
229
230
231
232
233
235
236
237
238
239
240
241
242
243
244
245
246
247
248
249
250
251
252
253
254
255
256
257
259
260
262
263
264
265
266
267
268
269
270
271
272
273
274
275
276
277
278
279
280
281
282
283
284
285
286
287
288
289
290
291
292
293
294
295
296
297
299
300
301
302
303
304
305
306
307
308
309
310
311
312
313
314
315
316
317
318
319
320
321
322
323
324
325
326
327
328
329
330
331
332
333
334
335
336
337
338
339
340
341
343
344
345
346
347
348
349
350
351
352
353
355
356
357
358
359
360
361
362
364
365
366
367
368
369
370
371
372
373
374
375
376
377
378
379
380
381
382
383
384
385
386
387
388
389
390
391
392
393
394
395
396
397
398
399
400
401
402
403
404
405
406
407
408
409
410
411
412
413
414
415
416
418
419
420
421
422
423
424
425
426
427
428
429
430
431
432
433
434
435
436
437
438
439
440
441
442
443
444
445
446
447
448
449
450
451
452
453
454
455
456
457
458
459
460
461
462
464
465
466
467
468
469
470
471
472
473
474
475
476
477
478
479
480
481
482
483
484
485
486
487
488
489
490
491
492
493
495
496
497
498
499
500
501
502
503
504
505
506
507
508
509
510
511
512
513
514
515
516
517
518
519
520
521
522
523
524
525
526
527
528
530
531
532
533
534
535
536
537
538
539
540
541
542
543
544
545
546
547
548
549
550
551
552
553
554
556
557
558
559
560
561
562
563
564
565
566
567
568
569
570
571
572
573
574
575
576
577
578
579
580
581
582
583
584
585
586
587
588
589
590
591
592
593
594
595
596
597
598
599
600
601
602
603
604
605
606
607
609
610
611
612
613
614
615
616
617
618
619
621
622
623
624
625
626
627
628
629
630
631
632
633
634
635
636
637
638
639
640
641
642
643
644
645
646
647
648
649
650
651
652
653
654
655
656
657
658
659
660
661
662
663
664
665
666
667
668
669
670
671
672
673
674
675
676
677
678
679
680
681
682
683
684
685
686
687
688
689
690
691
692
693
694
695
696
697
698
699
700
701
702
703
704
705
706
707
708
709
710
711
712
713
714
715
716
717
718
719
720
721
722
723
724
725
726
727
728
729
730
731
732
733
734
735
736
737
738
739
740
741
742
743
744
745
746
747
748
749
750
751
752
753
754
756
757
758
759
760
761
762
763
764
765
767
768
769
770
771
772
773
774
775
776
777
778
779
780
781
782
783
784
785
786
787
788
789
790
791
792
793
794
795
796
797
798
799
800
801
802
803
804
805
806
807
808
809
810
811
812
813
814
815
816
817
818
819
820
821
822
823
824
825
826
827
828
829
830
831
832
833
834
835
836
837
838
839
840
841
842
843
844
845
846
847
848
849
850
851
852
853
854
855
856
857
858
859
860
861
862
863
864
865
866
867
868
869
870
871
872
873
874
875
876
877
878
879
880
881
882
883
884
885
886
887
888
889
890
891
892
893
894
895
896
897
898
899
900
901
902
903
904
905
906
907
908
909
910
911
912
913
914
915
916
917
918
919
920
921
922
923
924
925
926
927
928
929
930
931
932
933
934
935
936
937
938
939
940
941
942
943
944
945
946
947
948
949
950
951
952
953
954
955
956
957
958
960
961
962
963
964
965
966
967
968
969
970
971
972
973
974
975
976
977
978
979
980
981
982
983
984
985
986
987
988
989
990
991
992
993
994
995
996
997
998
999
1000
1001
1002
1003
1004
0 178 1
2 32 1
2 812 1
2 790 1
2 119 1
4 441 2
4 135 1
6 178 1
13 738 1
13 443 1
14 506 1
14 996 1
15 584 1
15 731 2
17 316 1
24 658 1
24 891 3
24 915 1
24 750 2
24 630 4
25 48 1
28 987 2
29 724 2
31 316 1
31 165 2
32 580 5
32 197 4
32 502 1
32 791 3
32 280 1
32 669 3
35 280 1
38 638 3
40 450 2
40 712 1
40 362 1
40 272 2
40 187 1
40 254 1
41 48 1
48 1000 1
48 458 1
48 684 1
48 558 1
48 723 1
48 216 1
48 956 1
48 319 1
52 356 2
52 168 1
52 721 1
52 948 1
52 868 6
52 765 2
53 946 4
53 540 1
56 987 2
56 540 1
58 909 1
60 187 1
61 356 1
61 517 2
61 522 1
61 718 3
61 398 2
61 502 1
62 800 1
62 485 1
65 963 1
65 772 1
65 367 1
65 377 3
65 220 1
65 190 2
67 963 1
67 165 2
67 391 1
67 846 1
67 207 1
67 344 1
67 190 1
68 987 2
70 388 1
70 343 1
74 112 2
74 332 1
74 214 2
74 294 7
75 229 1
77 168 1
78 832 2
78 178 1
78 314 1
82 802 1
82 135 1
86 443 2
90 464 1
90 356 1
90 648 2
90 1001 1
90 107 1
90 912 3
90 168 1
90 948 3
90 506 3
92 280 1
92 428 1
92 316 1
92 349 2
95 329 1
95 987 2
96 388 2
96 420 2
98 713 1
98 707 2
98 429 1
98 454 2
99 178 1
99 314 1
101 718 2
101 246 2
101 127 1
104 425 30
104 765 1
104 294 1
105 418 9
105 996 3
105 374 3
105 742 2
107 201 1
107 643 2
111 790 1
112 674 2
112 356 4
112 517 1
112 166 3
112 392 1
112 267 2
112 472 3
112 313 2
112 730 1
112 316 1
114 718 1
119 812 2
120 752 2
120 707 1
120 356 1
120 190 2
125 139 2
125 676 2
125 510 4
125 622 5
126 868 1
126 586 2
126 332 1
126 782 1
126 790 3
126 984 2
127 718 2
135 581 2
135 870 1
135 742 1
135 371 2
135 628 1
136 280 1
136 316 2
139 323 2
139 939 1
139 510 1
139 534 2
142 280 1
142 316 1
143 739 1
143 796 1
143 669 1
147 416 1
147 933 4
147 518 2
147 277 1
147 191 2
147 157 1
147 926 1
147 383 1
149 372 2
151 833 1
151 923 2
151 253 1
153 977 8
157 347 2
157 926 1
161 993 1
161 784 2
161 306 1
161 659 1
161 443 1
161 863 1
164 223 1
164 343 1
165 401 2
165 316 3
166 586 2
166 267 1
166 332 1
166 435 1
166 883 4
166 573 1
167 280 1
167 838 1
168 260 5
168 648 5
168 425 2
168 556 1
168 912 20
168 232 3
168 949 1
168 790 3
168 313 4
168 472 23
168 356 12
168 730 2
168 868 1
169 372 1
170 581 1
171 347 2
173 506 1
173 738 1
175 275 1
175 335 1
178 409 1
178 538 1
178 929 1
178 418 1
178 295 1
178 693 1
178 569 1
178 314 1
178 833 3
178 710 1
178 333 1
178 976 3
178 339 1
178 470 1
178 599 1
178 605 6
178 862 2
178 991 1
178 228 1
178 502 4
178 249 1
178 767 1
181 190 2
184 225 1
184 843 2
184 883 1
184 189 1
185 742 1
185 910 1
187 802 1
187 900 1
187 572 1
187 272 1
187 947 1
187 662 1
187 695 1
187 568 2
188 280 1
189 410 1
189 883 4
190 353 2
190 656 2
190 274 4
190 373 2
192 553 1
199 506 1
199 738 1
200 316 1
200 915 1
200 428 3
200 971 1
200 351 1
206 676 1
206 622 2
207 558 2
207 280 1
207 469 1
207 888 2
207 795 3
207 990 2
207 373 1
208 783 1
214 290 2
214 935 1
214 940 1
214 334 1
214 912 4
214 595 1
214 278 2
214 923 1
214 765 2
216 321 1
216 499 4
216 558 5
223 879 1
224 316 1
224 349 6
224 838 1
225 700 3
225 423 1
228 605 2
228 502 1
231 874 1
231 987 2
231 540 5
232 472 2
232 425 1
233 692 3
233 935 6
239 656 1
239 609 1
239 951 2
241 280 1
243 607 1
245 581 1
245 329 1
245 874 1
245 987 5
245 764 1
245 540 3
246 724 2
249 491 2
250 782 2
251 987 2
256 416 1
256 356 1
260 266 1
264 329 1
267 517 3
267 586 1
267 435 2
267 948 1
267 790 9
267 891 4
267 316 1
272 900 1
272 742 1
274 920 1
274 280 1
275 849 1
278 923 2
278 332 1
280 772 1
280 902 1
280 647 1
280 656 1
280 915 1
280 408 1
280 281 1
280 795 1
280 547 1
280 421 1
280 422 1
280 424 1
280 301 1
280 817 1
280 953 1
280 954 1
280 957 1
280 838 1
280 846 1
280 469 1
280 349 1
280 990 1
280 293 1
280 739 1
280 496 1
284 731 1
288 750 2
288 610 12
288 484 13
288 773 12
288 391 16
288 846 17
288 629 18
288 630 1
289 810 2
290 367 1
293 547 1
293 724 1
293 502 1
293 697 3
293 862 4
294 332 1
294 885 1
294 984 1
294 313 1
294 586 2
302 316 1
304 527 1
306 659 2
306 374 1
310 950 2
311 873 1
311 987 2
313 356 10
313 744 1
313 946 7
313 948 4
313 472 3
313 730 1
314 929 2
314 710 1
314 333 1
314 693 3
314 599 1
314 409 1
314 538 1
314 605 1
314 767 1
316 647 1
316 915 2
316 543 2
316 428 4
316 952 1
316 953 2
316 962 1
316 838 2
316 586 2
316 971 1
316 332 1
316 782 1
316 344 1
316 857 1
316 349 1
316 990 1
316 351 1
316 888 1
321 499 1
321 558 1
322 879 2
323 951 2
324 337 1
326 587 1
329 738 1
329 388 1
329 624 2
329 692 1
329 343 3
332 586 2
332 782 2
332 573 2
332 500 3
332 885 1
332 984 1
333 605 1
333 767 1
334 746 1
334 534 2
334 742 1
335 385 1
335 688 5
335 790 1
335 664 3
335 537 2
337 919 1
338 849 2
338 987 2
343 587 1
343 399 1
343 853 1
343 950 2
343 663 3
347 933 3
349 838 1
349 976 2
351 428 1
353 891 2
353 391 4
356 765 3
356 868 1
356 517 2
356 425 2
356 648 1
356 718 1
356 912 8
356 472 16
356 730 5
356 948 2
356 542 1
360 891 1
360 630 2
361 987 2
364 996 1
364 582 2
367 833 1
367 809 4
369 832 1
369 913 2
369 535 1
372 716 2
372 404 1
372 934 1
373 838 1
373 391 5
376 832 1
378 514 1
379 568 1
381 506 3
381 532 2
383 703 1
383 662 2
383 887 1
389 913 1
390 784 2
391 750 2
397 891 1
401 429 2
401 415 1
407 843 1
409 470 3
415 587 1
415 429 2
416 425 1
416 948 5
416 790 2
418 996 8
418 977 3
420 559 2
421 795 6
422 731 3
423 832 1
424 795 2
425 912 3
425 946 2
425 948 3
428 917 1
428 953 3
429 454 3
432 987 2
433 987 2
433 540 1
435 586 2
435 782 1
435 500 2
435 948 1
443 945 1
443 662 1
444 535 1
445 838 1
445 750 1
450 712 2
450 802 1
458 499 1
458 558 1
465 812 1
469 851 1
469 630 7
470 789 2
471 483 1
472 790 2
474 832 2
474 951 1
480 987 2
482 531 2
482 641 1
482 987 2
484 630 2
484 750 2
493 838 1
499 558 2
500 586 1
500 948 1
500 814 1
502 710 2
502 878 1
502 854 1
502 923 1
506 738 1
506 644 3
506 1001 6
506 783 2
506 752 2
506 850 3
506 670 1
506 996 1
506 924 3
506 702 1
510 622 2
511 849 1
513 518 1
514 832 1
514 1001 1
514 780 2
514 977 1
514 950 2
516 790 1
517 674 1
517 803 1
517 718 2
518 823 1
518 854 4
518 535 3
518 895 1
518 799 1
527 720 1
527 710 1
527 870 1
527 855 2
530 891 3
530 630 1
531 987 2
534 862 4
534 622 1
535 913 2
540 840 5
540 873 3
540 874 1
540 987 2
541 738 1
542 948 1
542 586 1
544 669 1
547 978 1
547 862 3
548 612 1
550 812 1
553 688 1
553 670 5
558 684 1
558 956 1
559 622 2
565 684 1
573 586 2
576 738 1
581 855 2
582 987 2
584 731 1
586 782 9
586 984 1
590 933 1
591 923 1
602 765 2
609 707 2
614 991 1
617 923 1
622 676 3
622 634 2
624 738 1
624 764 4
624 994 1
629 891 1
629 630 1
630 920 4
630 790 12
630 891 2
631 838 1
633 707 2
634 788 1
638 832 1
638 700 2
638 790 3
641 987 2
643 670 1
644 924 8
648 974 2
649 951 1
650 682 1
650 738 1
654 738 1
654 783 1
654 682 1
654 991 6
657 921 1
668 720 1
668 746 2
668 935 1
672 844 1
680 707 2
682 850 2
682 738 4
682 783 1
684 956 3
684 844 3
687 923 2
688 899 1
692 835 1
692 775 1
692 935 1
692 749 1
692 926 1
697 855 1
697 925 1
698 987 2
700 748 3
700 812 2
700 790 1
706 951 6
707 880 1
707 951 2
715 951 1
716 718 3
718 904 1
718 883 2
718 980 1
718 724 2
719 738 1
720 833 1
720 935 1
720 746 2
720 813 1
721 765 1
724 883 1
738 996 1
738 837 1
738 828 1
738 745 1
738 783 2
738 760 1
742 900 1
744 912 2
746 813 1
746 935 1
750 838 2
762 984 2
764 874 1
764 994 1
764 987 2
765 868 1
765 908 1
776 923 1
779 843 1
782 790 1
789 987 2
790 956 1
790 812 8
790 868 1
796 987 2
809 987 2
813 935 1
838 915 1
840 874 1
840 987 2
849 987 2
851 978 1
861 896 1
862 909 5
868 889 1
872 987 2
873 987 2
873 874 2
873 955 1
873 925 1
883 907 1
890 923 2
891 995 1
912 948 2
912 984 1
920 978 2
924 996 2
926 951 1
946 948 2
955 987 2
977 1004 1
987 994 2
