0
1
2
3
4
5
6
7
8
9
10
11
12
13
14
15
16
17
18
19
20
21
22
23
24
25
26
27
28
29
30
31
32
33
34
35
36
37
38
39
40
41
42
43
44
45
46
47
48
49
50
51
52
53
54
55
56
57
58
59
60
61
62
63
64
65
66
67
68
69
70
71
72
73
74
75
76
77
78
79
80
81
82
83
84
85
86
87
88
89
90
91
92
93
94
95
96
97
98
99
100
101
102
103
104
105
106
107
108
109
110
111
112
113
114
115
116
117
118
119
120
121
122
123
124
125
126
127
128
129
130
131
132
133
134
135
136
137
138
139
141
142
143
144
145
146
147
148
149
150
151
152
153
154
155
157
158
159
160
161
162
163
164
165
166
167
168
169
170
171
172
173
174
175
176
177
178
179
180
181
182
183
184
185
186
187
188
189
190
191
192
193
194
195
196
197
198
199
200
201
202
203
204
205
206
207
208
209
210
211
212
213
214
215
216
217
218
219
220
221
222
223
224
225
226
227
228
229
230
231
232
233
235
236
237
238
239
240
241
242
243
244
245
246
247
248
249
250
251
252
253
254
255
256
257
259
260
262
263
264
265
266
267
268
269
270
271
272
273
274
275
276
277
278
279
280
281
282
283
284
285
286
287
288
289
290
291
292
293
294
295
296
297
299
300
301
302
303
304
305
306
307
308
309
310
311
312
313
314
315
316
317
318
319
320
321
322
323
324
325
326
327
328
329
330
331
332
333
334
335
336
337
338
339
340
341
343
344
345
346
347
348
349
350
351
352
353
355
356
357
358
359
360
361
362
364
365
366
367
368
369
370
371
372
373
374
375
376
377
378
379
380
381
382
383
384
385
386
387
388
389
390
391
392
393
394
395
396
397
398
399
400
401
402
403
404
405
406
407
408
409
410
411
412
413
414
415
416
418
419
420
421
422
423
424
425
426
427
428
429
430
431
432
433
434
435
436
437
438
439
440
441
442
443
444
445
446
447
448
449
450
451
452
453
454
455
456
457
458
459
460
461
462
464
465
466
467
468
469
470
471
472
473
474
475
476
477
478
479
480
481
482
483
484
485
486
487
488
489
490
491
492
493
495
496
497
498
499
500
501
502
503
504
505
506
507
508
509
510
511
512
513
514
515
516
517
518
519
520
521
522
523
524
525
526
527
528
530
531
532
533
534
535
536
537
538
539
540
541
542
543
544
545
546
547
548
549
550
551
552
553
554
556
557
558
559
560
561
562
563
564
565
566
567
568
569
570
571
572
573
574
575
576
577
578
579
580
581
582
583
584
585
586
587
588
589
590
591
592
593
594
595
596
597
598
599
600
601
602
603
604
605
606
607
609
610
611
612
613
614
615
616
617
618
619
621
622
623
624
625
626
627
628
629
630
631
632
633
634
635
636
637
638
639
640
641
642
643
644
645
646
647
648
649
650
651
652
653
654
655
656
657
658
659
660
661
662
663
664
665
666
667
668
669
670
671
672
673
674
675
676
677
678
679
680
681
682
683
684
685
686
687
688
689
690
691
692
693
694
695
696
697
698
699
700
701
702
703
704
705
706
707
708
709
710
711
712
713
714
715
716
717
718
719
720
721
722
723
724
725
726
727
728
729
730
731
732
733
734
735
736
737
738
739
740
741
742
743
744
745
746
747
748
749
750
751
752
753
754
756
757
758
759
760
761
762
763
764
765
767
768
769
770
771
772
773
774
775
776
777
778
779
780
781
782
783
784
785
786
787
788
789
790
791
792
793
794
795
796
797
798
799
800
801
802
803
804
805
806
807
808
809
810
811
812
813
814
815
816
817
818
819
820
821
822
823
824
825
826
827
828
829
830
831
832
833
834
835
836
837
838
839
840
841
842
843
844
845
846
847
848
849
850
851
852
853
854
855
856
857
858
859
860
861
862
863
864
865
866
867
868
869
870
871
872
873
874
875
876
877
878
879
880
881
882
883
884
885
886
887
888
889
890
891
892
893
894
895
896
897
898
899
900
901
902
903
904
905
906
907
908
909
910
911
912
913
914
915
916
917
918
919
920
921
922
923
924
925
926
927
928
929
930
931
932
933
934
935
936
937
938
939
940
941
942
943
944
945
946
947
948
949
950
951
952
953
954
955
956
957
958
960
961
962
963
964
965
966
967
968
969
970
971
972
973
974
975
976
977
978
979
980
981
982
983
984
985
986
987
988
989
990
991
992
993
994
995
996
997
998
999
1000
1001
1002
1003
1004
0 178 8
0 605 1
0 502 1
0 423 2
2 700 2
2 790 3
2 126 2
4 304 1
4 585 1
4 771 3
4 371 1
5 118 1
5 553 1
5 107 1
5 335 2
5 502 4
5 506 1
5 175 1
5 29 1
5 670 2
6 178 9
6 333 1
12 870 1
13 850 1
13 828 1
14 881 2
14 506 1
14 724 2
14 828 1
15 680 2
15 731 4
15 422 2
16 541 1
17 200 2
17 316 3
24 160 3
24 641 1
24 955 1
24 647 4
24 267 4
24 530 1
24 629 24
24 280 3
24 891 7
26 40 1
28 641 1
28 955 1
28 987 2
29 335 2
30 256 1
30 936 5
30 908 1
30 61 1
30 765 2
30 126 4
31 200 2
31 316 3
31 165 5
32 669 3
32 143 2
32 915 1
32 693 3
32 214 1
32 280 2
32 90 2
32 316 1
32 61 4
32 862 2
35 280 2
35 469 1
35 207 1
40 900 2
40 272 3
40 662 2
40 316 1
40 927 1
40 802 2
40 947 1
40 695 4
40 568 3
40 187 3
40 60 1
40 450 7
40 198 1
40 712 1
40 596 1
40 90 3
40 488 1
40 572 6
40 120 2
40 379 1
40 254 1
42 337 2
42 322 1
42 950 1
45 260 1
46 132 1
48 956 1
48 458 1
48 499 1
48 684 1
50 559 1
53 321 1
53 987 1
53 923 1
53 731 1
56 641 2
56 482 2
56 987 2
56 990 1
56 159 1
58 909 3
61 771 2
61 132 1
61 334 1
61 135 8
61 136 2
61 272 3
61 915 2
61 415 2
61 161 2
61 802 2
61 550 3
61 428 2
61 904 1
61 306 3
61 692 2
61 479 1
61 695 2
61 568 2
61 185 3
61 607 1
61 187 2
61 703 2
61 450 5
61 718 8
61 591 1
61 696 1
61 469 4
61 857 2
61 602 2
61 991 6
61 742 3
61 233 2
61 114 1
61 659 2
61 765 1
62 746 2
62 646 4
62 542 5
64 534 1
66 260 3
67 963 7
67 165 8
67 846 5
67 207 8
67 561 3
67 344 6
67 190 1
68 987 2
70 334 1
71 595 1
71 951 1
72 90 1
72 135 4
74 803 9
74 166 2
74 294 7
74 112 1
74 435 3
74 126 3
75 462 1
75 502 2
75 927 1
77 168 2
77 912 2
77 260 1
77 294 1
78 178 9
78 333 1
82 628 1
83 159 1
87 160 2
90 900 2
90 517 1
90 526 2
90 912 2
90 920 1
90 664 2
90 538 1
90 798 2
90 927 1
90 802 4
90 200 1
90 670 1
90 187 1
90 316 1
90 190 1
90 191 2
90 704 1
90 459 1
90 987 1
90 220 1
90 226 1
90 742 2
90 107 3
90 499 1
90 891 1
91 415 1
92 200 2
92 280 1
92 316 3
92 647 1
95 433 2
95 987 3
95 540 1
98 707 10
98 454 5
98 134 3
98 713 10
98 107 10
98 268 9
98 429 10
98 592 8
98 401 11
98 291 3
98 117 10
98 278 2
101 246 3
101 423 3
102 139 1
103 514 1
103 950 1
103 310 5
104 648 1
104 868 2
104 908 1
104 765 4
106 139 1
107 810 1
107 980 1
107 316 1
112 674 1
112 803 8
112 294 2
112 166 2
112 267 8
113 927 1
114 1004 1
116 772 1
118 532 1
118 335 6
119 812 1
120 416 1
120 517 1
120 711 1
120 617 1
120 586 1
120 135 2
120 782 1
120 306 2
120 371 1
120 923 2
120 573 1
120 703 1
122 178 3
122 628 4
122 502 1
125 139 1
126 416 1
126 260 2
126 168 3
126 500 2
126 790 2
127 316 1
132 388 1
133 256 1
133 416 2
133 602 1
133 648 1
133 908 1
134 592 9
134 291 1
134 454 2
135 161 9
135 994 1
135 987 3
135 292 2
135 549 8
135 233 6
135 462 2
135 720 1
135 337 2
135 371 1
135 628 3
135 942 4
135 692 9
135 703 3
135 540 1
135 581 19
136 200 6
136 915 4
136 280 1
136 857 3
136 316 5
137 936 2
137 742 1
138 867 1
138 783 2
139 513 1
139 324 1
139 487 1
139 939 1
139 524 1
139 206 1
139 174 1
139 534 1
139 154 1
139 477 1
139 510 1
141 978 1
141 469 1
142 165 1
142 200 2
142 207 2
142 469 1
142 214 1
142 280 2
142 316 5
142 159 1
143 580 1
143 159 1
147 196 1
147 171 3
147 927 1
147 347 3
147 926 1
147 159 3
153 432 1
153 977 4
153 418 1
153 996 1
153 1001 1
157 746 1
157 347 1
157 462 4
159 854 5
159 963 1
159 535 1
159 920 2
159 923 1
159 940 7
159 951 1
159 190 1
159 193 2
159 707 1
159 978 3
159 724 8
159 214 3
159 607 4
159 891 1
159 493 5
159 239 1
159 251 1
160 360 2
160 493 3
160 658 2
160 629 2
160 280 2
160 891 1
161 771 2
161 900 2
161 581 1
161 540 1
164 420 1
165 200 2
165 207 1
165 401 9
165 344 1
165 316 6
166 674 1
166 803 11
166 356 1
166 294 3
166 586 6
166 267 1
166 782 1
166 573 2
166 759 4
166 765 1
167 280 1
167 469 2
167 181 1
168 800 1
168 260 3
168 966 2
168 294 2
168 232 4
168 362 2
168 782 6
168 912 12
168 472 12
168 439 1
168 984 1
168 356 1
168 765 1
168 575 1
169 372 1
170 697 1
170 855 2
173 828 1
173 541 1
175 737 1
175 423 3
175 335 2
175 849 1
175 275 9
178 409 8
178 538 9
178 415 1
178 295 7
178 693 10
178 316 1
178 710 8
178 333 11
178 976 8
178 339 1
178 470 9
178 599 8
178 605 12
178 862 9
178 991 9
178 482 2
178 228 8
178 628 3
178 502 20
178 249 10
178 767 8
180 829 1
180 727 2
181 338 1
181 274 1
181 724 3
181 537 1
181 190 2
184 843 3
185 752 2
185 833 1
185 762 1
186 256 2
186 648 2
186 267 2
186 517 2
187 596 1
187 695 1
188 280 2
188 469 1
188 421 1
189 716 1
189 236 6
189 718 7
189 977 1
189 915 4
189 724 1
189 951 1
189 410 2
190 353 3
190 629 1
190 656 2
190 274 2
190 373 3
190 951 1
190 316 1
191 692 2
191 927 1
192 335 1
193 707 1
193 910 1
193 500 1
193 782 1
193 854 5
193 927 1
194 951 1
196 927 1
197 790 1
199 644 10
199 506 1
199 996 1
199 541 2
199 828 1
200 952 2
200 647 2
200 316 8
200 971 3
200 428 2
200 915 4
200 302 2
200 344 3
200 857 3
200 543 2
200 990 2
201 754 1
201 335 1
207 424 3
207 891 1
207 558 1
207 547 2
207 469 6
207 280 1
207 795 2
207 988 1
208 335 2
209 765 1
213 374 3
214 290 3
214 707 2
214 687 1
214 306 3
214 531 1
214 278 1
214 343 2
214 923 1
214 316 4
216 321 1
216 956 1
223 663 1
223 462 3
223 343 4
227 966 4
228 605 1
228 502 1
229 306 2
229 659 1
231 840 1
231 698 2
231 987 2
231 738 1
231 607 1
232 575 1
232 607 3
233 581 5
233 329 1
233 746 5
233 692 17
236 898 2
236 1004 2
236 335 2
236 977 2
236 537 4
241 280 2
241 630 2
245 329 1
245 698 2
245 987 2
246 377 1
246 423 5
248 462 3
249 605 4
250 886 1
250 927 2
251 987 2
253 454 1
256 416 2
256 356 1
256 294 1
256 648 2
256 267 3
256 478 1
256 517 2
260 912 4
260 439 2
260 762 1
264 454 2
267 416 1
267 803 6
267 294 1
267 648 2
267 586 2
267 459 1
267 392 1
267 800 1
267 478 1
267 517 6
270 828 1
272 450 4
272 595 5
272 754 1
274 647 3
274 552 1
274 280 1
274 920 2
275 316 2
278 462 2
280 647 2
280 301 1
280 656 2
280 530 8
280 915 3
280 920 3
280 281 1
280 421 2
280 422 2
280 817 1
280 424 1
280 685 1
280 561 3
280 658 2
280 953 2
280 954 1
280 445 1
280 846 2
280 547 2
280 526 3
280 990 2
280 293 2
280 408 1
280 739 1
280 360 3
280 493 2
280 851 3
280 629 6
280 630 1
280 631 3
280 891 1
280 469 1
284 731 1
290 566 3
291 401 2
291 429 1
291 454 2
293 547 1
293 605 1
293 718 2
294 416 1
294 674 1
294 803 7
294 984 1
294 313 1
294 699 1
294 586 2
294 447 1
299 322 3
299 388 4
301 647 4
302 316 3
306 771 1
306 742 12
306 659 6
306 660 2
306 374 1
306 703 2
309 832 1
310 343 3
311 697 2
311 955 1
311 987 2
311 641 1
316 647 7
316 915 8
316 543 3
316 428 12
316 431 1
316 952 4
316 953 2
316 544 1
316 838 3
316 971 3
316 720 1
316 978 1
316 344 3
316 857 4
316 987 1
316 349 2
316 990 4
316 739 1
316 997 1
316 850 1
316 629 1
316 502 1
317 374 3
318 684 1
321 704 1
321 618 1
321 684 4
321 499 1
321 565 1
322 420 1
322 822 1
322 343 7
324 388 1
324 534 1
324 591 1
327 828 1
327 381 1
329 692 1
329 819 1
329 540 1
332 586 3
332 500 8
332 918 3
332 782 12
332 575 10
333 743 1
333 605 1
333 767 2
334 612 1
334 462 2
334 534 2
334 638 2
334 607 4
335 643 2
335 664 4
335 537 2
335 670 2
335 808 2
335 553 2
335 810 1
335 688 2
335 468 2
335 985 1
335 737 2
335 1004 2
335 464 4
335 980 2
335 381 1
337 832 1
337 936 4
337 780 1
337 942 1
337 505 2
337 634 2
338 641 1
338 955 1
338 540 1
338 987 5
343 612 2
343 853 1
343 663 4
344 952 1
347 577 1
347 933 4
349 976 10
356 416 1
356 743 1
356 800 1
356 927 1
360 629 2
360 526 1
361 987 3
362 371 1
362 870 1
364 987 2
364 671 1
369 927 1
372 404 2
372 934 1
377 718 1
377 630 1
378 514 1
379 568 2
381 506 2
381 670 1
383 720 3
383 586 4
388 528 2
388 638 2
392 696 3
393 843 1
397 671 1
397 975 1
401 454 8
401 429 3
401 415 9
404 595 1
407 843 2
413 746 1
413 935 2
413 927 4
414 572 2
415 544 1
415 617 1
415 629 2
416 586 4
416 782 6
416 912 1
416 500 2
416 927 2
416 607 2
418 977 12
418 996 5
418 969 1
421 647 2
421 424 3
421 630 3
421 795 1
422 731 1
423 644 1
423 1001 3
423 650 4
423 849 1
423 630 2
423 701 2
424 795 2
428 915 6
428 857 2
428 543 1
429 454 8
431 915 1
432 641 1
432 433 1
432 987 2
432 809 1
433 641 1
433 987 5
433 629 1
435 984 1
435 500 1
435 782 2
437 828 1
440 537 1
443 662 5
444 927 1
447 586 1
450 802 1
450 462 4
450 754 1
450 595 5
450 692 4
450 572 2
450 765 1
450 703 1
454 592 9
458 956 1
458 558 1
459 517 1
462 517 4
462 783 3
462 915 1
462 923 2
462 670 4
462 687 2
462 692 2
462 542 3
462 566 1
462 833 1
462 586 2
462 591 3
462 851 3
462 980 3
462 718 4
462 739 1
462 742 4
462 617 2
468 506 1
469 512 5
469 978 1
469 851 2
470 605 1
472 912 6
472 800 1
472 782 5
472 743 4
478 648 1
478 517 1
482 531 1
482 987 3
485 542 1
485 927 1
488 568 2
493 561 1
493 530 3
493 629 3
493 630 7
493 891 6
495 568 3
499 618 1
500 812 1
500 782 1
500 814 1
500 800 1
502 915 1
502 628 1
502 951 1
502 599 3
502 605 3
506 576 1
506 644 2
506 996 1
506 828 1
506 670 1
513 823 1
513 927 1
514 780 1
514 950 3
516 828 1
516 850 2
516 532 2
517 648 2
517 803 1
526 629 3
528 783 1
530 891 3
530 629 7
531 987 9
532 828 1
534 951 2
535 823 1
540 641 3
540 994 6
540 987 2
540 581 1
540 873 1
540 698 2
540 955 2
541 738 1
541 828 1
542 646 2
542 746 3
542 823 1
543 641 1
543 971 1
543 955 1
546 692 2
546 550 4
547 647 3
549 866 1
550 746 2
550 692 1
550 743 1
552 951 1
553 1001 3
553 670 1
558 956 1
561 647 5
561 846 4
561 629 2
563 731 1
565 684 3
568 947 2
572 862 1
573 586 9
573 782 1
575 782 2
576 987 1
576 828 1
576 783 1
577 936 3
577 926 2
581 936 1
581 855 1
582 955 1
582 987 2
584 731 1
586 800 1
586 984 1
586 782 7
586 759 3
586 762 1
587 720 1
591 692 1
591 607 1
592 927 7
595 934 2
595 718 1
595 692 1
596 695 3
599 710 4
602 743 4
605 710 1
605 789 2
605 951 1
605 862 1
607 617 1
607 927 1
612 663 2
614 851 1
617 733 1
628 772 1
628 870 1
629 739 1
629 658 2
629 978 4
629 685 2
629 846 2
629 630 3
629 631 2
629 891 9
629 927 1
630 739 3
630 954 4
633 923 3
638 832 2
641 994 1
641 987 2
641 955 2
644 828 1
644 702 1
646 927 1
647 838 1
648 908 1
648 700 1
648 765 1
650 1001 1
650 828 3
654 738 1
654 979 1
654 828 1
654 991 2
657 828 1
658 838 1
659 771 1
659 742 1
660 769 2
663 950 1
671 692 1
671 764 1
671 769 1
674 803 9
679 684 1
680 731 4
682 828 1
682 783 1
684 704 2
684 746 1
684 844 5
684 918 1
686 927 1
687 739 1
687 791 4
692 742 3
692 746 13
697 925 2
697 855 2
698 840 2
698 873 2
698 764 2
700 771 1
700 812 2
700 849 1
700 761 1
702 828 1
704 743 1
707 951 1
710 767 1
711 843 2
711 718 1
716 724 1
716 718 6
718 866 1
718 754 6
718 724 4
718 980 1
718 883 1
719 828 1
722 927 1
724 796 2
730 912 3
731 809 1
738 745 1
738 951 1
738 921 1
738 761 6
738 923 2
738 828 1
739 915 1
742 771 1
742 951 1
743 868 1
743 890 1
743 927 1
745 828 1
746 935 9
748 926 3
752 850 1
758 956 1
758 918 1
761 828 1
761 790 2
762 800 1
762 908 1
764 987 2
765 908 4
765 912 1
770 927 1
772 850 2
774 947 36
783 828 1
789 987 2
790 812 11
796 977 1
800 803 1
800 931 1
809 987 3
809 951 1
828 921 1
828 923 1
828 924 1
828 945 1
828 837 1
828 850 1
828 979 1
828 996 1
828 1001 1
828 881 1
835 987 1
840 987 2
841 920 4
843 907 2
843 883 2
849 987 2
850 881 2
854 927 2
857 915 5
858 991 3
872 987 3
873 987 2
908 936 1
915 971 2
933 966 3
955 994 1
955 987 2
969 977 2
977 996 3
977 1004 2
977 1001 6
987 994 2
