0
1
2
3
4
5
6
7
8
9
10
11
12
13
14
15
16
17
18
19
20
21
22
23
24
25
26
27
28
29
30
31
32
33
34
35
36
37
38
39
40
41
42
43
44
45
46
47
48
49
50
51
52
53
54
55
56
57
58
59
60
61
62
63
64
65
66
67
68
69
70
71
72
73
74
75
76
77
78
79
80
81
82
83
84
85
86
87
88
89
90
91
92
93
94
95
96
97
98
99
100
101
102
103
104
105
106
107
108
109
110
111
112
113
114
115
116
117
118
119
120
121
122
123
124
125
126
127
128
129
130
131
132
133
134
135
136
137
138
139
141
142
143
144
145
146
147
148
149
150
151
152
153
154
155
157
158
159
160
161
162
163
164
165
166
167
168
169
170
171
172
173
174
175
176
177
178
179
180
181
182
183
184
185
186
187
188
189
190
191
192
193
194
195
196
197
198
199
200
201
202
203
204
205
206
207
208
209
210
211
212
213
214
215
216
217
218
219
220
221
222
223
224
225
226
227
228
229
230
231
232
233
235
236
237
238
239
240
241
242
243
244
245
246
247
248
249
250
251
252
253
254
255
256
257
259
260
262
263
264
265
266
267
268
269
270
271
272
273
274
275
276
277
278
279
280
281
282
283
284
285
286
287
288
289
290
291
292
293
294
295
296
297
299
300
301
302
303
304
305
306
307
308
309
310
311
312
313
314
315
316
317
318
319
320
321
322
323
324
325
326
327
328
329
330
331
332
333
334
335
336
337
338
339
340
341
343
344
345
346
347
348
349
350
351
352
353
355
356
357
358
359
360
361
362
364
365
366
367
368
369
370
371
372
373
374
375
376
377
378
379
380
381
382
383
384
385
386
387
388
389
390
391
392
393
394
395
396
397
398
399
400
401
402
403
404
405
406
407
408
409
410
411
412
413
414
415
416
418
419
420
421
422
423
424
425
426
427
428
429
430
431
432
433
434
435
436
437
438
439
440
441
442
443
444
445
446
447
448
449
450
451
452
453
454
455
456
457
458
459
460
461
462
464
465
466
467
468
469
470
471
472
473
474
475
476
477
478
479
480
481
482
483
484
485
486
487
488
489
490
491
492
493
495
496
497
498
499
500
501
502
503
504
505
506
507
508
509
510
511
512
513
514
515
516
517
518
519
520
521
522
523
524
525
526
527
528
530
531
532
533
534
535
536
537
538
539
540
541
542
543
544
545
546
547
548
549
550
551
552
553
554
556
557
558
559
560
561
562
563
564
565
566
567
568
569
570
571
572
573
574
575
576
577
578
579
580
581
582
583
584
585
586
587
588
589
590
591
592
593
594
595
596
597
598
599
600
601
602
603
604
605
606
607
609
610
611
612
613
614
615
616
617
618
619
621
622
623
624
625
626
627
628
629
630
631
632
633
634
635
636
637
638
639
640
641
642
643
644
645
646
647
648
649
650
651
652
653
654
655
656
657
658
659
660
661
662
663
664
665
666
667
668
669
670
671
672
673
674
675
676
677
678
679
680
681
682
683
684
685
686
687
688
689
690
691
692
693
694
695
696
697
698
699
700
701
702
703
704
705
706
707
708
709
710
711
712
713
714
715
716
717
718
719
720
721
722
723
724
725
726
727
728
729
730
731
732
733
734
735
736
737
738
739
740
741
742
743
744
745
746
747
748
749
750
751
752
753
754
756
757
758
759
760
761
762
763
764
765
767
768
769
770
771
772
773
774
775
776
777
778
779
780
781
782
783
784
785
786
787
788
789
790
791
792
793
794
795
796
797
798
799
800
801
802
803
804
805
806
807
808
809
810
811
812
813
814
815
816
817
818
819
820
821
822
823
824
825
826
827
828
829
830
831
832
833
834
835
836
837
838
839
840
841
842
843
844
845
846
847
848
849
850
851
852
853
854
855
856
857
858
859
860
861
862
863
864
865
866
867
868
869
870
871
872
873
874
875
876
877
878
879
880
881
882
883
884
885
886
887
888
889
890
891
892
893
894
895
896
897
898
899
900
901
902
903
904
905
906
907
908
909
910
911
912
913
914
915
916
917
918
919
920
921
922
923
924
925
926
927
928
929
930
931
932
933
934
935
936
937
938
939
940
941
942
943
944
945
946
947
948
949
950
951
952
953
954
955
956
957
958
960
961
962
963
964
965
966
967
968
969
970
971
972
973
974
975
976
977
978
979
980
981
982
983
984
985
986
987
988
989
990
991
992
993
994
995
996
997
998
999
1000
1001
1002
1003
1004
0 178 2
2 812 1
2 700 1
2 790 4
5 107 1
5 29 1
6 178 2
14 702 2
15 731 2
15 422 1
16 777 1
16 19 1
24 891 6
24 629 2
24 630 2
24 647 1
25 684 2
29 201 1
29 107 1
29 980 1
29 599 2
31 165 3
32 891 1
32 716 1
32 197 3
32 862 2
35 161 1
35 978 1
35 469 3
37 416 2
37 313 5
38 832 2
40 802 1
40 712 1
40 272 1
40 662 1
40 568 1
40 187 1
40 572 1
42 337 2
43 232 1
45 227 7
48 216 1
48 684 1
48 499 1
48 844 1
52 416 1
52 782 2
52 126 2
56 432 1
58 577 1
58 909 1
61 356 1
61 517 1
61 718 2
61 530 1
61 851 1
61 534 1
61 388 1
61 915 1
65 178 2
66 227 13
70 890 1
70 415 1
71 595 1
74 112 1
74 232 3
74 294 2
74 126 1
74 166 5
77 439 2
77 575 1
78 178 2
82 362 1
83 784 1
85 844 1
86 443 4
90 885 1
90 997 1
96 106 1
102 322 1
102 323 2
103 977 2
105 235 1
107 192 1
107 898 1
107 236 1
107 652 1
107 208 1
107 664 1
107 537 1
107 670 1
107 808 1
107 553 1
107 810 1
107 175 1
107 688 1
107 393 2
107 320 1
107 201 1
107 335 1
107 464 1
107 468 1
107 985 1
107 737 1
107 1004 1
107 118 1
107 980 3
107 381 2
112 392 1
112 267 1
112 517 1
118 732 1
118 502 1
118 862 1
119 812 3
120 416 1
120 193 1
120 772 5
120 926 1
120 535 1
120 983 1
120 684 2
120 274 1
120 544 2
120 734 1
120 633 1
120 280 1
120 569 1
120 542 1
120 923 4
120 190 4
120 629 1
125 322 1
126 416 1
126 294 2
127 193 2
127 718 1
133 416 2
134 422 1
135 720 1
135 193 1
135 746 1
135 581 1
135 942 5
136 344 2
136 857 1
136 915 1
136 953 3
136 647 1
139 322 1
141 978 2
141 851 2
141 302 1
142 267 1
147 416 4
147 931 1
147 383 1
149 716 1
149 293 1
150 306 2
157 746 2
159 696 1
159 951 1
159 214 1
159 718 1
159 607 1
164 638 1
165 344 1
165 401 1
165 454 1
166 416 1
167 978 5
167 851 1
167 469 3
168 439 2
178 519 2
178 280 1
178 409 2
178 538 2
178 295 2
178 687 1
178 693 2
178 569 2
178 188 2
178 189 2
178 710 2
178 333 2
178 976 2
178 339 2
178 470 2
178 599 2
178 605 5
178 862 5
178 991 2
178 228 2
178 629 3
178 502 7
178 249 2
178 767 2
180 727 1
181 249 1
181 190 2
184 595 5
184 883 1
188 978 2
188 469 3
190 353 3
190 656 2
190 274 2
190 373 2
190 316 2
193 272 1
193 923 3
197 923 2
199 996 1
200 952 2
206 322 1
207 424 1
207 978 1
207 795 2
207 469 4
207 373 1
209 517 1
209 765 1
214 746 3
214 951 2
216 321 1
216 499 1
216 684 1
223 746 4
223 343 2
223 663 1
229 343 1
231 698 1
232 416 2
232 439 2
232 313 1
232 700 1
235 746 1
239 609 1
239 951 1
241 469 3
245 698 1
246 724 3
248 746 3
256 294 1
260 266 1
267 517 1
267 838 2
267 392 2
267 891 2
267 581 2
268 731 1
274 353 2
274 647 1
275 487 1
280 281 1
284 731 4
288 561 1
288 493 1
288 445 1
288 630 1
288 629 1
291 609 1
293 716 2
293 724 1
293 700 1
294 416 3
294 817 1
294 885 4
294 984 2
294 313 1
294 762 1
294 447 1
299 585 1
301 978 1
301 469 3
306 784 3
306 659 2
306 742 3
310 477 1
313 416 2
313 885 1
313 575 2
313 765 1
313 447 1
315 936 6
316 483 1
316 838 1
316 647 1
316 428 2
316 915 2
316 857 1
318 684 1
319 499 1
319 684 1
320 1004 1
320 980 1
321 684 1
322 939 1
322 324 1
322 477 1
322 534 1
322 510 1
324 591 1
324 415 1
335 980 1
337 505 3
338 617 1
341 915 1
343 663 3
344 952 1
347 577 1
349 976 2
353 891 4
355 577 1
356 472 1
356 517 1
360 526 1
362 891 1
364 418 1
369 535 2
369 823 3
372 595 1
381 980 1
383 528 1
388 746 1
396 761 1
405 581 1
407 779 1
413 746 8
414 891 1
415 926 2
416 707 3
416 472 1
416 984 1
416 946 1
416 949 1
416 790 2
416 759 1
416 868 2
418 996 1
421 978 1
421 795 1
421 469 3
422 680 1
422 731 9
422 527 1
423 977 2
424 978 1
424 795 1
424 469 3
432 809 1
432 531 2
432 468 2
443 662 1
443 677 1
444 483 1
447 648 1
450 568 1
450 746 1
450 695 1
458 956 1
458 577 1
458 499 1
458 684 1
469 547 3
469 614 3
469 851 1
469 817 3
469 978 2
469 954 3
469 795 3
469 957 3
472 648 1
482 990 1
499 844 2
499 956 1
500 515 1
500 814 1
502 746 3
502 629 1
506 1001 2
506 890 2
506 996 8
512 978 1
514 977 2
516 761 1
517 803 1
528 742 2
530 746 1
530 923 1
530 629 4
532 654 1
534 746 5
537 980 1
540 698 1
540 994 1
541 738 1
542 746 2
547 978 1
550 746 2
552 978 1
552 851 1
553 980 1
558 684 1
561 846 2
565 684 1
581 936 5
586 648 1
586 746 2
591 746 4
595 934 4
599 710 1
602 721 1
605 693 1
609 923 1
614 978 2
614 851 1
629 630 1
629 891 2
638 832 1
643 685 1
647 915 2
647 920 1
654 738 1
670 980 1
679 684 2
680 731 3
684 704 2
684 844 2
684 918 1
684 956 1
684 746 2
687 923 1
687 980 1
687 746 2
692 746 6
698 840 1
698 873 1
698 764 1
700 812 2
700 790 1
718 746 4
718 883 1
718 980 1
731 746 1
738 923 1
738 783 1
739 746 1
742 746 1
746 775 2
746 776 1
746 812 5
746 920 1
746 923 1
746 935 13
746 834 2
746 851 2
746 980 1
746 994 1
772 923 1
774 947 60
776 890 3
780 977 2
790 812 9
790 868 1
795 978 2
810 980 1
817 978 1
844 956 6
851 978 3
851 923 1
857 915 4
890 923 1
915 920 1
915 923 2
920 923 1
936 942 6
950 977 2
953 957 1
954 978 1
957 978 1
977 1004 1
978 988 3
