0
1
2
3
4
5
6
7
8
9
10
11
12
13
14
15
16
17
18
19
20
21
22
23
24
25
26
27
28
29
30
31
32
33
34
35
36
37
38
39
40
41
42
43
44
45
46
47
48
49
50
51
52
53
54
55
56
57
58
59
60
61
62
63
64
65
66
67
68
69
70
71
72
73
74
75
76
77
78
79
80
81
82
83
84
85
86
87
88
89
90
91
92
93
94
95
96
97
98
99
100
101
102
103
104
105
106
107
108
109
110
111
112
113
114
115
116
117
118
119
120
121
122
123
124
125
126
127
128
129
130
131
132
133
134
135
136
137
138
139
141
142
143
144
145
146
147
148
149
150
151
152
153
154
155
157
158
159
160
161
162
163
164
165
166
167
168
169
170
171
172
173
174
175
176
177
178
179
180
181
182
183
184
185
186
187
188
189
190
191
192
193
194
195
196
197
198
199
200
201
202
203
204
205
206
207
208
209
210
211
212
213
214
215
216
217
218
219
220
221
222
223
224
225
226
227
228
229
230
231
232
233
235
236
237
238
239
240
241
242
243
244
245
246
247
248
249
250
251
252
253
254
255
256
257
259
260
262
263
264
265
266
267
268
269
270
271
272
273
274
275
276
277
278
279
280
281
282
283
284
285
286
287
288
289
290
291
292
293
294
295
296
297
299
300
301
302
303
304
305
306
307
308
309
310
311
312
313
314
315
316
317
318
319
320
321
322
323
324
325
326
327
328
329
330
331
332
333
334
335
336
337
338
339
340
341
343
344
345
346
347
348
349
350
351
352
353
355
356
357
358
359
360
361
362
364
365
366
367
368
369
370
371
372
373
374
375
376
377
378
379
380
381
382
383
384
385
386
387
388
389
390
391
392
393
394
395
396
397
398
399
400
401
402
403
404
405
406
407
408
409
410
411
412
413
414
415
416
418
419
420
421
422
423
424
425
426
427
428
429
430
431
432
433
434
435
436
437
438
439
440
441
442
443
444
445
446
447
448
449
450
451
452
453
454
455
456
457
458
459
460
461
462
464
465
466
467
468
469
470
471
472
473
474
475
476
477
478
479
480
481
482
483
484
485
486
487
488
489
490
491
492
493
495
496
497
498
499
500
501
502
503
504
505
506
507
508
509
510
511
512
513
514
515
516
517
518
519
520
521
522
523
524
525
526
527
528
530
531
532
533
534
535
536
537
538
539
540
541
542
543
544
545
546
547
548
549
550
551
552
553
554
556
557
558
559
560
561
562
563
564
565
566
567
568
569
570
571
572
573
574
575
576
577
578
579
580
581
582
583
584
585
586
587
588
589
590
591
592
593
594
595
596
597
598
599
600
601
602
603
604
605
606
607
609
610
611
612
613
614
615
616
617
618
619
621
622
623
624
625
626
627
628
629
630
631
632
633
634
635
636
637
638
639
640
641
642
643
644
645
646
647
648
649
650
651
652
653
654
655
656
657
658
659
660
661
662
663
664
665
666
667
668
669
670
671
672
673
674
675
676
677
678
679
680
681
682
683
684
685
686
687
688
689
690
691
692
693
694
695
696
697
698
699
700
701
702
703
704
705
706
707
708
709
710
711
712
713
714
715
716
717
718
719
720
721
722
723
724
725
726
727
728
729
730
731
732
733
734
735
736
737
738
739
740
741
742
743
744
745
746
747
748
749
750
751
752
753
754
756
757
758
759
760
761
762
763
764
765
767
768
769
770
771
772
773
774
775
776
777
778
779
780
781
782
783
784
785
786
787
788
789
790
791
792
793
794
795
796
797
798
799
800
801
802
803
804
805
806
807
808
809
810
811
812
813
814
815
816
817
818
819
820
821
822
823
824
825
826
827
828
829
830
831
832
833
834
835
836
837
838
839
840
841
842
843
844
845
846
847
848
849
850
851
852
853
854
855
856
857
858
859
860
861
862
863
864
865
866
867
868
869
870
871
872
873
874
875
876
877
878
879
880
881
882
883
884
885
886
887
888
889
890
891
892
893
894
895
896
897
898
899
900
901
902
903
904
905
906
907
908
909
910
911
912
913
914
915
916
917
918
919
920
921
922
923
924
925
926
927
928
929
930
931
932
933
934
935
936
937
938
939
940
941
942
943
944
945
946
947
948
949
950
951
952
953
954
955
956
957
958
960
961
962
963
964
965
966
967
968
969
970
971
972
973
974
975
976
977
978
979
980
981
982
983
984
985
986
987
988
989
990
991
992
993
994
995
996
997
998
999
1000
1001
1002
1003
1004
0 178 2
0 90 1
1 46 1
2 866 2
2 347 1
2 908 1
2 61 1
2 671 1
4 135 1
5 107 4
5 849 2
5 491 1
5 532 1
6 178 3
6 189 2
13 506 1
14 506 2
14 924 1
14 381 1
15 680 1
15 731 1
15 268 1
15 422 1
17 857 1
17 316 1
24 280 1
24 629 5
24 647 1
28 987 3
29 532 1
29 236 1
29 815 1
31 90 2
31 915 2
31 316 1
31 165 5
31 190 1
32 61 4
32 716 1
32 114 1
32 718 1
32 143 4
32 754 1
32 724 1
32 281 1
32 280 3
32 249 2
32 189 1
32 862 3
35 280 1
35 207 2
40 450 3
40 214 1
40 823 1
40 187 1
40 572 1
40 927 1
46 676 1
48 684 1
52 232 1
52 168 1
53 609 1
53 890 1
53 923 2
56 329 1
56 987 3
56 923 1
56 159 2
58 909 1
60 466 1
61 718 5
61 450 7
61 900 3
61 517 4
61 742 5
61 428 8
61 398 3
61 591 1
61 272 3
61 915 1
61 469 3
61 472 3
61 356 3
61 851 3
61 991 1
61 602 3
61 293 3
62 472 1
62 513 2
62 75 2
62 646 2
65 178 2
65 326 1
67 963 8
67 165 3
67 846 3
67 207 5
67 561 2
67 344 4
68 987 3
73 513 2
74 356 1
74 166 1
74 126 1
75 833 1
75 91 1
75 772 1
75 997 1
75 809 1
75 107 1
75 334 2
75 879 1
75 83 1
75 415 2
75 220 6
75 607 2
77 260 1
78 976 1
78 178 5
82 184 1
82 135 1
83 697 1
86 443 4
86 742 5
86 662 1
90 927 1
90 810 1
90 823 1
90 184 1
90 923 1
90 316 1
92 316 1
95 769 1
95 987 3
98 707 2
98 134 1
98 454 2
98 713 3
98 107 3
98 268 1
98 429 3
98 592 5
98 401 3
98 291 3
98 117 3
101 377 4
101 246 3
101 423 1
103 310 1
103 423 2
104 908 1
105 418 4
105 374 2
106 788 1
107 192 1
107 1004 1
107 214 1
111 586 1
113 823 1
113 927 2
114 189 2
118 532 3
118 502 2
118 862 2
120 823 1
120 923 1
120 772 2
120 454 1
120 927 2
122 428 1
122 716 1
125 622 1
127 334 1
132 828 1
134 592 2
134 291 1
134 454 4
135 581 1
135 870 2
135 170 1
135 718 2
135 371 1
135 628 3
135 942 1
135 703 2
136 428 1
136 316 1
139 513 2
139 343 1
141 469 1
142 280 1
142 316 1
147 823 1
147 927 1
147 454 1
147 607 2
151 253 2
152 443 9
153 977 4
153 418 1
153 996 1
159 578 1
159 278 1
159 742 2
159 617 1
159 500 2
159 214 2
159 923 5
159 607 1
160 530 1
160 629 5
164 638 1
165 401 7
165 344 1
165 316 7
165 990 2
166 232 2
166 586 2
166 500 1
166 362 1
167 547 1
167 207 1
167 978 3
167 469 2
167 920 1
167 988 1
167 607 1
168 356 1
168 232 1
168 266 2
168 782 1
168 912 4
168 949 1
168 439 1
168 260 9
168 762 1
170 231 1
173 506 1
175 849 3
175 275 5
175 532 2
175 737 1
178 409 3
178 538 3
178 646 1
178 295 3
178 693 3
178 710 3
178 969 2
178 333 3
178 976 2
178 339 1
178 470 3
178 599 3
178 605 2
178 862 3
178 991 3
178 482 3
178 228 3
178 502 9
178 249 3
178 767 3
180 958 2
181 190 4
188 280 1
188 988 1
188 469 1
189 652 1
189 716 1
189 904 1
189 1004 2
189 236 5
189 365 1
189 718 2
189 977 2
189 595 1
189 470 1
189 201 1
189 249 1
189 410 1
190 353 5
190 334 1
190 656 5
190 274 4
190 373 4
190 920 5
190 891 1
191 823 1
191 334 1
191 927 1
193 546 1
196 454 1
199 506 8
200 971 2
200 428 2
200 915 1
200 341 1
200 952 1
200 316 1
201 362 1
207 424 2
207 469 1
207 795 2
214 662 1
214 776 1
214 684 1
214 530 1
214 278 1
214 920 1
214 923 1
214 540 2
214 544 1
214 290 1
214 731 1
214 940 1
214 687 1
214 692 1
214 569 1
214 316 2
214 835 1
214 324 1
214 844 1
214 334 1
214 720 1
214 852 1
214 472 1
214 987 1
214 220 1
214 865 1
214 738 1
214 356 1
214 743 1
214 746 1
214 371 1
214 629 1
220 334 1
220 471 3
220 383 3
223 343 2
228 605 5
229 241 1
229 659 1
229 469 1
229 383 3
231 840 1
231 969 1
231 624 1
231 245 2
231 987 3
231 540 4
231 607 2
232 356 1
232 648 1
232 782 2
232 575 2
236 537 5
236 977 1
239 706 1
239 542 1
241 280 1
243 377 1
243 729 1
245 987 3
245 540 1
246 423 4
248 329 1
248 692 1
248 591 1
249 280 1
249 828 2
250 823 1
250 607 2
250 646 1
250 886 3
250 927 2
251 769 1
251 987 3
253 290 2
253 566 2
260 912 1
260 762 1
260 699 2
266 949 1
267 984 1
267 586 2
267 435 2
267 530 1
268 592 1
268 291 1
272 568 2
272 379 1
272 900 1
272 662 1
275 849 2
278 923 3
280 647 1
280 656 1
280 920 2
280 530 4
280 915 1
280 281 6
280 421 1
280 422 1
280 561 1
280 547 1
280 526 1
280 990 2
280 293 1
280 360 1
280 851 2
280 629 3
280 631 1
284 584 1
291 454 5
291 713 1
291 429 1
291 401 2
293 630 3
294 586 2
299 397 1
299 607 4
301 493 2
302 428 2
302 316 1
305 517 1
306 703 1
311 697 2
311 987 3
316 952 1
316 647 5
316 971 1
316 428 4
316 915 2
316 344 2
316 857 2
316 543 1
316 990 1
318 332 1
318 684 1
318 362 1
318 844 1
320 1004 1
322 951 2
327 381 2
329 427 1
329 910 1
329 624 2
329 819 1
329 607 1
332 558 1
332 782 2
333 607 1
334 609 1
334 612 2
334 462 1
334 607 3
335 532 2
338 987 3
341 739 2
341 915 2
343 663 2
343 638 2
347 933 1
347 966 1
356 607 1
360 891 1
360 629 3
361 987 3
362 704 1
362 870 1
362 371 1
362 660 3
362 954 1
364 987 3
369 513 3
369 535 3
369 823 1
369 927 2
372 609 1
377 729 4
379 568 2
380 440 1
381 643 1
381 810 1
381 532 1
381 670 1
383 646 3
383 940 1
383 532 1
383 887 1
383 922 1
388 534 1
395 514 1
398 712 2
401 454 7
401 429 5
401 415 4
402 950 3
410 977 1
410 607 1
413 823 1
413 927 1
415 607 3
416 823 1
416 927 1
418 977 12
418 996 11
421 424 2
423 977 7
424 795 2
427 955 2
428 450 4
428 838 4
428 915 4
428 857 2
429 454 8
432 987 4
433 738 4
433 987 5
435 984 1
435 586 3
435 500 4
435 782 2
440 537 1
443 742 6
443 662 3
444 823 2
444 535 1
444 927 2
450 802 1
450 900 1
450 742 1
450 568 1
454 609 1
454 592 7
465 700 1
469 851 2
469 630 3
472 782 2
479 980 1
482 987 3
482 990 2
485 513 2
485 823 1
485 927 2
491 532 5
493 795 1
493 629 3
497 977 2
499 607 1
500 550 1
500 586 4
500 782 1
500 687 1
502 700 1
502 718 1
502 591 1
506 996 2
506 745 1
506 682 1
506 783 2
506 688 1
506 644 2
506 1001 8
506 921 3
506 923 1
506 924 1
506 702 1
509 788 1
511 987 1
513 646 2
513 551 1
513 854 2
513 823 2
513 927 2
516 761 1
517 952 1
526 629 4
528 607 1
530 630 2
530 629 5
530 891 2
531 987 5
532 737 1
532 898 1
532 808 1
532 553 1
532 1004 1
532 688 1
532 820 1
532 700 1
532 670 1
534 718 3
535 823 2
535 927 2
537 674 3
540 987 3
540 697 1
540 955 1
541 924 1
542 823 1
542 718 3
542 927 2
546 550 2
550 595 1
551 823 1
551 927 2
558 956 1
561 629 3
561 846 2
565 684 1
566 772 1
566 687 1
568 802 1
568 947 4
568 662 1
572 951 2
575 782 4
577 686 1
582 987 3
586 762 1
587 720 7
591 910 1
591 718 1
591 607 4
592 713 3
592 607 1
592 927 4
596 662 1
599 710 1
600 918 1
607 646 5
607 969 1
607 687 1
607 731 1
609 923 1
614 978 1
614 858 1
624 873 1
629 658 3
629 685 3
629 846 2
629 630 3
629 631 3
629 891 3
630 920 2
633 890 2
634 788 1
641 987 3
643 670 1
644 996 9
646 927 2
646 823 1
650 745 2
654 991 1
657 921 11
659 771 2
679 684 1
680 720 1
680 731 24
687 923 4
690 702 1
692 746 3
692 910 1
692 775 1
697 771 1
697 855 2
697 925 2
700 748 1
703 771 4
718 866 1
720 936 1
720 855 1
722 823 1
722 927 2
737 849 2
738 923 1
739 915 1
742 900 3
746 935 1
748 926 1
758 956 1
758 918 2
761 783 1
762 908 1
762 765 1
764 987 3
769 873 1
770 823 1
770 927 2
774 947 16
789 987 3
790 812 2
790 956 1
809 987 3
810 980 1
823 854 1
823 927 4
840 987 3
849 987 4
854 927 2
858 991 1
866 951 1
872 987 3
873 987 3
890 923 1
923 951 3
933 966 1
955 987 3
977 996 7
977 1001 3
977 1004 2
978 988 1
987 994 3
