0
1
2
3
4
5
6
7
8
9
10
11
12
13
14
15
16
17
18
19
20
21
22
23
24
25
26
27
28
29
30
31
32
33
34
35
36
37
38
39
40
41
42
43
44
45
46
47
48
49
50
51
52
53
54
55
56
57
58
59
60
61
62
63
64
65
66
67
68
69
70
71
72
73
74
75
76
77
78
79
80
81
82
83
84
85
86
87
88
89
90
91
92
93
94
95
96
97
98
99
100
101
102
103
104
105
106
107
108
109
110
111
112
113
114
115
116
117
118
119
120
121
122
123
124
125
126
127
128
129
130
131
132
133
134
135
136
137
138
139
141
142
143
144
145
146
147
148
149
150
151
152
153
154
155
157
158
159
160
161
162
163
164
165
166
167
168
169
170
171
172
173
174
175
176
177
178
179
180
181
182
183
184
185
186
187
188
189
190
191
192
193
194
195
196
197
198
199
200
201
202
203
204
205
206
207
208
209
210
211
212
213
214
215
216
217
218
219
220
221
222
223
224
225
226
227
228
229
230
231
232
233
235
236
237
238
239
240
241
242
243
244
245
246
247
248
249
250
251
252
253
254
255
256
257
259
260
262
263
264
265
266
267
268
269
270
271
272
273
274
275
276
277
278
279
280
281
282
283
284
285
286
287
288
289
290
291
292
293
294
295
296
297
299
300
301
302
303
304
305
306
307
308
309
310
311
312
313
314
315
316
317
318
319
320
321
322
323
324
325
326
327
328
329
330
331
332
333
334
335
336
337
338
339
340
341
343
344
345
346
347
348
349
350
351
352
353
355
356
357
358
359
360
361
362
364
365
366
367
368
369
370
371
372
373
374
375
376
377
378
379
380
381
382
383
384
385
386
387
388
389
390
391
392
393
394
395
396
397
398
399
400
401
402
403
404
405
406
407
408
409
410
411
412
413
414
415
416
418
419
420
421
422
423
424
425
426
427
428
429
430
431
432
433
434
435
436
437
438
439
440
441
442
443
444
445
446
447
448
449
450
451
452
453
454
455
456
457
458
459
460
461
462
464
465
466
467
468
469
470
471
472
473
474
475
476
477
478
479
480
481
482
483
484
485
486
487
488
489
490
491
492
493
495
496
497
498
499
500
501
502
503
504
505
506
507
508
509
510
511
512
513
514
515
516
517
518
519
520
521
522
523
524
525
526
527
528
530
531
532
533
534
535
536
537
538
539
540
541
542
543
544
545
546
547
548
549
550
551
552
553
554
556
557
558
559
560
561
562
563
564
565
566
567
568
569
570
571
572
573
574
575
576
577
578
579
580
581
582
583
584
585
586
587
588
589
590
591
592
593
594
595
596
597
598
599
600
601
602
603
604
605
606
607
609
610
611
612
613
614
615
616
617
618
619
621
622
623
624
625
626
627
628
629
630
631
632
633
634
635
636
637
638
639
640
641
642
643
644
645
646
647
648
649
650
651
652
653
654
655
656
657
658
659
660
661
662
663
664
665
666
667
668
669
670
671
672
673
674
675
676
677
678
679
680
681
682
683
684
685
686
687
688
689
690
691
692
693
694
695
696
697
698
699
700
701
702
703
704
705
706
707
708
709
710
711
712
713
714
715
716
717
718
719
720
721
722
723
724
725
726
727
728
729
730
731
732
733
734
735
736
737
738
739
740
741
742
743
744
745
746
747
748
749
750
751
752
753
754
756
757
758
759
760
761
762
763
764
765
767
768
769
770
771
772
773
774
775
776
777
778
779
780
781
782
783
784
785
786
787
788
789
790
791
792
793
794
795
796
797
798
799
800
801
802
803
804
805
806
807
808
809
810
811
812
813
814
815
816
817
818
819
820
821
822
823
824
825
826
827
828
829
830
831
832
833
834
835
836
837
838
839
840
841
842
843
844
845
846
847
848
849
850
851
852
853
854
855
856
857
858
859
860
861
862
863
864
865
866
867
868
869
870
871
872
873
874
875
876
877
878
879
880
881
882
883
884
885
886
887
888
889
890
891
892
893
894
895
896
897
898
899
900
901
902
903
904
905
906
907
908
909
910
911
912
913
914
915
916
917
918
919
920
921
922
923
924
925
926
927
928
929
930
931
932
933
934
935
936
937
938
939
940
941
942
943
944
945
946
947
948
949
950
951
952
953
954
955
956
957
958
960
961
962
963
964
965
966
967
968
969
970
971
972
973
974
975
976
977
978
979
980
981
982
983
984
985
986
987
988
989
990
991
992
993
994
995
996
997
998
999
1000
1001
1002
1003
1004
0 569 3
1 323 1
2 168 1
2 75 1
2 812 2
2 17 2
2 790 3
2 700 2
4 362 1
4 771 3
4 135 1
5 553 1
5 107 1
5 532 1
5 246 1
5 491 1
6 248 1
6 569 3
6 470 1
11 619 1
11 662 1
12 870 1
13 743 2
14 410 1
15 680 6
15 370 1
15 731 5
15 406 1
15 422 5
16 777 1
16 410 2
16 595 1
16 541 1
17 267 1
17 700 1
17 790 1
24 267 1
24 493 1
24 142 2
24 658 1
24 629 8
24 280 2
24 891 8
25 48 2
25 956 1
29 107 1
29 532 1
29 118 2
30 936 1
30 356 1
31 990 1
31 569 5
31 165 16
31 838 1
32 862 1
32 977 3
32 754 1
32 693 4
32 184 1
32 891 4
32 280 2
34 997 5
34 581 1
34 855 4
35 280 1
35 469 1
38 534 2
40 450 3
40 900 1
40 214 1
40 802 1
40 502 1
40 749 1
40 272 3
40 662 1
40 187 1
40 572 1
40 159 5
41 704 2
41 723 1
42 323 1
44 499 1
45 52 1
48 704 3
48 672 1
48 580 2
48 458 2
48 684 2
48 565 1
48 590 1
48 499 3
48 558 1
48 216 2
48 956 1
48 319 4
52 472 1
52 66 1
52 356 7
52 126 1
53 193 4
53 923 2
56 482 1
56 410 1
58 586 1
58 909 2
61 388 2
61 517 5
61 233 1
61 522 2
61 843 1
61 716 1
61 749 1
61 718 10
61 534 3
61 343 3
61 991 1
62 571 5
62 646 1
62 542 1
65 449 2
65 771 2
65 193 2
65 135 2
65 334 3
65 687 1
65 272 1
65 83 2
65 948 1
65 120 4
65 220 2
65 784 1
65 191 3
67 344 9
67 963 43
67 165 5
67 207 10
72 581 2
72 214 1
72 135 3
75 772 10
75 107 1
75 749 1
75 334 4
75 850 5
75 499 1
75 191 2
75 120 1
75 633 4
75 607 5
75 220 2
75 190 1
75 127 2
77 168 6
77 556 1
77 912 5
77 260 6
78 569 1
78 506 1
78 502 1
78 862 1
82 697 1
83 784 1
83 863 1
83 901 1
83 993 1
86 443 1
90 609 1
90 551 2
90 334 1
90 280 1
90 506 6
90 124 1
90 862 1
90 223 1
91 166 2
91 607 3
92 847 1
92 207 2
95 873 1
96 420 1
96 638 1
98 707 4
98 454 4
98 134 2
98 713 1
98 107 4
98 268 3
98 592 6
98 291 2
98 117 2
98 278 2
101 184 1
101 377 1
101 779 1
101 246 1
101 423 1
103 832 1
103 514 1
103 612 2
103 950 2
103 303 1
105 418 4
106 1001 1
106 828 2
106 740 1
106 702 2
106 788 2
107 192 1
107 643 1
107 652 2
107 664 1
107 537 2
107 670 1
107 553 3
107 810 1
107 440 1
107 320 1
107 201 2
107 718 1
107 335 2
107 850 1
107 980 1
107 985 1
107 737 2
107 381 2
112 674 1
112 267 3
113 535 1
113 927 4
116 272 1
117 268 3
118 532 2
118 732 1
118 335 3
120 772 7
120 454 8
120 198 3
120 609 1
120 752 2
120 850 2
120 923 1
120 190 1
120 927 2
122 410 1
125 337 2
125 323 1
126 416 1
126 356 1
126 232 1
126 586 1
126 500 2
126 573 2
132 842 2
132 879 1
133 765 1
134 592 6
134 454 1
135 449 2
135 581 4
135 870 1
135 267 5
135 942 3
135 720 1
135 936 4
135 371 2
135 628 4
135 248 6
135 292 1
136 200 1
136 428 1
136 207 2
136 915 1
136 857 1
136 159 6
139 323 1
141 870 2
142 267 3
142 428 1
142 915 4
142 280 1
142 953 2
143 872 3
143 580 2
143 796 1
143 159 2
147 577 1
147 196 1
147 454 1
147 257 1
147 686 1
147 214 9
147 347 1
147 927 3
150 415 4
151 290 2
151 253 1
151 566 1
153 977 4
153 410 1
153 483 2
153 229 2
157 517 1
157 775 3
157 844 1
157 915 5
157 248 1
157 542 2
159 915 2
159 920 1
159 416 3
159 290 1
159 940 1
159 776 1
159 951 4
159 703 5
159 324 3
159 200 3
159 334 2
159 851 1
159 724 1
159 214 7
159 865 1
159 230 4
159 742 1
159 787 3
159 500 1
159 629 2
160 891 1
160 586 1
160 571 7
160 629 7
160 214 1
161 586 1
161 571 3
164 649 1
164 548 2
164 853 1
164 879 2
165 838 4
165 207 3
165 401 5
165 915 1
165 948 1
165 857 1
166 168 2
166 762 1
166 586 2
166 573 1
167 188 1
167 978 1
167 851 7
167 469 3
167 954 2
167 988 6
168 868 1
168 966 5
168 743 3
168 557 1
168 912 20
168 790 9
168 439 6
168 472 8
168 356 3
168 347 1
168 260 2
168 765 1
168 575 3
171 347 1
171 933 4
171 590 2
173 506 1
173 428 1
173 541 2
175 184 1
175 849 4
175 410 1
175 246 1
175 423 1
180 217 1
180 829 1
180 958 7
180 727 1
181 920 1
184 710 1
184 423 3
184 362 2
184 779 2
184 246 1
185 353 1
185 850 4
185 830 3
185 334 1
188 280 2
188 569 1
188 978 1
188 469 2
189 969 1
189 1004 1
189 470 1
189 569 1
189 280 2
189 249 2
189 862 4
190 353 1
190 656 1
190 274 1
190 373 1
190 891 5
190 629 1
191 927 4
191 749 1
191 415 2
192 506 1
193 290 2
193 550 1
193 617 1
193 714 4
193 633 1
193 923 4
196 873 1
196 850 4
196 586 1
196 429 1
197 923 4
199 644 1
199 506 6
199 924 2
199 541 1
200 915 6
200 951 1
200 952 7
200 543 1
201 718 1
202 629 5
205 997 1
207 424 2
207 428 2
207 493 1
207 558 3
207 847 1
207 469 3
207 795 1
208 236 1
209 356 3
214 290 2
214 742 1
214 239 1
214 951 2
214 923 5
216 321 1
216 319 2
220 749 1
220 334 1
223 322 2
223 462 1
223 879 3
228 569 3
228 693 1
229 790 1
229 742 1
229 607 1
231 840 2
231 462 1
231 624 1
231 245 1
231 698 2
231 350 3
231 607 2
232 260 4
233 769 1
239 609 2
239 951 2
241 280 1
241 469 2
245 840 2
245 698 2
245 540 2
246 423 2
246 724 4
248 450 1
248 550 2
248 364 1
248 718 2
248 591 1
248 692 3
248 506 1
249 969 1
249 470 1
249 569 4
250 662 1
250 886 1
250 927 5
251 633 2
251 410 1
256 416 1
256 472 2
256 356 4
256 885 3
260 912 1
264 586 1
267 790 3
267 586 4
267 971 5
267 629 3
267 662 1
267 891 8
267 700 4
268 291 1
268 454 4
268 713 1
268 592 4
268 633 2
270 704 1
272 450 3
272 900 2
272 712 1
272 802 1
272 687 3
274 469 1
275 849 1
277 571 4
277 700 1
278 454 2
280 647 2
280 526 2
280 656 1
280 530 2
280 915 2
280 920 2
280 547 2
280 421 1
280 422 1
280 561 3
280 718 2
280 851 2
280 990 1
280 528 3
280 360 2
280 658 1
280 629 3
280 631 5
280 891 2
281 569 2
281 491 2
281 731 1
285 571 4
290 566 1
291 401 2
291 429 2
291 454 1
293 569 2
294 885 2
295 569 2
299 634 1
303 368 1
303 950 1
303 343 1
305 912 1
305 416 6
306 374 3
306 749 2
306 742 5
308 418 7
308 926 1
310 322 1
310 477 1
311 697 1
311 955 2
313 472 1
313 356 1
316 915 1
317 692 1
318 684 1
318 499 1
318 332 3
319 458 1
319 956 1
319 558 2
321 499 4
322 663 1
322 879 3
322 853 1
322 343 1
323 509 1
323 402 1
324 700 1
324 534 5
326 938 1
326 687 1
332 435 6
332 500 10
332 782 2
333 569 3
333 470 3
333 862 1
334 612 3
334 742 2
334 586 1
334 718 5
334 687 2
334 923 1
335 867 1
335 664 4
335 532 4
337 505 2
337 388 2
337 854 2
337 646 1
338 433 1
338 540 1
338 773 1
343 388 2
343 534 1
343 663 2
343 612 1
347 933 1
347 966 3
347 590 1
353 891 5
356 416 2
356 868 1
356 517 3
356 743 8
356 586 1
356 684 4
356 912 8
356 629 2
356 472 13
356 602 2
356 574 1
356 765 1
360 569 1
360 629 8
362 585 1
362 971 2
362 854 1
364 764 1
368 879 2
369 513 6
369 535 1
369 927 4
371 915 1
372 415 3
377 457 3
377 718 5
377 951 1
379 568 3
380 440 1
382 924 1
383 528 2
383 388 2
383 586 6
383 444 2
388 591 1
388 853 1
388 534 1
388 638 1
394 571 7
397 671 2
397 975 2
401 429 9
401 454 4
401 415 3
404 506 1
406 680 3
409 569 4
409 506 1
409 599 1
410 482 1
410 837 1
410 1001 1
410 650 1
410 777 1
410 994 1
410 719 1
410 433 1
410 924 1
410 969 1
410 700 2
410 541 1
414 891 5
415 833 1
415 630 3
415 569 4
416 648 1
416 586 1
416 752 2
416 629 1
416 633 3
416 602 2
418 977 15
418 996 2
421 424 2
421 469 2
422 569 2
422 731 2
423 710 1
423 779 7
424 795 2
424 469 1
426 907 1
427 955 1
428 915 7
428 569 2
429 925 4
429 454 6
433 738 4
433 541 1
435 500 3
435 782 2
439 912 2
440 737 2
443 742 2
443 662 7
444 535 4
444 927 4
449 530 1
450 900 2
450 742 4
450 749 3
450 718 1
450 662 2
450 571 5
454 609 2
454 772 9
454 713 2
454 592 4
458 684 2
458 956 2
458 558 1
464 980 10
464 718 1
465 812 1
468 643 1
469 512 1
469 547 1
469 817 1
469 954 2
469 795 1
470 789 9
470 502 1
470 569 3
470 572 1
472 517 1
472 743 6
472 912 5
472 602 1
472 575 1
473 810 1
479 586 1
482 569 8
483 742 2
483 607 3
485 927 4
491 553 2
491 497 1
491 532 3
491 569 1
491 506 3
493 891 1
493 629 5
493 630 4
495 862 2
497 977 6
499 704 1
499 679 1
499 844 3
499 684 2
499 558 2
499 565 1
499 918 1
499 687 2
499 607 2
500 586 3
500 782 8
500 790 8
500 923 2
502 569 5
502 851 2
506 576 1
506 644 2
506 849 2
506 599 1
506 688 1
506 657 1
506 951 2
506 996 1
506 924 1
506 541 7
506 702 1
509 780 2
509 893 1
513 927 4
515 927 4
516 837 1
516 743 1
516 532 1
516 761 1
516 700 2
516 702 1
517 803 1
517 586 3
517 565 1
517 602 1
517 542 1
526 629 5
528 923 1
528 589 1
530 685 2
530 749 1
530 629 10
530 891 6
532 808 1
532 553 1
532 688 1
532 820 1
532 700 2
532 670 1
534 749 1
535 542 1
535 927 4
538 569 3
538 862 1
540 955 2
540 731 1
540 749 3
540 855 3
540 697 6
540 698 2
540 987 2
541 738 4
541 644 1
541 808 1
541 586 1
541 977 2
541 951 1
542 646 2
542 571 1
542 927 4
546 550 3
546 951 1
547 978 3
548 638 1
548 879 2
550 812 1
551 927 4
561 891 1
561 629 6
561 846 6
561 631 3
568 771 1
569 808 1
569 685 1
569 990 2
569 951 4
569 953 1
569 693 3
569 580 1
569 710 3
569 976 3
569 977 6
569 718 1
569 599 4
569 605 3
569 862 17
569 991 2
569 572 1
569 749 7
569 631 1
571 900 11
571 742 8
571 870 3
571 935 2
571 684 5
571 910 1
571 663 3
571 731 1
571 885 2
580 582 1
581 936 3
581 855 4
581 830 4
582 764 1
586 718 1
586 687 3
586 885 2
586 854 2
587 720 1
590 933 2
591 718 1
592 713 1
592 927 10
595 696 1
595 1004 1
595 718 1
602 743 3
602 765 5
605 789 2
605 670 1
607 718 2
607 798 2
607 927 2
609 707 1
609 772 5
609 1003 1
609 850 1
609 951 4
612 740 1
614 858 1
617 720 3
617 714 2
628 720 4
629 658 5
629 685 5
629 927 2
629 718 1
629 846 5
629 749 1
629 630 9
629 631 5
629 891 23
629 894 5
630 838 1
630 685 6
630 851 4
630 920 6
630 891 3
631 891 1
634 788 1
638 832 1
638 788 2
638 700 2
643 685 1
644 650 3
646 968 1
646 927 4
648 765 2
650 682 1
650 738 4
650 783 2
654 738 5
654 682 1
657 921 1
658 891 1
663 950 2
672 844 3
678 696 2
680 720 3
680 731 3
680 707 1
682 738 3
683 850 1
684 704 5
684 844 1
684 956 1
685 1001 2
685 724 1
685 891 1
687 923 1
692 742 1
692 746 2
692 749 2
692 830 1
694 845 1
697 771 2
697 855 3
697 925 1
698 840 2
698 873 2
698 764 2
700 790 1
700 703 1
702 924 1
702 842 3
703 772 4
703 771 4
703 951 1
704 743 3
704 956 2
707 951 6
708 866 5
715 926 1
716 718 2
718 720 1
718 724 3
718 866 6
718 749 1
718 754 1
718 980 1
719 761 1
719 738 8
720 833 1
720 855 1
720 863 1
722 927 6
737 849 1
738 783 3
740 788 1
740 879 2
742 771 3
742 749 3
743 912 3
743 765 2
746 749 2
749 865 1
749 834 1
752 927 2
758 956 2
758 844 6
761 881 2
761 969 2
765 859 1
765 936 3
770 927 4
772 850 2
772 951 4
772 923 1
773 955 2
774 947 21
775 891 1
790 812 1
821 927 1
823 854 1
823 927 4
833 850 2
838 952 1
838 971 1
846 891 1
850 987 2
854 927 5
861 896 1
868 912 1
880 923 3
885 984 3
921 977 1
924 1001 1
925 955 2
927 948 3
933 966 2
935 966 1
951 971 1
955 987 3
969 977 3
977 1004 7
