0
1
2
3
4
5
6
7
8
9
10
11
12
13
14
15
16
17
18
19
20
21
22
23
24
25
26
27
28
29
30
31
32
33
34
35
36
37
38
39
40
41
42
43
44
45
46
47
48
49
50
51
52
53
54
55
56
57
58
59
60
61
62
63
64
65
66
67
68
69
70
71
72
73
74
75
76
77
78
79
80
81
82
83
84
85
86
87
88
89
90
91
92
93
94
95
96
97
98
99
100
101
102
103
104
105
106
107
108
109
110
111
112
113
114
115
116
117
118
119
120
121
122
123
124
125
126
127
128
129
130
131
132
133
134
135
136
137
138
139
141
142
143
144
145
146
147
148
149
150
151
152
153
154
155
157
158
159
160
161
162
163
164
165
166
167
168
169
170
171
172
173
174
175
176
177
178
179
180
181
182
183
184
185
186
187
188
189
190
191
192
193
194
195
196
197
198
199
200
201
202
203
204
205
206
207
208
209
210
211
212
213
214
215
216
217
218
219
220
221
222
223
224
225
226
227
228
229
230
231
232
233
235
236
237
238
239
240
241
242
243
244
245
246
247
248
249
250
251
252
253
254
255
256
257
259
260
262
263
264
265
266
267
268
269
270
271
272
273
274
275
276
277
278
279
280
281
282
283
284
285
286
287
288
289
290
291
292
293
294
295
296
297
299
300
301
302
303
304
305
306
307
308
309
310
311
312
313
314
315
316
317
318
319
320
321
322
323
324
325
326
327
328
329
330
331
332
333
334
335
336
337
338
339
340
341
343
344
345
346
347
348
349
350
351
352
353
355
356
357
358
359
360
361
362
364
365
366
367
368
369
370
371
372
373
374
375
376
377
378
379
380
381
382
383
384
385
386
387
388
389
390
391
392
393
394
395
396
397
398
399
400
401
402
403
404
405
406
407
408
409
410
411
412
413
414
415
416
418
419
420
421
422
423
424
425
426
427
428
429
430
431
432
433
434
435
436
437
438
439
440
441
442
443
444
445
446
447
448
449
450
451
452
453
454
455
456
457
458
459
460
461
462
464
465
466
467
468
469
470
471
472
473
474
475
476
477
478
479
480
481
482
483
484
485
486
487
488
489
490
491
492
493
495
496
497
498
499
500
501
502
503
504
505
506
507
508
509
510
511
512
513
514
515
516
517
518
519
520
521
522
523
524
525
526
527
528
530
531
532
533
534
535
536
537
538
539
540
541
542
543
544
545
546
547
548
549
550
551
552
553
554
556
557
558
559
560
561
562
563
564
565
566
567
568
569
570
571
572
573
574
575
576
577
578
579
580
581
582
583
584
585
586
587
588
589
590
591
592
593
594
595
596
597
598
599
600
601
602
603
604
605
606
607
609
610
611
612
613
614
615
616
617
618
619
621
622
623
624
625
626
627
628
629
630
631
632
633
634
635
636
637
638
639
640
641
642
643
644
645
646
647
648
649
650
651
652
653
654
655
656
657
658
659
660
661
662
663
664
665
666
667
668
669
670
671
672
673
674
675
676
677
678
679
680
681
682
683
684
685
686
687
688
689
690
691
692
693
694
695
696
697
698
699
700
701
702
703
704
705
706
707
708
709
710
711
712
713
714
715
716
717
718
719
720
721
722
723
724
725
726
727
728
729
730
731
732
733
734
735
736
737
738
739
740
741
742
743
744
745
746
747
748
749
750
751
752
753
754
756
757
758
759
760
761
762
763
764
765
767
768
769
770
771
772
773
774
775
776
777
778
779
780
781
782
783
784
785
786
787
788
789
790
791
792
793
794
795
796
797
798
799
800
801
802
803
804
805
806
807
808
809
810
811
812
813
814
815
816
817
818
819
820
821
822
823
824
825
826
827
828
829
830
831
832
833
834
835
836
837
838
839
840
841
842
843
844
845
846
847
848
849
850
851
852
853
854
855
856
857
858
859
860
861
862
863
864
865
866
867
868
869
870
871
872
873
874
875
876
877
878
879
880
881
882
883
884
885
886
887
888
889
890
891
892
893
894
895
896
897
898
899
900
901
902
903
904
905
906
907
908
909
910
911
912
913
914
915
916
917
918
919
920
921
922
923
924
925
926
927
928
929
930
931
932
933
934
935
936
937
938
939
940
941
942
943
944
945
946
947
948
949
950
951
952
953
954
955
956
957
958
960
961
962
963
964
965
966
967
968
969
970
971
972
973
974
975
976
977
978
979
980
981
982
983
984
985
986
987
988
989
990
991
992
993
994
995
996
997
998
999
1000
1001
1002
1003
1004
0 6 1
0 228 1
0 502 1
0 710 1
0 423 2
0 599 1
0 295 1
0 333 1
0 78 1
0 605 1
0 976 1
0 537 1
0 693 1
0 470 1
0 409 1
0 249 1
0 538 1
0 767 1
0 189 3
0 862 1
0 991 1
1 322 2
1 309 1
2 465 2
2 700 1
2 281 1
5 107 2
6 249 1
6 716 3
6 189 3
6 333 1
7 810 2
7 418 3
11 890 1
13 738 1
14 506 2
14 410 1
14 738 1
15 680 2
15 731 4
15 422 5
16 410 1
16 718 2
16 127 5
17 316 2
19 333 2
24 280 1
24 629 7
25 458 1
25 684 1
25 386 1
25 558 1
28 955 1
29 506 2
29 107 1
29 333 3
29 670 1
30 356 1
30 765 1
31 316 2
31 428 2
31 165 13
31 990 2
32 280 1
32 580 1
32 718 1
35 280 1
35 978 1
35 207 1
40 193 1
40 802 1
40 86 1
40 488 1
40 272 1
40 662 3
40 120 1
40 90 1
40 187 2
40 572 1
41 723 2
42 402 2
42 612 1
48 672 1
48 956 1
48 458 2
48 499 1
48 684 2
50 402 3
50 559 9
52 868 1
52 586 1
52 356 2
53 193 2
56 410 1
56 531 1
56 159 2
58 909 1
61 991 2
61 522 6
61 334 1
61 687 1
61 718 3
61 591 2
61 127 3
62 513 1
62 485 2
62 646 3
62 551 1
62 369 2
62 854 2
62 542 3
67 344 3
67 561 2
67 963 2
67 846 2
67 207 2
68 733 1
68 422 1
70 120 1
70 334 1
73 684 1
74 256 6
74 356 1
74 166 1
74 294 1
74 313 2
74 447 1
75 193 1
75 987 1
75 772 2
75 517 1
75 107 1
75 850 1
75 334 3
75 178 1
75 120 1
75 633 1
75 127 1
75 220 1
75 190 1
75 997 1
77 416 1
77 356 1
77 266 2
77 912 1
77 699 1
77 765 2
77 575 1
82 720 1
82 731 1
83 863 1
84 337 2
84 534 2
86 90 1
86 443 1
86 662 4
90 534 4
90 141 1
90 657 3
90 662 1
90 281 1
90 278 2
90 682 2
90 939 1
90 306 1
90 201 1
90 440 2
90 316 1
90 841 1
90 335 2
90 850 2
90 853 1
90 612 1
90 220 5
90 865 2
90 994 2
90 356 2
90 742 1
90 107 2
90 628 2
90 248 5
90 506 4
90 763 1
90 765 2
91 609 1
91 885 1
91 415 5
92 316 2
92 428 1
96 420 1
96 324 1
97 337 1
98 401 5
98 429 4
98 454 1
98 134 1
101 377 1
101 866 1
101 718 1
101 246 1
101 423 3
102 534 1
103 368 1
103 423 1
103 343 2
104 648 1
104 425 1
104 356 2
104 765 8
105 418 1
107 898 1
107 236 2
107 652 1
107 664 1
107 537 2
107 670 1
107 808 1
107 553 1
107 810 2
107 393 1
107 320 1
107 201 1
107 335 1
107 464 2
107 468 1
107 214 1
107 985 1
107 208 1
107 1004 1
107 118 1
107 120 1
107 980 1
107 381 2
111 586 2
112 232 2
112 674 2
112 356 3
112 166 1
112 782 1
114 189 2
114 718 1
118 502 1
118 862 1
120 772 2
120 517 1
120 135 2
120 450 1
120 783 1
120 528 1
120 920 1
120 530 1
120 147 1
120 534 1
120 280 1
120 157 2
120 542 1
120 544 1
120 674 1
120 987 2
120 220 2
120 553 1
120 775 1
120 812 1
120 306 2
120 178 1
120 316 2
120 189 1
120 190 1
120 416 1
120 834 1
120 586 1
120 718 1
120 591 1
120 720 1
120 850 1
120 851 1
120 980 1
120 334 1
120 731 1
120 915 2
120 221 1
120 865 2
120 994 2
120 739 1
120 356 3
120 997 2
120 742 2
120 743 1
120 235 1
120 978 1
120 499 2
120 629 3
120 502 1
120 248 2
120 127 2
121 648 1
122 426 1
122 915 1
122 718 1
125 622 9
126 416 2
126 633 1
126 586 3
126 356 2
127 189 1
127 724 3
127 629 1
132 388 1
133 356 1
133 166 2
134 291 1
134 738 1
134 683 1
134 454 1
135 292 1
135 581 5
135 936 5
135 170 1
135 942 14
135 733 1
135 720 1
135 337 1
135 178 1
135 628 7
135 214 1
135 153 1
135 692 1
135 362 1
135 549 3
136 165 1
136 200 2
136 207 2
136 915 2
136 952 1
136 316 2
137 936 3
137 523 1
137 581 2
138 528 1
139 534 2
141 978 1
141 851 1
141 469 2
141 630 3
141 789 1
142 280 1
142 915 1
142 316 7
143 580 1
147 416 1
149 377 1
150 416 1
150 415 1
151 290 2
151 253 2
152 443 2
153 1001 2
153 418 2
153 996 2
153 977 7
159 290 2
159 251 1
159 356 2
159 278 1
159 844 3
159 718 1
159 851 2
159 500 1
159 214 2
159 407 2
159 724 1
159 731 2
159 963 1
160 530 2
160 629 6
161 626 1
165 401 13
165 344 5
165 857 2
165 316 4
166 416 2
166 232 2
166 586 3
166 782 2
166 762 1
166 765 2
167 978 3
167 851 6
167 988 2
167 469 1
168 356 2
168 966 2
168 586 1
168 912 2
168 949 1
168 790 1
168 472 1
168 260 1
168 765 1
170 951 1
173 506 1
173 541 1
175 849 7
175 275 4
175 532 7
175 1004 1
175 737 1
178 482 1
178 502 2
178 333 1
178 470 1
178 890 1
178 415 1
181 190 3
183 688 1
184 710 1
185 762 1
185 231 2
188 280 1
188 978 1
188 851 1
188 421 2
189 652 1
189 904 1
189 716 10
189 1004 1
189 236 3
189 530 3
189 718 8
189 365 1
189 433 1
189 595 3
189 470 1
189 201 1
189 249 1
189 410 4
189 381 1
190 353 3
190 656 3
190 274 3
190 629 2
190 373 3
191 416 1
191 752 1
191 692 11
191 334 1
191 415 3
192 381 1
193 416 1
193 609 1
193 290 2
193 245 2
193 454 2
193 338 1
193 629 1
193 633 1
193 923 1
196 731 2
196 413 2
200 971 1
200 428 4
200 915 11
200 952 1
200 316 4
207 891 1
207 493 3
207 558 2
207 424 1
207 978 1
207 469 3
207 795 3
208 977 1
208 335 4
209 356 5
209 765 2
214 994 1
214 356 2
214 614 2
214 220 1
214 586 1
214 290 2
214 718 1
214 765 3
214 978 1
214 915 3
214 662 1
214 857 1
214 851 4
214 316 4
214 746 1
216 956 1
223 534 1
223 343 4
228 605 3
228 502 3
229 306 1
231 738 2
231 245 2
231 586 1
231 693 1
231 502 1
231 698 2
231 923 1
231 511 1
232 416 2
232 332 3
232 782 2
232 313 2
232 699 1
232 575 1
235 890 1
236 537 2
239 568 1
239 713 2
239 809 2
241 280 1
245 698 2
245 733 1
245 671 1
246 377 2
246 423 3
248 506 1
249 716 1
250 332 9
251 531 1
253 290 2
253 566 3
256 416 1
256 294 2
256 885 1
256 313 3
256 447 1
266 912 1
266 439 1
267 586 12
267 803 2
267 517 4
272 450 1
272 802 1
273 523 1
273 581 1
274 552 1
275 849 2
275 327 1
277 700 1
278 890 2
278 923 1
280 647 1
280 656 1
280 920 1
280 530 1
280 915 1
280 421 1
280 422 1
280 561 1
280 953 1
280 547 1
280 526 1
280 858 1
280 990 1
280 293 1
280 360 1
280 851 1
280 629 7
280 631 1
281 491 1
283 483 2
284 731 1
284 422 3
287 782 1
288 629 5
291 401 5
291 429 4
291 454 1
293 718 1
294 416 1
294 885 2
294 313 1
294 447 1
301 978 2
302 316 2
306 742 1
306 374 2
306 863 2
308 418 1
310 343 1
311 955 3
313 356 4
313 885 1
313 765 3
313 447 1
316 647 2
316 915 11
316 543 2
316 428 7
316 952 2
316 953 2
316 838 1
316 971 2
316 344 2
316 857 2
316 349 1
316 990 2
316 629 2
317 523 1
318 558 2
319 956 1
321 558 1
322 663 1
322 399 1
322 853 1
322 343 10
324 638 5
324 591 1
327 381 2
329 421 2
329 427 1
329 692 1
329 733 1
329 343 2
332 586 1
332 782 4
332 435 1
332 500 4
332 575 1
333 502 1
333 767 1
334 356 1
334 746 1
334 772 1
334 915 6
334 692 1
334 502 1
334 612 4
334 586 2
334 607 3
335 737 1
335 810 18
335 664 1
337 581 1
337 942 5
337 822 1
337 505 1
337 509 1
337 735 1
338 624 1
343 534 1
343 853 1
343 950 4
343 663 4
347 700 1
347 966 1
349 428 3
353 891 1
356 517 1
356 912 1
356 416 1
356 602 1
356 687 1
356 586 3
356 472 12
356 730 3
356 868 1
356 743 2
356 765 4
360 891 2
360 629 5
362 517 1
362 528 1
362 538 3
362 795 1
362 383 8
365 393 1
368 950 1
369 444 2
369 535 1
372 404 1
377 866 4
377 423 2
377 457 4
377 716 1
377 718 3
377 729 1
380 440 1
383 720 3
383 669 2
388 742 2
388 534 4
395 534 1
401 454 6
401 429 18
401 415 11
402 559 6
404 595 1
407 779 1
408 915 1
410 969 1
410 716 1
410 719 1
410 977 2
411 418 1
413 692 3
414 891 1
415 587 2
415 692 8
416 454 1
416 586 2
416 517 2
416 912 4
416 885 1
416 868 1
418 996 5
418 969 1
418 977 6
418 541 1
420 559 1
421 424 3
421 978 1
421 795 2
422 680 2
422 857 2
422 731 4
423 866 3
423 646 4
423 599 3
423 977 4
423 537 12
424 978 1
424 795 5
424 990 3
425 908 4
427 955 3
428 802 2
428 647 1
428 915 10
428 952 1
428 953 2
429 454 10
435 500 8
435 782 1
439 912 2
440 537 1
442 899 2
443 742 4
443 662 2
444 483 1
447 586 5
454 772 2
458 577 2
458 844 2
458 684 2
458 558 1
458 499 1
458 956 1
459 517 1
465 890 2
465 700 1
469 978 1
472 602 1
472 575 1
472 743 3
477 534 2
482 531 1
482 733 1
485 542 1
491 506 2
493 978 1
493 685 2
493 629 5
499 890 1
499 684 3
500 586 3
500 814 1
502 519 1
502 538 2
502 991 1
502 511 1
506 1001 1
506 599 2
510 939 1
510 622 1
511 849 1
512 978 1
516 738 1
516 804 2
516 783 1
516 881 4
516 532 1
516 761 3
517 890 1
522 718 1
523 886 1
526 629 5
527 785 1
530 629 10
530 630 1
530 891 6
531 809 1
531 671 1
532 553 6
532 804 1
532 790 2
534 591 2
534 822 1
535 854 1
535 823 1
538 547 2
540 840 1
540 698 2
540 987 1
540 955 1
541 1001 1
541 738 2
542 646 1
546 586 1
546 550 1
547 978 1
550 746 1
552 978 1
553 670 2
558 844 1
558 684 2
558 565 1
558 956 3
559 634 3
559 622 16
561 629 5
565 926 1
569 629 1
573 586 4
575 782 2
577 926 1
580 791 1
581 742 1
581 936 1
581 855 3
581 733 1
582 994 2
584 731 1
586 782 6
586 912 1
586 687 2
586 868 1
586 885 2
586 762 5
587 720 7
588 733 1
591 742 1
591 718 1
591 915 1
591 663 1
592 923 1
595 718 1
595 934 7
597 738 1
599 710 2
599 767 1
602 782 1
602 743 1
605 693 1
605 789 2
607 696 1
607 890 1
609 707 1
609 772 2
609 1003 1
609 890 1
609 927 1
612 832 1
614 978 1
614 851 1
617 833 1
622 676 9
626 863 1
628 720 1
629 658 5
629 915 1
629 685 5
629 838 2
629 846 5
629 720 1
629 978 4
629 851 1
629 731 1
629 920 1
629 630 9
629 631 5
629 891 5
634 788 1
638 939 2
638 700 3
638 977 1
641 994 2
643 685 1
644 738 1
644 996 1
647 915 1
648 762 1
648 765 4
648 885 1
650 682 1
654 738 1
654 682 1
654 991 4
656 838 3
658 851 1
659 863 1
662 802 1
671 738 1
672 844 1
679 844 1
680 731 3
682 738 1
682 783 1
682 850 1
684 844 1
684 956 1
687 718 1
687 742 1
692 830 1
692 733 1
692 798 3
697 855 2
698 840 2
698 873 2
698 764 2
700 812 1
700 790 1
704 743 2
715 926 1
716 718 4
716 754 1
718 904 3
718 777 1
718 969 1
718 843 1
718 724 8
718 732 1
718 866 3
718 754 4
718 883 3
720 936 2
720 890 1
720 731 2
731 870 1
731 890 1
733 769 1
733 995 1
733 836 1
733 746 1
733 855 1
733 764 1
738 923 3
738 996 1
738 1001 1
738 975 1
738 979 1
738 921 2
738 783 3
742 769 1
742 771 2
742 900 2
742 915 2
743 794 2
745 837 1
762 765 1
765 908 3
765 912 1
769 863 1
773 955 2
774 947 21
780 950 6
783 850 1
783 923 1
784 863 1
790 812 2
790 885 1
790 863 4
795 978 2
817 978 1
817 851 4
840 987 1
850 890 1
851 978 2
851 858 3
857 915 4
858 991 7
863 993 1
863 994 2
865 890 2
867 909 2
881 928 1
885 984 1
890 963 1
890 923 2
912 949 2
915 971 2
915 953 1
915 952 1
921 923 1
925 955 2
954 978 1
957 978 1
977 996 4
977 1001 14
977 1004 3
978 988 4
