0
1
2
3
4
5
6
7
8
9
10
11
12
13
14
15
16
17
18
19
20
21
22
23
24
25
26
27
28
29
30
31
32
33
34
35
36
37
38
39
40
41
42
43
44
45
46
47
48
49
50
51
52
53
54
55
56
57
58
59
60
61
62
63
64
65
66
67
68
69
70
71
72
73
74
75
76
77
78
79
80
81
82
83
84
85
86
87
88
89
90
91
92
93
94
95
96
97
98
99
100
101
102
103
104
105
106
107
108
109
110
111
112
113
114
115
116
117
118
119
120
121
122
123
124
125
126
127
128
129
130
131
132
133
134
135
136
137
138
139
141
142
143
144
145
146
147
148
149
150
151
152
153
154
155
157
158
159
160
161
162
163
164
165
166
167
168
169
170
171
172
173
174
175
176
177
178
179
180
181
182
183
184
185
186
187
188
189
190
191
192
193
194
195
196
197
198
199
200
201
202
203
204
205
206
207
208
209
210
211
212
213
214
215
216
217
218
219
220
221
222
223
224
225
226
227
228
229
230
231
232
233
235
236
237
238
239
240
241
242
243
244
245
246
247
248
249
250
251
252
253
254
255
256
257
259
260
262
263
264
265
266
267
268
269
270
271
272
273
274
275
276
277
278
279
280
281
282
283
284
285
286
287
288
289
290
291
292
293
294
295
296
297
299
300
301
302
303
304
305
306
307
308
309
310
311
312
313
314
315
316
317
318
319
320
321
322
323
324
325
326
327
328
329
330
331
332
333
334
335
336
337
338
339
340
341
343
344
345
346
347
348
349
350
351
352
353
355
356
357
358
359
360
361
362
364
365
366
367
368
369
370
371
372
373
374
375
376
377
378
379
380
381
382
383
384
385
386
387
388
389
390
391
392
393
394
395
396
397
398
399
400
401
402
403
404
405
406
407
408
409
410
411
412
413
414
415
416
418
419
420
421
422
423
424
425
426
427
428
429
430
431
432
433
434
435
436
437
438
439
440
441
442
443
444
445
446
447
448
449
450
451
452
453
454
455
456
457
458
459
460
461
462
464
465
466
467
468
469
470
471
472
473
474
475
476
477
478
479
480
481
482
483
484
485
486
487
488
489
490
491
492
493
495
496
497
498
499
500
501
502
503
504
505
506
507
508
509
510
511
512
513
514
515
516
517
518
519
520
521
522
523
524
525
526
527
528
530
531
532
533
534
535
536
537
538
539
540
541
542
543
544
545
546
547
548
549
550
551
552
553
554
556
557
558
559
560
561
562
563
564
565
566
567
568
569
570
571
572
573
574
575
576
577
578
579
580
581
582
583
584
585
586
587
588
589
590
591
592
593
594
595
596
597
598
599
600
601
602
603
604
605
606
607
609
610
611
612
613
614
615
616
617
618
619
621
622
623
624
625
626
627
628
629
630
631
632
633
634
635
636
637
638
639
640
641
642
643
644
645
646
647
648
649
650
651
652
653
654
655
656
657
658
659
660
661
662
663
664
665
666
667
668
669
670
671
672
673
674
675
676
677
678
679
680
681
682
683
684
685
686
687
688
689
690
691
692
693
694
695
696
697
698
699
700
701
702
703
704
705
706
707
708
709
710
711
712
713
714
715
716
717
718
719
720
721
722
723
724
725
726
727
728
729
730
731
732
733
734
735
736
737
738
739
740
741
742
743
744
745
746
747
748
749
750
751
752
753
754
756
757
758
759
760
761
762
763
764
765
767
768
769
770
771
772
773
774
775
776
777
778
779
780
781
782
783
784
785
786
787
788
789
790
791
792
793
794
795
796
797
798
799
800
801
802
803
804
805
806
807
808
809
810
811
812
813
814
815
816
817
818
819
820
821
822
823
824
825
826
827
828
829
830
831
832
833
834
835
836
837
838
839
840
841
842
843
844
845
846
847
848
849
850
851
852
853
854
855
856
857
858
859
860
861
862
863
864
865
866
867
868
869
870
871
872
873
874
875
876
877
878
879
880
881
882
883
884
885
886
887
888
889
890
891
892
893
894
895
896
897
898
899
900
901
902
903
904
905
906
907
908
909
910
911
912
913
914
915
916
917
918
919
920
921
922
923
924
925
926
927
928
929
930
931
932
933
934
935
936
937
938
939
940
941
942
943
944
945
946
947
948
949
950
951
952
953
954
955
956
957
958
960
961
962
963
964
965
966
967
968
969
970
971
972
973
974
975
976
977
978
979
980
981
982
983
984
985
986
987
988
989
990
991
992
993
994
995
996
997
998
999
1000
1001
1002
1003
1004
2 782 2
2 166 1
4 441 1
4 135 1
5 491 1
5 670 2
8 544 1
13 951 2
14 924 1
14 702 1
15 680 1
15 731 4
16 293 1
19 293 1
24 280 1
24 561 2
24 891 5
24 909 2
24 629 1
28 987 1
29 491 1
29 381 1
29 670 1
31 165 3
31 838 1
32 921 1
35 469 1
35 207 1
38 939 2
40 272 1
41 73 3
41 723 2
48 723 1
52 232 1
52 948 2
52 126 1
55 404 4
56 987 1
56 772 1
58 818 1
58 909 2
61 450 1
61 388 1
61 517 1
61 166 1
61 135 1
61 393 3
61 718 4
61 591 2
61 742 2
61 851 1
61 692 1
61 502 1
61 356 1
61 602 1
61 915 1
61 157 1
62 542 2
62 646 2
62 823 2
67 963 11
67 165 4
67 391 3
67 846 4
67 207 4
67 561 3
67 344 5
68 987 1
69 943 1
70 776 1
73 723 1
73 644 1
73 926 1
74 416 1
74 112 1
74 356 1
74 166 1
75 220 2
75 948 3
75 550 1
76 471 1
82 267 1
82 135 1
84 534 2
86 152 1
86 443 7
86 662 2
90 356 1
90 765 1
91 499 1
95 987 1
98 592 1
98 401 3
101 718 1
101 246 1
102 293 1
103 164 1
103 943 3
104 425 4
104 313 2
105 418 14
111 586 3
112 1000 2
112 267 3
112 870 1
118 732 1
120 948 3
126 416 3
126 356 1
126 869 1
126 586 1
126 240 1
126 790 3
126 948 5
126 542 2
127 687 2
129 926 2
133 912 1
133 602 1
133 948 2
133 765 2
134 592 2
135 581 4
135 870 1
135 936 2
135 233 2
135 170 1
135 942 1
135 371 1
135 628 2
135 855 1
135 292 3
135 703 4
136 200 3
136 857 1
136 915 2
136 316 1
139 323 1
139 510 1
139 487 1
141 188 1
141 630 3
142 274 1
147 609 1
147 926 1
149 372 1
149 293 1
151 253 2
153 418 1
157 248 1
157 577 1
157 926 1
159 416 1
159 233 1
159 868 1
160 280 2
160 857 1
160 629 1
161 746 2
163 646 1
165 401 5
165 344 2
165 857 1
165 890 1
166 392 3
166 356 2
167 585 1
167 547 1
167 469 1
168 260 2
168 966 2
168 648 2
168 425 1
168 912 12
168 949 6
168 439 1
168 472 3
168 356 1
171 926 1
173 657 2
173 702 1
178 228 1
178 599 1
184 718 1
185 830 1
187 450 1
188 978 1
188 469 1
189 362 1
200 857 1
200 915 1
200 316 1
207 424 1
207 469 3
207 954 1
207 795 2
207 988 1
207 373 1
214 868 1
214 746 1
214 940 3
214 334 1
214 239 1
214 502 1
216 458 1
220 471 2
220 506 1
220 334 1
220 383 6
223 322 1
223 879 1
223 343 1
224 349 1
230 926 1
231 338 1
231 874 1
231 987 1
231 540 3
231 245 3
232 356 1
232 425 1
232 946 1
232 790 2
232 472 1
232 765 2
233 835 2
233 329 3
233 746 1
233 692 1
239 416 1
239 868 2
241 978 1
241 469 1
245 840 1
245 874 1
245 987 1
245 540 3
246 293 1
246 423 1
248 506 2
248 746 1
250 332 2
250 854 1
250 886 1
251 987 1
256 648 1
256 416 1
256 478 4
256 313 2
260 912 3
260 439 1
267 586 9
267 686 2
267 561 1
267 891 1
272 595 1
272 662 1
273 951 4
277 715 1
277 926 1
278 772 1
280 288 1
280 547 2
280 388 2
280 360 1
280 658 1
280 685 1
280 846 2
280 493 1
280 561 1
280 530 1
280 526 2
280 630 1
280 631 1
280 891 1
280 629 4
281 484 1
281 349 3
284 680 1
284 731 1
285 926 1
288 484 4
288 773 4
288 391 6
288 493 4
288 846 4
288 561 5
288 629 5
291 401 3
292 506 2
293 866 1
293 716 1
293 724 1
293 862 1
294 817 2
294 586 2
301 469 1
311 987 1
311 955 1
316 857 1
316 953 1
319 832 1
319 558 1
321 458 1
321 499 4
321 565 1
322 740 1
322 879 4
325 372 1
332 500 7
332 586 1
335 381 1
336 715 1
337 870 1
338 987 1
343 879 2
343 399 1
347 715 1
347 926 1
349 976 1
353 391 5
355 926 1
356 416 2
356 868 3
356 743 1
356 718 1
356 912 3
356 648 1
356 948 1
356 790 5
356 730 2
360 629 1
361 987 1
362 383 1
365 866 1
369 646 1
371 585 2
372 595 1
372 404 2
372 934 1
373 391 12
378 603 1
381 506 1
381 670 2
383 891 2
388 638 4
391 629 1
391 445 5
401 454 4
401 683 1
401 429 3
401 415 4
404 595 1
416 425 1
416 586 3
416 946 2
416 948 4
416 472 1
418 996 37
421 424 2
421 795 1
421 469 1
422 680 1
422 731 1
422 572 1
423 718 1
424 547 1
424 644 1
424 469 1
424 795 1
425 946 2
427 955 1
432 480 1
432 987 1
433 987 1
433 540 1
433 789 1
435 586 1
438 818 1
439 912 3
443 662 6
445 629 1
447 586 1
450 595 2
454 592 3
458 1000 1
458 503 1
465 812 2
469 547 1
469 614 1
469 817 1
469 954 1
469 795 1
469 957 1
472 912 2
472 743 1
478 818 1
480 987 1
481 565 2
482 987 1
484 629 1
485 823 1
493 629 1
499 844 1
499 565 2
499 607 1
502 538 1
502 718 1
505 603 1
506 841 3
506 541 1
513 646 1
514 832 2
514 603 1
516 828 1
516 532 2
516 790 1
516 783 1
517 751 1
526 561 2
526 629 1
527 870 2
528 772 1
530 746 2
530 891 1
530 629 2
531 746 1
531 987 1
540 994 2
540 987 1
540 840 1
540 874 1
540 955 1
543 952 1
543 951 1
544 580 2
544 669 1
544 741 1
550 920 1
550 595 1
550 812 3
552 988 1
553 670 1
561 846 5
561 629 4
565 956 2
565 926 1
575 912 1
576 657 1
582 987 1
582 764 1
585 771 2
586 782 1
586 885 1
586 984 5
586 762 1
587 617 2
590 926 1
591 746 2
591 718 1
592 609 1
592 948 3
595 696 2
599 849 1
602 765 2
603 780 1
603 822 1
603 735 1
609 855 1
613 772 1
618 644 1
629 630 1
629 750 1
629 776 1
629 658 1
629 685 1
629 846 1
629 631 1
629 891 2
630 685 1
638 832 1
638 950 1
641 987 1
644 924 7
648 765 1
648 790 2
650 682 1
654 682 1
654 783 1
657 921 1
662 802 2
663 943 2
668 746 3
668 813 1
670 688 1
671 746 1
682 738 1
682 783 1
684 746 2
686 926 1
687 746 1
692 746 2
692 830 1
692 742 1
697 925 2
697 855 3
698 987 1
700 956 1
704 743 2
711 718 2
715 926 5
716 718 1
718 883 2
718 724 1
718 980 1
718 851 1
720 746 9
720 935 1
721 765 4
730 912 2
730 868 4
731 746 1
738 783 2
740 879 2
742 746 2
742 900 8
745 837 1
746 834 1
746 935 5
746 776 3
746 775 1
746 813 2
746 920 2
748 926 1
764 874 1
764 987 1
765 868 1
772 993 1
772 997 1
772 870 1
772 812 1
772 783 1
774 947 37
780 832 1
789 987 1
789 873 2
790 812 1
790 868 1
790 984 2
809 987 1
838 952 1
840 874 1
840 987 1
849 987 1
854 948 1
857 915 1
862 909 1
868 912 1
872 987 1
873 874 1
873 987 1
912 949 1
924 996 1
925 987 1
925 955 1
926 931 1
926 933 1
926 972 1
948 949 2
952 971 2
955 987 2
987 994 1
