0
1
2
3
4
5
6
7
8
9
10
11
12
13
14
15
16
17
18
19
20
21
22
23
24
25
26
27
28
29
30
31
32
33
34
35
36
37
38
39
40
41
42
43
44
45
46
47
48
49
50
51
52
53
54
55
56
57
58
59
60
61
62
63
64
65
66
67
68
69
70
71
72
73
74
75
76
77
78
79
80
81
82
83
84
85
86
87
88
89
90
91
92
93
94
95
96
97
98
99
100
101
102
103
104
105
106
107
108
109
110
111
112
113
114
115
116
117
118
119
120
121
122
123
124
125
126
127
128
129
130
131
132
133
134
135
136
137
138
139
141
142
143
144
145
146
147
148
149
150
151
152
153
154
155
157
158
159
160
161
162
163
164
165
166
167
168
169
170
171
172
173
174
175
176
177
178
179
180
181
182
183
184
185
186
187
188
189
190
191
192
193
194
195
196
197
198
199
200
201
202
203
204
205
206
207
208
209
210
211
212
213
214
215
216
217
218
219
220
221
222
223
224
225
226
227
228
229
230
231
232
233
235
236
237
238
239
240
241
242
243
244
245
246
247
248
249
250
251
252
253
254
255
256
257
259
260
262
263
264
265
266
267
268
269
270
271
272
273
274
275
276
277
278
279
280
281
282
283
284
285
286
287
288
289
290
291
292
293
294
295
296
297
299
300
301
302
303
304
305
306
307
308
309
310
311
312
313
314
315
316
317
318
319
320
321
322
323
324
325
326
327
328
329
330
331
332
333
334
335
336
337
338
339
340
341
343
344
345
346
347
348
349
350
351
352
353
355
356
357
358
359
360
361
362
364
365
366
367
368
369
370
371
372
373
374
375
376
377
378
379
380
381
382
383
384
385
386
387
388
389
390
391
392
393
394
395
396
397
398
399
400
401
402
403
404
405
406
407
408
409
410
411
412
413
414
415
416
418
419
420
421
422
423
424
425
426
427
428
429
430
431
432
433
434
435
436
437
438
439
440
441
442
443
444
445
446
447
448
449
450
451
452
453
454
455
456
457
458
459
460
461
462
464
465
466
467
468
469
470
471
472
473
474
475
476
477
478
479
480
481
482
483
484
485
486
487
488
489
490
491
492
493
495
496
497
498
499
500
501
502
503
504
505
506
507
508
509
510
511
512
513
514
515
516
517
518
519
520
521
522
523
524
525
526
527
528
530
531
532
533
534
535
536
537
538
539
540
541
542
543
544
545
546
547
548
549
550
551
552
553
554
556
557
558
559
560
561
562
563
564
565
566
567
568
569
570
571
572
573
574
575
576
577
578
579
580
581
582
583
584
585
586
587
588
589
590
591
592
593
594
595
596
597
598
599
600
601
602
603
604
605
606
607
609
610
611
612
613
614
615
616
617
618
619
621
622
623
624
625
626
627
628
629
630
631
632
633
634
635
636
637
638
639
640
641
642
643
644
645
646
647
648
649
650
651
652
653
654
655
656
657
658
659
660
661
662
663
664
665
666
667
668
669
670
671
672
673
674
675
676
677
678
679
680
681
682
683
684
685
686
687
688
689
690
691
692
693
694
695
696
697
698
699
700
701
702
703
704
705
706
707
708
709
710
711
712
713
714
715
716
717
718
719
720
721
722
723
724
725
726
727
728
729
730
731
732
733
734
735
736
737
738
739
740
741
742
743
744
745
746
747
748
749
750
751
752
753
754
756
757
758
759
760
761
762
763
764
765
767
768
769
770
771
772
773
774
775
776
777
778
779
780
781
782
783
784
785
786
787
788
789
790
791
792
793
794
795
796
797
798
799
800
801
802
803
804
805
806
807
808
809
810
811
812
813
814
815
816
817
818
819
820
821
822
823
824
825
826
827
828
829
830
831
832
833
834
835
836
837
838
839
840
841
842
843
844
845
846
847
848
849
850
851
852
853
854
855
856
857
858
859
860
861
862
863
864
865
866
867
868
869
870
871
872
873
874
875
876
877
878
879
880
881
882
883
884
885
886
887
888
889
890
891
892
893
894
895
896
897
898
899
900
901
902
903
904
905
906
907
908
909
910
911
912
913
914
915
916
917
918
919
920
921
922
923
924
925
926
927
928
929
930
931
932
933
934
935
936
937
938
939
940
941
942
943
944
945
946
947
948
949
950
951
952
953
954
955
956
957
958
960
961
962
963
964
965
966
967
968
969
970
971
972
973
974
975
976
977
978
979
980
981
982
983
984
985
986
987
988
989
990
991
992
993
994
995
996
997
998
999
1000
1001
1002
1003
1004
0 32 1
0 569 1
1 309 1
1 343 1
2 969 1
2 977 1
2 629 1
2 790 2
2 119 2
2 700 2
4 720 1
5 491 1
6 569 1
6 470 1
8 915 3
11 619 1
11 662 1
13 532 3
14 657 2
15 680 4
15 370 1
15 731 2
15 422 1
19 32 1
24 629 8
25 458 1
28 987 1
30 936 1
31 569 1
31 915 1
31 165 3
31 990 2
31 647 1
32 418 1
32 777 1
32 170 1
32 843 1
32 236 1
32 365 1
32 432 1
32 977 2
32 249 1
32 380 1
32 381 1
32 862 2
34 855 1
34 997 2
34 135 2
35 978 1
35 951 1
35 207 2
38 410 1
40 712 2
40 802 1
40 159 1
41 723 2
48 458 1
52 472 2
53 377 1
53 290 1
53 923 2
53 613 1
56 987 1
56 423 2
61 522 1
61 991 1
62 646 1
62 159 2
64 322 1
65 948 1
65 687 1
65 220 3
65 334 2
65 191 1
67 344 4
67 656 1
67 963 5
67 165 1
67 207 4
68 987 1
71 318 1
72 581 4
75 220 3
75 107 1
75 772 4
77 168 3
77 260 2
90 160 3
90 939 1
90 749 1
90 433 1
90 531 1
90 920 1
90 506 4
90 987 1
90 223 1
95 987 1
96 420 1
98 707 2
101 423 2
103 832 1
103 514 1
103 164 1
103 423 1
103 206 1
103 303 1
103 950 1
107 393 1
107 980 1
107 381 1
112 267 2
112 517 2
113 646 1
120 772 1
120 854 1
122 693 2
126 586 3
126 948 1
126 573 1
126 166 2
127 718 2
127 415 1
134 592 4
134 291 1
134 454 1
135 692 1
135 462 1
135 942 3
135 581 2
136 428 1
136 647 1
137 443 3
141 978 1
142 857 1
142 159 1
142 915 2
142 214 1
142 207 1
147 416 1
147 927 1
150 415 5
153 977 1
157 248 1
157 586 1
157 915 1
157 356 1
159 544 1
159 450 1
159 739 1
159 742 1
159 307 2
159 712 1
159 713 1
159 915 2
159 500 2
159 923 2
160 851 3
160 629 3
164 788 1
164 548 1
164 638 1
164 879 1
165 401 2
165 948 1
166 743 1
166 586 2
166 185 1
166 602 2
166 573 1
167 978 1
167 851 1
167 469 1
167 207 1
168 472 3
168 868 1
168 575 1
171 933 1
171 590 3
174 524 1
175 849 3
175 442 1
175 275 2
175 423 2
175 737 1
188 978 1
188 207 1
189 969 1
189 884 1
189 470 1
189 862 4
191 948 1
191 415 1
193 290 1
193 923 1
193 540 1
197 987 1
198 568 1
200 647 1
202 629 2
207 421 1
207 424 1
207 558 3
207 241 1
207 847 1
207 817 1
207 978 1
207 547 1
207 469 5
207 630 1
207 953 3
207 851 1
207 795 2
207 954 1
209 356 1
214 428 1
214 590 1
214 915 1
214 629 1
214 765 1
216 321 1
216 499 1
220 749 2
220 334 3
223 607 2
223 879 1
228 569 1
228 605 1
229 483 1
229 343 2
231 738 1
231 987 1
231 698 1
231 607 1
232 948 1
236 977 2
236 506 2
236 670 1
245 698 1
245 987 1
246 377 1
248 762 1
248 586 1
248 581 1
249 569 1
249 470 1
250 646 1
251 987 1
260 912 1
264 329 2
267 392 1
267 561 4
267 948 3
267 629 1
267 891 29
268 592 2
275 849 2
280 360 1
280 629 2
281 491 3
284 680 1
290 629 1
290 614 1
291 454 1
294 586 1
295 569 1
299 634 1
301 978 1
306 374 2
311 987 1
311 540 2
311 855 1
318 595 1
319 558 1
321 618 1
321 499 1
322 879 2
324 832 1
324 362 3
324 534 2
324 591 3
329 738 1
332 500 1
333 569 1
334 923 1
334 687 2
337 854 1
338 987 1
338 951 2
343 388 1
343 607 2
356 416 2
356 586 2
356 462 1
356 912 1
356 472 2
360 629 2
361 987 1
362 547 2
362 695 2
364 987 1
368 879 1
369 646 1
372 595 4
372 572 1
372 934 3
377 724 1
377 718 2
392 629 1
395 663 1
397 607 3
401 415 1
401 454 1
401 429 3
404 688 1
409 569 1
415 833 1
415 612 1
415 569 1
416 885 1
418 977 2
418 996 1
421 978 1
422 680 1
424 978 1
427 955 1
428 647 1
428 851 2
428 953 1
428 915 1
429 454 2
432 987 1
433 987 1
443 742 3
444 646 1
450 712 1
450 762 1
452 595 1
454 772 2
454 592 1
457 696 1
458 499 1
462 833 1
469 978 1
469 862 2
470 605 1
470 789 3
470 502 1
470 569 1
472 912 3
482 569 1
482 987 1
485 646 1
488 568 1
493 561 1
493 629 3
493 631 2
497 977 1
499 679 1
499 948 1
499 918 1
499 956 1
500 782 1
502 569 1
502 607 2
506 738 2
506 1001 9
506 783 1
506 657 1
506 921 2
506 924 2
511 987 1
513 646 1
515 927 1
516 764 1
516 790 1
526 629 2
526 631 1
528 542 1
530 629 2
531 987 1
532 700 2
535 646 1
535 823 1
538 569 1
540 955 2
540 840 1
540 873 1
540 855 1
540 698 2
540 987 1
540 925 1
541 977 5
542 646 1
542 823 1
547 978 1
548 649 1
548 879 2
551 646 1
552 978 1
558 684 1
558 956 1
558 844 1
561 631 2
561 629 3
561 846 2
569 693 1
569 951 1
569 953 1
569 580 1
569 710 1
569 976 1
569 977 1
569 599 1
569 605 1
569 862 11
569 991 1
569 749 4
573 586 1
577 936 6
581 692 1
582 987 1
586 885 2
586 762 1
588 987 1
591 915 1
591 607 2
592 948 5
592 927 2
595 754 2
595 934 1
596 695 1
605 700 4
605 693 1
607 769 3
607 775 2
607 718 2
607 687 1
609 707 1
609 772 1
614 978 1
617 720 2
617 714 1
629 658 2
629 927 1
629 685 2
629 948 1
629 846 2
629 630 2
629 631 4
629 891 10
629 894 2
630 891 9
634 788 2
641 987 1
643 685 3
644 977 1
644 702 3
646 722 1
646 854 2
646 823 1
646 927 1
647 915 1
647 990 1
648 765 1
654 738 8
654 783 1
654 991 2
657 763 1
679 684 1
680 707 2
680 720 2
680 790 2
684 704 1
687 915 1
687 980 1
692 746 1
692 749 1
697 855 2
698 840 1
698 873 1
698 764 1
702 924 3
703 951 1
707 951 2
715 926 1
718 724 4
719 738 1
722 927 1
737 849 2
738 996 1
738 783 8
738 850 1
739 915 3
740 879 1
745 996 1
746 749 1
758 918 1
764 987 1
772 951 1
789 987 1
790 812 2
791 977 1
794 854 1
795 978 1
809 987 1
817 978 1
838 952 1
840 987 1
849 987 1
851 978 1
859 948 1
861 896 1
872 987 1
873 987 1
915 923 1
924 1001 1
927 948 2
954 978 1
955 987 1
969 977 1
977 1004 3
977 1001 1
978 988 1
987 994 1
