0
1
2
3
4
5
6
7
8
9
10
11
12
13
14
15
16
17
18
19
20
21
22
23
24
25
26
27
28
29
30
31
32
33
34
35
36
37
38
39
40
41
42
43
44
45
46
47
48
49
50
51
52
53
54
55
56
57
58
59
60
61
62
63
64
65
66
67
68
69
70
71
72
73
74
75
76
77
78
79
80
81
82
83
84
85
86
87
88
89
90
91
92
93
94
95
96
97
98
99
100
101
102
103
104
105
106
107
108
109
110
111
112
113
114
115
116
117
118
119
120
121
122
123
124
125
126
127
128
129
130
131
132
133
134
135
136
137
138
139
141
142
143
144
145
146
147
148
149
150
151
152
153
154
155
157
158
159
160
161
162
163
164
165
166
167
168
169
170
171
172
173
174
175
176
177
178
179
180
181
182
183
184
185
186
187
188
189
190
191
192
193
194
195
196
197
198
199
200
201
202
203
204
205
206
207
208
209
210
211
212
213
214
215
216
217
218
219
220
221
222
223
224
225
226
227
228
229
230
231
232
233
235
236
237
238
239
240
241
242
243
244
245
246
247
248
249
250
251
252
253
254
255
256
257
259
260
262
263
264
265
266
267
268
269
270
271
272
273
274
275
276
277
278
279
280
281
282
283
284
285
286
287
288
289
290
291
292
293
294
295
296
297
299
300
301
302
303
304
305
306
307
308
309
310
311
312
313
314
315
316
317
318
319
320
321
322
323
324
325
326
327
328
329
330
331
332
333
334
335
336
337
338
339
340
341
343
344
345
346
347
348
349
350
351
352
353
355
356
357
358
359
360
361
362
364
365
366
367
368
369
370
371
372
373
374
375
376
377
378
379
380
381
382
383
384
385
386
387
388
389
390
391
392
393
394
395
396
397
398
399
400
401
402
403
404
405
406
407
408
409
410
411
412
413
414
415
416
418
419
420
421
422
423
424
425
426
427
428
429
430
431
432
433
434
435
436
437
438
439
440
441
442
443
444
445
446
447
448
449
450
451
452
453
454
455
456
457
458
459
460
461
462
464
465
466
467
468
469
470
471
472
473
474
475
476
477
478
479
480
481
482
483
484
485
486
487
488
489
490
491
492
493
495
496
497
498
499
500
501
502
503
504
505
506
507
508
509
510
511
512
513
514
515
516
517
518
519
520
521
522
523
524
525
526
527
528
530
531
532
533
534
535
536
537
538
539
540
541
542
543
544
545
546
547
548
549
550
551
552
553
554
556
557
558
559
560
561
562
563
564
565
566
567
568
569
570
571
572
573
574
575
576
577
578
579
580
581
582
583
584
585
586
587
588
589
590
591
592
593
594
595
596
597
598
599
600
601
602
603
604
605
606
607
609
610
611
612
613
614
615
616
617
618
619
621
622
623
624
625
626
627
628
629
630
631
632
633
634
635
636
637
638
639
640
641
642
643
644
645
646
647
648
649
650
651
652
653
654
655
656
657
658
659
660
661
662
663
664
665
666
667
668
669
670
671
672
673
674
675
676
677
678
679
680
681
682
683
684
685
686
687
688
689
690
691
692
693
694
695
696
697
698
699
700
701
702
703
704
705
706
707
708
709
710
711
712
713
714
715
716
717
718
719
720
721
722
723
724
725
726
727
728
729
730
731
732
733
734
735
736
737
738
739
740
741
742
743
744
745
746
747
748
749
750
751
752
753
754
756
757
758
759
760
761
762
763
764
765
767
768
769
770
771
772
773
774
775
776
777
778
779
780
781
782
783
784
785
786
787
788
789
790
791
792
793
794
795
796
797
798
799
800
801
802
803
804
805
806
807
808
809
810
811
812
813
814
815
816
817
818
819
820
821
822
823
824
825
826
827
828
829
830
831
832
833
834
835
836
837
838
839
840
841
842
843
844
845
846
847
848
849
850
851
852
853
854
855
856
857
858
859
860
861
862
863
864
865
866
867
868
869
870
871
872
873
874
875
876
877
878
879
880
881
882
883
884
885
886
887
888
889
890
891
892
893
894
895
896
897
898
899
900
901
902
903
904
905
906
907
908
909
910
911
912
913
914
915
916
917
918
919
920
921
922
923
924
925
926
927
928
929
930
931
932
933
934
935
936
937
938
939
940
941
942
943
944
945
946
947
948
949
950
951
952
953
954
955
956
957
958
960
961
962
963
964
965
966
967
968
969
970
971
972
973
974
975
976
977
978
979
980
981
982
983
984
985
986
987
988
989
990
991
992
993
994
995
996
997
998
999
1000
1001
1002
1003
1004
0 512 1
0 6 1
0 409 1
0 538 1
0 295 1
0 432 1
0 178 5
0 693 1
0 710 1
0 333 2
0 78 1
0 976 1
0 470 1
0 599 1
0 732 2
0 605 1
0 862 1
0 991 1
0 228 1
0 502 1
0 249 3
0 767 1
2 977 1
2 812 1
2 61 1
2 52 1
4 90 1
4 371 2
4 135 2
5 808 1
5 335 2
6 178 3
6 189 1
6 333 1
7 810 2
8 731 1
13 532 7
14 410 1
15 680 1
15 422 1
16 777 1
16 410 2
16 541 1
17 915 4
24 483 1
24 647 2
24 143 1
24 656 1
24 530 4
24 629 12
24 280 1
24 891 13
24 189 5
24 990 2
25 48 4
25 684 1
28 987 2
29 381 5
29 335 2
30 356 3
30 765 12
31 915 2
31 428 1
31 165 11
32 534 2
32 143 1
32 214 3
32 791 8
32 890 1
32 127 1
35 851 1
35 207 3
38 324 5
38 522 1
38 337 1
38 309 2
38 534 1
38 474 1
40 568 2
40 196 1
40 187 1
40 572 1
40 214 1
41 723 2
48 458 4
48 684 1
48 558 4
48 216 4
48 956 4
48 319 4
52 232 1
52 868 1
52 356 1
53 193 1
53 997 1
53 890 1
53 923 1
53 220 1
53 90 1
56 482 1
56 987 2
56 410 1
56 951 1
61 771 4
61 356 1
61 517 1
61 742 5
61 231 3
61 522 1
61 718 1
61 591 2
61 883 2
61 948 5
61 243 1
61 502 1
61 280 1
61 724 1
61 122 6
62 800 1
62 485 2
62 646 5
62 551 1
62 746 2
62 854 5
62 542 1
67 963 13
67 165 10
67 391 2
67 846 9
67 207 7
67 561 6
67 344 9
67 239 3
68 987 2
69 879 1
70 890 1
70 343 1
73 723 1
74 912 6
74 674 2
74 166 3
74 294 2
74 168 5
74 586 2
74 112 4
74 885 1
74 984 1
74 447 1
75 772 3
75 997 2
75 334 2
75 607 1
75 220 1
75 415 1
76 410 1
77 168 6
77 912 1
77 790 1
77 439 5
77 890 1
77 575 4
78 976 1
78 178 3
78 333 1
82 771 1
82 135 2
83 769 2
83 771 1
84 534 1
86 152 1
86 443 2
90 771 1
90 239 2
90 915 3
90 280 1
90 91 1
91 166 1
91 407 1
92 915 2
95 987 2
95 951 2
96 420 1
98 592 2
98 401 6
98 107 1
103 514 2
103 423 1
103 1001 1
103 780 1
103 977 5
103 950 2
104 256 1
104 425 7
104 313 1
104 765 2
104 721 2
105 418 14
105 374 2
106 299 1
106 740 3
107 192 2
107 718 2
107 464 1
107 468 2
107 214 1
107 381 2
110 674 1
111 256 2
111 602 2
111 782 1
112 416 1
112 674 1
112 166 2
112 392 1
112 267 1
112 782 1
112 344 1
113 485 5
113 854 4
118 335 2
119 880 1
119 812 2
120 416 2
120 592 1
120 291 1
120 772 3
120 197 1
120 454 1
120 267 1
120 752 1
120 948 1
120 629 1
120 505 1
120 196 1
120 572 4
120 189 2
120 190 1
120 191 1
122 742 2
122 167 1
122 272 1
122 306 2
122 915 1
122 629 2
122 410 1
122 862 1
124 854 3
125 622 1
126 648 1
126 586 2
126 356 1
126 782 4
126 294 1
127 718 1
127 595 1
127 724 2
127 214 1
127 281 1
127 607 1
132 139 1
133 602 1
134 592 1
135 546 1
135 581 1
135 870 2
135 936 10
135 170 2
135 742 2
135 337 2
135 371 2
135 628 2
135 214 1
135 855 1
135 746 1
135 549 3
136 316 2
136 915 6
136 428 2
139 323 1
141 512 5
141 214 1
142 267 15
142 915 8
143 422 1
147 416 1
147 577 1
147 890 1
147 214 4
150 415 5
151 700 1
151 253 2
152 443 2
153 977 1
153 410 1
157 577 1
157 586 2
157 740 2
157 607 1
159 577 2
159 772 1
159 741 1
159 742 1
159 935 3
159 713 1
159 428 2
159 687 2
159 214 1
160 360 2
160 526 2
160 629 5
160 630 2
164 638 2
164 559 1
165 647 1
165 401 12
165 915 3
165 344 9
166 416 2
166 609 2
166 674 1
166 586 1
166 782 1
166 214 1
166 890 1
166 602 3
167 817 1
167 469 1
168 416 4
168 260 4
168 966 1
168 232 6
168 266 5
168 556 2
168 782 2
168 912 16
168 984 2
168 949 4
168 790 8
168 439 9
168 472 12
168 356 1
168 575 3
169 372 1
169 404 1
170 337 3
171 277 1
171 590 3
173 644 5
173 506 6
173 428 7
175 410 1
175 670 1
175 335 2
176 586 1
178 470 3
178 409 3
178 538 3
178 295 2
178 693 6
178 569 3
178 710 3
178 333 4
178 976 3
178 339 3
178 214 1
178 599 3
178 605 5
178 862 9
178 991 2
178 228 4
178 502 9
178 249 3
178 767 3
180 829 1
180 958 1
180 727 5
181 190 2
184 407 1
185 915 2
187 450 1
187 198 1
187 947 1
187 662 1
187 695 2
188 629 1
188 614 1
188 469 1
189 977 2
189 428 1
189 236 7
189 718 1
189 687 2
189 595 1
189 410 7
189 670 1
189 607 1
190 353 3
190 614 2
190 656 3
190 274 2
190 373 2
192 381 5
193 214 1
193 540 1
193 334 2
196 949 1
197 586 1
199 996 3
200 952 2
200 344 1
200 915 3
200 543 1
201 506 1
201 335 2
205 890 2
206 514 1
206 950 1
207 424 5
207 847 1
207 469 3
207 795 5
207 988 2
207 990 1
207 373 1
208 537 1
208 977 2
208 1004 2
208 335 3
214 515 1
214 772 1
214 775 1
214 776 2
214 398 1
214 783 1
214 912 2
214 530 1
214 531 2
214 534 1
214 920 1
214 923 1
214 544 1
214 931 3
214 292 2
214 935 2
214 428 1
214 306 1
214 371 2
214 692 2
214 951 1
214 569 1
214 948 4
214 316 2
214 577 3
214 963 1
214 324 1
214 586 2
214 844 1
214 738 1
214 720 1
214 731 1
214 915 1
214 993 1
214 994 1
214 356 1
214 742 4
214 746 2
214 500 1
214 629 1
216 321 3
220 334 4
223 746 1
223 822 1
223 735 1
225 718 1
225 407 1
226 440 1
228 605 6
228 502 5
228 333 2
229 771 3
230 577 8
231 772 2
231 840 1
231 541 1
231 338 1
231 698 2
231 987 2
231 540 6
231 607 2
232 425 5
232 332 1
232 782 2
232 946 2
232 885 2
232 790 2
232 472 6
232 313 1
232 575 2
232 607 2
233 692 3
235 946 1
236 537 8
236 335 2
236 1004 4
236 743 1
239 609 1
239 716 4
239 245 1
239 854 1
239 951 2
245 698 2
245 987 2
245 764 2
245 951 2
248 334 3
249 506 1
249 333 1
250 854 5
250 332 1
250 485 2
250 886 2
250 535 1
251 410 1
251 987 2
253 290 1
253 566 2
256 416 1
256 356 6
256 294 5
256 313 1
260 912 1
260 762 1
260 790 7
264 329 1
267 517 3
267 586 3
267 435 3
267 629 1
267 790 1
267 891 7
271 746 1
272 306 2
272 742 2
273 951 2
274 614 1
274 469 2
278 776 1
280 718 1
280 547 1
280 388 1
280 890 1
280 846 1
280 595 1
280 629 6
280 739 1
284 680 1
284 731 2
288 391 7
288 493 8
288 561 8
288 629 9
288 630 3
288 445 7
291 401 6
292 890 1
293 862 1
294 416 4
294 885 1
294 984 1
294 313 3
294 890 1
294 447 4
302 915 2
306 771 2
306 374 1
306 742 3
306 659 2
310 324 1
310 477 2
311 955 4
311 987 2
312 333 1
313 416 3
313 885 1
313 472 1
313 447 1
315 890 1
315 855 2
316 915 1
316 428 1
318 332 4
319 844 1
321 499 1
322 534 1
322 334 6
322 879 1
324 832 2
324 586 3
324 591 1
324 402 1
324 534 1
324 474 2
324 638 1
326 586 1
327 381 5
332 586 3
332 435 2
332 500 2
332 854 2
333 502 1
333 710 1
333 599 1
333 569 1
333 693 1
333 470 1
333 409 1
333 538 1
333 605 1
333 862 1
333 767 1
334 834 1
334 963 1
334 772 1
334 997 1
334 742 2
334 775 1
334 776 2
334 586 1
334 940 1
334 720 1
334 433 1
334 502 1
334 607 1
334 671 1
335 899 1
335 643 2
335 532 1
335 790 1
335 664 2
335 537 6
335 670 2
335 808 2
335 553 2
335 810 3
335 941 1
335 688 2
335 468 2
335 985 4
335 737 3
335 1004 2
335 464 5
335 980 2
335 381 5
337 695 1
337 663 1
337 505 7
338 987 2
343 649 2
343 388 1
343 534 1
343 607 1
344 915 1
349 976 2
349 915 1
349 428 1
349 838 3
353 920 1
353 891 1
356 416 3
356 868 5
356 517 2
356 602 1
356 765 3
356 948 6
356 574 1
356 472 6
356 889 1
356 730 1
356 607 1
360 891 1
360 629 3
361 987 2
364 987 2
364 764 3
369 485 3
369 646 2
369 551 1
369 407 7
369 854 3
369 535 3
371 581 1
372 404 1
378 977 2
378 514 1
378 950 1
379 568 2
381 810 2
381 468 4
381 532 13
381 761 13
381 670 5
383 720 7
386 758 2
388 502 3
394 854 3
401 454 7
401 429 14
401 415 7
407 907 1
407 779 1
407 843 4
407 754 1
407 883 1
410 994 4
410 837 1
410 433 1
410 777 2
410 650 1
410 482 1
410 719 1
410 977 5
410 969 1
410 1001 1
410 924 1
410 541 1
415 833 1
415 629 1
416 674 1
416 868 11
416 586 5
416 951 2
416 782 8
416 435 2
416 948 6
416 885 3
416 762 1
416 573 1
416 447 1
418 977 9
418 996 26
420 559 1
421 424 2
422 680 2
422 527 2
422 731 3
423 977 4
423 849 1
424 795 1
424 951 2
425 946 5
425 908 1
425 890 1
427 955 1
428 658 2
428 915 10
428 857 1
428 990 2
429 454 4
432 987 2
432 468 1
433 987 2
433 738 3
435 586 2
435 782 5
440 537 2
440 737 2
442 506 1
443 602 1
443 662 1
443 743 1
444 722 1
444 854 3
445 891 1
447 782 5
447 885 2
447 984 1
447 586 2
450 802 1
450 700 1
450 947 1
450 742 2
454 772 2
454 592 1
461 716 1
465 812 1
468 898 1
468 810 2
469 512 6
471 752 2
472 782 3
472 946 1
472 762 1
477 534 2
480 987 2
482 531 2
482 987 2
482 951 1
485 513 1
485 551 1
485 854 4
493 629 3
493 630 1
495 568 2
497 977 2
499 558 1
499 607 2
500 586 1
500 542 2
502 591 1
502 718 1
502 772 4
502 976 4
502 790 2
502 538 2
502 687 1
502 605 21
502 862 1
506 783 1
506 951 1
506 605 2
513 535 1
513 854 3
513 646 2
513 551 1
514 832 1
514 1001 1
514 780 1
514 977 5
514 950 4
516 761 1
516 700 1
516 532 7
516 881 2
517 586 3
517 948 1
517 854 4
517 602 1
517 890 1
517 542 3
517 607 1
526 530 1
526 629 3
527 720 1
530 630 5
530 685 1
530 629 3
530 891 3
531 987 2
532 804 5
532 688 7
532 881 2
532 761 5
532 700 5
534 649 2
534 746 2
535 762 2
535 854 4
540 987 2
540 873 1
540 698 2
540 955 12
541 738 1
541 693 1
541 923 3
541 924 1
542 746 2
542 854 5
542 586 3
542 607 1
543 915 1
546 581 2
546 550 3
547 851 1
551 646 1
551 854 3
556 854 3
557 951 1
558 684 3
558 758 1
559 622 1
561 629 3
561 846 7
565 844 1
565 743 2
568 947 4
568 572 1
569 718 1
573 782 1
582 987 2
582 764 2
584 731 1
586 772 3
586 782 6
586 948 1
586 984 6
586 607 1
586 885 4
587 720 7
591 742 1
591 746 2
591 607 3
592 609 1
592 948 1
595 718 1
599 710 8
599 605 3
599 767 1
602 743 9
602 782 1
605 789 4
605 693 1
607 742 2
607 684 1
607 718 3
607 817 1
607 687 2
609 772 2
622 676 1
629 658 3
629 685 3
629 707 1
629 846 2
629 630 9
629 631 3
629 891 13
630 838 2
633 923 1
641 987 2
643 685 1
644 670 2
646 854 3
647 915 2
648 782 1
650 890 1
656 920 7
656 838 1
659 742 1
660 769 1
662 900 1
668 720 2
668 746 29
668 935 2
674 948 1
674 782 1
680 707 1
680 720 3
680 731 4
684 844 2
685 1001 8
685 724 1
687 742 1
687 746 1
687 692 1
692 746 9
692 718 3
693 710 1
698 764 2
698 840 2
698 873 2
698 987 2
700 812 2
700 881 3
700 790 3
703 936 2
704 891 2
704 743 2
705 890 1
715 926 1
716 718 2
717 731 1
718 915 2
719 921 1
720 935 2
720 746 9
720 890 3
721 765 1
722 854 3
723 758 3
724 1001 1
730 868 1
731 739 3
731 746 2
731 915 3
738 772 2
738 850 1
738 921 1
742 771 11
742 900 5
742 923 1
743 782 1
746 801 1
746 900 3
746 935 32
746 812 2
746 813 15
746 890 1
752 854 4
754 843 1
758 956 1
758 844 1
759 984 1
761 804 4
761 790 3
764 994 2
764 840 1
764 987 2
765 868 6
765 908 1
765 948 2
771 870 2
771 784 1
771 890 1
773 955 1
773 838 1
774 947 73
777 994 1
779 843 1
780 977 3
780 950 1
782 868 1
782 912 1
782 885 1
782 854 1
783 850 1
783 837 2
789 890 3
789 987 3
790 812 13
790 868 4
796 977 1
803 948 1
804 881 1
809 987 2
817 851 7
821 854 3
823 854 6
837 924 1
838 952 5
840 987 2
849 987 2
850 996 1
851 920 1
855 951 1
857 915 6
862 909 4
868 948 1
868 889 1
872 987 2
873 987 2
883 951 1
885 889 1
890 915 1
890 935 1
890 997 1
890 1002 1
915 952 3
915 953 2
915 971 3
915 990 2
925 955 4
925 987 2
950 1001 1
950 977 5
955 987 6
977 996 1
977 1004 4
977 1001 1
987 994 2
