0
1
2
3
4
5
6
7
8
9
10
11
12
13
14
15
16
17
18
19
20
21
22
23
24
25
26
27
28
29
30
31
32
33
34
35
36
37
38
39
40
41
42
43
44
45
46
47
48
49
50
51
52
53
54
55
56
57
58
59
60
61
62
63
64
65
66
67
68
69
70
71
72
73
74
75
76
77
78
79
80
81
82
83
84
85
86
87
88
89
90
91
92
93
94
95
96
97
98
99
100
101
102
103
104
105
106
107
108
109
110
111
112
113
114
115
116
117
118
119
120
121
122
123
124
125
126
127
128
129
130
131
132
133
134
135
136
137
138
139
141
142
143
144
145
146
147
148
149
150
151
152
153
154
155
157
158
159
160
161
162
163
164
165
166
167
168
169
170
171
172
173
174
175
176
177
178
179
180
181
182
183
184
185
186
187
188
189
190
191
192
193
194
195
196
197
198
199
200
201
202
203
204
205
206
207
208
209
210
211
212
213
214
215
216
217
218
219
220
221
222
223
224
225
226
227
228
229
230
231
232
233
235
236
237
238
239
240
241
242
243
244
245
246
247
248
249
250
251
252
253
254
255
256
257
259
260
262
263
264
265
266
267
268
269
270
271
272
273
274
275
276
277
278
279
280
281
282
283
284
285
286
287
288
289
290
291
292
293
294
295
296
297
299
300
301
302
303
304
305
306
307
308
309
310
311
312
313
314
315
316
317
318
319
320
321
322
323
324
325
326
327
328
329
330
331
332
333
334
335
336
337
338
339
340
341
343
344
345
346
347
348
349
350
351
352
353
355
356
357
358
359
360
361
362
364
365
366
367
368
369
370
371
372
373
374
375
376
377
378
379
380
381
382
383
384
385
386
387
388
389
390
391
392
393
394
395
396
397
398
399
400
401
402
403
404
405
406
407
408
409
410
411
412
413
414
415
416
418
419
420
421
422
423
424
425
426
427
428
429
430
431
432
433
434
435
436
437
438
439
440
441
442
443
444
445
446
447
448
449
450
451
452
453
454
455
456
457
458
459
460
461
462
464
465
466
467
468
469
470
471
472
473
474
475
476
477
478
479
480
481
482
483
484
485
486
487
488
489
490
491
492
493
495
496
497
498
499
500
501
502
503
504
505
506
507
508
509
510
511
512
513
514
515
516
517
518
519
520
521
522
523
524
525
526
527
528
530
531
532
533
534
535
536
537
538
539
540
541
542
543
544
545
546
547
548
549
550
551
552
553
554
556
557
558
559
560
561
562
563
564
565
566
567
568
569
570
571
572
573
574
575
576
577
578
579
580
581
582
583
584
585
586
587
588
589
590
591
592
593
594
595
596
597
598
599
600
601
602
603
604
605
606
607
609
610
611
612
613
614
615
616
617
618
619
621
622
623
624
625
626
627
628
629
630
631
632
633
634
635
636
637
638
639
640
641
642
643
644
645
646
647
648
649
650
651
652
653
654
655
656
657
658
659
660
661
662
663
664
665
666
667
668
669
670
671
672
673
674
675
676
677
678
679
680
681
682
683
684
685
686
687
688
689
690
691
692
693
694
695
696
697
698
699
700
701
702
703
704
705
706
707
708
709
710
711
712
713
714
715
716
717
718
719
720
721
722
723
724
725
726
727
728
729
730
731
732
733
734
735
736
737
738
739
740
741
742
743
744
745
746
747
748
749
750
751
752
753
754
756
757
758
759
760
761
762
763
764
765
767
768
769
770
771
772
773
774
775
776
777
778
779
780
781
782
783
784
785
786
787
788
789
790
791
792
793
794
795
796
797
798
799
800
801
802
803
804
805
806
807
808
809
810
811
812
813
814
815
816
817
818
819
820
821
822
823
824
825
826
827
828
829
830
831
832
833
834
835
836
837
838
839
840
841
842
843
844
845
846
847
848
849
850
851
852
853
854
855
856
857
858
859
860
861
862
863
864
865
866
867
868
869
870
871
872
873
874
875
876
877
878
879
880
881
882
883
884
885
886
887
888
889
890
891
892
893
894
895
896
897
898
899
900
901
902
903
904
905
906
907
908
909
910
911
912
913
914
915
916
917
918
919
920
921
922
923
924
925
926
927
928
929
930
931
932
933
934
935
936
937
938
939
940
941
942
943
944
945
946
947
948
949
950
951
952
953
954
955
956
957
958
960
961
962
963
964
965
966
967
968
969
970
971
972
973
974
975
976
977
978
979
980
981
982
983
984
985
986
987
988
989
990
991
992
993
994
995
996
997
998
999
1000
1001
1002
1003
1004
0 569 2
0 178 3
0 189 3
0 249 2
1 324 1
1 310 3
2 838 3
2 231 2
2 168 1
2 782 1
2 530 2
2 790 8
4 362 1
4 371 1
4 135 2
5 553 1
5 381 1
6 248 1
6 569 1
6 178 2
7 468 1
8 546 1
13 738 1
13 516 2
13 14 4
13 783 1
14 192 1
14 738 1
14 516 14
14 1001 6
14 173 2
14 16 1
14 506 5
14 924 2
14 702 4
15 680 3
15 731 3
16 410 1
16 333 3
24 547 2
24 167 1
24 360 1
24 31 1
24 561 1
24 267 1
24 301 1
24 207 1
24 656 1
24 817 1
24 274 1
24 35 1
24 629 15
24 280 1
24 530 2
24 188 1
24 469 1
25 672 1
25 558 1
26 40 1
28 987 4
30 356 1
30 104 1
30 168 1
30 313 2
30 765 2
30 447 1
31 990 1
31 428 1
31 165 10
31 838 3
32 61 2
32 862 2
32 127 1
35 280 1
35 469 1
35 207 1
38 591 1
40 802 4
40 900 2
40 712 3
40 272 2
40 596 1
40 662 1
40 695 1
40 568 2
40 187 3
40 572 4
40 159 4
42 477 1
42 534 1
42 663 6
46 132 1
48 704 1
48 684 1
52 416 3
52 356 3
52 166 6
52 168 5
52 586 2
52 573 1
53 193 1
53 772 1
53 609 1
53 940 1
53 311 1
53 120 1
53 633 1
56 482 1
56 987 4
56 994 2
56 935 1
58 909 2
61 334 1
61 181 2
61 718 3
62 542 1
62 646 3
65 687 1
67 963 10
67 165 10
67 846 16
67 207 11
67 561 11
67 344 10
68 987 4
74 984 1
74 586 2
74 166 4
75 772 2
75 150 1
75 248 1
75 633 1
75 927 2
75 220 7
75 607 1
77 168 6
77 912 2
77 260 4
78 569 1
78 178 2
78 951 1
82 585 2
82 628 2
82 572 1
82 135 2
83 771 2
90 731 1
90 996 1
90 199 1
90 841 3
90 270 1
90 881 1
90 978 1
90 692 2
90 479 2
90 535 2
90 761 2
90 191 1
90 541 1
90 927 5
91 607 2
92 658 1
92 428 1
92 207 1
95 987 4
96 264 1
96 329 1
96 634 1
96 638 2
98 707 5
98 134 2
98 713 5
98 107 8
98 268 2
98 429 1
98 592 9
98 401 5
101 423 1
102 832 1
103 514 1
103 780 1
103 950 2
103 310 3
103 423 2
105 433 1
105 418 14
105 582 1
106 832 2
106 788 1
106 229 1
106 622 1
107 320 1
107 898 1
107 808 1
107 393 1
107 236 1
107 335 4
111 935 1
112 256 1
112 674 1
112 803 3
112 517 2
112 648 1
112 267 3
112 186 1
113 535 1
113 927 2
114 127 1
120 772 1
120 454 1
120 912 1
120 178 1
120 927 3
122 857 2
122 410 1
122 915 4
122 127 1
125 622 5
126 416 2
126 356 2
126 168 3
126 586 3
126 790 2
126 984 1
127 293 1
127 716 1
127 754 1
127 883 1
127 724 1
127 149 2
127 281 2
127 377 1
127 189 4
127 415 3
131 738 1
132 842 3
134 592 8
134 291 3
134 454 10
135 692 1
135 993 1
135 450 1
135 581 11
135 870 2
135 942 6
135 170 4
135 594 2
135 334 4
135 371 3
135 628 7
135 462 1
135 772 1
135 248 2
135 292 4
135 746 1
136 160 2
136 200 1
136 428 3
136 207 1
136 915 1
136 857 2
137 936 1
139 832 1
139 477 1
139 622 1
141 241 1
141 978 1
142 280 1
142 428 1
143 580 2
147 347 1
147 927 2
147 277 1
147 454 1
147 159 2
149 372 1
149 607 2
150 415 3
151 253 1
153 410 1
157 347 1
157 686 4
157 277 1
157 462 2
157 607 3
159 865 1
159 290 5
159 742 5
159 712 5
159 334 3
159 944 3
159 724 1
159 787 2
159 923 2
159 220 1
160 614 3
160 428 3
160 526 1
160 530 1
160 629 9
160 857 1
164 322 1
164 638 2
165 552 1
165 428 2
165 207 1
165 401 15
165 344 6
165 858 1
165 316 1
166 356 1
166 586 3
166 267 2
166 573 5
167 547 2
167 424 1
167 817 4
167 978 3
167 851 2
167 469 2
167 795 1
168 260 9
168 267 1
168 782 12
168 912 27
168 790 3
168 416 6
168 557 2
168 305 1
168 439 2
168 313 1
168 700 1
168 575 9
168 586 1
168 472 24
168 868 1
168 347 1
168 356 9
168 232 3
168 956 1
168 765 2
170 231 4
170 692 1
170 405 2
170 855 3
170 697 1
171 347 4
171 277 1
171 590 1
171 933 1
173 738 1
173 582 2
173 428 2
173 702 3
175 849 7
175 410 1
175 275 5
175 423 1
176 220 1
178 409 2
178 538 1
178 295 1
178 693 2
178 569 5
178 710 2
178 333 1
178 976 1
178 339 1
178 470 1
178 599 2
178 605 1
178 862 1
178 991 1
178 482 1
178 228 2
178 502 4
178 249 1
178 767 1
180 958 1
180 727 6
181 190 1
184 832 1
184 393 1
184 607 1
185 433 1
185 850 1
185 371 1
186 256 2
186 517 2
186 648 2
186 267 1
186 313 1
187 568 1
187 450 1
188 421 1
188 614 1
188 362 1
188 431 1
188 978 1
188 469 1
188 951 1
188 988 5
189 506 4
189 546 1
189 410 1
190 353 1
190 373 1
190 656 1
190 274 1
190 629 3
190 920 2
191 687 1
191 692 1
191 415 10
191 927 6
193 714 5
193 923 2
193 940 1
196 850 1
196 429 2
196 454 2
196 927 1
197 738 1
199 738 1
199 506 2
200 952 3
200 915 8
200 428 1
200 971 3
203 772 3
207 647 1
207 424 6
207 558 3
207 847 2
207 561 1
207 978 1
207 469 4
207 795 7
207 988 1
208 236 4
209 356 2
214 416 1
214 290 1
214 742 1
214 647 4
214 746 1
214 935 2
214 428 1
214 334 1
214 692 1
214 278 1
214 923 2
216 321 2
216 458 1
216 558 1
220 334 2
223 746 1
223 322 1
223 462 2
223 343 1
228 693 1
228 502 1
228 599 1
228 569 4
228 605 1
229 421 1
229 790 2
229 607 1
230 277 1
231 994 1
231 338 2
231 245 1
231 987 5
231 607 1
232 575 1
233 835 1
233 692 1
233 462 1
236 537 4
236 335 2
239 951 1
241 469 1
244 997 1
245 433 3
245 987 5
245 540 1
246 724 3
246 423 1
248 450 1
248 364 1
248 462 2
248 591 1
248 692 1
248 506 1
248 830 1
249 569 2
250 886 5
250 927 4
251 410 1
251 987 4
253 290 1
253 566 1
256 416 5
256 517 2
256 648 2
256 267 3
256 313 5
256 478 1
260 356 1
260 912 2
260 790 4
260 762 1
264 329 1
264 454 2
267 656 3
267 674 2
267 517 3
267 586 11
267 459 1
267 428 1
267 648 1
267 435 1
267 790 1
267 891 1
268 592 1
270 881 1
270 516 1
270 738 1
272 450 1
272 595 1
272 900 2
272 754 1
273 951 4
275 849 5
277 577 1
277 931 1
277 933 1
277 972 1
277 748 1
277 590 1
277 285 1
277 355 1
277 308 1
277 686 1
277 347 1
277 926 1
277 715 1
278 290 1
278 454 1
278 776 1
278 462 1
278 923 2
278 316 1
280 547 3
280 846 2
280 647 3
280 360 2
280 561 3
280 658 1
280 920 1
280 530 2
280 851 1
280 373 1
280 630 6
280 915 1
280 629 8
284 731 1
290 739 1
290 687 2
291 401 6
291 454 11
291 429 1
292 581 3
292 942 4
294 817 1
294 586 2
294 868 1
299 388 2
301 647 2
301 493 2
301 656 1
301 978 5
301 469 1
302 428 2
305 416 2
305 765 1
306 771 3
306 901 1
306 742 3
306 585 1
306 784 1
306 659 2
306 633 1
308 418 3
310 477 4
311 697 2
311 987 4
311 955 5
313 416 4
313 517 1
313 648 3
316 592 2
316 915 6
316 428 1
318 332 2
318 758 1
319 832 1
319 1002 4
319 558 3
321 565 1
321 558 1
322 460 1
322 334 2
322 879 2
322 343 1
322 740 1
322 591 1
322 638 2
323 832 1
327 849 2
327 738 1
327 381 12
329 819 6
329 764 1
329 910 1
332 416 1
332 500 1
333 569 2
334 746 3
334 462 2
334 915 1
334 692 2
335 980 1
335 923 1
335 381 2
337 936 6
338 433 2
338 987 4
338 773 1
341 942 1
343 663 6
343 534 3
344 952 2
344 428 1
347 933 1
347 966 1
353 891 3
355 607 2
356 515 1
356 586 4
356 684 4
356 557 1
356 462 1
356 912 7
356 574 1
356 472 8
356 868 6
356 602 1
356 765 2
360 629 6
361 987 4
362 502 2
362 383 1
364 987 4
368 950 1
369 513 1
369 927 2
369 423 2
369 535 1
371 720 1
372 595 1
372 404 1
377 696 1
377 729 3
377 607 1
377 422 2
383 720 2
383 586 4
388 509 1
388 879 1
391 656 1
392 674 2
392 803 2
392 630 6
397 671 1
397 975 1
398 712 2
399 603 1
401 454 15
401 429 10
401 415 11
402 832 1
402 634 1
405 441 1
407 423 2
409 569 1
410 482 1
410 837 1
410 1001 1
410 650 1
410 777 1
410 994 1
410 541 1
410 433 1
410 969 2
410 924 1
415 833 1
415 772 1
415 660 2
416 868 1
416 586 13
416 500 1
416 629 7
416 765 1
416 927 10
418 996 23
421 424 5
421 795 5
421 469 1
422 680 2
422 731 5
423 832 2
423 607 1
424 469 1
424 795 10
424 990 2
427 955 5
428 647 2
428 915 6
428 543 1
428 952 1
428 953 1
428 971 1
428 847 1
428 857 5
428 990 1
429 454 13
432 987 4
433 994 3
433 987 5
435 500 1
435 782 2
437 738 1
443 742 3
443 703 2
444 535 4
444 927 3
447 648 2
447 984 3
447 586 5
450 802 1
450 712 1
450 462 2
454 609 1
454 592 14
454 927 3
458 684 1
458 558 2
459 564 1
462 517 2
462 783 2
462 528 1
462 531 3
462 923 1
462 670 2
462 550 1
462 687 1
462 692 1
462 542 2
462 830 1
462 833 1
462 718 2
462 591 2
462 851 2
462 742 2
462 617 1
469 512 1
469 547 1
469 817 1
469 978 1
469 954 1
469 795 1
469 988 1
469 957 1
470 569 1
472 743 2
472 782 12
472 912 5
472 575 15
478 648 1
478 517 1
482 987 4
485 927 2
488 568 1
491 497 1
493 530 2
493 630 9
493 629 7
495 568 3
495 862 2
497 977 3
499 833 2
499 565 1
499 558 1
499 607 1
502 772 1
502 724 3
502 569 6
502 538 4
502 862 2
506 738 1
506 996 1
506 1001 5
506 1004 1
506 541 1
506 881 1
506 605 1
506 796 1
506 670 1
508 738 1
509 780 1
509 788 1
509 638 1
509 510 1
509 735 1
510 832 2
510 622 5
511 987 5
513 927 2
514 950 1
516 738 1
516 804 1
516 881 1
516 532 1
516 761 1
517 803 4
517 648 2
526 530 1
526 629 5
530 838 5
530 629 8
530 630 5
530 891 13
531 994 1
531 987 8
532 738 1
535 823 1
535 927 1
538 569 1
538 951 1
540 994 2
540 955 6
540 840 1
540 697 4
540 987 6
541 738 1
542 546 1
542 646 1
542 927 1
546 679 1
546 776 1
546 841 1
546 684 1
546 912 1
546 920 1
546 669 4
547 978 1
550 743 1
551 927 1
552 858 1
552 851 4
557 912 2
558 956 2
561 846 9
561 629 5
565 746 1
565 723 1
569 710 1
569 599 1
569 976 1
569 693 2
569 605 1
569 862 1
569 767 1
573 586 3
575 912 3
575 782 8
576 738 1
581 936 2
581 742 1
582 832 3
582 994 1
582 987 4
582 764 4
584 731 1
586 782 3
586 912 1
586 885 2
586 984 4
586 868 4
586 762 2
586 686 1
587 720 2
591 746 3
591 607 1
592 713 3
592 927 10
595 934 3
599 693 7
599 767 1
602 743 5
605 693 2
605 700 2
605 670 1
607 802 1
607 716 1
607 912 1
607 692 1
607 687 1
607 927 1
609 997 2
609 927 4
612 663 1
614 978 2
614 851 2
614 858 2
617 714 2
617 670 1
617 687 1
622 676 4
626 807 1
629 685 5
629 656 1
629 658 6
629 846 3
629 630 5
629 631 4
629 891 6
629 927 1
630 731 1
630 685 2
630 891 3
633 963 1
634 788 1
638 832 1
638 939 1
638 663 5
641 987 4
643 685 1
644 738 1
646 927 1
647 857 1
648 743 1
648 765 1
650 738 1
650 686 2
650 654 2
653 738 1
654 738 2
654 682 2
654 996 2
654 783 1
657 738 1
679 918 1
680 720 1
680 707 1
682 738 1
684 844 2
684 687 1
685 1001 1
685 724 3
687 731 1
687 772 1
692 775 1
692 746 3
697 925 2
697 855 3
700 812 2
700 790 3
702 738 1
702 996 1
703 771 4
704 743 1
710 832 1
714 923 1
718 866 1
719 738 1
719 837 1
720 936 2
722 927 4
738 783 1
738 921 1
738 923 1
738 924 1
738 837 1
738 850 2
738 979 1
738 996 1
738 1001 1
738 747 1
738 881 1
738 745 1
738 761 2
740 788 1
742 769 1
742 835 1
742 900 2
742 993 1
742 784 1
742 901 1
746 935 18
746 915 2
748 926 3
758 844 1
758 918 3
761 783 1
764 987 4
765 912 1
770 927 1
771 784 1
772 789 1
773 955 6
774 947 1
776 923 2
779 843 1
780 950 1
789 987 4
790 812 14
790 956 3
795 978 1
809 994 1
809 987 5
823 927 3
824 858 1
832 936 1
832 950 1
833 850 1
838 971 1
838 915 1
840 987 4
844 956 1
849 987 4
850 987 1
851 978 2
854 927 3
857 915 3
858 991 1
863 994 4
872 987 5
873 987 4
925 955 4
935 966 4
952 971 2
954 978 1
955 987 7
977 1001 1
978 988 5
987 994 5
