0
1
2
3
4
5
6
7
8
9
10
11
12
13
14
15
16
17
18
19
20
21
22
23
24
25
26
27
28
29
30
31
32
33
34
35
36
37
38
39
40
41
42
43
44
45
46
47
48
49
50
51
52
53
54
55
56
57
58
59
60
61
62
63
64
65
66
67
68
69
70
71
72
73
74
75
76
77
78
79
80
81
82
83
84
85
86
87
88
89
90
91
92
93
94
95
96
97
98
99
100
101
102
103
104
105
106
107
108
109
110
111
112
113
114
115
116
117
118
119
120
121
122
123
124
125
126
127
128
129
130
131
132
133
134
135
136
137
138
139
141
142
143
144
145
146
147
148
149
150
151
152
153
154
155
157
158
159
160
161
162
163
164
165
166
167
168
169
170
171
172
173
174
175
176
177
178
179
180
181
182
183
184
185
186
187
188
189
190
191
192
193
194
195
196
197
198
199
200
201
202
203
204
205
206
207
208
209
210
211
212
213
214
215
216
217
218
219
220
221
222
223
224
225
226
227
228
229
230
231
232
233
235
236
237
238
239
240
241
242
243
244
245
246
247
248
249
250
251
252
253
254
255
256
257
259
260
262
263
264
265
266
267
268
269
270
271
272
273
274
275
276
277
278
279
280
281
282
283
284
285
286
287
288
289
290
291
292
293
294
295
296
297
299
300
301
302
303
304
305
306
307
308
309
310
311
312
313
314
315
316
317
318
319
320
321
322
323
324
325
326
327
328
329
330
331
332
333
334
335
336
337
338
339
340
341
343
344
345
346
347
348
349
350
351
352
353
355
356
357
358
359
360
361
362
364
365
366
367
368
369
370
371
372
373
374
375
376
377
378
379
380
381
382
383
384
385
386
387
388
389
390
391
392
393
394
395
396
397
398
399
400
401
402
403
404
405
406
407
408
409
410
411
412
413
414
415
416
418
419
420
421
422
423
424
425
426
427
428
429
430
431
432
433
434
435
436
437
438
439
440
441
442
443
444
445
446
447
448
449
450
451
452
453
454
455
456
457
458
459
460
461
462
464
465
466
467
468
469
470
471
472
473
474
475
476
477
478
479
480
481
482
483
484
485
486
487
488
489
490
491
492
493
495
496
497
498
499
500
501
502
503
504
505
506
507
508
509
510
511
512
513
514
515
516
517
518
519
520
521
522
523
524
525
526
527
528
530
531
532
533
534
535
536
537
538
539
540
541
542
543
544
545
546
547
548
549
550
551
552
553
554
556
557
558
559
560
561
562
563
564
565
566
567
568
569
570
571
572
573
574
575
576
577
578
579
580
581
582
583
584
585
586
587
588
589
590
591
592
593
594
595
596
597
598
599
600
601
602
603
604
605
606
607
609
610
611
612
613
614
615
616
617
618
619
621
622
623
624
625
626
627
628
629
630
631
632
633
634
635
636
637
638
639
640
641
642
643
644
645
646
647
648
649
650
651
652
653
654
655
656
657
658
659
660
661
662
663
664
665
666
667
668
669
670
671
672
673
674
675
676
677
678
679
680
681
682
683
684
685
686
687
688
689
690
691
692
693
694
695
696
697
698
699
700
701
702
703
704
705
706
707
708
709
710
711
712
713
714
715
716
717
718
719
720
721
722
723
724
725
726
727
728
729
730
731
732
733
734
735
736
737
738
739
740
741
742
743
744
745
746
747
748
749
750
751
752
753
754
756
757
758
759
760
761
762
763
764
765
767
768
769
770
771
772
773
774
775
776
777
778
779
780
781
782
783
784
785
786
787
788
789
790
791
792
793
794
795
796
797
798
799
800
801
802
803
804
805
806
807
808
809
810
811
812
813
814
815
816
817
818
819
820
821
822
823
824
825
826
827
828
829
830
831
832
833
834
835
836
837
838
839
840
841
842
843
844
845
846
847
848
849
850
851
852
853
854
855
856
857
858
859
860
861
862
863
864
865
866
867
868
869
870
871
872
873
874
875
876
877
878
879
880
881
882
883
884
885
886
887
888
889
890
891
892
893
894
895
896
897
898
899
900
901
902
903
904
905
906
907
908
909
910
911
912
913
914
915
916
917
918
919
920
921
922
923
924
925
926
927
928
929
930
931
932
933
934
935
936
937
938
939
940
941
942
943
944
945
946
947
948
949
950
951
952
953
954
955
956
957
958
960
961
962
963
964
965
966
967
968
969
970
971
972
973
974
975
976
977
978
979
980
981
982
983
984
985
986
987
988
989
990
991
992
993
994
995
996
997
998
999
1000
1001
1002
1003
1004
0 6 1
0 519 1
0 409 1
0 538 1
0 929 1
0 432 2
0 178 9
0 693 2
0 314 2
0 710 1
0 333 1
0 78 1
0 976 1
0 470 1
0 599 1
0 605 1
0 862 1
0 991 1
0 99 1
0 228 1
0 502 1
0 249 1
0 767 1
2 322 2
2 326 2
2 840 2
2 812 1
2 77 1
2 749 3
2 628 1
2 82 1
2 692 3
2 790 6
2 857 2
2 700 6
4 304 5
4 441 1
4 371 3
4 135 1
5 107 2
5 980 1
5 175 3
5 335 2
6 178 5
8 544 1
8 414 2
11 890 1
13 850 1
13 443 1
13 743 1
14 611 1
14 644 1
14 199 1
14 796 1
14 173 1
14 719 1
14 881 1
14 850 1
14 724 2
14 996 1
14 506 2
14 924 3
14 410 1
15 680 2
15 731 6
15 422 2
16 293 2
17 915 2
17 316 3
17 351 1
19 333 1
19 293 2
24 750 1
24 526 1
24 528 1
24 530 1
24 629 4
24 280 1
24 891 5
24 990 2
24 31 4
25 48 1
28 987 6
28 540 1
29 107 2
29 670 2
30 362 1
30 356 1
30 765 1
31 165 14
31 915 2
31 316 5
31 990 2
31 351 1
32 580 2
32 197 1
32 428 2
32 718 2
32 687 1
32 791 4
32 92 2
32 862 1
35 978 4
35 954 1
38 832 1
38 951 1
38 939 1
38 309 1
38 919 1
38 474 1
38 410 2
40 802 6
40 379 1
40 900 3
40 198 1
40 488 1
40 450 2
40 272 3
40 712 1
40 947 2
40 662 2
40 695 2
40 568 2
40 187 6
40 572 3
40 254 2
41 48 1
42 534 1
42 943 3
46 88 1
46 337 1
46 399 3
48 1000 2
48 458 1
48 558 1
48 723 1
48 216 1
48 956 2
48 319 1
50 559 4
52 267 1
52 356 1
52 126 4
53 609 3
53 978 1
53 923 1
53 819 2
53 633 1
56 482 1
56 987 7
56 772 1
60 187 1
61 450 2
61 228 2
61 356 3
61 517 2
61 166 2
61 135 5
61 939 1
61 718 7
61 591 3
61 742 2
61 178 2
61 851 2
61 692 1
61 782 9
61 502 4
61 388 1
61 602 1
61 915 2
61 693 4
62 800 1
62 646 9
62 518 3
62 485 4
62 214 1
62 535 1
62 542 9
62 895 1
65 196 2
65 135 3
65 75 3
65 334 4
65 752 2
65 915 3
65 147 1
65 923 1
65 220 7
65 190 1
67 963 11
67 165 7
67 846 1
68 506 2
68 987 6
69 879 1
73 1000 1
74 166 1
74 392 5
74 948 1
74 759 3
74 984 1
74 90 3
74 573 2
75 220 2
75 334 1
75 534 1
75 772 1
77 104 1
77 912 1
78 178 6
78 314 1
78 502 1
82 784 2
82 870 1
82 135 1
83 784 1
84 534 2
86 443 1
88 906 1
88 950 1
90 736 1
90 609 2
90 923 1
90 356 1
90 101 1
90 454 1
90 233 9
90 435 1
90 334 1
90 687 1
90 178 1
90 883 1
90 502 1
90 105 1
90 248 1
90 283 2
90 891 2
90 220 1
90 93 1
90 946 1
91 609 1
91 454 1
92 915 2
92 316 2
92 838 1
92 351 1
95 987 6
96 420 2
96 634 2
96 388 1
96 324 1
96 509 2
98 401 8
98 278 1
98 107 40
98 429 2
98 707 2
99 178 6
99 314 1
101 866 1
101 246 4
101 423 6
103 950 1
104 416 1
104 425 28
104 523 1
104 790 7
104 765 9
105 418 12
105 582 5
105 374 2
106 832 3
106 337 1
106 559 1
107 192 3
107 898 2
107 643 3
107 393 1
107 652 1
107 899 2
107 664 2
107 537 2
107 670 8
107 289 2
107 808 1
107 553 2
107 810 3
107 175 2
107 688 2
107 320 4
107 327 1
107 201 2
107 1004 3
107 335 6
107 208 2
107 468 1
107 985 2
107 464 4
107 236 4
107 724 1
107 118 2
107 980 2
107 381 2
109 913 5
112 356 14
112 517 2
112 267 5
112 948 8
112 472 3
112 730 2
113 542 1
114 275 3
114 716 1
119 465 1
119 812 1
120 609 1
120 290 1
120 772 5
120 454 6
120 752 2
120 433 3
120 948 2
120 566 1
120 633 1
120 765 1
120 190 2
120 191 1
122 275 1
122 693 1
125 206 1
125 622 1
126 356 2
126 133 4
126 166 3
126 648 1
126 586 1
126 332 5
126 721 2
126 435 3
126 948 3
127 595 4
127 716 2
127 365 3
132 337 1
133 602 1
133 908 1
134 850 1
134 316 1
134 565 5
135 581 6
135 870 2
135 170 1
135 587 2
135 942 6
135 742 1
135 371 3
135 628 1
136 351 1
136 915 2
136 316 3
136 207 2
137 784 1
137 771 1
138 542 1
138 383 1
139 206 1
141 512 4
141 978 2
141 851 2
141 188 2
141 469 3
142 200 1
142 892 1
142 267 6
142 428 4
142 207 1
142 915 10
142 857 4
142 351 1
142 316 11
142 543 1
143 544 2
143 872 2
143 796 1
144 544 1
147 416 5
147 577 2
147 546 3
147 454 3
147 277 2
147 214 2
147 347 11
149 716 1
149 866 1
149 372 6
150 850 1
150 987 3
150 178 1
150 454 1
151 278 4
151 626 1
151 214 1
151 923 6
151 316 4
151 253 3
152 443 1
157 731 2
157 740 1
157 517 2
157 585 1
157 530 2
157 248 3
157 347 1
157 891 2
159 214 1
160 530 1
160 629 4
164 402 1
164 663 1
164 638 2
164 943 2
165 428 1
165 302 1
165 401 18
165 915 4
165 280 1
165 351 1
165 316 7
166 586 3
166 517 2
166 294 1
166 743 3
166 573 1
166 885 1
166 759 1
166 984 1
167 978 2
167 954 1
167 630 4
168 356 10
168 984 1
168 966 1
168 232 5
168 425 8
168 362 1
168 912 28
168 744 1
168 948 1
168 949 8
168 313 3
168 472 20
168 260 6
168 730 1
168 765 3
168 868 1
168 575 1
169 372 5
169 595 4
169 404 2
170 855 1
170 231 1
171 347 6
171 590 2
173 850 1
173 428 4
175 737 1
175 423 1
175 553 1
175 335 2
175 849 4
175 275 5
175 246 1
178 409 6
178 538 7
178 415 2
178 929 6
178 295 5
178 990 2
178 693 6
178 951 2
178 569 5
178 314 6
178 710 5
178 333 6
178 976 8
178 339 5
178 470 5
178 599 5
178 605 63
178 862 8
178 991 5
178 228 6
178 752 6
178 502 14
178 249 6
178 767 5
180 727 1
181 353 1
181 656 1
181 274 1
181 724 2
181 920 2
181 189 2
181 190 2
184 843 1
184 951 1
185 833 2
185 987 1
185 854 1
187 802 1
188 421 1
188 614 2
188 824 1
188 978 2
188 851 1
188 502 1
188 280 2
188 954 1
189 716 2
189 239 1
189 883 2
189 724 1
189 502 1
190 353 2
190 486 1
190 656 2
190 920 2
190 274 2
190 373 2
191 609 1
191 749 2
192 664 2
192 289 1
193 609 1
193 946 3
193 633 3
194 587 1
195 595 1
196 401 1
196 731 2
196 220 1
196 278 1
197 850 1
199 644 2
199 850 1
199 996 2
199 506 1
199 702 2
200 428 5
200 915 4
200 952 1
200 857 1
200 316 6
200 351 2
206 676 1
206 622 2
206 487 1
207 387 1
207 424 1
207 428 2
207 978 2
207 558 1
207 274 1
207 373 1
207 630 2
207 953 2
207 795 1
207 988 1
207 469 4
214 609 2
214 290 1
214 763 1
214 662 6
214 518 3
214 935 1
214 502 1
214 746 2
214 742 1
214 367 2
214 912 3
214 531 1
214 978 2
214 630 4
214 890 6
214 923 4
216 1000 2
216 458 1
216 558 12
216 321 2
220 334 1
223 334 1
223 343 1
224 915 2
224 316 1
225 951 4
226 506 1
228 502 2
229 692 5
229 306 1
229 580 2
229 334 1
229 687 1
231 738 1
231 840 1
231 873 4
231 874 1
231 245 2
231 987 6
231 540 5
232 425 2
232 472 4
232 744 1
233 835 4
233 692 9
233 245 1
233 550 1
235 609 1
236 537 2
238 433 1
239 609 1
239 742 1
239 929 1
239 528 1
239 502 2
239 951 5
243 772 2
243 607 5
245 581 1
245 840 2
245 329 2
245 874 1
245 624 1
245 338 1
245 764 1
245 987 7
245 540 1
246 724 2
246 423 7
248 740 1
248 364 1
248 530 3
248 891 16
248 506 1
249 314 1
250 880 2
250 356 2
250 948 3
250 886 3
251 987 6
256 356 1
260 912 1
264 329 2
264 540 4
266 425 3
266 949 1
267 517 2
267 648 3
267 751 2
267 392 2
267 435 1
267 948 10
267 891 2
267 988 1
267 478 2
273 951 1
274 978 3
274 920 3
274 988 1
275 849 5
277 587 1
278 334 1
278 401 1
278 923 6
280 526 3
280 817 1
280 530 1
280 851 1
280 629 5
280 502 3
280 595 1
280 990 1
281 329 1
282 474 1
284 731 2
288 610 21
288 484 23
288 773 21
288 391 34
288 846 26
288 629 29
288 630 8
289 664 1
289 899 2
293 716 2
293 724 4
293 568 2
293 697 8
293 572 1
293 862 4
299 559 1
301 920 1
301 978 5
302 915 2
302 316 2
302 351 1
305 946 1
306 585 5
306 334 1
306 784 4
306 659 7
306 374 7
306 703 1
308 418 1
309 474 1
310 343 2
311 633 2
311 987 7
311 955 2
313 472 4
313 946 10
313 356 6
314 929 1
314 710 1
314 599 1
314 333 1
314 976 1
314 693 2
314 502 1
314 409 1
314 538 1
314 605 1
314 862 1
314 767 1
315 936 4
316 647 3
316 915 18
316 543 2
316 806 1
316 428 11
316 392 1
316 952 4
316 953 5
316 586 1
316 971 3
316 978 1
316 344 1
316 857 4
316 349 1
316 990 3
316 351 5
316 367 4
316 888 1
318 704 2
318 332 1
319 832 1
319 1000 2
322 740 2
322 534 2
322 879 2
323 622 1
327 381 1
327 414 1
327 341 1
329 427 1
329 388 1
329 582 2
329 471 1
329 910 1
329 624 2
329 819 4
329 534 1
329 343 4
329 540 1
332 648 1
332 362 2
332 782 1
332 435 1
332 500 5
332 586 1
333 696 1
333 605 1
333 767 2
334 923 3
334 742 1
334 586 1
334 718 1
334 687 4
334 995 2
334 692 2
334 696 6
334 763 2
334 890 1
335 664 1
336 577 1
336 926 1
337 638 2
337 919 3
337 505 1
337 603 1
337 510 1
338 987 7
343 950 6
343 534 2
343 587 1
343 749 3
343 399 4
343 853 1
343 663 8
344 915 2
344 351 1
349 976 1
349 915 2
351 952 1
351 838 3
351 647 1
351 971 1
351 428 1
351 915 4
351 953 1
351 888 1
351 857 2
351 543 1
351 990 2
353 920 1
353 891 3
353 391 12
356 517 11
356 912 9
356 730 4
356 425 12
356 946 1
356 948 6
356 721 3
356 472 27
356 868 4
356 743 2
356 744 1
356 765 7
360 530 1
360 629 3
360 526 3
361 987 6
362 716 2
362 854 1
362 535 1
362 383 9
365 377 2
365 866 1
367 609 1
367 629 2
367 951 3
367 923 1
369 913 1
369 535 1
369 407 2
372 404 5
372 934 1
372 951 7
373 391 18
374 659 1
376 731 1
377 685 1
377 866 1
377 772 1
377 423 2
378 514 1
381 664 1
383 720 4
383 867 1
383 518 5
383 589 1
383 528 5
383 913 3
383 887 3
387 795 2
388 752 1
388 534 2
388 638 1
390 784 15
391 610 15
391 484 3
391 750 5
391 445 1
392 948 4
393 843 1
393 907 1
399 950 2
400 813 3
401 454 9
401 683 1
401 429 11
401 415 11
402 649 1
402 474 1
402 788 1
402 943 1
404 595 2
407 843 1
410 977 1
410 719 3
414 891 14
414 995 3
415 609 1
415 833 2
415 429 3
415 762 1
416 425 8
416 912 3
416 946 1
416 948 3
418 996 22
418 977 14
420 559 8
421 978 2
422 731 3
423 866 1
423 849 2
423 977 4
424 978 2
424 957 1
424 990 2
425 721 1
425 912 7
425 946 10
425 948 3
425 472 3
425 868 1
425 765 3
427 955 2
428 915 17
428 953 4
428 857 1
428 543 1
429 454 8
432 512 2
432 987 6
433 738 3
433 994 3
433 987 10
433 828 2
434 704 1
435 586 4
435 782 4
435 500 1
435 984 3
435 948 1
435 573 3
437 850 1
440 664 1
440 737 2
443 662 2
445 891 6
450 802 1
451 988 1
454 609 3
454 706 3
454 772 1
454 713 2
454 922 1
454 592 1
454 890 1
454 858 1
454 863 1
458 1000 1
458 956 7
464 980 1
465 812 1
466 695 4
468 664 1
469 512 2
469 978 3
469 851 3
469 954 1
471 617 1
472 744 2
472 912 3
472 946 6
472 730 1
473 810 1
480 987 6
482 531 5
482 987 6
482 641 3
484 838 1
484 629 2
484 630 9
485 646 2
486 656 1
486 700 1
491 497 1
493 629 2
499 704 1
499 587 1
499 956 1
499 503 3
500 633 1
500 814 3
500 687 1
502 538 1
502 749 4
502 976 2
502 862 1
503 1000 3
503 704 1
503 723 1
506 1001 1
506 850 1
506 783 3
506 644 6
506 921 2
506 924 3
506 541 3
510 534 1
510 622 2
511 703 1
512 978 6
514 832 1
514 1001 1
514 780 1
514 977 4
514 950 1
516 881 1
516 850 1
517 674 1
517 765 3
517 586 3
517 565 1
517 854 1
517 602 2
517 542 2
518 799 4
518 609 3
518 542 4
518 895 4
522 732 1
526 530 1
526 629 4
527 720 1
527 870 1
528 772 1
528 531 2
528 921 1
530 740 1
530 920 1
530 685 3
530 658 2
530 851 2
530 629 6
530 630 1
530 891 10
531 987 6
534 768 1
534 591 1
534 752 1
534 862 3
537 664 1
540 641 4
540 546 2
540 955 5
540 764 1
540 874 1
540 587 6
540 840 1
540 819 2
540 873 1
540 697 2
540 987 8
541 850 1
542 646 14
543 915 2
544 962 1
544 739 1
544 580 2
544 741 2
544 563 1
544 791 1
544 669 2
546 609 1
546 550 1
547 978 2
547 851 1
547 614 1
547 862 7
547 954 1
550 920 1
550 692 1
550 743 1
552 978 2
553 688 2
558 1000 2
558 684 1
559 622 4
561 629 2
563 731 1
565 704 2
565 723 1
565 684 2
566 772 1
573 586 2
576 850 1
577 715 1
577 926 1
577 935 1
580 791 1
581 936 1
581 942 1
581 851 2
581 855 1
581 703 3
582 994 1
582 987 6
584 731 2
585 822 3
585 922 2
586 617 1
586 587 1
586 782 5
586 915 4
586 984 6
587 833 1
587 678 1
587 617 1
587 807 1
587 752 1
591 768 1
591 923 6
591 607 1
595 1004 2
595 718 4
595 687 1
595 790 1
595 951 3
599 929 1
599 951 1
599 767 1
601 919 1
602 648 2
602 721 1
602 948 1
602 765 1
605 1001 1
605 685 2
605 670 2
607 995 11
607 696 1
607 687 2
607 765 2
609 1003 1
609 772 4
609 923 4
609 951 2
609 707 3
609 749 1
609 752 1
609 633 2
609 890 1
611 921 1
611 850 1
613 772 1
614 978 2
614 954 1
617 752 1
617 633 1
617 923 6
622 676 2
629 838 1
629 902 1
629 658 2
629 685 4
629 846 2
629 630 2
629 631 2
629 891 3
629 978 1
629 750 2
630 685 4
633 707 1
633 772 4
633 951 1
633 923 2
634 788 1
638 853 5
638 950 1
638 663 3
641 987 6
643 664 1
643 670 1
644 850 1
644 924 3
644 702 2
647 915 1
648 721 8
648 948 1
650 850 1
650 682 1
654 738 3
654 837 1
654 682 1
654 783 3
654 719 1
654 991 2
656 838 5
656 978 1
656 920 3
656 988 1
657 850 1
659 703 2
662 900 6
663 951 2
663 950 3
664 737 1
664 810 1
664 985 1
668 720 3
668 746 1
668 813 7
668 935 1
671 692 1
674 948 1
680 707 3
680 731 1
682 738 1
682 850 1
682 783 1
684 743 1
684 844 1
684 946 1
684 731 1
685 1001 3
687 772 1
687 851 1
687 923 7
688 899 2
692 935 1
692 746 1
692 749 5
692 700 1
693 862 2
697 771 1
697 873 1
697 855 8
697 925 1
698 987 6
700 812 2
700 749 1
700 782 2
700 790 7
702 850 1
703 784 1
704 743 9
704 844 3
706 951 5
707 880 1
707 951 1
707 923 1
710 767 2
711 718 2
715 926 1
716 866 1
718 934 2
718 732 1
719 738 4
719 837 4
719 783 3
719 850 1
719 921 2
720 833 4
720 935 4
720 746 4
720 813 1
721 908 1
721 948 1
721 765 10
722 823 2
723 1000 2
737 849 2
738 837 1
738 745 1
738 783 1
738 850 1
740 891 6
742 784 2
742 765 2
744 912 2
745 850 1
746 935 3
746 813 2
748 926 1
758 956 1
758 918 2
759 984 1
761 850 1
762 984 2
764 994 2
764 874 1
764 987 7
765 908 2
765 912 5
765 948 6
765 868 4
772 993 1
772 812 1
772 775 2
772 948 5
772 783 1
772 915 2
779 843 2
780 977 3
782 912 1
783 881 1
783 921 1
789 987 6
789 951 2
790 956 4
790 812 2
790 948 3
795 978 2
796 987 6
804 850 1
806 857 2
806 915 2
809 987 6
813 935 4
817 978 2
817 954 1
823 895 4
828 850 1
832 976 1
832 977 1
833 987 1
837 850 1
840 873 1
840 874 1
840 987 8
843 907 3
843 883 1
848 860 1
849 1004 2
849 987 6
850 921 1
850 924 1
850 962 1
850 996 1
850 1001 1
850 881 1
851 920 2
851 978 6
851 915 1
851 954 2
857 915 7
857 953 2
863 900 2
866 951 1
872 987 6
873 874 1
873 987 6
874 925 7
878 929 1
885 984 1
885 951 2
890 923 6
912 984 1
912 948 10
912 949 4
915 920 1
915 952 4
915 953 9
915 971 2
915 990 2
919 1000 2
920 978 2
923 935 1
923 951 6
925 955 1
946 948 4
950 977 3
951 976 1
954 978 2
954 957 1
955 987 8
957 978 2
977 1004 7
978 988 2
987 994 6
