0
1
2
3
4
5
6
7
8
9
10
11
12
13
14
15
16
17
18
19
20
21
22
23
24
25
26
27
28
29
30
31
32
33
34
35
36
37
38
39
40
41
42
43
44
45
46
47
48
49
50
51
52
53
54
55
56
57
58
59
60
61
62
63
64
65
66
67
68
69
70
71
72
73
74
75
76
77
78
79
80
81
82
83
84
85
86
87
88
89
90
91
92
93
94
95
96
97
98
99
100
101
102
103
104
105
106
107
108
109
110
111
112
113
114
115
116
117
118
119
120
121
122
123
124
125
126
127
128
129
130
131
132
133
134
135
136
137
138
139
141
142
143
144
145
146
147
148
149
150
151
152
153
154
155
157
158
159
160
161
162
163
164
165
166
167
168
169
170
171
172
173
174
175
176
177
178
179
180
181
182
183
184
185
186
187
188
189
190
191
192
193
194
195
196
197
198
199
200
201
202
203
204
205
206
207
208
209
210
211
212
213
214
215
216
217
218
219
220
221
222
223
224
225
226
227
228
229
230
231
232
233
235
236
237
238
239
240
241
242
243
244
245
246
247
248
249
250
251
252
253
254
255
256
257
259
260
262
263
264
265
266
267
268
269
270
271
272
273
274
275
276
277
278
279
280
281
282
283
284
285
286
287
288
289
290
291
292
293
294
295
296
297
299
300
301
302
303
304
305
306
307
308
309
310
311
312
313
314
315
316
317
318
319
320
321
322
323
324
325
326
327
328
329
330
331
332
333
334
335
336
337
338
339
340
341
343
344
345
346
347
348
349
350
351
352
353
355
356
357
358
359
360
361
362
364
365
366
367
368
369
370
371
372
373
374
375
376
377
378
379
380
381
382
383
384
385
386
387
388
389
390
391
392
393
394
395
396
397
398
399
400
401
402
403
404
405
406
407
408
409
410
411
412
413
414
415
416
418
419
420
421
422
423
424
425
426
427
428
429
430
431
432
433
434
435
436
437
438
439
440
441
442
443
444
445
446
447
448
449
450
451
452
453
454
455
456
457
458
459
460
461
462
464
465
466
467
468
469
470
471
472
473
474
475
476
477
478
479
480
481
482
483
484
485
486
487
488
489
490
491
492
493
495
496
497
498
499
500
501
502
503
504
505
506
507
508
509
510
511
512
513
514
515
516
517
518
519
520
521
522
523
524
525
526
527
528
530
531
532
533
534
535
536
537
538
539
540
541
542
543
544
545
546
547
548
549
550
551
552
553
554
556
557
558
559
560
561
562
563
564
565
566
567
568
569
570
571
572
573
574
575
576
577
578
579
580
581
582
583
584
585
586
587
588
589
590
591
592
593
594
595
596
597
598
599
600
601
602
603
604
605
606
607
609
610
611
612
613
614
615
616
617
618
619
621
622
623
624
625
626
627
628
629
630
631
632
633
634
635
636
637
638
639
640
641
642
643
644
645
646
647
648
649
650
651
652
653
654
655
656
657
658
659
660
661
662
663
664
665
666
667
668
669
670
671
672
673
674
675
676
677
678
679
680
681
682
683
684
685
686
687
688
689
690
691
692
693
694
695
696
697
698
699
700
701
702
703
704
705
706
707
708
709
710
711
712
713
714
715
716
717
718
719
720
721
722
723
724
725
726
727
728
729
730
731
732
733
734
735
736
737
738
739
740
741
742
743
744
745
746
747
748
749
750
751
752
753
754
756
757
758
759
760
761
762
763
764
765
767
768
769
770
771
772
773
774
775
776
777
778
779
780
781
782
783
784
785
786
787
788
789
790
791
792
793
794
795
796
797
798
799
800
801
802
803
804
805
806
807
808
809
810
811
812
813
814
815
816
817
818
819
820
821
822
823
824
825
826
827
828
829
830
831
832
833
834
835
836
837
838
839
840
841
842
843
844
845
846
847
848
849
850
851
852
853
854
855
856
857
858
859
860
861
862
863
864
865
866
867
868
869
870
871
872
873
874
875
876
877
878
879
880
881
882
883
884
885
886
887
888
889
890
891
892
893
894
895
896
897
898
899
900
901
902
903
904
905
906
907
908
909
910
911
912
913
914
915
916
917
918
919
920
921
922
923
924
925
926
927
928
929
930
931
932
933
934
935
936
937
938
939
940
941
942
943
944
945
946
947
948
949
950
951
952
953
954
955
956
957
958
960
961
962
963
964
965
966
967
968
969
970
971
972
973
974
975
976
977
978
979
980
981
982
983
984
985
986
987
988
989
990
991
992
993
994
995
996
997
998
999
1000
1001
1002
1003
1004
0 32 1
0 569 2
0 605 1
0 333 1
1 309 1
2 700 2
2 868 1
2 17 2
4 441 1
4 135 2
5 362 1
5 772 1
5 506 2
6 569 3
6 506 1
6 333 1
6 249 1
10 381 1
13 516 1
13 850 1
13 772 1
13 738 1
14 506 1
14 850 1
14 796 1
14 738 2
15 680 2
15 731 3
16 718 2
16 843 1
16 541 3
16 502 3
17 857 1
17 428 1
19 32 1
19 127 1
24 360 2
24 561 2
24 629 4
25 458 5
28 987 1
28 231 1
29 506 1
30 416 1
30 936 1
30 912 2
30 168 1
30 762 1
30 765 2
31 165 7
32 418 1
32 739 1
32 197 2
32 977 1
32 777 1
32 170 1
32 843 1
32 236 1
32 365 1
32 718 1
32 687 1
32 432 1
32 189 1
32 915 2
32 381 1
32 791 4
32 249 4
32 380 1
32 669 1
35 978 3
40 712 1
40 450 2
40 187 3
40 572 1
41 704 2
41 73 1
41 723 5
41 565 3
41 499 1
42 402 1
45 227 1
48 704 7
48 458 2
48 499 2
52 168 2
52 868 1
53 193 1
53 290 2
53 540 1
56 482 1
56 987 1
58 120 1
58 818 1
58 909 3
61 450 2
61 718 2
62 646 3
62 542 4
62 159 2
64 534 1
65 687 1
65 220 1
65 334 5
65 191 2
66 227 1
67 344 3
67 963 10
67 165 2
67 207 4
68 506 1
68 987 1
68 772 1
75 609 2
75 742 1
75 135 3
75 120 1
75 220 1
75 607 1
77 912 3
77 168 3
77 885 1
77 575 1
78 569 1
78 506 1
78 502 1
82 720 1
82 870 1
82 135 4
83 771 1
86 443 2
90 416 1
90 865 2
90 915 2
90 248 1
90 761 2
90 220 1
92 207 1
95 987 1
98 592 6
98 107 1
98 268 1
98 429 1
98 454 1
101 377 3
101 423 1
101 246 1
101 175 1
102 139 1
103 1001 6
104 765 1
105 418 5
105 582 1
106 1001 1
106 828 1
106 788 1
107 553 2
107 381 2
111 602 1
113 542 1
113 927 3
114 718 1
117 268 3
120 772 1
120 454 2
120 135 2
120 980 1
120 987 1
122 718 1
125 139 1
125 324 1
125 939 1
125 524 1
125 622 3
125 534 1
125 154 1
125 477 1
125 510 1
126 416 1
126 356 1
126 790 3
126 447 1
127 904 1
127 754 2
127 595 1
127 377 1
127 189 4
131 738 1
131 850 1
132 842 3
133 168 1
133 602 1
134 592 5
134 291 1
134 454 2
135 292 7
135 581 8
135 870 4
135 749 1
135 942 17
135 720 1
135 371 1
135 628 7
135 772 5
135 703 1
136 200 1
136 915 1
136 629 2
139 323 1
139 324 1
139 487 1
139 939 1
139 524 1
139 206 1
139 174 1
139 534 1
139 154 1
139 477 1
139 510 1
141 614 1
141 362 1
141 978 3
141 920 1
141 530 1
141 280 1
141 891 1
143 159 4
147 416 1
147 577 1
147 230 1
147 171 4
147 214 1
147 159 3
149 275 3
151 278 2
153 977 5
159 193 1
159 290 2
159 923 3
159 214 4
159 731 2
159 680 1
159 940 1
159 866 1
159 687 1
159 915 2
159 406 1
159 987 2
159 572 3
159 443 1
160 629 4
161 890 1
161 951 1
164 322 1
165 344 4
165 401 10
166 416 6
166 515 1
166 356 5
166 168 2
166 586 3
166 765 1
166 762 1
166 573 1
167 817 1
167 978 3
167 851 2
167 469 2
168 868 4
168 232 1
168 557 2
168 912 7
168 966 2
168 472 5
168 356 4
168 607 1
168 765 1
168 575 5
171 347 1
173 738 1
174 534 1
175 423 2
175 1004 1
175 849 5
175 275 4
175 246 1
185 614 1
187 450 2
188 978 4
188 431 1
189 772 1
189 718 3
189 977 1
189 506 1
191 415 1
192 506 1
192 335 2
193 546 1
193 454 3
193 940 1
193 500 4
193 923 2
196 220 1
197 987 1
198 568 1
198 488 1
199 506 1
199 850 1
199 924 2
199 738 1
200 971 1
202 629 3
206 534 1
207 421 1
207 424 3
207 847 1
207 978 3
207 469 1
207 953 1
207 795 3
214 935 1
214 712 1
214 951 1
214 569 1
215 727 1
216 321 2
216 499 1
218 772 1
220 769 2
220 450 3
220 364 3
220 482 3
220 692 3
220 764 3
220 607 3
223 742 1
226 506 1
226 772 1
228 569 3
228 333 1
228 605 1
228 502 1
228 693 1
229 568 3
229 901 1
231 738 1
231 955 1
231 836 1
231 840 1
231 873 1
231 364 1
231 338 1
231 245 1
231 311 1
231 698 3
231 987 2
231 540 1
231 925 1
231 607 1
233 772 1
233 692 4
236 537 2
239 596 1
245 698 2
245 987 1
245 764 1
246 724 1
246 423 2
248 506 4
248 923 3
249 333 1
249 433 2
249 569 3
249 506 1
249 605 1
250 886 2
250 927 3
251 987 1
253 752 3
256 416 2
256 356 1
256 294 6
256 648 1
256 472 3
256 313 1
264 454 1
267 586 18
267 674 3
267 526 3
268 291 1
268 454 1
268 713 1
268 592 2
268 633 1
270 738 1
270 850 1
272 450 5
272 900 2
272 754 3
272 595 2
272 662 1
272 379 1
272 572 2
275 849 5
278 290 1
278 566 1
278 454 1
280 631 2
280 891 1
280 629 4
280 731 1
290 305 4
290 687 1
291 401 3
291 429 1
291 454 3
293 569 1
293 605 1
294 313 1
295 569 3
299 337 1
299 322 1
299 323 1
301 978 3
306 660 1
306 742 1
308 418 1
310 586 1
311 987 1
311 955 1
313 472 1
316 915 2
316 428 1
319 499 1
321 618 1
322 343 1
322 879 1
324 638 2
326 772 1
327 738 1
327 850 1
329 624 1
332 539 1
332 500 1
333 409 1
333 502 1
333 710 1
333 599 1
333 470 1
333 569 4
333 538 1
333 605 2
333 862 1
334 776 2
334 607 1
335 440 3
335 464 2
335 664 3
337 646 2
338 433 2
338 987 1
343 663 2
344 543 2
344 373 4
347 966 3
353 891 7
356 515 1
356 868 2
356 550 1
356 743 3
356 586 2
356 912 1
356 472 5
356 772 1
356 762 2
356 765 2
360 629 3
361 987 1
362 731 1
362 659 2
362 909 1
364 582 1
364 624 1
364 987 1
364 764 1
365 718 1
368 879 1
369 927 3
371 528 1
371 720 1
371 772 1
372 595 4
372 404 4
372 934 4
377 866 2
377 423 1
377 718 3
377 506 1
379 662 1
380 506 1
381 643 1
381 553 1
381 532 3
381 506 1
388 534 2
401 415 7
401 454 6
401 429 11
404 506 1
409 569 3
409 506 1
410 718 2
414 891 2
415 569 2
415 587 1
415 833 1
416 648 1
416 586 2
416 765 2
416 573 1
416 927 1
418 977 2
421 424 5
421 978 3
421 795 3
421 870 1
423 866 2
423 650 3
423 718 1
424 978 3
424 795 7
427 955 1
428 543 2
428 915 3
428 857 1
429 454 5
432 987 1
433 987 1
433 772 1
433 789 3
434 758 1
435 500 4
437 738 1
437 850 1
438 818 1
440 537 2
440 506 1
441 528 1
443 742 4
443 662 6
444 927 3
444 535 1
447 984 1
450 712 1
450 572 1
450 947 1
450 596 1
450 568 1
452 772 1
454 609 3
454 772 2
454 592 7
456 720 1
458 844 1
458 499 1
458 684 1
459 517 2
462 833 1
466 662 1
469 512 1
469 978 3
470 569 4
470 789 3
470 605 1
472 743 3
472 912 2
472 535 1
472 602 2
472 868 1
472 575 3
482 569 10
482 987 1
485 513 1
485 927 3
491 506 1
493 795 3
493 629 4
495 568 6
495 862 2
497 977 1
499 758 1
499 679 1
499 618 1
499 844 1
499 558 3
499 723 1
499 918 1
500 782 2
501 772 1
502 538 3
502 605 1
506 644 3
506 783 1
506 921 2
506 796 1
506 670 1
506 682 1
506 688 1
506 690 1
506 951 1
506 702 1
506 738 1
506 850 1
506 718 1
506 599 1
506 605 1
508 738 1
511 987 1
513 927 3
513 823 1
516 738 1
516 850 1
516 790 2
517 772 1
517 923 1
522 716 1
526 528 1
526 629 3
528 568 2
530 920 2
530 891 11
530 629 8
531 987 4
532 738 1
532 850 1
532 650 2
534 772 1
534 591 1
534 692 1
534 890 1
535 927 4
538 569 3
540 955 3
540 840 10
540 749 1
540 697 1
540 698 2
540 987 3
541 738 2
541 783 1
541 850 1
541 951 1
541 924 1
542 927 4
544 772 1
546 742 1
546 830 1
547 978 3
550 920 1
551 927 3
552 978 3
558 565 2
561 629 4
561 846 8
565 723 2
565 956 1
565 679 1
568 596 4
569 693 2
569 710 3
569 976 2
569 599 4
569 605 2
569 862 3
569 991 6
569 749 7
573 586 1
576 738 1
576 850 1
577 936 2
581 936 1
581 720 1
582 764 3
582 987 1
586 772 1
586 718 3
587 720 1
588 987 1
591 692 1
592 713 4
592 923 1
592 927 8
595 718 2
605 710 1
605 862 1
609 707 2
609 772 6
609 910 1
609 633 4
614 978 3
617 720 2
627 890 1
628 720 1
629 658 3
629 685 3
629 846 3
629 630 3
629 631 5
629 891 8
629 894 3
630 851 1
634 788 2
638 706 1
641 987 1
643 685 3
644 850 3
644 738 1
646 927 3
648 765 2
650 738 1
653 738 1
654 738 5
654 850 1
654 783 2
657 738 1
662 900 1
663 898 3
663 879 1
663 950 1
672 844 3
678 696 4
680 720 1
680 731 1
680 790 2
682 738 1
684 956 1
685 1001 5
685 724 1
687 772 3
687 776 2
692 775 2
692 746 1
692 749 1
697 925 1
697 855 3
698 840 2
698 873 2
698 764 2
700 1001 3
702 842 3
702 850 1
702 738 1
703 771 1
707 923 1
707 951 1
716 718 1
718 772 1
718 904 2
718 777 1
718 783 1
718 969 2
718 977 1
718 724 1
718 732 1
718 866 2
718 754 5
718 883 1
719 738 1
719 850 1
720 833 1
720 870 1
720 855 1
720 731 2
722 927 8
724 1001 1
724 796 1
737 849 1
738 783 3
738 921 2
738 923 3
738 924 1
738 945 1
738 837 1
738 850 2
738 996 1
738 1001 1
738 747 1
738 881 1
738 979 2
738 745 1
738 761 1
739 772 1
740 788 2
742 772 2
745 850 1
758 844 2
758 956 1
758 918 4
761 881 1
761 790 1
764 987 1
765 868 2
770 927 3
772 783 1
772 923 1
772 822 1
772 836 2
772 993 1
772 870 1
773 955 1
774 947 4
783 850 1
789 987 1
790 901 4
795 978 3
796 977 1
809 987 2
817 978 3
823 927 3
837 850 1
840 987 1
849 987 1
850 921 1
850 924 1
850 979 1
850 996 1
850 1001 1
850 881 1
851 978 6
854 927 3
868 912 1
872 987 1
873 987 1
880 890 1
880 923 1
890 923 1
891 920 2
910 923 1
921 923 2
925 955 1
954 978 3
955 987 2
957 978 2
969 977 1
977 1001 9
977 1004 3
978 988 3
987 994 1
