0
1
2
3
4
5
6
7
8
9
10
11
12
13
14
15
16
17
18
19
20
21
22
23
24
25
26
27
28
29
30
31
32
33
34
35
36
37
38
39
40
41
42
43
44
45
46
47
48
49
50
51
52
53
54
55
56
57
58
59
60
61
62
63
64
65
66
67
68
69
70
71
72
73
74
75
76
77
78
79
80
81
82
83
84
85
86
87
88
89
90
91
92
93
94
95
96
97
98
99
100
101
102
103
104
105
106
107
108
109
110
111
112
113
114
115
116
117
118
119
120
121
122
123
124
125
126
127
128
129
130
131
132
133
134
135
136
137
138
139
141
142
143
144
145
146
147
148
149
150
151
152
153
154
155
157
158
159
160
161
162
163
164
165
166
167
168
169
170
171
172
173
174
175
176
177
178
179
180
181
182
183
184
185
186
187
188
189
190
191
192
193
194
195
196
197
198
199
200
201
202
203
204
205
206
207
208
209
210
211
212
213
214
215
216
217
218
219
220
221
222
223
224
225
226
227
228
229
230
231
232
233
235
236
237
238
239
240
241
242
243
244
245
246
247
248
249
250
251
252
253
254
255
256
257
259
260
262
263
264
265
266
267
268
269
270
271
272
273
274
275
276
277
278
279
280
281
282
283
284
285
286
287
288
289
290
291
292
293
294
295
296
297
299
300
301
302
303
304
305
306
307
308
309
310
311
312
313
314
315
316
317
318
319
320
321
322
323
324
325
326
327
328
329
330
331
332
333
334
335
336
337
338
339
340
341
343
344
345
346
347
348
349
350
351
352
353
355
356
357
358
359
360
361
362
364
365
366
367
368
369
370
371
372
373
374
375
376
377
378
379
380
381
382
383
384
385
386
387
388
389
390
391
392
393
394
395
396
397
398
399
400
401
402
403
404
405
406
407
408
409
410
411
412
413
414
415
416
418
419
420
421
422
423
424
425
426
427
428
429
430
431
432
433
434
435
436
437
438
439
440
441
442
443
444
445
446
447
448
449
450
451
452
453
454
455
456
457
458
459
460
461
462
464
465
466
467
468
469
470
471
472
473
474
475
476
477
478
479
480
481
482
483
484
485
486
487
488
489
490
491
492
493
495
496
497
498
499
500
501
502
503
504
505
506
507
508
509
510
511
512
513
514
515
516
517
518
519
520
521
522
523
524
525
526
527
528
530
531
532
533
534
535
536
537
538
539
540
541
542
543
544
545
546
547
548
549
550
551
552
553
554
556
557
558
559
560
561
562
563
564
565
566
567
568
569
570
571
572
573
574
575
576
577
578
579
580
581
582
583
584
585
586
587
588
589
590
591
592
593
594
595
596
597
598
599
600
601
602
603
604
605
606
607
609
610
611
612
613
614
615
616
617
618
619
621
622
623
624
625
626
627
628
629
630
631
632
633
634
635
636
637
638
639
640
641
642
643
644
645
646
647
648
649
650
651
652
653
654
655
656
657
658
659
660
661
662
663
664
665
666
667
668
669
670
671
672
673
674
675
676
677
678
679
680
681
682
683
684
685
686
687
688
689
690
691
692
693
694
695
696
697
698
699
700
701
702
703
704
705
706
707
708
709
710
711
712
713
714
715
716
717
718
719
720
721
722
723
724
725
726
727
728
729
730
731
732
733
734
735
736
737
738
739
740
741
742
743
744
745
746
747
748
749
750
751
752
753
754
756
757
758
759
760
761
762
763
764
765
767
768
769
770
771
772
773
774
775
776
777
778
779
780
781
782
783
784
785
786
787
788
789
790
791
792
793
794
795
796
797
798
799
800
801
802
803
804
805
806
807
808
809
810
811
812
813
814
815
816
817
818
819
820
821
822
823
824
825
826
827
828
829
830
831
832
833
834
835
836
837
838
839
840
841
842
843
844
845
846
847
848
849
850
851
852
853
854
855
856
857
858
859
860
861
862
863
864
865
866
867
868
869
870
871
872
873
874
875
876
877
878
879
880
881
882
883
884
885
886
887
888
889
890
891
892
893
894
895
896
897
898
899
900
901
902
903
904
905
906
907
908
909
910
911
912
913
914
915
916
917
918
919
920
921
922
923
924
925
926
927
928
929
930
931
932
933
934
935
936
937
938
939
940
941
942
943
944
945
946
947
948
949
950
951
952
953
954
955
956
957
958
960
961
962
963
964
965
966
967
968
969
970
971
972
973
974
975
976
977
978
979
980
981
982
983
984
985
986
987
988
989
990
991
992
993
994
995
996
997
998
999
1000
1001
1002
1003
1004
0 249 1
0 189 1
2 700 2
2 790 1
5 586 3
5 724 1
6 716 1
11 890 1
13 738 2
13 743 1
14 1001 1
14 738 2
14 516 2
14 90 1
15 731 2
16 843 1
17 857 2
17 428 1
17 316 1
24 280 1
24 629 2
25 704 2
25 844 1
25 956 1
25 684 2
30 256 1
30 356 1
30 294 1
30 648 1
30 942 1
30 313 1
30 765 3
30 126 1
31 915 2
31 316 1
31 165 7
31 990 2
32 428 1
32 388 1
32 61 1
32 534 2
35 188 1
37 232 5
37 313 20
37 126 4
40 712 2
40 450 1
40 159 1
42 323 1
46 622 3
46 399 1
48 956 2
50 559 1
52 232 1
52 356 1
53 193 1
53 365 1
56 987 2
56 423 3
58 909 1
61 674 2
61 900 1
61 517 3
61 243 4
61 428 2
61 141 1
61 718 7
61 591 2
61 272 1
61 306 1
61 851 1
61 334 1
61 398 1
61 772 1
61 472 3
61 356 3
61 802 1
61 157 1
61 607 4
62 214 2
62 159 2
67 165 3
69 950 1
70 890 1
70 534 1
70 607 1
77 912 1
77 266 1
82 870 1
84 534 1
86 443 1
86 662 1
90 746 1
90 783 1
90 850 2
90 692 1
90 798 2
90 953 1
90 248 1
90 500 1
90 315 1
90 316 1
90 413 1
90 606 1
91 423 1
92 316 1
96 420 1
98 707 2
98 134 1
98 713 1
98 107 1
98 268 1
98 401 1
98 117 1
98 278 1
101 377 1
101 423 2
101 246 1
101 729 1
102 534 1
103 1001 2
103 514 4
103 780 2
103 950 2
103 423 2
104 356 1
105 418 6
107 808 1
107 201 1
107 381 1
112 168 1
112 267 2
112 607 1
113 535 3
114 718 1
119 700 1
120 316 1
120 987 2
120 772 10
120 534 2
120 566 3
122 718 1
125 622 11
126 416 2
126 730 2
126 356 4
127 772 1
127 718 2
132 842 5
133 356 1
134 738 1
134 356 1
135 692 3
135 581 1
135 942 9
135 189 1
136 200 1
136 428 1
136 915 2
136 953 1
136 857 1
136 316 2
137 581 1
139 206 1
142 316 2
142 428 3
143 544 1
144 544 1
149 716 1
151 617 1
151 923 1
151 278 1
151 687 1
152 443 1
153 482 1
157 577 1
157 931 1
157 356 1
157 517 1
157 277 1
157 542 1
159 450 1
159 707 1
159 290 1
159 334 2
159 712 2
159 343 1
160 280 1
160 267 2
160 629 4
165 344 1
165 401 4
165 316 5
166 356 1
166 648 1
166 586 5
166 573 1
166 168 2
166 759 1
166 762 2
166 765 1
167 817 1
168 912 8
168 356 18
168 557 1
168 949 1
168 472 4
168 260 2
168 762 2
169 372 1
170 697 1
171 590 2
173 738 1
175 849 1
178 482 1
178 693 2
178 502 2
178 249 1
178 762 1
178 607 1
181 249 1
184 907 1
184 423 2
187 802 1
187 900 1
187 272 1
187 662 1
187 695 1
187 568 2
187 572 1
188 502 1
188 547 1
188 851 1
188 534 1
188 920 1
189 891 1
189 716 3
189 365 4
189 718 2
189 530 1
189 883 1
189 502 1
189 410 2
189 595 1
191 692 5
192 381 2
193 707 1
193 776 1
193 940 1
193 890 1
193 923 1
198 568 1
199 506 1
199 738 1
199 924 1
199 541 1
200 952 5
200 316 5
206 939 1
206 477 1
206 534 1
206 950 1
207 795 2
209 356 1
214 290 1
214 707 1
214 648 1
214 940 3
214 629 1
214 472 1
214 316 5
214 765 2
216 321 1
220 772 1
223 322 3
223 343 2
228 605 6
231 873 1
231 738 2
231 698 1
231 607 2
232 472 3
232 439 1
233 692 3
236 537 2
236 532 3
245 698 1
246 423 3
250 886 2
250 607 1
251 482 1
253 290 3
253 566 2
256 356 4
260 439 2
267 517 2
267 838 1
267 392 2
267 526 4
267 947 1
267 891 2
270 738 1
270 783 1
274 920 1
278 334 1
280 502 2
280 360 1
280 658 1
280 685 1
280 846 1
280 493 1
280 561 1
280 530 1
280 595 1
280 526 1
280 630 1
280 631 1
280 891 1
280 445 1
280 629 5
281 905 1
281 586 1
284 731 1
288 629 1
291 401 1
293 862 4
294 762 1
294 586 8
294 885 1
299 634 1
302 316 1
302 428 4
308 418 1
311 697 2
313 356 5
313 765 1
316 344 2
316 647 2
316 971 2
316 428 4
316 952 2
316 915 5
316 953 1
316 857 2
316 543 1
316 990 1
318 472 1
318 684 1
321 684 1
322 879 1
322 343 3
322 534 1
324 477 1
324 534 3
327 737 1
327 738 1
329 624 1
329 819 1
332 500 2
332 782 3
332 575 1
333 969 1
333 767 1
334 923 3
334 550 1
334 712 1
334 617 1
334 718 1
334 687 4
334 692 1
334 591 1
334 607 3
335 898 1
337 942 1
343 534 1
344 971 1
347 933 3
349 428 2
356 772 1
356 517 3
356 648 3
356 912 6
356 535 1
356 542 2
356 674 2
356 684 2
356 586 1
356 472 7
356 730 6
356 868 1
356 743 2
356 762 1
356 765 1
360 891 1
360 629 2
360 526 2
362 664 1
362 371 1
362 909 1
362 695 2
364 764 1
369 392 8
369 535 1
372 595 3
372 404 1
372 934 1
377 738 1
377 883 1
377 718 1
379 568 2
381 664 1
381 810 1
383 720 2
388 634 1
388 843 1
388 742 3
393 907 1
401 454 1
401 429 2
401 415 1
407 843 1
410 977 2
410 650 1
410 663 1
413 935 3
414 891 2
415 692 2
416 586 1
416 607 1
418 977 4
420 559 1
421 795 1
422 731 2
423 710 2
423 779 2
423 977 2
424 795 2
428 802 2
428 915 2
435 586 1
437 738 1
437 532 2
440 843 1
443 662 1
447 586 3
447 868 1
448 692 1
450 712 4
459 517 2
466 947 1
472 782 1
472 868 1
488 568 1
493 658 1
493 530 1
493 629 2
493 630 2
495 568 1
500 814 2
500 782 1
500 687 1
502 724 1
502 862 1
502 607 1
506 738 1
506 772 1
510 622 2
514 780 1
514 950 4
516 881 1
516 738 1
516 532 12
516 761 7
517 674 1
517 743 1
517 586 1
517 684 1
517 535 1
517 542 2
517 607 2
526 629 2
530 915 1
530 629 8
530 630 2
530 891 3
531 607 4
532 738 1
532 743 1
534 939 2
534 843 1
534 862 1
534 607 1
535 542 1
540 698 1
541 738 3
541 951 1
542 743 1
542 586 1
542 684 1
544 580 1
544 741 1
544 563 1
544 791 1
544 669 1
546 923 1
547 851 2
547 862 2
550 712 1
550 746 2
558 618 1
558 684 1
558 565 1
559 622 12
561 629 2
561 990 1
565 956 3
565 723 1
565 684 2
566 772 1
572 862 2
576 738 1
577 936 2
581 936 1
581 609 1
581 692 1
582 832 1
582 994 1
586 885 1
586 762 4
587 720 3
591 712 1
591 843 1
591 607 1
595 738 1
595 687 1
595 790 1
595 696 2
597 738 1
600 956 1
602 743 5
605 789 4
605 693 2
607 948 1
607 718 1
607 915 1
613 738 1
614 851 1
614 630 1
622 676 11
624 873 2
629 772 2
629 630 2
629 838 1
629 658 2
629 685 2
629 846 1
629 631 2
629 891 6
630 719 2
638 832 2
641 987 1
643 685 2
644 738 3
644 924 1
648 765 2
650 738 1
650 654 1
654 738 1
657 738 1
661 692 1
671 738 1
671 692 2
672 844 2
680 720 1
680 731 1
682 738 1
684 743 1
684 844 3
684 956 2
686 966 1
687 843 1
692 736 1
692 742 1
692 746 3
692 935 4
692 775 1
697 855 2
697 925 2
698 840 1
698 873 1
698 764 1
700 812 1
702 738 1
704 743 1
707 880 1
707 951 1
711 843 1
716 883 1
716 718 1
718 904 1
718 843 1
718 754 1
718 915 2
718 724 1
718 883 1
719 738 1
724 883 2
730 912 2
738 783 4
738 921 3
738 923 4
738 924 1
738 945 1
738 828 1
738 837 1
738 975 1
738 850 3
738 979 2
738 996 2
738 1001 2
738 881 1
738 745 1
738 761 1
742 771 1
742 900 1
742 784 1
742 863 1
746 935 14
761 881 2
765 908 1
765 942 1
765 868 1
769 830 1
772 920 1
772 978 1
774 947 18
790 812 1
795 851 1
796 977 1
817 851 1
843 907 2
844 956 3
844 918 1
851 978 3
857 915 2
868 912 1
881 928 1
883 907 1
890 923 2
891 920 2
910 923 1
912 1003 1
921 923 1
933 966 1
953 990 2
