0
1
2
3
4
5
6
7
8
9
10
11
12
13
14
15
16
17
18
19
20
21
22
23
24
25
26
27
28
29
30
31
32
33
34
35
36
37
38
39
40
41
42
43
44
45
46
47
48
49
50
51
52
53
54
55
56
57
58
59
60
61
62
63
64
65
66
67
68
69
70
71
72
73
74
75
76
77
78
79
80
81
82
83
84
85
86
87
88
89
90
91
92
93
94
95
96
97
98
99
100
101
102
103
104
105
106
107
108
109
110
111
112
113
114
115
116
117
118
119
120
121
122
123
124
125
126
127
128
129
130
131
132
133
134
135
136
137
138
139
141
142
143
144
145
146
147
148
149
150
151
152
153
154
155
157
158
159
160
161
162
163
164
165
166
167
168
169
170
171
172
173
174
175
176
177
178
179
180
181
182
183
184
185
186
187
188
189
190
191
192
193
194
195
196
197
198
199
200
201
202
203
204
205
206
207
208
209
210
211
212
213
214
215
216
217
218
219
220
221
222
223
224
225
226
227
228
229
230
231
232
233
235
236
237
238
239
240
241
242
243
244
245
246
247
248
249
250
251
252
253
254
255
256
257
259
260
262
263
264
265
266
267
268
269
270
271
272
273
274
275
276
277
278
279
280
281
282
283
284
285
286
287
288
289
290
291
292
293
294
295
296
297
299
300
301
302
303
304
305
306
307
308
309
310
311
312
313
314
315
316
317
318
319
320
321
322
323
324
325
326
327
328
329
330
331
332
333
334
335
336
337
338
339
340
341
343
344
345
346
347
348
349
350
351
352
353
355
356
357
358
359
360
361
362
364
365
366
367
368
369
370
371
372
373
374
375
376
377
378
379
380
381
382
383
384
385
386
387
388
389
390
391
392
393
394
395
396
397
398
399
400
401
402
403
404
405
406
407
408
409
410
411
412
413
414
415
416
418
419
420
421
422
423
424
425
426
427
428
429
430
431
432
433
434
435
436
437
438
439
440
441
442
443
444
445
446
447
448
449
450
451
452
453
454
455
456
457
458
459
460
461
462
464
465
466
467
468
469
470
471
472
473
474
475
476
477
478
479
480
481
482
483
484
485
486
487
488
489
490
491
492
493
495
496
497
498
499
500
501
502
503
504
505
506
507
508
509
510
511
512
513
514
515
516
517
518
519
520
521
522
523
524
525
526
527
528
530
531
532
533
534
535
536
537
538
539
540
541
542
543
544
545
546
547
548
549
550
551
552
553
554
556
557
558
559
560
561
562
563
564
565
566
567
568
569
570
571
572
573
574
575
576
577
578
579
580
581
582
583
584
585
586
587
588
589
590
591
592
593
594
595
596
597
598
599
600
601
602
603
604
605
606
607
609
610
611
612
613
614
615
616
617
618
619
621
622
623
624
625
626
627
628
629
630
631
632
633
634
635
636
637
638
639
640
641
642
643
644
645
646
647
648
649
650
651
652
653
654
655
656
657
658
659
660
661
662
663
664
665
666
667
668
669
670
671
672
673
674
675
676
677
678
679
680
681
682
683
684
685
686
687
688
689
690
691
692
693
694
695
696
697
698
699
700
701
702
703
704
705
706
707
708
709
710
711
712
713
714
715
716
717
718
719
720
721
722
723
724
725
726
727
728
729
730
731
732
733
734
735
736
737
738
739
740
741
742
743
744
745
746
747
748
749
750
751
752
753
754
756
757
758
759
760
761
762
763
764
765
767
768
769
770
771
772
773
774
775
776
777
778
779
780
781
782
783
784
785
786
787
788
789
790
791
792
793
794
795
796
797
798
799
800
801
802
803
804
805
806
807
808
809
810
811
812
813
814
815
816
817
818
819
820
821
822
823
824
825
826
827
828
829
830
831
832
833
834
835
836
837
838
839
840
841
842
843
844
845
846
847
848
849
850
851
852
853
854
855
856
857
858
859
860
861
862
863
864
865
866
867
868
869
870
871
872
873
874
875
876
877
878
879
880
881
882
883
884
885
886
887
888
889
890
891
892
893
894
895
896
897
898
899
900
901
902
903
904
905
906
907
908
909
910
911
912
913
914
915
916
917
918
919
920
921
922
923
924
925
926
927
928
929
930
931
932
933
934
935
936
937
938
939
940
941
942
943
944
945
946
947
948
949
950
951
952
953
954
955
956
957
958
960
961
962
963
964
965
966
967
968
969
970
971
972
973
974
975
976
977
978
979
980
981
982
983
984
985
986
987
988
989
990
991
992
993
994
995
996
997
998
999
1000
1001
1002
1003
1004
0 32 2
0 569 3
0 732 1
0 118 1
1 310 3
2 499 1
2 700 2
2 61 3
4 371 2
4 405 1
5 275 4
5 506 1
5 107 3
5 175 4
6 569 3
6 506 1
6 189 1
12 406 2
13 738 4
13 850 1
13 532 1
13 437 1
14 738 4
14 365 1
14 719 1
14 850 1
14 921 3
14 506 2
14 381 1
14 702 2
15 680 5
15 731 4
15 406 2
15 422 3
16 506 1
16 970 1
17 857 1
19 32 2
24 136 3
24 530 3
24 629 4
24 630 1
25 48 4
25 216 1
25 589 1
25 319 1
27 147 1
28 987 1
29 192 1
29 506 2
30 313 3
30 356 1
30 765 1
30 517 1
31 857 1
31 428 1
31 165 9
31 990 4
31 847 4
32 418 2
32 777 2
32 170 2
32 843 2
32 236 5
32 365 2
32 718 1
32 143 1
32 432 2
32 977 2
32 791 1
32 249 2
32 380 2
32 381 2
34 997 4
34 855 5
35 547 1
35 552 1
35 207 1
35 817 1
35 978 3
35 469 1
38 832 3
38 410 1
38 460 3
38 309 1
40 772 1
40 272 1
40 662 1
40 900 1
40 159 1
40 290 1
40 454 1
40 947 1
40 695 1
40 568 2
40 187 6
40 60 1
40 198 1
40 712 1
40 802 1
40 334 1
40 466 2
40 596 2
40 607 2
40 488 1
40 572 1
40 254 1
41 73 2
41 723 2
41 758 1
45 227 2
48 458 2
48 684 4
48 558 2
48 216 2
48 956 3
48 319 3
49 248 2
52 416 3
52 65 2
52 356 6
52 168 3
52 912 4
52 472 3
52 868 5
52 602 3
52 765 4
53 193 2
53 166 1
53 609 1
53 75 1
53 978 1
53 120 1
53 926 1
56 329 1
56 987 3
58 769 1
60 568 1
61 193 2
61 450 1
61 772 2
61 742 1
61 233 2
61 843 1
61 398 1
61 802 1
61 718 7
61 687 1
61 272 1
61 306 1
61 692 1
61 334 2
61 662 1
61 120 2
61 900 1
61 602 1
61 443 1
62 646 2
62 485 3
62 542 6
62 159 6
64 534 1
65 834 2
65 771 4
65 517 2
65 326 1
65 107 3
65 812 2
65 334 1
65 687 2
65 280 3
65 499 2
65 120 2
65 569 2
65 997 3
65 220 5
65 127 3
66 227 4
67 344 5
67 963 21
67 165 3
67 207 12
68 987 1
71 595 1
75 609 1
75 772 9
75 833 1
75 193 1
75 235 1
75 720 1
75 752 1
75 850 1
75 592 1
75 633 1
75 890 1
75 415 1
75 220 6
75 90 1
75 607 1
77 260 1
77 439 2
78 569 1
78 710 1
82 720 1
82 135 2
86 152 2
86 771 1
86 443 1
90 292 1
90 997 1
90 808 1
90 201 3
90 107 1
90 940 1
90 493 2
90 612 1
90 502 2
90 280 7
90 569 1
90 443 1
90 223 1
92 647 1
92 207 1
92 847 3
92 658 1
92 953 1
92 857 1
92 731 2
95 987 1
96 420 6
97 936 1
97 456 2
98 592 12
98 291 2
98 707 3
98 429 1
98 454 2
101 377 1
101 866 1
101 246 4
101 423 2
103 832 1
103 514 10
103 164 2
103 423 2
103 780 1
103 303 3
103 950 3
105 616 1
105 418 1
106 832 1
107 290 1
107 553 1
107 772 1
107 808 1
107 201 1
107 810 3
107 236 1
107 335 4
107 465 2
107 713 3
107 468 1
107 118 2
107 537 1
107 985 1
113 927 2
114 189 1
114 479 1
117 291 2
117 268 1
118 732 1
120 772 2
120 517 1
120 776 1
120 940 2
120 783 1
120 528 1
120 530 1
120 147 1
120 534 1
120 920 1
120 157 1
120 542 1
120 927 2
120 416 4
120 291 2
120 198 1
120 166 1
120 684 1
120 687 2
120 190 1
120 191 1
120 196 1
120 326 1
120 812 1
120 454 11
120 586 1
120 978 1
120 851 1
120 220 1
120 609 2
120 612 1
120 743 1
120 850 1
120 752 1
120 499 1
120 629 1
120 248 1
120 633 1
120 765 2
122 428 5
125 323 5
125 622 3
126 416 2
126 759 1
127 290 2
127 772 1
127 718 2
127 214 1
131 738 4
133 602 2
134 592 16
134 291 3
134 454 4
135 290 2
135 772 2
135 581 3
135 870 1
135 942 7
135 720 1
135 371 1
135 628 13
135 607 1
135 159 1
136 838 4
136 200 1
136 428 2
136 847 1
136 915 1
136 857 2
141 552 1
141 978 4
141 547 1
141 188 2
141 165 1
142 267 1
142 847 1
142 857 1
142 207 1
142 316 1
142 159 1
143 658 1
143 739 1
143 159 2
147 577 1
147 290 1
147 933 3
147 230 1
147 171 1
147 972 1
147 590 1
147 308 1
147 277 1
147 347 3
147 285 1
147 926 2
147 686 1
150 415 1
152 443 3
153 977 7
153 411 1
157 577 1
157 290 1
157 740 1
157 933 1
157 718 7
157 926 3
157 347 1
157 590 1
157 542 2
157 277 1
159 193 2
159 450 1
159 278 1
159 290 1
159 334 1
159 712 1
159 595 2
159 629 1
159 214 2
159 609 2
159 987 1
159 572 1
160 629 2
164 548 3
165 586 1
165 847 5
165 401 8
165 857 1
165 207 1
165 316 1
166 416 1
166 743 2
166 232 1
166 759 2
166 573 1
167 547 1
167 552 1
167 716 1
167 978 4
167 469 2
167 988 2
168 260 2
168 966 6
168 232 1
168 356 1
168 586 3
168 912 5
168 472 2
168 868 4
168 575 1
170 720 1
170 581 3
170 855 15
171 347 1
171 933 1
171 590 2
173 738 4
173 506 2
173 850 1
175 737 1
175 423 1
180 217 1
180 215 2
184 779 1
184 423 3
185 833 2
185 762 1
185 987 1
185 364 1
185 338 1
187 450 5
187 802 3
187 596 6
187 662 2
187 568 2
188 552 1
188 978 4
188 547 1
188 469 1
189 1004 1
189 201 1
189 772 1
189 904 1
189 716 1
189 652 1
189 365 1
189 718 4
189 595 1
189 236 1
189 470 2
189 249 1
189 281 1
189 410 2
189 506 1
190 353 1
190 290 1
190 656 2
190 274 2
190 891 2
190 415 1
193 609 1
193 940 1
193 272 1
193 595 1
193 633 3
193 277 1
197 850 1
197 987 1
197 738 4
198 568 1
199 850 1
199 738 4
200 857 1
200 971 1
200 915 3
202 629 2
207 547 1
207 424 7
207 558 1
207 428 3
207 978 3
207 847 4
207 656 1
207 552 1
207 274 1
207 469 5
207 953 1
207 795 8
208 506 1
209 602 1
209 356 2
209 765 1
214 609 1
214 290 1
214 707 2
214 746 2
214 912 2
214 595 1
214 692 1
214 987 2
214 540 2
216 319 1
220 290 1
220 749 1
220 334 5
223 534 1
223 343 1
226 506 2
228 569 2
231 624 1
231 738 1
231 987 1
231 698 2
232 260 4
232 575 1
233 692 6
235 609 1
235 454 1
236 537 4
239 609 2
239 706 1
239 596 1
239 662 3
239 372 2
239 638 1
241 552 1
241 547 1
241 469 1
241 630 3
243 607 1
245 698 2
245 987 1
246 724 2
246 423 6
248 290 1
248 334 2
248 692 2
248 506 1
249 569 3
249 506 1
249 921 1
250 927 3
250 332 5
250 886 1
250 607 2
251 506 1
251 987 4
253 290 1
253 566 1
254 568 1
256 416 2
256 313 2
256 294 7
257 640 2
257 795 1
257 988 1
257 301 1
260 912 1
264 329 1
267 586 7
267 944 6
267 854 3
267 891 3
267 988 2
268 592 6
268 633 1
268 291 3
268 454 1
270 945 1
270 738 4
272 450 1
272 900 2
272 568 1
274 920 1
274 631 1
275 327 1
277 933 1
277 590 1
277 347 1
278 290 1
278 454 1
280 290 1
280 739 2
280 846 1
280 528 1
280 530 2
280 915 1
280 629 3
280 631 2
280 281 3
284 680 1
284 731 1
290 692 1
290 517 1
290 776 1
290 940 1
290 450 1
290 783 1
290 528 1
290 530 1
290 915 4
290 534 1
290 920 1
290 595 1
290 542 1
290 927 1
290 544 1
290 987 1
290 326 1
290 553 1
290 775 1
290 684 1
290 687 2
290 499 1
290 948 1
290 569 1
290 671 1
290 416 1
290 834 1
290 836 1
290 454 2
290 718 1
290 720 2
290 850 1
290 851 1
290 356 1
290 731 1
290 865 1
290 866 5
290 739 1
290 612 1
290 742 1
290 743 1
290 364 1
290 978 1
290 629 1
290 502 1
291 454 4
291 713 5
291 429 2
291 401 4
292 769 1
292 942 2
293 718 1
294 586 1
295 569 2
297 454 1
301 552 1
301 978 3
301 547 1
301 493 1
302 857 1
302 847 1
303 514 1
303 788 1
303 950 2
303 343 1
304 456 1
306 771 1
306 772 1
306 742 4
306 659 3
306 660 1
306 790 2
306 951 1
308 347 2
308 933 3
310 735 1
311 697 1
311 987 1
313 765 1
318 332 1
318 758 1
318 934 1
319 558 1
319 723 2
319 956 1
320 337 1
320 506 1
321 499 1
321 684 1
322 514 2
322 548 2
324 612 1
324 638 1
324 951 1
326 483 1
327 738 4
327 850 1
327 381 4
327 761 3
332 435 2
332 500 1
333 569 4
333 693 1
334 586 1
334 746 1
334 628 1
334 692 1
334 607 3
335 381 1
338 987 1
344 857 1
344 838 1
344 543 1
347 577 1
347 715 1
347 933 4
347 748 1
347 590 1
347 926 1
353 891 2
356 416 3
356 868 1
356 743 9
356 648 1
356 586 7
356 687 2
356 912 4
356 602 1
356 472 3
356 762 2
356 765 3
360 629 2
361 987 1
362 383 2
364 772 1
364 506 1
364 987 2
364 540 1
366 956 17
368 788 1
369 823 1
369 646 2
369 927 2
371 720 2
371 528 2
371 456 1
372 595 3
373 858 1
377 423 2
377 457 2
377 718 4
377 630 4
377 696 1
377 506 1
379 568 3
380 712 2
381 506 1
383 589 1
383 526 1
383 909 1
383 528 1
383 922 1
388 832 1
388 790 1
392 674 1
395 514 1
397 671 1
397 975 1
398 712 5
398 772 4
399 788 1
401 429 8
401 454 6
401 415 5
406 731 1
406 422 3
406 527 1
408 847 2
409 569 2
410 719 2
414 891 3
415 833 1
415 630 2
415 569 5
416 586 3
416 752 1
416 602 3
416 573 2
416 927 1
418 977 4
420 879 1
421 547 1
421 424 8
421 552 1
421 978 3
421 469 1
421 795 3
422 680 4
422 731 1
423 710 4
423 779 3
424 547 1
424 552 1
424 847 3
424 978 3
424 469 1
424 795 12
424 990 1
428 838 1
428 915 3
428 543 1
428 857 2
428 847 1
429 454 5
432 987 1
433 987 2
433 789 1
435 500 2
437 738 4
440 737 3
442 506 1
443 771 1
443 742 1
443 662 4
444 927 2
444 551 2
447 984 1
450 772 1
450 718 4
450 595 3
450 596 1
450 695 3
450 568 2
450 607 2
454 609 7
454 706 1
454 772 5
454 713 6
454 592 15
454 499 1
454 916 2
454 927 1
456 832 1
456 936 3
456 720 2
459 564 1
460 788 1
462 833 5
465 790 1
469 547 2
469 552 1
469 817 1
469 978 3
469 954 1
469 795 1
469 858 1
470 569 5
470 789 7
471 692 1
472 743 1
472 575 2
475 782 1
477 788 1
482 531 3
482 569 7
482 987 1
482 606 2
482 951 1
483 540 2
485 646 3
485 927 3
488 568 1
491 497 1
493 838 1
493 530 9
493 846 1
493 978 2
493 629 4
493 630 4
493 795 1
495 568 1
497 977 2
497 773 1
499 704 1
499 679 1
499 684 9
499 844 1
499 565 1
502 772 1
502 710 3
502 591 1
502 599 1
502 569 5
502 687 1
502 862 1
506 643 1
506 1004 1
506 783 2
506 921 5
506 796 1
506 541 1
506 670 1
506 808 1
506 850 1
506 605 1
506 738 4
506 996 1
506 881 1
508 738 4
509 780 1
509 638 1
510 622 3
510 534 1
511 987 1
512 552 1
512 547 1
513 927 3
513 646 2
513 542 1
513 823 4
514 1001 6
514 950 1
515 927 1
516 881 2
516 850 1
516 532 4
516 738 4
526 561 1
526 631 1
526 629 2
528 700 3
530 629 21
530 630 4
530 891 11
531 987 3
532 738 4
532 804 1
532 790 2
532 761 1
532 700 1
534 550 1
534 939 1
534 546 1
534 692 1
534 890 1
535 927 2
538 569 3
540 840 1
540 855 1
540 698 2
540 987 1
541 921 4
541 850 3
541 738 4
541 657 2
542 927 2
543 857 1
544 772 1
546 550 1
546 687 1
547 614 1
547 552 2
547 817 1
547 978 5
547 851 1
547 631 2
547 824 1
547 954 1
547 795 1
547 709 1
551 646 2
551 927 2
552 614 1
552 817 1
552 978 5
552 851 2
552 824 1
552 954 1
552 795 1
558 723 1
561 846 8
561 629 4
561 631 1
565 684 3
566 713 1
568 900 1
568 712 1
568 802 2
568 947 1
568 596 1
568 662 1
568 695 1
568 572 1
569 772 1
569 990 2
569 693 6
569 951 2
569 710 2
569 976 1
569 599 2
569 605 1
569 862 6
569 991 2
569 767 1
573 586 1
576 850 1
576 738 4
577 933 1
581 720 2
582 987 1
582 764 1
584 731 1
586 912 1
586 984 4
586 762 1
587 720 3
588 987 1
590 933 1
591 746 3
591 923 1
592 713 8
592 948 5
592 927 18
595 718 1
596 802 1
599 710 1
602 743 4
605 921 1
607 991 2
609 707 4
609 772 4
609 1003 1
609 951 3
609 633 1
609 890 1
609 923 1
609 927 2
614 978 3
617 720 6
617 833 2
622 676 4
628 720 3
629 658 2
629 685 2
629 846 2
629 978 2
629 858 2
629 630 2
629 631 3
629 890 1
629 891 12
629 894 2
630 685 5
630 891 1
631 647 1
633 707 3
638 832 1
638 706 1
638 788 1
638 853 1
638 951 1
641 987 1
643 685 5
644 850 1
644 738 4
646 854 2
646 823 1
646 927 2
647 857 1
647 847 1
650 850 1
650 682 2
650 738 4
650 654 2
650 783 1
653 738 4
654 738 7
654 850 1
654 783 3
657 850 1
657 738 4
658 731 1
659 742 2
676 788 1
679 684 1
680 707 6
680 720 5
680 731 2
682 850 3
682 738 6
684 704 1
684 743 1
684 844 1
685 1001 1
685 724 2
687 915 2
687 923 1
688 808 1
692 746 6
696 915 1
697 925 1
697 855 9
698 840 2
698 873 2
698 764 2
700 812 4
700 790 2
700 857 1
702 738 8
702 842 2
702 850 1
704 844 1
704 743 2
707 713 3
707 1003 2
707 880 2
707 951 4
712 714 1
712 942 2
715 933 1
715 926 2
716 777 1
718 866 2
718 772 1
718 904 2
718 843 1
718 754 4
718 724 2
719 738 4
719 850 1
720 833 2
720 772 1
720 870 1
720 855 3
722 927 2
723 758 2
724 921 1
731 772 1
731 870 1
731 789 2
735 788 1
738 783 10
738 921 6
738 923 5
738 924 4
738 837 4
738 945 4
738 951 1
738 850 6
738 996 4
738 1001 4
738 747 4
738 881 4
738 979 4
738 745 4
738 761 6
739 772 1
740 832 2
740 788 1
742 993 1
742 835 1
742 772 1
742 784 1
742 863 1
743 859 3
745 850 1
748 933 1
758 844 1
758 918 2
758 956 1
759 762 1
761 804 1
761 783 1
761 881 1
761 850 2
764 987 1
764 994 3
765 868 2
769 798 1
769 951 1
770 927 2
771 863 3
772 776 1
772 783 1
772 915 2
772 987 1
772 834 1
772 865 1
772 850 1
772 980 1
772 997 1
780 788 1
788 950 1
789 987 1
790 812 4
790 823 2
795 978 4
796 921 2
804 828 1
804 850 1
808 921 2
809 987 1
817 978 3
823 927 2
832 936 3
837 850 1
838 953 3
838 857 5
840 987 1
847 953 1
847 952 2
847 857 1
849 987 1
850 921 1
850 924 1
850 979 1
850 996 1
850 1001 1
850 881 1
851 978 7
854 927 2
857 971 1
857 915 1
857 952 1
857 953 1
857 990 1
858 991 5
861 896 1
872 987 3
873 987 1
881 921 1
921 1004 3
926 933 1
933 935 3
935 966 1
954 978 3
955 987 1
957 978 3
969 977 2
977 1001 9
977 1004 5
978 988 5
987 994 1
