0
1
2
3
4
5
6
7
8
9
10
11
12
13
14
15
16
17
18
19
20
21
22
23
24
25
26
27
28
29
30
31
32
33
34
35
36
37
38
39
40
41
42
43
44
45
46
47
48
49
50
51
52
53
54
55
56
57
58
59
60
61
62
63
64
65
66
67
68
69
70
71
72
73
74
75
76
77
78
79
80
81
82
83
84
85
86
87
88
89
90
91
92
93
94
95
96
97
98
99
100
101
102
103
104
105
106
107
108
109
110
111
112
113
114
115
116
117
118
119
120
121
122
123
124
125
126
127
128
129
130
131
132
133
134
135
136
137
138
139
141
142
143
144
145
146
147
148
149
150
151
152
153
154
155
157
158
159
160
161
162
163
164
165
166
167
168
169
170
171
172
173
174
175
176
177
178
179
180
181
182
183
184
185
186
187
188
189
190
191
192
193
194
195
196
197
198
199
200
201
202
203
204
205
206
207
208
209
210
211
212
213
214
215
216
217
218
219
220
221
222
223
224
225
226
227
228
229
230
231
232
233
235
236
237
238
239
240
241
242
243
244
245
246
247
248
249
250
251
252
253
254
255
256
257
259
260
262
263
264
265
266
267
268
269
270
271
272
273
274
275
276
277
278
279
280
281
282
283
284
285
286
287
288
289
290
291
292
293
294
295
296
297
299
300
301
302
303
304
305
306
307
308
309
310
311
312
313
314
315
316
317
318
319
320
321
322
323
324
325
326
327
328
329
330
331
332
333
334
335
336
337
338
339
340
341
343
344
345
346
347
348
349
350
351
352
353
355
356
357
358
359
360
361
362
364
365
366
367
368
369
370
371
372
373
374
375
376
377
378
379
380
381
382
383
384
385
386
387
388
389
390
391
392
393
394
395
396
397
398
399
400
401
402
403
404
405
406
407
408
409
410
411
412
413
414
415
416
418
419
420
421
422
423
424
425
426
427
428
429
430
431
432
433
434
435
436
437
438
439
440
441
442
443
444
445
446
447
448
449
450
451
452
453
454
455
456
457
458
459
460
461
462
464
465
466
467
468
469
470
471
472
473
474
475
476
477
478
479
480
481
482
483
484
485
486
487
488
489
490
491
492
493
495
496
497
498
499
500
501
502
503
504
505
506
507
508
509
510
511
512
513
514
515
516
517
518
519
520
521
522
523
524
525
526
527
528
530
531
532
533
534
535
536
537
538
539
540
541
542
543
544
545
546
547
548
549
550
551
552
553
554
556
557
558
559
560
561
562
563
564
565
566
567
568
569
570
571
572
573
574
575
576
577
578
579
580
581
582
583
584
585
586
587
588
589
590
591
592
593
594
595
596
597
598
599
600
601
602
603
604
605
606
607
609
610
611
612
613
614
615
616
617
618
619
621
622
623
624
625
626
627
628
629
630
631
632
633
634
635
636
637
638
639
640
641
642
643
644
645
646
647
648
649
650
651
652
653
654
655
656
657
658
659
660
661
662
663
664
665
666
667
668
669
670
671
672
673
674
675
676
677
678
679
680
681
682
683
684
685
686
687
688
689
690
691
692
693
694
695
696
697
698
699
700
701
702
703
704
705
706
707
708
709
710
711
712
713
714
715
716
717
718
719
720
721
722
723
724
725
726
727
728
729
730
731
732
733
734
735
736
737
738
739
740
741
742
743
744
745
746
747
748
749
750
751
752
753
754
756
757
758
759
760
761
762
763
764
765
767
768
769
770
771
772
773
774
775
776
777
778
779
780
781
782
783
784
785
786
787
788
789
790
791
792
793
794
795
796
797
798
799
800
801
802
803
804
805
806
807
808
809
810
811
812
813
814
815
816
817
818
819
820
821
822
823
824
825
826
827
828
829
830
831
832
833
834
835
836
837
838
839
840
841
842
843
844
845
846
847
848
849
850
851
852
853
854
855
856
857
858
859
860
861
862
863
864
865
866
867
868
869
870
871
872
873
874
875
876
877
878
879
880
881
882
883
884
885
886
887
888
889
890
891
892
893
894
895
896
897
898
899
900
901
902
903
904
905
906
907
908
909
910
911
912
913
914
915
916
917
918
919
920
921
922
923
924
925
926
927
928
929
930
931
932
933
934
935
936
937
938
939
940
941
942
943
944
945
946
947
948
949
950
951
952
953
954
955
956
957
958
960
961
962
963
964
965
966
967
968
969
970
971
972
973
974
975
976
977
978
979
980
981
982
983
984
985
986
987
988
989
990
991
992
993
994
995
996
997
998
999
1000
1001
1002
1003
1004
0 705 1
0 178 1
2 790 1
2 231 2
4 441 1
5 506 1
5 29 1
5 335 3
6 178 1
6 506 2
8 544 1
13 90 1
13 738 1
13 443 1
13 516 1
13 850 1
14 738 1
14 611 2
14 644 4
14 850 1
14 516 1
14 702 1
15 680 3
15 731 4
17 915 3
17 316 2
24 909 1
24 750 1
24 530 3
24 629 1
24 280 1
24 90 2
24 891 1
28 738 1
28 987 2
28 789 1
28 231 2
29 506 1
29 724 1
29 670 1
29 335 1
30 356 1
30 765 2
31 585 1
31 428 3
31 316 2
31 165 4
31 990 1
32 280 1
32 921 3
32 915 1
32 197 1
33 692 1
33 891 1
33 364 1
33 764 1
35 547 1
35 978 1
35 851 1
35 469 2
38 184 3
40 712 1
40 65 1
40 900 1
40 833 1
41 73 1
41 723 1
42 402 1
42 70 1
45 66 1
45 260 1
46 603 1
48 704 1
48 684 3
48 558 1
48 565 1
48 344 1
48 956 1
48 319 1
50 559 3
53 107 1
53 923 2
53 518 1
53 742 1
53 245 1
55 169 1
55 595 3
56 987 3
56 789 2
58 586 2
61 135 1
61 969 1
61 718 3
61 591 1
61 915 2
61 991 6
62 800 9
62 485 5
62 518 4
62 646 6
62 113 1
62 571 5
65 416 2
65 609 3
65 963 2
65 196 3
65 997 2
65 865 2
65 75 40
65 720 3
65 147 1
65 948 2
65 120 1
65 987 2
65 220 2
66 260 2
66 782 2
67 963 3
67 165 3
67 391 1
67 846 2
67 207 1
67 658 1
67 344 1
68 987 2
68 789 1
70 752 1
70 334 2
70 534 1
70 415 1
71 595 1
73 723 1
74 573 1
74 294 2
75 742 1
75 316 2
75 334 2
75 629 1
75 633 2
75 220 3
75 607 1
77 912 2
77 439 1
78 178 1
78 862 2
78 767 1
82 771 1
82 870 1
83 400 2
83 784 2
83 863 1
86 443 5
88 906 5
88 663 1
88 343 1
90 516 1
90 107 1
90 978 2
90 976 1
90 178 6
90 851 3
90 670 1
90 502 4
90 850 1
90 862 3
91 819 1
91 149 1
92 316 2
92 990 1
95 987 2
95 789 1
95 483 1
96 420 2
98 707 2
98 454 2
98 134 2
98 713 2
98 107 2
98 268 3
98 429 3
98 401 2
98 117 3
98 278 2
99 178 2
101 724 2
101 246 1
101 423 1
102 705 1
103 310 1
104 648 4
104 425 29
104 765 3
104 790 3
105 418 9
105 374 6
106 634 2
107 810 1
107 664 1
107 381 1
109 721 1
111 571 1
113 518 1
113 646 2
113 535 1
114 122 1
118 502 7
118 335 1
120 160 1
120 707 1
120 742 4
120 231 2
120 334 1
120 178 2
120 502 1
120 609 1
120 923 1
125 676 1
126 256 3
126 868 2
126 232 2
126 721 6
126 435 1
126 790 1
127 595 2
132 832 1
132 634 1
134 168 1
134 226 1
134 850 1
134 137 1
135 450 2
135 942 7
135 617 1
135 170 1
135 371 1
135 718 3
135 591 1
135 915 2
135 628 1
135 245 1
136 200 2
136 428 1
136 915 4
136 316 2
136 990 1
139 309 1
141 978 1
141 547 1
142 267 2
142 207 2
142 915 9
142 857 2
142 239 2
142 316 2
142 990 1
143 544 1
143 739 1
143 669 1
147 416 7
147 171 1
149 372 1
150 629 1
150 415 1
151 253 1
153 418 1
153 996 2
157 891 2
157 740 1
157 362 1
157 530 2
157 248 3
157 347 2
159 214 3
160 552 1
160 586 1
160 367 2
160 629 3
160 280 1
160 571 11
161 586 1
161 571 8
163 518 1
164 402 1
164 943 1
165 838 3
165 200 1
165 586 1
165 207 2
165 401 3
165 915 2
165 344 5
165 857 2
165 316 6
165 990 1
166 743 2
167 547 1
167 978 1
167 851 1
167 469 3
167 630 1
167 920 1
167 954 2
167 988 1
168 416 3
168 868 3
168 260 2
168 744 3
168 425 5
168 334 2
168 912 27
168 232 2
168 948 2
168 439 6
168 472 3
168 356 2
168 602 1
169 595 8
169 951 3
170 245 1
170 855 2
170 231 4
170 581 1
171 214 1
173 738 1
173 516 1
175 849 1
175 275 3
175 423 1
175 335 1
178 470 1
178 409 1
178 538 1
178 929 1
178 418 2
178 295 1
178 693 2
178 569 1
178 314 1
178 710 1
178 333 2
178 976 1
178 339 1
178 214 2
178 599 1
178 605 18
178 862 2
178 991 1
178 228 1
178 359 1
178 749 3
178 878 1
178 502 10
178 249 1
178 767 1
180 958 1
181 190 3
184 936 2
184 832 1
184 883 1
185 762 2
187 450 2
188 547 1
188 978 1
188 851 1
188 469 2
188 431 1
189 506 3
189 629 2
189 214 3
189 749 3
190 353 4
190 656 3
190 274 3
190 629 2
190 373 4
192 702 1
192 335 1
193 807 1
196 518 1
197 850 1
197 923 5
199 738 1
199 644 1
199 850 1
199 516 1
199 541 1
199 702 1
200 971 1
200 428 3
200 302 1
200 952 3
200 915 6
200 344 1
200 857 1
200 316 4
201 843 2
201 335 1
203 784 1
207 293 1
207 424 1
207 978 1
207 547 1
207 469 2
207 630 3
207 795 2
207 349 3
208 335 1
214 518 1
214 662 2
214 923 5
214 425 1
214 940 1
214 435 1
214 948 2
214 316 3
214 629 3
214 707 1
214 334 1
214 736 1
214 609 1
214 742 3
214 233 5
214 367 1
214 499 1
214 245 1
214 502 2
214 891 2
214 703 1
223 853 1
223 310 1
223 343 1
224 316 3
224 349 1
225 883 1
225 951 2
226 338 1
229 696 2
229 306 1
229 687 1
229 334 2
229 607 5
231 736 1
231 742 2
231 840 2
231 540 6
231 915 1
231 245 1
231 502 3
231 873 1
231 987 2
231 874 2
231 789 1
232 425 8
232 782 1
232 912 6
232 946 1
232 439 1
232 472 5
233 692 2
233 835 2
233 540 1
233 245 4
236 335 1
239 784 1
239 736 1
241 547 1
241 851 1
241 469 2
245 581 1
245 840 1
245 874 2
245 624 1
245 264 2
245 692 1
245 789 1
245 951 1
245 987 2
245 540 5
245 329 1
246 724 1
246 423 2
248 506 1
248 891 6
248 740 1
250 535 2
250 518 2
250 782 5
250 551 1
251 987 4
251 789 1
256 721 1
257 586 1
260 912 1
264 329 3
264 338 2
266 912 1
266 439 3
267 517 2
267 838 1
267 648 3
267 586 11
267 751 3
267 435 4
267 478 4
268 633 1
270 738 1
270 516 1
272 585 1
272 450 2
272 595 1
272 900 3
272 742 2
273 890 1
277 546 1
277 571 1
277 746 3
278 290 1
278 540 3
280 547 1
280 846 1
280 561 1
280 658 1
280 595 1
280 629 5
280 631 1
284 731 4
288 484 10
288 773 10
288 391 9
288 846 8
288 629 8
288 630 3
289 810 1
293 697 5
293 547 3
293 724 2
293 383 3
294 817 1
294 586 2
294 885 2
294 868 1
299 634 1
300 784 1
301 547 1
301 978 3
301 851 1
301 988 1
301 469 2
302 428 1
302 316 2
302 838 1
302 990 1
304 441 3
305 946 1
306 784 2
306 742 1
306 863 2
309 832 1
309 534 2
310 337 4
310 586 1
311 697 2
311 955 1
311 987 2
311 789 1
313 721 1
314 929 2
315 658 1
316 647 2
316 915 8
316 543 2
316 428 5
316 952 2
316 953 5
316 971 2
316 344 2
316 857 4
316 349 2
316 990 2
316 351 2
316 367 1
316 888 2
318 704 1
319 832 1
319 1002 7
320 843 1
321 499 1
322 879 2
324 337 3
324 534 1
324 638 2
326 587 1
327 897 1
327 738 1
327 516 1
327 849 1
327 381 1
327 702 1
329 624 1
329 338 1
333 605 1
333 767 1
334 416 1
334 772 1
334 425 1
334 586 2
334 749 2
334 948 1
334 696 3
334 692 1
334 602 1
334 415 2
334 607 1
335 899 1
335 643 1
335 664 1
335 537 1
335 670 1
335 553 1
335 810 1
335 688 1
335 464 1
335 468 1
335 985 1
335 737 1
335 1004 1
335 980 2
335 381 1
337 505 1
337 378 1
338 789 1
338 987 2
338 540 1
343 749 2
343 663 5
344 373 3
347 933 2
347 454 1
349 976 1
349 888 1
349 990 4
351 915 1
353 391 3
356 425 1
356 912 1
356 721 2
360 629 1
361 987 2
361 789 1
362 784 1
362 528 1
362 383 7
367 868 1
367 951 1
367 923 1
369 913 2
369 518 1
369 535 2
372 572 1
372 951 2
373 391 3
374 400 2
374 742 1
376 731 1
377 630 1
378 832 1
378 780 1
381 702 1
383 387 1
383 586 1
383 887 1
383 956 1
387 851 3
388 742 1
390 784 9
390 771 4
391 484 1
391 629 1
393 843 2
394 571 5
397 671 1
397 975 1
400 832 1
400 807 1
400 813 3
400 784 3
401 429 1
401 415 3
402 649 1
402 943 1
402 788 1
402 634 2
404 595 3
407 843 2
410 832 2
410 719 2
414 891 3
415 833 2
415 546 1
415 811 1
415 429 7
415 878 2
415 978 3
415 851 1
415 762 1
415 915 1
416 707 1
416 425 4
416 648 1
416 948 6
416 629 2
416 790 1
418 996 3
420 559 4
420 879 2
421 547 1
421 424 2
421 978 2
421 851 1
421 469 2
421 795 5
422 731 1
423 832 2
423 977 2
424 547 1
424 978 1
424 851 1
424 469 2
424 795 3
424 990 1
425 912 8
425 648 5
425 946 12
425 948 2
425 765 4
427 955 1
428 915 12
428 952 1
428 857 3
428 990 2
429 454 2
432 987 2
432 789 1
433 849 1
433 987 4
433 789 1
435 782 1
437 738 1
437 516 1
437 702 1
439 912 11
439 885 2
439 790 3
439 949 1
440 537 1
443 662 3
443 742 5
444 518 3
445 629 1
450 802 1
450 571 13
450 712 1
450 947 1
450 660 1
450 695 1
450 568 1
450 572 1
450 991 2
451 469 1
454 772 1
464 980 2
469 547 3
469 614 2
469 817 2
469 978 4
469 851 3
469 954 2
469 795 2
469 957 2
469 990 1
472 912 5
479 586 1
480 987 2
480 789 1
482 641 1
482 987 2
482 789 1
484 629 1
484 630 2
485 800 1
485 518 2
485 854 2
485 646 3
487 832 1
490 586 1
493 629 1
493 838 2
499 684 1
500 782 1
500 814 2
502 749 5
506 738 1
506 516 1
506 775 1
506 850 1
506 702 1
506 921 1
506 644 1
506 670 3
512 978 1
512 547 1
513 518 2
514 832 1
514 977 1
514 780 1
514 950 1
516 644 1
516 650 1
516 783 2
516 657 1
516 532 1
516 790 1
516 921 1
516 923 1
516 924 1
516 541 1
516 804 1
516 682 1
516 945 1
516 828 1
516 654 1
516 576 1
516 837 1
516 719 1
516 850 2
516 979 1
516 738 2
516 996 1
516 1001 1
516 881 2
516 702 1
516 745 1
516 761 1
518 854 4
518 646 2
518 913 1
518 535 4
518 542 2
518 799 1
518 551 1
518 823 2
518 722 1
518 752 3
518 895 1
522 546 3
522 746 1
523 765 1
526 629 1
527 832 1
527 710 7
528 589 1
530 891 6
530 746 1
530 629 8
530 630 1
530 571 11
531 746 1
531 987 2
531 789 1
532 738 1
534 939 1
534 601 1
534 571 2
535 913 2
538 880 1
538 605 2
540 736 1
540 994 2
540 955 3
540 840 2
540 874 2
540 873 2
540 789 1
540 855 1
540 697 2
540 987 3
540 764 1
540 863 1
541 738 1
541 702 1
542 571 5
542 646 2
543 971 1
544 669 1
546 550 1
547 614 1
547 552 1
547 824 1
547 978 4
547 851 2
547 954 1
547 795 1
547 957 1
550 746 1
550 743 1
551 799 1
551 895 1
552 978 1
559 634 1
561 629 2
571 900 13
571 870 1
571 742 8
571 935 13
571 776 5
571 684 11
571 813 13
571 663 2
571 731 2
572 662 1
573 586 2
576 738 1
576 850 1
581 936 1
581 942 1
582 987 2
582 789 1
584 731 3
585 978 4
586 837 1
586 609 4
586 940 1
586 844 1
586 947 1
586 948 1
586 915 1
591 718 1
591 607 1
595 951 1
595 696 20
599 929 1
599 710 1
602 721 1
605 1001 6
605 685 4
607 712 3
607 696 3
607 687 1
609 707 2
609 633 1
610 629 1
611 644 3
611 702 1
614 978 1
614 851 1
614 988 1
617 811 1
617 923 3
624 764 1
626 863 1
629 658 1
629 685 1
629 846 1
629 750 1
629 630 5
629 631 1
629 891 3
630 739 1
630 746 1
630 951 2
630 668 1
633 707 1
634 788 3
638 700 1
638 939 2
641 987 2
641 789 1
644 738 1
644 1001 4
644 849 2
644 924 1
644 702 1
646 823 1
647 915 1
647 990 1
648 721 1
648 885 1
648 765 1
649 832 1
649 663 2
650 738 1
650 702 1
652 843 1
654 738 1
654 991 9
657 921 1
657 738 1
658 731 1
658 846 1
659 742 2
659 863 1
668 720 2
668 746 6
668 813 2
668 935 3
680 707 2
682 738 1
684 704 1
685 1001 3
687 923 2
692 718 1
693 1004 1
696 718 1
696 731 2
697 855 3
697 925 2
698 987 2
698 789 1
700 857 1
700 881 1
701 733 1
702 738 1
702 837 1
702 1001 1
702 921 1
702 996 1
702 828 1
702 745 1
702 761 1
702 924 1
703 784 7
704 743 1
707 880 2
707 951 2
707 923 1
715 926 2
716 718 2
718 915 2
719 738 1
719 850 1
719 783 2
720 746 3
720 813 2
720 935 11
721 743 2
721 765 3
722 913 1
723 758 2
724 1004 1
724 921 1
738 783 1
738 921 2
738 923 2
738 924 1
738 945 1
738 828 1
738 837 1
738 850 2
738 979 1
738 996 1
738 1001 1
738 881 1
738 745 1
738 761 1
740 906 1
740 879 3
742 900 5
742 784 1
742 890 3
742 863 1
744 912 6
746 935 7
746 841 2
746 813 10
748 926 1
752 948 1
754 843 1
758 956 1
758 918 1
764 840 1
764 874 2
764 789 1
764 987 2
765 908 2
765 912 1
765 948 2
765 790 2
769 863 1
780 832 2
780 977 2
780 950 1
782 890 1
783 850 1
784 901 1
784 863 2
789 925 1
789 809 1
789 955 1
789 840 1
789 994 1
789 849 1
789 987 2
789 796 1
789 872 1
789 873 1
790 812 1
790 881 1
795 978 1
795 851 1
796 921 1
796 987 2
799 895 3
809 987 2
810 881 1
813 912 1
813 935 3
817 978 1
817 851 1
830 891 1
832 936 2
832 977 2
832 950 1
838 888 1
838 990 2
840 874 2
840 987 2
843 907 4
843 883 1
844 956 1
849 987 2
850 962 1
850 1001 1
850 881 1
851 978 7
851 920 1
851 954 1
851 957 1
857 915 4
857 952 1
857 990 1
858 991 1
861 896 1
862 909 1
863 993 1
866 869 1
868 912 1
868 948 3
872 987 4
873 987 2
873 874 2
873 955 1
874 925 1
878 929 1
888 990 1
912 948 2
915 971 3
915 952 2
915 990 1
921 923 1
925 955 1
925 987 2
936 942 1
946 948 2
950 977 1
953 990 1
954 978 2
955 987 3
957 978 1
962 987 1
962 978 1
969 977 1
977 1004 4
978 988 1
987 994 2
