0
1
2
3
4
5
6
7
8
9
10
11
12
13
14
15
16
17
18
19
20
21
22
23
24
25
26
27
28
29
30
31
32
33
34
35
36
37
38
39
40
41
42
43
44
45
46
47
48
49
50
51
52
53
54
55
56
57
58
59
60
61
62
63
64
65
66
67
68
69
70
71
72
73
74
75
76
77
78
79
80
81
82
83
84
85
86
87
88
89
90
91
92
93
94
95
96
97
98
99
100
101
102
103
104
105
106
107
108
109
110
111
112
113
114
115
116
117
118
119
120
121
122
123
124
125
126
127
128
129
130
131
132
133
134
135
136
137
138
139
141
142
143
144
145
146
147
148
149
150
151
152
153
154
155
157
158
159
160
161
162
163
164
165
166
167
168
169
170
171
172
173
174
175
176
177
178
179
180
181
182
183
184
185
186
187
188
189
190
191
192
193
194
195
196
197
198
199
200
201
202
203
204
205
206
207
208
209
210
211
212
213
214
215
216
217
218
219
220
221
222
223
224
225
226
227
228
229
230
231
232
233
235
236
237
238
239
240
241
242
243
244
245
246
247
248
249
250
251
252
253
254
255
256
257
259
260
262
263
264
265
266
267
268
269
270
271
272
273
274
275
276
277
278
279
280
281
282
283
284
285
286
287
288
289
290
291
292
293
294
295
296
297
299
300
301
302
303
304
305
306
307
308
309
310
311
312
313
314
315
316
317
318
319
320
321
322
323
324
325
326
327
328
329
330
331
332
333
334
335
336
337
338
339
340
341
343
344
345
346
347
348
349
350
351
352
353
355
356
357
358
359
360
361
362
364
365
366
367
368
369
370
371
372
373
374
375
376
377
378
379
380
381
382
383
384
385
386
387
388
389
390
391
392
393
394
395
396
397
398
399
400
401
402
403
404
405
406
407
408
409
410
411
412
413
414
415
416
418
419
420
421
422
423
424
425
426
427
428
429
430
431
432
433
434
435
436
437
438
439
440
441
442
443
444
445
446
447
448
449
450
451
452
453
454
455
456
457
458
459
460
461
462
464
465
466
467
468
469
470
471
472
473
474
475
476
477
478
479
480
481
482
483
484
485
486
487
488
489
490
491
492
493
495
496
497
498
499
500
501
502
503
504
505
506
507
508
509
510
511
512
513
514
515
516
517
518
519
520
521
522
523
524
525
526
527
528
530
531
532
533
534
535
536
537
538
539
540
541
542
543
544
545
546
547
548
549
550
551
552
553
554
556
557
558
559
560
561
562
563
564
565
566
567
568
569
570
571
572
573
574
575
576
577
578
579
580
581
582
583
584
585
586
587
588
589
590
591
592
593
594
595
596
597
598
599
600
601
602
603
604
605
606
607
609
610
611
612
613
614
615
616
617
618
619
621
622
623
624
625
626
627
628
629
630
631
632
633
634
635
636
637
638
639
640
641
642
643
644
645
646
647
648
649
650
651
652
653
654
655
656
657
658
659
660
661
662
663
664
665
666
667
668
669
670
671
672
673
674
675
676
677
678
679
680
681
682
683
684
685
686
687
688
689
690
691
692
693
694
695
696
697
698
699
700
701
702
703
704
705
706
707
708
709
710
711
712
713
714
715
716
717
718
719
720
721
722
723
724
725
726
727
728
729
730
731
732
733
734
735
736
737
738
739
740
741
742
743
744
745
746
747
748
749
750
751
752
753
754
756
757
758
759
760
761
762
763
764
765
767
768
769
770
771
772
773
774
775
776
777
778
779
780
781
782
783
784
785
786
787
788
789
790
791
792
793
794
795
796
797
798
799
800
801
802
803
804
805
806
807
808
809
810
811
812
813
814
815
816
817
818
819
820
821
822
823
824
825
826
827
828
829
830
831
832
833
834
835
836
837
838
839
840
841
842
843
844
845
846
847
848
849
850
851
852
853
854
855
856
857
858
859
860
861
862
863
864
865
866
867
868
869
870
871
872
873
874
875
876
877
878
879
880
881
882
883
884
885
886
887
888
889
890
891
892
893
894
895
896
897
898
899
900
901
902
903
904
905
906
907
908
909
910
911
912
913
914
915
916
917
918
919
920
921
922
923
924
925
926
927
928
929
930
931
932
933
934
935
936
937
938
939
940
941
942
943
944
945
946
947
948
949
950
951
952
953
954
955
956
957
958
960
961
962
963
964
965
966
967
968
969
970
971
972
973
974
975
976
977
978
979
980
981
982
983
984
985
986
987
988
989
990
991
992
993
994
995
996
997
998
999
1000
1001
1002
1003
1004
0 569 1
2 790 1
2 231 2
4 771 2
5 506 1
6 569 1
12 870 1
14 702 10
17 990 1
24 994 1
24 540 2
24 629 2
25 704 2
28 994 1
28 987 4
28 540 2
30 356 2
30 104 2
30 912 1
30 168 1
30 313 1
30 765 2
30 868 1
31 990 1
32 197 1
32 214 1
38 832 3
46 622 1
52 168 1
53 987 1
56 987 4
56 159 2
58 909 2
61 718 2
62 542 1
62 646 1
64 534 1
65 987 1
68 176 1
68 987 4
75 987 1
77 168 3
77 912 1
78 569 1
82 870 1
86 443 2
90 742 1
90 935 1
91 987 1
92 990 1
95 987 4
98 592 1
98 401 1
104 313 1
105 418 2
107 208 1
107 454 1
112 803 1
113 927 1
120 586 1
120 987 1
120 334 1
120 135 1
125 622 1
126 232 1
126 356 3
127 866 2
127 454 2
131 987 1
133 168 2
133 602 2
133 765 1
134 987 1
135 772 1
135 581 2
135 870 1
135 936 8
135 170 1
135 942 2
135 176 2
135 178 1
135 371 1
135 628 2
135 692 1
136 990 1
137 742 1
138 867 1
138 415 1
139 323 1
142 267 1
142 428 1
142 990 1
147 454 1
150 833 1
152 443 1
159 502 1
159 724 2
159 214 1
159 987 2
159 607 1
160 629 1
165 401 2
165 990 2
166 586 1
166 803 1
168 356 6
168 232 6
168 362 1
168 557 2
168 782 8
168 912 24
168 439 2
168 472 2
168 260 3
168 575 1
168 607 1
171 933 1
175 849 1
175 275 3
176 769 1
176 482 1
176 995 1
176 836 1
176 581 1
176 329 1
176 746 1
176 588 1
176 692 1
176 245 1
176 855 1
176 641 1
176 764 1
178 646 5
178 231 1
178 693 1
178 502 1
178 767 3
178 605 3
178 607 1
180 958 1
181 696 3
181 724 2
181 190 2
185 987 1
189 724 1
189 718 1
190 353 2
190 656 2
190 274 2
190 373 2
190 920 1
191 752 1
192 381 1
193 987 1
194 951 1
196 987 1
196 454 1
197 790 1
199 644 3
199 924 2
200 952 1
200 915 2
200 990 1
207 424 1
209 356 6
209 765 2
214 290 1
214 987 1
214 746 1
214 923 1
214 316 1
223 322 1
223 343 1
228 569 1
229 659 1
231 264 3
231 245 2
231 502 2
231 987 4
231 607 1
232 472 1
232 966 1
233 692 2
239 987 1
245 987 4
248 987 1
249 569 1
250 927 1
251 987 4
253 454 1
256 416 1
256 356 2
257 987 1
260 912 5
260 557 1
260 790 1
260 439 2
264 454 1
267 674 1
268 454 1
272 450 1
272 900 2
280 561 1
280 629 2
280 614 2
291 401 1
295 569 1
302 990 1
306 771 3
306 660 1
306 659 1
306 742 7
310 343 1
311 994 1
311 987 4
311 540 2
313 765 1
316 647 1
316 428 2
316 915 2
316 629 2
316 990 1
316 607 4
320 980 1
322 343 1
324 334 2
324 638 1
332 782 9
332 575 2
333 569 1
334 987 1
334 772 1
334 454 2
334 776 1
334 692 1
334 607 1
334 671 1
335 899 1
335 980 3
335 381 2
337 514 1
338 994 1
338 987 4
338 540 2
340 528 1
343 534 1
343 853 1
343 663 2
344 990 1
356 416 2
356 557 1
356 912 2
356 472 3
356 765 5
360 629 1
360 526 6
361 987 4
364 987 4
369 927 1
377 393 1
377 506 1
377 718 1
381 980 1
383 586 2
396 761 1
401 454 1
401 429 1
401 415 2
408 990 1
409 569 1
410 1004 2
413 746 1
415 692 1
415 454 1
416 912 1
416 472 1
416 765 1
418 996 3
418 977 1
421 424 3
423 977 1
424 795 1
424 990 1
428 454 1
428 990 1
428 647 1
432 987 4
433 987 4
435 782 4
444 927 1
447 984 1
450 802 1
450 900 1
450 754 1
450 595 1
450 692 2
450 662 1
450 572 1
454 612 1
454 552 1
454 875 1
454 562 1
454 822 1
454 735 1
462 987 1
470 569 1
471 987 1
472 743 1
472 782 13
472 912 2
472 575 2
482 987 4
485 927 1
485 823 2
493 629 1
499 684 1
502 569 1
502 532 1
509 832 2
513 927 1
526 891 2
526 629 1
528 765 2
528 565 1
530 658 1
530 891 2
530 629 1
530 630 2
531 987 9
535 927 1
538 569 1
540 641 4
540 994 3
540 955 2
540 987 4
540 543 2
541 1001 1
541 979 1
542 927 1
542 646 1
542 823 1
543 994 1
543 990 1
546 771 1
551 927 2
557 912 1
559 622 1
561 629 1
565 684 1
566 713 1
569 710 1
569 599 1
569 976 1
569 693 1
569 767 1
569 605 1
569 862 1
569 991 1
573 586 2
575 912 1
575 782 5
576 987 1
581 936 2
582 987 4
582 955 1
591 915 1
595 718 3
595 687 2
602 743 1
607 987 1
609 987 1
617 791 1
622 676 1
629 658 1
629 685 1
629 846 1
629 630 1
629 631 1
629 891 1
633 987 1
641 994 1
641 987 4
646 927 1
647 990 1
648 765 1
650 682 3
650 738 1
650 654 1
650 783 1
654 682 1
659 807 1
670 980 1
671 987 1
674 803 1
679 684 1
682 738 1
682 783 1
683 987 1
684 844 1
684 956 1
687 915 1
692 775 1
692 746 3
692 987 1
715 926 1
716 724 1
718 866 2
718 754 1
718 883 1
718 724 2
722 927 1
731 987 1
738 987 1
742 769 2
742 900 5
742 784 1
743 868 2
743 765 2
746 935 9
746 987 1
752 987 1
761 850 1
764 987 4
765 908 1
769 987 1
770 927 1
772 803 1
772 987 1
774 947 5
789 994 1
789 987 4
798 987 1
809 987 4
823 927 1
833 987 1
840 987 4
849 987 4
850 987 1
854 927 1
857 990 1
872 987 4
873 987 4
915 952 1
915 990 1
923 987 1
951 987 1
952 990 1
953 990 1
955 994 1
955 987 4
963 987 1
971 990 1
977 1001 1
977 1004 4
983 987 1
987 994 4
