0
1
2
3
4
5
6
7
8
9
10
11
12
13
14
15
16
17
18
19
20
21
22
23
24
25
26
27
28
29
30
31
32
33
34
35
36
37
38
39
40
41
42
43
44
45
46
47
48
49
50
51
52
53
54
55
56
57
58
59
60
61
62
63
64
65
66
67
68
69
70
71
72
73
74
75
76
77
78
79
80
81
82
83
84
85
86
87
88
89
90
91
92
93
94
95
96
97
98
99
100
101
102
103
104
105
106
107
108
109
110
111
112
113
114
115
116
117
118
119
120
121
122
123
124
125
126
127
128
129
130
131
132
133
134
135
136
137
138
139
141
142
143
144
145
146
147
148
149
150
151
152
153
154
155
157
158
159
160
161
162
163
164
165
166
167
168
169
170
171
172
173
174
175
176
177
178
179
180
181
182
183
184
185
186
187
188
189
190
191
192
193
194
195
196
197
198
199
200
201
202
203
204
205
206
207
208
209
210
211
212
213
214
215
216
217
218
219
220
221
222
223
224
225
226
227
228
229
230
231
232
233
235
236
237
238
239
240
241
242
243
244
245
246
247
248
249
250
251
252
253
254
255
256
257
259
260
262
263
264
265
266
267
268
269
270
271
272
273
274
275
276
277
278
279
280
281
282
283
284
285
286
287
288
289
290
291
292
293
294
295
296
297
299
300
301
302
303
304
305
306
307
308
309
310
311
312
313
314
315
316
317
318
319
320
321
322
323
324
325
326
327
328
329
330
331
332
333
334
335
336
337
338
339
340
341
343
344
345
346
347
348
349
350
351
352
353
355
356
357
358
359
360
361
362
364
365
366
367
368
369
370
371
372
373
374
375
376
377
378
379
380
381
382
383
384
385
386
387
388
389
390
391
392
393
394
395
396
397
398
399
400
401
402
403
404
405
406
407
408
409
410
411
412
413
414
415
416
418
419
420
421
422
423
424
425
426
427
428
429
430
431
432
433
434
435
436
437
438
439
440
441
442
443
444
445
446
447
448
449
450
451
452
453
454
455
456
457
458
459
460
461
462
464
465
466
467
468
469
470
471
472
473
474
475
476
477
478
479
480
481
482
483
484
485
486
487
488
489
490
491
492
493
495
496
497
498
499
500
501
502
503
504
505
506
507
508
509
510
511
512
513
514
515
516
517
518
519
520
521
522
523
524
525
526
527
528
530
531
532
533
534
535
536
537
538
539
540
541
542
543
544
545
546
547
548
549
550
551
552
553
554
556
557
558
559
560
561
562
563
564
565
566
567
568
569
570
571
572
573
574
575
576
577
578
579
580
581
582
583
584
585
586
587
588
589
590
591
592
593
594
595
596
597
598
599
600
601
602
603
604
605
606
607
609
610
611
612
613
614
615
616
617
618
619
621
622
623
624
625
626
627
628
629
630
631
632
633
634
635
636
637
638
639
640
641
642
643
644
645
646
647
648
649
650
651
652
653
654
655
656
657
658
659
660
661
662
663
664
665
666
667
668
669
670
671
672
673
674
675
676
677
678
679
680
681
682
683
684
685
686
687
688
689
690
691
692
693
694
695
696
697
698
699
700
701
702
703
704
705
706
707
708
709
710
711
712
713
714
715
716
717
718
719
720
721
722
723
724
725
726
727
728
729
730
731
732
733
734
735
736
737
738
739
740
741
742
743
744
745
746
747
748
749
750
751
752
753
754
756
757
758
759
760
761
762
763
764
765
767
768
769
770
771
772
773
774
775
776
777
778
779
780
781
782
783
784
785
786
787
788
789
790
791
792
793
794
795
796
797
798
799
800
801
802
803
804
805
806
807
808
809
810
811
812
813
814
815
816
817
818
819
820
821
822
823
824
825
826
827
828
829
830
831
832
833
834
835
836
837
838
839
840
841
842
843
844
845
846
847
848
849
850
851
852
853
854
855
856
857
858
859
860
861
862
863
864
865
866
867
868
869
870
871
872
873
874
875
876
877
878
879
880
881
882
883
884
885
886
887
888
889
890
891
892
893
894
895
896
897
898
899
900
901
902
903
904
905
906
907
908
909
910
911
912
913
914
915
916
917
918
919
920
921
922
923
924
925
926
927
928
929
930
931
932
933
934
935
936
937
938
939
940
941
942
943
944
945
946
947
948
949
950
951
952
953
954
955
956
957
958
960
961
962
963
964
965
966
967
968
969
970
971
972
973
974
975
976
977
978
979
980
981
982
983
984
985
986
987
988
989
990
991
992
993
994
995
996
997
998
999
1000
1001
1002
1003
1004
0 6 2
0 519 1
0 409 2
0 538 2
0 929 2
0 178 7
0 693 2
0 314 3
0 710 2
0 333 2
0 78 2
0 976 2
0 470 2
0 599 2
0 605 2
0 862 2
0 991 1
0 99 2
0 228 2
0 236 1
0 502 2
0 249 2
0 767 2
2 322 1
2 516 3
2 551 2
2 977 2
2 52 3
2 790 1
2 984 1
2 889 1
2 700 5
2 868 1
4 304 1
4 720 1
4 771 2
4 135 1
5 921 1
5 189 2
5 335 1
6 178 4
7 810 1
8 544 1
8 90 1
13 738 3
13 90 1
13 516 1
13 506 1
13 881 1
14 738 2
14 996 2
14 199 2
14 796 1
14 173 1
14 719 1
14 881 1
14 724 1
14 381 1
14 644 3
14 506 4
14 783 1
14 924 3
14 410 2
15 680 5
15 731 8
15 422 6
16 393 1
16 61 1
16 102 1
17 316 1
18 896 1
24 267 1
24 750 1
24 530 2
24 629 4
24 630 3
24 280 4
24 891 1
24 31 2
25 48 1
28 987 8
29 808 2
29 898 1
29 381 3
29 670 1
30 168 1
30 356 4
30 765 1
31 165 7
31 92 1
31 428 1
31 915 1
31 316 1
31 990 1
32 197 3
32 718 2
32 977 2
32 791 9
32 280 1
32 921 1
32 862 1
35 280 1
35 817 1
35 978 1
38 322 1
38 388 1
38 502 2
38 70 1
38 586 5
38 939 2
38 309 2
38 534 1
38 324 1
38 474 3
39 120 2
40 450 2
40 712 2
40 362 1
40 802 2
40 662 1
40 568 1
40 572 1
41 758 1
41 499 1
41 565 2
41 723 1
45 66 1
46 310 1
48 704 1
48 458 2
48 684 3
48 558 1
48 499 2
48 758 1
48 216 1
48 956 2
48 319 1
50 559 1
52 232 2
52 948 1
52 868 6
52 313 2
53 120 4
53 940 1
53 316 1
56 977 2
56 482 2
56 987 8
58 769 1
58 909 2
61 388 3
61 517 4
61 135 5
61 904 1
61 782 5
61 915 5
61 281 1
61 542 1
61 166 2
61 692 6
61 696 4
61 189 1
61 450 6
61 716 1
61 718 25
61 591 5
61 851 3
61 980 1
61 334 2
61 343 1
61 89 4
61 602 1
61 607 3
61 356 11
61 742 5
61 754 1
61 502 10
61 377 1
62 800 1
62 646 5
62 535 1
62 214 1
62 823 1
62 542 1
64 139 1
67 344 3
67 963 13
67 165 5
68 987 8
68 189 1
69 735 1
69 950 3
69 879 1
70 90 1
70 939 2
70 534 1
73 499 1
74 232 2
74 313 1
74 294 7
75 772 4
75 107 6
75 334 1
75 178 3
75 948 2
75 120 2
78 929 1
78 178 3
78 99 1
82 700 1
82 135 2
83 742 1
83 863 1
86 443 2
86 742 1
90 516 1
90 534 1
90 541 2
90 416 2
90 547 1
90 178 2
90 948 2
90 692 1
90 316 1
90 191 1
90 720 2
90 978 1
90 356 5
90 233 2
90 746 3
90 107 1
90 850 3
90 885 2
90 502 1
90 120 2
90 506 1
90 509 2
91 120 2
91 189 1
92 316 2
95 987 8
96 832 1
96 634 2
96 420 1
98 592 1
98 401 7
98 707 3
98 429 3
99 929 2
99 569 1
99 228 1
99 502 2
99 710 1
99 599 2
99 333 1
99 605 1
99 976 1
99 178 5
99 693 1
99 470 1
99 409 1
99 249 1
99 314 3
99 538 1
99 862 1
99 767 1
101 996 1
101 423 4
102 139 1
102 534 1
103 832 1
103 977 3
103 663 1
103 423 4
104 472 3
104 721 2
104 765 3
104 790 1
104 425 57
105 418 5
106 740 1
107 192 1
107 201 1
107 810 3
107 236 4
107 718 4
107 980 1
107 502 1
107 537 1
107 415 2
107 191 2
111 586 2
112 674 1
112 517 2
112 267 13
112 730 2
112 700 1
112 186 1
113 250 1
113 823 1
114 718 2
118 502 1
119 700 3
120 257 1
120 875 2
120 772 7
120 193 3
120 909 3
120 143 1
120 528 2
120 278 1
120 151 2
120 923 4
120 415 2
120 880 2
120 546 2
120 198 1
120 935 2
120 178 2
120 948 4
120 566 7
120 190 1
120 833 2
120 707 2
120 196 1
120 454 1
120 290 2
120 462 2
120 589 2
120 334 2
120 471 2
120 476 2
120 609 6
120 587 2
120 739 1
120 362 2
120 235 2
120 752 3
120 633 3
120 890 2
120 253 2
120 383 2
122 915 2
122 428 2
122 718 1
123 180 1
124 823 1
125 139 1
126 166 6
126 294 2
126 586 5
126 912 1
126 790 2
126 889 1
127 779 3
127 423 2
127 843 2
127 718 2
127 595 2
127 246 3
127 184 2
127 281 2
127 415 3
132 634 2
132 388 1
134 592 3
135 769 2
135 581 7
135 742 2
135 233 3
135 870 2
135 337 4
135 371 2
135 692 5
135 405 8
135 170 2
135 628 2
135 923 1
136 200 2
136 316 1
136 165 1
139 323 1
139 676 1
139 487 1
139 939 1
139 206 1
139 622 1
139 534 1
139 601 2
139 154 1
139 477 1
139 510 1
141 978 1
141 188 1
141 421 1
142 585 1
142 267 2
142 207 3
142 274 1
142 915 1
142 316 1
142 280 1
142 188 1
143 544 1
143 410 2
143 796 1
143 580 1
147 416 1
147 577 4
147 931 2
147 933 2
147 230 2
147 171 2
147 972 2
147 590 2
147 285 2
147 355 2
147 277 2
147 214 2
147 347 2
147 157 1
147 926 2
147 686 2
149 716 4
151 253 1
152 443 1
152 742 1
153 977 2
153 483 2
153 229 1
157 577 1
157 277 2
159 746 1
159 940 1
159 742 1
159 214 1
159 951 1
160 280 2
160 629 4
160 630 1
164 420 1
164 950 1
164 638 4
165 207 2
165 401 7
165 344 5
165 857 1
165 316 3
166 356 5
166 743 3
166 232 1
166 586 9
166 782 1
166 573 2
166 912 1
166 168 2
166 759 2
166 447 1
167 585 2
167 817 1
167 978 1
167 469 3
167 280 2
167 988 1
167 181 1
168 356 19
168 790 6
168 260 3
168 232 9
168 425 13
168 266 28
168 765 1
168 912 17
168 447 2
168 948 5
168 949 23
168 214 1
168 439 1
168 472 26
168 868 1
168 730 1
168 575 1
168 586 14
169 595 1
170 855 1
170 231 3
171 347 1
171 933 2
173 738 2
173 996 1
173 199 1
173 657 2
173 506 3
175 849 3
175 423 6
178 772 1
178 409 3
178 538 3
178 929 2
178 418 2
178 295 3
178 692 1
178 693 3
178 569 3
178 314 5
178 607 1
178 700 2
178 710 3
178 333 4
178 976 3
178 339 3
178 718 2
178 470 3
178 599 3
178 605 11
178 862 6
178 991 3
178 482 1
178 228 3
178 231 1
178 502 24
178 249 3
178 381 1
178 767 3
180 897 2
181 656 1
181 274 1
181 724 1
181 920 3
181 189 1
181 190 4
184 883 1
184 843 2
184 754 1
184 779 1
185 833 1
186 256 1
186 648 1
186 267 4
186 517 2
188 585 1
188 978 3
188 502 1
188 280 1
189 783 1
189 921 1
189 670 1
189 517 1
189 690 1
189 440 1
189 442 1
189 201 1
189 718 7
189 977 2
189 595 2
189 742 1
189 362 1
189 364 1
189 502 3
189 249 1
189 506 2
189 381 1
190 353 5
190 614 2
190 978 3
190 629 5
190 656 4
190 920 1
190 274 4
190 373 4
191 416 1
191 752 1
191 692 3
191 374 1
191 316 1
192 506 1
192 381 4
193 546 1
193 707 2
193 712 2
193 500 2
193 887 2
195 595 4
195 916 1
196 731 1
196 413 1
197 746 1
197 923 1
197 586 1
199 738 2
199 996 3
199 1001 1
199 644 2
199 506 3
199 541 1
200 971 2
200 344 1
200 915 2
200 952 3
200 316 1
206 832 1
207 424 2
207 428 1
207 978 1
207 373 4
207 630 4
207 953 1
207 795 4
207 988 1
207 469 5
208 977 1
208 335 1
209 356 1
214 940 4
214 912 5
214 278 1
214 923 3
214 416 1
214 290 5
214 428 1
214 687 1
214 951 1
214 316 2
214 577 1
214 707 2
214 334 1
214 742 1
214 746 2
214 531 2
214 502 1
214 765 2
216 321 3
216 458 1
216 558 1
216 499 1
216 956 1
216 618 1
223 950 1
225 883 2
225 779 2
226 440 1
228 929 1
228 585 1
228 333 1
228 693 4
228 502 2
228 605 1
229 523 2
229 742 5
229 607 1
231 738 1
231 923 1
231 329 1
231 874 2
231 338 1
231 531 3
231 245 1
231 987 8
231 830 4
231 607 2
232 356 1
232 425 2
232 782 1
232 912 1
232 305 1
232 946 2
232 949 9
232 472 7
232 948 1
233 692 2
233 245 1
235 849 1
235 923 2
235 425 1
236 537 3
239 577 3
239 538 1
239 502 2
239 742 3
239 951 1
240 586 1
241 280 1
245 840 1
245 874 2
245 692 1
245 329 1
245 987 8
245 764 5
246 779 1
246 423 5
248 909 1
249 929 1
249 595 1
249 410 2
250 513 1
250 770 1
250 886 1
250 646 1
250 551 1
250 535 1
250 332 1
250 369 3
250 722 1
250 854 1
250 823 2
250 444 1
250 542 1
250 485 1
251 928 1
251 987 8
251 383 2
253 290 2
253 566 2
255 577 1
256 416 1
256 517 1
256 294 2
256 267 2
256 313 2
260 266 2
262 810 1
264 329 1
264 581 1
266 912 2
266 949 4
266 790 3
266 439 1
267 674 1
267 517 5
267 648 2
267 392 3
267 435 2
267 662 4
267 478 4
270 738 2
272 754 2
272 595 3
272 662 1
273 951 2
275 849 3
277 314 1
278 776 1
278 566 1
280 388 1
280 647 1
280 526 2
280 656 2
280 920 1
280 658 1
280 915 2
280 281 3
280 288 1
280 547 3
280 421 1
280 422 1
280 685 1
280 561 2
280 530 2
280 953 1
280 502 1
280 718 1
280 851 1
280 846 2
280 990 1
280 293 1
280 614 1
280 360 2
280 493 1
280 629 12
280 630 2
280 631 2
280 891 1
284 731 3
284 422 3
284 951 1
288 484 23
288 773 23
288 838 1
288 391 13
288 493 25
288 846 25
288 561 25
288 629 28
288 630 3
288 445 12
289 506 1
291 401 7
291 429 3
291 454 2
292 506 2
293 362 2
293 862 5
294 416 3
294 586 7
294 573 1
294 885 4
294 759 3
294 313 6
294 447 2
299 832 1
299 388 1
299 939 4
299 622 1
299 951 1
299 634 1
301 978 1
302 428 2
302 316 2
304 317 9
305 425 1
305 946 1
305 885 4
306 771 4
306 742 1
306 362 1
306 784 1
306 951 2
306 383 2
308 418 1
310 343 1
310 943 1
311 987 8
311 955 1
313 416 2
313 356 10
313 885 1
313 472 5
313 765 2
314 929 1
314 693 1
314 538 4
316 647 1
316 915 13
316 428 14
316 952 1
316 953 1
316 543 1
316 971 1
316 344 1
316 857 1
316 349 2
316 990 1
316 483 1
318 499 1
318 684 1
318 790 1
318 934 3
319 672 1
319 499 1
320 843 1
321 844 2
321 618 1
321 684 1
321 499 5
321 565 1
322 343 2
322 735 1
324 586 3
326 586 2
327 849 2
327 738 2
327 381 2
327 414 3
329 443 1
332 416 1
332 586 2
332 782 2
332 500 23
332 573 2
332 542 1
333 929 1
333 693 1
333 502 3
333 767 2
334 388 1
334 776 1
334 718 2
334 687 1
334 534 2
334 772 3
334 638 7
334 607 1
335 528 2
335 899 5
335 737 1
335 553 1
335 810 1
335 1004 1
335 381 1
335 688 4
335 700 1
335 643 1
335 464 1
335 664 1
335 537 1
335 980 4
335 468 1
335 670 1
337 505 1
338 987 8
343 534 2
343 399 3
343 950 1
343 663 1
346 634 2
347 577 1
347 933 3
349 976 10
349 428 1
353 920 2
353 891 1
353 391 1
355 933 2
356 517 3
356 912 8
356 472 29
356 602 5
356 416 8
356 946 3
356 948 5
356 447 1
356 586 5
356 718 3
356 984 1
356 730 4
356 868 7
356 743 2
356 765 10
360 526 1
360 629 3
360 630 1
361 987 8
362 993 1
362 647 1
362 909 2
362 464 1
362 952 2
362 383 5
364 506 1
364 692 1
364 582 1
369 823 1
369 646 1
369 535 4
371 700 1
377 423 3
378 832 1
378 603 1
379 568 3
381 532 4
381 921 1
381 506 1
381 980 2
381 670 1
383 589 1
383 720 1
383 531 5
383 887 3
388 502 1
388 534 1
393 907 1
394 823 1
399 474 1
399 663 1
400 742 1
401 454 8
401 429 13
401 415 9
404 595 1
404 934 1
404 607 1
409 929 1
410 977 7
410 719 1
415 833 2
415 587 1
415 429 6
415 946 1
416 707 3
416 425 1
416 586 7
416 782 7
416 912 1
416 946 1
416 435 1
416 948 10
416 633 1
416 765 1
416 868 1
416 447 1
418 977 18
418 996 21
420 559 1
421 424 4
421 978 1
421 795 5
422 680 2
422 731 5
423 996 4
423 710 4
423 779 4
423 780 3
423 630 2
423 977 4
423 849 1
424 978 1
424 989 1
424 795 2
425 765 2
425 912 2
425 946 3
425 948 5
425 472 1
428 802 2
428 915 7
428 953 1
428 952 3
428 857 11
429 454 6
432 987 8
433 482 1
433 738 1
433 987 12
433 994 3
433 789 1
435 586 2
435 500 9
435 782 2
437 738 2
439 912 3
440 537 7
440 506 2
440 737 2
443 742 1
443 775 2
443 721 1
443 692 2
443 662 6
444 823 1
444 535 5
447 586 6
447 557 1
447 912 1
447 762 1
450 802 2
450 678 2
450 712 1
450 923 2
450 572 3
454 609 4
454 772 1
454 743 1
454 592 4
458 577 1
458 844 1
458 558 1
458 499 1
458 956 2
462 833 1
464 980 1
464 502 5
465 499 2
465 812 1
469 512 2
469 851 1
469 978 1
471 483 2
472 912 3
474 939 1
478 517 1
480 506 1
480 987 8
482 987 8
482 606 2
483 863 1
485 646 2
485 823 2
491 731 1
493 561 1
493 978 1
493 629 4
493 630 2
499 918 1
499 679 1
499 844 1
499 618 1
499 684 4
499 558 1
499 723 1
499 565 1
499 758 1
499 890 1
499 956 1
500 550 3
500 782 5
500 814 6
500 575 1
502 915 2
502 534 1
502 538 1
502 923 3
502 929 1
502 693 1
502 710 1
502 716 1
502 718 7
502 591 1
502 976 2
502 851 1
502 605 1
505 603 1
506 576 1
506 644 2
506 783 2
506 921 1
506 923 1
506 541 1
506 828 1
506 738 3
506 996 3
506 745 1
506 1001 1
509 603 1
509 939 1
510 534 1
511 849 1
512 978 1
513 646 1
513 823 1
514 832 1
514 582 1
514 780 1
514 977 4
514 950 2
514 603 1
516 804 2
516 743 2
516 532 5
516 790 2
516 738 2
516 828 1
517 674 1
517 803 1
517 648 1
517 602 2
517 814 1
517 948 1
517 542 1
517 854 1
526 629 4
526 630 1
527 720 1
530 746 1
530 629 4
530 630 1
531 987 8
532 738 2
532 980 3
532 761 1
534 939 1
534 951 1
534 862 4
534 607 1
535 823 1
538 929 1
540 994 8
540 987 9
540 582 1
540 840 1
540 874 2
540 630 2
540 955 1
541 738 3
541 1001 2
541 923 2
541 924 2
542 646 2
542 765 2
542 854 1
542 823 2
543 951 2
544 791 1
544 669 1
546 550 1
546 614 4
546 743 1
546 746 1
546 662 1
547 614 3
547 978 2
547 862 4
550 595 1
550 662 1
551 823 1
552 978 1
556 823 1
558 704 2
558 684 1
558 956 3
561 630 1
561 629 4
565 684 1
565 844 5
565 723 3
566 772 1
568 947 3
572 802 1
572 862 2
573 586 2
576 738 2
580 791 1
581 742 3
582 832 4
582 994 1
582 987 8
584 731 1
585 939 3
586 782 1
586 912 2
586 854 1
586 868 6
586 743 1
586 617 1
586 762 4
586 765 2
590 933 1
591 718 1
591 607 1
592 609 7
592 713 2
592 948 2
595 718 1
595 633 1
595 923 3
599 929 1
599 710 1
599 872 4
599 849 2
599 693 1
602 743 2
603 832 2
603 780 2
603 822 1
603 735 1
605 929 1
605 693 2
607 746 1
607 687 2
607 718 7
607 692 1
609 772 1
609 951 2
614 772 2
614 978 1
614 862 1
614 629 1
617 854 1
622 896 1
622 939 1
624 692 1
629 658 4
629 685 4
629 846 3
629 630 5
629 631 3
629 891 4
630 685 1
630 978 3
630 846 1
630 658 1
630 631 1
630 891 1
633 707 2
634 832 3
634 788 4
634 638 1
638 832 2
638 700 2
641 987 8
643 657 2
643 685 1
644 924 9
644 738 2
646 823 1
650 738 2
650 686 2
654 738 3
654 783 1
657 738 2
659 742 1
662 833 1
662 900 1
663 832 2
663 950 1
668 720 1
668 746 8
668 935 1
672 946 1
672 844 3
679 684 1
679 956 1
680 731 5
680 707 2
682 738 2
684 704 2
684 844 2
684 918 1
685 1001 1
687 746 1
687 718 2
692 769 1
692 742 2
692 703 1
692 746 3
692 775 1
692 718 1
692 855 1
692 696 2
692 830 1
693 929 1
697 855 2
698 987 8
700 782 1
700 790 3
702 738 2
704 844 1
704 743 2
706 951 1
707 880 4
707 951 5
707 923 3
710 929 1
710 779 1
711 779 1
715 926 2
716 718 12
718 915 2
718 843 2
718 980 2
718 866 2
718 883 7
718 724 6
719 738 5
719 924 2
719 837 1
720 833 1
720 935 5
720 746 6
720 813 1
721 765 7
722 823 1
724 883 3
724 1004 3
730 912 2
730 868 5
735 822 1
738 783 5
738 921 3
738 923 6
738 924 2
738 945 2
738 828 3
738 837 4
738 850 2
738 979 2
738 996 2
738 745 3
738 881 2
738 1001 2
738 761 2
742 769 1
742 900 1
742 901 1
742 784 1
742 879 1
742 835 1
742 863 1
742 993 1
742 765 1
743 765 3
746 935 23
746 915 1
754 779 1
758 844 3
758 956 2
764 840 1
764 874 2
764 987 8
764 1004 1
765 936 2
765 912 1
765 946 1
765 868 1
767 929 1
769 771 2
771 835 4
772 923 5
774 947 172
779 907 1
779 843 2
779 849 1
779 883 2
780 832 2
780 977 4
780 950 1
782 790 1
783 837 1
783 921 1
789 987 8
790 812 1
790 868 2
795 978 3
803 948 1
804 828 1
809 987 8
810 881 4
817 978 1
821 823 1
823 854 1
823 927 1
832 950 1
833 854 2
840 874 2
840 987 8
849 890 1
849 987 8
850 924 1
851 978 1
851 920 1
857 951 2
862 929 1
862 909 4
868 912 1
872 987 8
873 874 2
873 987 8
880 951 1
887 909 2
891 920 1
898 951 1
912 949 7
915 971 1
921 1004 1
921 923 2
925 987 8
925 955 1
925 951 1
933 966 2
939 951 4
950 1001 1
950 977 4
954 978 1
955 987 9
957 978 1
969 977 1
969 1004 2
977 1001 12
977 1004 3
978 988 5
987 994 11
