0
1
2
3
4
5
6
7
8
9
10
11
12
13
14
15
16
17
18
19
20
21
22
23
24
25
26
27
28
29
30
31
32
33
34
35
36
37
38
39
40
41
42
43
44
45
46
47
48
49
50
51
52
53
54
55
56
57
58
59
60
61
62
63
64
65
66
67
68
69
70
71
72
73
74
75
76
77
78
79
80
81
82
83
84
85
86
87
88
89
90
91
92
93
94
95
96
97
98
99
100
101
102
103
104
105
106
107
108
109
110
111
112
113
114
115
116
117
118
119
120
121
122
123
124
125
126
127
128
129
130
131
132
133
134
135
136
137
138
139
141
142
143
144
145
146
147
148
149
150
151
152
153
154
155
157
158
159
160
161
162
163
164
165
166
167
168
169
170
171
172
173
174
175
176
177
178
179
180
181
182
183
184
185
186
187
188
189
190
191
192
193
194
195
196
197
198
199
200
201
202
203
204
205
206
207
208
209
210
211
212
213
214
215
216
217
218
219
220
221
222
223
224
225
226
227
228
229
230
231
232
233
235
236
237
238
239
240
241
242
243
244
245
246
247
248
249
250
251
252
253
254
255
256
257
259
260
262
263
264
265
266
267
268
269
270
271
272
273
274
275
276
277
278
279
280
281
282
283
284
285
286
287
288
289
290
291
292
293
294
295
296
297
299
300
301
302
303
304
305
306
307
308
309
310
311
312
313
314
315
316
317
318
319
320
321
322
323
324
325
326
327
328
329
330
331
332
333
334
335
336
337
338
339
340
341
343
344
345
346
347
348
349
350
351
352
353
355
356
357
358
359
360
361
362
364
365
366
367
368
369
370
371
372
373
374
375
376
377
378
379
380
381
382
383
384
385
386
387
388
389
390
391
392
393
394
395
396
397
398
399
400
401
402
403
404
405
406
407
408
409
410
411
412
413
414
415
416
418
419
420
421
422
423
424
425
426
427
428
429
430
431
432
433
434
435
436
437
438
439
440
441
442
443
444
445
446
447
448
449
450
451
452
453
454
455
456
457
458
459
460
461
462
464
465
466
467
468
469
470
471
472
473
474
475
476
477
478
479
480
481
482
483
484
485
486
487
488
489
490
491
492
493
495
496
497
498
499
500
501
502
503
504
505
506
507
508
509
510
511
512
513
514
515
516
517
518
519
520
521
522
523
524
525
526
527
528
530
531
532
533
534
535
536
537
538
539
540
541
542
543
544
545
546
547
548
549
550
551
552
553
554
556
557
558
559
560
561
562
563
564
565
566
567
568
569
570
571
572
573
574
575
576
577
578
579
580
581
582
583
584
585
586
587
588
589
590
591
592
593
594
595
596
597
598
599
600
601
602
603
604
605
606
607
609
610
611
612
613
614
615
616
617
618
619
621
622
623
624
625
626
627
628
629
630
631
632
633
634
635
636
637
638
639
640
641
642
643
644
645
646
647
648
649
650
651
652
653
654
655
656
657
658
659
660
661
662
663
664
665
666
667
668
669
670
671
672
673
674
675
676
677
678
679
680
681
682
683
684
685
686
687
688
689
690
691
692
693
694
695
696
697
698
699
700
701
702
703
704
705
706
707
708
709
710
711
712
713
714
715
716
717
718
719
720
721
722
723
724
725
726
727
728
729
730
731
732
733
734
735
736
737
738
739
740
741
742
743
744
745
746
747
748
749
750
751
752
753
754
756
757
758
759
760
761
762
763
764
765
767
768
769
770
771
772
773
774
775
776
777
778
779
780
781
782
783
784
785
786
787
788
789
790
791
792
793
794
795
796
797
798
799
800
801
802
803
804
805
806
807
808
809
810
811
812
813
814
815
816
817
818
819
820
821
822
823
824
825
826
827
828
829
830
831
832
833
834
835
836
837
838
839
840
841
842
843
844
845
846
847
848
849
850
851
852
853
854
855
856
857
858
859
860
861
862
863
864
865
866
867
868
869
870
871
872
873
874
875
876
877
878
879
880
881
882
883
884
885
886
887
888
889
890
891
892
893
894
895
896
897
898
899
900
901
902
903
904
905
906
907
908
909
910
911
912
913
914
915
916
917
918
919
920
921
922
923
924
925
926
927
928
929
930
931
932
933
934
935
936
937
938
939
940
941
942
943
944
945
946
947
948
949
950
951
952
953
954
955
956
957
958
960
961
962
963
964
965
966
967
968
969
970
971
972
973
974
975
976
977
978
979
980
981
982
983
984
985
986
987
988
989
990
991
992
993
994
995
996
997
998
999
1000
1001
1002
1003
1004
0 6 1
0 238 1
0 178 7
0 409 1
0 249 2
0 732 1
0 189 4
2 392 1
2 532 1
2 629 2
2 166 1
4 81 2
4 371 1
4 135 1
5 553 1
5 107 2
5 724 2
5 29 1
6 249 1
6 178 8
6 189 2
7 810 2
12 527 1
13 532 1
14 189 2
14 724 1
14 506 1
14 783 1
14 796 1
14 90 1
14 410 1
15 680 3
15 633 2
15 731 2
16 883 2
16 410 1
16 843 1
16 189 1
17 857 1
17 316 2
19 333 1
24 540 2
24 629 19
25 684 2
25 844 2
25 558 1
25 48 1
25 565 1
25 918 1
28 987 6
28 540 2
29 107 2
30 416 1
30 868 1
30 912 1
30 313 5
30 90 1
30 765 4
30 126 3
31 316 4
31 915 1
31 428 1
31 165 4
31 190 1
32 977 1
32 61 2
32 214 3
32 249 2
35 978 1
35 207 1
38 939 1
40 193 1
40 572 2
40 214 1
41 723 1
42 638 2
45 66 1
46 310 1
46 622 5
48 458 10
48 684 1
48 558 2
48 565 1
48 216 1
48 956 2
48 319 2
50 559 2
52 416 1
52 356 2
52 166 1
52 168 1
52 586 1
52 602 5
52 765 1
52 607 1
53 193 2
53 443 2
53 887 1
53 629 2
53 927 1
56 410 1
56 987 6
56 159 1
58 577 1
58 818 1
58 338 1
61 132 1
61 517 2
61 522 2
61 398 1
61 272 2
61 915 2
61 772 2
61 900 1
61 293 2
61 550 4
61 428 1
61 692 3
61 696 3
61 189 1
61 193 1
61 450 2
61 843 1
61 718 11
61 591 1
61 851 1
61 980 1
61 469 1
61 602 1
61 991 8
61 356 3
61 742 4
61 127 1
62 513 1
62 485 2
62 646 3
62 551 1
62 571 3
62 542 7
62 159 1
65 193 1
67 963 10
67 165 3
67 846 3
67 207 3
67 561 2
67 344 2
68 987 6
68 189 2
73 679 1
74 416 2
74 256 1
74 803 8
74 168 1
74 586 2
74 782 2
74 912 4
74 762 1
74 573 1
75 617 1
75 178 2
75 633 2
77 912 2
77 168 1
77 762 1
77 260 5
77 439 1
78 688 1
78 178 8
78 506 1
78 599 1
82 135 1
83 901 1
83 863 2
90 646 2
90 136 2
90 398 1
90 912 2
90 924 2
90 927 4
90 416 2
90 164 1
90 168 1
90 940 1
90 173 2
90 316 4
90 191 1
90 199 1
90 207 1
90 978 4
90 857 1
90 220 1
90 485 1
90 994 1
90 613 1
90 956 1
90 850 4
90 890 1
90 763 1
90 127 1
91 609 1
91 356 1
92 316 3
95 987 6
96 832 1
96 132 2
96 299 1
96 388 1
96 634 3
96 509 2
96 638 1
98 707 5
98 454 1
98 134 2
98 713 3
98 107 4
98 268 1
98 429 2
98 592 5
98 401 4
98 117 2
101 866 1
101 423 1
102 939 3
103 368 1
103 322 3
103 310 4
104 256 1
104 765 6
105 233 2
105 418 3
107 192 2
107 898 2
107 236 2
107 664 1
107 175 1
107 208 2
107 670 1
107 808 2
107 553 2
107 810 4
107 688 2
107 320 1
107 201 1
107 335 3
107 464 2
107 468 2
107 214 1
107 985 2
107 737 2
107 1004 2
107 118 2
107 980 1
107 381 2
111 794 1
111 935 1
112 674 2
112 803 2
112 356 1
112 392 1
112 267 3
112 168 2
113 337 2
113 927 1
114 189 2
116 769 2
120 416 2
120 193 1
120 586 1
120 850 1
120 854 2
120 573 1
120 190 1
120 927 1
125 534 1
125 622 6
126 416 2
126 782 1
126 790 1
132 832 1
133 602 1
134 592 3
135 772 3
135 581 1
135 870 1
135 936 3
135 170 1
135 334 2
135 178 1
135 371 1
135 628 1
135 942 2
135 549 1
136 915 6
136 316 5
139 323 1
141 978 1
142 316 5
149 362 1
149 716 1
149 866 2
149 423 3
150 415 2
151 253 3
153 977 9
157 356 1
157 517 1
157 166 1
157 746 1
157 684 1
157 334 3
157 686 1
157 535 2
157 586 1
157 542 1
157 607 1
158 731 1
159 704 1
159 290 3
159 707 2
159 517 1
159 646 1
159 200 1
159 746 1
159 343 1
159 334 2
159 239 1
159 784 1
159 178 1
159 963 1
159 500 1
159 214 9
159 695 3
159 251 1
159 220 1
159 607 1
160 530 1
160 571 6
160 629 8
161 571 2
164 322 5
164 528 2
164 853 1
164 310 1
164 638 3
165 207 3
165 401 7
165 344 2
165 316 7
166 782 1
166 743 2
167 978 1
168 416 2
168 260 1
168 966 1
168 935 2
168 232 4
168 782 4
168 912 9
168 472 1
168 356 3
169 372 1
170 855 1
171 933 1
173 506 1
173 541 1
178 214 1
178 409 7
178 538 8
178 923 3
178 415 1
178 295 7
178 693 7
178 607 1
178 249 7
178 710 8
178 333 8
178 976 7
178 470 7
178 599 7
178 605 7
178 862 7
178 991 7
178 228 8
178 231 1
178 499 1
178 502 11
178 633 1
178 890 1
178 767 8
181 1004 1
181 189 3
181 190 6
184 633 2
184 843 2
186 256 1
186 517 1
187 568 1
187 450 1
188 978 1
188 851 1
188 421 2
189 904 2
189 236 3
189 652 2
189 410 5
189 550 2
189 201 2
189 716 2
189 718 4
189 595 2
189 470 2
189 605 2
189 1004 2
189 365 2
189 249 2
189 506 2
190 353 9
190 614 1
190 658 1
190 656 7
190 274 6
190 629 1
190 373 7
191 416 1
191 499 1
191 915 4
191 692 1
191 927 2
192 506 2
192 381 1
193 707 2
193 454 1
193 617 2
193 633 1
199 772 2
199 644 3
199 996 1
199 506 1
200 971 3
200 915 4
200 341 1
200 952 4
200 316 4
205 528 3
206 534 1
207 558 2
207 978 1
207 547 1
207 630 1
207 795 1
207 990 1
208 977 2
208 236 1
209 472 1
209 356 3
214 772 1
214 776 1
214 940 3
214 530 1
214 835 1
214 278 5
214 920 1
214 923 8
214 290 5
214 987 1
214 684 1
214 687 2
214 306 2
214 692 1
214 569 1
214 544 1
214 578 1
214 707 2
214 324 1
214 844 1
214 334 1
214 720 1
214 851 1
214 852 1
214 472 1
214 731 1
214 220 1
214 865 1
214 738 1
214 743 1
214 746 3
214 371 1
214 629 2
214 633 2
214 765 1
216 321 1
216 618 1
216 565 1
216 558 3
220 890 5
223 322 1
223 510 1
223 310 1
228 605 2
228 502 2
229 607 1
231 738 2
231 693 2
231 502 2
231 698 1
231 987 6
231 245 1
232 416 2
232 782 2
232 912 2
232 472 8
232 415 3
233 692 1
233 364 1
233 245 1
236 898 2
236 716 1
236 977 3
236 537 3
239 809 1
239 663 1
239 951 1
241 547 1
245 994 1
245 772 1
245 764 1
245 264 2
245 329 1
245 624 1
245 698 1
245 987 6
245 540 1
246 724 1
246 423 1
250 823 1
250 927 2
250 535 1
251 994 1
251 987 6
251 687 1
253 290 1
253 566 3
256 416 3
256 356 1
256 517 2
256 267 1
256 648 1
256 478 1
256 313 1
256 765 4
256 868 1
260 416 1
260 586 1
260 912 2
260 762 1
267 803 2
267 517 3
267 466 1
267 662 1
268 592 1
269 540 1
272 450 4
272 900 1
274 841 2
274 647 2
275 849 3
277 571 2
277 723 1
280 658 1
280 629 3
284 731 1
284 422 2
285 571 2
290 589 1
291 401 3
291 429 1
291 454 3
292 364 1
294 586 5
294 334 2
299 634 1
301 978 4
301 547 1
301 647 2
302 428 3
302 316 4
305 425 2
306 692 1
306 742 2
310 322 1
310 368 1
311 697 1
311 987 6
311 540 1
311 955 2
316 344 3
316 647 4
316 392 4
316 971 5
316 428 6
316 915 3
316 953 5
316 952 5
316 857 4
316 543 4
316 990 4
317 374 4
318 684 4
318 934 1
319 386 1
319 558 1
319 918 1
319 565 1
321 684 3
322 879 1
322 343 9
324 832 1
324 586 2
324 534 1
327 381 4
329 624 1
329 819 1
329 910 1
332 435 1
332 500 1
332 782 3
332 575 3
334 900 1
334 517 3
334 776 1
334 915 1
334 534 2
334 535 3
334 542 1
334 416 1
334 775 1
334 684 1
334 692 2
334 443 1
334 450 1
334 835 1
334 586 1
334 607 2
334 356 1
334 742 2
334 617 1
335 468 3
337 505 3
337 634 2
337 695 2
337 780 1
338 641 2
338 994 1
338 987 7
338 540 6
341 739 1
341 915 1
343 950 1
344 971 1
344 543 1
347 590 1
347 933 2
347 966 1
349 838 2
353 891 3
356 517 2
356 743 2
356 557 1
356 912 2
356 416 1
356 535 1
356 472 11
356 730 1
356 765 3
360 530 2
360 629 5
361 987 6
362 428 1
362 909 1
362 383 4
364 987 6
369 535 1
372 404 1
377 422 1
377 423 3
377 586 2
377 716 2
377 718 3
377 530 1
377 729 1
379 568 1
380 712 1
381 1001 2
381 506 1
383 528 1
383 922 1
383 589 2
383 909 1
388 843 1
388 879 1
392 674 3
392 803 1
393 843 4
394 571 4
397 671 1
397 975 1
401 454 10
401 429 6
401 415 4
402 559 2
404 506 1
407 843 1
409 506 1
409 710 1
410 650 1
410 719 1
410 977 2
410 663 3
413 746 5
413 927 4
413 935 14
414 772 2
415 587 1
415 462 1
416 517 1
416 927 2
416 803 1
416 949 1
416 586 1
416 472 2
416 743 1
416 573 1
416 752 1
416 500 1
418 977 3
418 996 3
421 424 1
421 978 1
421 547 1
421 647 3
422 680 2
422 731 4
423 866 3
423 644 2
423 1001 2
423 702 1
424 795 2
424 978 1
424 547 1
424 990 3
427 955 2
428 915 4
428 857 1
429 454 7
432 987 6
433 738 1
433 987 8
435 500 2
438 818 1
440 664 1
440 737 2
442 537 1
443 662 1
444 927 2
444 535 4
447 586 1
450 802 4
450 571 3
450 900 4
450 595 5
450 662 4
450 695 1
450 568 1
450 572 4
454 713 1
454 592 5
458 577 3
458 684 2
458 565 1
469 978 1
472 743 3
472 782 8
472 912 3
472 765 1
478 517 1
482 987 6
482 990 1
485 927 1
491 506 1
493 561 1
493 978 3
493 530 2
493 629 7
497 977 2
499 752 2
499 684 1
499 558 1
500 515 1
500 586 4
502 532 3
502 605 2
502 511 1
506 996 1
506 1001 2
506 951 1
506 599 1
506 688 1
506 772 1
506 745 1
506 644 3
506 924 1
506 702 1
509 634 2
512 978 1
512 547 1
513 927 1
513 535 1
515 586 1
515 927 2
516 761 1
516 532 2
517 803 1
517 648 1
517 535 1
517 772 1
526 772 2
526 629 5
527 870 1
528 692 2
530 571 8
530 746 1
530 629 4
530 891 8
531 987 6
532 790 4
532 700 1
534 939 1
534 772 1
534 571 1
535 586 1
535 684 1
535 722 1
535 823 1
535 607 1
535 542 1
535 927 6
540 641 7
540 994 2
540 955 3
540 840 2
540 873 1
540 633 4
540 890 2
540 987 12
540 698 1
540 543 2
541 738 2
542 646 1
542 746 1
542 571 1
543 952 1
543 971 1
547 978 2
547 851 1
547 795 1
547 957 1
549 772 2
552 978 1
552 858 1
552 951 1
553 688 1
557 912 2
558 672 1
558 684 3
558 565 1
558 956 1
559 622 9
561 629 5
561 846 2
563 731 1
565 672 1
565 684 4
565 956 1
565 926 1
571 900 6
571 742 8
571 870 2
571 935 2
571 776 5
571 684 3
571 910 1
571 885 1
571 663 3
573 586 1
575 782 3
577 686 1
581 936 1
581 855 4
582 987 6
584 731 1
586 868 1
586 782 1
586 752 2
586 885 1
586 854 2
586 984 7
591 915 1
591 692 1
592 713 2
592 923 2
592 927 3
594 1002 1
595 934 7
599 605 3
602 743 7
607 833 1
607 646 1
609 854 4
612 633 1
614 978 2
617 833 1
622 676 7
624 873 1
629 658 7
629 685 5
629 846 4
629 630 5
629 631 5
629 890 2
629 891 7
633 870 2
633 915 1
633 858 1
634 832 1
634 788 2
634 638 1
638 706 1
638 890 2
641 987 8
646 854 1
646 927 1
648 765 4
648 885 1
649 663 1
650 682 1
650 738 1
650 654 2
650 783 1
654 738 1
654 991 6
654 682 1
654 783 1
658 731 1
662 802 1
663 951 2
669 797 1
672 918 1
674 803 5
679 684 1
680 790 1
682 738 1
682 772 1
682 850 3
684 704 2
684 844 4
684 918 1
684 956 2
685 1001 2
685 724 3
692 742 3
692 746 12
692 798 3
692 955 4
692 830 2
697 855 2
697 925 2
698 764 1
698 840 1
698 873 1
698 987 6
704 743 1
707 880 2
707 951 2
708 866 1
711 843 1
715 931 1
716 866 2
716 718 4
718 866 1
718 843 1
718 915 1
718 980 1
719 783 1
720 890 1
722 927 2
724 1001 2
731 951 1
738 783 1
738 921 1
738 761 3
738 923 4
739 935 1
742 993 1
742 771 1
742 900 2
742 746 1
742 784 2
746 935 18
746 923 3
758 844 1
758 956 2
758 918 1
761 783 1
761 881 1
761 850 1
761 790 2
762 794 2
764 987 6
765 908 7
772 994 2
772 805 1
772 809 1
773 955 2
774 947 25
774 951 1
783 837 1
789 987 6
790 812 2
790 956 1
794 841 1
795 978 2
809 987 6
817 978 1
819 836 1
840 987 6
843 907 2
843 883 2
844 918 2
844 935 3
844 956 1
849 987 6
851 978 1
854 918 2
854 890 2
854 927 1
857 915 4
858 991 3
872 987 6
873 987 6
890 997 1
912 949 1
915 971 1
915 953 1
918 956 1
925 987 6
925 955 2
933 966 2
935 966 1
954 978 1
955 987 7
957 978 1
977 996 1
977 1004 1
978 988 1
987 994 6
