0
1
2
3
4
5
6
7
8
9
10
11
12
13
14
15
16
17
18
19
20
21
22
23
24
25
26
27
28
29
30
31
32
33
34
35
36
37
38
39
40
41
42
43
44
45
46
47
48
49
50
51
52
53
54
55
56
57
58
59
60
61
62
63
64
65
66
67
68
69
70
71
72
73
74
75
76
77
78
79
80
81
82
83
84
85
86
87
88
89
90
91
92
93
94
95
96
97
98
99
100
101
102
103
104
105
106
107
108
109
110
111
112
113
114
115
116
117
118
119
120
121
122
123
124
125
126
127
128
129
130
131
132
133
134
135
136
137
138
139
141
142
143
144
145
146
147
148
149
150
151
152
153
154
155
157
158
159
160
161
162
163
164
165
166
167
168
169
170
171
172
173
174
175
176
177
178
179
180
181
182
183
184
185
186
187
188
189
190
191
192
193
194
195
196
197
198
199
200
201
202
203
204
205
206
207
208
209
210
211
212
213
214
215
216
217
218
219
220
221
222
223
224
225
226
227
228
229
230
231
232
233
235
236
237
238
239
240
241
242
243
244
245
246
247
248
249
250
251
252
253
254
255
256
257
259
260
262
263
264
265
266
267
268
269
270
271
272
273
274
275
276
277
278
279
280
281
282
283
284
285
286
287
288
289
290
291
292
293
294
295
296
297
299
300
301
302
303
304
305
306
307
308
309
310
311
312
313
314
315
316
317
318
319
320
321
322
323
324
325
326
327
328
329
330
331
332
333
334
335
336
337
338
339
340
341
343
344
345
346
347
348
349
350
351
352
353
355
356
357
358
359
360
361
362
364
365
366
367
368
369
370
371
372
373
374
375
376
377
378
379
380
381
382
383
384
385
386
387
388
389
390
391
392
393
394
395
396
397
398
399
400
401
402
403
404
405
406
407
408
409
410
411
412
413
414
415
416
418
419
420
421
422
423
424
425
426
427
428
429
430
431
432
433
434
435
436
437
438
439
440
441
442
443
444
445
446
447
448
449
450
451
452
453
454
455
456
457
458
459
460
461
462
464
465
466
467
468
469
470
471
472
473
474
475
476
477
478
479
480
481
482
483
484
485
486
487
488
489
490
491
492
493
495
496
497
498
499
500
501
502
503
504
505
506
507
508
509
510
511
512
513
514
515
516
517
518
519
520
521
522
523
524
525
526
527
528
530
531
532
533
534
535
536
537
538
539
540
541
542
543
544
545
546
547
548
549
550
551
552
553
554
556
557
558
559
560
561
562
563
564
565
566
567
568
569
570
571
572
573
574
575
576
577
578
579
580
581
582
583
584
585
586
587
588
589
590
591
592
593
594
595
596
597
598
599
600
601
602
603
604
605
606
607
609
610
611
612
613
614
615
616
617
618
619
621
622
623
624
625
626
627
628
629
630
631
632
633
634
635
636
637
638
639
640
641
642
643
644
645
646
647
648
649
650
651
652
653
654
655
656
657
658
659
660
661
662
663
664
665
666
667
668
669
670
671
672
673
674
675
676
677
678
679
680
681
682
683
684
685
686
687
688
689
690
691
692
693
694
695
696
697
698
699
700
701
702
703
704
705
706
707
708
709
710
711
712
713
714
715
716
717
718
719
720
721
722
723
724
725
726
727
728
729
730
731
732
733
734
735
736
737
738
739
740
741
742
743
744
745
746
747
748
749
750
751
752
753
754
756
757
758
759
760
761
762
763
764
765
767
768
769
770
771
772
773
774
775
776
777
778
779
780
781
782
783
784
785
786
787
788
789
790
791
792
793
794
795
796
797
798
799
800
801
802
803
804
805
806
807
808
809
810
811
812
813
814
815
816
817
818
819
820
821
822
823
824
825
826
827
828
829
830
831
832
833
834
835
836
837
838
839
840
841
842
843
844
845
846
847
848
849
850
851
852
853
854
855
856
857
858
859
860
861
862
863
864
865
866
867
868
869
870
871
872
873
874
875
876
877
878
879
880
881
882
883
884
885
886
887
888
889
890
891
892
893
894
895
896
897
898
899
900
901
902
903
904
905
906
907
908
909
910
911
912
913
914
915
916
917
918
919
920
921
922
923
924
925
926
927
928
929
930
931
932
933
934
935
936
937
938
939
940
941
942
943
944
945
946
947
948
949
950
951
952
953
954
955
956
957
958
960
961
962
963
964
965
966
967
968
969
970
971
972
973
974
975
976
977
978
979
980
981
982
983
984
985
986
987
988
989
990
991
992
993
994
995
996
997
998
999
1000
1001
1002
1003
1004
0 178 3
2 833 1
2 75 1
2 812 2
2 782 1
2 334 1
2 790 2
2 119 1
2 700 2
2 126 1
4 304 2
4 456 1
5 553 1
5 107 2
5 175 1
6 178 3
13 738 3
13 850 1
13 837 1
13 951 2
14 738 1
14 611 1
14 850 1
14 185 1
14 506 1
14 702 1
17 915 1
17 316 3
24 530 5
24 629 2
28 987 5
29 107 2
29 491 1
30 912 1
30 416 1
30 868 2
30 765 4
31 990 2
31 316 5
31 165 6
31 142 1
32 197 1
32 214 1
35 978 2
35 469 1
35 207 1
38 487 1
40 272 2
40 962 3
40 187 1
40 450 4
40 687 1
42 534 1
46 88 1
46 310 1
46 622 1
48 458 2
48 723 1
48 558 1
52 66 1
53 633 1
53 692 3
56 987 5
61 135 1
61 692 3
61 991 2
61 334 2
61 919 2
62 542 1
62 646 5
67 963 2
67 165 4
67 391 1
67 846 4
67 207 1
67 344 1
68 987 5
70 120 1
70 90 1
70 388 1
70 509 1
71 595 1
73 577 1
73 565 3
73 926 2
74 392 2
74 112 1
74 674 1
74 166 4
74 383 2
75 607 2
75 812 1
75 151 2
77 912 1
77 168 2
78 178 3
78 506 1
83 771 1
90 609 1
90 671 1
90 997 1
90 487 2
91 660 1
92 915 2
92 316 4
95 987 5
98 401 2
98 107 1
98 268 1
98 454 2
99 178 4
101 246 1
103 510 1
105 418 5
106 402 1
107 192 2
107 898 2
107 899 2
107 236 2
107 652 1
107 643 1
107 532 1
107 664 2
107 537 2
107 175 2
107 208 2
107 670 2
107 289 2
107 808 1
107 553 2
107 810 2
107 688 2
107 393 3
107 320 2
107 327 1
107 201 2
107 335 2
107 464 2
107 980 2
107 985 2
107 737 2
107 1004 3
107 118 2
107 468 1
107 381 2
112 730 1
112 948 3
112 674 1
112 517 1
117 268 1
118 502 2
119 465 1
120 865 2
120 660 4
120 534 2
120 775 1
122 693 1
125 622 2
126 256 1
126 133 1
126 166 1
126 232 1
126 812 1
126 790 2
126 700 1
129 926 1
130 599 1
133 602 2
134 168 1
135 549 2
135 170 1
135 942 4
135 371 1
135 692 2
135 628 4
135 915 1
136 428 1
136 915 1
136 316 5
136 165 1
141 978 3
142 915 4
142 316 5
147 577 3
147 931 2
147 933 2
147 715 2
147 972 2
147 171 3
147 748 3
147 590 2
147 355 3
147 277 2
147 890 1
147 347 2
147 285 2
147 926 7
147 686 3
149 716 1
149 293 1
151 253 1
157 577 1
157 926 1
160 530 2
160 629 2
165 207 4
165 401 9
165 344 4
165 857 1
165 316 8
166 416 1
166 573 1
167 851 1
167 978 2
167 915 1
167 469 1
168 416 1
168 868 1
168 232 1
168 912 12
168 472 1
168 949 7
168 439 4
168 984 1
171 926 1
173 506 1
173 850 1
173 738 1
173 582 1
175 327 1
175 423 1
175 335 2
175 849 2
175 275 2
178 409 3
178 538 3
178 929 3
178 295 3
178 693 3
178 569 3
178 314 3
178 710 3
178 333 5
178 976 3
178 339 3
178 470 3
178 599 6
178 605 9
178 862 5
178 991 3
178 228 3
178 231 1
178 243 2
178 502 5
178 249 3
178 767 3
185 657 1
187 568 1
188 280 1
188 978 3
188 469 1
188 229 1
189 977 2
189 502 2
192 506 1
193 416 2
193 633 2
193 714 2
193 443 1
196 401 1
197 850 1
199 644 1
199 850 1
199 996 1
199 738 1
199 654 1
200 971 3
200 316 6
200 915 2
206 622 2
207 558 1
207 428 1
207 302 1
207 424 1
207 978 1
207 469 1
207 954 2
207 795 1
207 988 1
207 990 1
207 373 1
214 290 1
214 940 1
214 915 2
214 692 1
214 854 3
214 923 2
214 316 3
220 383 3
223 343 1
224 915 1
224 316 3
225 951 1
229 421 1
229 374 1
231 874 1
231 987 6
231 540 2
231 338 1
232 912 1
232 472 2
232 575 1
236 537 1
241 469 1
243 718 5
245 874 1
245 987 5
245 764 1
246 724 1
246 423 1
249 929 1
251 987 5
256 721 1
260 912 1
266 912 1
267 674 1
267 948 3
268 633 1
268 291 1
268 713 1
270 850 1
270 738 1
275 849 2
277 746 1
277 926 1
278 423 2
280 547 1
280 316 1
280 530 3
280 629 2
280 281 1
285 926 1
288 484 1
288 629 2
288 846 3
288 391 1
289 506 1
293 568 1
293 697 2
293 724 1
293 585 1
294 817 3
301 978 1
301 988 1
301 469 1
302 316 3
304 936 2
304 441 1
306 771 1
310 343 1
311 987 5
311 955 1
313 472 2
313 416 1
314 976 1
314 929 2
314 710 1
316 647 4
316 915 13
316 923 3
316 428 6
316 948 1
316 952 4
316 953 6
316 543 3
316 971 4
316 344 3
316 857 9
316 349 3
316 990 4
316 888 3
317 771 2
318 934 1
320 1004 1
322 388 1
323 622 1
327 850 1
327 738 1
329 540 1
332 435 2
332 500 4
334 550 1
334 591 1
335 537 9
336 577 1
336 926 1
338 987 5
338 773 1
343 388 1
343 534 1
343 943 1
343 853 4
343 663 5
346 388 1
347 748 1
347 926 1
349 976 5
349 915 2
355 926 1
356 912 2
356 472 2
356 730 1
356 948 1
356 765 1
360 530 1
360 629 2
361 987 5
362 586 1
362 383 1
367 923 1
369 913 1
369 646 4
369 535 2
373 391 1
382 837 1
383 528 1
383 909 2
383 589 1
383 720 4
390 771 12
391 484 1
391 445 1
392 948 3
397 671 1
397 975 1
399 950 1
400 771 1
401 454 1
401 429 3
401 415 1
404 506 1
416 425 1
416 912 4
416 648 3
416 946 1
416 948 2
416 885 1
416 765 1
416 949 2
418 996 3
421 424 1
421 978 1
421 469 1
422 731 4
423 977 2
423 849 2
424 978 1
424 469 1
424 990 1
425 472 2
425 912 2
425 946 3
428 857 2
428 915 6
432 987 8
433 987 5
435 500 2
437 738 1
439 912 3
439 472 1
440 506 2
450 595 1
450 915 1
458 577 1
469 547 1
469 614 1
469 817 1
469 978 2
469 954 1
469 795 1
469 957 1
472 912 7
472 949 1
473 506 1
480 506 1
480 987 6
482 987 5
485 542 2
485 646 3
493 629 2
499 684 1
499 844 1
500 814 1
502 854 1
502 599 1
506 929 1
506 738 1
506 899 1
506 644 1
506 745 1
506 688 1
506 850 1
506 828 1
506 767 1
512 978 1
513 646 4
514 977 1
516 850 1
516 738 1
516 837 1
517 746 2
517 948 3
517 782 1
526 530 1
526 629 2
527 710 5
530 685 1
530 658 1
530 915 1
530 629 2
530 630 1
530 891 5
531 987 5
532 738 1
534 546 2
538 605 1
538 862 1
540 994 8
540 955 2
540 840 1
540 874 1
540 624 2
540 692 1
540 987 7
540 863 3
541 850 2
541 738 3
546 873 3
546 595 1
546 671 1
546 617 1
547 656 1
547 978 1
551 646 3
552 978 1
556 912 1
561 629 2
566 713 1
573 617 1
575 912 1
575 966 3
576 850 1
576 738 1
577 715 1
577 590 1
577 926 3
581 628 1
581 855 1
582 987 5
586 782 1
590 926 1
591 718 1
595 718 4
595 934 1
599 710 1
599 693 1
602 721 2
605 789 2
605 693 1
607 696 2
609 633 1
614 978 2
622 676 2
628 870 3
629 750 2
629 658 2
629 685 2
629 846 2
629 630 2
629 631 2
629 891 2
633 772 1
633 789 1
641 987 5
643 685 2
644 850 1
644 924 10
644 738 1
646 854 3
647 915 1
650 738 3
650 682 2
650 850 1
650 654 1
650 783 1
654 738 1
654 837 1
654 682 1
654 850 1
654 991 3
657 850 1
657 738 1
662 915 1
662 900 1
663 950 1
668 720 1
668 746 1
668 935 2
674 948 3
680 731 1
682 738 2
682 783 1
686 926 1
687 812 1
697 855 1
697 925 1
698 987 5
699 912 1
700 812 1
700 790 1
702 850 1
702 738 1
703 771 2
710 929 1
715 926 2
718 754 1
719 738 3
719 850 1
719 837 1
724 951 1
730 912 5
730 868 1
731 739 1
731 915 1
737 849 1
738 783 4
738 921 2
738 923 3
738 924 1
738 945 1
738 828 2
738 837 5
738 850 2
738 979 1
738 996 2
738 745 3
738 881 1
738 1001 1
738 761 2
742 915 1
745 850 1
745 828 1
745 837 1
746 813 3
746 935 3
748 933 1
748 926 1
751 948 3
764 874 1
764 987 5
765 912 4
765 868 1
771 863 1
774 947 22
780 977 1
783 837 2
789 987 5
790 812 3
795 978 1
796 987 5
803 948 4
804 850 1
809 987 5
813 935 1
817 978 1
817 851 2
828 850 1
832 976 1
837 850 1
838 857 2
840 874 1
840 987 5
849 987 5
850 921 1
850 945 1
850 979 1
850 996 1
850 1001 1
850 881 1
851 978 3
851 915 1
857 915 2
858 991 3
868 912 1
872 987 5
873 987 5
873 874 1
883 951 1
888 990 1
910 923 1
912 949 10
915 920 1
915 952 1
915 953 2
915 971 1
925 987 5
926 931 1
926 933 1
926 972 1
950 977 2
954 978 2
955 987 5
957 978 1
977 1004 2
978 988 1
987 994 6
