0
1
2
3
4
5
6
7
8
9
10
11
12
13
14
15
16
17
18
19
20
21
22
23
24
25
26
27
28
29
30
31
32
33
34
35
36
37
38
39
40
41
42
43
44
45
46
47
48
49
50
51
52
53
54
55
56
57
58
59
60
61
62
63
64
65
66
67
68
69
70
71
72
73
74
75
76
77
78
79
80
81
82
83
84
85
86
87
88
89
90
91
92
93
94
95
96
97
98
99
100
101
102
103
104
105
106
107
108
109
110
111
112
113
114
115
116
117
118
119
120
121
122
123
124
125
126
127
128
129
130
131
132
133
134
135
136
137
138
139
141
142
143
144
145
146
147
148
149
150
151
152
153
154
155
157
158
159
160
161
162
163
164
165
166
167
168
169
170
171
172
173
174
175
176
177
178
179
180
181
182
183
184
185
186
187
188
189
190
191
192
193
194
195
196
197
198
199
200
201
202
203
204
205
206
207
208
209
210
211
212
213
214
215
216
217
218
219
220
221
222
223
224
225
226
227
228
229
230
231
232
233
235
236
237
238
239
240
241
242
243
244
245
246
247
248
249
250
251
252
253
254
255
256
257
259
260
262
263
264
265
266
267
268
269
270
271
272
273
274
275
276
277
278
279
280
281
282
283
284
285
286
287
288
289
290
291
292
293
294
295
296
297
299
300
301
302
303
304
305
306
307
308
309
310
311
312
313
314
315
316
317
318
319
320
321
322
323
324
325
326
327
328
329
330
331
332
333
334
335
336
337
338
339
340
341
343
344
345
346
347
348
349
350
351
352
353
355
356
357
358
359
360
361
362
364
365
366
367
368
369
370
371
372
373
374
375
376
377
378
379
380
381
382
383
384
385
386
387
388
389
390
391
392
393
394
395
396
397
398
399
400
401
402
403
404
405
406
407
408
409
410
411
412
413
414
415
416
418
419
420
421
422
423
424
425
426
427
428
429
430
431
432
433
434
435
436
437
438
439
440
441
442
443
444
445
446
447
448
449
450
451
452
453
454
455
456
457
458
459
460
461
462
464
465
466
467
468
469
470
471
472
473
474
475
476
477
478
479
480
481
482
483
484
485
486
487
488
489
490
491
492
493
495
496
497
498
499
500
501
502
503
504
505
506
507
508
509
510
511
512
513
514
515
516
517
518
519
520
521
522
523
524
525
526
527
528
530
531
532
533
534
535
536
537
538
539
540
541
542
543
544
545
546
547
548
549
550
551
552
553
554
556
557
558
559
560
561
562
563
564
565
566
567
568
569
570
571
572
573
574
575
576
577
578
579
580
581
582
583
584
585
586
587
588
589
590
591
592
593
594
595
596
597
598
599
600
601
602
603
604
605
606
607
609
610
611
612
613
614
615
616
617
618
619
621
622
623
624
625
626
627
628
629
630
631
632
633
634
635
636
637
638
639
640
641
642
643
644
645
646
647
648
649
650
651
652
653
654
655
656
657
658
659
660
661
662
663
664
665
666
667
668
669
670
671
672
673
674
675
676
677
678
679
680
681
682
683
684
685
686
687
688
689
690
691
692
693
694
695
696
697
698
699
700
701
702
703
704
705
706
707
708
709
710
711
712
713
714
715
716
717
718
719
720
721
722
723
724
725
726
727
728
729
730
731
732
733
734
735
736
737
738
739
740
741
742
743
744
745
746
747
748
749
750
751
752
753
754
756
757
758
759
760
761
762
763
764
765
767
768
769
770
771
772
773
774
775
776
777
778
779
780
781
782
783
784
785
786
787
788
789
790
791
792
793
794
795
796
797
798
799
800
801
802
803
804
805
806
807
808
809
810
811
812
813
814
815
816
817
818
819
820
821
822
823
824
825
826
827
828
829
830
831
832
833
834
835
836
837
838
839
840
841
842
843
844
845
846
847
848
849
850
851
852
853
854
855
856
857
858
859
860
861
862
863
864
865
866
867
868
869
870
871
872
873
874
875
876
877
878
879
880
881
882
883
884
885
886
887
888
889
890
891
892
893
894
895
896
897
898
899
900
901
902
903
904
905
906
907
908
909
910
911
912
913
914
915
916
917
918
919
920
921
922
923
924
925
926
927
928
929
930
931
932
933
934
935
936
937
938
939
940
941
942
943
944
945
946
947
948
949
950
951
952
953
954
955
956
957
958
960
961
962
963
964
965
966
967
968
969
970
971
972
973
974
975
976
977
978
979
980
981
982
983
984
985
986
987
988
989
990
991
992
993
994
995
996
997
998
999
1000
1001
1002
1003
1004
0 178 2
2 812 1
2 692 1
2 790 3
4 304 1
4 371 1
6 178 1
8 544 2
13 443 1
14 506 3
14 924 1
14 783 1
15 731 2
15 943 1
17 915 1
24 630 3
25 48 1
28 987 1
29 724 1
30 104 1
30 362 2
30 908 1
30 765 1
31 915 1
31 428 1
31 165 6
31 990 3
32 197 1
35 978 1
38 638 1
40 450 1
40 53 2
41 48 1
42 638 2
48 1000 2
48 458 1
48 558 1
48 723 1
48 216 1
48 956 1
48 319 1
50 559 1
52 356 2
52 267 1
52 912 1
52 721 1
52 765 3
52 126 1
53 866 1
53 166 1
53 518 1
53 850 1
53 443 2
53 316 1
56 987 1
61 178 3
61 915 1
61 502 1
61 742 1
62 513 1
62 250 3
62 799 1
65 963 3
65 997 1
65 435 1
65 687 1
65 752 1
65 147 4
65 220 2
67 963 6
67 165 6
67 391 2
67 846 4
67 207 2
67 344 2
68 987 1
75 772 4
77 168 1
77 500 2
77 935 1
78 832 1
78 929 1
78 178 1
86 443 4
88 638 1
89 127 1
90 832 1
90 101 1
90 765 2
90 356 2
90 134 1
90 742 2
90 105 1
90 850 1
90 143 4
90 912 1
90 178 2
90 948 1
90 791 1
90 541 1
90 669 1
90 671 3
91 499 1
92 915 1
92 838 1
92 990 2
95 987 1
98 707 4
98 454 3
98 134 4
98 713 4
98 107 4
98 268 4
98 429 2
98 401 4
98 117 4
98 278 3
99 178 1
99 502 1
99 207 1
101 246 1
104 648 1
105 418 3
105 742 1
106 638 3
107 367 1
109 913 2
112 356 1
113 646 1
114 980 1
118 732 2
120 772 5
120 454 1
120 198 1
120 433 1
120 752 3
120 742 3
120 948 1
120 196 2
120 191 2
122 693 1
125 676 1
125 622 1
126 586 7
126 782 1
126 721 1
126 790 3
126 573 1
127 716 1
132 337 2
133 602 1
135 942 1
136 915 1
136 165 1
139 323 1
141 469 1
141 630 2
142 915 4
142 351 1
143 544 1
147 931 3
147 933 3
147 715 3
147 577 4
147 972 3
147 171 3
147 748 3
147 590 3
147 157 1
147 355 3
147 277 3
147 347 3
147 285 3
147 926 3
147 686 3
149 372 3
151 253 1
157 248 2
157 450 1
157 915 1
157 334 1
160 530 1
160 629 1
163 895 3
164 879 2
164 943 1
164 343 1
165 207 2
165 401 5
165 915 1
165 316 1
165 990 2
167 274 1
167 978 1
168 356 10
168 232 3
168 425 1
168 556 1
168 912 20
168 648 2
168 948 2
168 949 2
168 790 3
168 313 2
168 472 13
168 260 5
168 730 2
168 765 1
168 868 1
169 595 1
169 372 3
173 506 1
178 409 1
178 538 1
178 669 3
178 929 1
178 295 1
178 990 2
178 693 2
178 569 1
178 314 1
178 710 1
178 333 2
178 976 2
178 339 1
178 470 1
178 599 1
178 605 14
178 862 2
178 991 1
178 228 1
178 367 1
178 752 1
178 502 4
178 249 1
178 767 1
181 656 1
181 353 2
181 274 1
181 920 1
184 1004 2
187 450 1
188 851 1
189 497 1
189 883 2
189 724 3
189 249 2
195 934 1
200 316 1
200 971 2
200 915 3
200 351 1
206 622 1
207 428 2
207 469 1
207 630 2
207 953 1
207 795 1
207 988 1
207 990 3
214 290 3
214 841 1
214 951 1
214 367 1
214 912 3
214 595 2
214 887 2
214 890 1
214 316 2
216 458 3
216 558 1
220 367 1
223 334 1
224 915 1
224 349 2
225 951 2
229 692 5
229 334 1
231 338 1
231 947 1
231 540 3
231 987 1
231 511 1
232 912 1
232 425 5
232 946 1
233 692 3
233 935 3
239 624 3
239 951 1
243 367 1
245 987 1
245 540 1
246 724 1
248 891 9
248 740 1
248 670 3
250 356 1
251 987 1
256 416 2
256 313 1
256 356 6
260 266 15
260 790 4
266 949 2
267 586 1
267 435 7
267 790 4
267 984 3
267 700 1
270 923 1
273 951 1
274 920 1
274 978 3
274 951 1
278 290 1
278 334 1
280 851 2
280 846 5
284 731 3
288 484 1
288 846 2
288 391 6
293 568 2
293 697 3
293 862 5
294 586 1
302 915 1
306 450 1
306 915 1
310 524 2
311 955 1
311 987 1
313 356 3
313 648 3
313 946 4
313 765 2
314 929 1
316 428 3
316 367 1
316 915 2
316 990 1
316 351 2
318 472 1
318 499 2
318 684 1
321 499 1
322 879 3
323 706 1
323 399 1
323 951 1
324 337 1
324 367 1
327 414 1
332 674 1
332 362 1
332 573 1
332 435 3
332 500 2
332 586 1
333 538 1
333 767 1
334 450 1
334 772 1
334 684 1
334 718 1
334 367 1
334 687 1
334 915 1
334 692 1
334 696 1
334 923 1
335 790 1
337 603 2
337 919 2
338 987 1
338 540 1
343 950 5
343 399 2
344 915 1
347 472 1
349 976 2
349 915 1
351 857 2
351 915 1
353 391 8
356 450 1
356 868 1
356 517 2
356 425 2
356 586 1
356 730 1
356 765 10
356 912 8
356 721 2
356 915 1
356 948 8
356 472 8
356 542 2
360 526 3
361 987 1
362 383 8
367 776 1
367 940 1
367 530 1
367 835 1
367 920 1
367 544 1
367 731 1
367 809 1
367 684 1
367 435 1
367 692 1
367 951 1
367 963 1
367 812 1
367 844 1
367 720 1
367 852 1
367 987 1
367 865 1
367 738 1
367 743 1
367 371 1
367 629 1
372 934 1
372 716 2
372 404 3
372 951 1
373 391 4
377 866 1
377 685 1
378 603 1
381 506 1
383 720 3
383 810 2
383 887 1
388 534 3
388 742 2
391 610 2
391 484 2
391 750 4
401 429 3
401 454 2
401 415 5
404 595 3
414 891 3
414 995 1
415 811 2
415 429 3
415 833 2
416 948 1
418 996 3
418 977 1
421 424 1
421 978 1
421 795 1
422 731 1
424 978 1
424 795 1
424 990 2
425 721 1
425 912 5
425 948 3
425 472 1
425 765 4
427 955 1
427 540 1
428 838 1
428 915 7
428 953 1
432 987 1
433 987 2
435 586 4
435 782 3
435 948 5
435 984 2
443 945 1
443 662 4
450 742 1
450 586 1
450 684 1
450 530 1
450 718 1
450 912 1
450 915 2
454 609 1
458 956 3
466 947 3
469 630 2
471 752 1
472 744 1
472 912 3
472 946 1
472 765 1
474 832 1
474 951 2
479 980 4
480 987 1
482 531 1
482 990 1
482 987 1
484 630 2
485 646 1
499 833 1
499 1000 1
499 558 1
499 723 2
500 790 2
500 814 4
502 710 3
502 976 1
502 693 2
503 723 5
505 603 1
506 644 2
506 783 1
506 924 3
506 541 1
509 603 1
509 939 1
510 622 2
510 534 2
514 603 1
516 790 1
517 765 2
518 895 4
518 542 1
518 799 5
526 530 1
527 720 2
528 772 1
530 915 1
530 891 2
531 987 1
534 622 1
534 862 2
540 987 1
540 581 2
540 819 1
540 697 1
540 955 4
541 738 1
541 850 2
542 948 3
542 586 3
542 765 3
543 915 1
544 669 2
546 609 1
547 862 2
548 612 1
551 895 1
551 799 2
553 670 3
559 622 1
565 704 1
565 723 1
566 713 1
573 586 2
577 926 1
582 987 1
584 731 2
586 648 3
586 812 1
586 782 13
586 915 1
586 948 2
586 790 2
586 984 4
586 700 1
587 807 1
595 696 1
599 693 5
599 878 2
602 765 8
603 780 1
603 822 1
603 735 1
609 633 1
609 772 2
609 951 2
614 991 1
622 676 2
630 790 11
638 740 1
638 906 1
638 788 1
638 790 3
638 700 2
638 862 2
641 987 1
644 924 1
647 915 1
648 721 2
648 948 1
649 951 1
650 682 1
650 738 1
650 654 1
650 783 1
654 738 1
654 991 6
654 783 1
662 900 1
663 950 1
668 746 1
668 935 2
674 751 1
684 1000 1
684 915 1
692 835 1
692 775 1
692 749 1
692 700 1
697 784 2
697 925 2
697 855 3
698 987 1
700 812 4
700 862 3
700 790 1
707 951 1
718 915 2
720 833 3
720 935 2
720 746 1
720 855 1
721 765 2
724 921 4
724 1004 2
740 879 2
742 765 1
746 813 2
746 935 2
764 987 1
765 912 6
765 948 2
765 868 1
779 843 1
782 790 2
783 881 1
789 987 1
790 812 6
796 987 1
799 895 1
809 987 1
813 935 3
833 915 1
840 987 1
843 907 2
849 987 1
857 915 1
872 987 1
873 987 1
878 929 1
891 995 1
912 984 2
912 915 1
912 948 6
912 949 1
915 952 1
915 953 1
915 971 1
915 990 1
921 1001 1
953 957 1
955 987 2
957 990 1
969 977 2
987 994 1
