0
1
2
3
4
5
6
7
8
9
10
11
12
13
14
15
16
17
18
19
20
21
22
23
24
25
26
27
28
29
30
31
32
33
34
35
36
37
38
39
40
41
42
43
44
45
46
47
48
49
50
51
52
53
54
55
56
57
58
59
60
61
62
63
64
65
66
67
68
69
70
71
72
73
74
75
76
77
78
79
80
81
82
83
84
85
86
87
88
89
90
91
92
93
94
95
96
97
98
99
100
101
102
103
104
105
106
107
108
109
110
111
112
113
114
115
116
117
118
119
120
121
122
123
124
125
126
127
128
129
130
131
132
133
134
135
136
137
138
139
141
142
143
144
145
146
147
148
149
150
151
152
153
154
155
157
158
159
160
161
162
163
164
165
166
167
168
169
170
171
172
173
174
175
176
177
178
179
180
181
182
183
184
185
186
187
188
189
190
191
192
193
194
195
196
197
198
199
200
201
202
203
204
205
206
207
208
209
210
211
212
213
214
215
216
217
218
219
220
221
222
223
224
225
226
227
228
229
230
231
232
233
235
236
237
238
239
240
241
242
243
244
245
246
247
248
249
250
251
252
253
254
255
256
257
259
260
262
263
264
265
266
267
268
269
270
271
272
273
274
275
276
277
278
279
280
281
282
283
284
285
286
287
288
289
290
291
292
293
294
295
296
297
299
300
301
302
303
304
305
306
307
308
309
310
311
312
313
314
315
316
317
318
319
320
321
322
323
324
325
326
327
328
329
330
331
332
333
334
335
336
337
338
339
340
341
343
344
345
346
347
348
349
350
351
352
353
355
356
357
358
359
360
361
362
364
365
366
367
368
369
370
371
372
373
374
375
376
377
378
379
380
381
382
383
384
385
386
387
388
389
390
391
392
393
394
395
396
397
398
399
400
401
402
403
404
405
406
407
408
409
410
411
412
413
414
415
416
418
419
420
421
422
423
424
425
426
427
428
429
430
431
432
433
434
435
436
437
438
439
440
441
442
443
444
445
446
447
448
449
450
451
452
453
454
455
456
457
458
459
460
461
462
464
465
466
467
468
469
470
471
472
473
474
475
476
477
478
479
480
481
482
483
484
485
486
487
488
489
490
491
492
493
495
496
497
498
499
500
501
502
503
504
505
506
507
508
509
510
511
512
513
514
515
516
517
518
519
520
521
522
523
524
525
526
527
528
530
531
532
533
534
535
536
537
538
539
540
541
542
543
544
545
546
547
548
549
550
551
552
553
554
556
557
558
559
560
561
562
563
564
565
566
567
568
569
570
571
572
573
574
575
576
577
578
579
580
581
582
583
584
585
586
587
588
589
590
591
592
593
594
595
596
597
598
599
600
601
602
603
604
605
606
607
609
610
611
612
613
614
615
616
617
618
619
621
622
623
624
625
626
627
628
629
630
631
632
633
634
635
636
637
638
639
640
641
642
643
644
645
646
647
648
649
650
651
652
653
654
655
656
657
658
659
660
661
662
663
664
665
666
667
668
669
670
671
672
673
674
675
676
677
678
679
680
681
682
683
684
685
686
687
688
689
690
691
692
693
694
695
696
697
698
699
700
701
702
703
704
705
706
707
708
709
710
711
712
713
714
715
716
717
718
719
720
721
722
723
724
725
726
727
728
729
730
731
732
733
734
735
736
737
738
739
740
741
742
743
744
745
746
747
748
749
750
751
752
753
754
756
757
758
759
760
761
762
763
764
765
767
768
769
770
771
772
773
774
775
776
777
778
779
780
781
782
783
784
785
786
787
788
789
790
791
792
793
794
795
796
797
798
799
800
801
802
803
804
805
806
807
808
809
810
811
812
813
814
815
816
817
818
819
820
821
822
823
824
825
826
827
828
829
830
831
832
833
834
835
836
837
838
839
840
841
842
843
844
845
846
847
848
849
850
851
852
853
854
855
856
857
858
859
860
861
862
863
864
865
866
867
868
869
870
871
872
873
874
875
876
877
878
879
880
881
882
883
884
885
886
887
888
889
890
891
892
893
894
895
896
897
898
899
900
901
902
903
904
905
906
907
908
909
910
911
912
913
914
915
916
917
918
919
920
921
922
923
924
925
926
927
928
929
930
931
932
933
934
935
936
937
938
939
940
941
942
943
944
945
946
947
948
949
950
951
952
953
954
955
956
957
958
960
961
962
963
964
965
966
967
968
969
970
971
972
973
974
975
976
977
978
979
980
981
982
983
984
985
986
987
988
989
990
991
992
993
994
995
996
997
998
999
1000
1001
1002
1003
1004
0 249 1
0 178 3
2 700 1
2 948 1
2 119 2
4 135 2
5 506 5
5 175 2
6 506 4
6 178 2
13 850 1
13 516 1
14 506 3
14 516 1
14 850 1
14 410 1
15 731 3
16 19 1
24 90 3
24 891 4
24 629 2
25 844 1
25 558 1
28 738 1
28 987 2
28 231 4
29 506 5
30 356 1
30 765 1
31 857 1
31 316 2
31 165 4
32 915 1
32 92 2
32 718 1
35 988 1
38 586 1
38 309 2
40 572 1
40 214 1
41 758 1
45 66 1
48 1000 1
48 458 1
48 758 1
50 559 2
53 633 2
53 540 1
53 245 1
56 987 2
58 909 2
61 522 2
61 782 1
61 550 1
62 800 13
62 163 2
66 782 3
67 963 3
67 165 3
67 391 1
67 846 1
67 207 1
67 920 1
68 987 2
70 334 1
70 343 1
71 595 1
73 758 1
74 984 1
74 112 1
74 586 2
74 392 3
74 974 2
75 546 2
75 772 1
75 742 2
75 135 1
75 334 1
75 951 4
77 168 1
78 178 2
78 99 1
82 135 2
83 161 1
83 742 1
84 337 1
86 152 1
86 443 1
87 160 1
88 906 5
90 784 1
90 771 1
90 168 2
90 746 1
90 720 1
90 850 1
90 948 1
90 854 4
90 506 1
90 671 1
91 951 1
92 349 2
95 987 2
96 337 3
98 707 2
98 268 1
99 178 2
104 648 2
104 425 22
104 765 2
104 721 1
105 418 16
105 582 1
106 337 1
111 648 1
112 392 1
112 313 1
112 356 1
112 472 1
114 977 1
114 189 2
117 268 1
118 502 1
120 416 1
120 772 1
120 425 2
120 660 2
120 948 2
120 868 1
120 703 2
122 428 1
122 693 2
125 323 1
125 139 1
126 232 2
126 721 3
126 435 1
126 790 8
129 926 1
131 850 1
134 738 1
135 581 2
135 870 2
135 617 1
135 170 3
135 942 1
135 371 3
135 628 2
135 214 1
136 165 1
136 207 1
139 487 2
141 214 1
142 207 1
147 347 1
147 926 1
150 962 1
150 435 2
150 629 1
157 229 1
159 724 1
159 214 1
160 288 1
160 530 1
160 629 3
160 630 1
163 913 1
164 638 2
164 343 2
165 838 1
165 401 1
165 344 6
165 857 1
165 316 3
165 990 1
166 743 2
167 817 1
167 988 2
167 630 3
167 838 1
168 416 5
168 260 1
168 648 2
168 356 2
168 266 2
168 912 13
168 984 1
168 946 2
168 948 2
168 439 1
168 472 6
168 868 3
168 586 2
169 595 1
170 855 1
170 245 2
170 581 1
173 850 1
173 516 1
173 506 1
175 849 3
175 275 4
178 214 1
178 409 2
178 538 2
178 929 2
178 295 2
178 693 2
178 569 2
178 314 2
178 710 2
178 333 2
178 976 2
178 339 2
178 470 2
178 599 2
178 605 8
178 862 2
178 991 2
178 228 2
178 502 5
178 249 2
178 767 2
181 851 1
181 630 4
184 832 1
184 843 1
187 450 1
188 229 1
189 1004 2
189 506 2
190 629 1
193 736 1
193 633 1
193 946 3
193 910 1
193 550 4
197 850 1
197 586 1
199 506 1
199 516 1
199 850 1
200 952 10
207 293 3
207 558 1
207 469 1
207 953 1
207 795 1
207 349 3
207 990 3
207 373 2
214 515 1
214 775 1
214 776 1
214 530 1
214 531 1
214 278 1
214 920 1
214 544 1
214 692 1
214 569 1
214 316 1
214 963 1
214 334 1
214 720 1
214 220 1
214 865 1
214 738 1
214 356 1
214 742 5
214 746 1
214 367 3
214 371 1
214 629 1
214 763 1
216 558 2
223 415 2
224 349 2
228 605 1
229 428 1
229 334 1
229 696 1
229 851 1
229 692 1
229 534 1
229 248 2
229 410 1
229 915 1
229 607 3
231 736 3
231 738 1
231 840 2
231 874 2
231 245 2
231 987 2
232 744 1
232 425 1
232 790 2
232 472 9
232 607 1
233 835 3
233 692 1
233 245 1
239 278 1
245 581 1
245 264 1
245 329 1
245 874 2
245 687 1
245 624 1
245 692 1
245 987 2
245 540 2
246 724 3
248 696 1
248 506 6
248 670 1
250 782 1
251 987 2
256 885 2
256 294 1
260 912 1
260 266 10
260 790 2
266 948 1
267 586 4
268 291 1
268 454 1
268 713 1
268 633 1
270 850 1
270 516 1
272 754 1
272 742 2
273 890 2
273 951 2
275 849 1
275 327 1
280 595 2
280 293 1
280 838 1
280 629 2
288 484 5
288 773 3
288 391 4
288 846 4
288 629 5
293 568 1
293 724 1
294 817 1
294 586 2
304 441 4
306 963 3
306 790 3
306 742 3
310 337 1
311 987 3
313 356 1
316 838 1
316 915 1
316 629 1
316 349 1
319 558 2
321 558 1
324 337 1
324 586 1
324 534 3
326 586 1
327 897 1
327 516 1
327 849 2
327 850 1
327 381 1
329 849 2
329 910 1
332 500 2
334 772 2
334 550 1
334 718 2
334 923 1
335 516 4
336 926 1
337 510 1
337 505 2
337 378 1
337 603 1
337 638 3
337 479 1
338 987 2
343 663 6
343 943 1
344 373 4
349 838 1
353 750 2
353 391 2
356 868 1
356 425 3
356 948 1
356 472 3
356 730 4
356 923 1
360 629 2
361 987 2
362 784 1
362 909 1
362 383 1
369 913 2
369 535 1
372 700 1
372 558 2
372 951 2
373 391 2
373 838 1
379 568 1
383 586 1
390 784 3
390 771 4
391 484 1
391 629 2
392 674 1
397 738 1
397 671 1
397 975 1
399 950 2
400 784 1
401 415 1
407 843 2
408 857 1
409 580 1
410 832 3
410 977 1
410 719 1
414 746 1
414 891 2
415 811 1
415 429 1
416 425 1
416 912 1
416 790 3
418 996 8
422 731 1
423 832 1
423 977 2
425 648 2
425 946 1
425 948 1
425 472 1
425 730 2
428 915 2
429 454 1
432 987 2
433 849 2
433 738 4
433 987 2
435 782 2
435 885 1
437 516 1
439 948 1
439 790 1
443 742 6
443 662 2
445 629 2
445 838 1
450 802 1
450 586 2
450 947 1
450 695 1
450 568 1
450 572 1
454 772 1
458 577 1
458 956 1
458 558 1
465 790 1
472 744 1
472 946 2
472 575 1
480 987 2
482 987 2
484 629 3
484 630 3
493 629 1
493 838 2
493 951 1
499 558 2
500 782 1
500 909 1
500 814 2
500 575 1
502 629 1
506 644 1
506 775 5
506 850 1
506 516 1
506 921 4
506 996 1
506 541 1
506 670 3
513 518 1
516 644 1
516 650 1
516 783 1
516 657 1
516 532 1
516 790 3
516 921 1
516 923 1
516 924 3
516 541 1
516 682 1
516 945 1
516 828 1
516 702 1
516 576 1
516 837 1
516 850 2
516 979 1
516 654 1
516 719 1
516 738 1
516 996 1
516 1001 1
516 881 1
516 745 1
516 761 1
518 752 3
518 913 2
518 895 2
526 629 2
527 710 2
528 609 1
528 980 2
530 630 3
530 685 1
530 629 5
530 891 5
531 987 2
535 913 2
540 994 1
540 581 1
540 840 1
540 874 2
540 987 2
541 738 1
541 850 1
542 646 2
544 563 2
544 741 2
552 824 1
552 614 1
558 1000 1
558 956 2
561 629 1
566 772 1
568 660 2
568 742 1
572 731 1
575 966 2
576 850 1
582 994 1
582 987 2
586 617 1
586 687 1
586 912 2
586 885 2
586 984 3
587 775 1
595 934 2
595 1004 2
595 718 2
595 696 1
597 738 1
605 1001 2
605 685 2
605 789 1
605 693 1
609 946 1
609 772 1
610 629 2
617 948 1
622 676 1
624 764 1
629 915 1
629 685 2
629 846 2
629 978 1
629 851 1
629 731 1
629 658 2
629 750 2
629 920 1
629 630 2
629 631 1
629 891 2
630 685 1
630 951 2
631 838 1
633 923 2
633 772 1
634 832 1
634 788 2
638 832 2
641 987 2
644 738 1
644 850 1
648 912 1
650 850 1
654 850 1
654 991 6
656 920 1
656 838 2
657 850 1
659 963 3
659 742 3
668 746 3
670 1004 2
680 707 3
682 850 1
685 1001 4
687 742 1
693 1004 2
698 987 2
700 790 2
702 1001 4
702 850 1
707 880 1
707 923 1
707 951 1
710 832 1
715 926 3
716 883 1
716 718 2
718 904 1
718 724 1
718 980 1
718 883 1
719 850 1
720 746 4
720 935 1
721 765 2
723 758 2
730 912 1
730 868 1
738 1001 1
738 783 1
738 850 1
738 979 1
738 921 1
738 923 1
742 993 4
742 835 1
742 784 1
745 850 1
746 935 3
746 841 1
746 813 3
758 844 1
758 918 7
758 956 2
761 850 1
761 804 1
764 874 2
764 987 2
765 936 1
772 923 3
779 843 3
783 1001 1
783 850 1
784 835 1
784 863 1
789 987 2
796 987 2
799 895 2
804 850 1
809 987 2
813 935 1
817 988 2
828 850 1
837 850 1
838 915 1
840 873 2
840 874 2
840 987 2
849 897 1
849 987 2
850 921 1
850 924 1
850 979 1
850 996 1
850 1001 1
850 881 1
858 991 1
861 896 1
862 909 1
868 948 1
872 987 2
873 874 2
873 987 2
885 984 1
912 946 1
912 948 2
912 984 1
925 987 2
953 978 2
953 957 1
955 987 3
977 1004 2
987 994 2
