0
1
2
3
4
5
6
7
8
9
10
11
12
13
14
15
16
17
18
19
20
21
22
23
24
25
26
27
28
29
30
31
32
33
34
35
36
37
38
39
40
41
42
43
44
45
46
47
48
49
50
51
52
53
54
55
56
57
58
59
60
61
62
63
64
65
66
67
68
69
70
71
72
73
74
75
76
77
78
79
80
81
82
83
84
85
86
87
88
89
90
91
92
93
94
95
96
97
98
99
100
101
102
103
104
105
106
107
108
109
110
111
112
113
114
115
116
117
118
119
120
121
122
123
124
125
126
127
128
129
130
131
132
133
134
135
136
137
138
139
141
142
143
144
145
146
147
148
149
150
151
152
153
154
155
157
158
159
160
161
162
163
164
165
166
167
168
169
170
171
172
173
174
175
176
177
178
179
180
181
182
183
184
185
186
187
188
189
190
191
192
193
194
195
196
197
198
199
200
201
202
203
204
205
206
207
208
209
210
211
212
213
214
215
216
217
218
219
220
221
222
223
224
225
226
227
228
229
230
231
232
233
235
236
237
238
239
240
241
242
243
244
245
246
247
248
249
250
251
252
253
254
255
256
257
259
260
262
263
264
265
266
267
268
269
270
271
272
273
274
275
276
277
278
279
280
281
282
283
284
285
286
287
288
289
290
291
292
293
294
295
296
297
299
300
301
302
303
304
305
306
307
308
309
310
311
312
313
314
315
316
317
318
319
320
321
322
323
324
325
326
327
328
329
330
331
332
333
334
335
336
337
338
339
340
341
343
344
345
346
347
348
349
350
351
352
353
355
356
357
358
359
360
361
362
364
365
366
367
368
369
370
371
372
373
374
375
376
377
378
379
380
381
382
383
384
385
386
387
388
389
390
391
392
393
394
395
396
397
398
399
400
401
402
403
404
405
406
407
408
409
410
411
412
413
414
415
416
418
419
420
421
422
423
424
425
426
427
428
429
430
431
432
433
434
435
436
437
438
439
440
441
442
443
444
445
446
447
448
449
450
451
452
453
454
455
456
457
458
459
460
461
462
464
465
466
467
468
469
470
471
472
473
474
475
476
477
478
479
480
481
482
483
484
485
486
487
488
489
490
491
492
493
495
496
497
498
499
500
501
502
503
504
505
506
507
508
509
510
511
512
513
514
515
516
517
518
519
520
521
522
523
524
525
526
527
528
530
531
532
533
534
535
536
537
538
539
540
541
542
543
544
545
546
547
548
549
550
551
552
553
554
556
557
558
559
560
561
562
563
564
565
566
567
568
569
570
571
572
573
574
575
576
577
578
579
580
581
582
583
584
585
586
587
588
589
590
591
592
593
594
595
596
597
598
599
600
601
602
603
604
605
606
607
609
610
611
612
613
614
615
616
617
618
619
621
622
623
624
625
626
627
628
629
630
631
632
633
634
635
636
637
638
639
640
641
642
643
644
645
646
647
648
649
650
651
652
653
654
655
656
657
658
659
660
661
662
663
664
665
666
667
668
669
670
671
672
673
674
675
676
677
678
679
680
681
682
683
684
685
686
687
688
689
690
691
692
693
694
695
696
697
698
699
700
701
702
703
704
705
706
707
708
709
710
711
712
713
714
715
716
717
718
719
720
721
722
723
724
725
726
727
728
729
730
731
732
733
734
735
736
737
738
739
740
741
742
743
744
745
746
747
748
749
750
751
752
753
754
756
757
758
759
760
761
762
763
764
765
767
768
769
770
771
772
773
774
775
776
777
778
779
780
781
782
783
784
785
786
787
788
789
790
791
792
793
794
795
796
797
798
799
800
801
802
803
804
805
806
807
808
809
810
811
812
813
814
815
816
817
818
819
820
821
822
823
824
825
826
827
828
829
830
831
832
833
834
835
836
837
838
839
840
841
842
843
844
845
846
847
848
849
850
851
852
853
854
855
856
857
858
859
860
861
862
863
864
865
866
867
868
869
870
871
872
873
874
875
876
877
878
879
880
881
882
883
884
885
886
887
888
889
890
891
892
893
894
895
896
897
898
899
900
901
902
903
904
905
906
907
908
909
910
911
912
913
914
915
916
917
918
919
920
921
922
923
924
925
926
927
928
929
930
931
932
933
934
935
936
937
938
939
940
941
942
943
944
945
946
947
948
949
950
951
952
953
954
955
956
957
958
960
961
962
963
964
965
966
967
968
969
970
971
972
973
974
975
976
977
978
979
980
981
982
983
984
985
986
987
988
989
990
991
992
993
994
995
996
997
998
999
1000
1001
1002
1003
1004
0 5 2
0 6 2
0 519 1
0 409 2
0 538 2
0 295 1
0 178 3
0 693 2
0 569 2
0 118 1
0 710 2
0 333 3
0 78 2
0 976 2
0 470 2
0 599 2
0 605 2
0 862 2
0 991 1
0 228 2
0 502 3
0 249 3
0 767 2
2 118 6
2 790 9
4 720 2
4 771 2
5 921 1
5 491 1
5 189 1
5 599 3
6 881 1
6 718 1
6 502 1
6 569 1
7 810 1
8 544 1
13 921 1
13 850 1
13 532 3
13 804 1
14 644 2
14 1001 1
14 850 1
14 921 1
14 506 1
14 924 16
15 680 7
15 731 5
17 316 1
19 333 1
24 718 1
24 267 3
24 846 2
24 61 1
24 530 2
24 629 1
24 891 15
24 700 1
24 445 2
25 704 1
25 946 2
28 987 1
29 553 1
29 867 1
30 416 1
30 948 5
30 765 2
31 316 2
31 165 6
31 990 2
32 921 1
32 214 8
32 791 4
35 988 1
38 832 1
38 322 1
38 324 2
38 586 2
38 782 2
38 718 3
38 638 1
38 309 1
40 712 1
40 450 4
40 187 1
40 695 1
41 73 5
41 723 2
45 66 1
46 310 3
48 684 2
48 956 4
50 559 5
52 948 2
52 126 2
53 120 1
53 633 2
53 193 2
56 482 2
56 587 1
56 987 1
56 951 2
58 909 1
60 187 1
61 771 1
61 356 1
61 742 1
61 393 2
61 718 20
61 112 1
61 700 1
62 800 2
62 485 1
62 646 3
62 113 1
62 535 3
62 120 1
62 250 1
62 542 7
65 617 1
67 963 7
67 165 5
67 846 7
67 207 2
67 561 3
67 344 5
67 190 1
68 120 1
68 987 1
68 189 1
69 950 1
69 879 1
70 120 1
70 90 1
70 324 2
71 595 1
73 216 1
73 723 3
74 112 1
74 984 1
74 782 2
74 166 5
74 447 5
75 948 2
75 220 2
75 772 1
75 334 1
75 607 3
77 912 1
77 168 1
78 569 1
82 628 1
83 863 1
86 443 1
90 644 2
90 517 2
90 649 1
90 787 2
90 920 1
90 170 1
90 178 2
90 692 1
90 948 2
90 316 1
90 190 1
90 191 1
90 324 1
90 841 1
90 850 1
90 220 1
90 866 1
90 356 1
90 613 1
90 360 1
90 628 3
90 629 1
90 502 1
91 147 2
91 607 2
92 953 1
92 316 2
95 987 1
96 420 1
98 401 1
98 291 1
98 429 2
98 454 6
101 377 4
101 246 4
101 423 4
103 514 2
103 310 2
103 423 1
104 133 2
104 648 3
104 721 2
104 946 4
104 984 1
104 765 1
105 418 1
107 898 2
107 201 2
107 335 4
107 120 1
107 381 1
107 191 1
111 416 1
111 586 1
111 782 1
112 416 2
112 674 2
112 803 4
112 517 2
112 166 4
112 392 2
112 267 9
112 782 1
112 948 4
112 149 1
112 186 1
112 316 1
113 250 2
114 122 1
114 718 2
117 291 1
118 502 9
118 553 1
118 790 8
118 732 1
118 862 1
120 388 4
120 141 1
120 280 1
120 274 1
120 147 2
120 534 1
120 920 1
120 542 4
120 416 1
120 547 1
120 454 1
120 926 1
120 178 2
120 883 3
120 948 6
120 566 2
120 823 2
120 443 1
120 188 2
120 189 1
120 190 5
120 191 1
120 160 1
120 196 1
120 198 1
120 715 1
120 718 1
120 978 3
120 326 1
120 857 1
120 316 2
120 530 2
120 765 2
120 752 1
120 371 1
120 629 4
120 381 1
120 127 1
122 428 1
122 915 1
122 924 2
122 718 2
125 206 1
125 622 2
126 416 1
126 294 2
126 782 2
126 885 1
126 948 6
126 602 3
126 700 1
134 592 1
134 291 1
134 316 1
135 337 1
135 746 1
135 718 2
136 316 2
136 165 1
136 838 5
136 207 1
138 383 1
141 241 1
141 988 1
142 915 1
142 316 2
142 207 3
143 544 1
147 416 1
147 257 1
147 577 5
147 715 1
147 239 1
147 277 1
147 214 2
149 716 1
149 372 1
150 890 1
151 617 1
151 923 1
151 253 1
151 278 1
152 443 3
153 769 3
153 418 1
153 782 1
153 977 3
157 356 8
157 517 3
157 586 7
157 684 5
157 687 1
157 277 1
157 185 1
157 239 1
157 746 2
157 542 2
159 940 2
160 586 1
160 915 2
160 629 1
161 626 1
164 832 4
164 638 5
164 879 2
165 838 2
165 207 1
165 401 5
165 344 7
165 857 1
165 316 5
165 990 2
166 416 2
166 704 1
166 674 2
166 356 1
166 517 2
166 743 2
166 392 3
166 782 3
166 168 3
166 883 3
166 340 1
166 718 1
166 586 2
166 885 1
167 193 1
167 614 1
167 552 1
167 978 1
167 207 3
167 274 2
167 988 1
168 704 1
168 416 5
168 260 4
168 197 1
168 356 2
168 232 7
168 425 12
168 782 3
168 912 8
168 435 1
168 966 5
168 949 14
168 790 5
168 439 5
168 472 18
168 313 4
168 885 2
168 868 8
168 575 3
169 372 1
170 720 3
171 277 2
173 921 1
173 850 1
173 924 2
175 849 3
175 275 2
175 423 2
178 569 1
178 977 2
178 657 3
178 990 4
178 502 18
178 280 1
178 249 1
178 188 2
178 189 3
178 862 1
180 958 1
181 537 2
181 189 1
181 190 1
184 393 1
184 407 3
184 607 1
185 830 1
186 256 1
186 648 1
186 267 7
186 517 1
187 947 6
187 695 1
188 585 1
188 207 1
188 469 1
188 502 1
188 988 1
189 201 1
189 364 1
189 690 1
189 718 1
189 783 1
189 977 1
189 381 1
189 502 2
189 951 1
189 440 1
189 921 1
189 506 2
189 442 1
189 670 1
190 353 1
190 614 1
190 656 1
190 274 1
190 373 1
190 891 3
191 220 1
191 692 2
192 381 8
193 739 1
193 454 2
193 873 1
193 714 9
193 335 2
193 338 2
193 633 1
195 595 1
197 721 1
197 850 1
197 987 2
197 326 1
199 644 2
199 433 2
199 850 2
199 921 1
199 996 1
199 924 17
199 541 1
200 883 1
200 915 2
200 316 5
200 971 2
207 795 3
207 391 1
207 424 1
207 978 2
207 469 2
207 241 1
207 953 1
207 851 1
207 891 1
207 988 1
207 349 3
207 990 2
207 421 1
208 236 2
209 356 2
214 416 1
214 577 3
214 712 3
214 746 9
214 940 2
214 912 1
214 530 1
214 629 3
214 951 3
214 857 2
214 316 1
214 798 2
216 321 1
216 956 2
220 609 1
220 334 2
220 383 1
223 746 3
228 569 1
228 605 1
228 502 1
228 693 3
229 696 2
230 577 1
231 987 1
231 874 3
231 624 1
231 607 1
231 540 1
231 830 1
231 383 1
232 704 3
232 425 4
232 946 1
232 472 4
233 718 1
236 537 1
239 577 2
239 951 6
241 988 1
243 265 3
245 546 2
245 329 1
245 874 3
245 873 1
245 987 1
245 540 1
246 377 1
246 724 2
246 293 2
246 423 8
248 609 2
248 746 1
249 393 1
249 506 2
249 569 1
250 513 2
250 770 2
250 485 3
250 646 3
250 551 2
250 535 3
250 332 2
250 662 2
250 369 6
250 722 2
250 854 2
250 823 2
250 444 2
250 542 5
251 987 1
253 290 1
253 566 1
256 267 6
256 356 2
257 609 1
260 782 1
264 329 2
264 454 5
266 439 11
267 656 1
267 517 6
267 648 11
267 586 7
267 952 2
267 948 1
267 662 1
267 891 1
267 349 2
267 478 8
268 946 2
268 291 1
270 921 1
270 850 1
272 568 1
272 450 3
272 379 1
273 581 1
273 951 8
275 849 1
277 746 2
277 813 1
277 700 1
280 629 1
280 502 1
284 680 2
284 731 3
288 484 14
288 391 14
288 493 15
288 846 15
288 561 11
288 530 1
288 629 16
288 630 1
288 445 14
289 810 1
289 335 2
291 454 2
291 713 1
291 429 2
291 401 1
293 585 1
293 410 1
293 883 1
293 724 2
294 416 1
294 586 7
294 332 2
294 817 1
294 885 1
294 984 4
294 762 1
295 569 1
299 509 2
301 978 1
301 795 1
301 988 1
302 795 1
302 316 2
304 317 1
305 425 1
306 720 1
306 771 2
306 718 1
310 586 1
310 663 2
310 853 2
310 343 1
310 477 7
310 735 1
311 987 1
311 540 1
315 951 1
316 915 14
316 543 2
316 428 4
316 952 2
316 953 2
316 971 2
316 724 4
316 344 2
316 857 3
316 349 2
316 990 2
316 629 6
316 630 4
318 956 1
318 684 1
319 684 2
319 946 2
319 844 1
319 558 4
319 918 1
321 499 2
321 684 1
322 879 1
323 337 1
324 326 1
324 460 1
324 591 1
324 638 2
324 510 2
326 416 1
326 586 1
326 587 1
326 696 1
327 921 1
327 850 1
327 381 2
329 775 1
329 624 1
329 819 1
329 692 1
332 416 1
332 586 4
332 782 3
332 435 2
332 500 4
332 542 2
333 743 1
333 502 1
333 569 1
333 767 4
337 505 3
337 853 4
337 870 2
338 987 1
339 569 1
341 915 1
343 663 2
347 933 1
348 984 1
349 976 4
356 517 3
356 648 1
356 912 3
356 915 1
356 542 2
356 415 1
356 416 1
356 425 1
356 684 2
356 687 1
356 946 3
356 948 8
356 730 5
356 586 4
356 718 5
356 591 2
356 472 14
356 602 3
356 607 1
356 499 1
356 502 1
356 765 1
360 629 3
361 987 1
362 771 2
362 613 1
362 502 1
362 854 1
362 377 2
362 383 3
365 732 1
366 972 2
369 646 2
372 404 1
377 866 2
377 422 1
377 423 1
377 393 3
377 718 2
377 724 2
377 457 3
377 696 2
377 729 5
377 731 1
378 514 2
379 568 3
379 443 1
379 662 2
381 643 1
381 532 2
381 921 1
383 720 2
383 586 3
383 528 1
383 531 3
388 718 1
391 629 1
392 674 2
392 948 1
399 951 1
400 807 2
401 454 2
401 429 6
401 415 1
402 832 2
402 788 3
402 559 1
404 595 1
409 569 1
410 977 2
410 951 1
411 418 1
414 891 8
415 425 1
415 429 2
415 948 1
415 607 3
416 854 3
416 648 2
416 782 33
416 912 3
416 674 1
416 948 8
416 573 1
416 629 2
416 832 2
416 586 12
416 602 1
416 607 1
416 868 11
416 743 1
416 885 1
418 977 9
418 996 15
420 559 1
421 795 2
421 988 1
422 613 1
422 680 1
422 718 1
422 724 1
422 731 2
423 849 2
423 977 1
424 795 2
424 988 1
424 990 1
425 648 3
425 946 2
425 472 3
427 955 1
429 454 9
432 987 1
433 994 1
433 987 1
434 704 1
435 782 4
437 921 1
439 912 3
440 537 1
442 977 1
443 662 3
445 629 1
447 984 1
447 782 1
450 712 3
450 718 2
450 595 2
450 572 1
454 592 3
456 720 1
468 643 1
469 512 1
469 978 1
469 988 1
470 569 1
472 912 3
472 535 4
480 987 1
482 801 1
482 531 2
482 987 1
483 696 2
484 629 1
485 513 2
485 646 2
491 899 2
491 731 2
493 530 1
493 629 1
493 630 5
495 568 1
499 684 1
500 948 2
500 542 1
500 814 2
502 718 2
502 746 1
502 976 1
502 724 4
502 693 1
502 790 4
502 569 1
502 700 2
506 996 1
506 1001 1
506 690 1
506 541 1
506 850 1
506 921 1
506 644 2
506 924 7
506 670 2
509 832 2
509 634 3
509 780 2
509 939 2
510 622 2
512 988 1
513 646 5
514 832 5
514 1001 2
514 780 3
514 977 2
514 950 2
516 804 2
516 743 1
516 850 1
516 532 12
516 921 1
516 924 3
517 746 1
517 586 10
517 718 3
517 948 4
517 565 1
517 952 2
517 591 1
517 542 1
526 629 1
527 720 4
527 870 2
528 909 2
530 630 5
530 746 2
530 846 1
530 915 2
530 629 5
530 891 4
531 987 4
531 746 1
532 804 2
532 553 2
532 921 2
532 761 2
532 700 1
534 746 3
538 569 1
538 862 1
540 641 3
540 955 1
540 873 1
540 874 3
540 624 2
540 855 2
540 697 2
540 890 1
540 987 2
540 925 1
541 996 1
541 850 1
541 921 1
541 924 2
542 646 2
542 684 1
542 746 3
542 586 1
542 823 2
544 791 1
544 669 1
546 550 1
547 978 1
547 988 1
550 746 1
551 646 1
552 858 1
552 988 1
552 951 1
558 618 3
559 634 1
559 622 5
561 629 1
561 846 6
565 844 1
565 684 3
568 695 2
569 710 1
569 599 1
569 976 1
569 693 1
569 767 1
569 605 1
569 862 1
569 991 1
573 885 2
573 782 1
576 921 1
576 850 1
581 936 6
581 951 2
581 855 1
582 994 1
582 987 1
585 822 3
585 695 4
586 782 16
586 674 1
586 984 4
586 602 3
586 607 4
586 868 1
586 885 2
586 762 3
587 936 3
591 742 2
591 746 2
591 718 2
592 609 1
592 948 6
595 934 2
595 718 1
600 672 1
600 956 1
602 782 1
602 718 1
605 693 1
605 685 6
607 833 1
607 742 1
607 782 1
607 724 2
614 988 1
622 676 2
626 703 1
629 658 1
629 685 1
629 846 1
629 724 2
629 630 3
629 631 1
629 891 4
629 946 2
630 685 2
633 946 2
633 951 1
634 788 1
638 700 2
641 987 1
644 850 1
644 921 1
644 924 3
648 782 2
648 946 1
648 948 2
648 984 1
650 738 1
650 682 2
650 654 1
650 783 1
650 850 1
650 921 1
654 921 1
654 738 1
654 682 1
654 783 1
657 921 2
657 850 1
659 742 3
663 950 3
663 951 12
668 746 7
668 813 1
668 935 3
670 688 1
672 946 2
672 918 1
674 782 2
674 948 1
674 718 3
678 802 4
679 863 1
680 896 2
680 880 1
680 707 1
680 720 2
680 731 5
682 738 1
682 783 1
682 850 1
682 921 1
682 924 2
684 746 2
684 844 2
684 918 2
684 956 1
685 1001 2
687 746 1
692 742 2
692 746 1
692 718 2
695 802 1
696 935 1
697 720 1
697 855 2
698 987 1
700 988 2
702 921 1
702 850 2
702 924 2
704 743 2
707 880 1
716 718 5
718 915 7
718 830 1
718 724 4
718 851 1
718 742 2
718 746 1
718 883 4
719 921 1
719 850 1
720 833 1
720 771 1
720 935 6
720 746 2
720 813 1
720 855 2
721 765 1
723 758 1
724 883 2
730 868 24
731 739 1
731 746 1
737 849 1
738 745 1
738 850 1
738 921 1
742 771 2
742 900 1
742 746 1
743 782 1
745 921 1
745 850 1
746 900 2
746 935 11
746 775 1
746 813 9
746 834 1
746 841 1
746 870 1
758 844 1
758 918 1
761 804 5
761 850 1
761 921 1
764 840 8
764 874 3
764 987 1
765 946 2
765 948 5
769 771 3
773 955 1
774 947 6
782 912 1
782 832 2
782 854 1
782 984 8
782 868 4
782 885 2
783 804 2
783 850 2
783 921 2
789 987 1
790 863 2
795 988 1
795 957 2
803 948 1
804 850 9
808 898 1
809 987 1
810 881 1
813 935 2
817 851 1
817 988 5
828 921 1
837 921 1
837 850 1
837 924 2
840 874 3
840 987 1
844 946 2
849 987 1
850 921 2
850 924 4
850 996 1
850 1001 1
850 881 1
851 978 1
851 988 2
854 946 2
854 918 5
857 915 4
858 991 1
862 909 1
872 987 1
873 874 3
873 987 1
881 921 1
883 915 2
885 984 1
885 889 1
891 915 3
915 920 1
918 946 3
921 924 1
921 945 1
921 979 1
921 996 1
921 1001 1
921 1004 2
924 1001 4
924 996 2
925 987 1
926 951 1
946 956 2
951 996 1
952 971 1
953 990 1
954 988 1
955 987 2
957 988 1
977 996 1
977 1001 1
978 988 1
987 994 2
