0
1
2
3
4
5
6
7
8
9
10
11
12
13
14
15
16
17
18
19
20
21
22
23
24
25
26
27
28
29
30
31
32
33
34
35
36
37
38
39
40
41
42
43
44
45
46
47
48
49
50
51
52
53
54
55
56
57
58
59
60
61
62
63
64
65
66
67
68
69
70
71
72
73
74
75
76
77
78
79
80
81
82
83
84
85
86
87
88
89
90
91
92
93
94
95
96
97
98
99
100
101
102
103
104
105
106
107
108
109
110
111
112
113
114
115
116
117
118
119
120
121
122
123
124
125
126
127
128
129
130
131
132
133
134
135
136
137
138
139
141
142
143
144
145
146
147
148
149
150
151
152
153
154
155
157
158
159
160
161
162
163
164
165
166
167
168
169
170
171
172
173
174
175
176
177
178
179
180
181
182
183
184
185
186
187
188
189
190
191
192
193
194
195
196
197
198
199
200
201
202
203
204
205
206
207
208
209
210
211
212
213
214
215
216
217
218
219
220
221
222
223
224
225
226
227
228
229
230
231
232
233
235
236
237
238
239
240
241
242
243
244
245
246
247
248
249
250
251
252
253
254
255
256
257
259
260
262
263
264
265
266
267
268
269
270
271
272
273
274
275
276
277
278
279
280
281
282
283
284
285
286
287
288
289
290
291
292
293
294
295
296
297
299
300
301
302
303
304
305
306
307
308
309
310
311
312
313
314
315
316
317
318
319
320
321
322
323
324
325
326
327
328
329
330
331
332
333
334
335
336
337
338
339
340
341
343
344
345
346
347
348
349
350
351
352
353
355
356
357
358
359
360
361
362
364
365
366
367
368
369
370
371
372
373
374
375
376
377
378
379
380
381
382
383
384
385
386
387
388
389
390
391
392
393
394
395
396
397
398
399
400
401
402
403
404
405
406
407
408
409
410
411
412
413
414
415
416
418
419
420
421
422
423
424
425
426
427
428
429
430
431
432
433
434
435
436
437
438
439
440
441
442
443
444
445
446
447
448
449
450
451
452
453
454
455
456
457
458
459
460
461
462
464
465
466
467
468
469
470
471
472
473
474
475
476
477
478
479
480
481
482
483
484
485
486
487
488
489
490
491
492
493
495
496
497
498
499
500
501
502
503
504
505
506
507
508
509
510
511
512
513
514
515
516
517
518
519
520
521
522
523
524
525
526
527
528
530
531
532
533
534
535
536
537
538
539
540
541
542
543
544
545
546
547
548
549
550
551
552
553
554
556
557
558
559
560
561
562
563
564
565
566
567
568
569
570
571
572
573
574
575
576
577
578
579
580
581
582
583
584
585
586
587
588
589
590
591
592
593
594
595
596
597
598
599
600
601
602
603
604
605
606
607
609
610
611
612
613
614
615
616
617
618
619
621
622
623
624
625
626
627
628
629
630
631
632
633
634
635
636
637
638
639
640
641
642
643
644
645
646
647
648
649
650
651
652
653
654
655
656
657
658
659
660
661
662
663
664
665
666
667
668
669
670
671
672
673
674
675
676
677
678
679
680
681
682
683
684
685
686
687
688
689
690
691
692
693
694
695
696
697
698
699
700
701
702
703
704
705
706
707
708
709
710
711
712
713
714
715
716
717
718
719
720
721
722
723
724
725
726
727
728
729
730
731
732
733
734
735
736
737
738
739
740
741
742
743
744
745
746
747
748
749
750
751
752
753
754
756
757
758
759
760
761
762
763
764
765
767
768
769
770
771
772
773
774
775
776
777
778
779
780
781
782
783
784
785
786
787
788
789
790
791
792
793
794
795
796
797
798
799
800
801
802
803
804
805
806
807
808
809
810
811
812
813
814
815
816
817
818
819
820
821
822
823
824
825
826
827
828
829
830
831
832
833
834
835
836
837
838
839
840
841
842
843
844
845
846
847
848
849
850
851
852
853
854
855
856
857
858
859
860
861
862
863
864
865
866
867
868
869
870
871
872
873
874
875
876
877
878
879
880
881
882
883
884
885
886
887
888
889
890
891
892
893
894
895
896
897
898
899
900
901
902
903
904
905
906
907
908
909
910
911
912
913
914
915
916
917
918
919
920
921
922
923
924
925
926
927
928
929
930
931
932
933
934
935
936
937
938
939
940
941
942
943
944
945
946
947
948
949
950
951
952
953
954
955
956
957
958
960
961
962
963
964
965
966
967
968
969
970
971
972
973
974
975
976
977
978
979
980
981
982
983
984
985
986
987
988
989
990
991
992
993
994
995
996
997
998
999
1000
1001
1002
1003
1004
1 309 1
2 416 3
2 38 2
2 236 1
2 77 2
2 790 3
2 700 1
4 371 1
5 553 3
5 732 1
5 491 4
5 532 2
5 605 1
6 470 1
8 422 1
11 617 1
11 334 3
12 680 1
12 731 1
12 422 2
13 532 1
13 738 2
13 516 1
13 506 1
14 738 2
14 924 1
14 506 2
14 719 1
15 680 6
15 731 10
15 268 1
15 422 3
16 541 3
16 333 2
16 719 1
24 160 1
24 647 4
24 658 2
24 530 5
24 629 3
24 891 3
29 90 1
29 732 1
29 159 1
30 256 8
30 104 1
30 416 1
30 356 4
30 126 1
31 915 5
31 428 1
31 165 10
31 718 3
31 971 1
32 920 3
32 572 1
32 143 2
32 718 1
32 591 1
32 977 2
32 530 2
32 851 3
32 502 3
32 280 3
32 731 2
32 915 4
34 855 1
35 978 3
38 324 2
38 890 1
38 638 1
40 450 1
40 900 1
40 712 2
40 466 1
40 214 1
40 90 1
40 607 1
40 159 1
45 66 1
48 193 2
48 956 1
48 684 1
52 168 1
52 416 1
52 126 1
53 416 2
53 193 1
53 290 2
53 712 2
53 209 1
53 633 2
53 159 1
56 482 1
56 731 1
56 746 1
56 719 1
58 586 1
61 617 1
61 428 1
61 718 7
61 687 1
61 980 1
61 278 2
61 607 1
62 485 4
62 542 6
65 416 2
65 609 2
65 742 2
65 193 1
65 586 1
65 462 1
65 687 1
65 592 2
65 530 5
65 692 3
65 629 8
65 90 1
65 220 4
65 927 1
66 986 1
66 227 2
67 344 8
67 963 14
67 165 4
67 207 4
75 772 1
75 334 1
75 850 1
75 629 1
75 569 2
75 127 1
75 191 1
77 168 4
77 912 1
77 439 3
82 870 1
83 863 1
84 324 2
86 152 2
86 233 1
86 443 5
90 900 2
90 523 1
90 657 1
90 644 1
90 541 1
90 416 1
90 168 1
90 692 1
90 702 1
90 703 1
90 841 2
90 205 2
90 334 1
90 850 1
90 984 1
90 220 1
90 609 1
90 356 1
90 742 5
90 104 1
90 107 4
90 112 1
90 500 3
90 248 1
90 381 4
91 416 1
91 769 1
91 415 1
92 428 1
92 207 2
95 251 1
97 936 1
97 334 1
97 591 1
98 449 1
98 707 3
98 454 2
98 134 3
98 713 2
98 107 3
98 268 4
98 429 3
98 592 8
98 401 1
98 291 3
98 117 2
98 278 1
101 377 2
101 866 1
101 423 3
101 718 4
101 175 3
102 477 1
104 765 3
104 742 1
105 582 1
107 737 1
107 553 4
111 602 1
112 280 1
112 803 2
112 700 1
112 662 1
114 479 1
117 268 3
118 732 1
118 718 1
119 700 1
120 416 1
120 609 1
120 772 1
120 454 1
120 326 1
120 586 1
120 752 1
120 566 1
120 190 2
122 980 1
122 428 4
125 477 1
125 622 1
126 416 3
126 356 1
126 294 1
126 790 1
126 260 1
127 607 2
131 738 2
131 506 1
132 828 3
133 168 1
133 256 2
133 602 1
134 592 4
134 291 1
134 565 1
134 334 2
135 720 1
135 746 1
135 405 1
136 200 8
136 428 6
136 629 2
137 771 3
137 443 1
139 477 1
141 978 1
141 614 1
142 267 3
142 428 1
142 207 1
142 915 1
142 953 3
142 543 2
146 326 1
147 454 3
151 706 1
151 290 1
151 566 1
151 278 1
152 233 1
152 443 1
153 977 28
154 477 1
157 746 1
157 586 1
157 356 1
157 462 1
157 542 6
159 416 1
159 609 1
159 290 3
159 923 4
159 742 1
159 551 2
159 802 2
159 783 1
159 595 1
159 214 1
159 951 1
159 506 1
159 443 3
159 220 6
159 693 2
160 586 1
160 428 1
160 530 5
160 629 2
160 891 1
161 586 1
164 322 2
164 420 3
164 548 3
164 368 2
164 740 2
164 879 4
164 223 2
165 586 1
165 401 6
165 344 1
165 857 1
165 316 1
166 500 2
167 188 1
167 585 1
167 978 3
167 851 1
167 469 1
167 988 1
168 356 11
168 260 4
168 232 6
168 586 5
168 557 3
168 912 23
168 984 6
168 885 5
168 790 2
168 472 7
168 868 6
168 607 1
168 602 3
168 575 6
170 697 5
170 855 2
171 285 1
171 590 4
171 951 2
173 738 2
173 924 1
173 506 1
173 582 2
174 477 1
175 737 1
175 423 5
175 650 1
175 1004 1
175 849 8
175 275 3
175 246 3
176 887 2
184 650 1
184 423 1
185 586 1
185 854 2
185 462 2
187 450 1
188 552 1
188 978 2
188 851 1
188 469 1
189 280 1
189 969 4
189 883 1
189 716 2
189 718 9
190 920 1
190 656 1
190 274 1
190 353 1
193 416 2
193 544 1
193 305 1
193 633 1
193 923 2
193 629 1
196 416 1
196 609 1
196 850 2
196 429 1
196 873 1
197 738 2
197 437 1
199 738 2
199 924 1
199 506 1
200 971 5
200 428 2
200 344 1
200 915 3
200 952 2
200 543 1
201 643 1
206 477 1
207 647 1
207 424 4
207 428 2
207 558 1
207 241 2
207 978 2
207 302 1
207 469 1
207 953 2
208 1004 1
209 356 2
209 765 2
214 609 1
214 290 6
214 923 1
214 742 3
214 844 1
214 940 2
214 578 1
214 912 1
214 595 1
214 629 1
214 283 2
214 765 3
216 321 2
216 956 1
220 290 5
220 749 1
220 890 1
221 746 1
223 322 1
223 462 1
229 568 1
229 233 1
229 659 1
229 863 1
231 569 1
231 698 3
231 763 2
231 738 2
231 245 3
232 416 2
233 993 2
233 450 1
233 771 1
233 901 1
233 769 1
233 863 1
233 400 1
233 306 1
233 659 1
233 692 2
233 835 2
233 443 1
233 890 2
235 609 1
236 537 6
236 1004 2
239 538 1
239 660 2
239 509 1
239 951 2
241 630 1
245 736 1
245 698 3
246 423 3
248 746 1
248 462 1
249 569 1
250 927 1
256 416 3
256 356 6
256 294 3
256 313 1
260 912 1
264 586 1
267 552 1
267 586 2
267 530 1
267 838 2
268 291 4
268 454 3
268 713 3
268 592 1
268 633 3
270 921 1
270 738 2
270 506 1
272 568 1
272 450 2
272 379 2
272 900 3
272 742 2
274 920 2
275 849 4
277 700 3
278 609 1
278 462 1
280 915 4
280 658 2
280 526 2
280 530 5
280 851 4
280 629 3
280 502 1
280 920 2
280 700 29
280 607 2
281 497 1
281 491 1
284 680 1
284 731 1
290 416 1
290 614 1
290 305 1
290 629 1
291 609 1
291 454 1
291 429 1
291 401 2
293 700 1
293 724 2
294 416 1
294 356 3
294 586 1
294 817 2
294 699 2
299 337 1
299 388 1
301 978 2
302 428 1
305 416 2
305 765 1
306 771 3
306 660 1
306 742 1
306 863 2
310 322 3
310 586 1
311 697 2
311 540 3
318 704 2
318 684 1
318 499 2
318 332 1
318 758 1
321 499 1
321 565 1
322 534 1
322 591 1
322 752 1
322 853 3
322 663 3
322 477 1
324 388 1
324 591 1
324 534 3
324 477 1
324 638 2
327 506 2
327 738 2
327 381 2
329 624 2
332 435 2
332 500 4
333 789 2
333 767 2
334 586 2
334 462 1
334 687 1
334 692 1
334 746 1
334 607 3
335 440 1
335 532 1
337 740 1
337 649 2
337 780 1
337 822 1
337 505 4
337 634 3
337 509 2
338 633 1
338 890 1
338 692 1
338 433 3
343 993 5
343 534 1
343 663 3
344 952 1
344 543 2
347 933 1
347 966 1
353 891 8
356 416 3
356 868 1
356 743 7
356 586 6
356 684 1
356 912 6
356 502 2
356 472 3
356 569 3
356 602 3
356 607 2
360 629 2
362 528 2
362 415 1
362 980 1
362 526 1
362 383 2
364 482 1
369 535 2
371 456 2
371 585 1
372 595 1
377 866 1
377 422 1
377 423 3
377 585 1
377 718 5
377 528 1
377 630 3
379 568 4
381 643 2
383 499 5
383 586 2
383 526 1
388 534 1
388 951 1
388 638 1
388 607 2
397 671 2
397 975 2
398 450 1
401 454 2
401 429 6
401 415 4
405 870 1
406 680 1
406 422 1
407 779 1
410 650 1
410 719 1
415 587 1
415 630 3
415 569 1
415 746 1
416 772 2
416 927 3
416 573 1
416 454 2
416 586 1
416 984 2
416 868 1
416 617 1
416 752 4
418 977 8
421 424 4
421 978 2
422 731 2
423 710 1
423 650 2
423 977 12
424 978 2
424 795 4
428 802 7
428 647 1
428 971 1
428 915 10
428 952 1
428 857 3
428 990 1
429 454 4
432 468 1
435 500 3
435 782 3
437 506 1
437 738 2
440 737 1
440 582 1
443 742 6
443 743 1
443 662 2
443 602 1
443 765 1
443 703 2
444 722 1
444 535 4
447 984 2
447 586 11
447 868 1
447 573 1
448 782 1
450 802 1
450 746 1
450 462 2
450 712 3
450 947 1
450 596 1
450 662 1
450 695 2
450 568 4
454 609 1
454 592 3
456 936 1
458 558 1
462 783 1
462 517 1
462 742 1
462 833 5
462 617 1
462 718 1
462 687 1
462 851 1
462 692 1
462 670 1
462 591 1
462 923 1
462 542 1
464 898 2
465 700 1
466 662 1
469 512 8
469 978 4
470 569 1
470 789 4
470 693 2
472 912 1
472 575 9
477 939 1
477 524 1
477 534 1
477 510 1
479 586 1
482 569 1
482 531 1
491 977 1
493 629 2
495 568 1
497 977 1
499 844 1
499 558 2
499 565 2
499 918 1
500 515 1
500 586 3
500 782 1
502 585 1
502 746 1
502 718 1
502 920 2
502 530 1
502 851 2
502 599 1
502 569 1
502 538 1
502 731 1
502 915 4
502 607 2
506 516 1
506 650 1
506 783 1
506 657 1
506 644 1
506 532 1
506 921 2
506 923 1
506 924 2
506 541 1
506 653 1
506 682 1
506 945 1
506 654 1
506 576 1
506 837 1
506 719 1
506 850 1
506 979 1
506 738 3
506 996 1
506 1001 2
506 747 1
506 881 1
506 702 1
506 745 1
506 761 1
506 508 1
508 738 2
509 788 1
509 893 1
512 978 1
514 832 1
514 603 1
516 761 1
516 738 3
516 532 2
517 746 1
526 530 1
526 629 2
530 746 1
530 920 1
530 851 3
530 629 11
530 891 2
530 915 4
530 607 2
531 987 3
532 738 2
532 670 1
534 746 6
534 692 2
534 890 1
534 607 3
540 736 4
540 987 2
540 840 13
540 873 2
540 855 2
540 697 4
540 698 4
540 955 10
540 925 3
541 738 2
541 586 1
542 646 2
542 746 1
542 927 1
547 978 3
547 851 1
547 647 2
550 746 1
552 978 5
552 858 1
552 614 2
558 956 1
561 629 2
561 846 12
565 723 1
566 772 1
568 900 3
568 712 1
568 746 1
568 662 1
569 607 3
569 862 2
576 738 2
581 936 1
584 731 1
586 782 2
586 687 2
586 947 1
586 948 1
586 984 28
587 720 2
591 742 1
591 746 1
591 607 2
592 609 1
592 713 1
592 1003 1
592 819 1
592 948 1
592 927 5
602 743 2
602 912 1
605 840 1
605 789 1
607 612 2
607 978 2
607 629 2
607 920 2
607 850 1
607 851 2
607 718 4
607 915 3
609 1003 1
609 617 1
609 687 1
609 951 1
609 633 1
609 890 1
609 923 1
614 978 2
617 720 1
626 863 1
629 658 2
629 685 2
629 846 2
629 630 6
629 631 2
629 891 15
633 923 1
638 832 1
638 853 1
643 685 12
644 977 1
644 738 4
644 924 1
647 915 2
650 738 4
650 682 3
650 686 1
650 849 1
650 654 1
650 783 1
653 738 2
654 738 4
654 682 2
657 738 2
664 737 1
680 720 1
680 731 1
681 718 1
682 738 5
682 783 2
682 924 1
684 704 1
685 1001 1
685 724 2
687 915 1
688 898 1
692 993 1
692 746 14
692 863 2
697 855 11
697 925 2
698 840 3
698 873 3
698 764 3
700 812 3
700 790 5
702 738 2
702 924 1
703 771 1
704 743 3
708 718 2
715 923 2
715 951 1
716 718 2
718 866 17
718 746 1
718 980 3
718 851 1
718 724 1
718 920 1
718 915 2
719 738 3
719 783 1
720 833 2
720 855 2
720 731 1
724 896 2
731 746 1
731 915 3
731 851 1
731 920 1
737 849 1
738 783 5
738 921 4
738 923 5
738 924 2
738 837 2
738 850 3
738 979 3
738 996 2
738 1001 2
738 747 2
738 881 3
738 745 2
738 761 3
740 788 5
742 746 1
742 765 3
742 863 2
743 746 1
746 776 1
746 783 1
746 915 1
746 920 1
746 935 5
746 775 1
746 834 1
746 836 1
746 851 1
746 980 1
748 926 1
758 844 1
758 956 2
758 918 1
761 866 1
761 783 1
761 881 1
761 804 1
764 994 1
769 798 1
769 863 1
779 883 1
780 832 1
784 863 1
790 812 5
790 956 4
795 978 2
809 987 1
817 978 1
844 956 5
851 920 3
851 978 1
851 915 5
863 993 1
868 912 1
912 984 1
915 920 4
921 977 3
921 924 1
922 1004 1
924 1001 1
933 966 1
935 966 1
954 978 2
957 978 2
969 977 6
977 1001 3
977 1004 4
978 988 2
