0
1
2
3
4
5
6
7
8
9
10
11
12
13
14
15
16
17
18
19
20
21
22
23
24
25
26
27
28
29
30
31
32
33
34
35
36
37
38
39
40
41
42
43
44
45
46
47
48
49
50
51
52
53
54
55
56
57
58
59
60
61
62
63
64
65
66
67
68
69
70
71
72
73
74
75
76
77
78
79
80
81
82
83
84
85
86
87
88
89
90
91
92
93
94
95
96
97
98
99
100
101
102
103
104
105
106
107
108
109
110
111
112
113
114
115
116
117
118
119
120
121
122
123
124
125
126
127
128
129
130
131
132
133
134
135
136
137
138
139
141
142
143
144
145
146
147
148
149
150
151
152
153
154
155
157
158
159
160
161
162
163
164
165
166
167
168
169
170
171
172
173
174
175
176
177
178
179
180
181
182
183
184
185
186
187
188
189
190
191
192
193
194
195
196
197
198
199
200
201
202
203
204
205
206
207
208
209
210
211
212
213
214
215
216
217
218
219
220
221
222
223
224
225
226
227
228
229
230
231
232
233
235
236
237
238
239
240
241
242
243
244
245
246
247
248
249
250
251
252
253
254
255
256
257
259
260
262
263
264
265
266
267
268
269
270
271
272
273
274
275
276
277
278
279
280
281
282
283
284
285
286
287
288
289
290
291
292
293
294
295
296
297
299
300
301
302
303
304
305
306
307
308
309
310
311
312
313
314
315
316
317
318
319
320
321
322
323
324
325
326
327
328
329
330
331
332
333
334
335
336
337
338
339
340
341
343
344
345
346
347
348
349
350
351
352
353
355
356
357
358
359
360
361
362
364
365
366
367
368
369
370
371
372
373
374
375
376
377
378
379
380
381
382
383
384
385
386
387
388
389
390
391
392
393
394
395
396
397
398
399
400
401
402
403
404
405
406
407
408
409
410
411
412
413
414
415
416
418
419
420
421
422
423
424
425
426
427
428
429
430
431
432
433
434
435
436
437
438
439
440
441
442
443
444
445
446
447
448
449
450
451
452
453
454
455
456
457
458
459
460
461
462
464
465
466
467
468
469
470
471
472
473
474
475
476
477
478
479
480
481
482
483
484
485
486
487
488
489
490
491
492
493
495
496
497
498
499
500
501
502
503
504
505
506
507
508
509
510
511
512
513
514
515
516
517
518
519
520
521
522
523
524
525
526
527
528
530
531
532
533
534
535
536
537
538
539
540
541
542
543
544
545
546
547
548
549
550
551
552
553
554
556
557
558
559
560
561
562
563
564
565
566
567
568
569
570
571
572
573
574
575
576
577
578
579
580
581
582
583
584
585
586
587
588
589
590
591
592
593
594
595
596
597
598
599
600
601
602
603
604
605
606
607
609
610
611
612
613
614
615
616
617
618
619
621
622
623
624
625
626
627
628
629
630
631
632
633
634
635
636
637
638
639
640
641
642
643
644
645
646
647
648
649
650
651
652
653
654
655
656
657
658
659
660
661
662
663
664
665
666
667
668
669
670
671
672
673
674
675
676
677
678
679
680
681
682
683
684
685
686
687
688
689
690
691
692
693
694
695
696
697
698
699
700
701
702
703
704
705
706
707
708
709
710
711
712
713
714
715
716
717
718
719
720
721
722
723
724
725
726
727
728
729
730
731
732
733
734
735
736
737
738
739
740
741
742
743
744
745
746
747
748
749
750
751
752
753
754
756
757
758
759
760
761
762
763
764
765
767
768
769
770
771
772
773
774
775
776
777
778
779
780
781
782
783
784
785
786
787
788
789
790
791
792
793
794
795
796
797
798
799
800
801
802
803
804
805
806
807
808
809
810
811
812
813
814
815
816
817
818
819
820
821
822
823
824
825
826
827
828
829
830
831
832
833
834
835
836
837
838
839
840
841
842
843
844
845
846
847
848
849
850
851
852
853
854
855
856
857
858
859
860
861
862
863
864
865
866
867
868
869
870
871
872
873
874
875
876
877
878
879
880
881
882
883
884
885
886
887
888
889
890
891
892
893
894
895
896
897
898
899
900
901
902
903
904
905
906
907
908
909
910
911
912
913
914
915
916
917
918
919
920
921
922
923
924
925
926
927
928
929
930
931
932
933
934
935
936
937
938
939
940
941
942
943
944
945
946
947
948
949
950
951
952
953
954
955
956
957
958
960
961
962
963
964
965
966
967
968
969
970
971
972
973
974
975
976
977
978
979
980
981
982
983
984
985
986
987
988
989
990
991
992
993
994
995
996
997
998
999
1000
1001
1002
1003
1004
2 551 1
5 335 1
14 506 2
14 275 2
14 924 7
14 702 1
16 1004 4
28 231 1
29 335 1
30 765 3
30 743 1
32 921 1
55 595 1
61 742 5
61 135 1
62 214 1
62 800 1
62 646 1
62 542 1
66 227 2
67 963 3
72 528 1
75 850 1
75 220 1
86 765 2
90 765 1
91 660 1
99 605 1
107 208 1
107 553 2
107 980 4
107 670 1
112 803 1
118 335 2
120 703 1
126 416 1
126 782 1
135 628 3
135 942 1
135 581 1
150 220 1
152 765 1
157 746 1
159 742 1
166 332 1
168 648 1
170 231 1
173 1001 1
173 506 1
173 582 1
175 335 2
178 605 1
189 1004 4
192 335 1
199 644 1
201 335 1
207 362 1
208 1004 1
208 236 1
208 335 1
214 742 2
220 383 2
231 987 1
231 764 1
231 840 1
231 873 1
231 338 2
231 245 1
231 502 1
231 311 1
231 955 2
231 540 2
231 925 1
231 607 1
232 742 1
236 537 1
236 335 1
248 607 1
250 369 1
251 531 1
256 765 1
278 553 1
306 660 1
313 765 3
334 742 1
335 899 1
335 643 1
335 532 1
335 664 1
335 537 1
335 670 1
335 808 1
335 553 3
335 810 1
335 688 1
335 464 1
335 468 1
335 985 1
335 737 1
335 1004 1
335 980 1
335 381 1
356 586 1
356 868 1
356 742 1
356 743 1
362 383 1
362 868 4
369 913 2
369 513 2
369 535 2
381 532 1
397 975 1
416 648 1
416 868 2
416 765 2
416 743 1
418 996 1
425 472 2
425 598 1
432 531 1
433 540 1
439 648 1
439 949 1
464 980 1
472 912 2
472 742 1
480 531 1
482 531 1
485 646 1
485 854 1
485 823 2
500 814 4
502 742 1
506 644 1
506 924 3
506 767 1
517 742 1
531 641 1
531 809 1
532 761 1
532 804 1
540 641 1
542 646 2
542 854 1
542 923 1
542 765 1
542 799 1
550 743 1
570 765 1
586 762 1
644 783 1
644 924 1
650 872 1
650 682 1
654 682 1
657 921 1
668 746 1
682 738 1
682 783 1
684 746 1
712 942 1
718 742 1
719 738 1
721 765 4
721 743 1
742 771 1
742 765 2
746 813 1
746 935 1
765 868 1
774 947 14
868 948 1
977 1004 2
