0
1
2
3
4
5
6
7
8
9
10
11
12
13
14
15
16
17
18
19
20
21
22
23
24
25
26
27
28
29
30
31
32
33
34
35
36
37
38
39
40
41
42
43
44
45
46
47
48
49
50
51
52
53
54
55
56
57
58
59
60
61
62
63
64
65
66
67
68
69
70
71
72
73
74
75
76
77
78
79
80
81
82
83
84
85
86
87
88
89
90
91
92
93
94
95
96
97
98
99
100
101
102
103
104
105
106
107
108
109
110
111
112
113
114
115
116
117
118
119
120
121
122
123
124
125
126
127
128
129
130
131
132
133
134
135
136
137
138
139
141
142
143
144
145
146
147
148
149
150
151
152
153
154
155
157
158
159
160
161
162
163
164
165
166
167
168
169
170
171
172
173
174
175
176
177
178
179
180
181
182
183
184
185
186
187
188
189
190
191
192
193
194
195
196
197
198
199
200
201
202
203
204
205
206
207
208
209
210
211
212
213
214
215
216
217
218
219
220
221
222
223
224
225
226
227
228
229
230
231
232
233
235
236
237
238
239
240
241
242
243
244
245
246
247
248
249
250
251
252
253
254
255
256
257
259
260
262
263
264
265
266
267
268
269
270
271
272
273
274
275
276
277
278
279
280
281
282
283
284
285
286
287
288
289
290
291
292
293
294
295
296
297
299
300
301
302
303
304
305
306
307
308
309
310
311
312
313
314
315
316
317
318
319
320
321
322
323
324
325
326
327
328
329
330
331
332
333
334
335
336
337
338
339
340
341
343
344
345
346
347
348
349
350
351
352
353
355
356
357
358
359
360
361
362
364
365
366
367
368
369
370
371
372
373
374
375
376
377
378
379
380
381
382
383
384
385
386
387
388
389
390
391
392
393
394
395
396
397
398
399
400
401
402
403
404
405
406
407
408
409
410
411
412
413
414
415
416
418
419
420
421
422
423
424
425
426
427
428
429
430
431
432
433
434
435
436
437
438
439
440
441
442
443
444
445
446
447
448
449
450
451
452
453
454
455
456
457
458
459
460
461
462
464
465
466
467
468
469
470
471
472
473
474
475
476
477
478
479
480
481
482
483
484
485
486
487
488
489
490
491
492
493
495
496
497
498
499
500
501
502
503
504
505
506
507
508
509
510
511
512
513
514
515
516
517
518
519
520
521
522
523
524
525
526
527
528
530
531
532
533
534
535
536
537
538
539
540
541
542
543
544
545
546
547
548
549
550
551
552
553
554
556
557
558
559
560
561
562
563
564
565
566
567
568
569
570
571
572
573
574
575
576
577
578
579
580
581
582
583
584
585
586
587
588
589
590
591
592
593
594
595
596
597
598
599
600
601
602
603
604
605
606
607
609
610
611
612
613
614
615
616
617
618
619
621
622
623
624
625
626
627
628
629
630
631
632
633
634
635
636
637
638
639
640
641
642
643
644
645
646
647
648
649
650
651
652
653
654
655
656
657
658
659
660
661
662
663
664
665
666
667
668
669
670
671
672
673
674
675
676
677
678
679
680
681
682
683
684
685
686
687
688
689
690
691
692
693
694
695
696
697
698
699
700
701
702
703
704
705
706
707
708
709
710
711
712
713
714
715
716
717
718
719
720
721
722
723
724
725
726
727
728
729
730
731
732
733
734
735
736
737
738
739
740
741
742
743
744
745
746
747
748
749
750
751
752
753
754
756
757
758
759
760
761
762
763
764
765
767
768
769
770
771
772
773
774
775
776
777
778
779
780
781
782
783
784
785
786
787
788
789
790
791
792
793
794
795
796
797
798
799
800
801
802
803
804
805
806
807
808
809
810
811
812
813
814
815
816
817
818
819
820
821
822
823
824
825
826
827
828
829
830
831
832
833
834
835
836
837
838
839
840
841
842
843
844
845
846
847
848
849
850
851
852
853
854
855
856
857
858
859
860
861
862
863
864
865
866
867
868
869
870
871
872
873
874
875
876
877
878
879
880
881
882
883
884
885
886
887
888
889
890
891
892
893
894
895
896
897
898
899
900
901
902
903
904
905
906
907
908
909
910
911
912
913
914
915
916
917
918
919
920
921
922
923
924
925
926
927
928
929
930
931
932
933
934
935
936
937
938
939
940
941
942
943
944
945
946
947
948
949
950
951
952
953
954
955
956
957
958
960
961
962
963
964
965
966
967
968
969
970
971
972
973
974
975
976
977
978
979
980
981
982
983
984
985
986
987
988
989
990
991
992
993
994
995
996
997
998
999
1000
1001
1002
1003
1004
0 512 3
0 249 4
0 178 9
0 716 1
0 732 2
2 416 1
2 502 1
2 812 1
2 236 1
2 790 6
2 700 2
2 126 1
4 784 1
4 135 3
5 491 1
5 189 1
6 249 1
6 178 2
6 236 2
6 61 1
8 696 1
13 532 4
13 516 1
14 1001 1
14 924 7
14 724 1
14 381 1
16 377 1
16 410 2
24 647 2
24 31 1
24 301 1
24 530 8
24 629 3
24 630 4
24 891 2
24 61 2
24 181 2
25 73 1
30 765 4
31 316 1
31 990 1
35 207 2
38 832 1
38 474 1
38 324 1
38 309 1
40 214 1
40 471 1
41 73 1
41 458 1
41 723 2
42 402 1
46 310 1
48 73 1
48 458 2
48 499 1
50 559 2
52 868 2
53 633 1
53 946 2
53 997 1
53 951 1
56 432 1
56 482 1
56 987 1
56 90 1
56 951 1
61 356 1
61 392 1
61 522 2
61 428 1
61 306 1
61 718 5
61 241 1
61 178 2
61 883 2
61 724 2
61 926 1
61 730 1
61 830 1
61 991 1
62 800 3
62 542 2
62 646 5
62 159 1
65 772 2
65 334 3
65 687 3
66 227 1
67 963 9
67 165 3
67 846 11
67 207 3
67 561 4
67 344 6
69 322 1
69 879 1
70 90 3
70 471 1
73 918 1
73 672 1
73 679 1
73 684 1
73 558 1
73 434 1
73 565 1
73 956 1
73 318 1
73 319 1
73 704 1
73 321 1
73 458 2
73 723 1
73 216 1
73 481 1
73 618 1
73 366 1
73 499 2
73 758 2
74 674 1
74 294 5
74 166 1
74 104 2
74 586 1
74 110 1
74 112 2
74 392 4
74 759 1
74 447 1
75 609 2
76 410 5
78 178 2
78 502 2
78 422 4
82 135 2
83 697 1
83 771 2
86 443 3
86 662 1
90 416 1
90 865 2
90 802 1
90 742 4
90 135 3
90 712 1
90 978 1
90 526 1
90 482 1
90 720 1
90 881 1
90 530 4
90 851 1
90 629 1
90 534 2
90 850 4
90 509 2
90 542 1
90 994 1
91 580 2
92 990 1
96 299 1
96 388 1
96 509 1
96 559 1
98 592 3
101 246 1
103 832 1
103 514 2
103 310 1
103 423 1
103 1001 1
103 780 1
103 977 18
103 950 6
103 378 1
104 425 2
104 362 1
104 126 2
106 740 1
107 192 1
107 208 1
107 236 2
107 471 1
110 112 1
110 803 1
110 674 1
111 133 1
111 935 1
112 674 4
112 166 1
112 392 1
112 267 2
112 855 1
112 700 2
113 542 7
114 249 1
116 214 1
116 159 1
118 502 1
118 862 1
120 267 2
120 772 1
120 703 2
122 410 2
122 178 3
122 479 2
125 622 1
126 868 3
126 294 2
126 550 2
126 648 1
126 362 1
126 812 4
126 790 7
126 730 3
126 586 1
127 471 2
133 602 1
133 586 2
133 765 2
134 592 1
135 736 3
135 581 22
135 870 5
135 936 4
135 746 3
135 178 1
135 942 8
135 337 1
135 371 7
135 628 2
135 245 1
135 772 5
135 471 2
135 692 2
135 170 2
136 200 1
136 428 2
136 142 1
136 629 2
136 316 1
136 990 1
137 936 1
137 659 2
141 851 1
142 428 2
142 316 3
142 990 1
143 696 1
143 796 1
147 416 2
147 577 1
147 931 3
147 933 1
147 230 1
147 171 1
147 972 1
147 590 1
147 355 1
147 277 1
147 214 2
147 471 1
147 347 1
147 686 1
147 285 1
147 926 1
147 159 4
152 443 1
153 410 2
157 248 4
157 746 1
157 740 1
157 743 4
159 578 1
159 935 2
159 776 3
159 746 1
159 334 2
159 214 2
159 951 3
160 658 1
160 530 1
160 526 1
160 838 1
160 629 2
164 638 1
165 990 1
166 416 1
166 743 3
166 759 1
166 586 2
167 978 1
167 851 1
168 416 1
168 966 1
169 595 1
169 372 1
171 214 2
173 996 1
173 506 4
173 428 1
173 541 3
175 410 2
175 275 1
178 388 3
178 519 2
178 471 1
178 409 2
178 538 2
178 295 2
178 693 5
178 569 2
178 710 2
178 333 2
178 976 2
178 339 2
178 470 2
178 599 2
178 605 2
178 862 3
178 991 2
178 228 2
178 628 1
178 629 5
178 502 12
178 249 3
178 767 2
180 727 1
181 190 4
184 843 1
184 595 4
184 907 1
184 423 1
185 833 1
185 762 2
187 450 1
188 851 1
188 502 1
189 236 2
189 362 1
189 364 1
189 718 1
189 783 1
189 690 1
189 381 1
189 502 4
189 201 1
189 440 1
189 249 1
189 410 2
189 506 1
189 670 1
189 442 1
190 353 3
190 483 1
190 656 3
190 274 3
190 373 3
190 471 1
190 920 6
190 191 2
191 692 5
192 664 2
192 381 2
193 633 1
197 746 1
199 506 1
200 971 4
200 428 1
200 952 1
200 530 2
200 344 1
200 316 1
207 424 9
207 558 1
207 851 1
207 547 1
207 373 1
207 954 2
207 795 5
207 988 1
207 469 2
208 1004 4
214 935 1
214 776 1
214 617 2
214 746 2
214 712 3
214 334 1
214 306 1
214 278 1
214 951 5
214 415 1
216 458 1
216 499 1
216 321 1
220 471 1
223 746 2
226 764 1
228 605 1
228 502 1
231 987 2
232 416 1
232 447 2
233 692 10
236 977 6
236 249 1
236 537 2
239 538 1
239 951 5
241 851 1
241 547 1
246 423 2
248 506 2
248 746 1
249 716 1
249 1004 5
249 595 1
249 410 1
250 471 1
250 823 1
250 722 1
250 818 2
250 886 2
250 535 1
250 444 1
251 410 2
253 471 1
256 416 1
256 294 3
264 338 1
264 540 1
267 838 2
267 392 1
267 586 10
267 971 1
267 561 1
267 435 5
267 891 2
267 700 2
270 924 1
274 920 1
274 817 4
274 841 1
280 502 1
280 630 1
288 391 1
288 493 2
288 561 2
288 629 2
288 630 1
288 445 2
293 410 2
294 416 6
294 586 10
294 817 1
294 885 3
294 759 1
294 313 6
294 447 4
299 622 1
299 559 2
301 547 1
301 647 2
301 978 1
301 851 4
301 795 1
302 316 1
302 428 1
302 990 1
304 317 1
305 416 6
305 946 7
306 771 2
306 587 1
310 638 2
310 477 1
311 955 2
311 773 1
313 416 7
313 765 2
313 447 5
316 392 2
316 428 2
316 915 1
316 471 1
316 857 1
318 499 1
319 458 1
321 458 1
321 618 1
322 879 1
327 381 12
329 510 1
332 435 2
332 500 4
332 782 1
334 546 1
334 534 1
334 776 1
334 617 1
334 687 1
334 500 1
334 471 1
334 692 2
334 607 1
334 923 1
335 464 3
338 994 1
338 591 1
343 950 7
347 933 2
349 976 7
349 428 4
353 891 3
355 577 1
356 416 2
356 586 2
356 743 1
360 526 1
362 866 1
362 909 1
362 664 1
362 383 1
366 499 1
369 485 5
369 646 1
369 535 4
372 595 1
372 404 2
377 457 1
377 866 1
377 729 2
378 977 1
378 514 1
379 568 1
381 643 1
383 1001 2
383 891 1
383 580 2
383 586 1
388 843 2
392 674 1
397 671 1
397 975 1
402 559 2
410 482 2
410 837 2
410 1001 2
410 650 2
410 994 2
410 541 2
410 433 2
410 777 2
410 969 2
410 924 2
413 935 3
414 891 2
415 712 1
415 833 1
415 718 3
416 868 6
416 425 1
416 586 2
416 471 1
416 435 1
416 946 5
416 948 2
416 790 1
416 439 1
416 447 1
418 977 11
418 996 10
420 559 1
421 424 5
421 547 1
421 851 1
421 795 3
422 731 2
423 977 5
424 547 1
424 851 1
424 795 8
425 946 7
425 765 5
427 955 3
427 471 1
428 647 1
428 915 4
428 857 1
428 990 1
429 454 2
432 809 1
435 586 4
435 782 1
443 602 2
443 743 2
445 891 4
447 586 3
447 782 1
447 573 1
450 568 1
450 746 1
450 695 3
454 592 5
454 609 1
458 577 1
458 684 2
458 558 1
458 499 1
458 723 1
458 956 1
466 802 1
469 851 1
471 940 1
471 948 1
471 963 3
471 850 1
471 987 1
471 700 1
471 752 1
471 499 1
471 629 1
472 946 2
472 782 1
474 939 1
482 951 1
485 513 1
488 568 1
491 644 1
493 530 1
493 630 1
495 568 1
497 773 2
499 684 3
499 618 1
499 844 1
499 723 1
499 758 1
500 586 1
500 684 2
500 687 1
500 692 1
500 542 5
502 746 4
502 724 2
502 605 8
502 862 2
506 996 2
506 1001 1
506 541 4
506 644 1
509 832 2
509 638 2
512 851 1
512 547 1
513 646 1
514 832 1
514 1001 1
514 780 1
514 977 8
514 950 1
516 761 2
516 532 1
516 790 1
516 783 1
517 948 1
530 746 2
530 629 19
530 630 5
530 891 8
531 987 2
532 828 2
534 746 2
534 692 1
534 862 3
540 955 2
542 746 2
542 591 1
543 654 2
547 647 2
547 851 2
547 954 1
547 795 1
547 957 1
550 834 1
558 684 1
559 622 2
561 629 1
561 846 4
563 696 1
565 723 1
568 802 5
568 947 1
573 586 1
577 933 1
577 686 2
581 936 5
582 994 1
584 731 4
586 762 1
586 617 2
586 782 1
586 602 4
587 720 12
591 746 2
592 609 3
592 713 1
595 683 1
599 693 1
602 765 1
602 743 4
605 693 1
607 946 1
609 692 2
622 676 1
626 771 1
629 685 2
629 630 1
629 891 10
629 946 3
630 954 5
633 946 1
633 951 1
638 832 1
638 740 2
643 685 1
647 817 2
647 953 1
647 990 1
650 682 1
650 654 1
654 738 2
654 682 2
654 783 1
656 920 1
662 746 1
664 702 1
668 720 1
668 746 12
668 935 1
671 995 1
671 692 2
682 738 1
682 850 3
682 783 3
684 956 1
684 746 2
687 746 1
687 923 1
692 775 2
692 746 4
695 947 1
697 771 2
700 720 1
700 870 1
700 790 3
702 924 1
703 784 1
716 724 2
716 718 1
718 746 1
718 724 4
720 833 1
720 935 2
720 746 3
721 765 1
724 883 2
724 851 1
724 796 1
731 746 1
739 746 1
739 935 1
740 879 1
742 784 1
742 746 1
742 771 8
746 900 4
746 776 2
746 812 1
746 920 1
746 935 21
746 775 1
746 813 1
746 834 1
746 851 1
746 980 1
746 992 2
746 994 1
746 870 1
752 776 1
758 844 1
764 987 2
765 868 4
765 936 3
765 908 7
765 790 3
772 923 1
773 955 1
774 947 117
775 995 1
776 935 1
780 977 8
790 868 9
790 812 4
790 863 1
795 978 1
795 851 1
795 957 1
804 881 1
817 851 1
832 950 1
838 952 1
840 955 1
841 920 2
851 978 4
851 957 1
857 990 1
858 991 1
862 909 6
863 993 1
863 901 3
868 889 1
870 935 1
920 935 1
925 955 2
950 977 8
953 990 1
955 987 2
977 1001 2
977 1004 5
