0
1
2
3
4
5
6
7
8
9
10
11
12
13
14
15
16
17
18
19
20
21
22
23
24
25
26
27
28
29
30
31
32
33
34
35
36
37
38
39
40
41
42
43
44
45
46
47
48
49
50
51
52
53
54
55
56
57
58
59
60
61
62
63
64
65
66
67
68
69
70
71
72
73
74
75
76
77
78
79
80
81
82
83
84
85
86
87
88
89
90
91
92
93
94
95
96
97
98
99
100
101
102
103
104
105
106
107
108
109
110
111
112
113
114
115
116
117
118
119
120
121
122
123
124
125
126
127
128
129
130
131
132
133
134
135
136
137
138
139
141
142
143
144
145
146
147
148
149
150
151
152
153
154
155
157
158
159
160
161
162
163
164
165
166
167
168
169
170
171
172
173
174
175
176
177
178
179
180
181
182
183
184
185
186
187
188
189
190
191
192
193
194
195
196
197
198
199
200
201
202
203
204
205
206
207
208
209
210
211
212
213
214
215
216
217
218
219
220
221
222
223
224
225
226
227
228
229
230
231
232
233
235
236
237
238
239
240
241
242
243
244
245
246
247
248
249
250
251
252
253
254
255
256
257
259
260
262
263
264
265
266
267
268
269
270
271
272
273
274
275
276
277
278
279
280
281
282
283
284
285
286
287
288
289
290
291
292
293
294
295
296
297
299
300
301
302
303
304
305
306
307
308
309
310
311
312
313
314
315
316
317
318
319
320
321
322
323
324
325
326
327
328
329
330
331
332
333
334
335
336
337
338
339
340
341
343
344
345
346
347
348
349
350
351
352
353
355
356
357
358
359
360
361
362
364
365
366
367
368
369
370
371
372
373
374
375
376
377
378
379
380
381
382
383
384
385
386
387
388
389
390
391
392
393
394
395
396
397
398
399
400
401
402
403
404
405
406
407
408
409
410
411
412
413
414
415
416
418
419
420
421
422
423
424
425
426
427
428
429
430
431
432
433
434
435
436
437
438
439
440
441
442
443
444
445
446
447
448
449
450
451
452
453
454
455
456
457
458
459
460
461
462
464
465
466
467
468
469
470
471
472
473
474
475
476
477
478
479
480
481
482
483
484
485
486
487
488
489
490
491
492
493
495
496
497
498
499
500
501
502
503
504
505
506
507
508
509
510
511
512
513
514
515
516
517
518
519
520
521
522
523
524
525
526
527
528
530
531
532
533
534
535
536
537
538
539
540
541
542
543
544
545
546
547
548
549
550
551
552
553
554
556
557
558
559
560
561
562
563
564
565
566
567
568
569
570
571
572
573
574
575
576
577
578
579
580
581
582
583
584
585
586
587
588
589
590
591
592
593
594
595
596
597
598
599
600
601
602
603
604
605
606
607
609
610
611
612
613
614
615
616
617
618
619
621
622
623
624
625
626
627
628
629
630
631
632
633
634
635
636
637
638
639
640
641
642
643
644
645
646
647
648
649
650
651
652
653
654
655
656
657
658
659
660
661
662
663
664
665
666
667
668
669
670
671
672
673
674
675
676
677
678
679
680
681
682
683
684
685
686
687
688
689
690
691
692
693
694
695
696
697
698
699
700
701
702
703
704
705
706
707
708
709
710
711
712
713
714
715
716
717
718
719
720
721
722
723
724
725
726
727
728
729
730
731
732
733
734
735
736
737
738
739
740
741
742
743
744
745
746
747
748
749
750
751
752
753
754
756
757
758
759
760
761
762
763
764
765
767
768
769
770
771
772
773
774
775
776
777
778
779
780
781
782
783
784
785
786
787
788
789
790
791
792
793
794
795
796
797
798
799
800
801
802
803
804
805
806
807
808
809
810
811
812
813
814
815
816
817
818
819
820
821
822
823
824
825
826
827
828
829
830
831
832
833
834
835
836
837
838
839
840
841
842
843
844
845
846
847
848
849
850
851
852
853
854
855
856
857
858
859
860
861
862
863
864
865
866
867
868
869
870
871
872
873
874
875
876
877
878
879
880
881
882
883
884
885
886
887
888
889
890
891
892
893
894
895
896
897
898
899
900
901
902
903
904
905
906
907
908
909
910
911
912
913
914
915
916
917
918
919
920
921
922
923
924
925
926
927
928
929
930
931
932
933
934
935
936
937
938
939
940
941
942
943
944
945
946
947
948
949
950
951
952
953
954
955
956
957
958
960
961
962
963
964
965
966
967
968
969
970
971
972
973
974
975
976
977
978
979
980
981
982
983
984
985
986
987
988
989
990
991
992
993
994
995
996
997
998
999
1000
1001
1002
1003
1004
0 118 1
1 106 1
2 868 1
2 283 2
2 236 2
2 790 2
2 769 1
4 720 1
4 585 2
5 506 1
5 491 1
5 175 1
6 506 1
8 143 1
13 719 1
14 506 1
14 410 1
15 680 2
15 731 1
15 422 1
16 248 1
16 410 1
16 127 2
24 280 3
24 658 1
24 629 4
24 647 1
25 844 1
25 558 1
27 147 1
28 987 1
29 506 3
29 335 1
30 168 1
30 472 1
30 765 1
31 200 1
31 92 1
31 428 1
31 165 5
31 990 1
32 280 1
32 569 2
32 883 1
35 280 1
35 658 1
35 978 1
40 272 1
40 193 1
40 147 2
40 695 1
41 723 1
41 565 1
41 758 1
45 227 3
48 704 3
48 672 1
48 956 4
48 558 4
52 868 1
53 56 2
53 311 1
53 343 1
56 641 1
56 410 1
56 987 2
56 159 1
61 522 2
61 843 3
61 700 1
61 278 1
61 718 10
62 500 2
62 646 1
62 542 3
62 159 1
65 609 1
65 546 1
65 687 1
65 592 1
65 147 3
65 191 2
66 227 6
67 344 2
67 963 5
67 165 2
67 207 1
68 987 1
75 772 5
75 334 1
75 607 1
77 168 4
77 912 5
77 356 1
77 260 1
77 439 2
79 746 43
82 720 1
83 769 1
86 152 1
86 769 1
86 443 3
86 662 1
90 769 1
90 226 1
90 900 1
90 935 1
90 841 3
90 356 1
90 306 1
90 500 2
90 361 2
90 920 1
90 644 1
90 703 1
90 927 2
91 607 1
92 658 1
92 207 1
95 585 1
95 987 1
95 769 1
98 592 2
98 454 1
101 423 2
102 950 1
102 510 1
103 514 1
103 951 1
105 774 1
106 788 1
106 828 1
106 950 1
106 1001 1
107 440 1
107 553 2
107 381 1
110 112 1
112 392 1
112 267 1
112 700 1
112 573 1
113 927 2
114 127 1
118 732 2
118 365 6
120 769 1
120 356 1
122 428 3
125 510 1
125 622 1
126 416 1
126 168 2
126 585 1
126 782 1
126 602 1
126 700 1
127 546 1
127 904 1
127 843 1
127 716 1
127 718 2
127 724 1
127 281 2
134 592 1
134 416 1
134 454 1
135 769 1
135 942 5
135 720 1
135 371 1
135 628 7
135 569 1
135 540 1
136 200 1
136 428 2
136 207 1
136 658 1
136 371 1
136 629 1
136 280 1
136 857 1
137 771 2
139 323 1
139 510 2
141 978 1
142 280 1
142 658 1
146 326 2
147 416 1
147 290 3
147 933 1
147 230 2
147 577 1
147 171 1
147 972 1
147 590 2
147 308 1
147 277 1
147 471 1
147 890 1
147 347 1
147 285 1
147 926 1
147 686 1
149 716 2
149 790 1
151 609 1
151 253 3
152 769 1
152 443 1
152 662 2
153 977 3
154 510 1
157 356 1
159 609 1
159 290 1
159 551 3
159 713 1
159 940 4
159 769 1
159 398 1
159 500 7
159 334 2
159 214 5
159 695 1
159 506 1
159 283 1
159 220 1
159 927 1
160 530 1
160 658 1
160 629 6
160 630 1
160 280 2
160 857 1
160 858 2
160 891 1
164 548 2
164 638 2
165 344 1
165 401 4
165 316 1
166 416 3
166 294 1
166 743 1
166 586 2
166 782 2
166 500 1
166 984 1
167 280 1
167 978 3
167 851 1
167 988 3
167 658 1
168 416 2
168 260 3
168 648 2
168 557 1
168 912 10
168 232 1
168 500 1
168 885 1
168 868 2
168 472 5
168 356 4
168 575 2
170 697 3
171 933 1
171 951 2
173 248 1
174 510 1
175 737 2
175 849 2
175 275 1
175 423 3
180 958 1
180 215 1
181 190 2
184 779 1
184 710 1
187 450 2
188 280 2
188 978 5
188 988 1
188 658 1
188 469 1
189 249 2
190 353 1
190 772 2
190 656 3
190 274 4
190 920 2
190 890 1
191 416 1
191 209 1
192 381 2
193 739 1
193 870 1
193 540 2
193 306 1
193 880 2
193 338 1
193 435 4
193 662 2
193 633 1
193 923 2
193 700 1
196 546 1
197 987 1
199 506 3
200 971 6
200 428 3
200 344 2
200 915 3
200 952 1
200 543 1
203 306 2
206 510 1
207 847 5
207 561 3
207 658 1
207 469 2
207 280 1
207 953 2
207 795 2
208 1004 1
208 236 4
209 356 1
214 290 1
214 443 1
214 230 2
214 912 3
214 891 1
214 765 3
216 558 1
223 343 2
223 534 1
223 879 3
228 605 1
229 769 1
229 306 1
229 343 2
231 769 1
231 738 1
231 245 1
231 698 1
231 987 1
231 540 4
231 863 1
232 260 2
233 769 3
233 746 1
233 692 5
236 537 4
236 690 1
236 790 3
242 994 1
242 540 2
245 698 1
245 987 1
245 427 1
246 423 2
248 450 1
248 364 2
248 783 2
248 692 1
248 921 1
248 506 5
248 670 1
249 569 1
249 506 1
249 716 1
249 1004 1
250 886 1
250 927 4
251 987 1
253 290 4
253 566 4
256 416 2
260 356 1
260 912 1
260 472 1
264 454 1
267 944 4
267 674 1
267 891 1
272 450 1
274 280 1
274 658 1
274 772 1
275 849 1
275 737 1
278 609 1
280 647 2
280 526 3
280 493 1
280 656 1
280 915 2
280 408 1
280 547 2
280 561 2
280 301 1
280 817 1
280 530 4
280 953 1
280 851 2
280 990 1
280 739 1
280 360 2
280 658 3
280 920 2
280 629 1
280 631 2
280 891 1
281 896 2
285 915 4
290 739 1
290 614 2
291 401 1
291 454 1
293 572 1
294 416 1
294 586 1
294 817 1
294 500 1
294 762 1
301 978 1
301 658 1
305 416 5
305 912 8
305 356 1
306 742 5
306 769 1
306 659 2
306 660 1
306 374 2
308 748 1
311 697 3
311 987 1
313 416 1
316 857 2
316 915 5
316 428 2
318 704 1
319 558 1
321 499 1
321 956 1
322 420 1
322 510 1
327 381 5
329 624 2
329 769 1
332 500 2
332 782 1
333 569 2
334 356 1
334 687 1
334 534 1
334 607 4
335 532 4
337 646 1
338 987 2
338 540 1
343 427 2
343 663 1
344 838 1
347 933 1
347 966 2
353 891 13
353 373 1
356 416 1
356 704 1
356 743 4
356 586 3
356 591 1
356 912 6
356 472 1
356 502 1
356 569 2
356 868 1
356 602 7
356 607 4
360 658 1
360 530 1
360 526 1
360 629 1
361 987 1
364 769 1
364 506 3
364 987 1
369 823 2
369 927 3
371 720 1
372 404 1
372 595 3
372 572 3
372 415 2
377 457 2
377 522 2
378 514 1
381 1001 2
381 532 2
383 528 1
388 427 1
388 534 1
400 769 1
401 415 5
401 429 9
401 454 3
407 843 1
408 658 1
408 847 1
410 719 1
414 891 1
415 546 1
415 569 4
416 833 1
416 648 2
416 912 1
416 868 1
416 575 1
416 586 1
416 927 3
418 977 1
421 795 2
422 731 8
423 866 1
423 710 2
423 977 4
424 658 1
424 795 2
424 847 2
427 955 1
427 510 1
429 454 2
431 988 1
432 987 1
433 987 1
435 500 1
443 769 1
443 662 2
443 742 2
443 743 2
443 602 2
444 927 2
450 712 5
450 947 2
450 695 1
450 572 1
454 772 1
454 592 2
454 890 1
458 558 2
461 506 3
462 833 1
466 712 1
468 808 1
469 585 1
469 978 3
469 988 3
470 569 1
470 546 1
470 789 2
470 502 1
470 605 1
472 912 1
472 575 2
477 510 1
477 534 1
482 569 4
482 987 1
482 847 1
485 542 1
485 927 2
489 510 1
493 658 1
493 629 1
493 630 1
497 977 2
499 704 2
499 546 1
499 558 1
499 723 1
499 565 1
499 956 1
500 782 2
500 535 1
500 984 2
502 569 1
502 718 1
502 599 6
506 769 1
506 644 2
506 1004 1
506 783 1
506 921 5
506 796 1
506 670 4
506 541 1
506 724 1
506 605 1
506 996 2
506 881 1
510 939 1
510 649 1
510 524 1
510 562 1
510 622 1
510 534 3
511 987 1
513 927 2
514 832 2
514 780 1
514 950 1
515 927 2
517 674 1
517 586 1
522 718 3
522 613 1
526 658 1
526 530 3
526 629 1
528 739 3
530 685 2
530 690 1
530 629 19
530 630 5
530 891 1
531 987 7
532 837 1
535 823 1
535 542 1
535 927 4
538 693 1
540 994 1
540 855 1
540 697 3
540 698 1
540 987 2
542 646 1
542 743 2
542 854 1
542 823 1
542 927 2
546 550 1
546 614 2
546 629 1
546 607 1
546 927 1
547 978 1
547 658 1
547 954 1
549 833 1
550 684 1
550 743 1
551 927 2
561 585 1
561 846 4
561 658 1
561 629 1
562 638 1
563 731 2
565 704 3
565 679 1
565 723 2
565 956 1
568 935 6
569 847 1
569 599 2
569 605 1
569 862 2
572 695 1
581 720 1
581 769 1
582 987 1
582 764 1
585 870 1
585 695 2
586 782 3
586 854 1
586 984 1
587 720 2
588 987 1
590 926 1
590 686 1
591 718 1
592 713 1
592 927 4
595 700 1
602 912 1
602 868 2
605 693 1
607 609 1
607 927 1
609 617 1
609 687 1
609 923 1
609 927 1
614 858 1
617 720 1
628 720 2
629 658 1
629 685 1
629 846 1
629 630 1
629 631 1
629 633 1
629 891 26
630 920 4
631 658 1
631 846 1
641 987 1
643 685 4
646 927 2
647 658 1
650 682 4
650 654 2
654 682 4
656 658 1
658 817 1
658 990 1
658 953 1
659 769 1
659 742 2
669 844 1
672 844 1
674 803 1
680 720 1
681 718 1
682 738 1
682 783 1
684 704 3
685 1001 2
685 724 1
692 746 5
692 742 1
692 769 1
697 873 1
697 855 5
697 925 3
698 840 1
698 873 1
698 764 1
700 761 1
700 947 1
700 863 1
702 977 1
710 832 1
715 926 1
718 843 3
719 738 1
719 837 1
719 783 1
720 870 1
720 731 1
722 927 2
723 758 1
724 1001 1
731 739 1
737 849 2
738 850 1
742 769 1
742 765 2
746 935 43
758 844 1
758 956 1
758 918 2
764 987 1
765 868 3
769 771 1
769 772 1
769 901 1
769 951 1
769 863 1
769 835 1
769 993 1
769 873 1
770 927 2
771 901 1
772 987 2
772 927 2
774 947 25
789 987 3
796 977 1
809 987 1
817 978 1
823 927 2
840 987 1
844 956 1
849 987 1
851 978 1
854 927 3
857 915 1
861 896 1
872 987 1
873 987 1
933 966 2
935 966 1
955 987 1
957 978 1
977 1001 4
977 1004 2
978 988 2
987 994 1
