0
1
2
3
4
5
6
7
8
9
10
11
12
13
14
15
16
17
18
19
20
21
22
23
24
25
26
27
28
29
30
31
32
33
34
35
36
37
38
39
40
41
42
43
44
45
46
47
48
49
50
51
52
53
54
55
56
57
58
59
60
61
62
63
64
65
66
67
68
69
70
71
72
73
74
75
76
77
78
79
80
81
82
83
84
85
86
87
88
89
90
91
92
93
94
95
96
97
98
99
100
101
102
103
104
105
106
107
108
109
110
111
112
113
114
115
116
117
118
119
120
121
122
123
124
125
126
127
128
129
130
131
132
133
134
135
136
137
138
139
141
142
143
144
145
146
147
148
149
150
151
152
153
154
155
157
158
159
160
161
162
163
164
165
166
167
168
169
170
171
172
173
174
175
176
177
178
179
180
181
182
183
184
185
186
187
188
189
190
191
192
193
194
195
196
197
198
199
200
201
202
203
204
205
206
207
208
209
210
211
212
213
214
215
216
217
218
219
220
221
222
223
224
225
226
227
228
229
230
231
232
233
235
236
237
238
239
240
241
242
243
244
245
246
247
248
249
250
251
252
253
254
255
256
257
259
260
262
263
264
265
266
267
268
269
270
271
272
273
274
275
276
277
278
279
280
281
282
283
284
285
286
287
288
289
290
291
292
293
294
295
296
297
299
300
301
302
303
304
305
306
307
308
309
310
311
312
313
314
315
316
317
318
319
320
321
322
323
324
325
326
327
328
329
330
331
332
333
334
335
336
337
338
339
340
341
343
344
345
346
347
348
349
350
351
352
353
355
356
357
358
359
360
361
362
364
365
366
367
368
369
370
371
372
373
374
375
376
377
378
379
380
381
382
383
384
385
386
387
388
389
390
391
392
393
394
395
396
397
398
399
400
401
402
403
404
405
406
407
408
409
410
411
412
413
414
415
416
418
419
420
421
422
423
424
425
426
427
428
429
430
431
432
433
434
435
436
437
438
439
440
441
442
443
444
445
446
447
448
449
450
451
452
453
454
455
456
457
458
459
460
461
462
464
465
466
467
468
469
470
471
472
473
474
475
476
477
478
479
480
481
482
483
484
485
486
487
488
489
490
491
492
493
495
496
497
498
499
500
501
502
503
504
505
506
507
508
509
510
511
512
513
514
515
516
517
518
519
520
521
522
523
524
525
526
527
528
530
531
532
533
534
535
536
537
538
539
540
541
542
543
544
545
546
547
548
549
550
551
552
553
554
556
557
558
559
560
561
562
563
564
565
566
567
568
569
570
571
572
573
574
575
576
577
578
579
580
581
582
583
584
585
586
587
588
589
590
591
592
593
594
595
596
597
598
599
600
601
602
603
604
605
606
607
609
610
611
612
613
614
615
616
617
618
619
621
622
623
624
625
626
627
628
629
630
631
632
633
634
635
636
637
638
639
640
641
642
643
644
645
646
647
648
649
650
651
652
653
654
655
656
657
658
659
660
661
662
663
664
665
666
667
668
669
670
671
672
673
674
675
676
677
678
679
680
681
682
683
684
685
686
687
688
689
690
691
692
693
694
695
696
697
698
699
700
701
702
703
704
705
706
707
708
709
710
711
712
713
714
715
716
717
718
719
720
721
722
723
724
725
726
727
728
729
730
731
732
733
734
735
736
737
738
739
740
741
742
743
744
745
746
747
748
749
750
751
752
753
754
756
757
758
759
760
761
762
763
764
765
767
768
769
770
771
772
773
774
775
776
777
778
779
780
781
782
783
784
785
786
787
788
789
790
791
792
793
794
795
796
797
798
799
800
801
802
803
804
805
806
807
808
809
810
811
812
813
814
815
816
817
818
819
820
821
822
823
824
825
826
827
828
829
830
831
832
833
834
835
836
837
838
839
840
841
842
843
844
845
846
847
848
849
850
851
852
853
854
855
856
857
858
859
860
861
862
863
864
865
866
867
868
869
870
871
872
873
874
875
876
877
878
879
880
881
882
883
884
885
886
887
888
889
890
891
892
893
894
895
896
897
898
899
900
901
902
903
904
905
906
907
908
909
910
911
912
913
914
915
916
917
918
919
920
921
922
923
924
925
926
927
928
929
930
931
932
933
934
935
936
937
938
939
940
941
942
943
944
945
946
947
948
949
950
951
952
953
954
955
956
957
958
960
961
962
963
964
965
966
967
968
969
970
971
972
973
974
975
976
977
978
979
980
981
982
983
984
985
986
987
988
989
990
991
992
993
994
995
996
997
998
999
1000
1001
1002
1003
1004
0 178 4
2 768 1
2 868 1
2 236 3
2 77 2
2 500 6
2 629 1
2 790 8
2 119 1
2 700 4
4 784 5
4 371 1
8 580 1
13 516 1
14 1001 4
14 506 3
14 924 2
14 410 1
14 702 6
15 731 6
16 410 2
16 718 2
18 896 2
18 622 1
24 530 1
24 891 4
24 629 2
25 48 1
25 216 1
25 684 1
25 844 1
25 319 1
28 231 1
30 936 1
30 912 1
30 765 4
31 165 9
32 746 8
32 197 3
32 862 1
35 207 1
38 395 2
38 61 1
41 458 1
45 66 1
48 684 2
48 558 1
52 868 1
52 782 1
53 193 2
53 443 1
53 499 2
56 410 1
58 577 1
58 338 1
58 909 6
61 522 1
61 843 1
61 718 5
61 659 1
61 568 1
62 800 1
62 485 1
62 646 2
62 214 5
62 542 2
62 159 1
67 963 8
70 324 1
73 458 1
74 392 1
74 885 2
74 166 3
75 178 2
75 772 1
76 410 1
77 168 2
77 260 2
77 908 2
77 949 2
83 784 13
83 742 1
90 898 4
90 807 1
90 714 2
90 940 1
90 718 3
90 113 2
90 946 3
90 472 2
90 313 2
90 923 1
90 479 1
92 838 2
98 401 2
101 246 1
101 423 2
103 423 2
104 648 1
104 425 2
104 765 1
104 126 2
107 810 1
111 885 2
112 166 3
113 854 7
113 535 1
120 586 2
120 772 1
120 870 1
122 410 1
122 716 1
122 693 2
125 622 3
126 984 3
126 416 1
126 294 1
127 716 1
132 842 2
135 932 4
136 200 1
136 383 1
136 971 1
136 207 1
137 936 2
139 323 1
141 630 2
147 416 4
147 844 2
147 590 2
147 214 3
147 159 1
150 471 1
152 443 2
153 410 1
160 891 1
160 915 1
160 629 4
165 207 1
165 401 8
165 344 4
165 316 4
165 349 1
166 416 1
166 674 2
166 803 2
166 392 4
166 573 1
166 883 1
166 500 6
166 586 4
168 416 3
168 260 8
168 790 1
168 648 2
168 266 1
168 912 8
168 721 1
168 984 1
168 949 10
168 214 1
168 439 4
168 472 6
168 313 1
168 765 4
169 372 1
170 697 1
170 540 6
173 924 1
175 410 1
178 482 1
178 530 8
178 693 5
178 502 3
178 250 2
178 629 8
181 696 2
182 185 1
184 423 1
185 854 2
189 236 1
191 692 1
192 381 2
193 731 2
193 923 3
193 205 3
193 272 1
193 692 1
193 245 1
193 633 1
193 443 3
196 873 1
196 731 1
196 413 1
197 746 3
199 996 1
199 506 4
199 644 1
199 924 2
200 344 2
200 857 3
200 915 2
200 428 2
206 622 1
207 241 1
207 469 1
207 428 4
207 302 1
207 957 1
207 424 2
207 558 4
207 953 2
207 954 2
207 795 4
207 988 1
207 349 2
207 373 1
214 807 1
214 841 2
214 746 1
214 651 1
214 940 2
214 844 1
214 912 1
214 306 2
214 692 2
214 951 3
214 316 1
216 558 1
216 321 1
229 334 1
229 742 2
231 540 5
231 338 1
231 245 3
231 698 2
232 472 3
232 425 2
233 692 1
236 537 1
239 978 1
239 951 3
245 698 2
245 540 1
245 951 2
246 423 3
250 854 1
251 410 1
256 648 1
256 313 2
256 885 3
260 266 2
260 949 4
260 790 2
260 439 3
260 472 3
260 762 1
266 416 1
266 949 2
267 838 4
267 392 1
267 586 2
267 530 2
267 629 1
267 891 1
270 828 1
272 450 1
277 355 1
284 731 4
285 844 1
288 561 3
288 629 2
288 445 2
288 630 1
288 493 3
291 401 1
293 724 1
293 711 1
294 313 1
294 885 2
299 634 1
302 802 1
306 784 13
306 742 2
306 374 1
311 540 1
313 416 1
313 356 1
313 648 1
313 885 3
313 472 1
313 765 1
313 447 2
315 936 2
316 772 1
316 392 5
316 915 4
316 857 1
319 1002 1
319 558 1
321 499 1
321 684 1
323 788 2
323 622 1
327 381 2
329 540 1
334 692 1
343 950 2
353 920 1
353 891 5
353 951 1
356 472 1
356 912 2
356 730 1
362 660 1
372 404 1
374 742 1
381 506 3
381 468 1
401 429 2
401 415 2
407 843 4
410 482 1
410 837 1
410 1001 1
410 650 1
410 994 1
410 719 1
410 433 1
410 777 1
410 969 1
410 924 1
410 541 1
413 746 2
415 629 1
416 912 3
416 946 1
416 500 1
416 949 1
416 472 3
416 586 6
416 885 7
423 977 2
424 795 1
424 990 1
425 946 1
435 500 4
439 949 4
440 737 1
443 662 1
447 586 1
447 885 3
450 595 1
450 947 1
450 695 5
458 499 1
458 558 1
458 577 1
472 912 7
482 569 1
499 844 1
499 558 1
500 515 1
500 586 18
500 814 5
500 687 1
500 782 3
500 762 3
500 573 4
500 542 1
502 746 1
506 732 1
506 1001 15
506 810 2
506 657 1
506 996 1
506 951 1
506 644 3
506 923 6
506 924 2
509 634 1
510 622 3
513 646 2
516 761 1
516 532 1
530 630 9
530 838 1
530 851 3
530 629 10
530 790 1
530 696 3
530 891 7
532 828 1
532 700 1
535 854 4
538 862 1
540 855 1
540 697 1
540 698 2
540 955 1
540 925 1
541 924 1
542 746 2
542 854 1
552 851 1
558 684 2
559 622 3
565 684 1
568 742 1
573 586 2
581 932 2
581 628 1
585 660 1
586 772 1
586 782 4
586 885 1
586 762 3
586 700 1
595 718 1
599 976 1
602 868 1
605 693 4
617 923 1
622 676 3
626 784 2
629 630 4
629 891 3
630 685 1
630 700 2
633 923 3
634 788 1
634 638 1
644 924 6
648 885 2
648 765 1
654 738 2
658 731 1
658 838 1
659 742 1
663 950 1
670 696 2
679 684 1
680 731 1
680 717 1
682 924 1
684 844 2
684 956 2
687 746 1
692 932 7
692 742 1
692 746 15
692 923 2
693 767 2
693 791 1
696 739 2
698 840 2
698 873 2
698 764 2
702 924 1
703 784 1
710 767 1
716 980 1
716 876 1
716 718 3
718 980 1
721 765 3
730 912 2
731 746 1
738 924 1
738 828 1
742 769 1
742 784 2
746 992 4
746 900 1
746 935 7
746 844 1
746 812 2
752 997 1
757 932 6
758 844 2
759 885 2
762 885 1
764 994 1
765 936 1
772 923 1
776 923 1
782 984 1
784 863 2
789 994 1
789 987 1
790 812 2
790 868 3
795 978 1
844 918 1
844 956 1
851 920 3
851 915 2
851 978 1
857 915 1
868 889 1
870 951 1
883 936 4
885 984 2
912 949 2
924 996 1
924 1001 1
951 957 2
