0
1
2
3
4
5
6
7
8
9
10
11
12
13
14
15
16
17
18
19
20
21
22
23
24
25
26
27
28
29
30
31
32
33
34
35
36
37
38
39
40
41
42
43
44
45
46
47
48
49
50
51
52
53
54
55
56
57
58
59
60
61
62
63
64
65
66
67
68
69
70
71
72
73
74
75
76
77
78
79
80
81
82
83
84
85
86
87
88
89
90
91
92
93
94
95
96
97
98
99
100
101
102
103
104
105
106
107
108
109
110
111
112
113
114
115
116
117
118
119
120
121
122
123
124
125
126
127
128
129
130
131
132
133
134
135
136
137
138
139
141
142
143
144
145
146
147
148
149
150
151
152
153
154
155
157
158
159
160
161
162
163
164
165
166
167
168
169
170
171
172
173
174
175
176
177
178
179
180
181
182
183
184
185
186
187
188
189
190
191
192
193
194
195
196
197
198
199
200
201
202
203
204
205
206
207
208
209
210
211
212
213
214
215
216
217
218
219
220
221
222
223
224
225
226
227
228
229
230
231
232
233
235
236
237
238
239
240
241
242
243
244
245
246
247
248
249
250
251
252
253
254
255
256
257
259
260
262
263
264
265
266
267
268
269
270
271
272
273
274
275
276
277
278
279
280
281
282
283
284
285
286
287
288
289
290
291
292
293
294
295
296
297
299
300
301
302
303
304
305
306
307
308
309
310
311
312
313
314
315
316
317
318
319
320
321
322
323
324
325
326
327
328
329
330
331
332
333
334
335
336
337
338
339
340
341
343
344
345
346
347
348
349
350
351
352
353
355
356
357
358
359
360
361
362
364
365
366
367
368
369
370
371
372
373
374
375
376
377
378
379
380
381
382
383
384
385
386
387
388
389
390
391
392
393
394
395
396
397
398
399
400
401
402
403
404
405
406
407
408
409
410
411
412
413
414
415
416
418
419
420
421
422
423
424
425
426
427
428
429
430
431
432
433
434
435
436
437
438
439
440
441
442
443
444
445
446
447
448
449
450
451
452
453
454
455
456
457
458
459
460
461
462
464
465
466
467
468
469
470
471
472
473
474
475
476
477
478
479
480
481
482
483
484
485
486
487
488
489
490
491
492
493
495
496
497
498
499
500
501
502
503
504
505
506
507
508
509
510
511
512
513
514
515
516
517
518
519
520
521
522
523
524
525
526
527
528
530
531
532
533
534
535
536
537
538
539
540
541
542
543
544
545
546
547
548
549
550
551
552
553
554
556
557
558
559
560
561
562
563
564
565
566
567
568
569
570
571
572
573
574
575
576
577
578
579
580
581
582
583
584
585
586
587
588
589
590
591
592
593
594
595
596
597
598
599
600
601
602
603
604
605
606
607
609
610
611
612
613
614
615
616
617
618
619
621
622
623
624
625
626
627
628
629
630
631
632
633
634
635
636
637
638
639
640
641
642
643
644
645
646
647
648
649
650
651
652
653
654
655
656
657
658
659
660
661
662
663
664
665
666
667
668
669
670
671
672
673
674
675
676
677
678
679
680
681
682
683
684
685
686
687
688
689
690
691
692
693
694
695
696
697
698
699
700
701
702
703
704
705
706
707
708
709
710
711
712
713
714
715
716
717
718
719
720
721
722
723
724
725
726
727
728
729
730
731
732
733
734
735
736
737
738
739
740
741
742
743
744
745
746
747
748
749
750
751
752
753
754
756
757
758
759
760
761
762
763
764
765
767
768
769
770
771
772
773
774
775
776
777
778
779
780
781
782
783
784
785
786
787
788
789
790
791
792
793
794
795
796
797
798
799
800
801
802
803
804
805
806
807
808
809
810
811
812
813
814
815
816
817
818
819
820
821
822
823
824
825
826
827
828
829
830
831
832
833
834
835
836
837
838
839
840
841
842
843
844
845
846
847
848
849
850
851
852
853
854
855
856
857
858
859
860
861
862
863
864
865
866
867
868
869
870
871
872
873
874
875
876
877
878
879
880
881
882
883
884
885
886
887
888
889
890
891
892
893
894
895
896
897
898
899
900
901
902
903
904
905
906
907
908
909
910
911
912
913
914
915
916
917
918
919
920
921
922
923
924
925
926
927
928
929
930
931
932
933
934
935
936
937
938
939
940
941
942
943
944
945
946
947
948
949
950
951
952
953
954
955
956
957
958
960
961
962
963
964
965
966
967
968
969
970
971
972
973
974
975
976
977
978
979
980
981
982
983
984
985
986
987
988
989
990
991
992
993
994
995
996
997
998
999
1000
1001
1002
1003
1004
0 32 1
0 569 2
1 309 5
2 322 1
2 700 1
2 790 8
2 231 2
4 771 4
4 135 1
4 159 1
5 553 2
5 107 1
5 670 1
5 335 2
6 569 2
6 189 1
8 544 1
13 738 1
13 532 1
13 850 1
14 738 1
14 850 1
14 828 1
14 381 1
19 32 1
24 160 3
24 360 3
24 530 2
24 629 2
24 631 1
24 280 1
25 458 1
26 662 1
28 987 1
29 48 1
29 335 2
31 658 1
31 428 1
31 165 5
32 418 1
32 977 1
32 380 1
32 170 1
32 843 1
32 236 1
32 365 1
32 432 1
32 433 2
32 777 1
32 280 1
32 249 2
32 572 1
32 381 1
34 855 1
34 997 2
34 135 2
35 978 4
35 851 1
38 334 1
40 187 1
40 662 1
40 159 1
41 723 2
42 402 1
48 704 9
48 458 1
48 684 2
48 718 1
48 565 1
48 956 2
48 669 1
52 313 1
53 776 1
53 233 1
53 638 1
53 311 2
56 290 1
56 987 1
56 540 2
58 909 3
60 662 1
61 193 1
61 517 3
61 712 3
61 393 1
61 718 3
61 991 1
62 646 2
62 159 1
64 534 1
65 193 2
65 771 3
65 135 4
65 334 3
65 948 3
65 629 4
65 220 1
65 191 1
67 344 2
67 656 1
67 963 5
67 165 2
67 207 3
68 987 1
68 540 2
72 581 2
72 135 3
75 772 2
75 229 1
75 334 3
75 948 2
75 220 1
75 607 2
76 185 1
77 168 7
77 260 4
77 575 2
82 135 1
84 663 1
84 388 1
84 534 1
84 343 2
90 200 3
90 233 1
90 746 3
90 428 4
90 433 1
90 978 1
90 851 1
90 660 1
90 236 5
90 223 1
95 987 1
95 540 2
98 291 1
101 724 2
101 597 1
101 423 2
102 534 1
102 174 1
103 514 6
103 950 3
103 303 2
105 220 1
106 185 4
106 702 1
106 1001 1
107 464 1
107 201 1
107 670 1
111 362 2
112 674 4
112 267 2
112 948 1
113 927 1
114 275 2
114 189 1
116 272 1
116 769 1
117 291 1
118 335 2
120 948 2
120 923 1
120 772 1
120 454 1
120 193 1
124 535 1
125 337 1
125 174 1
126 168 2
126 356 1
126 416 1
126 948 3
131 738 1
133 765 2
134 592 4
134 416 1
134 291 2
134 454 3
135 581 4
135 870 1
135 942 16
135 720 2
135 371 1
135 628 6
135 540 1
135 703 2
136 857 1
136 629 1
137 771 3
137 443 5
141 978 2
141 188 2
141 362 1
142 200 5
142 971 1
142 428 2
142 302 1
142 915 1
142 214 3
142 952 2
142 990 1
142 159 1
143 544 2
143 159 1
146 326 1
147 890 1
147 150 1
150 415 5
157 356 1
157 926 1
159 912 8
159 659 1
159 278 1
159 923 1
159 290 2
159 935 1
159 809 1
159 940 4
159 433 2
159 692 1
159 316 2
159 712 2
159 214 13
159 343 1
159 612 1
159 731 2
159 220 1
159 356 6
159 167 1
159 531 1
159 629 1
160 360 1
160 530 2
160 629 3
160 685 2
161 193 1
164 420 1
165 401 1
165 948 3
165 207 1
166 602 1
166 500 1
166 586 1
167 978 3
167 207 1
167 362 1
167 630 3
168 868 3
168 966 4
168 232 2
168 912 16
168 472 2
168 260 3
168 575 1
170 697 1
171 933 3
173 657 1
173 738 1
173 850 1
173 541 1
174 510 2
174 534 4
175 737 1
175 423 2
175 335 2
175 849 3
175 275 5
175 670 1
180 958 1
180 727 2
184 700 1
184 407 1
185 833 1
185 231 1
185 236 2
185 915 2
185 762 1
187 466 2
187 662 2
187 695 1
188 421 2
188 552 1
188 978 4
188 280 1
188 569 2
189 716 1
189 904 1
189 1004 4
189 652 1
189 365 1
189 718 1
189 595 1
189 236 1
189 470 1
189 201 1
189 462 1
189 249 3
189 410 2
189 281 2
190 629 1
191 948 5
191 253 2
191 415 3
192 532 1
193 546 1
193 609 1
193 923 7
197 987 1
197 923 1
198 568 1
198 662 1
199 644 1
199 738 1
199 850 1
199 924 1
199 541 3
200 915 5
201 292 1
201 335 2
202 629 1
207 424 2
207 493 1
207 847 2
207 978 1
207 469 2
207 953 4
207 795 3
208 335 2
214 428 1
214 787 1
214 629 1
214 915 1
214 765 3
216 362 1
216 956 1
220 749 1
220 334 2
220 278 2
220 701 1
223 462 1
226 440 1
228 569 3
228 335 2
231 738 1
231 955 2
231 698 2
231 987 2
231 540 2
231 607 1
232 912 1
233 692 3
233 450 2
236 335 2
245 698 2
245 987 1
245 540 4
246 724 1
246 423 2
249 716 2
249 433 1
249 693 1
249 569 2
250 535 1
250 332 4
250 927 3
251 987 2
256 416 2
256 313 3
256 885 5
256 294 5
260 575 1
267 948 1
267 988 3
268 592 1
268 291 3
270 704 1
270 738 1
270 850 1
272 900 1
272 662 1
274 851 1
275 849 3
275 327 1
277 715 1
278 940 2
278 798 2
280 547 1
280 647 1
280 360 2
280 561 1
280 526 1
280 530 3
280 851 3
280 629 3
280 631 1
280 920 3
280 890 2
280 915 3
290 765 1
290 566 1
291 609 1
291 454 4
291 713 4
291 1003 1
291 429 2
291 401 3
292 718 1
292 502 1
293 569 1
293 724 1
294 416 1
294 648 1
294 586 2
294 885 3
294 313 1
295 569 2
299 402 1
299 509 1
301 978 1
303 343 2
303 950 1
306 523 1
306 660 2
306 659 1
306 374 1
308 418 2
308 926 1
311 987 1
311 540 3
311 955 1
311 383 1
316 915 1
318 684 1
318 332 1
318 558 1
319 458 1
319 956 1
321 704 3
321 684 1
321 565 1
327 897 1
327 738 1
327 737 1
327 849 1
327 850 1
327 702 3
329 624 1
329 338 2
333 569 2
334 462 1
334 687 3
334 530 2
334 692 1
334 629 1
334 671 2
335 643 2
335 532 7
335 664 2
335 537 2
335 670 3
335 808 2
335 553 2
335 810 2
335 688 2
335 464 2
335 468 2
335 985 2
335 737 2
335 1004 2
335 980 2
335 381 2
337 505 2
337 870 1
338 987 1
338 540 2
338 511 1
343 402 1
343 950 1
343 663 5
344 373 6
347 966 1
353 891 4
356 743 2
356 462 1
356 912 7
356 472 4
356 765 5
360 561 3
360 493 3
360 526 1
360 530 1
360 629 2
360 658 1
360 631 1
361 987 1
361 540 2
362 547 1
362 421 1
362 870 1
362 663 2
362 517 1
362 718 1
362 369 1
362 854 1
362 695 1
362 605 1
362 383 1
364 764 1
364 987 1
364 540 2
364 582 3
369 535 2
369 444 2
369 927 1
372 595 1
374 523 1
374 659 1
377 607 2
379 568 1
379 662 1
381 643 2
381 532 1
388 534 2
392 948 1
392 517 2
397 671 1
397 975 1
398 450 2
401 415 3
401 429 11
401 454 4
409 569 2
410 595 1
410 663 3
415 569 6
415 833 2
416 648 1
416 948 4
416 885 1
416 984 1
416 633 1
416 762 2
418 969 1
418 996 3
418 977 5
421 424 2
421 978 1
422 731 1
424 978 1
424 795 3
427 955 2
428 915 5
429 454 5
430 662 1
432 987 1
433 987 2
433 540 2
435 500 1
437 738 1
439 575 1
440 537 4
443 662 1
443 742 6
443 703 3
444 535 4
444 927 1
449 462 1
450 712 1
450 947 1
450 596 2
450 662 1
454 772 4
454 592 1
458 704 2
458 577 1
458 558 1
458 956 1
459 948 1
462 833 1
462 586 1
462 687 1
462 692 1
462 535 3
462 591 1
462 923 1
466 662 1
469 528 1
469 978 5
469 630 3
470 569 2
472 912 1
482 569 10
482 987 3
483 607 1
485 927 1
488 568 1
488 662 1
491 506 1
493 530 3
493 629 1
495 568 1
499 844 1
500 782 1
502 569 1
502 951 1
506 738 1
506 1001 3
506 881 3
506 850 1
506 541 2
508 738 1
511 849 1
511 987 1
511 540 1
513 927 1
516 738 1
516 850 1
517 674 1
517 803 2
526 629 1
530 629 14
530 630 2
530 891 3
531 987 3
532 738 1
534 692 1
535 722 1
535 854 3
535 927 2
538 569 2
540 789 2
540 796 2
540 925 1
540 697 1
540 698 2
540 955 4
540 836 2
540 849 1
540 987 3
540 994 2
541 576 1
541 738 1
541 644 1
541 977 1
541 685 1
541 657 1
541 850 1
542 854 1
542 927 1
543 891 1
546 890 1
546 844 1
546 565 1
546 550 1
547 978 3
550 565 1
551 927 1
552 978 1
558 844 1
558 684 1
558 956 2
561 629 1
561 846 6
561 631 1
565 684 1
565 859 1
566 713 1
568 947 3
568 660 1
568 662 1
569 693 2
569 951 4
569 710 2
569 976 2
569 599 3
569 605 3
569 862 10
569 991 2
569 749 9
572 662 1
572 862 1
576 738 1
576 850 1
577 933 3
581 936 1
581 951 1
581 942 2
582 987 1
586 984 1
588 987 1
590 933 1
591 776 1
591 915 1
591 607 1
592 948 4
592 927 2
595 696 2
596 662 1
599 693 4
602 912 3
602 743 1
607 978 2
609 772 5
612 740 1
614 978 2
622 638 1
624 692 2
628 720 1
628 871 1
629 658 1
629 685 1
629 948 2
629 846 1
629 978 4
629 630 1
629 631 3
629 891 9
629 894 1
631 891 1
633 940 1
641 987 1
643 685 3
644 738 1
644 850 1
644 702 4
646 927 1
647 915 2
648 765 2
648 885 2
650 1001 1
650 738 1
653 738 1
654 738 3
654 783 1
657 738 1
657 850 2
660 692 1
662 900 1
662 838 2
662 712 1
662 802 1
662 947 1
662 695 1
663 950 1
672 844 1
674 948 1
679 684 1
680 731 1
680 790 1
682 738 1
682 850 1
684 704 4
684 844 2
684 918 1
685 1001 2
685 724 3
686 933 1
687 776 1
687 915 1
687 742 1
692 769 3
692 746 5
692 951 1
692 749 2
692 695 1
697 855 2
698 840 2
698 873 2
698 764 2
700 858 2
702 738 1
702 850 1
703 771 1
707 880 1
718 866 2
718 904 13
718 915 1
718 980 3
718 732 1
719 738 2
719 850 1
722 927 4
724 1004 1
731 915 2
738 783 3
738 921 1
738 923 1
738 924 1
738 945 1
738 837 1
738 850 3
738 979 1
738 996 1
738 1001 2
738 747 1
738 881 1
738 745 1
738 761 1
740 788 1
743 859 5
743 765 2
748 926 1
758 844 1
761 850 1
762 984 1
762 765 1
764 987 1
765 868 1
765 859 1
769 830 1
769 951 1
770 927 1
772 951 2
772 923 1
773 955 1
774 947 3
783 850 1
789 987 2
795 978 1
803 948 1
809 987 1
817 978 1
823 927 2
838 846 1
840 987 1
849 987 1
850 921 1
850 924 1
850 979 1
850 996 1
850 1001 1
850 881 1
851 978 2
854 927 3
857 915 1
859 948 5
865 951 1
872 987 2
873 987 1
883 907 1
885 984 1
890 948 1
921 1001 1
925 955 1
927 948 5
933 966 3
935 966 1
936 942 5
951 976 1
954 978 2
955 987 2
977 1004 6
978 988 1
987 994 1
