0
1
2
3
4
5
6
7
8
9
10
11
12
13
14
15
16
17
18
19
20
21
22
23
24
25
26
27
28
29
30
31
32
33
34
35
36
37
38
39
40
41
42
43
44
45
46
47
48
49
50
51
52
53
54
55
56
57
58
59
60
61
62
63
64
65
66
67
68
69
70
71
72
73
74
75
76
77
78
79
80
81
82
83
84
85
86
87
88
89
90
91
92
93
94
95
96
97
98
99
100
101
102
103
104
105
106
107
108
109
110
111
112
113
114
115
116
117
118
119
120
121
122
123
124
125
126
127
128
129
130
131
132
133
134
135
136
137
138
139
141
142
143
144
145
146
147
148
149
150
151
152
153
154
155
157
158
159
160
161
162
163
164
165
166
167
168
169
170
171
172
173
174
175
176
177
178
179
180
181
182
183
184
185
186
187
188
189
190
191
192
193
194
195
196
197
198
199
200
201
202
203
204
205
206
207
208
209
210
211
212
213
214
215
216
217
218
219
220
221
222
223
224
225
226
227
228
229
230
231
232
233
235
236
237
238
239
240
241
242
243
244
245
246
247
248
249
250
251
252
253
254
255
256
257
259
260
262
263
264
265
266
267
268
269
270
271
272
273
274
275
276
277
278
279
280
281
282
283
284
285
286
287
288
289
290
291
292
293
294
295
296
297
299
300
301
302
303
304
305
306
307
308
309
310
311
312
313
314
315
316
317
318
319
320
321
322
323
324
325
326
327
328
329
330
331
332
333
334
335
336
337
338
339
340
341
343
344
345
346
347
348
349
350
351
352
353
355
356
357
358
359
360
361
362
364
365
366
367
368
369
370
371
372
373
374
375
376
377
378
379
380
381
382
383
384
385
386
387
388
389
390
391
392
393
394
395
396
397
398
399
400
401
402
403
404
405
406
407
408
409
410
411
412
413
414
415
416
418
419
420
421
422
423
424
425
426
427
428
429
430
431
432
433
434
435
436
437
438
439
440
441
442
443
444
445
446
447
448
449
450
451
452
453
454
455
456
457
458
459
460
461
462
464
465
466
467
468
469
470
471
472
473
474
475
476
477
478
479
480
481
482
483
484
485
486
487
488
489
490
491
492
493
495
496
497
498
499
500
501
502
503
504
505
506
507
508
509
510
511
512
513
514
515
516
517
518
519
520
521
522
523
524
525
526
527
528
530
531
532
533
534
535
536
537
538
539
540
541
542
543
544
545
546
547
548
549
550
551
552
553
554
556
557
558
559
560
561
562
563
564
565
566
567
568
569
570
571
572
573
574
575
576
577
578
579
580
581
582
583
584
585
586
587
588
589
590
591
592
593
594
595
596
597
598
599
600
601
602
603
604
605
606
607
609
610
611
612
613
614
615
616
617
618
619
621
622
623
624
625
626
627
628
629
630
631
632
633
634
635
636
637
638
639
640
641
642
643
644
645
646
647
648
649
650
651
652
653
654
655
656
657
658
659
660
661
662
663
664
665
666
667
668
669
670
671
672
673
674
675
676
677
678
679
680
681
682
683
684
685
686
687
688
689
690
691
692
693
694
695
696
697
698
699
700
701
702
703
704
705
706
707
708
709
710
711
712
713
714
715
716
717
718
719
720
721
722
723
724
725
726
727
728
729
730
731
732
733
734
735
736
737
738
739
740
741
742
743
744
745
746
747
748
749
750
751
752
753
754
756
757
758
759
760
761
762
763
764
765
767
768
769
770
771
772
773
774
775
776
777
778
779
780
781
782
783
784
785
786
787
788
789
790
791
792
793
794
795
796
797
798
799
800
801
802
803
804
805
806
807
808
809
810
811
812
813
814
815
816
817
818
819
820
821
822
823
824
825
826
827
828
829
830
831
832
833
834
835
836
837
838
839
840
841
842
843
844
845
846
847
848
849
850
851
852
853
854
855
856
857
858
859
860
861
862
863
864
865
866
867
868
869
870
871
872
873
874
875
876
877
878
879
880
881
882
883
884
885
886
887
888
889
890
891
892
893
894
895
896
897
898
899
900
901
902
903
904
905
906
907
908
909
910
911
912
913
914
915
916
917
918
919
920
921
922
923
924
925
926
927
928
929
930
931
932
933
934
935
936
937
938
939
940
941
942
943
944
945
946
947
948
949
950
951
952
953
954
955
956
957
958
960
961
962
963
964
965
966
967
968
969
970
971
972
973
974
975
976
977
978
979
980
981
982
983
984
985
986
987
988
989
990
991
992
993
994
995
996
997
998
999
1000
1001
1002
1003
1004
0 178 3
1 310 1
2 696 1
2 630 1
4 771 3
4 135 3
5 808 4
5 553 1
5 724 3
5 29 4
5 175 3
6 249 3
6 506 1
6 178 3
13 738 1
13 516 1
14 700 2
14 644 5
14 1001 18
14 719 1
14 850 1
14 724 9
14 790 12
14 516 2
14 506 25
14 783 3
14 924 2
14 702 11
15 680 1
15 731 6
16 832 1
16 410 1
16 843 1
16 719 1
24 160 4
24 739 1
24 647 2
24 143 1
24 658 2
24 629 1
24 891 5
25 918 3
25 684 5
25 458 2
25 844 3
25 558 1
25 48 2
25 723 2
25 565 2
25 758 2
25 956 1
29 808 1
29 899 1
30 256 1
30 936 1
30 602 1
30 765 1
30 104 1
31 165 5
31 990 4
31 142 3
32 977 1
32 731 1
32 580 1
32 791 3
35 978 2
37 168 2
37 313 2
37 232 1
38 939 4
38 324 2
40 450 4
40 900 1
40 712 2
40 802 1
40 272 3
40 53 1
40 662 2
40 695 1
40 568 1
40 187 2
40 572 1
41 565 6
42 638 2
42 70 1
42 534 1
42 951 3
45 66 1
45 52 1
48 458 4
48 321 2
48 558 1
48 319 2
52 104 1
52 66 1
53 147 1
53 662 1
53 819 1
53 413 1
53 542 1
53 544 1
53 940 1
53 946 1
53 178 1
53 435 1
53 316 1
53 190 1
53 193 4
53 963 1
53 70 1
53 75 1
53 720 1
53 209 1
53 850 1
53 83 1
53 987 1
53 220 1
53 865 1
53 614 1
53 107 1
53 978 1
53 499 1
53 629 1
53 120 1
53 127 1
56 719 1
58 947 1
61 866 2
61 490 1
61 142 1
61 464 4
61 243 1
61 692 2
61 718 11
61 991 2
62 416 1
62 513 1
62 113 1
62 485 2
62 646 3
62 551 2
62 535 2
62 369 1
62 722 1
62 854 1
62 823 1
62 250 2
62 444 1
62 542 5
65 193 1
65 629 1
65 687 1
67 344 7
67 561 4
67 963 7
67 165 8
67 846 2
70 939 3
70 534 1
70 343 2
70 638 2
74 416 3
74 256 2
74 294 6
74 166 2
74 168 1
74 586 3
74 110 2
74 912 5
74 648 2
74 885 3
74 759 3
74 984 5
74 104 2
74 313 2
74 447 3
75 450 3
75 742 1
75 371 1
75 334 2
75 920 2
75 850 3
75 851 1
75 120 1
75 915 1
75 510 2
76 410 1
77 912 7
77 416 2
77 266 1
77 260 2
78 178 3
82 135 2
83 306 1
86 152 1
86 443 6
86 742 1
90 316 1
91 233 1
91 147 1
91 580 3
91 758 1
92 316 1
92 838 1
92 142 2
96 638 1
98 592 5
98 401 1
98 429 1
101 866 1
101 423 2
102 622 1
103 514 4
103 943 2
103 310 2
103 950 1
103 423 3
104 256 3
104 648 1
104 908 3
104 765 1
105 890 1
105 235 1
105 582 6
105 374 2
106 740 1
107 320 1
107 898 3
107 553 3
107 810 2
107 236 3
107 980 6
107 670 1
110 112 1
110 803 1
110 674 1
110 166 1
111 416 1
111 133 1
111 885 1
112 803 1
112 267 5
112 517 2
113 823 1
115 912 1
117 268 1
118 867 1
119 812 3
119 332 2
120 947 1
120 586 1
122 410 1
125 206 1
125 534 1
125 622 1
126 232 2
126 416 2
126 332 2
126 790 3
127 410 2
127 732 3
127 718 4
133 416 1
133 602 2
134 592 3
135 581 7
135 870 3
135 746 2
135 371 1
135 628 2
135 692 3
135 170 2
136 200 2
136 165 1
136 341 1
136 838 1
136 142 3
137 936 2
139 513 3
139 206 1
139 622 1
139 477 3
141 280 2
141 978 1
141 421 3
142 165 3
142 200 1
142 267 4
142 428 1
142 302 1
142 143 1
142 344 1
142 953 3
142 990 1
143 696 1
143 796 1
147 416 1
147 577 2
147 715 2
147 933 4
147 230 2
147 171 2
147 972 4
147 590 2
147 355 2
147 347 5
147 686 2
147 285 2
147 926 3
147 277 3
149 716 2
151 706 2
151 278 1
152 443 3
152 742 1
153 410 1
153 891 1
157 577 2
157 746 3
157 277 1
157 159 1
159 577 1
159 194 1
159 742 1
159 776 1
159 233 4
159 746 2
159 940 1
159 493 1
159 334 2
159 214 1
159 377 1
159 283 2
159 700 1
160 858 2
160 947 1
161 947 1
164 402 2
164 879 3
165 838 1
165 428 2
165 401 4
165 947 1
165 344 7
165 857 4
165 858 1
165 316 8
166 416 1
166 674 2
166 743 2
166 762 1
166 602 3
167 978 2
168 260 4
168 232 2
168 556 1
168 912 14
168 790 4
168 214 1
168 439 6
169 595 2
170 951 1
171 277 1
171 590 1
173 506 2
175 737 1
175 423 1
175 808 1
175 410 1
175 890 1
178 519 3
178 409 3
178 538 3
178 295 3
178 693 4
178 569 3
178 710 3
178 333 3
178 976 3
178 339 3
178 470 3
178 599 3
178 605 5
178 862 3
178 991 4
178 228 4
178 232 2
178 502 9
178 249 4
178 767 3
181 190 2
184 423 2
185 213 1
187 801 1
188 978 1
190 353 2
190 373 3
190 656 2
190 274 2
190 920 2
191 752 1
191 692 2
192 890 1
194 626 1
199 506 3
199 924 1
199 541 6
200 746 1
200 915 1
200 344 2
200 316 3
201 843 2
206 939 1
206 487 1
206 622 2
206 534 1
206 477 1
207 978 1
214 746 1
214 283 1
216 458 1
223 638 1
223 343 5
226 440 2
228 605 3
228 502 3
229 790 2
229 742 1
229 607 1
230 277 1
231 736 2
231 540 1
231 698 2
231 700 1
232 912 1
232 759 1
232 313 5
233 329 1
233 692 4
233 334 3
236 537 1
236 506 1
239 609 1
239 951 1
243 729 1
245 698 2
246 724 1
246 423 1
248 746 2
250 551 1
250 444 1
250 535 1
251 410 1
256 416 5
256 294 2
256 648 1
256 313 3
257 833 1
257 947 1
260 912 5
260 439 3
264 738 1
264 947 1
267 586 4
267 517 3
268 291 1
268 454 1
268 713 1
268 592 3
268 633 1
270 738 1
272 662 1
274 920 1
274 772 1
277 577 1
277 931 1
277 933 1
277 972 1
277 746 1
277 748 1
277 590 1
277 308 1
277 686 1
277 355 1
277 347 1
277 285 5
277 926 1
277 715 1
278 592 1
278 290 2
288 561 1
288 445 1
288 493 1
291 401 1
291 429 1
293 522 1
294 416 6
294 586 14
294 817 1
294 885 12
294 790 5
294 984 1
294 447 13
299 638 1
301 978 3
301 493 1
306 771 1
306 742 1
310 947 1
310 477 1
310 343 2
313 416 2
313 447 1
316 838 1
316 392 7
316 428 7
316 915 1
316 953 1
316 543 1
317 517 2
318 684 4
318 956 1
318 844 3
318 558 2
318 758 2
319 458 1
319 558 1
320 537 1
320 843 4
321 458 3
321 618 1
323 622 1
324 832 1
324 460 1
324 591 1
324 890 4
324 638 1
327 657 2
327 381 2
329 692 1
329 910 1
332 416 1
332 648 1
332 586 8
332 782 2
332 912 1
332 447 1
332 575 1
334 742 3
334 746 1
334 663 1
334 692 2
334 502 1
334 343 1
334 700 1
337 649 2
337 505 1
337 663 2
337 509 1
337 479 1
341 915 1
343 534 4
343 591 1
343 663 3
343 399 1
346 638 1
349 428 4
356 586 1
356 516 1
356 718 1
362 383 1
369 646 2
369 535 2
371 572 2
372 595 1
377 696 1
377 866 2
377 951 2
379 662 1
381 440 1
381 506 1
382 516 1
383 887 1
386 758 9
388 843 1
388 534 3
388 638 2
388 591 1
392 517 2
393 843 1
400 742 1
401 454 2
401 429 4
401 415 1
402 634 1
402 638 1
405 870 1
407 843 2
410 482 1
410 837 1
410 1001 1
410 650 1
410 994 1
410 433 1
410 777 1
410 969 1
410 924 1
410 541 1
410 719 2
413 746 15
413 935 3
414 891 1
415 692 1
415 997 1
415 462 3
415 429 1
416 646 1
416 648 1
416 782 1
416 912 1
416 573 1
416 447 3
416 586 6
416 721 3
416 984 1
416 868 3
416 885 3
416 759 1
420 879 4
421 424 1
421 978 1
421 795 1
423 977 1
424 978 1
424 990 1
425 908 1
428 838 1
428 915 1
428 954 1
428 990 1
429 454 4
440 737 2
440 657 1
440 537 5
440 506 1
443 516 1
443 662 5
443 742 3
447 586 19
447 573 1
447 912 2
447 885 4
450 900 1
450 746 2
450 712 2
450 947 1
450 662 1
450 695 1
454 592 6
458 918 1
458 577 1
458 684 1
458 844 1
458 558 3
458 723 1
458 758 4
458 956 1
464 718 3
466 662 2
466 695 4
468 537 1
469 978 1
470 502 1
472 912 7
472 782 3
472 575 1
477 622 1
479 890 1
479 947 1
482 809 1
485 646 1
493 978 3
493 630 3
497 773 1
499 918 1
502 746 3
502 718 3
502 591 1
502 693 1
502 538 1
502 605 1
502 862 1
506 866 2
506 1001 19
506 783 1
506 790 1
506 541 1
506 670 1
509 638 1
510 534 3
510 622 1
512 978 1
516 704 1
516 550 1
516 743 3
516 532 2
516 790 8
516 761 2
516 700 1
517 803 1
517 730 3
526 790 1
528 580 3
530 746 3
530 891 2
530 630 1
531 987 5
532 700 1
532 537 2
534 746 2
534 843 1
534 622 1
534 591 7
534 890 1
537 775 1
540 994 3
540 873 2
540 855 6
540 697 4
540 633 1
540 698 2
540 955 1
541 657 2
542 772 1
542 746 2
542 718 1
542 854 1
542 586 1
543 654 1
546 595 1
547 817 1
547 978 1
547 988 1
547 647 1
550 746 2
552 858 2
552 978 2
552 951 1
553 670 3
556 790 1
558 704 1
558 684 1
558 844 2
558 565 2
558 918 1
558 956 1
561 846 3
565 844 1
565 723 3
565 758 2
568 947 1
573 586 3
575 912 4
575 782 2
581 692 2
581 830 1
582 832 1
584 731 1
586 648 1
586 782 1
586 687 1
586 912 2
586 712 1
586 947 3
586 762 1
591 746 2
591 843 1
591 910 1
592 609 5
592 713 1
593 718 1
595 790 2
599 710 3
602 743 7
607 696 1
607 891 2
607 687 1
614 978 2
617 752 1
622 939 1
622 676 1
624 692 1
630 971 2
630 951 5
634 638 1
638 832 1
638 649 1
638 700 7
644 996 1
644 924 7
648 782 1
649 890 1
650 738 1
650 783 1
654 738 2
654 991 1
654 837 1
656 920 3
659 742 1
663 890 1
663 950 2
664 700 2
670 688 1
671 692 1
674 803 1
680 707 1
680 790 1
681 951 1
684 704 1
684 746 2
684 844 5
684 918 5
684 956 6
687 843 1
687 746 2
688 898 2
688 702 5
692 742 2
692 746 7
692 910 1
692 830 1
696 812 3
697 855 3
698 840 2
698 873 2
698 764 2
700 771 1
700 746 1
700 891 1
703 771 1
704 743 2
711 843 3
711 718 6
715 926 1
716 724 1
716 718 1
718 866 7
718 746 2
718 843 1
718 980 1
718 724 1
719 738 1
721 890 1
721 743 2
723 758 1
731 746 2
738 837 1
738 745 2
738 761 2
738 783 2
738 828 1
739 746 4
742 993 1
742 901 1
742 769 1
742 746 2
742 784 1
742 771 5
742 835 1
742 890 1
742 863 1
745 1001 2
746 915 1
746 920 2
746 801 1
746 935 26
746 775 2
746 812 2
746 980 2
746 994 2
758 844 3
758 918 2
758 956 3
761 783 3
762 912 3
765 772 1
771 951 3
771 863 1
772 926 1
782 912 6
783 790 1
790 812 6
795 978 1
808 898 3
817 978 1
837 947 1
843 907 1
844 918 3
851 978 3
855 951 2
858 991 1
885 912 2
885 984 1
890 978 1
890 926 1
912 984 2
926 931 1
926 951 2
947 948 1
953 990 1
954 978 1
957 978 1
964 978 1
978 988 2
