0
1
2
3
4
5
6
7
8
9
10
11
12
13
14
15
16
17
18
19
20
21
22
23
24
25
26
27
28
29
30
31
32
33
34
35
36
37
38
39
40
41
42
43
44
45
46
47
48
49
50
51
52
53
54
55
56
57
58
59
60
61
62
63
64
65
66
67
68
69
70
71
72
73
74
75
76
77
78
79
80
81
82
83
84
85
86
87
88
89
90
91
92
93
94
95
96
97
98
99
100
101
102
103
104
105
106
107
108
109
110
111
112
113
114
115
116
117
118
119
120
121
122
123
124
125
126
127
128
129
130
131
132
133
134
135
136
137
138
139
141
142
143
144
145
146
147
148
149
150
151
152
153
154
155
157
158
159
160
161
162
163
164
165
166
167
168
169
170
171
172
173
174
175
176
177
178
179
180
181
182
183
184
185
186
187
188
189
190
191
192
193
194
195
196
197
198
199
200
201
202
203
204
205
206
207
208
209
210
211
212
213
214
215
216
217
218
219
220
221
222
223
224
225
226
227
228
229
230
231
232
233
235
236
237
238
239
240
241
242
243
244
245
246
247
248
249
250
251
252
253
254
255
256
257
259
260
262
263
264
265
266
267
268
269
270
271
272
273
274
275
276
277
278
279
280
281
282
283
284
285
286
287
288
289
290
291
292
293
294
295
296
297
299
300
301
302
303
304
305
306
307
308
309
310
311
312
313
314
315
316
317
318
319
320
321
322
323
324
325
326
327
328
329
330
331
332
333
334
335
336
337
338
339
340
341
343
344
345
346
347
348
349
350
351
352
353
355
356
357
358
359
360
361
362
364
365
366
367
368
369
370
371
372
373
374
375
376
377
378
379
380
381
382
383
384
385
386
387
388
389
390
391
392
393
394
395
396
397
398
399
400
401
402
403
404
405
406
407
408
409
410
411
412
413
414
415
416
418
419
420
421
422
423
424
425
426
427
428
429
430
431
432
433
434
435
436
437
438
439
440
441
442
443
444
445
446
447
448
449
450
451
452
453
454
455
456
457
458
459
460
461
462
464
465
466
467
468
469
470
471
472
473
474
475
476
477
478
479
480
481
482
483
484
485
486
487
488
489
490
491
492
493
495
496
497
498
499
500
501
502
503
504
505
506
507
508
509
510
511
512
513
514
515
516
517
518
519
520
521
522
523
524
525
526
527
528
530
531
532
533
534
535
536
537
538
539
540
541
542
543
544
545
546
547
548
549
550
551
552
553
554
556
557
558
559
560
561
562
563
564
565
566
567
568
569
570
571
572
573
574
575
576
577
578
579
580
581
582
583
584
585
586
587
588
589
590
591
592
593
594
595
596
597
598
599
600
601
602
603
604
605
606
607
609
610
611
612
613
614
615
616
617
618
619
621
622
623
624
625
626
627
628
629
630
631
632
633
634
635
636
637
638
639
640
641
642
643
644
645
646
647
648
649
650
651
652
653
654
655
656
657
658
659
660
661
662
663
664
665
666
667
668
669
670
671
672
673
674
675
676
677
678
679
680
681
682
683
684
685
686
687
688
689
690
691
692
693
694
695
696
697
698
699
700
701
702
703
704
705
706
707
708
709
710
711
712
713
714
715
716
717
718
719
720
721
722
723
724
725
726
727
728
729
730
731
732
733
734
735
736
737
738
739
740
741
742
743
744
745
746
747
748
749
750
751
752
753
754
756
757
758
759
760
761
762
763
764
765
767
768
769
770
771
772
773
774
775
776
777
778
779
780
781
782
783
784
785
786
787
788
789
790
791
792
793
794
795
796
797
798
799
800
801
802
803
804
805
806
807
808
809
810
811
812
813
814
815
816
817
818
819
820
821
822
823
824
825
826
827
828
829
830
831
832
833
834
835
836
837
838
839
840
841
842
843
844
845
846
847
848
849
850
851
852
853
854
855
856
857
858
859
860
861
862
863
864
865
866
867
868
869
870
871
872
873
874
875
876
877
878
879
880
881
882
883
884
885
886
887
888
889
890
891
892
893
894
895
896
897
898
899
900
901
902
903
904
905
906
907
908
909
910
911
912
913
914
915
916
917
918
919
920
921
922
923
924
925
926
927
928
929
930
931
932
933
934
935
936
937
938
939
940
941
942
943
944
945
946
947
948
949
950
951
952
953
954
955
956
957
958
960
961
962
963
964
965
966
967
968
969
970
971
972
973
974
975
976
977
978
979
980
981
982
983
984
985
986
987
988
989
990
991
992
993
994
995
996
997
998
999
1000
1001
1002
1003
1004
2 700 5
2 790 3
4 371 1
5 175 2
7 418 1
14 924 1
14 506 2
14 644 3
14 702 4
14 199 2
15 584 1
15 731 6
16 410 1
16 423 2
24 32 3
24 530 1
24 891 3
24 629 3
24 630 3
28 987 2
29 808 1
30 416 2
30 908 1
30 765 2
32 746 1
32 280 1
32 178 3
32 851 1
32 915 1
35 851 2
35 207 1
40 425 1
40 802 1
40 443 1
40 900 1
40 198 1
40 488 1
40 60 1
40 450 1
40 367 1
40 272 1
40 712 1
40 947 1
40 662 3
40 695 1
40 568 1
40 187 1
40 572 1
40 254 1
41 184 1
41 73 1
41 723 1
41 503 1
42 323 1
50 559 1
52 912 2
52 232 2
52 868 2
53 443 1
53 311 1
56 105 1
56 482 1
56 987 2
61 388 2
61 534 1
61 742 1
61 718 4
61 851 1
61 502 1
61 356 1
61 915 1
61 157 3
61 517 1
62 646 3
65 713 1
65 367 1
65 220 1
65 687 6
67 963 6
68 987 2
70 367 2
70 164 1
70 415 3
70 334 7
70 943 3
71 595 3
73 723 1
73 565 1
74 112 1
74 166 2
75 147 3
75 220 1
77 912 1
77 168 2
77 266 2
78 688 1
78 314 1
84 324 2
86 443 1
89 189 1
89 718 7
90 784 1
90 267 1
90 360 2
90 107 1
90 464 3
90 658 2
90 948 1
90 629 2
95 873 1
95 987 3
96 638 1
98 707 4
98 454 1
98 134 3
98 713 3
98 107 2
98 268 3
98 429 4
98 401 1
98 117 3
98 278 2
99 314 1
99 862 1
101 184 1
101 423 3
103 184 1
103 310 2
104 313 1
104 126 2
104 790 2
104 425 17
105 742 2
105 374 1
106 788 1
107 810 1
107 367 1
111 586 1
111 762 1
111 294 2
112 1000 5
112 267 1
120 573 2
120 190 1
126 168 1
126 294 1
127 367 1
132 638 1
133 765 1
135 362 1
136 200 2
136 316 1
136 302 1
136 207 1
141 214 1
143 544 1
143 669 1
147 577 2
147 150 2
147 686 2
147 367 2
147 214 1
149 184 1
149 372 1
150 471 1
151 367 2
152 443 1
153 891 1
154 534 1
155 784 1
157 214 1
157 356 1
157 517 1
157 586 1
157 684 1
157 765 1
157 502 1
157 535 1
157 472 1
157 367 1
157 542 1
160 629 2
164 879 2
165 344 2
165 401 1
165 200 1
166 586 2
166 435 1
167 656 2
167 229 1
168 356 2
168 966 1
168 648 9
168 521 1
168 266 3
168 332 1
168 912 23
168 232 1
168 949 5
168 790 4
168 439 1
168 472 5
168 313 1
168 575 1
169 372 1
173 506 1
175 553 1
178 502 1
178 710 1
178 367 1
178 470 1
178 605 2
178 862 10
181 920 1
181 724 2
184 521 1
184 394 1
184 779 1
184 781 1
184 275 1
184 409 1
184 710 1
184 423 2
184 808 1
184 432 1
184 561 1
184 315 1
184 702 1
184 323 1
184 580 1
184 582 1
184 849 1
184 491 1
184 246 1
184 510 1
189 718 1
189 229 1
189 214 1
190 214 1
190 367 1
192 381 5
193 633 1
193 290 2
193 499 2
193 443 1
193 662 1
195 896 1
199 644 1
200 806 1
200 428 1
200 302 1
200 915 2
200 952 3
200 857 1
207 424 1
207 428 3
207 349 1
207 373 1
207 888 1
207 795 1
207 445 1
207 990 1
214 518 2
214 776 1
214 530 1
214 662 1
214 535 1
214 920 1
214 542 1
214 544 2
214 425 1
214 684 1
214 435 1
214 703 1
214 586 1
214 334 3
214 531 1
214 978 2
214 851 1
214 739 1
214 233 1
214 367 7
214 499 1
214 629 1
214 765 1
216 558 2
220 334 1
220 367 1
223 950 1
223 343 1
229 491 1
229 293 1
229 299 1
229 334 1
229 851 1
229 693 1
229 316 1
229 638 1
231 698 1
231 987 2
231 245 3
231 946 1
232 425 3
232 912 7
232 790 8
232 472 1
232 575 4
239 951 1
245 840 1
245 698 1
245 987 2
245 581 1
246 724 1
248 530 1
248 586 2
248 915 1
248 450 1
249 362 1
249 643 1
251 987 2
266 912 1
266 790 5
266 439 1
267 891 4
267 629 1
269 987 2
273 951 6
277 746 1
277 931 3
277 723 1
280 629 3
284 731 4
288 629 2
289 810 3
293 697 2
293 547 2
293 693 1
299 788 1
299 638 1
300 784 1
306 742 1
311 633 2
311 707 1
311 987 2
311 925 1
313 416 1
313 472 2
313 356 2
314 710 1
314 599 1
314 605 2
314 767 1
316 367 1
316 915 1
316 415 1
318 840 3
318 934 1
319 684 1
324 367 1
329 910 1
334 534 5
334 746 1
334 1003 1
334 890 2
334 474 1
335 643 1
338 987 2
344 373 2
346 638 1
347 933 1
353 391 1
355 933 1
356 721 1
356 765 2
360 629 2
361 987 2
362 469 1
362 383 3
367 684 1
367 534 1
367 927 1
367 544 1
367 425 3
367 940 1
367 557 1
367 946 1
367 435 1
367 951 1
367 569 1
367 963 1
367 720 1
367 850 1
367 987 2
367 865 1
367 997 1
367 742 2
367 978 1
367 499 2
367 629 1
371 441 4
371 585 2
372 404 2
372 934 2
374 742 1
376 638 1
378 514 1
381 658 1
381 532 4
383 720 5
383 851 1
388 638 2
390 784 3
391 629 1
401 429 3
402 788 1
404 732 1
407 843 1
409 767 3
414 891 14
415 833 1
415 429 3
418 996 3
422 731 2
423 786 1
423 996 1
425 518 1
425 720 1
425 946 1
425 765 3
429 454 3
433 738 1
433 987 2
435 586 1
435 500 1
439 912 7
439 730 2
439 949 2
443 550 2
443 662 6
445 891 1
445 629 1
450 586 1
469 656 1
470 789 1
470 502 2
470 599 1
471 752 1
471 483 1
472 912 3
474 591 1
480 987 2
482 569 2
482 987 2
484 530 2
484 629 2
485 513 1
485 542 1
485 799 1
491 905 1
493 629 1
499 684 1
500 814 1
502 710 1
502 746 2
506 1001 2
506 611 1
506 644 1
509 788 1
509 638 1
514 832 1
514 1001 1
514 780 1
514 977 1
514 950 1
516 924 1
517 751 1
518 646 1
518 854 1
518 895 5
518 799 3
522 732 1
526 629 3
528 969 1
530 630 2
530 586 1
530 846 2
530 629 6
530 891 6
531 987 6
534 746 2
540 840 1
540 633 1
540 698 1
540 987 2
541 921 1
542 646 2
544 739 1
544 669 1
547 851 2
550 743 3
551 895 1
552 858 1
553 670 2
558 704 1
561 629 1
565 684 1
569 862 1
581 742 3
581 951 1
582 987 2
584 731 4
585 857 1
585 849 1
586 915 1
591 776 1
595 746 1
595 718 1
595 934 1
599 767 3
617 776 1
629 658 2
629 685 2
629 846 2
629 750 2
629 630 2
629 631 1
629 891 7
630 685 2
630 951 2
634 788 1
634 638 1
638 832 1
638 853 1
638 790 2
638 700 2
641 987 2
648 721 2
650 682 1
665 700 1
668 746 3
680 707 2
684 844 3
684 918 1
687 776 1
687 752 1
687 775 1
688 808 1
697 925 2
697 855 4
698 764 1
698 840 1
698 873 1
698 987 2
699 912 1
700 790 5
707 880 2
707 951 3
718 732 1
720 746 3
721 765 3
723 1000 1
723 844 1
723 758 2
731 746 1
731 890 1
738 923 1
740 788 2
742 900 1
742 863 3
743 765 1
746 900 1
746 935 3
746 813 10
752 784 1
754 907 1
758 844 1
758 956 1
764 840 1
764 994 1
764 987 2
782 912 1
784 981 2
788 906 1
789 987 2
790 868 1
790 956 1
796 987 2
804 881 2
809 891 5
809 987 2
811 833 1
840 987 2
843 883 2
849 987 2
850 924 1
851 978 2
872 987 2
873 987 3
874 925 3
890 997 3
912 949 2
921 923 1
925 955 1
925 987 1
955 987 2
969 977 2
987 994 2
