0
1
2
3
4
5
6
7
8
9
10
11
12
13
14
15
16
17
18
19
20
21
22
23
24
25
26
27
28
29
30
31
32
33
34
35
36
37
38
39
40
41
42
43
44
45
46
47
48
49
50
51
52
53
54
55
56
57
58
59
60
61
62
63
64
65
66
67
68
69
70
71
72
73
74
75
76
77
78
79
80
81
82
83
84
85
86
87
88
89
90
91
92
93
94
95
96
97
98
99
100
101
102
103
104
105
106
107
108
109
110
111
112
113
114
115
116
117
118
119
120
121
122
123
124
125
126
127
128
129
130
131
132
133
134
135
136
137
138
139
141
142
143
144
145
146
147
148
149
150
151
152
153
154
155
157
158
159
160
161
162
163
164
165
166
167
168
169
170
171
172
173
174
175
176
177
178
179
180
181
182
183
184
185
186
187
188
189
190
191
192
193
194
195
196
197
198
199
200
201
202
203
204
205
206
207
208
209
210
211
212
213
214
215
216
217
218
219
220
221
222
223
224
225
226
227
228
229
230
231
232
233
235
236
237
238
239
240
241
242
243
244
245
246
247
248
249
250
251
252
253
254
255
256
257
259
260
262
263
264
265
266
267
268
269
270
271
272
273
274
275
276
277
278
279
280
281
282
283
284
285
286
287
288
289
290
291
292
293
294
295
296
297
299
300
301
302
303
304
305
306
307
308
309
310
311
312
313
314
315
316
317
318
319
320
321
322
323
324
325
326
327
328
329
330
331
332
333
334
335
336
337
338
339
340
341
343
344
345
346
347
348
349
350
351
352
353
355
356
357
358
359
360
361
362
364
365
366
367
368
369
370
371
372
373
374
375
376
377
378
379
380
381
382
383
384
385
386
387
388
389
390
391
392
393
394
395
396
397
398
399
400
401
402
403
404
405
406
407
408
409
410
411
412
413
414
415
416
418
419
420
421
422
423
424
425
426
427
428
429
430
431
432
433
434
435
436
437
438
439
440
441
442
443
444
445
446
447
448
449
450
451
452
453
454
455
456
457
458
459
460
461
462
464
465
466
467
468
469
470
471
472
473
474
475
476
477
478
479
480
481
482
483
484
485
486
487
488
489
490
491
492
493
495
496
497
498
499
500
501
502
503
504
505
506
507
508
509
510
511
512
513
514
515
516
517
518
519
520
521
522
523
524
525
526
527
528
530
531
532
533
534
535
536
537
538
539
540
541
542
543
544
545
546
547
548
549
550
551
552
553
554
556
557
558
559
560
561
562
563
564
565
566
567
568
569
570
571
572
573
574
575
576
577
578
579
580
581
582
583
584
585
586
587
588
589
590
591
592
593
594
595
596
597
598
599
600
601
602
603
604
605
606
607
609
610
611
612
613
614
615
616
617
618
619
621
622
623
624
625
626
627
628
629
630
631
632
633
634
635
636
637
638
639
640
641
642
643
644
645
646
647
648
649
650
651
652
653
654
655
656
657
658
659
660
661
662
663
664
665
666
667
668
669
670
671
672
673
674
675
676
677
678
679
680
681
682
683
684
685
686
687
688
689
690
691
692
693
694
695
696
697
698
699
700
701
702
703
704
705
706
707
708
709
710
711
712
713
714
715
716
717
718
719
720
721
722
723
724
725
726
727
728
729
730
731
732
733
734
735
736
737
738
739
740
741
742
743
744
745
746
747
748
749
750
751
752
753
754
756
757
758
759
760
761
762
763
764
765
767
768
769
770
771
772
773
774
775
776
777
778
779
780
781
782
783
784
785
786
787
788
789
790
791
792
793
794
795
796
797
798
799
800
801
802
803
804
805
806
807
808
809
810
811
812
813
814
815
816
817
818
819
820
821
822
823
824
825
826
827
828
829
830
831
832
833
834
835
836
837
838
839
840
841
842
843
844
845
846
847
848
849
850
851
852
853
854
855
856
857
858
859
860
861
862
863
864
865
866
867
868
869
870
871
872
873
874
875
876
877
878
879
880
881
882
883
884
885
886
887
888
889
890
891
892
893
894
895
896
897
898
899
900
901
902
903
904
905
906
907
908
909
910
911
912
913
914
915
916
917
918
919
920
921
922
923
924
925
926
927
928
929
930
931
932
933
934
935
936
937
938
939
940
941
942
943
944
945
946
947
948
949
950
951
952
953
954
955
956
957
958
960
961
962
963
964
965
966
967
968
969
970
971
972
973
974
975
976
977
978
979
980
981
982
983
984
985
986
987
988
989
990
991
992
993
994
995
996
997
998
999
1000
1001
1002
1003
1004
0 732 2
0 365 1
1 309 1
2 790 2
4 720 1
5 670 1
5 175 2
12 720 1
13 516 1
13 837 1
15 422 1
24 530 2
24 891 4
24 629 2
25 558 1
25 319 1
27 147 1
28 809 1
28 987 1
29 1004 4
29 670 1
30 313 1
31 428 2
31 165 3
31 143 2
32 977 1
35 207 1
38 42 1
40 450 3
40 379 1
40 900 1
40 712 3
40 60 1
40 802 1
40 272 1
40 488 1
40 947 1
40 596 1
40 662 1
40 695 1
40 568 1
40 90 2
40 187 2
40 572 1
40 254 1
40 159 1
41 723 1
48 458 1
48 684 1
48 558 1
52 416 1
52 356 3
52 168 2
52 586 1
52 648 1
52 472 4
53 209 1
56 987 1
61 450 1
61 356 1
62 646 5
62 542 3
62 485 2
67 344 1
67 561 3
67 963 2
67 846 2
67 207 2
68 987 1
68 422 1
75 772 3
75 462 1
75 850 1
75 220 2
75 190 1
75 191 1
77 168 1
77 556 1
77 260 2
82 720 1
86 443 5
90 609 1
90 890 1
90 705 1
90 633 1
92 658 1
95 987 1
98 592 1
98 713 1
98 707 1
98 454 2
98 107 1
101 423 2
102 477 1
103 423 1
104 523 3
107 381 1
112 803 2
118 532 1
118 502 2
118 335 1
120 609 1
122 428 2
122 693 2
125 477 1
126 984 1
126 586 2
126 356 1
126 454 1
126 790 1
134 454 2
135 720 1
135 371 1
135 628 1
136 200 1
137 581 1
139 477 1
143 796 1
147 577 1
147 933 1
147 230 1
147 171 1
147 972 1
147 590 1
147 277 1
147 347 2
147 285 1
147 926 1
147 686 1
151 253 1
154 477 1
157 586 1
157 915 1
159 609 1
159 712 1
159 746 1
159 844 2
159 692 1
159 214 3
160 629 2
164 638 1
165 401 3
165 207 1
165 316 1
166 762 1
166 267 2
166 586 1
167 978 1
167 817 1
167 954 1
167 469 2
168 260 2
168 439 2
168 472 1
168 356 1
170 720 1
174 477 1
175 275 1
178 502 5
184 832 1
184 779 1
184 538 1
184 843 1
187 450 1
188 851 3
188 988 1
189 410 2
191 517 1
193 923 1
199 996 1
199 924 1
200 952 2
200 915 1
206 477 1
207 558 1
207 469 2
207 795 1
214 609 1
214 891 1
214 763 1
216 458 1
216 558 1
223 322 1
231 698 1
231 987 1
231 462 2
232 447 1
233 450 1
233 835 1
233 692 1
233 245 1
236 537 1
239 609 1
239 502 1
245 764 3
245 692 1
245 698 1
245 987 5
245 540 4
246 423 2
249 789 1
249 502 1
250 927 1
251 987 1
253 290 1
253 566 1
256 356 2
260 762 1
263 369 1
264 540 1
267 517 1
267 586 2
267 944 10
267 629 1
267 891 3
267 700 1
272 450 2
274 841 1
274 469 1
278 454 5
280 530 1
280 629 3
281 905 1
291 454 2
293 716 1
293 502 1
294 868 2
299 634 1
299 559 1
302 428 1
304 720 1
306 450 1
311 987 1
316 915 6
318 332 1
319 458 1
319 558 1
322 343 1
322 379 1
322 477 1
324 477 1
329 692 1
329 427 1
329 540 1
333 743 6
334 776 1
334 746 1
334 915 1
334 692 1
334 502 2
335 537 5
335 532 1
338 987 1
338 764 1
347 933 1
347 966 1
353 891 1
356 416 1
356 743 1
356 586 5
356 718 1
356 765 1
356 542 3
356 472 6
356 602 1
360 629 2
361 987 1
362 383 1
364 987 1
368 879 1
369 535 1
371 720 1
372 404 3
372 934 2
381 541 1
383 909 1
388 502 1
398 712 4
398 450 1
401 429 4
401 454 2
401 415 1
410 719 1
410 663 2
415 700 1
415 535 1
416 586 5
416 927 1
416 447 1
418 977 8
418 996 1
421 978 1
421 795 1
422 680 1
422 857 1
422 731 2
422 540 1
423 977 2
424 795 1
428 857 1
428 915 2
429 454 8
432 987 1
433 987 1
443 450 1
443 602 1
443 662 1
444 535 1
447 762 1
447 586 5
447 759 1
450 802 1
450 900 1
450 742 1
450 712 1
450 692 1
450 662 1
450 602 1
454 772 1
456 720 1
458 684 2
458 558 2
458 956 1
462 586 1
469 988 1
472 782 2
477 939 1
477 524 1
477 534 1
477 510 1
482 987 1
488 568 1
493 561 3
493 629 2
499 558 1
502 789 1
502 538 1
502 565 1
506 921 2
506 996 2
509 780 1
511 987 1
514 832 1
516 783 1
526 629 2
528 589 1
528 742 1
528 909 2
530 629 4
531 987 1
532 761 1
535 542 2
535 823 2
540 955 1
540 624 2
540 840 2
540 692 1
540 698 1
540 987 1
542 586 3
542 854 2
544 772 2
546 684 2
546 742 1
547 817 1
547 978 1
550 742 1
552 978 1
558 956 2
559 634 1
561 629 2
561 846 1
565 844 1
568 947 1
573 586 1
575 782 1
581 720 1
581 855 2
582 987 1
582 764 5
586 762 1
591 915 1
591 692 2
592 927 1
602 743 2
603 634 1
609 772 1
609 951 1
609 996 1
609 927 1
614 978 1
617 720 1
624 692 1
628 720 1
629 658 2
629 685 2
629 846 2
629 630 3
629 631 2
629 891 6
641 809 1
641 987 1
659 771 1
669 772 1
674 803 1
679 844 1
680 720 3
684 704 1
685 838 3
687 772 1
692 746 2
692 994 1
693 789 1
697 720 1
697 855 2
698 840 1
698 873 1
698 764 1
700 790 1
703 771 1
711 843 1
719 738 1
719 837 1
720 833 1
720 870 1
720 936 1
720 855 1
720 731 1
724 843 1
731 741 1
736 951 1
738 837 1
739 772 1
739 741 1
742 771 4
742 900 1
745 837 1
746 935 1
758 918 2
764 994 1
764 987 1
765 908 1
772 923 2
773 955 1
774 947 16
779 843 1
783 850 1
783 837 1
789 987 1
809 987 1
828 837 1
838 857 2
840 987 1
843 883 1
849 987 1
851 988 1
851 915 1
855 955 1
855 925 1
857 915 3
872 987 1
873 987 1
891 920 4
925 955 1
935 966 1
951 996 2
955 987 3
977 1001 4
977 1004 1
987 994 1
