0
1
2
3
4
5
6
7
8
9
10
11
12
13
14
15
16
17
18
19
20
21
22
23
24
25
26
27
28
29
30
31
32
33
34
35
36
37
38
39
40
41
42
43
44
45
46
47
48
49
50
51
52
53
54
55
56
57
58
59
60
61
62
63
64
65
66
67
68
69
70
71
72
73
74
75
76
77
78
79
80
81
82
83
84
85
86
87
88
89
90
91
92
93
94
95
96
97
98
99
100
101
102
103
104
105
106
107
108
109
110
111
112
113
114
115
116
117
118
119
120
121
122
123
124
125
126
127
128
129
130
131
132
133
134
135
136
137
138
139
141
142
143
144
145
146
147
148
149
150
151
152
153
154
155
157
158
159
160
161
162
163
164
165
166
167
168
169
170
171
172
173
174
175
176
177
178
179
180
181
182
183
184
185
186
187
188
189
190
191
192
193
194
195
196
197
198
199
200
201
202
203
204
205
206
207
208
209
210
211
212
213
214
215
216
217
218
219
220
221
222
223
224
225
226
227
228
229
230
231
232
233
235
236
237
238
239
240
241
242
243
244
245
246
247
248
249
250
251
252
253
254
255
256
257
259
260
262
263
264
265
266
267
268
269
270
271
272
273
274
275
276
277
278
279
280
281
282
283
284
285
286
287
288
289
290
291
292
293
294
295
296
297
299
300
301
302
303
304
305
306
307
308
309
310
311
312
313
314
315
316
317
318
319
320
321
322
323
324
325
326
327
328
329
330
331
332
333
334
335
336
337
338
339
340
341
343
344
345
346
347
348
349
350
351
352
353
355
356
357
358
359
360
361
362
364
365
366
367
368
369
370
371
372
373
374
375
376
377
378
379
380
381
382
383
384
385
386
387
388
389
390
391
392
393
394
395
396
397
398
399
400
401
402
403
404
405
406
407
408
409
410
411
412
413
414
415
416
418
419
420
421
422
423
424
425
426
427
428
429
430
431
432
433
434
435
436
437
438
439
440
441
442
443
444
445
446
447
448
449
450
451
452
453
454
455
456
457
458
459
460
461
462
464
465
466
467
468
469
470
471
472
473
474
475
476
477
478
479
480
481
482
483
484
485
486
487
488
489
490
491
492
493
495
496
497
498
499
500
501
502
503
504
505
506
507
508
509
510
511
512
513
514
515
516
517
518
519
520
521
522
523
524
525
526
527
528
530
531
532
533
534
535
536
537
538
539
540
541
542
543
544
545
546
547
548
549
550
551
552
553
554
556
557
558
559
560
561
562
563
564
565
566
567
568
569
570
571
572
573
574
575
576
577
578
579
580
581
582
583
584
585
586
587
588
589
590
591
592
593
594
595
596
597
598
599
600
601
602
603
604
605
606
607
609
610
611
612
613
614
615
616
617
618
619
621
622
623
624
625
626
627
628
629
630
631
632
633
634
635
636
637
638
639
640
641
642
643
644
645
646
647
648
649
650
651
652
653
654
655
656
657
658
659
660
661
662
663
664
665
666
667
668
669
670
671
672
673
674
675
676
677
678
679
680
681
682
683
684
685
686
687
688
689
690
691
692
693
694
695
696
697
698
699
700
701
702
703
704
705
706
707
708
709
710
711
712
713
714
715
716
717
718
719
720
721
722
723
724
725
726
727
728
729
730
731
732
733
734
735
736
737
738
739
740
741
742
743
744
745
746
747
748
749
750
751
752
753
754
756
757
758
759
760
761
762
763
764
765
767
768
769
770
771
772
773
774
775
776
777
778
779
780
781
782
783
784
785
786
787
788
789
790
791
792
793
794
795
796
797
798
799
800
801
802
803
804
805
806
807
808
809
810
811
812
813
814
815
816
817
818
819
820
821
822
823
824
825
826
827
828
829
830
831
832
833
834
835
836
837
838
839
840
841
842
843
844
845
846
847
848
849
850
851
852
853
854
855
856
857
858
859
860
861
862
863
864
865
866
867
868
869
870
871
872
873
874
875
876
877
878
879
880
881
882
883
884
885
886
887
888
889
890
891
892
893
894
895
896
897
898
899
900
901
902
903
904
905
906
907
908
909
910
911
912
913
914
915
916
917
918
919
920
921
922
923
924
925
926
927
928
929
930
931
932
933
934
935
936
937
938
939
940
941
942
943
944
945
946
947
948
949
950
951
952
953
954
955
956
957
958
960
961
962
963
964
965
966
967
968
969
970
971
972
973
974
975
976
977
978
979
980
981
982
983
984
985
986
987
988
989
990
991
992
993
994
995
996
997
998
999
1000
1001
1002
1003
1004
0 569 5
0 790 1
0 118 1
1 548 1
2 700 2
2 77 3
2 790 9
4 720 1
4 362 2
4 371 1
4 135 4
5 107 2
5 78 1
6 569 5
6 670 1
6 249 1
12 680 1
12 720 2
12 731 1
13 532 1
13 837 1
13 743 6
14 410 1
14 506 1
14 719 1
15 680 2
15 731 3
16 541 1
17 857 6
17 915 1
17 428 1
19 716 1
19 862 1
24 32 2
24 136 2
24 530 5
24 629 12
24 280 1
24 891 2
25 48 1
25 73 1
25 458 1
25 684 1
29 107 1
30 356 3
30 104 2
30 942 2
30 912 1
30 168 3
30 472 1
30 313 2
30 765 3
31 724 2
31 165 13
31 990 2
32 433 3
32 280 1
32 791 2
34 997 3
34 855 2
35 978 1
35 547 1
38 832 1
38 879 1
38 939 1
38 69 1
38 309 2
40 802 3
40 900 1
40 712 5
40 587 1
40 450 3
40 272 1
40 466 1
40 596 1
40 662 2
40 695 1
40 568 1
40 187 3
40 572 1
40 703 1
41 73 2
41 723 1
42 638 1
45 66 3
46 548 1
48 73 2
48 458 5
48 684 4
48 558 3
48 758 1
48 216 1
48 956 2
48 319 1
52 168 1
52 126 3
53 629 1
53 159 1
56 65 1
56 994 2
56 987 2
58 909 2
61 602 1
61 772 1
61 398 3
61 718 4
62 646 2
62 542 2
62 159 1
65 775 1
65 910 1
65 783 1
65 530 6
65 915 2
65 920 5
65 927 5
65 687 2
65 243 1
65 692 2
65 671 2
65 191 1
65 329 1
65 338 1
65 220 4
65 993 2
65 613 1
65 743 1
65 499 1
65 120 4
65 377 1
65 891 7
67 344 6
67 963 17
67 165 3
67 207 7
73 918 1
73 672 1
73 679 2
73 684 2
73 558 3
73 434 1
73 565 1
73 956 2
73 318 2
73 319 2
73 704 2
73 321 1
73 458 1
73 723 1
73 216 1
73 481 1
73 618 2
73 366 1
73 499 1
73 758 2
75 609 1
75 772 3
75 165 4
75 850 3
75 607 1
75 220 3
75 927 2
77 912 6
77 168 7
77 260 3
77 356 2
82 135 4
83 784 1
83 697 1
83 443 1
86 443 1
90 347 2
90 927 5
90 692 1
90 742 2
90 191 1
91 1001 1
91 415 1
92 207 2
95 987 1
96 420 18
96 509 1
98 592 3
98 713 4
98 454 4
101 377 3
101 246 4
101 423 1
102 125 1
103 514 2
103 164 1
103 950 2
103 423 7
106 399 1
107 320 1
107 464 1
107 898 2
107 643 1
107 537 1
107 808 1
107 201 1
107 810 1
107 236 3
107 335 2
107 208 1
107 985 1
107 980 3
107 118 1
107 553 2
107 664 1
107 468 3
107 381 2
107 670 2
112 674 2
112 267 1
112 187 1
112 662 1
113 542 1
113 535 1
116 159 4
117 268 2
118 365 1
120 772 3
120 854 2
120 454 5
120 927 4
122 718 1
125 324 1
125 487 1
125 939 1
125 524 1
125 206 1
125 622 5
125 174 1
125 534 1
125 154 1
125 477 1
125 510 1
127 377 1
127 907 1
127 423 1
127 687 2
132 509 1
133 168 1
133 765 1
134 592 5
134 454 4
135 834 2
135 530 2
135 531 2
135 534 1
135 920 1
135 292 1
135 936 2
135 942 19
135 692 1
135 703 4
135 450 1
135 581 9
135 718 1
135 720 1
135 851 1
135 980 1
135 341 1
135 915 1
135 870 4
135 364 1
135 594 1
135 371 4
135 628 7
135 502 1
135 248 3
136 200 1
136 428 2
136 629 1
137 936 4
137 771 2
139 323 1
139 423 2
141 547 1
141 421 2
143 159 2
147 347 1
147 927 2
150 415 1
151 700 1
151 253 1
153 977 4
157 740 1
157 743 1
157 462 1
157 686 2
157 542 2
157 607 2
157 670 2
157 277 1
159 160 1
159 923 2
159 517 2
159 742 2
159 712 2
159 716 1
159 586 5
159 535 2
159 940 9
159 307 1
159 500 4
159 214 3
159 377 2
159 987 2
159 629 2
160 530 1
160 891 2
160 629 7
164 548 3
165 847 1
165 401 5
165 344 2
165 207 2
165 990 1
166 648 2
166 416 1
166 586 4
166 743 1
167 817 1
167 547 1
167 716 1
167 469 2
168 416 3
168 260 12
168 232 2
168 586 7
168 557 3
168 912 32
168 885 2
168 472 4
168 356 7
168 607 1
168 347 3
168 575 4
170 231 2
171 347 2
171 590 2
173 541 1
175 737 2
175 275 4
175 423 1
180 215 1
180 829 1
180 727 1
181 724 1
184 832 2
184 393 1
184 607 1
184 333 8
184 423 2
185 248 2
185 415 1
185 692 2
185 383 1
187 802 1
187 450 1
188 280 1
188 547 1
189 866 1
189 716 1
189 462 1
189 724 1
189 718 1
189 214 2
189 249 1
189 410 2
190 353 1
191 415 4
191 692 1
191 927 4
193 736 1
193 230 2
193 940 2
193 500 1
193 662 2
193 923 1
196 900 2
196 873 1
196 429 1
196 850 1
196 983 1
196 927 1
199 506 1
200 344 1
200 971 1
200 428 1
200 696 1
200 915 1
200 952 2
200 543 1
201 883 1
201 980 2
202 629 6
207 647 1
207 424 6
207 428 2
207 558 5
207 847 4
207 547 1
207 469 7
207 953 2
207 795 8
208 977 3
209 602 1
214 704 1
214 609 1
214 290 1
214 746 1
214 765 3
214 912 4
214 500 3
214 502 1
214 692 1
214 890 1
214 316 2
216 321 1
216 362 1
216 558 1
220 749 2
220 334 3
223 368 1
223 322 1
223 462 2
223 670 2
223 343 1
228 569 5
228 502 1
229 568 2
229 483 1
231 736 2
231 873 3
231 245 2
231 540 2
231 607 1
232 648 1
232 260 4
233 692 3
233 245 1
235 890 2
236 537 3
236 506 3
239 609 2
239 502 1
241 547 1
245 764 2
245 264 3
245 329 1
245 624 1
245 540 2
245 830 1
246 423 2
248 483 2
248 462 1
248 692 2
248 920 2
248 670 3
249 569 5
250 607 3
250 886 1
250 927 3
253 290 4
253 566 4
256 472 5
256 313 1
256 356 1
257 592 1
260 912 6
260 762 2
260 575 2
267 586 6
267 674 1
268 592 1
268 291 1
268 454 1
272 450 1
272 742 1
277 844 1
278 462 1
278 983 1
280 547 1
280 846 1
280 647 1
280 360 1
280 561 1
280 915 1
280 526 1
280 920 1
280 530 1
280 851 1
280 629 11
280 631 4
290 416 2
290 891 2
290 589 2
291 713 1
291 454 6
293 718 3
294 984 2
294 817 1
294 586 5
294 416 1
294 313 2
299 634 1
299 509 2
301 547 1
303 514 2
303 399 1
303 950 3
303 343 3
305 472 1
305 416 1
306 660 1
306 772 1
307 769 1
307 692 2
308 926 2
309 939 1
310 322 1
311 697 1
311 955 2
311 383 1
313 472 1
313 765 2
313 447 1
317 692 1
318 840 1
318 758 1
320 883 1
322 388 1
322 534 1
322 663 1
322 853 1
322 343 2
322 548 3
324 369 2
324 612 1
326 930 1
326 772 2
327 921 2
327 381 5
329 581 1
329 582 1
329 769 1
332 435 1
332 500 2
333 569 5
333 743 2
334 746 2
334 462 1
334 687 1
334 692 2
334 670 1
334 542 1
335 664 2
337 505 2
337 603 2
337 853 1
338 987 1
343 663 1
344 838 2
347 933 1
347 966 2
353 891 4
353 957 1
353 391 1
356 416 4
356 868 1
356 743 6
356 586 1
356 684 1
356 912 6
356 500 3
356 472 8
360 629 7
360 526 1
362 514 1
362 585 1
362 953 1
362 383 1
364 506 1
369 951 3
369 535 1
372 595 3
377 866 3
377 772 1
377 422 1
377 423 3
377 457 2
377 718 4
377 530 3
377 630 7
377 731 2
377 605 1
379 568 1
380 712 1
381 731 1
383 528 1
383 589 2
388 509 1
388 951 1
393 883 1
397 835 1
398 450 3
399 548 1
399 950 1
401 454 5
401 429 13
409 569 5
409 599 1
410 969 1
410 719 3
414 891 1
415 833 1
415 630 2
415 617 1
415 587 2
415 749 4
415 462 1
415 752 1
415 471 1
416 586 5
416 782 6
416 602 3
418 977 4
421 424 7
421 547 1
421 795 5
422 731 5
423 710 1
423 977 3
424 547 1
424 630 2
424 795 10
424 990 3
427 955 2
428 647 2
428 716 1
428 847 1
428 915 2
428 857 2
428 990 1
428 543 1
429 925 4
429 454 14
433 738 2
433 987 1
435 500 5
438 692 1
443 772 2
443 742 7
443 1003 2
443 662 1
443 703 2
444 927 4
447 984 3
449 670 1
450 802 2
450 712 4
450 692 4
450 462 3
450 695 1
450 572 4
450 670 3
454 609 7
454 772 7
454 713 2
454 1003 1
454 592 7
458 684 4
458 704 3
461 491 1
462 517 2
462 783 1
462 535 1
462 923 1
462 542 2
462 687 1
462 945 1
462 692 1
462 670 6
462 833 3
462 586 2
462 591 2
462 851 2
462 718 1
462 742 1
469 547 1
469 630 2
470 569 5
470 789 8
472 743 1
472 912 2
472 602 1
474 939 1
479 904 1
481 723 1
481 565 1
483 696 1
485 646 1
491 977 1
493 685 4
493 561 3
493 530 4
493 629 6
493 630 3
493 631 1
495 568 4
497 977 3
499 684 2
499 565 1
499 558 1
500 586 2
500 782 5
502 776 1
502 591 1
502 569 5
502 890 3
505 603 2
506 996 2
506 783 2
506 951 2
506 644 1
506 605 3
509 832 4
509 950 1
509 634 1
509 638 2
512 547 1
512 708 1
514 780 1
514 950 3
514 603 2
515 927 4
516 790 1
517 803 1
517 670 2
517 743 1
519 790 4
520 731 1
522 772 1
526 561 6
526 629 12
528 609 1
530 685 1
530 561 1
530 629 15
530 630 2
530 631 1
530 891 16
531 987 5
534 890 1
535 586 2
535 823 2
535 542 1
538 569 5
540 987 6
540 840 3
540 697 2
540 955 2
541 657 2
541 951 2
542 772 1
542 743 1
542 812 3
542 718 2
542 591 2
542 670 2
546 629 2
547 614 1
547 817 1
547 552 1
547 824 1
547 978 1
547 851 1
547 954 1
547 795 1
547 709 1
548 638 1
550 743 1
552 851 2
552 951 2
558 565 6
558 956 2
561 846 9
561 629 6
568 771 1
569 710 5
569 599 5
569 976 5
569 693 5
569 605 5
569 862 5
572 696 1
573 772 1
575 912 2
580 862 2
581 703 1
581 855 1
582 624 2
582 764 2
586 743 1
586 648 3
586 984 5
587 720 1
587 936 2
591 923 1
591 670 1
592 713 2
592 948 2
592 927 9
595 718 1
603 780 2
603 822 2
603 735 2
605 789 1
607 684 2
607 692 2
607 629 2
607 890 3
607 927 3
609 707 1
609 772 4
609 951 1
609 633 1
609 923 1
609 927 5
612 752 1
612 634 2
617 720 5
622 676 1
629 658 6
629 685 7
629 846 7
629 630 9
629 631 8
629 891 12
629 894 6
630 891 2
630 685 2
634 788 2
637 772 1
638 951 1
641 809 1
643 881 3
643 685 4
647 915 1
648 765 1
650 682 3
650 738 1
650 654 1
654 738 3
654 682 2
654 991 1
660 772 1
670 783 2
670 742 2
670 687 1
670 851 3
670 692 1
670 718 1
670 923 1
672 922 1
672 844 1
678 696 2
680 720 4
680 707 1
682 738 3
682 850 5
684 704 1
684 743 2
684 844 2
685 1001 2
685 724 1
687 772 2
687 923 1
692 769 1
692 775 1
692 746 8
692 983 1
692 830 1
696 731 2
697 771 1
697 873 2
697 855 7
697 925 3
700 812 1
702 842 3
703 772 3
704 743 1
712 714 1
714 890 1
716 718 3
716 980 2
718 866 7
718 904 1
718 754 2
718 980 2
718 724 1
720 855 1
720 731 1
722 927 6
724 1001 1
731 890 1
737 849 1
738 783 3
738 979 1
738 951 1
738 921 2
738 923 1
740 832 2
742 900 8
743 765 1
746 935 7
752 808 1
752 927 1
754 883 1
765 868 2
765 859 2
771 784 1
772 783 1
772 912 1
772 854 1
772 823 1
773 955 1
777 994 2
780 950 2
790 812 9
790 823 8
795 978 3
804 850 1
808 898 1
821 927 1
823 927 3
843 883 3
854 927 2
861 896 1
873 987 2
883 907 2
890 923 3
921 923 1
925 955 2
927 948 1
933 966 2
935 966 2
955 987 2
977 1001 3
977 1004 6
