0
1
2
3
4
5
6
7
8
9
10
11
12
13
14
15
16
17
18
19
20
21
22
23
24
25
26
27
28
29
30
31
32
33
34
35
36
37
38
39
40
41
42
43
44
45
46
47
48
49
50
51
52
53
54
55
56
57
58
59
60
61
62
63
64
65
66
67
68
69
70
71
72
73
74
75
76
77
78
79
80
81
82
83
84
85
86
87
88
89
90
91
92
93
94
95
96
97
98
99
100
101
102
103
104
105
106
107
108
109
110
111
112
113
114
115
116
117
118
119
120
121
122
123
124
125
126
127
128
129
130
131
132
133
134
135
136
137
138
139
141
142
143
144
145
146
147
148
149
150
151
152
153
154
155
157
158
159
160
161
162
163
164
165
166
167
168
169
170
171
172
173
174
175
176
177
178
179
180
181
182
183
184
185
186
187
188
189
190
191
192
193
194
195
196
197
198
199
200
201
202
203
204
205
206
207
208
209
210
211
212
213
214
215
216
217
218
219
220
221
222
223
224
225
226
227
228
229
230
231
232
233
235
236
237
238
239
240
241
242
243
244
245
246
247
248
249
250
251
252
253
254
255
256
257
259
260
262
263
264
265
266
267
268
269
270
271
272
273
274
275
276
277
278
279
280
281
282
283
284
285
286
287
288
289
290
291
292
293
294
295
296
297
299
300
301
302
303
304
305
306
307
308
309
310
311
312
313
314
315
316
317
318
319
320
321
322
323
324
325
326
327
328
329
330
331
332
333
334
335
336
337
338
339
340
341
343
344
345
346
347
348
349
350
351
352
353
355
356
357
358
359
360
361
362
364
365
366
367
368
369
370
371
372
373
374
375
376
377
378
379
380
381
382
383
384
385
386
387
388
389
390
391
392
393
394
395
396
397
398
399
400
401
402
403
404
405
406
407
408
409
410
411
412
413
414
415
416
418
419
420
421
422
423
424
425
426
427
428
429
430
431
432
433
434
435
436
437
438
439
440
441
442
443
444
445
446
447
448
449
450
451
452
453
454
455
456
457
458
459
460
461
462
464
465
466
467
468
469
470
471
472
473
474
475
476
477
478
479
480
481
482
483
484
485
486
487
488
489
490
491
492
493
495
496
497
498
499
500
501
502
503
504
505
506
507
508
509
510
511
512
513
514
515
516
517
518
519
520
521
522
523
524
525
526
527
528
530
531
532
533
534
535
536
537
538
539
540
541
542
543
544
545
546
547
548
549
550
551
552
553
554
556
557
558
559
560
561
562
563
564
565
566
567
568
569
570
571
572
573
574
575
576
577
578
579
580
581
582
583
584
585
586
587
588
589
590
591
592
593
594
595
596
597
598
599
600
601
602
603
604
605
606
607
609
610
611
612
613
614
615
616
617
618
619
621
622
623
624
625
626
627
628
629
630
631
632
633
634
635
636
637
638
639
640
641
642
643
644
645
646
647
648
649
650
651
652
653
654
655
656
657
658
659
660
661
662
663
664
665
666
667
668
669
670
671
672
673
674
675
676
677
678
679
680
681
682
683
684
685
686
687
688
689
690
691
692
693
694
695
696
697
698
699
700
701
702
703
704
705
706
707
708
709
710
711
712
713
714
715
716
717
718
719
720
721
722
723
724
725
726
727
728
729
730
731
732
733
734
735
736
737
738
739
740
741
742
743
744
745
746
747
748
749
750
751
752
753
754
756
757
758
759
760
761
762
763
764
765
767
768
769
770
771
772
773
774
775
776
777
778
779
780
781
782
783
784
785
786
787
788
789
790
791
792
793
794
795
796
797
798
799
800
801
802
803
804
805
806
807
808
809
810
811
812
813
814
815
816
817
818
819
820
821
822
823
824
825
826
827
828
829
830
831
832
833
834
835
836
837
838
839
840
841
842
843
844
845
846
847
848
849
850
851
852
853
854
855
856
857
858
859
860
861
862
863
864
865
866
867
868
869
870
871
872
873
874
875
876
877
878
879
880
881
882
883
884
885
886
887
888
889
890
891
892
893
894
895
896
897
898
899
900
901
902
903
904
905
906
907
908
909
910
911
912
913
914
915
916
917
918
919
920
921
922
923
924
925
926
927
928
929
930
931
932
933
934
935
936
937
938
939
940
941
942
943
944
945
946
947
948
949
950
951
952
953
954
955
956
957
958
960
961
962
963
964
965
966
967
968
969
970
971
972
973
974
975
976
977
978
979
980
981
982
983
984
985
986
987
988
989
990
991
992
993
994
995
996
997
998
999
1000
1001
1002
1003
1004
0 6 1
0 228 1
0 502 1
0 710 1
0 295 1
0 519 1
0 599 1
0 333 3
0 78 1
0 976 1
0 178 2
0 693 1
0 470 1
0 409 1
0 249 1
0 538 1
0 767 1
0 732 1
0 605 1
0 862 1
0 991 1
2 700 1
2 790 2
2 231 1
4 304 1
5 553 3
5 107 3
5 670 1
5 175 1
6 249 2
6 178 1
6 333 2
7 810 2
10 657 1
13 1001 1
13 532 8
13 951 1
14 516 2
14 1001 1
14 189 1
14 410 1
14 924 2
14 506 1
15 680 2
15 422 3
16 410 1
17 428 1
19 333 1
24 280 1
24 587 1
24 629 4
24 902 3
24 189 1
25 704 1
25 458 1
25 684 1
25 48 1
25 216 1
25 319 1
28 987 3
29 724 2
29 335 2
30 104 1
30 313 2
30 765 1
31 316 1
31 165 12
31 990 1
32 700 5
32 197 2
32 134 1
35 165 1
38 324 2
40 802 2
40 772 1
40 712 1
40 120 1
40 568 1
40 187 4
40 572 1
41 758 1
41 499 1
41 565 1
41 723 4
42 534 1
45 227 3
46 788 2
46 310 8
46 663 1
48 499 1
48 684 2
50 559 8
52 912 1
52 790 2
53 193 4
53 290 1
53 272 1
53 120 1
53 923 3
53 540 1
56 482 2
56 987 5
56 951 2
58 909 3
61 450 2
61 483 1
61 356 2
61 742 4
61 135 2
61 332 1
61 718 6
61 591 2
61 915 3
61 724 1
61 502 4
61 687 1
62 800 3
62 90 1
62 646 5
62 542 4
62 551 1
66 227 6
67 344 1
67 561 2
67 963 4
67 165 7
67 846 1
68 987 2
68 189 1
69 879 1
70 772 2
70 334 2
70 663 1
70 120 1
70 324 1
70 90 2
70 159 1
71 595 1
71 934 4
73 499 1
74 166 5
74 294 1
74 586 8
74 759 2
74 984 2
74 573 1
74 447 1
75 772 3
75 107 1
75 178 3
75 334 1
75 850 3
75 220 3
75 607 1
76 410 1
77 168 2
77 912 1
77 260 2
78 178 1
78 951 1
78 410 1
78 599 1
82 771 3
83 697 1
83 771 3
83 443 1
83 86 1
84 343 2
86 443 6
90 771 3
90 901 1
90 646 1
90 657 1
90 416 1
90 809 3
90 628 1
90 307 2
90 692 1
90 313 2
90 191 1
90 193 1
90 324 2
90 205 2
90 850 1
90 987 2
90 606 2
90 609 1
90 226 1
90 356 4
90 103 2
90 1003 2
90 500 2
90 891 1
91 617 1
91 106 2
91 850 1
92 316 1
95 987 2
95 951 2
96 832 1
96 420 2
98 707 15
98 134 5
98 454 7
98 713 10
98 107 11
98 268 10
98 429 9
98 592 12
98 401 11
98 291 7
98 117 10
98 278 10
101 246 5
101 423 3
103 977 5
103 310 17
103 663 1
105 872 1
105 849 2
105 418 3
105 582 1
107 192 3
107 808 1
107 201 1
107 810 3
107 236 2
107 468 1
107 553 1
107 120 5
107 537 2
111 416 1
111 586 1
111 762 1
111 782 1
111 743 1
112 416 1
112 313 3
112 674 9
112 267 3
112 356 7
118 553 1
118 724 1
118 365 1
119 790 1
120 772 5
120 783 1
120 157 1
120 542 2
120 544 1
120 804 2
120 167 1
120 433 1
120 178 1
120 823 2
120 952 1
120 316 2
120 573 3
120 190 2
120 416 1
120 609 1
120 586 2
120 718 1
120 591 1
120 978 1
120 854 2
120 220 1
120 865 1
120 233 1
120 850 2
120 629 1
120 127 2
122 904 1
122 410 1
122 428 1
125 676 1
125 206 1
125 487 1
126 700 2
126 790 3
126 294 2
127 754 3
127 407 1
127 772 4
127 415 2
132 388 2
134 718 1
134 592 6
134 147 3
134 316 1
135 746 2
135 607 1
136 915 1
136 316 6
136 165 1
136 591 1
137 936 2
141 978 1
142 892 1
142 267 2
142 316 1
142 214 1
147 257 1
147 931 4
147 454 3
147 214 4
147 285 1
147 150 1
147 159 2
149 716 3
149 372 1
149 724 1
150 997 1
151 253 2
152 443 2
153 410 1
153 782 2
157 577 2
157 931 1
157 356 2
157 517 2
157 586 3
157 171 1
157 684 2
157 590 1
157 285 5
157 277 1
157 462 1
157 933 8
157 542 1
157 347 2
157 746 3
157 926 1
157 607 1
159 609 1
159 707 2
159 776 4
159 617 1
159 586 10
159 209 1
159 214 1
160 658 2
160 858 1
160 629 2
161 626 1
161 951 6
164 943 1
165 552 2
165 401 11
165 344 5
165 316 13
166 416 1
166 674 9
166 517 1
166 782 3
166 946 2
166 759 2
166 984 2
166 586 11
167 978 1
167 214 1
168 868 2
168 885 1
168 260 2
168 232 7
168 266 1
168 556 5
168 912 23
168 472 8
168 948 2
168 949 2
168 790 3
168 439 10
168 984 7
168 356 15
168 447 2
168 313 2
168 575 1
169 372 1
170 697 2
170 951 3
170 628 2
170 855 2
173 1001 1
173 506 1
173 657 1
175 737 1
175 423 1
175 849 6
175 275 3
175 410 1
176 586 1
178 772 2
178 214 2
178 280 2
178 409 2
178 538 1
178 415 1
178 295 1
178 693 2
178 569 1
178 607 1
178 189 2
178 710 1
178 333 2
178 976 1
178 339 1
178 470 1
178 599 1
178 605 1
178 862 5
178 991 1
178 464 1
178 482 3
178 228 1
178 231 1
178 232 3
178 628 3
178 502 18
178 249 2
178 250 2
178 767 1
180 958 1
181 362 1
181 587 1
181 190 1
184 410 1
184 779 3
184 407 1
185 854 5
185 684 1
185 850 1
185 915 2
185 501 1
185 502 1
185 248 2
185 762 2
185 670 1
185 415 1
186 722 2
189 506 1
189 546 1
189 428 2
189 746 1
189 716 1
189 334 3
189 462 1
189 502 2
189 951 1
189 440 1
189 249 4
189 410 4
189 605 1
189 862 2
190 353 1
190 614 1
190 656 1
190 920 1
190 274 1
190 373 1
191 752 1
191 595 3
191 949 3
192 381 1
193 802 1
193 707 2
193 272 1
193 500 8
193 923 4
195 595 3
196 873 1
196 850 1
196 259 1
197 515 1
197 923 3
199 996 6
199 837 1
199 1001 1
199 850 2
199 506 2
199 924 1
199 541 1
207 469 1
208 977 3
208 236 3
209 356 3
214 900 2
214 776 1
214 912 1
214 915 2
214 540 1
214 416 1
214 290 2
214 935 2
214 940 3
214 946 2
214 951 3
214 707 1
214 712 2
214 586 1
214 978 1
214 857 1
214 742 1
214 746 2
214 239 1
216 321 1
216 499 1
216 558 1
220 334 4
220 383 4
223 746 2
223 462 2
223 415 1
225 407 1
226 440 1
229 306 2
229 607 5
230 577 2
230 347 1
231 624 1
231 245 2
231 698 1
231 987 2
231 540 5
231 830 1
231 607 2
233 692 7
233 245 1
235 923 2
236 537 15
238 727 3
239 577 1
239 923 2
239 951 1
239 377 1
245 264 2
245 624 1
245 698 1
245 987 2
245 830 1
246 377 1
246 293 1
246 724 1
246 423 8
248 746 2
248 334 4
248 591 2
248 462 1
248 607 2
248 415 1
249 377 1
249 506 2
249 605 1
251 410 1
251 987 2
253 290 1
253 566 1
256 648 3
256 313 8
256 416 2
256 356 2
256 294 3
260 912 1
264 329 1
266 912 2
266 439 9
267 674 1
267 803 1
267 586 17
267 435 3
267 948 1
267 891 2
268 946 2
270 1001 1
271 746 1
272 450 2
272 900 1
272 662 2
273 951 5
274 817 1
275 849 5
277 746 1
278 776 3
278 462 2
278 334 1
278 566 1
280 902 1
280 629 4
280 281 1
280 891 2
280 862 1
281 585 2
281 905 1
284 680 1
288 629 1
291 592 1
291 401 2
293 502 1
293 724 2
293 538 1
293 572 1
293 410 1
294 416 2
294 586 2
294 817 7
294 948 1
294 885 6
294 984 1
294 313 3
294 447 1
302 316 1
304 317 3
305 946 1
306 752 4
306 523 2
306 771 4
306 374 1
310 343 6
310 663 2
310 943 1
311 697 2
311 987 2
311 540 1
313 416 3
313 912 1
313 356 15
313 472 3
313 759 1
313 984 1
316 892 1
316 334 1
316 687 1
316 592 1
316 392 9
316 915 6
316 543 1
316 349 1
316 990 1
317 769 1
317 374 1
318 684 1
318 332 1
319 499 1
319 758 1
320 843 2
321 618 1
321 499 1
322 663 1
322 334 3
322 879 1
324 343 2
327 1001 1
327 644 1
327 381 2
327 537 2
329 624 2
329 764 1
329 775 1
332 782 1
332 435 2
332 500 11
332 542 3
333 772 5
333 502 1
333 599 2
334 388 1
334 534 2
334 910 1
334 783 1
334 915 1
334 923 1
334 546 2
334 550 1
334 687 2
334 692 4
334 462 2
334 850 1
334 607 4
334 502 1
334 633 3
335 737 1
335 899 1
335 553 1
335 980 7
335 381 3
335 670 1
337 505 3
338 987 2
343 399 2
343 950 1
343 663 6
343 607 1
347 933 3
349 976 1
353 920 1
355 686 1
356 648 1
356 912 10
356 472 11
356 790 6
356 721 4
356 602 6
356 416 4
356 948 7
356 447 3
356 586 2
356 984 1
356 730 5
356 868 5
356 743 5
356 762 1
356 765 2
360 629 1
361 987 2
362 909 2
364 506 1
364 987 2
364 764 1
369 535 5
369 823 4
371 441 1
373 656 1
374 400 1
377 522 1
377 718 1
377 724 2
377 951 2
379 568 2
379 443 1
381 921 1
381 532 2
383 528 1
383 388 1
383 720 1
388 742 1
393 843 7
400 771 1
401 454 2
401 429 9
401 415 2
402 788 2
407 779 1
407 883 1
410 777 1
410 650 2
410 663 1
410 924 1
410 541 1
410 433 1
410 837 1
410 994 1
410 719 1
410 977 1
410 482 1
410 1001 1
410 767 1
414 891 5
415 462 2
415 851 1
415 542 1
416 912 1
416 674 1
416 707 4
416 648 8
416 586 10
416 546 2
416 782 13
416 946 4
416 948 3
416 439 2
418 996 13
418 977 8
420 559 3
422 680 2
423 849 4
423 779 2
423 977 3
424 552 1
425 946 5
427 540 1
428 851 1
429 454 1
432 987 2
432 468 1
433 987 5
433 789 1
435 500 4
435 586 5
439 912 4
440 537 3
443 662 2
447 912 1
447 573 1
450 742 2
450 712 1
450 746 2
450 462 1
450 568 1
454 609 1
454 772 1
454 592 5
458 499 1
458 684 1
462 517 1
462 783 1
462 535 1
462 923 2
462 670 1
462 687 2
462 692 2
462 542 1
462 586 3
462 718 1
462 591 2
462 851 1
462 742 1
462 617 2
468 664 1
472 912 2
472 575 1
479 696 1
479 951 1
480 987 2
482 951 1
482 987 2
482 990 2
485 854 2
491 553 2
493 561 1
493 530 1
493 629 1
495 568 1
497 977 7
499 679 2
499 844 1
499 558 1
499 723 1
499 956 1
499 618 1
500 586 1
500 782 1
500 687 1
500 542 2
502 772 1
502 746 3
502 951 1
502 862 5
502 607 1
506 866 1
506 644 1
506 1001 1
506 951 3
506 923 10
506 924 9
506 996 1
506 702 2
514 977 5
516 743 2
516 1001 1
516 783 1
516 881 1
516 532 1
516 719 2
516 924 12
517 586 1
517 607 1
522 546 1
522 746 1
526 629 1
528 909 2
530 851 1
530 746 3
530 891 3
530 629 2
531 987 2
532 553 7
532 1001 1
534 546 1
534 935 1
534 746 3
534 607 1
535 823 1
540 641 5
540 994 1
540 987 2
540 773 1
540 951 4
540 855 1
540 697 2
540 698 1
540 955 5
540 925 1
541 738 1
541 996 2
541 1001 1
541 719 1
541 657 1
541 850 3
541 924 2
542 546 1
542 586 1
542 646 1
542 743 1
542 746 4
542 587 3
544 772 1
546 746 1
546 854 3
546 550 4
546 679 1
546 841 2
546 595 1
546 920 1
550 743 2
550 746 2
550 812 2
550 854 2
552 951 1
556 912 2
558 684 1
559 622 6
561 629 3
561 846 2
565 723 2
565 956 1
568 771 2
568 695 2
572 772 1
573 586 2
575 912 1
575 814 1
576 1001 1
576 654 1
577 935 1
582 994 1
582 987 2
582 764 1
586 782 8
586 912 2
586 684 1
586 687 1
586 984 4
586 885 1
586 759 3
591 746 3
591 980 1
591 923 1
591 607 5
592 609 20
592 713 3
592 948 5
593 718 1
595 934 2
595 790 1
602 912 1
602 721 1
602 782 2
602 743 1
607 783 1
607 915 1
607 920 1
607 684 1
607 692 1
607 718 1
607 978 1
607 851 1
607 994 1
607 617 1
607 746 1
607 629 1
609 772 3
609 1003 1
609 951 1
609 890 4
609 923 2
614 858 2
617 752 1
622 788 2
626 703 1
629 838 1
629 658 1
629 685 1
629 846 1
629 630 3
629 631 1
629 762 2
629 891 4
630 891 1
633 946 2
633 923 2
633 951 1
633 707 2
638 663 3
641 987 2
644 996 1
644 1001 1
644 826 1
644 924 5
648 908 1
650 1001 1
650 738 5
650 783 2
651 951 1
654 1001 1
654 738 6
654 783 5
657 1001 1
663 951 12
663 706 1
668 720 2
668 746 14
668 813 1
668 935 2
669 951 1
672 758 1
674 782 2
679 746 1
680 720 2
680 707 7
681 951 2
684 746 3
687 776 2
687 746 3
687 923 2
692 742 2
692 746 4
692 819 2
696 876 1
697 771 2
697 855 4
697 925 2
698 764 1
698 840 1
698 873 1
698 987 2
700 881 2
700 812 1
702 1001 1
703 771 3
706 951 1
707 880 4
707 951 9
711 724 1
711 718 2
716 866 2
718 746 2
718 724 3
719 1001 1
719 837 2
720 771 1
720 935 4
720 746 4
720 813 2
723 758 2
723 933 1
724 738 2
724 866 1
724 976 1
730 868 3
730 790 1
731 746 2
735 879 1
737 849 1
738 1001 1
738 783 4
738 951 1
739 746 2
740 879 1
742 900 4
742 746 2
742 784 1
742 772 2
742 863 1
743 782 1
745 1001 1
746 775 2
746 776 2
746 915 1
746 920 6
746 935 20
746 813 9
746 834 2
746 841 2
746 851 3
746 980 2
746 994 2
754 779 2
758 918 1
758 956 1
759 984 2
762 912 1
764 994 1
764 987 2
765 912 1
765 946 1
770 880 1
771 901 1
771 863 1
772 978 1
772 883 2
772 951 3
772 923 3
776 923 7
780 977 5
782 868 9
782 912 1
782 887 1
783 804 1
783 1001 1
783 850 1
784 901 1
789 987 2
790 812 1
790 868 5
802 900 1
804 928 1
804 881 7
804 850 2
804 828 1
808 898 1
809 987 2
813 935 1
828 1001 3
828 850 1
832 977 1
833 850 1
837 1001 1
837 924 4
838 952 2
840 987 3
849 987 2
850 987 2
850 1001 1
851 978 2
851 920 1
862 909 3
868 912 2
872 987 6
873 987 2
876 999 1
881 928 1
881 924 2
881 1001 1
883 951 2
885 984 1
890 978 2
890 923 4
907 951 1
912 948 2
912 949 3
912 984 2
921 1001 1
923 951 2
924 1001 9
925 987 2
939 951 1
950 977 5
950 1001 2
951 979 1
951 996 5
955 987 3
977 1004 5
978 988 1
979 1001 1
987 994 3
996 1001 1
