0
1
2
3
4
5
6
7
8
9
10
11
12
13
14
15
16
17
18
19
20
21
22
23
24
25
26
27
28
29
30
31
32
33
34
35
36
37
38
39
40
41
42
43
44
45
46
47
48
49
50
51
52
53
54
55
56
57
58
59
60
61
62
63
64
65
66
67
68
69
70
71
72
73
74
75
76
77
78
79
80
81
82
83
84
85
86
87
88
89
90
91
92
93
94
95
96
97
98
99
100
101
102
103
104
105
106
107
108
109
110
111
112
113
114
115
116
117
118
119
120
121
122
123
124
125
126
127
128
129
130
131
132
133
134
135
136
137
138
139
141
142
143
144
145
146
147
148
149
150
151
152
153
154
155
157
158
159
160
161
162
163
164
165
166
167
168
169
170
171
172
173
174
175
176
177
178
179
180
181
182
183
184
185
186
187
188
189
190
191
192
193
194
195
196
197
198
199
200
201
202
203
204
205
206
207
208
209
210
211
212
213
214
215
216
217
218
219
220
221
222
223
224
225
226
227
228
229
230
231
232
233
235
236
237
238
239
240
241
242
243
244
245
246
247
248
249
250
251
252
253
254
255
256
257
259
260
262
263
264
265
266
267
268
269
270
271
272
273
274
275
276
277
278
279
280
281
282
283
284
285
286
287
288
289
290
291
292
293
294
295
296
297
299
300
301
302
303
304
305
306
307
308
309
310
311
312
313
314
315
316
317
318
319
320
321
322
323
324
325
326
327
328
329
330
331
332
333
334
335
336
337
338
339
340
341
343
344
345
346
347
348
349
350
351
352
353
355
356
357
358
359
360
361
362
364
365
366
367
368
369
370
371
372
373
374
375
376
377
378
379
380
381
382
383
384
385
386
387
388
389
390
391
392
393
394
395
396
397
398
399
400
401
402
403
404
405
406
407
408
409
410
411
412
413
414
415
416
418
419
420
421
422
423
424
425
426
427
428
429
430
431
432
433
434
435
436
437
438
439
440
441
442
443
444
445
446
447
448
449
450
451
452
453
454
455
456
457
458
459
460
461
462
464
465
466
467
468
469
470
471
472
473
474
475
476
477
478
479
480
481
482
483
484
485
486
487
488
489
490
491
492
493
495
496
497
498
499
500
501
502
503
504
505
506
507
508
509
510
511
512
513
514
515
516
517
518
519
520
521
522
523
524
525
526
527
528
530
531
532
533
534
535
536
537
538
539
540
541
542
543
544
545
546
547
548
549
550
551
552
553
554
556
557
558
559
560
561
562
563
564
565
566
567
568
569
570
571
572
573
574
575
576
577
578
579
580
581
582
583
584
585
586
587
588
589
590
591
592
593
594
595
596
597
598
599
600
601
602
603
604
605
606
607
609
610
611
612
613
614
615
616
617
618
619
621
622
623
624
625
626
627
628
629
630
631
632
633
634
635
636
637
638
639
640
641
642
643
644
645
646
647
648
649
650
651
652
653
654
655
656
657
658
659
660
661
662
663
664
665
666
667
668
669
670
671
672
673
674
675
676
677
678
679
680
681
682
683
684
685
686
687
688
689
690
691
692
693
694
695
696
697
698
699
700
701
702
703
704
705
706
707
708
709
710
711
712
713
714
715
716
717
718
719
720
721
722
723
724
725
726
727
728
729
730
731
732
733
734
735
736
737
738
739
740
741
742
743
744
745
746
747
748
749
750
751
752
753
754
756
757
758
759
760
761
762
763
764
765
767
768
769
770
771
772
773
774
775
776
777
778
779
780
781
782
783
784
785
786
787
788
789
790
791
792
793
794
795
796
797
798
799
800
801
802
803
804
805
806
807
808
809
810
811
812
813
814
815
816
817
818
819
820
821
822
823
824
825
826
827
828
829
830
831
832
833
834
835
836
837
838
839
840
841
842
843
844
845
846
847
848
849
850
851
852
853
854
855
856
857
858
859
860
861
862
863
864
865
866
867
868
869
870
871
872
873
874
875
876
877
878
879
880
881
882
883
884
885
886
887
888
889
890
891
892
893
894
895
896
897
898
899
900
901
902
903
904
905
906
907
908
909
910
911
912
913
914
915
916
917
918
919
920
921
922
923
924
925
926
927
928
929
930
931
932
933
934
935
936
937
938
939
940
941
942
943
944
945
946
947
948
949
950
951
952
953
954
955
956
957
958
960
961
962
963
964
965
966
967
968
969
970
971
972
973
974
975
976
977
978
979
980
981
982
983
984
985
986
987
988
989
990
991
992
993
994
995
996
997
998
999
1000
1001
1002
1003
1004
0 178 6
0 991 1
0 189 4
0 118 1
0 410 2
1 368 1
2 231 3
2 582 2
2 789 3
2 790 1
2 61 3
4 371 2
4 135 1
5 808 2
5 107 1
5 29 1
6 178 6
6 1004 2
6 991 1
12 422 3
13 532 1
13 738 3
13 516 1
14 796 2
14 738 3
14 724 4
15 680 2
15 731 7
15 422 3
15 943 1
16 843 1
16 541 2
16 423 1
17 915 2
17 316 3
18 195 1
19 423 1
24 280 1
24 629 6
25 704 4
25 48 1
28 987 5
28 231 1
29 107 1
30 356 1
30 209 1
30 104 1
30 743 3
30 648 2
30 765 3
31 428 2
31 857 2
31 915 15
31 316 3
31 165 6
32 280 1
32 127 1
35 978 3
35 207 1
37 313 1
37 126 3
38 612 1
38 939 2
38 324 3
40 450 2
40 900 1
40 214 1
40 712 3
40 802 1
40 272 1
40 488 2
40 947 1
40 596 1
40 196 2
40 662 1
40 695 1
40 568 2
40 772 1
40 187 2
40 572 1
40 254 1
41 723 2
41 565 1
41 499 1
48 704 1
48 458 1
48 558 2
48 499 3
48 216 1
48 956 4
48 319 2
50 402 3
50 106 1
50 559 7
53 120 1
53 193 1
53 890 1
56 987 11
56 687 1
56 159 1
58 909 1
61 833 3
61 243 2
61 716 1
61 883 1
61 789 2
61 502 1
61 607 2
61 700 1
61 991 12
62 112 1
62 485 2
62 646 1
62 607 4
65 771 1
67 963 2
67 165 7
67 846 5
67 207 2
67 561 1
67 344 3
68 987 5
69 950 2
69 879 1
70 120 1
70 90 2
70 322 3
70 534 1
74 984 2
74 447 1
74 885 1
74 294 3
74 759 1
75 772 3
75 220 12
77 912 1
77 949 1
77 790 1
78 178 7
78 991 1
78 605 1
78 502 2
78 607 1
82 135 1
83 784 1
83 771 3
86 152 1
86 443 7
86 662 1
90 526 1
90 144 1
90 147 3
90 534 1
90 663 2
90 281 1
90 157 2
90 416 2
90 294 1
90 168 2
90 682 3
90 178 1
90 692 1
90 316 1
90 702 1
90 191 1
90 482 1
90 850 1
90 994 1
90 870 1
90 107 2
90 763 1
90 381 1
90 638 1
90 767 1
91 469 1
91 415 2
92 915 2
92 316 3
95 987 5
96 420 3
98 707 1
98 134 2
98 713 1
98 107 1
98 268 1
98 429 1
98 592 1
98 401 1
98 117 1
98 278 1
98 253 2
101 377 1
101 607 1
101 246 5
101 423 3
103 206 1
103 423 1
104 648 2
104 356 2
104 765 2
104 126 1
105 233 1
106 788 1
106 402 3
106 740 1
106 559 1
107 214 1
107 201 1
107 553 1
107 335 1
107 440 1
107 118 1
107 381 1
107 120 1
112 416 1
112 674 1
112 168 2
112 267 3
112 392 2
112 500 1
112 607 1
114 189 1
118 502 1
118 365 1
118 862 1
120 544 1
120 731 1
120 772 4
120 517 1
120 178 2
120 499 1
120 500 2
120 566 10
120 987 1
122 275 1
122 915 1
125 510 1
125 622 1
126 586 7
126 332 2
126 362 1
127 866 2
127 904 1
127 522 1
127 754 1
127 595 1
127 724 1
127 377 2
127 883 1
127 189 2
132 842 7
134 291 1
134 738 2
135 581 6
135 870 1
135 617 1
135 170 1
135 549 2
135 942 2
135 687 1
135 720 2
135 371 2
135 628 5
135 334 2
135 692 1
135 703 6
136 200 8
136 857 3
136 915 1
136 316 3
136 629 1
137 581 1
141 978 3
141 188 1
141 469 1
141 614 1
142 915 3
142 316 4
147 577 2
147 355 2
147 933 2
147 230 2
147 171 2
147 972 2
147 590 2
147 277 2
147 214 1
147 347 2
147 715 1
147 285 2
147 926 2
147 686 2
151 617 1
151 923 2
151 253 8
151 687 1
152 443 2
153 977 1
153 418 5
153 996 1
153 250 1
157 171 3
157 931 1
157 926 2
157 277 1
159 290 1
159 251 1
159 534 1
159 742 2
159 963 1
159 214 6
159 923 1
159 316 1
160 530 1
160 629 8
164 402 1
164 879 3
165 257 1
165 401 4
165 915 1
165 344 1
165 857 2
165 316 10
166 416 1
166 356 2
166 168 1
166 586 6
166 573 1
166 209 1
166 648 3
166 500 1
166 565 3
166 762 1
166 765 2
167 978 6
167 851 1
167 469 1
168 416 1
168 356 9
168 730 1
168 912 4
168 949 2
168 472 5
168 762 1
169 404 1
169 372 3
170 855 1
171 715 2
171 933 3
173 738 3
175 849 10
175 275 8
175 532 2
175 553 1
175 423 1
178 214 1
178 409 6
178 538 6
178 295 6
178 693 6
178 991 7
178 565 5
178 710 6
178 333 6
178 976 7
178 470 6
178 599 6
178 605 6
178 862 6
178 607 4
178 228 6
178 231 2
178 752 2
178 502 7
178 249 6
178 250 1
178 767 7
181 190 7
185 720 1
187 450 1
187 596 1
187 662 4
188 534 3
188 614 3
188 978 3
188 851 1
188 502 4
188 280 4
188 957 1
188 862 4
189 360 1
189 428 1
189 716 1
189 1004 1
189 595 4
189 280 1
189 410 5
189 883 2
190 353 9
190 978 1
190 656 7
190 274 7
190 373 7
191 692 2
193 264 1
193 910 1
193 629 1
194 769 1
194 863 1
194 901 1
194 229 1
195 896 3
196 731 2
196 413 2
197 987 1
199 738 3
199 506 1
200 428 9
200 915 2
200 952 3
200 857 1
200 316 4
201 532 1
201 335 1
206 324 1
206 622 1
206 879 1
207 424 1
207 428 3
207 558 1
207 847 1
207 978 3
207 349 1
209 765 3
214 648 1
214 940 1
214 912 1
214 530 1
214 278 1
214 920 1
214 923 1
214 544 1
214 290 2
214 731 1
214 935 1
214 684 1
214 687 1
214 776 1
214 306 1
214 692 1
214 951 1
214 569 1
214 316 1
214 835 1
214 324 1
214 844 1
214 334 1
214 720 1
214 978 3
214 852 1
214 987 1
214 220 1
214 865 1
214 738 1
214 742 1
214 743 1
214 746 2
214 371 1
214 629 1
214 765 5
220 465 1
220 772 6
223 746 1
223 322 1
223 853 1
223 879 2
228 605 1
228 991 1
229 241 3
229 374 1
229 977 3
231 955 1
231 738 3
231 978 1
231 502 1
231 698 1
231 987 5
231 540 3
231 607 1
232 416 1
232 782 1
232 439 1
233 692 3
236 537 1
236 1004 1
236 977 7
239 809 1
239 951 1
243 790 1
245 698 1
245 987 5
246 423 8
249 280 2
249 991 1
250 607 2
251 987 5
253 290 7
253 566 7
256 648 1
256 313 1
256 416 1
257 401 1
260 573 2
266 949 1
267 435 2
270 738 3
275 849 7
278 923 1
280 547 1
280 388 1
280 647 1
280 360 1
280 526 1
280 561 1
280 629 10
280 502 1
280 631 1
280 862 1
281 905 3
281 491 1
281 658 1
284 680 1
284 422 1
288 629 6
290 589 2
291 401 1
291 429 1
292 769 2
292 454 1
293 862 4
294 416 3
294 648 1
294 586 5
294 885 2
294 984 1
294 762 1
294 447 2
295 991 1
299 788 1
299 362 1
299 388 1
299 607 1
301 978 3
302 915 1
302 316 3
305 425 2
306 771 1
307 454 1
310 322 2
311 697 2
311 987 5
311 955 2
313 416 2
313 356 1
313 765 4
316 772 1
316 647 3
316 915 7
316 543 3
316 428 5
316 952 3
316 953 5
316 971 3
316 978 1
316 344 4
316 857 4
316 990 3
316 752 2
318 499 1
319 499 1
321 618 1
321 499 1
322 663 3
322 879 3
322 853 2
322 343 3
324 939 1
327 738 3
329 819 3
332 416 2
332 586 3
332 782 3
332 435 2
332 500 7
332 575 1
333 767 1
333 991 1
334 450 1
334 772 1
334 742 1
334 586 1
334 843 2
334 530 1
334 851 1
334 534 1
334 920 1
334 915 1
334 607 7
335 737 6
335 899 1
335 381 1
337 505 1
337 514 2
337 942 1
338 540 1
338 987 5
338 692 2
338 415 2
343 663 4
344 952 2
344 915 1
347 933 1
349 976 1
349 428 1
356 602 1
356 743 2
356 730 1
356 648 2
356 912 1
356 472 7
356 762 1
356 765 9
360 891 1
360 629 8
360 526 1
361 987 5
362 613 1
362 371 1
362 695 5
362 377 1
362 922 1
362 383 5
364 987 5
364 454 1
368 879 2
369 392 4
369 407 3
371 720 1
371 772 1
372 404 3
372 572 1
377 866 1
377 423 1
377 729 1
379 568 4
380 440 1
383 720 8
383 867 1
388 900 2
388 746 1
388 843 1
388 509 1
401 454 2
401 429 4
401 415 2
402 514 2
404 595 2
407 843 1
409 991 1
410 423 1
413 746 3
413 935 2
415 752 1
415 587 2
416 707 1
416 772 3
416 648 2
416 586 8
416 782 8
416 765 1
416 435 2
416 949 1
416 444 1
416 447 1
418 977 2
418 996 8
420 559 4
421 424 2
421 978 3
422 680 4
422 527 2
422 857 1
422 731 5
423 866 1
423 716 1
423 977 1
423 724 2
423 633 3
424 978 3
424 795 1
425 908 1
427 955 5
428 647 1
428 915 10
428 857 4
428 990 1
429 454 3
432 987 5
433 849 2
433 987 5
435 586 3
435 782 5
435 500 4
437 738 3
440 737 2
440 843 3
440 537 2
443 742 1
443 662 5
444 483 1
444 535 1
447 586 7
450 802 1
450 900 1
450 712 1
450 596 1
450 662 2
453 595 1
454 875 1
454 971 2
454 916 1
454 772 2
454 542 1
454 863 1
458 565 1
469 512 2
469 978 3
470 991 1
472 743 1
482 987 5
483 648 1
483 607 1
485 513 1
488 568 2
493 629 6
493 630 3
495 568 2
495 862 1
499 704 1
499 758 1
499 679 2
499 844 2
499 618 1
499 684 1
499 723 1
499 565 1
499 918 2
499 956 1
500 586 2
502 724 2
502 718 1
502 692 1
502 991 1
502 862 2
502 607 4
506 738 3
506 644 1
506 783 1
506 996 2
506 541 1
509 638 1
510 514 1
510 534 1
512 978 3
513 535 1
516 761 3
516 738 3
516 532 3
522 546 1
526 629 6
526 561 1
530 630 1
530 935 1
530 915 1
530 629 8
530 891 2
531 987 5
531 607 1
532 738 3
534 939 1
534 746 1
534 843 1
534 862 4
534 951 2
535 542 1
535 823 3
538 862 2
538 991 1
540 698 1
540 987 5
541 738 4
541 644 3
543 915 1
546 550 1
547 978 3
547 851 1
547 988 1
547 862 3
550 712 1
552 978 3
557 586 1
558 684 1
558 565 4
559 622 1
561 629 7
561 846 2
565 704 1
565 618 1
565 723 1
565 956 4
566 772 15
568 947 2
569 767 1
573 648 3
576 738 3
580 791 1
581 936 2
581 855 1
582 987 5
586 718 1
586 838 3
586 648 1
586 782 9
586 885 2
586 984 8
586 762 1
586 765 1
587 720 5
591 843 1
591 607 2
595 738 2
595 696 4
596 695 1
597 738 2
599 991 1
602 743 7
605 789 4
605 991 1
607 933 3
607 647 1
607 978 1
607 696 1
607 915 1
609 772 2
609 854 1
614 978 5
617 720 1
617 923 3
626 807 1
629 658 6
629 978 1
629 685 6
629 752 2
629 846 6
629 630 7
629 631 6
629 891 6
630 719 5
630 685 1
633 772 1
633 703 1
633 900 2
633 990 2
634 788 1
641 987 5
644 738 5
644 924 1
647 915 3
648 885 1
648 765 11
650 682 7
650 738 3
654 738 3
654 783 1
654 991 8
656 920 2
657 738 3
663 879 1
663 950 7
665 746 1
671 687 1
678 696 3
680 707 1
680 720 4
680 731 3
682 738 5
682 850 2
682 783 1
684 704 3
684 956 2
687 843 1
687 720 1
687 923 1
692 769 3
692 746 4
693 991 1
697 771 2
697 925 2
697 855 3
698 764 1
698 840 1
698 873 1
698 987 5
700 812 1
702 738 3
704 743 1
710 991 1
711 843 1
712 991 1
716 883 6
718 843 1
718 915 2
719 738 3
720 855 2
724 883 4
730 912 3
730 868 1
737 849 1
738 783 5
738 921 4
738 923 5
738 924 3
738 945 3
738 828 3
738 837 3
738 951 1
738 850 3
738 996 3
738 1001 3
738 881 4
738 979 3
738 745 3
738 761 6
740 879 3
742 771 2
742 900 4
746 935 4
748 926 5
758 844 1
761 790 4
762 984 1
764 801 1
764 987 5
765 908 3
767 991 1
771 900 2
771 901 2
771 863 2
772 865 1
773 955 2
774 947 45
784 900 2
784 798 1
789 987 5
790 868 1
790 812 1
795 978 3
801 923 1
809 987 5
817 978 3
840 987 5
844 956 3
849 987 5
851 978 4
857 915 10
858 991 2
862 991 1
863 900 1
872 987 5
873 987 5
883 915 2
890 923 1
912 949 2
915 952 1
915 953 7
915 971 1
915 990 2
925 987 5
925 955 2
933 966 1
936 942 2
953 990 1
954 978 3
955 987 10
957 978 3
976 991 1
977 1001 1
977 1004 1
978 988 3
987 994 5
