0
1
2
3
4
5
6
7
8
9
10
11
12
13
14
15
16
17
18
19
20
21
22
23
24
25
26
27
28
29
30
31
32
33
34
35
36
37
38
39
40
41
42
43
44
45
46
47
48
49
50
51
52
53
54
55
56
57
58
59
60
61
62
63
64
65
66
67
68
69
70
71
72
73
74
75
76
77
78
79
80
81
82
83
84
85
86
87
88
89
90
91
92
93
94
95
96
97
98
99
100
101
102
103
104
105
106
107
108
109
110
111
112
113
114
115
116
117
118
119
120
121
122
123
124
125
126
127
128
129
130
131
132
133
134
135
136
137
138
139
141
142
143
144
145
146
147
148
149
150
151
152
153
154
155
157
158
159
160
161
162
163
164
165
166
167
168
169
170
171
172
173
174
175
176
177
178
179
180
181
182
183
184
185
186
187
188
189
190
191
192
193
194
195
196
197
198
199
200
201
202
203
204
205
206
207
208
209
210
211
212
213
214
215
216
217
218
219
220
221
222
223
224
225
226
227
228
229
230
231
232
233
235
236
237
238
239
240
241
242
243
244
245
246
247
248
249
250
251
252
253
254
255
256
257
259
260
262
263
264
265
266
267
268
269
270
271
272
273
274
275
276
277
278
279
280
281
282
283
284
285
286
287
288
289
290
291
292
293
294
295
296
297
299
300
301
302
303
304
305
306
307
308
309
310
311
312
313
314
315
316
317
318
319
320
321
322
323
324
325
326
327
328
329
330
331
332
333
334
335
336
337
338
339
340
341
343
344
345
346
347
348
349
350
351
352
353
355
356
357
358
359
360
361
362
364
365
366
367
368
369
370
371
372
373
374
375
376
377
378
379
380
381
382
383
384
385
386
387
388
389
390
391
392
393
394
395
396
397
398
399
400
401
402
403
404
405
406
407
408
409
410
411
412
413
414
415
416
418
419
420
421
422
423
424
425
426
427
428
429
430
431
432
433
434
435
436
437
438
439
440
441
442
443
444
445
446
447
448
449
450
451
452
453
454
455
456
457
458
459
460
461
462
464
465
466
467
468
469
470
471
472
473
474
475
476
477
478
479
480
481
482
483
484
485
486
487
488
489
490
491
492
493
495
496
497
498
499
500
501
502
503
504
505
506
507
508
509
510
511
512
513
514
515
516
517
518
519
520
521
522
523
524
525
526
527
528
530
531
532
533
534
535
536
537
538
539
540
541
542
543
544
545
546
547
548
549
550
551
552
553
554
556
557
558
559
560
561
562
563
564
565
566
567
568
569
570
571
572
573
574
575
576
577
578
579
580
581
582
583
584
585
586
587
588
589
590
591
592
593
594
595
596
597
598
599
600
601
602
603
604
605
606
607
609
610
611
612
613
614
615
616
617
618
619
621
622
623
624
625
626
627
628
629
630
631
632
633
634
635
636
637
638
639
640
641
642
643
644
645
646
647
648
649
650
651
652
653
654
655
656
657
658
659
660
661
662
663
664
665
666
667
668
669
670
671
672
673
674
675
676
677
678
679
680
681
682
683
684
685
686
687
688
689
690
691
692
693
694
695
696
697
698
699
700
701
702
703
704
705
706
707
708
709
710
711
712
713
714
715
716
717
718
719
720
721
722
723
724
725
726
727
728
729
730
731
732
733
734
735
736
737
738
739
740
741
742
743
744
745
746
747
748
749
750
751
752
753
754
756
757
758
759
760
761
762
763
764
765
767
768
769
770
771
772
773
774
775
776
777
778
779
780
781
782
783
784
785
786
787
788
789
790
791
792
793
794
795
796
797
798
799
800
801
802
803
804
805
806
807
808
809
810
811
812
813
814
815
816
817
818
819
820
821
822
823
824
825
826
827
828
829
830
831
832
833
834
835
836
837
838
839
840
841
842
843
844
845
846
847
848
849
850
851
852
853
854
855
856
857
858
859
860
861
862
863
864
865
866
867
868
869
870
871
872
873
874
875
876
877
878
879
880
881
882
883
884
885
886
887
888
889
890
891
892
893
894
895
896
897
898
899
900
901
902
903
904
905
906
907
908
909
910
911
912
913
914
915
916
917
918
919
920
921
922
923
924
925
926
927
928
929
930
931
932
933
934
935
936
937
938
939
940
941
942
943
944
945
946
947
948
949
950
951
952
953
954
955
956
957
958
960
961
962
963
964
965
966
967
968
969
970
971
972
973
974
975
976
977
978
979
980
981
982
983
984
985
986
987
988
989
990
991
992
993
994
995
996
997
998
999
1000
1001
1002
1003
1004
0 184 2
0 977 1
0 214 1
2 736 1
2 231 2
2 812 1
2 876 3
2 334 1
2 782 3
2 790 2
2 700 1
2 629 2
4 441 1
4 371 2
5 491 2
5 107 2
5 605 1
5 532 1
5 506 2
5 29 1
6 120 1
6 506 1
6 470 1
8 544 1
8 731 1
13 738 3
13 516 1
13 850 1
14 32 3
14 576 1
14 738 5
14 644 1
14 270 1
14 783 1
14 881 1
14 850 1
14 506 4
14 924 4
14 702 3
15 422 1
15 680 10
15 584 1
15 520 2
15 731 4
15 284 1
16 777 1
16 19 1
16 718 4
21 656 1
22 663 1
24 160 1
24 846 1
24 530 3
24 629 5
24 280 1
24 891 1
24 31 2
25 48 1
28 987 5
29 808 1
29 107 2
29 506 1
29 899 1
30 313 2
30 765 7
30 790 1
31 428 2
31 165 1
31 990 2
32 840 1
32 746 1
32 716 2
32 718 2
32 791 1
32 696 1
35 978 1
35 851 1
35 469 1
35 207 1
38 832 1
39 923 1
40 450 1
40 662 1
40 214 1
41 704 1
41 1000 4
41 73 2
41 48 4
41 723 3
41 565 1
41 758 4
41 503 3
42 962 1
42 509 2
46 106 1
48 684 5
48 1000 6
48 458 1
48 844 1
48 558 1
48 499 1
48 723 3
48 216 1
48 763 2
48 956 1
48 319 1
50 559 4
52 356 4
52 648 1
52 425 1
52 948 2
52 472 1
52 868 4
52 126 2
53 193 1
53 923 1
53 997 1
53 609 2
53 633 1
53 890 1
53 443 2
53 542 1
53 703 2
56 840 1
56 987 12
56 772 1
58 951 1
61 840 1
61 991 2
62 800 2
62 513 1
62 485 2
62 646 3
62 214 1
62 890 1
64 139 1
65 720 1
65 70 3
65 334 2
65 335 4
65 784 5
65 220 4
65 190 1
65 703 1
66 782 1
67 963 5
67 165 1
67 391 1
67 846 3
67 207 1
67 656 1
67 344 1
68 987 5
69 735 1
69 879 1
70 768 1
70 322 2
70 388 4
70 663 4
70 367 1
70 343 1
70 120 3
71 595 1
72 772 1
72 214 2
73 1000 2
73 499 1
73 723 1
75 995 4
75 772 3
75 334 4
75 468 1
75 891 7
75 220 1
75 607 1
77 260 5
77 168 19
77 266 1
77 912 10
77 948 1
77 439 1
77 356 3
82 528 1
83 697 1
86 443 2
86 863 1
88 106 1
90 609 2
90 997 1
90 168 1
90 233 1
90 554 1
90 334 1
90 500 1
90 923 1
90 542 1
91 617 1
91 415 1
92 428 3
92 915 1
92 316 2
92 349 1
92 142 1
95 873 2
95 987 5
96 420 1
98 707 1
98 454 1
98 713 1
98 268 2
98 429 1
98 401 2
99 929 3
99 669 1
99 862 4
101 423 1
103 310 3
103 423 3
104 948 1
105 863 1
106 832 1
106 514 1
106 323 1
106 132 1
106 649 1
106 906 1
106 139 1
106 780 1
106 622 1
106 399 1
106 337 3
106 402 1
106 788 1
106 164 2
106 634 1
106 603 1
107 898 1
107 643 2
107 236 2
107 652 1
107 664 2
107 537 2
107 670 2
107 808 1
107 553 2
107 810 2
107 175 1
107 393 1
107 440 1
107 320 2
107 201 4
107 335 3
107 464 2
107 468 2
107 985 2
107 208 2
107 1004 2
107 118 2
107 120 3
107 980 2
107 381 3
109 721 1
109 913 5
112 674 2
112 356 1
112 517 3
112 166 1
112 1000 4
112 267 6
112 392 1
112 472 2
112 313 3
113 854 6
114 977 1
114 403 1
114 700 1
114 716 1
114 718 2
117 268 1
119 812 1
120 772 5
120 907 1
120 656 1
120 274 2
120 147 7
120 278 1
120 535 1
120 920 2
120 388 1
120 923 2
120 542 2
120 425 1
120 178 4
120 948 2
120 566 3
120 696 2
120 316 5
120 190 7
120 703 1
120 963 1
120 454 2
120 609 1
120 718 3
120 850 1
120 343 2
120 267 2
120 987 1
120 220 5
120 865 1
120 226 1
120 229 2
120 742 1
120 617 2
120 754 4
120 499 1
120 629 1
120 502 1
120 233 4
120 765 2
120 127 2
122 924 1
122 718 2
125 139 1
126 166 1
126 168 1
126 586 3
126 782 7
126 912 1
126 790 2
126 984 1
127 777 1
127 843 2
127 595 1
127 718 1
133 602 3
133 948 1
133 765 1
134 746 1
134 268 1
134 566 1
135 153 2
136 200 3
136 857 2
136 915 5
136 316 1
136 142 7
137 306 1
137 863 1
139 832 2
139 322 2
139 323 1
139 676 1
139 487 1
139 939 2
139 206 1
139 622 1
139 534 1
139 601 1
139 154 1
139 477 1
139 510 1
139 309 1
141 978 1
141 469 1
142 200 1
142 316 1
142 267 9
142 428 1
142 274 1
142 915 3
142 857 1
143 544 1
143 731 1
147 577 3
147 933 1
147 268 2
147 880 1
147 277 2
147 157 1
147 415 1
149 372 1
149 716 1
150 600 1
150 435 1
152 863 1
153 418 1
153 995 2
153 996 2
153 581 2
153 329 2
153 746 2
153 588 2
153 482 2
153 977 8
153 818 4
153 692 2
153 245 2
153 855 2
153 764 2
153 540 5
157 577 1
157 740 1
157 517 2
157 746 1
157 171 1
157 684 2
157 590 1
157 535 2
157 472 2
157 356 2
157 586 2
157 542 3
159 923 1
159 931 1
159 214 2
160 507 1
160 428 3
160 367 1
160 280 1
160 891 1
161 863 1
163 542 1
164 638 5
165 401 4
165 344 2
165 207 2
166 416 2
166 674 1
166 356 1
166 392 1
166 586 4
166 500 6
166 759 1
166 948 1
166 762 1
167 978 3
167 547 2
167 188 1
167 469 3
167 607 1
168 260 12
168 521 1
168 266 17
168 912 49
168 472 21
168 790 3
168 425 3
168 813 2
168 948 2
168 949 3
168 439 9
168 699 4
168 575 2
168 332 5
168 984 3
168 356 11
168 744 8
168 232 11
168 500 1
169 372 1
169 595 1
169 716 1
170 840 1
170 697 1
170 581 1
170 855 1
171 347 4
173 506 1
173 850 1
173 738 1
175 849 4
175 423 1
177 790 1
178 482 6
178 470 6
178 418 6
178 752 1
178 693 4
178 502 10
178 249 4
178 569 3
178 314 3
178 605 17
178 862 28
180 958 1
181 190 1
182 948 1
184 832 2
184 393 1
184 843 1
184 977 1
184 754 1
185 833 3
185 233 1
185 684 2
185 915 3
185 502 1
185 248 1
185 762 2
185 670 1
187 450 2
187 947 1
188 978 1
188 469 2
189 696 3
189 410 3
189 1004 3
189 502 1
189 718 4
190 196 1
190 614 2
190 373 1
190 353 1
190 656 2
190 920 1
190 274 1
190 948 3
190 471 1
190 191 2
190 752 1
190 415 1
191 371 1
191 692 1
191 581 1
192 381 2
193 923 1
193 997 3
193 935 1
193 338 1
193 443 1
196 401 1
196 268 2
197 850 1
199 506 2
199 850 1
199 644 1
199 738 1
200 971 2
200 428 1
200 915 7
200 952 1
200 316 1
203 863 1
207 424 2
207 428 2
207 293 2
207 978 1
207 469 2
207 954 1
207 795 2
207 349 1
207 990 2
207 373 2
213 863 1
214 278 2
214 518 1
214 912 8
214 531 1
214 662 2
214 923 7
214 290 4
214 294 1
214 712 2
214 693 1
214 316 1
214 334 1
214 609 1
214 356 1
214 367 1
214 500 3
214 765 1
216 321 6
216 458 2
216 890 1
220 609 2
220 772 4
220 334 1
220 383 3
223 746 1
224 428 3
224 316 1
224 349 3
228 605 2
228 502 7
228 693 2
229 443 4
229 374 2
229 863 1
231 731 1
231 423 1
231 840 2
231 233 3
231 874 4
231 334 1
231 468 1
231 245 1
231 873 1
231 987 5
231 540 1
232 260 1
232 742 1
232 425 3
232 912 5
232 744 4
232 472 8
232 765 1
232 575 1
233 746 2
233 935 4
233 749 4
233 692 7
233 245 5
233 890 2
233 863 1
235 923 2
236 537 2
236 980 1
239 609 3
239 923 1
239 324 1
241 469 1
241 326 1
243 995 2
243 772 2
243 718 4
245 874 4
245 987 5
245 764 1
246 423 1
248 550 2
249 506 3
249 470 1
250 444 1
251 840 1
251 987 5
256 721 1
256 730 1
256 294 2
260 266 2
260 912 2
260 949 2
260 439 3
264 338 3
264 540 5
266 912 4
266 946 2
266 948 2
266 790 1
266 439 6
266 699 8
267 517 1
267 648 1
267 586 11
267 751 1
267 435 2
267 948 1
267 478 2
268 454 4
268 713 2
268 1003 1
268 429 1
268 401 1
268 633 1
269 987 1
270 738 2
270 850 1
272 450 1
272 772 1
273 951 16
274 614 1
274 920 1
274 951 1
275 849 5
280 772 1
280 902 3
280 526 1
280 367 1
280 530 5
280 851 5
280 629 3
280 920 3
280 281 1
280 891 8
280 915 5
281 491 1
281 772 2
281 718 4
284 680 3
284 731 2
288 610 22
288 484 22
288 391 23
288 846 30
288 750 8
288 629 30
288 630 2
289 899 1
290 923 1
290 589 4
290 367 5
293 902 2
293 718 2
294 586 13
294 885 5
294 759 2
294 984 2
299 316 1
299 629 1
299 559 1
301 978 1
301 469 1
302 428 2
304 456 3
306 400 1
306 742 2
306 585 4
306 528 2
306 659 3
306 374 1
306 570 1
306 703 1
306 784 2
306 863 1
307 863 1
308 418 1
310 735 1
310 423 1
310 343 1
311 987 5
311 925 1
313 721 1
313 356 6
313 472 1
314 929 8
314 693 2
314 333 2
314 605 1
315 863 1
315 423 3
316 772 3
316 428 6
316 890 1
316 952 4
316 915 20
316 334 2
316 629 2
316 857 2
316 953 1
316 349 3
316 990 3
317 863 1
319 1000 4
321 618 1
321 499 1
322 832 2
322 323 1
322 528 1
322 919 1
322 376 1
322 474 1
322 603 1
324 585 3
326 587 1
327 738 1
329 624 1
329 819 3
329 540 2
332 581 1
332 870 1
332 912 1
332 435 1
332 500 9
332 539 1
332 700 1
333 605 1
334 995 2
334 772 2
334 812 2
334 687 1
334 500 1
334 388 1
334 923 1
334 414 1
334 607 1
335 440 4
335 899 3
335 553 1
337 505 4
337 603 2
337 581 1
337 919 1
338 624 2
338 840 1
338 819 1
338 951 1
338 987 6
338 540 1
341 915 3
343 534 1
343 663 5
344 373 2
347 472 1
347 577 2
347 933 3
349 428 3
349 976 1
351 782 2
353 391 3
355 933 2
356 912 8
356 923 1
356 542 1
356 416 2
356 425 11
356 813 1
356 946 1
356 948 6
356 699 2
356 721 1
356 472 9
356 730 1
356 744 3
356 765 6
360 891 1
360 629 1
361 987 5
365 716 2
367 528 1
367 997 1
367 775 1
367 812 1
367 940 1
367 946 1
367 720 1
367 978 1
367 696 1
367 923 1
369 913 7
369 535 3
371 441 1
372 404 2
372 934 1
373 391 2
374 863 1
376 832 1
376 919 4
377 772 1
377 718 4
378 514 6
378 603 1
381 532 1
381 644 1
381 980 1
383 528 3
383 586 3
383 526 3
388 534 2
390 784 4
391 484 1
391 750 2
391 951 1
391 445 2
392 948 1
397 671 1
397 975 1
398 712 4
399 950 1
400 813 6
400 863 1
401 454 7
401 429 3
401 415 2
403 977 1
403 929 2
404 595 1
407 977 1
410 502 2
410 815 1
414 891 32
414 995 6
414 591 1
415 833 2
415 429 2
416 648 6
416 425 4
416 948 4
418 996 7
418 977 19
418 538 1
420 879 1
420 559 1
421 424 3
421 978 1
421 795 5
421 469 1
422 731 3
423 832 2
423 718 1
423 849 5
424 978 1
424 990 2
425 912 18
425 946 6
425 948 11
425 790 9
428 806 3
428 915 12
428 953 2
428 952 3
428 857 4
428 990 1
429 454 6
433 840 1
433 994 1
433 987 13
433 591 1
435 962 1
435 586 6
435 948 2
435 885 2
435 500 2
435 762 1
435 573 1
437 738 1
438 818 4
439 946 2
439 948 2
439 949 3
439 699 5
440 537 1
443 450 1
443 662 4
443 863 1
444 535 1
445 891 1
445 750 2
450 802 1
450 915 2
450 662 1
450 695 1
450 568 1
454 609 4
454 772 6
454 1003 5
458 577 1
458 1000 4
458 684 2
458 890 1
464 980 2
465 812 1
469 547 2
469 614 1
469 978 1
469 851 4
469 630 7
469 954 1
470 789 1
472 948 1
472 744 1
472 912 5
472 946 9
472 923 1
472 542 1
472 575 3
476 923 1
478 818 4
480 987 5
482 987 5
484 716 1
484 750 2
484 630 2
485 890 1
485 542 3
485 646 1
486 656 1
497 773 1
499 704 2
499 844 1
499 618 1
499 684 3
500 782 1
500 586 3
500 814 3
500 687 5
500 923 11
500 575 1
502 746 1
502 878 1
502 528 1
502 605 2
503 704 4
503 723 4
503 1000 3
503 758 2
505 603 1
506 783 1
506 738 1
506 644 3
506 541 3
506 850 1
506 921 1
506 923 1
506 996 1
509 832 1
509 603 1
512 978 1
513 823 1
514 832 6
514 1001 6
514 780 7
514 977 7
514 950 6
514 603 1
516 924 2
516 738 1
516 850 1
516 790 4
517 948 1
517 542 1
518 895 1
520 680 3
521 912 2
522 546 1
522 732 1
522 718 2
523 863 1
526 528 2
527 720 1
527 710 4
527 870 2
528 772 2
528 980 3
528 663 3
530 746 1
530 851 2
530 629 7
530 630 6
530 920 2
530 857 2
530 891 8
530 915 3
531 746 1
531 987 5
532 738 1
534 649 2
534 746 1
534 939 1
534 591 1
534 634 3
535 913 1
535 542 1
540 736 3
540 955 4
540 874 4
540 749 1
540 624 2
540 840 4
540 692 6
540 987 5
541 576 2
541 850 1
541 828 2
541 738 6
542 646 1
542 586 1
542 684 1
542 823 3
544 739 1
544 669 1
546 891 1
546 844 2
547 978 1
547 851 2
550 844 1
550 671 1
551 799 1
551 895 1
552 978 1
558 1000 3
563 731 1
565 704 2
565 684 1
566 772 3
566 775 1
570 863 1
571 935 1
573 586 5
575 966 3
575 912 3
576 738 2
576 850 1
580 791 1
581 942 1
581 855 3
582 840 1
582 987 5
584 680 1
584 731 3
585 851 1
585 909 1
585 901 1
586 782 5
586 687 1
586 885 6
586 984 8
586 923 7
591 746 1
591 923 2
591 607 2
595 934 1
595 746 2
595 718 4
595 752 1
601 676 2
601 919 2
602 721 1
602 765 3
603 780 1
603 822 1
603 735 1
605 693 1
605 670 1
606 863 1
607 891 3
607 692 1
607 687 1
609 707 3
609 772 11
609 997 3
609 951 5
609 633 4
609 890 2
609 923 1
611 921 3
611 850 1
613 772 1
614 851 1
614 978 1
617 720 1
617 811 1
617 692 4
618 684 1
624 840 2
624 731 1
626 863 1
629 951 1
629 891 3
630 891 2
633 923 2
633 997 1
638 700 2
641 987 5
643 657 1
643 716 2
643 685 4
643 670 1
644 738 2
644 850 1
644 664 1
646 890 4
648 721 5
648 765 9
649 890 1
650 738 1
650 828 1
650 850 1
650 686 1
654 738 6
654 783 3
654 991 2
656 920 3
657 738 2
657 850 1
658 731 1
658 990 3
659 863 1
660 951 2
660 863 1
662 835 1
662 819 2
665 746 1
668 720 2
668 746 17
668 935 2
671 995 2
671 692 1
671 687 1
673 863 1
679 844 1
680 707 3
680 731 3
682 738 1
684 746 1
687 923 14
687 746 1
692 995 2
692 775 2
692 746 3
692 863 1
692 749 1
692 752 1
692 834 1
693 980 1
696 995 1
696 948 1
696 731 1
697 925 1
697 855 6
698 987 6
699 912 3
699 946 2
699 948 3
700 840 1
700 812 1
700 866 1
700 782 1
700 790 1
700 991 1
701 997 1
702 890 1
702 850 1
702 738 1
703 863 1
704 758 1
706 951 1
707 880 2
707 951 2
707 923 3
710 832 1
710 849 1
712 775 1
716 866 1
716 718 4
718 777 2
718 883 2
718 969 2
718 843 2
718 724 2
718 732 2
718 866 4
718 746 1
718 754 4
718 980 1
719 738 2
719 850 1
720 833 1
720 935 11
720 746 8
720 813 2
720 855 2
721 743 1
721 790 1
721 765 5
723 1000 5
723 758 1
724 1004 9
731 739 1
731 870 1
731 789 1
731 797 1
736 863 1
737 849 3
738 783 4
738 772 2
738 921 1
738 923 1
738 924 1
738 945 1
738 828 2
738 837 2
738 850 3
738 979 1
738 996 1
738 1001 1
738 881 1
738 745 2
738 761 3
739 772 1
739 915 1
739 750 1
742 746 1
742 863 1
743 948 1
744 912 3
744 946 1
745 850 1
745 837 1
746 775 1
746 912 3
746 923 1
746 935 28
746 813 12
746 915 1
749 935 1
751 948 1
752 865 1
758 844 6
758 918 2
758 956 2
759 984 2
761 850 1
764 874 4
764 987 5
765 912 1
765 948 10
765 923 1
769 863 1
772 775 2
772 783 1
772 912 1
772 923 1
772 812 1
772 993 1
772 866 3
774 947 6
774 863 1
775 900 1
780 977 1
782 806 2
782 838 1
782 790 1
782 984 2
784 863 2
789 987 5
790 812 1
790 977 1
790 885 1
790 868 1
790 863 2
795 978 1
795 851 1
796 987 5
798 863 1
803 948 1
806 838 1
807 818 4
807 863 2
808 899 1
809 840 1
809 987 9
813 912 4
813 935 3
817 978 1
818 997 4
819 890 2
823 895 5
828 850 1
832 977 1
835 863 1
837 850 1
840 874 4
840 955 1
840 873 1
840 987 5
849 987 5
850 921 1
850 924 1
850 979 1
850 996 1
850 1001 1
850 881 1
851 978 13
851 920 1
851 915 1
851 951 1
853 890 1
854 948 1
855 955 3
857 915 3
863 901 2
863 993 1
863 1002 1
865 891 2
868 948 1
872 987 5
873 874 4
873 987 5
874 925 1
875 923 1
878 929 3
880 890 3
880 923 2
890 923 8
891 995 8
891 997 1
891 951 1
901 909 2
912 948 5
915 920 1
915 923 2
919 1000 2
923 951 2
925 955 1
946 948 4
950 977 1
951 954 1
954 978 1
954 957 1
955 987 8
957 978 2
977 996 2
977 1004 7
978 988 1
987 994 6
