0
1
2
3
4
5
6
7
8
9
10
11
12
13
14
15
16
17
18
19
20
21
22
23
24
25
26
27
28
29
30
31
32
33
34
35
36
37
38
39
40
41
42
43
44
45
46
47
48
49
50
51
52
53
54
55
56
57
58
59
60
61
62
63
64
65
66
67
68
69
70
71
72
73
74
75
76
77
78
79
80
81
82
83
84
85
86
87
88
89
90
91
92
93
94
95
96
97
98
99
100
101
102
103
104
105
106
107
108
109
110
111
112
113
114
115
116
117
118
119
120
121
122
123
124
125
126
127
128
129
130
131
132
133
134
135
136
137
138
139
141
142
143
144
145
146
147
148
149
150
151
152
153
154
155
157
158
159
160
161
162
163
164
165
166
167
168
169
170
171
172
173
174
175
176
177
178
179
180
181
182
183
184
185
186
187
188
189
190
191
192
193
194
195
196
197
198
199
200
201
202
203
204
205
206
207
208
209
210
211
212
213
214
215
216
217
218
219
220
221
222
223
224
225
226
227
228
229
230
231
232
233
235
236
237
238
239
240
241
242
243
244
245
246
247
248
249
250
251
252
253
254
255
256
257
259
260
262
263
264
265
266
267
268
269
270
271
272
273
274
275
276
277
278
279
280
281
282
283
284
285
286
287
288
289
290
291
292
293
294
295
296
297
299
300
301
302
303
304
305
306
307
308
309
310
311
312
313
314
315
316
317
318
319
320
321
322
323
324
325
326
327
328
329
330
331
332
333
334
335
336
337
338
339
340
341
343
344
345
346
347
348
349
350
351
352
353
355
356
357
358
359
360
361
362
364
365
366
367
368
369
370
371
372
373
374
375
376
377
378
379
380
381
382
383
384
385
386
387
388
389
390
391
392
393
394
395
396
397
398
399
400
401
402
403
404
405
406
407
408
409
410
411
412
413
414
415
416
418
419
420
421
422
423
424
425
426
427
428
429
430
431
432
433
434
435
436
437
438
439
440
441
442
443
444
445
446
447
448
449
450
451
452
453
454
455
456
457
458
459
460
461
462
464
465
466
467
468
469
470
471
472
473
474
475
476
477
478
479
480
481
482
483
484
485
486
487
488
489
490
491
492
493
495
496
497
498
499
500
501
502
503
504
505
506
507
508
509
510
511
512
513
514
515
516
517
518
519
520
521
522
523
524
525
526
527
528
530
531
532
533
534
535
536
537
538
539
540
541
542
543
544
545
546
547
548
549
550
551
552
553
554
556
557
558
559
560
561
562
563
564
565
566
567
568
569
570
571
572
573
574
575
576
577
578
579
580
581
582
583
584
585
586
587
588
589
590
591
592
593
594
595
596
597
598
599
600
601
602
603
604
605
606
607
609
610
611
612
613
614
615
616
617
618
619
621
622
623
624
625
626
627
628
629
630
631
632
633
634
635
636
637
638
639
640
641
642
643
644
645
646
647
648
649
650
651
652
653
654
655
656
657
658
659
660
661
662
663
664
665
666
667
668
669
670
671
672
673
674
675
676
677
678
679
680
681
682
683
684
685
686
687
688
689
690
691
692
693
694
695
696
697
698
699
700
701
702
703
704
705
706
707
708
709
710
711
712
713
714
715
716
717
718
719
720
721
722
723
724
725
726
727
728
729
730
731
732
733
734
735
736
737
738
739
740
741
742
743
744
745
746
747
748
749
750
751
752
753
754
756
757
758
759
760
761
762
763
764
765
767
768
769
770
771
772
773
774
775
776
777
778
779
780
781
782
783
784
785
786
787
788
789
790
791
792
793
794
795
796
797
798
799
800
801
802
803
804
805
806
807
808
809
810
811
812
813
814
815
816
817
818
819
820
821
822
823
824
825
826
827
828
829
830
831
832
833
834
835
836
837
838
839
840
841
842
843
844
845
846
847
848
849
850
851
852
853
854
855
856
857
858
859
860
861
862
863
864
865
866
867
868
869
870
871
872
873
874
875
876
877
878
879
880
881
882
883
884
885
886
887
888
889
890
891
892
893
894
895
896
897
898
899
900
901
902
903
904
905
906
907
908
909
910
911
912
913
914
915
916
917
918
919
920
921
922
923
924
925
926
927
928
929
930
931
932
933
934
935
936
937
938
939
940
941
942
943
944
945
946
947
948
949
950
951
952
953
954
955
956
957
958
960
961
962
963
964
965
966
967
968
969
970
971
972
973
974
975
976
977
978
979
980
981
982
983
984
985
986
987
988
989
990
991
992
993
994
995
996
997
998
999
1000
1001
1002
1003
1004
0 249 1
0 6 1
0 118 1
2 790 15
2 812 5
2 77 1
2 334 2
2 854 1
2 700 4
2 509 4
4 135 2
6 772 1
8 772 1
10 657 2
13 772 1
13 516 1
14 1001 1
14 719 1
14 410 1
14 90 1
14 924 5
14 506 3
14 702 1
15 680 2
15 731 7
15 422 1
16 410 1
17 990 1
24 280 7
24 353 2
24 530 3
29 90 1
30 356 2
30 765 1
31 428 2
31 316 1
31 990 1
32 280 2
32 791 5
35 280 1
35 469 1
35 207 4
38 832 2
38 322 5
38 70 1
38 939 1
38 334 1
38 309 2
38 61 3
40 712 2
40 450 1
41 723 2
45 52 1
48 458 1
50 402 4
50 559 4
52 66 1
52 126 1
53 193 3
56 772 1
58 159 1
61 356 3
61 742 1
61 718 8
61 530 3
61 243 1
62 800 1
62 485 1
67 353 1
67 963 4
67 165 1
67 846 6
67 207 4
67 561 6
67 344 4
68 772 1
70 90 1
70 388 1
70 534 1
74 112 6
74 294 2
75 772 2
75 334 1
76 410 1
77 168 3
77 790 2
77 126 2
78 599 3
82 135 2
83 703 1
86 443 8
86 703 1
90 107 1
90 865 1
90 843 1
90 356 1
90 997 2
90 870 1
90 135 3
90 648 3
90 388 1
90 647 1
90 712 1
90 850 1
90 915 1
90 857 1
90 316 2
90 765 1
90 581 2
92 990 1
92 838 1
95 540 1
96 420 2
98 707 2
98 134 1
98 713 2
98 107 3
98 268 1
98 429 4
98 592 2
98 117 1
98 278 1
101 423 2
102 239 1
103 514 3
103 950 1
103 423 6
103 1001 1
103 780 1
103 977 7
103 310 2
103 510 4
104 936 6
104 425 1
104 648 1
104 908 1
104 721 2
104 790 1
104 765 2
105 418 3
105 764 10
106 740 3
107 633 2
107 236 1
107 772 1
112 392 1
112 267 4
112 356 1
119 790 2
120 609 1
120 772 8
120 454 1
120 752 1
120 147 1
120 923 2
122 410 1
122 915 2
122 772 2
122 426 1
125 622 1
126 256 1
126 356 2
126 586 3
126 782 1
127 772 3
133 356 1
134 530 2
135 581 6
135 870 2
135 170 2
135 942 15
135 371 2
135 628 15
135 790 1
135 692 4
135 746 5
136 200 1
136 990 1
137 772 1
138 887 2
139 322 1
139 477 1
141 857 1
141 188 2
142 280 1
142 990 1
143 696 1
143 580 1
147 171 2
147 772 1
147 157 1
147 214 2
149 372 1
149 716 4
150 415 2
151 278 1
152 703 1
153 977 3
153 410 1
157 746 2
157 205 1
157 248 2
157 762 2
157 415 1
159 997 2
159 742 1
159 712 2
159 595 1
159 214 1
159 703 2
160 280 1
160 530 1
160 915 1
160 526 1
164 638 1
164 299 1
164 509 1
164 510 1
165 344 1
165 990 1
166 586 1
167 978 2
167 851 1
167 469 3
168 416 1
168 356 6
168 966 3
168 266 1
168 556 1
168 782 1
168 912 10
168 949 4
168 214 1
168 439 1
168 472 6
168 260 3
168 575 1
169 372 2
170 720 4
170 626 1
171 214 1
173 657 2
175 710 2
175 423 11
175 650 1
175 849 2
175 532 1
175 410 1
178 772 1
178 693 1
178 502 1
181 274 1
185 833 1
185 915 2
185 502 1
187 695 1
188 280 2
188 469 1
188 301 1
191 752 1
191 692 2
192 664 1
192 702 1
193 338 1
193 540 1
194 769 2
197 746 2
199 644 1
199 506 1
199 996 4
200 971 1
200 915 1
200 344 1
200 316 4
200 990 1
200 543 1
207 424 4
207 428 2
207 493 1
207 558 1
207 373 5
207 953 1
207 954 2
207 795 5
207 988 3
207 469 5
208 772 1
208 236 1
209 912 1
209 356 2
209 765 1
214 742 3
214 712 5
214 617 1
214 746 1
214 236 2
214 844 1
214 912 3
214 923 1
220 772 2
220 278 5
223 746 1
223 415 1
223 343 1
231 698 2
231 334 2
232 648 1
232 256 3
232 912 1
232 472 3
232 425 4
233 692 7
236 537 1
236 532 1
239 695 1
241 280 1
241 469 1
245 698 2
246 572 2
246 423 2
248 746 1
248 550 1
248 415 1
249 716 6
250 886 2
251 410 1
251 482 2
256 356 1
256 294 4
256 885 2
256 790 2
256 313 4
260 573 1
260 790 2
260 949 2
263 369 2
266 949 2
267 577 5
267 838 1
267 586 1
267 530 7
267 629 1
267 891 2
277 746 1
278 923 2
278 415 2
280 647 2
280 526 2
280 656 1
280 920 1
280 530 5
280 915 1
280 293 1
280 422 1
280 561 2
280 953 1
280 630 2
280 547 2
280 990 1
280 421 1
280 360 2
280 851 1
280 629 1
280 502 1
280 631 2
280 891 1
283 772 1
284 680 1
284 731 1
288 662 1
288 391 11
288 493 5
288 561 5
288 629 4
288 630 1
288 445 4
291 429 2
291 454 2
293 772 2
294 416 1
294 648 3
294 817 2
294 885 3
294 984 1
294 313 2
294 447 1
301 469 1
302 990 1
304 936 3
306 659 1
306 790 1
306 742 4
310 477 1
311 955 1
311 540 1
313 648 1
313 356 9
313 885 1
315 936 4
316 392 8
316 428 2
316 915 3
316 857 1
316 953 2
316 890 1
316 990 1
322 638 1
322 740 2
322 334 5
327 921 1
327 381 3
329 607 1
332 586 5
332 500 8
332 782 1
333 767 1
334 550 2
334 617 2
334 687 2
334 692 2
334 534 2
335 537 2
337 695 1
343 388 1
344 990 1
344 543 1
347 933 1
349 976 1
349 990 1
353 891 1
353 373 1
356 772 1
356 912 12
356 790 4
356 721 5
356 517 1
356 602 4
356 948 5
356 574 2
356 472 21
356 730 7
356 868 1
356 743 6
356 762 2
356 765 7
360 891 1
360 526 1
362 383 1
369 535 1
369 823 4
369 542 1
372 595 1
372 404 2
373 391 4
378 977 1
378 514 2
379 568 2
381 537 1
381 643 1
381 670 1
383 720 3
383 577 1
383 586 2
388 832 2
388 843 1
388 509 1
388 638 1
401 429 3
405 870 1
408 990 1
410 482 1
410 996 1
410 837 1
410 1001 1
410 650 1
410 994 1
410 433 1
410 777 1
410 969 1
410 924 1
410 541 1
413 746 2
413 935 5
415 783 1
415 450 2
415 517 1
415 742 1
415 617 1
415 429 3
415 718 1
415 687 1
415 851 1
415 692 1
415 542 2
415 591 1
415 923 1
415 670 1
416 772 1
418 977 4
418 996 11
421 424 4
421 795 7
421 469 1
422 680 1
422 731 1
423 779 1
423 710 2
423 849 4
423 650 3
423 977 6
424 469 1
424 795 2
424 990 1
425 946 3
425 765 4
427 955 1
428 647 2
428 915 12
428 857 2
428 990 1
429 454 3
435 586 2
443 742 1
443 662 4
443 703 1
447 885 1
450 802 1
450 712 3
450 746 1
450 572 1
454 609 1
454 772 1
458 577 1
464 980 1
466 802 1
466 572 3
469 512 6
469 547 1
469 614 1
469 817 2
469 851 1
469 954 1
469 795 1
469 957 1
469 990 2
472 912 7
472 946 1
472 575 1
479 904 3
479 700 1
479 790 1
491 644 1
493 561 1
493 978 1
493 795 1
497 739 2
497 773 1
499 772 1
500 550 1
500 586 4
500 782 2
500 687 2
500 948 3
500 814 1
500 923 1
502 746 1
502 791 1
506 644 2
506 881 1
506 1001 8
506 657 2
506 996 3
509 700 1
509 790 1
510 534 1
514 832 2
514 1001 1
514 780 2
514 977 9
530 746 3
530 857 1
530 891 3
532 688 1
532 899 3
534 746 1
535 542 2
535 823 1
540 994 4
540 987 5
540 855 1
540 697 1
540 698 2
540 955 3
540 925 1
541 657 2
542 743 1
542 746 2
542 823 2
543 990 1
546 910 2
546 550 1
547 851 1
547 988 1
550 712 1
550 812 4
550 692 1
559 622 1
561 846 5
561 795 1
563 580 1
568 947 1
572 802 1
573 586 1
575 912 2
580 791 1
581 936 2
581 692 1
581 757 2
582 832 1
586 782 1
586 687 1
586 984 1
586 762 1
587 720 3
590 715 1
591 746 1
591 718 1
593 718 1
596 802 1
609 772 2
617 883 1
617 923 1
617 830 1
622 676 1
628 720 2
638 649 2
643 685 1
644 745 1
644 923 2
644 924 6
644 670 2
647 915 5
647 990 3
648 885 1
648 765 1
650 710 1
650 779 1
650 849 1
656 978 1
658 838 1
660 873 2
662 992 2
668 746 7
668 935 2
680 720 1
682 772 1
684 772 1
684 746 2
684 956 1
687 746 3
692 746 3
692 830 1
693 710 1
693 791 3
698 840 2
698 873 2
698 764 2
703 993 1
703 863 1
703 835 1
703 901 1
703 784 1
711 883 1
715 926 2
716 718 4
718 772 2
718 746 1
718 724 5
718 980 2
718 732 1
720 752 1
720 731 1
721 765 3
721 743 1
731 746 4
739 746 2
739 772 1
740 788 1
740 879 1
742 746 1
746 900 1
746 776 2
746 915 2
746 920 3
746 935 10
746 775 1
746 834 1
746 844 1
746 851 3
746 980 1
746 992 2
746 994 1
748 926 1
765 908 3
772 923 2
772 796 1
772 805 1
772 807 3
772 993 1
772 970 1
772 843 2
772 857 1
772 862 1
772 996 1
773 955 1
774 947 175
780 977 7
782 912 3
790 812 4
790 868 2
790 863 1
817 851 4
832 977 1
844 956 1
851 978 10
857 915 2
857 883 1
857 990 1
880 984 1
883 890 1
883 923 3
912 948 2
915 990 1
935 992 2
936 942 1
946 966 1
950 977 5
952 990 1
953 990 1
971 990 1
977 996 3
977 1004 5
977 1001 3
979 996 1
