0
1
2
3
4
5
6
7
8
9
10
11
12
13
14
15
16
17
18
19
20
21
22
23
24
25
26
27
28
29
30
31
32
33
34
35
36
37
38
39
40
41
42
43
44
45
46
47
48
49
50
51
52
53
54
55
56
57
58
59
60
61
62
63
64
65
66
67
68
69
70
71
72
73
74
75
76
77
78
79
80
81
82
83
84
85
86
87
88
89
90
91
92
93
94
95
96
97
98
99
100
101
102
103
104
105
106
107
108
109
110
111
112
113
114
115
116
117
118
119
120
121
122
123
124
125
126
127
128
129
130
131
132
133
134
135
136
137
138
139
141
142
143
144
145
146
147
148
149
150
151
152
153
154
155
157
158
159
160
161
162
163
164
165
166
167
168
169
170
171
172
173
174
175
176
177
178
179
180
181
182
183
184
185
186
187
188
189
190
191
192
193
194
195
196
197
198
199
200
201
202
203
204
205
206
207
208
209
210
211
212
213
214
215
216
217
218
219
220
221
222
223
224
225
226
227
228
229
230
231
232
233
235
236
237
238
239
240
241
242
243
244
245
246
247
248
249
250
251
252
253
254
255
256
257
259
260
262
263
264
265
266
267
268
269
270
271
272
273
274
275
276
277
278
279
280
281
282
283
284
285
286
287
288
289
290
291
292
293
294
295
296
297
299
300
301
302
303
304
305
306
307
308
309
310
311
312
313
314
315
316
317
318
319
320
321
322
323
324
325
326
327
328
329
330
331
332
333
334
335
336
337
338
339
340
341
343
344
345
346
347
348
349
350
351
352
353
355
356
357
358
359
360
361
362
364
365
366
367
368
369
370
371
372
373
374
375
376
377
378
379
380
381
382
383
384
385
386
387
388
389
390
391
392
393
394
395
396
397
398
399
400
401
402
403
404
405
406
407
408
409
410
411
412
413
414
415
416
418
419
420
421
422
423
424
425
426
427
428
429
430
431
432
433
434
435
436
437
438
439
440
441
442
443
444
445
446
447
448
449
450
451
452
453
454
455
456
457
458
459
460
461
462
464
465
466
467
468
469
470
471
472
473
474
475
476
477
478
479
480
481
482
483
484
485
486
487
488
489
490
491
492
493
495
496
497
498
499
500
501
502
503
504
505
506
507
508
509
510
511
512
513
514
515
516
517
518
519
520
521
522
523
524
525
526
527
528
530
531
532
533
534
535
536
537
538
539
540
541
542
543
544
545
546
547
548
549
550
551
552
553
554
556
557
558
559
560
561
562
563
564
565
566
567
568
569
570
571
572
573
574
575
576
577
578
579
580
581
582
583
584
585
586
587
588
589
590
591
592
593
594
595
596
597
598
599
600
601
602
603
604
605
606
607
609
610
611
612
613
614
615
616
617
618
619
621
622
623
624
625
626
627
628
629
630
631
632
633
634
635
636
637
638
639
640
641
642
643
644
645
646
647
648
649
650
651
652
653
654
655
656
657
658
659
660
661
662
663
664
665
666
667
668
669
670
671
672
673
674
675
676
677
678
679
680
681
682
683
684
685
686
687
688
689
690
691
692
693
694
695
696
697
698
699
700
701
702
703
704
705
706
707
708
709
710
711
712
713
714
715
716
717
718
719
720
721
722
723
724
725
726
727
728
729
730
731
732
733
734
735
736
737
738
739
740
741
742
743
744
745
746
747
748
749
750
751
752
753
754
756
757
758
759
760
761
762
763
764
765
767
768
769
770
771
772
773
774
775
776
777
778
779
780
781
782
783
784
785
786
787
788
789
790
791
792
793
794
795
796
797
798
799
800
801
802
803
804
805
806
807
808
809
810
811
812
813
814
815
816
817
818
819
820
821
822
823
824
825
826
827
828
829
830
831
832
833
834
835
836
837
838
839
840
841
842
843
844
845
846
847
848
849
850
851
852
853
854
855
856
857
858
859
860
861
862
863
864
865
866
867
868
869
870
871
872
873
874
875
876
877
878
879
880
881
882
883
884
885
886
887
888
889
890
891
892
893
894
895
896
897
898
899
900
901
902
903
904
905
906
907
908
909
910
911
912
913
914
915
916
917
918
919
920
921
922
923
924
925
926
927
928
929
930
931
932
933
934
935
936
937
938
939
940
941
942
943
944
945
946
947
948
949
950
951
952
953
954
955
956
957
958
960
961
962
963
964
965
966
967
968
969
970
971
972
973
974
975
976
977
978
979
980
981
982
983
984
985
986
987
988
989
990
991
992
993
994
995
996
997
998
999
1000
1001
1002
1003
1004
0 569 1
0 732 1
1 303 1
2 251 1
2 746 2
2 335 2
2 500 1
2 790 6
2 923 1
2 700 1
2 61 5
4 135 1
5 107 1
5 553 1
5 898 1
5 491 1
5 175 5
6 569 1
13 516 2
14 516 2
15 680 5
15 584 1
15 731 3
15 422 3
16 457 1
16 377 1
24 530 1
24 607 3
25 585 1
26 450 2
28 987 1
28 540 1
29 90 1
30 416 1
30 743 2
30 104 1
30 209 1
30 313 2
30 765 3
31 428 2
31 165 7
31 990 1
32 840 1
32 977 1
32 90 1
32 127 4
35 817 1
35 978 1
35 207 1
38 334 1
40 802 1
40 712 2
40 450 4
40 272 1
40 695 1
40 187 1
40 572 1
40 159 1
41 723 2
41 565 1
42 402 2
42 510 1
45 782 1
46 368 1
52 356 1
52 126 1
53 416 1
53 193 3
53 90 1
53 311 1
53 343 2
56 772 1
56 159 1
56 531 1
56 633 1
56 987 2
56 540 1
56 607 3
58 586 2
59 377 1
60 450 1
61 522 1
61 843 1
61 450 2
61 718 11
61 591 1
61 278 2
61 568 2
61 687 1
61 607 2
62 485 1
62 646 7
62 551 1
62 369 2
62 214 2
62 542 2
62 159 2
64 534 2
65 720 1
65 771 1
65 927 1
66 782 3
67 344 7
67 561 4
67 165 10
67 846 8
67 207 1
68 176 1
68 987 1
68 540 1
69 343 2
69 879 1
74 984 4
74 416 2
74 166 1
74 782 6
74 759 2
75 772 6
75 997 1
75 107 1
75 851 1
75 633 1
75 740 3
75 607 1
75 927 3
75 220 2
75 190 1
75 127 1
78 976 1
78 569 2
82 135 1
83 784 1
86 443 2
90 901 1
90 935 1
90 779 1
90 428 3
90 927 2
91 599 2
92 428 1
95 994 1
95 987 1
95 540 1
98 707 14
98 454 4
98 713 1
98 107 19
98 268 2
98 429 4
98 592 3
98 291 1
98 117 1
101 246 1
101 423 5
103 832 2
103 514 4
103 310 1
103 423 8
103 780 2
103 303 3
103 950 3
103 663 2
104 416 3
104 908 2
104 765 11
105 418 1
106 740 2
106 634 1
106 788 2
106 229 1
107 643 1
107 118 1
107 810 2
107 1004 1
107 335 6
107 985 1
107 980 2
107 214 1
107 537 1
107 664 1
107 569 1
107 381 1
107 468 1
112 803 1
112 517 2
112 166 1
113 535 1
114 149 1
117 268 1
117 454 1
120 586 1
122 924 2
125 622 11
126 416 1
126 586 5
126 912 2
126 790 2
126 362 1
127 569 1
127 754 3
127 149 2
131 516 2
133 984 1
133 416 1
134 592 4
134 454 7
135 581 3
135 870 1
135 617 1
135 170 2
135 942 1
135 176 1
135 628 1
135 371 3
135 692 3
135 855 1
135 292 4
136 838 4
136 200 4
136 971 2
136 428 2
136 207 2
136 344 3
136 857 1
137 936 1
139 832 1
139 323 1
139 534 1
141 978 1
141 469 1
142 428 2
143 872 1
143 580 2
147 416 8
147 196 2
147 454 3
147 334 1
147 157 1
147 926 1
147 415 3
149 718 2
149 423 1
150 415 2
151 165 3
152 443 1
157 740 1
157 586 2
157 171 1
157 590 1
157 607 1
159 646 2
159 912 2
159 915 2
159 283 1
159 671 2
159 290 4
159 940 1
159 713 1
159 450 1
159 712 3
159 841 8
159 334 7
159 718 1
159 214 3
159 220 3
159 865 1
159 612 2
159 742 2
159 617 2
159 502 3
159 763 1
160 586 1
160 428 2
161 586 1
164 420 2
165 838 1
165 586 1
165 207 2
165 656 2
165 401 5
165 344 5
166 416 1
166 674 1
166 743 2
166 762 1
167 978 3
167 954 1
167 207 1
168 912 5
168 232 1
168 356 1
168 966 1
170 697 1
171 347 4
171 590 1
173 428 2
173 506 4
173 516 3
175 737 3
175 423 1
175 1004 1
175 849 5
175 275 10
176 769 1
176 482 1
176 995 1
176 836 1
176 581 1
176 329 1
176 746 1
176 588 1
176 692 1
176 245 1
176 855 1
176 641 1
176 764 1
181 190 1
184 393 1
184 423 2
184 607 1
185 191 1
187 802 6
187 900 1
187 450 1
187 695 1
187 379 1
187 254 1
188 978 1
188 988 2
188 630 1
188 207 1
189 977 1
189 236 1
189 377 2
190 656 1
190 353 1
190 274 1
191 692 1
191 927 4
193 416 5
193 617 1
193 290 1
193 923 3
196 454 4
196 840 1
196 429 1
196 850 1
196 927 1
197 516 2
197 540 1
199 506 2
199 516 2
200 971 2
200 428 7
200 920 1
200 274 1
200 915 2
200 344 3
207 795 3
207 421 1
207 561 1
207 424 5
207 301 1
207 817 1
207 953 2
207 954 1
207 957 1
207 847 1
207 978 1
207 547 1
207 469 1
207 988 2
207 241 1
207 851 1
209 912 1
209 765 1
214 416 2
214 290 2
214 515 1
214 428 4
214 239 1
214 306 2
214 278 1
214 951 1
214 377 1
214 763 1
214 316 4
216 672 1
223 638 1
223 663 1
226 540 1
228 569 2
228 502 1
229 483 1
229 241 2
229 306 5
229 469 1
229 790 3
229 607 4
231 994 3
231 987 1
231 540 1
231 245 4
232 472 1
232 575 2
233 692 3
239 538 1
239 596 1
243 377 1
243 772 1
245 624 1
245 951 1
245 987 1
245 540 1
246 423 6
249 569 1
250 782 2
250 927 1
251 935 1
251 994 1
251 531 1
251 987 4
251 540 1
253 290 1
253 566 1
256 416 6
256 313 5
256 648 1
256 294 2
264 586 1
264 454 2
267 530 1
267 435 1
267 517 2
267 629 1
268 291 1
268 454 3
268 713 1
268 1003 3
268 592 2
268 633 1
270 516 2
272 754 4
272 595 1
272 450 3
272 742 5
274 656 1
275 849 2
277 458 2
278 454 1
280 530 1
280 772 1
280 629 1
281 377 1
284 680 1
291 401 1
291 429 2
291 454 11
292 581 1
293 547 1
293 716 1
294 817 2
294 586 1
294 765 4
295 569 1
299 388 1
301 656 1
301 978 1
303 832 1
303 368 1
303 950 5
305 472 1
305 765 1
306 790 2
306 742 6
306 659 2
306 700 1
309 832 1
310 586 1
310 477 2
310 343 1
311 697 2
311 955 1
311 987 1
311 540 1
313 416 5
313 765 2
316 915 1
316 428 12
318 840 1
318 332 2
319 1002 1
322 879 1
324 534 1
326 692 3
326 687 2
327 516 2
329 624 2
329 540 1
329 910 1
332 539 1
332 500 1
332 782 1
333 569 1
334 718 1
334 502 1
334 923 1
335 980 2
335 381 2
338 840 1
338 994 1
338 987 1
338 540 2
339 569 1
343 663 4
347 933 3
347 966 5
356 416 1
356 743 5
356 586 1
356 912 1
356 472 3
356 765 5
356 607 2
360 362 1
360 526 2
361 987 1
361 540 1
362 870 2
362 424 1
362 595 1
362 854 1
362 990 1
364 764 1
364 987 1
364 540 1
364 582 2
368 663 2
369 823 1
372 404 2
377 866 4
377 711 2
377 457 1
377 716 1
377 718 1
377 605 1
377 724 1
377 502 1
377 729 6
377 696 1
377 700 1
377 479 1
379 568 2
379 900 1
381 541 1
383 868 2
383 887 1
388 832 1
388 746 1
388 612 1
392 517 2
397 671 1
397 975 1
398 712 3
401 429 7
401 454 12
401 415 6
406 731 1
406 469 1
407 779 1
407 843 1
408 428 1
409 569 1
410 638 1
410 663 1
415 612 1
415 435 2
415 569 3
416 782 2
416 472 3
416 517 1
416 927 4
416 447 1
416 586 3
416 471 1
416 984 4
416 868 2
416 573 2
418 977 9
420 879 2
421 424 3
421 978 1
421 795 1
422 731 7
423 832 4
423 866 1
423 710 2
423 779 2
423 716 1
423 977 9
424 978 1
424 795 4
424 990 3
427 955 1
428 952 1
428 971 1
428 838 7
428 857 4
428 647 1
428 915 12
428 951 2
428 953 2
428 990 1
429 454 15
431 988 1
432 987 1
432 540 1
433 738 2
433 987 1
433 540 1
433 815 3
435 500 6
435 782 1
437 516 2
443 742 1
443 662 1
447 832 1
447 984 1
447 586 3
450 802 2
450 742 2
450 595 2
450 712 2
450 754 4
450 947 1
450 596 1
450 462 1
450 695 1
450 696 2
450 692 1
450 572 2
454 772 5
454 713 2
454 1003 1
454 592 13
454 927 1
456 720 1
458 499 1
458 956 2
458 565 1
459 517 1
461 540 1
462 762 1
466 802 1
469 978 1
470 569 1
471 483 1
472 743 3
472 912 1
472 602 1
472 575 2
479 586 1
482 569 7
482 987 1
482 540 3
482 606 1
483 607 1
485 513 1
485 542 1
491 644 1
497 977 4
500 586 2
500 782 7
501 879 1
502 710 1
502 851 1
502 569 3
502 538 1
505 870 2
506 996 1
506 1001 4
506 516 4
506 924 1
508 516 2
509 788 1
510 622 2
510 534 1
511 987 1
511 540 1
513 927 1
514 832 3
514 950 1
514 638 2
515 927 3
516 644 2
516 650 2
516 783 2
516 657 2
516 532 4
516 790 1
516 921 2
516 923 2
516 924 2
516 541 2
516 837 2
516 653 2
516 682 2
516 700 2
516 654 2
516 576 2
516 719 2
516 850 2
516 979 2
516 738 2
516 996 2
516 743 3
516 1001 2
516 747 2
516 881 3
516 702 2
516 745 2
516 761 3
517 674 2
517 803 2
522 718 2
526 561 1
528 772 1
531 987 3
531 671 1
531 935 1
534 746 4
535 927 3
535 823 1
538 569 1
538 951 1
538 693 1
540 641 1
540 789 1
540 925 1
540 680 1
540 809 1
540 692 1
540 697 1
540 698 1
540 955 2
540 836 1
540 582 1
540 840 2
540 849 1
540 855 1
540 987 2
540 994 1
540 796 1
540 873 1
540 764 1
541 586 1
541 951 1
542 550 2
542 646 4
542 823 5
542 927 1
543 971 1
546 550 1
546 614 2
546 607 1
547 978 1
550 607 3
551 556 1
552 858 1
552 978 1
561 846 6
563 731 2
565 723 2
568 774 2
568 935 1
569 693 2
569 710 1
569 976 1
569 599 1
569 605 1
569 862 1
569 991 1
569 767 1
572 696 1
576 654 1
581 936 2
581 720 4
581 855 7
582 764 2
582 987 1
586 782 3
586 912 2
586 947 1
586 948 1
586 984 7
586 759 1
586 762 1
587 720 3
588 987 1
591 746 3
591 718 2
591 910 1
591 923 1
591 607 1
592 713 2
592 927 9
595 754 4
595 934 1
599 693 1
599 710 1
602 765 1
607 802 2
607 696 1
607 851 1
607 915 2
607 692 1
607 687 1
607 700 2
609 772 2
609 927 2
613 772 1
614 978 1
617 720 1
617 714 1
622 676 2
626 863 1
629 658 1
629 858 1
629 838 2
630 978 2
634 832 1
634 788 1
638 700 1
641 987 1
643 685 2
644 924 3
646 927 1
647 915 1
648 765 8
650 682 5
650 654 3
650 783 3
654 682 1
658 838 1
662 900 1
663 950 3
665 746 1
672 844 3
680 707 1
680 720 2
680 731 2
681 729 1
682 783 1
684 841 1
684 844 1
686 927 1
687 923 1
687 692 1
692 746 11
692 910 1
693 862 1
695 947 1
696 833 1
697 771 1
697 873 3
697 855 3
697 925 2
700 771 1
700 881 1
700 790 1
703 771 4
707 880 1
708 866 1
710 862 1
712 802 1
716 980 1
716 718 2
718 866 1
718 843 3
718 754 1
718 980 6
719 738 1
719 837 1
719 783 1
722 927 4
735 740 1
737 849 1
738 850 1
740 879 1
740 788 2
742 771 5
742 900 1
746 900 3
746 935 18
746 812 2
749 840 1
754 843 2
758 918 2
759 984 1
759 782 2
762 984 1
764 994 4
764 987 1
765 868 5
772 993 1
772 775 1
772 812 1
772 783 1
772 923 2
772 915 1
772 997 1
773 955 1
774 947 43
780 832 1
782 984 3
782 923 5
788 832 2
789 987 1
790 966 6
790 812 5
795 978 1
796 977 1
808 898 2
809 994 1
809 987 1
812 858 2
817 978 1
824 858 3
838 952 2
840 987 1
841 923 2
849 987 3
851 978 2
872 987 1
873 987 1
880 890 1
890 923 5
912 984 1
912 923 1
915 971 2
923 994 6
925 955 1
933 966 7
935 966 1
951 996 1
954 978 1
955 987 2
957 978 1
969 977 3
977 1001 3
977 1004 12
978 988 5
987 994 1
