0
1
2
3
4
5
6
7
8
9
10
11
12
13
14
15
16
17
18
19
20
21
22
23
24
25
26
27
28
29
30
31
32
33
34
35
36
37
38
39
40
41
42
43
44
45
46
47
48
49
50
51
52
53
54
55
56
57
58
59
60
61
62
63
64
65
66
67
68
69
70
71
72
73
74
75
76
77
78
79
80
81
82
83
84
85
86
87
88
89
90
91
92
93
94
95
96
97
98
99
100
101
102
103
104
105
106
107
108
109
110
111
112
113
114
115
116
117
118
119
120
121
122
123
124
125
126
127
128
129
130
131
132
133
134
135
136
137
138
139
141
142
143
144
145
146
147
148
149
150
151
152
153
154
155
157
158
159
160
161
162
163
164
165
166
167
168
169
170
171
172
173
174
175
176
177
178
179
180
181
182
183
184
185
186
187
188
189
190
191
192
193
194
195
196
197
198
199
200
201
202
203
204
205
206
207
208
209
210
211
212
213
214
215
216
217
218
219
220
221
222
223
224
225
226
227
228
229
230
231
232
233
235
236
237
238
239
240
241
242
243
244
245
246
247
248
249
250
251
252
253
254
255
256
257
259
260
262
263
264
265
266
267
268
269
270
271
272
273
274
275
276
277
278
279
280
281
282
283
284
285
286
287
288
289
290
291
292
293
294
295
296
297
299
300
301
302
303
304
305
306
307
308
309
310
311
312
313
314
315
316
317
318
319
320
321
322
323
324
325
326
327
328
329
330
331
332
333
334
335
336
337
338
339
340
341
343
344
345
346
347
348
349
350
351
352
353
355
356
357
358
359
360
361
362
364
365
366
367
368
369
370
371
372
373
374
375
376
377
378
379
380
381
382
383
384
385
386
387
388
389
390
391
392
393
394
395
396
397
398
399
400
401
402
403
404
405
406
407
408
409
410
411
412
413
414
415
416
418
419
420
421
422
423
424
425
426
427
428
429
430
431
432
433
434
435
436
437
438
439
440
441
442
443
444
445
446
447
448
449
450
451
452
453
454
455
456
457
458
459
460
461
462
464
465
466
467
468
469
470
471
472
473
474
475
476
477
478
479
480
481
482
483
484
485
486
487
488
489
490
491
492
493
495
496
497
498
499
500
501
502
503
504
505
506
507
508
509
510
511
512
513
514
515
516
517
518
519
520
521
522
523
524
525
526
527
528
530
531
532
533
534
535
536
537
538
539
540
541
542
543
544
545
546
547
548
549
550
551
552
553
554
556
557
558
559
560
561
562
563
564
565
566
567
568
569
570
571
572
573
574
575
576
577
578
579
580
581
582
583
584
585
586
587
588
589
590
591
592
593
594
595
596
597
598
599
600
601
602
603
604
605
606
607
609
610
611
612
613
614
615
616
617
618
619
621
622
623
624
625
626
627
628
629
630
631
632
633
634
635
636
637
638
639
640
641
642
643
644
645
646
647
648
649
650
651
652
653
654
655
656
657
658
659
660
661
662
663
664
665
666
667
668
669
670
671
672
673
674
675
676
677
678
679
680
681
682
683
684
685
686
687
688
689
690
691
692
693
694
695
696
697
698
699
700
701
702
703
704
705
706
707
708
709
710
711
712
713
714
715
716
717
718
719
720
721
722
723
724
725
726
727
728
729
730
731
732
733
734
735
736
737
738
739
740
741
742
743
744
745
746
747
748
749
750
751
752
753
754
756
757
758
759
760
761
762
763
764
765
767
768
769
770
771
772
773
774
775
776
777
778
779
780
781
782
783
784
785
786
787
788
789
790
791
792
793
794
795
796
797
798
799
800
801
802
803
804
805
806
807
808
809
810
811
812
813
814
815
816
817
818
819
820
821
822
823
824
825
826
827
828
829
830
831
832
833
834
835
836
837
838
839
840
841
842
843
844
845
846
847
848
849
850
851
852
853
854
855
856
857
858
859
860
861
862
863
864
865
866
867
868
869
870
871
872
873
874
875
876
877
878
879
880
881
882
883
884
885
886
887
888
889
890
891
892
893
894
895
896
897
898
899
900
901
902
903
904
905
906
907
908
909
910
911
912
913
914
915
916
917
918
919
920
921
922
923
924
925
926
927
928
929
930
931
932
933
934
935
936
937
938
939
940
941
942
943
944
945
946
947
948
949
950
951
952
953
954
955
956
957
958
960
961
962
963
964
965
966
967
968
969
970
971
972
973
974
975
976
977
978
979
980
981
982
983
984
985
986
987
988
989
990
991
992
993
994
995
996
997
998
999
1000
1001
1002
1003
1004
0 705 1
0 6 1
0 228 1
0 502 1
0 710 1
0 295 1
0 599 1
0 333 1
0 78 1
0 976 1
0 178 4
0 693 1
0 470 1
0 409 1
0 249 2
0 538 1
0 767 1
0 732 1
0 605 2
0 862 1
0 991 1
1 309 1
1 310 1
2 680 3
2 812 1
2 334 2
2 272 3
2 469 4
2 790 7
2 526 7
2 126 2
5 107 1
5 335 1
5 724 1
5 506 1
5 175 1
5 670 1
6 506 1
6 333 2
6 178 2
12 406 1
12 870 1
13 682 1
13 516 1
13 719 1
14 410 1
14 506 1
15 731 1
16 410 1
16 883 2
16 541 2
17 857 2
17 316 1
19 127 1
24 160 2
24 891 2
24 428 2
24 629 13
25 48 1
25 704 3
25 90 1
28 987 3
29 808 2
29 506 1
29 381 1
29 335 1
30 313 7
30 868 2
30 765 3
30 209 1
31 428 2
31 316 1
31 165 11
32 433 1
35 978 1
35 858 1
35 469 1
38 832 2
38 90 3
40 450 2
40 695 1
42 402 1
42 612 1
46 310 1
48 704 3
48 672 1
48 458 1
48 558 1
48 499 1
48 216 1
48 956 1
48 319 1
52 472 2
53 193 4
53 923 3
53 927 1
53 159 1
53 343 1
56 410 1
56 987 3
56 789 1
58 818 1
61 450 6
61 356 5
61 293 2
61 393 1
61 522 1
61 718 1
61 176 3
61 851 2
61 502 4
61 377 2
61 633 2
61 159 2
61 517 2
62 646 3
62 542 1
62 159 1
64 612 1
65 923 3
65 687 2
67 963 4
67 165 4
67 846 6
67 207 4
67 561 4
67 344 2
68 987 3
68 963 2
74 166 2
74 759 1
75 772 4
75 1003 1
75 692 8
75 248 1
75 633 1
75 220 1
75 607 3
77 168 8
77 472 4
77 260 7
77 356 1
78 422 3
78 169 1
78 178 3
78 506 1
78 702 3
82 267 2
83 784 1
86 443 6
86 662 1
90 416 1
90 832 1
90 356 1
90 742 8
90 135 2
90 201 1
90 107 1
90 506 1
90 142 1
90 720 1
90 371 1
90 558 1
90 216 1
90 900 1
90 764 3
90 765 1
90 868 2
90 927 2
91 609 1
91 612 1
91 933 2
91 842 1
91 950 1
91 347 1
91 189 1
91 607 1
92 658 1
92 316 1
95 987 3
96 420 1
98 449 1
98 707 11
98 454 3
98 134 7
98 713 7
98 107 11
98 268 9
98 429 10
98 592 14
98 401 6
98 291 3
98 117 9
98 278 1
101 246 2
101 423 1
102 705 1
102 139 1
102 125 1
103 612 2
103 310 2
103 423 1
104 765 1
105 582 1
105 742 1
106 788 1
107 643 1
107 201 1
107 810 3
107 464 1
111 586 1
112 517 1
113 927 2
117 268 1
118 335 2
119 790 11
120 198 1
120 772 8
120 870 1
120 454 3
120 334 2
120 752 2
120 854 1
120 196 1
120 927 3
120 191 3
122 980 1
125 139 1
125 939 1
126 416 2
126 313 2
126 356 1
126 765 1
134 592 5
134 454 1
135 450 4
135 963 4
135 772 1
135 581 12
135 170 1
135 855 1
135 942 5
135 334 3
135 697 1
135 292 1
135 703 5
135 765 1
135 549 4
136 857 1
136 428 1
136 316 1
136 207 2
139 324 1
139 487 1
139 939 1
139 524 1
139 206 1
139 174 1
139 534 1
139 154 1
139 477 1
139 510 1
141 188 2
142 165 1
142 647 1
142 428 1
142 847 1
142 316 3
146 326 1
147 772 4
147 454 1
147 232 4
147 715 1
147 277 4
147 347 1
147 157 1
147 926 2
147 607 9
149 849 2
149 716 1
151 278 1
152 443 5
153 977 1
157 577 1
157 740 1
158 506 1
159 704 2
159 738 3
159 502 1
159 617 1
159 810 6
159 171 1
159 334 2
159 178 1
159 214 2
159 923 4
159 316 5
159 853 1
160 838 6
160 428 1
160 530 2
160 658 4
160 629 3
160 214 5
165 207 1
165 401 9
165 344 1
165 857 1
165 316 6
166 416 1
166 290 1
166 356 6
166 573 1
166 762 1
166 586 10
167 978 4
167 547 1
167 188 1
167 469 1
168 416 1
168 260 11
168 232 2
168 782 2
168 912 7
168 472 14
168 984 1
168 356 9
168 575 3
169 688 1
170 697 1
171 700 1
171 933 1
175 737 3
175 335 1
175 275 2
175 849 4
178 976 2
178 228 2
178 470 2
178 991 5
178 295 1
178 599 2
178 333 2
178 710 2
178 693 2
178 502 12
178 409 2
178 249 2
178 538 3
178 767 2
178 605 2
178 862 2
178 607 1
180 958 2
181 190 3
184 686 1
185 833 2
185 762 2
185 769 1
187 450 1
188 978 2
188 851 3
188 469 1
188 988 1
188 607 5
189 718 1
189 239 2
189 595 1
189 462 4
189 410 5
189 506 1
189 607 4
190 353 2
190 656 2
190 274 3
190 373 2
190 920 2
191 416 1
191 772 1
191 752 1
191 415 7
191 927 2
192 381 1
193 416 2
193 771 1
193 617 1
193 940 1
193 784 1
193 415 2
193 404 1
193 923 1
193 316 3
193 927 1
194 306 1
196 731 1
196 454 1
196 927 1
197 850 1
199 644 1
199 506 6
199 996 1
199 837 2
199 541 1
200 428 1
200 971 1
200 316 1
200 915 1
201 335 1
203 863 1
207 647 1
207 424 1
207 847 1
207 656 1
207 469 1
207 795 2
208 506 1
208 335 1
209 356 3
214 321 1
214 746 3
214 629 2
214 662 1
214 923 1
216 319 1
220 334 3
220 415 1
223 322 1
223 510 1
223 462 2
226 506 1
228 605 2
228 335 1
229 241 1
229 607 1
231 994 1
231 338 2
231 245 5
231 698 3
231 987 3
231 540 1
231 607 1
232 294 1
232 782 3
232 575 1
233 692 1
233 245 2
236 335 1
239 609 1
239 742 2
239 692 1
239 891 2
239 703 1
241 302 1
241 469 1
245 994 1
245 963 2
245 764 5
245 264 3
245 329 2
245 951 1
245 546 1
245 624 2
245 698 3
245 987 3
245 540 3
246 377 1
246 423 3
248 506 4
248 334 1
248 687 1
249 333 1
249 409 2
249 506 1
249 605 2
250 886 1
250 927 3
251 506 1
251 987 3
253 290 1
253 566 2
256 416 3
256 313 1
260 472 5
260 912 2
260 266 1
267 416 2
267 517 2
267 838 2
267 392 2
267 586 5
267 629 9
267 891 4
268 592 1
268 633 1
268 291 1
272 568 1
272 450 2
272 546 3
273 951 2
274 851 1
274 847 1
275 849 2
278 462 2
278 687 1
278 338 1
278 923 1
280 450 1
280 281 2
280 658 1
280 629 4
284 680 2
284 731 2
291 401 1
291 429 4
291 454 1
293 546 2
294 416 1
294 447 4
299 634 1
299 388 1
301 469 1
302 428 1
302 316 1
306 771 1
306 659 1
306 450 6
306 742 10
310 612 1
310 586 2
310 368 2
310 343 1
311 697 3
311 987 3
311 582 1
313 416 1
316 647 3
316 392 1
316 915 2
316 415 3
316 428 6
316 952 1
316 953 1
316 543 1
316 971 1
316 344 1
316 857 1
316 990 1
316 607 2
316 483 2
318 499 1
319 386 1
319 458 1
319 918 1
319 956 1
321 618 1
321 499 1
322 879 2
322 740 1
322 334 2
324 612 1
325 718 1
327 381 9
329 540 1
329 963 2
329 660 2
332 435 3
332 500 2
333 502 1
333 605 1
334 416 1
334 356 1
334 586 2
334 671 2
334 462 2
334 687 2
334 534 1
334 607 3
335 643 1
335 532 1
335 664 1
335 537 2
335 670 2
335 808 1
335 553 1
335 810 1
335 688 1
335 464 1
335 468 1
335 726 1
335 985 1
335 737 1
335 1004 1
335 980 1
335 381 1
338 994 1
338 987 3
343 534 1
343 592 1
343 853 3
343 663 3
347 933 4
353 891 7
356 517 4
356 912 11
356 542 8
356 927 2
356 416 2
356 687 6
356 586 18
356 718 1
356 591 6
356 472 17
356 607 6
356 743 4
356 573 1
356 500 1
356 502 2
356 762 4
356 765 6
360 629 3
361 987 3
364 506 1
364 987 3
364 764 1
364 582 1
369 513 1
369 927 2
377 457 3
377 506 3
379 568 3
381 810 1
381 506 2
381 670 1
383 720 2
383 586 2
383 589 2
383 597 1
388 746 1
398 712 1
401 454 4
401 429 17
401 415 4
402 788 2
405 697 1
406 680 1
410 719 1
410 663 3
413 746 6
413 927 1
413 935 8
414 506 4
415 812 1
415 617 2
415 587 1
415 940 1
416 762 1
416 586 10
416 912 2
416 927 2
416 573 3
418 977 9
418 996 15
421 424 1
421 795 1
421 469 1
422 680 3
422 731 1
423 513 2
423 996 3
423 977 6
424 469 1
424 795 3
424 990 1
428 647 2
428 915 3
428 857 2
428 990 3
429 925 1
429 454 9
432 987 3
433 641 1
433 482 1
433 987 3
435 586 3
435 500 6
435 782 2
438 818 1
442 506 1
443 835 1
443 662 2
443 963 2
444 927 3
445 891 2
450 802 1
450 900 2
450 742 8
450 712 1
450 595 4
450 692 2
450 662 4
450 695 1
450 568 1
450 596 1
450 572 1
454 609 2
454 592 6
454 772 6
457 843 1
458 577 1
458 499 1
462 607 2
462 617 2
462 586 3
462 687 2
462 692 2
462 535 2
462 591 2
462 923 2
466 947 2
469 547 1
469 817 1
469 978 1
469 954 1
469 795 1
469 957 1
470 605 1
471 987 1
472 743 1
472 586 3
472 782 3
472 912 3
477 534 1
482 531 2
482 990 1
482 987 3
483 891 2
485 927 3
488 568 1
493 530 2
493 629 4
493 630 6
495 568 2
495 862 1
497 977 8
499 704 1
499 679 1
499 844 1
499 684 1
499 565 1
499 918 1
499 607 1
500 546 3
500 550 4
500 586 6
500 692 1
502 519 1
502 718 3
502 851 1
502 724 1
502 538 3
502 605 1
502 862 1
502 607 2
506 643 1
506 644 1
506 775 2
506 1004 1
506 783 3
506 921 3
506 796 1
506 808 1
506 541 5
506 670 3
506 702 2
506 837 4
506 605 1
506 996 4
506 1001 2
506 881 1
509 510 2
510 534 2
511 987 3
513 927 2
514 603 1
516 783 1
516 881 3
516 532 1
516 790 1
516 761 3
517 891 2
517 542 1
526 629 5
528 923 2
528 995 1
528 687 1
530 891 2
530 629 3
530 630 1
531 641 2
531 987 5
534 746 1
535 927 2
540 994 2
540 987 7
540 774 7
540 680 1
540 855 1
540 697 3
540 698 3
540 955 2
541 996 1
541 582 2
541 1001 2
541 682 4
541 783 1
541 850 1
542 546 1
542 646 1
542 586 8
542 927 4
546 738 1
546 550 2
546 873 1
546 565 1
546 850 1
546 563 2
546 629 3
546 595 1
547 978 4
547 988 1
549 607 2
550 812 1
551 823 1
551 927 2
553 687 1
558 918 1
561 629 3
561 846 7
565 704 1
565 679 1
566 713 1
568 947 3
568 662 1
568 695 1
573 586 11
575 782 2
576 682 1
581 720 2
581 963 2
582 832 1
582 994 1
582 849 1
582 987 3
582 764 4
584 731 2
586 591 5
586 765 3
586 912 3
586 984 1
586 868 2
586 762 9
586 687 5
587 720 2
588 963 2
591 718 1
591 607 1
592 713 5
592 927 10
595 754 1
595 772 1
602 765 3
602 743 1
603 634 2
605 710 1
605 789 5
605 862 1
607 617 1
607 692 2
607 1001 5
607 963 2
607 927 1
609 707 1
609 996 2
609 1003 1
609 923 1
609 633 1
609 772 5
609 927 1
612 853 1
612 676 1
614 978 1
617 833 1
617 720 1
617 923 1
626 807 1
629 772 2
629 685 3
629 658 3
629 846 2
629 630 4
629 631 3
629 633 2
629 891 26
630 656 2
630 891 2
633 772 2
634 832 2
634 788 1
641 987 3
644 702 1
646 823 1
646 927 2
647 915 2
648 765 2
650 682 5
650 738 5
650 783 4
654 738 3
654 991 3
654 783 1
658 847 2
659 771 4
660 771 4
670 808 1
671 692 1
680 707 1
680 720 1
682 738 3
682 837 1
682 719 1
684 765 1
685 1001 1
685 724 1
686 927 1
687 776 1
687 923 3
688 898 1
692 736 1
692 963 2
692 742 1
692 746 6
697 855 7
697 925 3
698 840 3
698 873 3
698 764 3
700 812 3
700 790 2
704 844 1
707 880 3
711 907 1
712 963 2
716 896 1
716 777 1
716 718 1
716 883 2
716 724 2
718 765 1
718 754 2
718 980 2
719 738 1
719 837 3
719 783 1
720 833 1
720 936 2
720 855 1
720 731 1
722 927 4
738 783 1
738 850 2
738 921 1
738 923 1
740 788 3
742 900 4
742 772 3
742 765 1
746 963 2
746 935 8
758 844 1
758 918 1
761 881 1
764 994 2
764 963 2
764 987 3
765 868 1
765 908 1
769 963 2
770 927 2
772 833 1
772 809 3
772 951 3
772 890 1
772 927 1
772 926 1
773 955 1
774 947 12
779 843 2
782 790 1
783 850 2
789 987 3
790 812 5
790 956 3
809 987 6
817 978 2
823 927 3
835 963 2
836 963 2
838 857 1
840 987 3
844 918 1
849 987 3
851 904 1
851 978 6
851 858 1
854 968 1
854 927 2
855 963 2
855 955 2
858 891 1
858 991 1
872 987 3
873 987 3
918 956 1
925 955 1
935 966 2
955 987 4
963 995 2
969 1004 1
977 996 1
977 1001 4
977 1004 6
978 988 3
987 994 3
