0
1
2
3
4
5
6
7
8
9
10
11
12
13
14
15
16
17
18
19
20
21
22
23
24
25
26
27
28
29
30
31
32
33
34
35
36
37
38
39
40
41
42
43
44
45
46
47
48
49
50
51
52
53
54
55
56
57
58
59
60
61
62
63
64
65
66
67
68
69
70
71
72
73
74
75
76
77
78
79
80
81
82
83
84
85
86
87
88
89
90
91
92
93
94
95
96
97
98
99
100
101
102
103
104
105
106
107
108
109
110
111
112
113
114
115
116
117
118
119
120
121
122
123
124
125
126
127
128
129
130
131
132
133
134
135
136
137
138
139
141
142
143
144
145
146
147
148
149
150
151
152
153
154
155
157
158
159
160
161
162
163
164
165
166
167
168
169
170
171
172
173
174
175
176
177
178
179
180
181
182
183
184
185
186
187
188
189
190
191
192
193
194
195
196
197
198
199
200
201
202
203
204
205
206
207
208
209
210
211
212
213
214
215
216
217
218
219
220
221
222
223
224
225
226
227
228
229
230
231
232
233
235
236
237
238
239
240
241
242
243
244
245
246
247
248
249
250
251
252
253
254
255
256
257
259
260
262
263
264
265
266
267
268
269
270
271
272
273
274
275
276
277
278
279
280
281
282
283
284
285
286
287
288
289
290
291
292
293
294
295
296
297
299
300
301
302
303
304
305
306
307
308
309
310
311
312
313
314
315
316
317
318
319
320
321
322
323
324
325
326
327
328
329
330
331
332
333
334
335
336
337
338
339
340
341
343
344
345
346
347
348
349
350
351
352
353
355
356
357
358
359
360
361
362
364
365
366
367
368
369
370
371
372
373
374
375
376
377
378
379
380
381
382
383
384
385
386
387
388
389
390
391
392
393
394
395
396
397
398
399
400
401
402
403
404
405
406
407
408
409
410
411
412
413
414
415
416
418
419
420
421
422
423
424
425
426
427
428
429
430
431
432
433
434
435
436
437
438
439
440
441
442
443
444
445
446
447
448
449
450
451
452
453
454
455
456
457
458
459
460
461
462
464
465
466
467
468
469
470
471
472
473
474
475
476
477
478
479
480
481
482
483
484
485
486
487
488
489
490
491
492
493
495
496
497
498
499
500
501
502
503
504
505
506
507
508
509
510
511
512
513
514
515
516
517
518
519
520
521
522
523
524
525
526
527
528
530
531
532
533
534
535
536
537
538
539
540
541
542
543
544
545
546
547
548
549
550
551
552
553
554
556
557
558
559
560
561
562
563
564
565
566
567
568
569
570
571
572
573
574
575
576
577
578
579
580
581
582
583
584
585
586
587
588
589
590
591
592
593
594
595
596
597
598
599
600
601
602
603
604
605
606
607
609
610
611
612
613
614
615
616
617
618
619
621
622
623
624
625
626
627
628
629
630
631
632
633
634
635
636
637
638
639
640
641
642
643
644
645
646
647
648
649
650
651
652
653
654
655
656
657
658
659
660
661
662
663
664
665
666
667
668
669
670
671
672
673
674
675
676
677
678
679
680
681
682
683
684
685
686
687
688
689
690
691
692
693
694
695
696
697
698
699
700
701
702
703
704
705
706
707
708
709
710
711
712
713
714
715
716
717
718
719
720
721
722
723
724
725
726
727
728
729
730
731
732
733
734
735
736
737
738
739
740
741
742
743
744
745
746
747
748
749
750
751
752
753
754
756
757
758
759
760
761
762
763
764
765
767
768
769
770
771
772
773
774
775
776
777
778
779
780
781
782
783
784
785
786
787
788
789
790
791
792
793
794
795
796
797
798
799
800
801
802
803
804
805
806
807
808
809
810
811
812
813
814
815
816
817
818
819
820
821
822
823
824
825
826
827
828
829
830
831
832
833
834
835
836
837
838
839
840
841
842
843
844
845
846
847
848
849
850
851
852
853
854
855
856
857
858
859
860
861
862
863
864
865
866
867
868
869
870
871
872
873
874
875
876
877
878
879
880
881
882
883
884
885
886
887
888
889
890
891
892
893
894
895
896
897
898
899
900
901
902
903
904
905
906
907
908
909
910
911
912
913
914
915
916
917
918
919
920
921
922
923
924
925
926
927
928
929
930
931
932
933
934
935
936
937
938
939
940
941
942
943
944
945
946
947
948
949
950
951
952
953
954
955
956
957
958
960
961
962
963
964
965
966
967
968
969
970
971
972
973
974
975
976
977
978
979
980
981
982
983
984
985
986
987
988
989
990
991
992
993
994
995
996
997
998
999
1000
1001
1002
1003
1004
0 929 2
0 178 2
2 790 1
3 988 1
3 782 1
5 605 1
6 178 2
8 544 1
13 506 1
14 924 1
14 506 3
14 644 2
14 702 1
14 199 2
16 410 2
17 316 1
17 806 1
21 353 1
24 782 1
24 530 1
24 629 4
24 630 4
24 280 5
24 891 3
25 558 1
28 987 4
29 381 1
30 416 1
30 362 1
30 356 1
30 790 1
31 410 1
31 316 1
31 165 3
31 806 1
32 921 2
35 280 1
35 978 5
35 988 1
40 367 1
41 73 1
41 458 1
41 723 4
41 758 4
41 503 1
41 956 1
42 649 1
42 323 1
48 73 1
52 912 1
52 868 1
53 609 1
53 684 1
53 687 1
53 214 1
53 890 1
53 923 2
56 105 1
56 987 4
58 909 2
61 718 10
62 542 3
62 646 6
65 752 1
65 193 1
65 367 1
65 120 1
65 687 1
67 963 3
67 165 1
68 987 4
70 322 4
70 367 1
70 214 1
70 334 1
70 415 1
71 595 1
73 565 1
73 558 1
74 912 1
74 166 6
74 168 1
74 586 1
74 112 7
74 392 2
74 435 1
74 984 2
75 220 2
75 850 1
75 772 5
75 334 1
78 178 1
78 878 1
83 784 1
86 662 2
89 718 3
90 624 1
90 267 1
90 765 1
90 784 2
90 435 1
90 987 1
90 316 1
90 573 2
92 316 1
92 806 1
95 987 4
96 638 1
98 707 1
98 134 2
98 713 1
98 107 1
98 268 1
98 429 1
98 401 4
98 117 1
98 278 1
99 178 2
99 502 1
101 246 2
105 742 2
105 374 4
106 740 3
107 899 1
107 381 3
107 367 1
109 133 3
111 762 1
111 946 1
112 1000 2
112 392 2
112 674 5
112 166 3
113 646 1
120 772 8
120 198 2
120 518 1
120 454 1
120 752 6
120 742 2
120 978 1
120 435 2
120 948 5
120 196 3
120 188 1
120 190 1
120 191 1
122 924 2
126 356 2
126 294 2
126 648 1
126 168 2
126 790 1
126 984 2
127 866 1
127 367 1
132 638 1
133 765 1
134 738 1
136 200 3
136 316 2
136 806 1
136 207 1
141 978 5
141 214 1
142 806 1
142 267 1
142 428 1
142 280 1
142 857 4
142 316 1
142 351 1
143 544 2
143 658 1
144 544 1
147 471 1
147 157 1
147 150 1
147 367 2
150 752 1
150 471 1
150 191 1
151 923 2
151 253 5
152 443 4
153 891 1
155 784 1
157 586 1
157 356 1
157 517 1
157 542 1
160 507 1
160 550 1
160 782 1
160 629 6
160 280 1
160 891 2
161 900 1
164 402 1
164 638 4
165 806 1
165 200 1
165 401 4
165 344 1
165 857 2
165 316 1
166 674 4
166 392 3
166 586 2
166 435 1
167 978 5
167 988 1
168 356 6
168 966 1
168 232 2
168 521 1
168 266 4
168 332 2
168 744 2
168 912 20
168 984 1
168 949 3
168 790 2
168 425 1
168 472 12
168 730 2
168 575 1
169 404 1
170 697 2
170 855 1
173 506 2
175 849 2
175 275 1
178 409 1
178 538 1
178 929 2
178 295 1
178 693 1
178 569 1
178 314 1
178 710 3
178 333 1
178 976 1
178 339 1
178 470 2
178 599 1
178 605 16
178 862 16
178 991 1
178 228 1
178 367 1
178 502 5
178 249 2
178 767 1
181 920 1
181 190 1
184 883 1
188 978 7
188 851 1
188 988 2
189 410 1
189 749 2
189 718 2
190 353 1
190 486 1
190 367 4
190 656 1
190 274 2
190 373 1
190 214 2
191 752 1
192 506 1
192 327 1
193 214 1
197 923 1
199 506 1
200 806 3
200 971 1
200 428 1
200 302 1
200 344 3
200 915 4
200 341 1
200 952 7
200 857 1
200 316 1
200 543 1
207 547 1
207 484 1
207 978 5
207 795 3
207 988 1
207 990 2
214 544 2
214 388 1
214 517 1
214 518 1
214 316 2
214 586 1
214 367 1
214 978 2
214 435 1
214 948 1
214 535 1
214 920 1
214 851 3
214 765 1
214 703 1
216 558 2
220 425 2
220 367 1
226 440 1
226 643 1
228 362 2
228 502 1
231 994 1
231 873 1
231 738 2
231 245 1
231 698 1
231 987 4
232 425 1
232 744 1
232 946 2
232 472 4
232 575 4
233 835 1
233 935 1
235 454 1
239 609 1
239 634 1
242 865 1
245 698 1
245 987 4
245 764 1
246 423 3
248 530 1
248 586 1
248 915 1
248 450 1
249 929 1
250 662 2
251 987 4
256 356 1
264 329 1
264 764 1
266 790 15
266 439 1
267 984 1
267 586 1
267 891 4
272 900 1
275 849 4
278 923 1
280 902 1
280 391 1
280 526 1
280 920 1
280 658 2
280 915 1
280 288 1
280 547 1
280 685 1
280 561 1
280 530 4
280 445 1
280 373 1
280 846 2
280 851 1
280 484 1
280 360 1
280 493 1
280 750 1
280 629 6
280 630 1
280 631 1
280 891 2
285 336 1
288 891 1
288 629 4
288 391 1
289 506 1
290 923 1
293 568 2
293 697 2
293 693 1
294 586 2
299 638 1
300 784 1
301 978 5
301 851 1
301 988 1
302 316 2
302 428 1
302 806 1
306 784 1
310 337 1
310 477 1
311 987 5
313 416 1
313 356 8
313 912 2
313 946 4
313 948 1
313 730 2
314 929 2
316 647 2
316 915 6
316 543 1
316 806 3
316 428 2
316 952 1
316 953 1
316 971 1
316 857 3
316 990 1
316 351 1
316 367 3
318 618 1
319 458 1
319 684 1
319 558 1
324 367 1
327 381 2
329 624 1
332 435 2
332 500 6
332 782 1
333 767 2
334 995 5
334 772 2
334 423 1
334 687 2
334 534 2
334 474 1
335 440 3
337 505 4
338 987 4
341 739 1
341 915 1
344 373 1
346 638 1
349 976 1
351 782 1
356 528 1
356 542 1
356 868 2
356 743 3
356 648 2
356 425 5
356 586 1
356 813 1
356 746 1
356 765 2
356 912 8
356 602 1
356 948 1
356 472 11
356 730 7
360 891 1
360 629 4
361 987 4
362 716 1
362 909 1
362 383 3
367 927 1
367 544 1
367 940 1
367 557 1
367 946 2
367 435 1
367 569 1
367 963 1
367 720 1
367 978 1
367 987 2
367 865 1
367 997 1
367 850 1
367 499 1
367 629 3
369 913 1
369 646 1
369 535 2
373 391 1
374 400 2
374 742 6
376 638 1
377 630 4
379 568 1
381 532 5
383 528 1
383 918 1
387 988 1
388 638 1
390 784 4
391 484 1
391 750 1
391 891 1
392 674 2
401 429 7
401 454 4
401 415 4
404 595 1
414 891 7
415 946 3
415 595 2
415 429 1
416 435 2
416 948 2
416 425 3
418 996 4
421 978 5
421 988 1
422 731 2
423 441 1
423 1004 2
423 591 1
424 978 5
424 795 2
424 988 1
425 744 1
425 912 1
425 946 2
425 948 2
428 806 3
428 915 1
429 454 2
433 994 1
433 987 4
435 586 3
435 782 1
435 948 2
435 984 1
435 500 1
439 912 6
439 949 2
440 537 3
443 662 1
444 535 3
445 891 1
450 802 1
450 915 2
450 695 1
454 609 1
454 772 1
458 704 1
458 1000 1
458 618 1
458 956 1
464 980 1
469 978 5
469 988 1
469 630 3
470 789 1
470 502 1
472 586 1
472 912 3
472 946 3
472 765 1
472 542 1
474 939 1
474 591 1
480 506 4
480 987 4
482 987 4
484 750 1
484 530 1
484 629 4
484 891 1
486 656 1
493 891 1
493 629 4
499 684 2
500 814 2
502 710 2
502 586 1
502 718 3
502 591 4
502 506 1
502 687 1
502 538 2
502 542 1
503 1000 1
503 723 1
503 758 3
506 996 1
506 1001 1
506 745 1
506 644 1
506 783 1
506 828 1
506 541 1
507 629 1
507 782 1
509 969 1
509 638 1
512 978 5
513 646 1
516 924 1
517 586 1
517 542 1
518 854 1
518 799 1
522 732 1
526 891 1
526 629 4
527 720 1
528 969 1
528 765 1
528 663 1
530 550 1
530 658 1
530 629 8
530 891 7
531 987 4
535 586 1
535 542 1
540 641 1
540 698 1
540 987 4
540 749 1
541 921 1
541 738 1
542 646 3
542 586 2
542 684 1
542 765 1
543 806 1
544 739 2
544 580 1
544 563 1
544 791 1
544 669 2
547 978 5
547 988 1
550 743 1
551 799 1
552 978 5
552 988 1
558 684 1
558 723 1
561 891 1
561 629 4
565 844 1
565 684 2
568 585 2
572 746 1
572 731 1
573 586 2
580 669 1
581 628 3
581 742 3
582 987 4
584 680 1
585 849 2
586 765 1
586 684 1
586 974 1
586 984 6
586 885 2
595 718 1
597 738 1
599 710 1
599 767 1
602 743 1
605 670 1
609 772 4
609 951 1
609 633 1
614 978 5
614 988 1
617 923 3
618 704 1
629 750 4
629 658 4
629 685 4
629 752 1
629 846 4
629 630 4
629 631 4
629 891 7
630 951 2
630 954 2
630 891 2
631 891 1
633 772 1
634 638 1
638 832 1
638 853 1
638 790 3
638 700 1
641 987 4
644 924 2
647 806 1
649 663 1
650 686 1
656 782 1
657 921 1
658 891 1
659 742 1
667 988 1
668 720 3
668 952 1
668 746 1
679 918 1
684 844 5
684 918 1
685 891 1
687 772 7
687 923 3
695 802 1
697 925 1
697 855 2
698 764 1
698 840 1
698 873 1
698 987 5
702 924 3
703 784 1
704 743 1
707 880 1
716 866 1
718 754 1
718 724 1
718 883 1
718 732 1
720 935 4
720 746 4
720 813 3
721 765 1
723 758 4
724 1004 4
730 912 5
730 868 3
736 764 1
738 783 2
738 921 1
738 923 8
739 920 2
744 912 1
744 946 3
746 935 6
746 813 2
746 900 1
750 891 1
752 784 1
752 948 1
758 956 4
758 918 1
762 984 2
764 994 1
764 987 4
765 912 1
775 891 1
782 838 1
782 806 2
782 988 4
784 981 2
789 987 4
790 812 2
795 978 5
795 988 1
796 987 5
799 895 1
803 948 1
806 838 1
806 971 1
806 915 2
806 953 1
806 952 2
806 857 1
806 990 1
809 891 4
809 987 4
817 978 5
823 890 1
840 987 4
846 891 1
849 987 4
850 924 2
851 988 1
851 978 10
857 915 3
868 912 2
872 987 4
873 987 4
874 925 1
890 962 6
890 923 2
891 915 3
891 995 1
912 949 2
912 984 2
915 952 2
915 953 4
925 987 3
946 962 1
946 948 1
954 978 5
954 988 1
955 987 4
957 978 5
974 984 1
978 988 6
987 994 5
