0
1
2
3
4
5
6
7
8
9
10
11
12
13
14
15
16
17
18
19
20
21
22
23
24
25
26
27
28
29
30
31
32
33
34
35
36
37
38
39
40
41
42
43
44
45
46
47
48
49
50
51
52
53
54
55
56
57
58
59
60
61
62
63
64
65
66
67
68
69
70
71
72
73
74
75
76
77
78
79
80
81
82
83
84
85
86
87
88
89
90
91
92
93
94
95
96
97
98
99
100
101
102
103
104
105
106
107
108
109
110
111
112
113
114
115
116
117
118
119
120
121
122
123
124
125
126
127
128
129
130
131
132
133
134
135
136
137
138
139
141
142
143
144
145
146
147
148
149
150
151
152
153
154
155
157
158
159
160
161
162
163
164
165
166
167
168
169
170
171
172
173
174
175
176
177
178
179
180
181
182
183
184
185
186
187
188
189
190
191
192
193
194
195
196
197
198
199
200
201
202
203
204
205
206
207
208
209
210
211
212
213
214
215
216
217
218
219
220
221
222
223
224
225
226
227
228
229
230
231
232
233
235
236
237
238
239
240
241
242
243
244
245
246
247
248
249
250
251
252
253
254
255
256
257
259
260
262
263
264
265
266
267
268
269
270
271
272
273
274
275
276
277
278
279
280
281
282
283
284
285
286
287
288
289
290
291
292
293
294
295
296
297
299
300
301
302
303
304
305
306
307
308
309
310
311
312
313
314
315
316
317
318
319
320
321
322
323
324
325
326
327
328
329
330
331
332
333
334
335
336
337
338
339
340
341
343
344
345
346
347
348
349
350
351
352
353
355
356
357
358
359
360
361
362
364
365
366
367
368
369
370
371
372
373
374
375
376
377
378
379
380
381
382
383
384
385
386
387
388
389
390
391
392
393
394
395
396
397
398
399
400
401
402
403
404
405
406
407
408
409
410
411
412
413
414
415
416
418
419
420
421
422
423
424
425
426
427
428
429
430
431
432
433
434
435
436
437
438
439
440
441
442
443
444
445
446
447
448
449
450
451
452
453
454
455
456
457
458
459
460
461
462
464
465
466
467
468
469
470
471
472
473
474
475
476
477
478
479
480
481
482
483
484
485
486
487
488
489
490
491
492
493
495
496
497
498
499
500
501
502
503
504
505
506
507
508
509
510
511
512
513
514
515
516
517
518
519
520
521
522
523
524
525
526
527
528
530
531
532
533
534
535
536
537
538
539
540
541
542
543
544
545
546
547
548
549
550
551
552
553
554
556
557
558
559
560
561
562
563
564
565
566
567
568
569
570
571
572
573
574
575
576
577
578
579
580
581
582
583
584
585
586
587
588
589
590
591
592
593
594
595
596
597
598
599
600
601
602
603
604
605
606
607
609
610
611
612
613
614
615
616
617
618
619
621
622
623
624
625
626
627
628
629
630
631
632
633
634
635
636
637
638
639
640
641
642
643
644
645
646
647
648
649
650
651
652
653
654
655
656
657
658
659
660
661
662
663
664
665
666
667
668
669
670
671
672
673
674
675
676
677
678
679
680
681
682
683
684
685
686
687
688
689
690
691
692
693
694
695
696
697
698
699
700
701
702
703
704
705
706
707
708
709
710
711
712
713
714
715
716
717
718
719
720
721
722
723
724
725
726
727
728
729
730
731
732
733
734
735
736
737
738
739
740
741
742
743
744
745
746
747
748
749
750
751
752
753
754
756
757
758
759
760
761
762
763
764
765
767
768
769
770
771
772
773
774
775
776
777
778
779
780
781
782
783
784
785
786
787
788
789
790
791
792
793
794
795
796
797
798
799
800
801
802
803
804
805
806
807
808
809
810
811
812
813
814
815
816
817
818
819
820
821
822
823
824
825
826
827
828
829
830
831
832
833
834
835
836
837
838
839
840
841
842
843
844
845
846
847
848
849
850
851
852
853
854
855
856
857
858
859
860
861
862
863
864
865
866
867
868
869
870
871
872
873
874
875
876
877
878
879
880
881
882
883
884
885
886
887
888
889
890
891
892
893
894
895
896
897
898
899
900
901
902
903
904
905
906
907
908
909
910
911
912
913
914
915
916
917
918
919
920
921
922
923
924
925
926
927
928
929
930
931
932
933
934
935
936
937
938
939
940
941
942
943
944
945
946
947
948
949
950
951
952
953
954
955
956
957
958
960
961
962
963
964
965
966
967
968
969
970
971
972
973
974
975
976
977
978
979
980
981
982
983
984
985
986
987
988
989
990
991
992
993
994
995
996
997
998
999
1000
1001
1002
1003
1004
0 6 1
0 409 1
0 410 1
0 538 1
0 295 1
0 178 1
0 693 1
0 710 1
0 333 1
0 78 1
0 976 1
0 595 2
0 470 1
0 599 1
0 605 1
0 862 1
0 991 1
0 228 1
0 1004 2
0 502 1
0 249 1
0 767 1
2 250 1
2 923 1
2 812 1
2 790 1
2 335 2
4 848 1
4 371 1
5 808 3
5 107 1
6 716 1
6 178 1
6 1004 1
6 506 1
13 738 2
14 796 1
14 738 2
14 724 2
14 189 1
15 680 1
15 731 7
15 422 6
15 943 1
16 718 2
17 316 1
24 280 2
24 891 1
24 629 4
25 48 2
25 844 1
25 458 1
25 684 1
28 338 1
28 231 1
29 506 4
29 107 1
29 381 1
30 416 2
30 515 2
30 166 3
30 294 5
30 743 2
30 648 9
30 573 5
30 209 1
30 936 1
30 790 5
30 765 5
31 165 11
31 362 1
31 428 5
31 915 3
31 316 1
31 990 1
32 280 2
32 572 1
32 862 1
35 280 2
35 978 1
35 188 1
35 469 1
35 207 1
37 232 1
37 313 4
37 126 1
38 395 1
38 324 3
38 197 1
38 326 1
38 586 2
38 939 1
38 663 1
38 343 1
38 388 1
38 638 1
40 450 5
40 712 10
40 272 1
40 695 1
40 90 1
40 187 2
40 572 1
41 723 2
41 758 1
46 510 1
48 704 1
48 458 4
48 684 1
48 558 3
48 499 1
48 565 1
48 216 3
48 956 3
48 319 6
50 106 1
50 402 3
50 559 11
52 133 2
53 120 1
53 798 1
56 159 1
58 338 2
61 356 2
61 517 2
61 522 1
61 718 6
61 591 1
61 243 4
61 789 1
61 502 2
61 472 1
61 819 1
61 926 1
61 607 2
62 542 2
62 485 3
62 646 1
64 534 2
67 963 2
67 165 4
67 846 2
67 207 3
67 561 2
67 344 2
68 189 1
69 950 1
70 322 1
70 299 2
70 534 1
70 90 3
70 890 1
70 607 1
73 723 1
74 256 2
74 133 1
74 294 6
74 648 3
74 76 1
74 266 3
74 332 2
74 500 1
74 885 2
74 759 1
74 984 3
74 313 1
74 733 1
74 447 2
75 696 1
75 220 1
75 772 3
75 607 2
76 1001 1
76 399 1
77 912 2
78 178 1
83 752 1
83 784 1
83 771 4
86 443 3
90 891 1
90 388 1
90 581 1
90 135 1
90 236 2
90 526 2
90 720 1
90 561 1
90 178 4
90 692 1
90 629 2
90 534 1
90 472 1
90 628 3
90 712 1
90 702 1
90 157 1
90 638 1
90 191 1
92 280 1
92 316 1
96 832 1
98 291 3
98 134 8
98 454 4
98 713 9
98 107 12
98 268 9
98 429 6
98 592 10
98 401 8
98 707 7
98 117 9
98 278 3
101 377 4
101 729 1
101 246 5
101 423 2
103 423 1
104 425 1
104 356 1
105 233 2
105 418 11
106 402 3
106 788 1
107 320 1
107 898 1
107 808 1
107 201 3
107 713 1
107 335 1
107 464 1
107 980 2
107 118 1
107 553 2
107 532 1
107 381 1
107 670 4
111 586 2
111 885 1
112 416 1
112 674 1
112 803 1
112 166 1
112 392 1
112 267 4
117 291 1
117 454 1
118 335 1
119 812 1
120 772 3
120 629 2
120 454 2
122 200 2
126 313 1
126 586 3
126 362 1
126 790 1
127 754 1
127 293 2
132 832 1
132 139 1
132 510 1
132 399 1
133 602 6
134 291 4
134 738 1
134 454 5
135 292 1
135 581 6
135 617 1
135 362 3
135 549 1
135 942 4
135 687 1
135 720 4
135 371 1
135 692 1
135 628 22
135 703 1
136 200 5
136 857 3
136 316 1
136 280 1
136 953 1
137 936 1
137 771 4
139 322 1
139 323 1
139 477 1
139 487 1
141 614 2
142 280 2
142 428 2
142 316 3
147 890 1
147 715 1
147 214 1
153 769 1
153 418 3
153 996 2
153 364 1
153 482 1
153 977 1
157 746 1
157 931 1
157 277 1
159 963 1
159 388 3
159 742 5
159 558 3
159 719 3
159 214 4
159 695 2
159 251 1
159 703 2
160 280 1
160 526 2
160 629 4
160 630 1
164 402 2
164 510 1
164 879 2
165 401 6
165 316 11
166 416 3
166 674 2
166 294 1
166 743 1
166 648 5
166 586 3
166 782 1
166 602 3
166 573 2
167 280 1
167 978 4
167 851 2
167 957 1
167 469 1
168 416 1
168 912 5
168 472 1
168 782 1
169 372 3
170 697 1
170 855 1
171 715 1
171 933 3
173 428 2
173 738 1
173 924 1
175 553 2
175 275 5
175 423 1
175 849 11
178 409 1
178 538 1
178 295 1
178 693 1
178 991 1
178 710 1
178 333 1
178 976 1
178 470 1
178 599 1
178 605 1
178 862 1
178 607 1
178 228 1
178 231 1
178 752 3
178 502 6
178 249 1
178 250 1
178 767 7
181 190 1
184 977 1
186 267 1
187 254 2
187 572 1
187 214 2
187 662 2
188 614 2
188 656 1
188 920 1
188 469 1
188 502 2
188 280 3
188 862 1
189 891 2
189 360 1
189 428 1
189 862 2
189 716 2
189 1004 2
189 595 3
189 718 4
189 502 2
189 280 1
189 506 1
189 731 1
189 605 1
189 410 1
190 353 1
190 274 1
190 656 1
190 978 1
190 373 1
191 752 1
191 692 1
192 381 4
193 264 1
193 923 1
193 629 1
193 454 2
193 671 2
194 769 1
194 863 3
196 454 1
197 738 1
199 924 1
199 506 1
199 996 4
199 738 1
200 428 10
200 344 2
200 952 6
200 857 4
200 316 4
201 362 1
201 335 2
206 534 1
207 280 1
207 469 1
209 880 1
214 783 1
214 290 2
214 935 1
214 746 2
214 687 2
214 978 1
214 278 2
214 851 2
214 923 2
214 316 1
214 765 2
216 321 2
216 499 1
220 633 1
223 746 2
223 879 2
223 322 1
223 853 1
223 343 1
228 693 1
228 502 3
228 605 2
229 977 1
229 374 1
229 241 1
231 738 1
231 540 6
231 338 2
231 245 1
231 698 3
231 955 6
232 416 1
232 332 2
232 782 2
232 305 2
232 575 1
233 364 1
236 977 3
236 537 1
239 809 1
239 951 1
241 280 2
241 469 1
241 415 1
245 698 3
246 724 4
246 423 7
250 648 6
250 332 4
250 662 1
253 607 2
254 568 1
256 416 3
256 313 2
256 267 2
256 294 1
260 912 2
260 573 1
264 454 1
266 912 4
267 517 1
267 838 1
267 648 1
267 466 1
267 435 2
267 629 2
267 854 4
267 947 1
267 478 1
268 291 1
268 454 1
269 987 1
269 925 3
270 738 1
273 306 1
273 581 6
274 280 1
275 849 6
275 428 1
275 316 1
277 935 1
280 388 4
280 647 2
280 656 2
280 915 2
280 408 1
280 547 2
280 421 2
280 422 2
280 424 1
280 561 2
280 301 1
280 817 1
280 530 2
280 862 1
280 658 2
280 953 2
280 954 1
280 846 1
280 526 2
280 990 2
280 293 2
280 360 2
280 493 1
280 920 2
280 851 2
280 629 3
280 502 7
280 631 2
280 469 1
281 905 1
284 731 2
284 422 3
288 629 4
290 633 1
290 589 2
291 454 2
291 713 1
291 401 2
292 769 1
293 718 1
293 862 4
294 416 4
294 515 1
294 648 7
294 765 1
294 573 3
294 885 3
294 984 1
294 762 1
294 586 4
294 447 1
299 832 1
299 388 1
299 788 1
299 509 1
301 469 1
302 428 1
302 316 2
306 771 1
306 790 3
308 418 1
310 322 3
310 343 1
313 416 2
313 472 1
313 765 3
316 647 2
316 392 3
316 923 1
316 543 1
316 428 3
316 415 1
316 952 1
316 953 2
316 971 1
316 978 1
316 344 1
316 857 3
316 349 1
316 990 3
316 752 1
318 499 1
318 684 2
319 499 1
319 758 1
321 499 1
321 684 2
322 343 7
322 879 2
322 853 2
322 663 5
323 510 1
324 939 1
324 415 5
327 657 1
327 738 1
329 427 5
329 388 1
329 395 1
329 819 2
329 343 4
329 510 1
332 435 2
332 500 3
332 586 4
332 575 1
334 609 1
334 356 1
334 586 2
334 718 1
334 720 1
334 772 1
334 542 2
334 607 4
335 899 2
335 468 1
335 664 2
335 537 1
337 942 3
338 692 1
338 540 5
343 950 2
343 399 1
343 853 3
343 663 5
349 976 1
349 428 1
353 891 1
356 416 1
356 868 1
356 912 3
356 472 1
356 765 1
360 891 1
360 629 2
362 618 1
362 383 1
362 568 1
362 731 1
368 879 2
371 720 1
372 404 3
377 729 1
377 866 1
377 718 4
381 810 1
381 532 1
383 720 3
383 586 4
388 832 2
388 900 3
388 550 4
388 746 2
388 638 2
392 803 1
399 510 1
399 1001 2
401 454 9
401 429 7
401 415 3
402 559 3
402 950 3
402 510 1
404 595 1
410 977 1
413 746 3
413 935 3
415 416 2
415 617 1
416 772 2
416 648 10
416 586 7
416 782 6
416 573 1
416 435 1
416 500 1
416 885 1
416 472 4
416 765 1
416 447 1
418 996 10
420 559 1
421 424 2
421 469 1
422 680 2
422 491 2
422 731 7
423 866 2
423 710 1
423 716 1
423 977 1
424 795 3
424 469 1
425 908 1
428 647 4
428 915 9
428 953 1
428 857 7
428 990 1
429 454 10
433 809 1
435 586 6
435 782 6
435 500 7
437 738 1
439 912 1
443 662 7
447 586 3
448 692 1
450 712 9
450 802 2
450 546 1
450 662 2
454 772 4
454 713 2
458 684 1
458 499 1
458 844 1
465 812 1
469 547 1
469 614 1
469 817 1
469 978 1
469 630 1
469 954 1
469 795 1
469 957 1
472 782 1
472 912 2
481 752 1
482 531 2
482 606 1
482 990 1
483 607 2
485 513 3
489 559 1
491 905 1
491 497 3
493 629 2
497 773 1
499 704 1
499 758 1
499 679 2
499 684 1
499 844 2
499 723 1
499 565 1
499 918 2
499 956 1
500 586 1
500 575 2
502 613 1
502 746 1
502 980 2
502 692 1
502 724 1
502 538 1
502 923 1
502 862 3
506 738 1
506 996 5
506 1001 1
506 654 1
506 783 1
509 638 1
510 832 1
510 706 1
510 780 1
510 514 1
510 638 1
513 551 3
515 648 4
515 573 2
526 561 1
526 629 2
530 746 1
530 629 9
530 630 1
531 796 1
531 789 1
532 1001 1
532 738 1
534 612 1
534 746 2
534 939 1
534 862 8
534 951 1
534 638 2
540 697 1
540 698 3
540 955 3
541 738 2
541 644 5
542 746 1
546 712 3
546 801 1
546 551 1
547 862 2
550 900 1
550 743 1
550 712 1
550 746 2
550 629 1
552 951 1
558 684 1
558 565 1
559 622 10
561 629 2
561 990 1
565 844 1
565 684 2
565 723 1
565 956 1
566 739 1
566 772 2
568 695 3
572 596 1
572 858 1
572 862 1
573 648 13
573 617 1
573 765 2
576 738 1
580 582 1
581 936 4
582 832 1
582 925 1
584 731 1
586 838 2
586 762 2
586 782 14
586 718 3
586 759 1
586 984 1
586 885 2
586 765 2
587 720 4
591 746 1
591 718 1
591 607 1
595 718 2
597 738 1
602 765 1
602 743 12
605 693 2
607 692 2
607 687 1
609 713 1
609 772 3
609 854 2
617 720 1
626 807 1
629 658 4
629 915 2
629 685 2
629 838 2
629 846 2
629 978 1
629 752 1
629 630 3
629 631 2
629 633 3
629 891 4
630 685 3
630 719 2
630 817 2
633 772 1
633 870 1
633 940 1
634 788 2
638 832 1
644 745 2
644 738 3
644 702 2
647 920 1
647 953 1
648 765 6
648 885 1
650 682 1
650 738 1
654 738 2
654 783 1
656 920 1
656 838 2
657 738 1
663 950 8
665 746 2
671 738 1
671 692 1
672 844 1
679 684 1
680 720 2
680 731 2
682 738 1
684 704 1
684 844 2
684 918 1
684 956 3
684 746 1
685 1001 2
685 724 1
687 720 1
692 746 11
696 772 1
697 771 1
697 925 1
697 855 5
698 840 3
698 873 3
698 987 1
698 764 3
700 812 2
702 745 1
702 738 1
702 850 1
703 951 1
704 743 4
707 880 1
708 718 3
711 718 3
716 718 4
718 866 2
718 724 4
718 883 4
718 980 1
718 890 1
718 923 1
719 738 2
723 758 2
724 866 3
724 1001 1
724 951 2
730 912 2
730 868 2
733 1001 1
737 849 1
738 783 2
738 921 2
738 923 3
738 924 1
738 945 1
738 951 1
738 828 2
738 837 1
738 850 1
738 979 2
738 975 1
738 996 2
738 1001 2
738 881 1
738 745 1
738 761 1
740 879 2
742 746 1
746 935 17
746 915 1
746 900 1
752 765 1
754 907 1
758 844 1
761 790 1
764 801 2
764 987 1
764 925 1
765 908 2
765 868 2
769 798 1
771 900 8
771 901 2
771 863 2
774 947 37
784 900 3
789 849 1
790 868 4
790 812 1
809 987 2
840 873 1
840 987 3
844 918 2
844 956 9
851 978 1
863 900 3
868 912 2
912 949 1
921 923 1
933 966 1
953 957 1
978 988 1
