0
1
2
3
4
5
6
7
8
9
10
11
12
13
14
15
16
17
18
19
20
21
22
23
24
25
26
27
28
29
30
31
32
33
34
35
36
37
38
39
40
41
42
43
44
45
46
47
48
49
50
51
52
53
54
55
56
57
58
59
60
61
62
63
64
65
66
67
68
69
70
71
72
73
74
75
76
77
78
79
80
81
82
83
84
85
86
87
88
89
90
91
92
93
94
95
96
97
98
99
100
101
102
103
104
105
106
107
108
109
110
111
112
113
114
115
116
117
118
119
120
121
122
123
124
125
126
127
128
129
130
131
132
133
134
135
136
137
138
139
141
142
143
144
145
146
147
148
149
150
151
152
153
154
155
157
158
159
160
161
162
163
164
165
166
167
168
169
170
171
172
173
174
175
176
177
178
179
180
181
182
183
184
185
186
187
188
189
190
191
192
193
194
195
196
197
198
199
200
201
202
203
204
205
206
207
208
209
210
211
212
213
214
215
216
217
218
219
220
221
222
223
224
225
226
227
228
229
230
231
232
233
235
236
237
238
239
240
241
242
243
244
245
246
247
248
249
250
251
252
253
254
255
256
257
259
260
262
263
264
265
266
267
268
269
270
271
272
273
274
275
276
277
278
279
280
281
282
283
284
285
286
287
288
289
290
291
292
293
294
295
296
297
299
300
301
302
303
304
305
306
307
308
309
310
311
312
313
314
315
316
317
318
319
320
321
322
323
324
325
326
327
328
329
330
331
332
333
334
335
336
337
338
339
340
341
343
344
345
346
347
348
349
350
351
352
353
355
356
357
358
359
360
361
362
364
365
366
367
368
369
370
371
372
373
374
375
376
377
378
379
380
381
382
383
384
385
386
387
388
389
390
391
392
393
394
395
396
397
398
399
400
401
402
403
404
405
406
407
408
409
410
411
412
413
414
415
416
418
419
420
421
422
423
424
425
426
427
428
429
430
431
432
433
434
435
436
437
438
439
440
441
442
443
444
445
446
447
448
449
450
451
452
453
454
455
456
457
458
459
460
461
462
464
465
466
467
468
469
470
471
472
473
474
475
476
477
478
479
480
481
482
483
484
485
486
487
488
489
490
491
492
493
495
496
497
498
499
500
501
502
503
504
505
506
507
508
509
510
511
512
513
514
515
516
517
518
519
520
521
522
523
524
525
526
527
528
530
531
532
533
534
535
536
537
538
539
540
541
542
543
544
545
546
547
548
549
550
551
552
553
554
556
557
558
559
560
561
562
563
564
565
566
567
568
569
570
571
572
573
574
575
576
577
578
579
580
581
582
583
584
585
586
587
588
589
590
591
592
593
594
595
596
597
598
599
600
601
602
603
604
605
606
607
609
610
611
612
613
614
615
616
617
618
619
621
622
623
624
625
626
627
628
629
630
631
632
633
634
635
636
637
638
639
640
641
642
643
644
645
646
647
648
649
650
651
652
653
654
655
656
657
658
659
660
661
662
663
664
665
666
667
668
669
670
671
672
673
674
675
676
677
678
679
680
681
682
683
684
685
686
687
688
689
690
691
692
693
694
695
696
697
698
699
700
701
702
703
704
705
706
707
708
709
710
711
712
713
714
715
716
717
718
719
720
721
722
723
724
725
726
727
728
729
730
731
732
733
734
735
736
737
738
739
740
741
742
743
744
745
746
747
748
749
750
751
752
753
754
756
757
758
759
760
761
762
763
764
765
767
768
769
770
771
772
773
774
775
776
777
778
779
780
781
782
783
784
785
786
787
788
789
790
791
792
793
794
795
796
797
798
799
800
801
802
803
804
805
806
807
808
809
810
811
812
813
814
815
816
817
818
819
820
821
822
823
824
825
826
827
828
829
830
831
832
833
834
835
836
837
838
839
840
841
842
843
844
845
846
847
848
849
850
851
852
853
854
855
856
857
858
859
860
861
862
863
864
865
866
867
868
869
870
871
872
873
874
875
876
877
878
879
880
881
882
883
884
885
886
887
888
889
890
891
892
893
894
895
896
897
898
899
900
901
902
903
904
905
906
907
908
909
910
911
912
913
914
915
916
917
918
919
920
921
922
923
924
925
926
927
928
929
930
931
932
933
934
935
936
937
938
939
940
941
942
943
944
945
946
947
948
949
950
951
952
953
954
955
956
957
958
960
961
962
963
964
965
966
967
968
969
970
971
972
973
974
975
976
977
978
979
980
981
982
983
984
985
986
987
988
989
990
991
992
993
994
995
996
997
998
999
1000
1001
1002
1003
1004
0 569 1
0 605 1
4 304 2
4 135 2
5 175 6
6 605 1
13 738 1
13 700 2
14 506 7
14 924 2
15 680 1
15 731 4
15 422 3
17 857 1
24 280 2
24 891 3
24 629 1
24 902 3
24 414 1
25 704 1
25 499 1
25 844 1
28 987 4
28 540 1
30 648 1
30 868 1
30 790 1
31 428 1
31 165 5
31 990 1
32 280 3
35 280 2
35 978 2
35 207 1
38 70 1
38 534 1
39 923 1
40 264 1
40 120 1
40 900 1
40 572 1
40 712 4
48 704 4
48 684 1
48 458 2
48 844 3
48 1000 2
52 168 1
52 416 3
52 868 1
52 765 1
53 798 1
53 923 1
53 629 1
53 614 1
56 65 1
56 482 1
56 987 7
56 772 1
61 550 1
61 991 3
61 718 1
61 334 1
61 135 1
62 542 1
62 646 3
62 485 3
65 528 1
65 280 1
65 772 3
67 963 5
68 987 4
70 388 1
70 534 1
70 120 1
70 324 1
70 90 1
70 638 1
71 595 1
74 912 6
74 168 2
74 586 2
74 984 4
75 147 1
77 168 5
77 912 3
78 832 1
78 178 1
78 130 3
78 605 1
82 135 2
86 443 3
90 978 1
90 292 1
90 646 2
90 423 1
90 168 2
90 749 1
90 178 2
90 851 1
90 948 2
90 923 3
90 188 1
90 223 1
95 987 4
96 420 2
98 401 6
98 429 2
99 178 1
99 862 1
101 246 2
101 423 1
103 943 1
104 256 2
104 294 2
105 482 1
105 418 4
107 464 2
107 553 1
107 178 1
107 1004 1
111 790 1
113 163 2
113 854 1
114 275 1
120 388 1
120 742 2
120 454 2
120 900 1
120 923 2
126 356 1
126 294 2
126 648 5
126 885 2
126 790 1
126 759 3
127 595 1
133 602 1
135 581 9
135 870 2
135 942 5
135 371 2
135 628 3
135 292 1
135 923 1
135 703 1
139 376 1
139 601 1
141 280 2
141 978 1
141 951 1
142 280 2
142 316 1
143 376 1
144 239 1
147 715 2
147 617 1
147 334 1
147 686 4
147 278 5
147 471 1
149 372 1
151 923 1
151 253 1
152 443 1
159 923 1
160 891 1
160 629 1
160 838 1
161 443 1
163 799 1
163 732 1
163 646 1
163 895 1
164 943 2
165 344 3
165 401 9
165 316 1
166 392 1
166 586 1
166 435 1
166 674 1
167 978 1
168 260 8
168 648 1
168 266 11
168 912 48
168 472 18
168 923 1
168 425 3
168 556 1
168 948 8
168 949 7
168 439 3
168 575 1
168 332 3
168 984 1
168 868 7
168 607 1
168 356 5
168 744 2
168 232 2
168 762 3
168 765 2
170 697 1
171 715 1
173 738 1
173 924 1
175 849 7
178 409 1
178 833 1
178 482 1
178 228 1
178 470 1
178 710 1
178 359 1
178 333 2
178 976 1
178 693 4
178 502 9
178 599 1
178 249 2
178 538 2
178 605 7
178 862 1
178 767 1
180 958 1
181 656 1
181 353 1
184 883 2
185 833 1
185 915 1
185 316 1
187 662 1
188 280 2
188 978 2
189 376 1
190 656 2
190 274 1
190 962 1
193 923 1
199 506 6
199 924 3
199 738 1
200 952 1
200 344 1
200 971 1
207 484 1
207 428 2
207 978 2
207 373 1
207 630 2
207 795 1
207 990 1
214 290 2
214 334 3
214 239 1
214 912 1
214 500 1
214 983 1
214 923 2
214 316 1
216 458 1
216 956 2
216 558 2
220 609 3
223 879 2
225 951 1
228 693 1
228 502 2
228 605 5
229 293 1
231 874 1
231 338 1
231 987 4
231 245 1
232 472 13
232 425 5
233 935 6
233 617 1
233 746 2
233 692 2
233 278 1
233 923 1
235 923 1
236 1004 3
239 713 1
239 656 1
239 923 1
241 280 2
245 874 1
245 987 4
246 724 3
246 423 3
248 891 1
249 569 2
249 605 1
250 332 1
251 987 4
256 356 2
266 912 4
267 648 2
267 891 4
267 517 2
267 478 1
267 751 1
272 450 1
272 900 1
272 662 1
273 951 1
277 314 1
277 715 1
278 629 2
278 566 1
278 923 1
278 540 3
280 647 2
280 656 2
280 920 2
280 530 2
280 915 4
280 547 2
280 421 2
280 422 2
280 301 2
280 561 2
280 953 2
280 851 2
280 526 2
280 990 2
280 293 2
280 360 2
280 629 3
280 631 2
280 469 2
284 731 2
284 422 6
285 715 1
288 610 4
288 484 4
288 773 4
288 391 6
288 846 5
288 629 6
289 506 2
293 697 2
293 862 2
294 586 5
294 356 1
299 509 1
301 978 1
302 428 1
306 784 1
310 343 3
311 987 4
311 955 1
313 472 1
313 602 1
313 356 2
313 730 4
314 710 1
314 605 2
316 392 1
316 428 4
316 915 13
316 857 1
316 351 3
318 684 1
319 458 3
321 458 2
321 684 1
321 383 2
324 534 1
329 624 1
329 849 1
329 819 2
329 343 1
332 617 1
332 586 1
332 782 1
332 435 2
333 605 2
334 776 1
334 746 1
338 849 1
338 987 4
338 540 2
343 534 2
343 749 2
343 399 2
343 950 2
343 663 2
344 373 3
347 472 3
347 715 1
353 891 1
355 715 1
356 868 1
356 743 1
356 648 2
356 744 1
356 472 1
356 730 2
360 891 1
360 629 1
361 987 4
362 770 1
362 716 1
362 383 2
364 506 1
367 518 1
367 776 1
367 940 1
367 948 1
367 502 2
367 535 1
367 923 2
371 441 1
373 391 2
374 400 1
376 731 4
377 866 3
377 630 2
379 568 1
379 662 1
383 528 1
387 978 1
390 784 3
391 610 1
397 671 1
397 975 1
401 429 9
401 454 6
401 415 9
402 943 1
409 605 1
414 891 4
415 811 2
415 429 2
416 435 3
416 948 3
418 996 7
420 559 3
421 978 1
422 680 2
422 731 6
424 978 2
425 868 1
425 912 3
425 948 1
425 472 1
428 915 8
428 857 2
429 454 3
433 987 6
433 951 1
435 500 1
435 974 2
439 912 3
439 949 3
443 550 2
443 742 2
443 662 3
443 703 1
450 802 2
450 947 1
458 704 1
458 577 1
458 1000 1
458 558 1
458 956 2
469 978 1
469 630 1
470 569 1
470 605 5
470 789 19
472 744 5
472 948 1
472 730 1
476 923 1
480 987 4
482 987 4
484 629 1
484 630 1
485 513 2
493 629 1
499 844 1
499 684 4
500 923 1
502 710 5
502 718 2
502 591 2
502 976 1
502 693 1
502 599 1
502 605 4
503 704 1
506 576 1
506 738 4
506 644 5
506 924 4
506 719 2
506 951 1
506 996 4
506 828 1
506 541 4
509 1004 1
512 978 1
514 780 1
514 950 3
516 761 1
516 850 1
516 924 2
516 790 1
516 881 3
517 813 1
518 535 1
518 683 1
518 854 1
523 863 1
526 629 1
528 531 1
528 980 1
530 891 1
530 629 4
531 987 6
538 605 1
540 955 2
540 840 4
540 873 2
540 874 1
540 987 5
541 924 1
541 738 4
542 823 1
547 978 2
551 823 1
552 978 1
552 858 1
553 670 1
558 956 1
561 629 4
565 723 1
565 684 1
568 662 1
569 605 1
572 802 1
573 586 1
575 966 1
576 738 1
577 715 1
581 703 1
582 987 4
585 954 1
586 912 1
587 947 1
590 715 1
591 923 1
595 718 3
599 605 1
601 919 3
602 721 2
602 765 1
602 743 1
605 789 2
605 685 2
605 693 1
605 710 1
605 976 1
605 862 1
605 1001 2
605 767 1
609 923 1
614 978 1
617 923 1
629 630 2
629 838 1
629 658 1
629 685 1
629 846 1
629 631 1
629 891 1
629 978 2
629 750 1
630 685 2
630 851 2
630 891 4
633 923 1
634 788 1
638 906 3
638 790 1
641 987 4
644 1001 1
644 924 3
648 765 1
650 738 1
654 991 5
656 920 1
658 731 1
663 950 1
668 720 1
668 813 4
668 935 1
679 684 1
680 790 1
682 738 1
682 924 1
684 704 2
684 844 2
684 918 1
685 1001 2
686 715 1
687 746 1
687 923 3
692 749 3
692 935 2
696 891 1
697 925 1
697 855 1
698 987 4
700 790 1
700 991 2
702 924 1
704 743 1
704 844 2
704 918 1
707 923 2
711 718 1
715 931 1
715 933 1
715 972 1
715 748 1
715 926 1
716 718 1
718 724 1
719 738 1
720 833 1
720 746 1
720 813 1
720 935 1
721 908 2
721 765 1
724 883 1
725 947 1
730 912 1
730 868 1
738 996 1
738 837 1
738 828 1
738 745 1
738 783 1
746 935 2
746 813 1
750 891 1
752 850 1
762 984 2
764 840 2
764 874 1
764 987 4
765 868 1
765 908 1
772 923 1
774 947 11
784 901 1
789 987 4
790 868 2
790 956 1
795 978 2
795 851 1
796 987 4
799 895 2
809 987 4
813 935 2
817 978 1
823 895 2
838 857 1
840 874 1
840 987 4
840 873 1
849 987 4
849 925 1
850 881 1
851 978 4
851 954 1
853 906 1
857 915 4
863 994 1
867 974 1
868 912 1
868 948 1
872 987 4
873 874 1
873 987 4
874 925 5
875 923 1
880 923 2
885 889 1
890 923 3
912 948 5
912 949 6
912 984 2
915 952 1
919 1000 1
923 951 1
924 1001 1
924 996 1
925 987 1
925 955 1
939 951 2
954 978 2
955 987 4
957 978 2
978 988 1
987 994 5
