0
1
2
3
4
5
6
7
8
9
10
11
12
13
14
15
16
17
18
19
20
21
22
23
24
25
26
27
28
29
30
31
32
33
34
35
36
37
38
39
40
41
42
43
44
45
46
47
48
49
50
51
52
53
54
55
56
57
58
59
60
61
62
63
64
65
66
67
68
69
70
71
72
73
74
75
76
77
78
79
80
81
82
83
84
85
86
87
88
89
90
91
92
93
94
95
96
97
98
99
100
101
102
103
104
105
106
107
108
109
110
111
112
113
114
115
116
117
118
119
120
121
122
123
124
125
126
127
128
129
130
131
132
133
134
135
136
137
138
139
141
142
143
144
145
146
147
148
149
150
151
152
153
154
155
157
158
159
160
161
162
163
164
165
166
167
168
169
170
171
172
173
174
175
176
177
178
179
180
181
182
183
184
185
186
187
188
189
190
191
192
193
194
195
196
197
198
199
200
201
202
203
204
205
206
207
208
209
210
211
212
213
214
215
216
217
218
219
220
221
222
223
224
225
226
227
228
229
230
231
232
233
235
236
237
238
239
240
241
242
243
244
245
246
247
248
249
250
251
252
253
254
255
256
257
259
260
262
263
264
265
266
267
268
269
270
271
272
273
274
275
276
277
278
279
280
281
282
283
284
285
286
287
288
289
290
291
292
293
294
295
296
297
299
300
301
302
303
304
305
306
307
308
309
310
311
312
313
314
315
316
317
318
319
320
321
322
323
324
325
326
327
328
329
330
331
332
333
334
335
336
337
338
339
340
341
343
344
345
346
347
348
349
350
351
352
353
355
356
357
358
359
360
361
362
364
365
366
367
368
369
370
371
372
373
374
375
376
377
378
379
380
381
382
383
384
385
386
387
388
389
390
391
392
393
394
395
396
397
398
399
400
401
402
403
404
405
406
407
408
409
410
411
412
413
414
415
416
418
419
420
421
422
423
424
425
426
427
428
429
430
431
432
433
434
435
436
437
438
439
440
441
442
443
444
445
446
447
448
449
450
451
452
453
454
455
456
457
458
459
460
461
462
464
465
466
467
468
469
470
471
472
473
474
475
476
477
478
479
480
481
482
483
484
485
486
487
488
489
490
491
492
493
495
496
497
498
499
500
501
502
503
504
505
506
507
508
509
510
511
512
513
514
515
516
517
518
519
520
521
522
523
524
525
526
527
528
530
531
532
533
534
535
536
537
538
539
540
541
542
543
544
545
546
547
548
549
550
551
552
553
554
556
557
558
559
560
561
562
563
564
565
566
567
568
569
570
571
572
573
574
575
576
577
578
579
580
581
582
583
584
585
586
587
588
589
590
591
592
593
594
595
596
597
598
599
600
601
602
603
604
605
606
607
609
610
611
612
613
614
615
616
617
618
619
621
622
623
624
625
626
627
628
629
630
631
632
633
634
635
636
637
638
639
640
641
642
643
644
645
646
647
648
649
650
651
652
653
654
655
656
657
658
659
660
661
662
663
664
665
666
667
668
669
670
671
672
673
674
675
676
677
678
679
680
681
682
683
684
685
686
687
688
689
690
691
692
693
694
695
696
697
698
699
700
701
702
703
704
705
706
707
708
709
710
711
712
713
714
715
716
717
718
719
720
721
722
723
724
725
726
727
728
729
730
731
732
733
734
735
736
737
738
739
740
741
742
743
744
745
746
747
748
749
750
751
752
753
754
756
757
758
759
760
761
762
763
764
765
767
768
769
770
771
772
773
774
775
776
777
778
779
780
781
782
783
784
785
786
787
788
789
790
791
792
793
794
795
796
797
798
799
800
801
802
803
804
805
806
807
808
809
810
811
812
813
814
815
816
817
818
819
820
821
822
823
824
825
826
827
828
829
830
831
832
833
834
835
836
837
838
839
840
841
842
843
844
845
846
847
848
849
850
851
852
853
854
855
856
857
858
859
860
861
862
863
864
865
866
867
868
869
870
871
872
873
874
875
876
877
878
879
880
881
882
883
884
885
886
887
888
889
890
891
892
893
894
895
896
897
898
899
900
901
902
903
904
905
906
907
908
909
910
911
912
913
914
915
916
917
918
919
920
921
922
923
924
925
926
927
928
929
930
931
932
933
934
935
936
937
938
939
940
941
942
943
944
945
946
947
948
949
950
951
952
953
954
955
956
957
958
960
961
962
963
964
965
966
967
968
969
970
971
972
973
974
975
976
977
978
979
980
981
982
983
984
985
986
987
988
989
990
991
992
993
994
995
996
997
998
999
1000
1001
1002
1003
1004
0 228 1
0 710 1
0 6 2
0 295 1
0 502 1
0 599 1
0 333 2
0 78 1
0 605 1
0 976 1
0 693 1
0 470 1
0 409 1
0 249 1
0 538 1
0 767 1
0 732 1
0 189 3
0 862 1
0 991 1
1 337 1
2 872 1
2 854 2
2 700 1
2 61 2
2 782 3
4 848 1
4 135 7
5 808 1
5 553 2
5 236 1
5 228 1
5 670 1
6 772 1
6 716 1
6 333 1
6 120 1
6 189 1
7 810 5
14 644 1
14 199 1
14 796 2
14 173 1
14 381 1
14 724 3
14 1001 2
14 410 1
14 924 2
14 506 1
14 702 1
15 680 3
15 731 3
15 422 3
16 832 2
16 546 1
16 120 1
16 410 2
16 541 3
16 127 2
17 316 1
19 333 1
24 136 1
24 530 8
24 629 5
24 280 1
24 891 22
24 189 8
28 987 3
30 256 5
30 356 3
30 648 3
30 845 2
30 912 1
30 104 1
30 472 1
30 868 1
30 765 1
31 200 2
31 316 1
31 165 6
31 990 1
31 189 1
32 977 1
32 534 1
32 891 1
32 197 1
32 214 5
35 188 1
37 232 4
37 313 1
37 356 1
38 843 1
38 939 1
38 534 1
40 187 2
40 196 2
40 198 2
40 742 1
40 712 2
40 772 1
40 568 1
40 900 3
40 987 1
40 415 1
41 723 2
45 66 1
45 227 4
46 622 1
48 458 1
50 402 2
52 472 1
52 586 1
52 356 1
53 633 1
53 190 2
53 629 2
53 454 1
53 193 2
56 410 1
56 987 3
58 909 1
61 356 2
61 517 2
61 243 1
61 718 5
61 591 4
61 915 1
61 692 1
61 472 2
61 159 1
62 542 3
62 571 4
62 485 6
62 646 3
62 823 3
65 987 1
66 227 7
67 344 1
67 561 1
67 963 9
67 165 4
67 207 1
68 120 1
68 987 3
69 950 2
69 399 1
70 633 1
70 164 1
70 772 4
70 334 1
71 595 1
73 499 2
73 679 1
74 256 2
74 133 2
74 294 3
74 648 2
74 266 5
74 332 3
74 765 1
74 885 2
74 984 2
74 313 2
74 166 1
74 586 5
74 447 3
75 772 1
75 334 1
75 178 1
75 248 3
75 987 1
75 220 6
76 1001 1
77 912 1
77 168 1
77 356 2
77 575 1
78 333 1
82 771 1
82 628 3
82 135 3
83 697 1
83 771 1
84 534 1
86 443 16
90 850 1
90 771 2
90 997 1
90 454 1
90 650 1
90 493 3
90 482 1
90 178 1
90 629 1
90 214 1
90 187 1
90 220 1
90 733 1
90 414 1
91 356 2
91 660 1
95 987 3
96 420 3
98 291 4
98 134 9
98 454 6
98 713 12
98 107 11
98 268 11
98 429 7
98 592 10
98 401 10
98 707 10
98 117 11
98 278 3
101 377 3
101 866 4
101 246 1
102 323 2
103 164 1
103 423 6
104 648 5
104 313 2
104 356 1
104 765 4
107 772 3
107 810 1
107 236 1
107 464 2
107 980 2
107 120 2
107 987 1
111 586 1
111 602 2
111 845 1
112 472 5
112 392 12
112 674 10
112 356 4
113 927 2
113 646 1
113 823 2
117 268 1
117 454 1
118 732 2
118 502 3
118 862 2
119 880 1
120 530 1
120 147 2
120 196 1
120 923 1
120 542 1
120 927 2
120 293 1
120 807 1
120 178 2
120 414 1
120 823 1
120 189 2
120 190 2
120 454 2
120 203 1
120 716 1
120 590 1
120 335 1
120 977 2
120 724 1
120 718 1
120 987 2
120 865 2
120 997 2
120 883 1
120 629 2
120 630 1
120 656 1
120 127 3
122 200 1
122 410 1
124 823 2
127 772 4
127 293 1
127 934 1
127 423 3
127 716 2
127 883 3
127 724 1
127 987 1
127 189 6
133 232 1
133 313 1
133 602 3
133 759 1
134 592 4
134 291 2
134 923 1
134 454 3
135 692 3
135 581 18
135 870 3
135 549 4
135 942 4
135 720 7
135 371 3
135 628 6
135 772 2
135 923 4
135 703 5
136 165 1
136 838 3
136 200 13
136 424 1
136 857 1
136 316 2
141 188 1
141 772 1
143 696 1
143 410 2
147 171 2
147 987 1
147 196 1
147 157 1
149 716 2
150 718 2
150 415 1
151 253 2
152 443 1
153 977 3
153 410 1
153 891 3
157 772 1
157 933 3
157 743 1
157 277 1
157 926 4
159 290 3
159 356 1
159 454 1
159 776 1
159 214 3
159 607 1
160 571 5
160 629 1
161 571 1
164 950 1
165 424 2
165 401 7
165 344 2
165 316 5
166 416 1
166 356 3
166 743 2
166 586 4
166 845 1
166 602 2
168 260 1
168 966 1
168 586 1
168 845 2
168 912 1
168 984 1
168 949 1
168 472 2
168 196 1
170 697 1
171 347 1
171 277 1
171 590 1
171 933 1
173 506 2
173 541 1
175 849 2
175 410 1
175 670 1
178 772 2
178 762 1
178 502 2
178 538 1
178 767 1
181 537 3
181 724 2
181 190 4
184 843 1
186 256 2
186 648 1
186 267 2
186 517 2
187 450 1
188 656 1
188 978 1
188 502 1
188 920 1
189 772 1
189 200 2
189 530 1
189 595 8
189 502 2
189 410 4
189 731 9
189 316 1
190 353 4
190 772 1
190 656 5
190 274 4
190 373 4
190 920 1
190 987 1
191 629 2
192 381 2
193 512 2
193 546 1
193 612 2
193 550 1
193 454 1
193 334 1
193 850 2
194 769 2
194 863 2
194 229 2
194 901 2
194 399 3
196 291 1
196 454 2
196 429 1
196 912 1
196 850 2
197 546 1
197 923 3
199 1001 2
199 506 2
199 923 1
199 541 1
200 428 1
200 629 3
200 952 4
200 316 3
201 772 1
207 469 1
209 356 1
209 765 1
214 290 4
214 356 1
214 742 1
214 454 1
214 935 1
214 776 1
214 746 1
214 278 1
214 687 1
214 464 4
214 712 4
214 534 1
214 472 2
214 388 1
214 923 1
214 765 4
216 558 1
220 546 2
220 772 1
220 334 1
220 987 5
223 772 1
223 853 2
228 333 1
228 605 4
229 660 1
231 448 2
231 738 3
231 923 1
231 624 2
231 245 1
231 921 2
231 698 2
231 987 4
232 966 2
232 648 1
232 305 1
232 472 2
232 313 2
232 575 2
235 923 2
235 454 1
236 537 2
239 454 1
245 840 1
245 698 2
245 987 3
245 364 1
246 710 1
246 423 1
248 772 1
249 333 1
249 670 1
250 927 2
250 646 1
250 886 2
250 823 2
251 410 1
251 987 3
251 671 1
253 290 3
253 566 3
256 356 9
256 517 2
256 648 1
256 267 3
256 478 1
256 313 2
257 401 1
257 566 1
257 454 1
257 833 1
260 266 1
263 369 1
264 454 5
266 699 1
267 517 5
267 648 1
267 586 12
267 662 1
267 443 1
267 478 1
268 633 1
268 291 1
268 454 2
270 923 1
272 900 2
274 630 3
275 849 2
275 327 1
277 571 3
277 723 1
280 388 4
280 334 2
280 629 7
280 502 1
280 920 2
280 772 1
281 905 1
284 731 1
285 571 3
285 308 1
288 629 1
291 454 6
291 713 2
291 429 1
291 401 5
292 772 1
293 546 1
293 547 2
293 883 2
293 862 7
294 762 1
294 586 13
294 885 2
294 447 1
302 316 1
306 771 4
306 356 1
306 790 2
306 742 2
306 334 3
306 659 2
306 374 2
306 772 1
311 697 2
311 987 3
312 333 1
313 356 5
313 984 1
313 472 1
315 769 1
316 344 1
316 454 1
316 971 1
316 915 1
316 718 1
316 952 1
316 953 1
316 543 1
316 990 1
317 374 1
318 499 1
318 684 1
319 956 1
320 843 1
322 879 1
322 343 4
324 609 1
324 534 1
324 638 2
324 591 2
327 381 1
329 832 2
329 842 2
329 427 1
329 624 1
329 540 2
329 510 1
332 782 1
332 435 2
332 500 1
332 586 3
332 575 1
333 502 1
333 710 1
333 599 1
333 569 1
333 693 1
333 470 1
333 409 1
333 538 1
333 605 1
333 862 1
333 767 1
334 987 1
334 356 4
334 534 4
334 742 3
334 775 3
334 530 1
334 687 3
334 993 1
334 851 2
334 629 3
334 502 3
334 696 10
334 920 2
334 915 2
334 607 6
335 737 4
335 867 1
335 810 7
335 528 1
335 532 3
337 505 1
338 624 2
338 987 3
343 950 1
349 976 1
349 424 1
353 891 1
356 772 1
356 517 1
356 775 1
356 912 2
356 534 1
356 416 2
356 687 1
356 696 1
356 586 4
356 845 2
356 472 17
356 730 5
356 607 1
356 742 1
356 743 2
356 502 1
356 765 6
360 629 2
361 987 3
364 772 1
364 842 1
364 502 1
364 506 1
364 987 3
364 764 1
368 399 1
368 879 1
369 535 1
369 927 2
369 646 1
369 823 3
371 772 1
374 659 1
377 866 4
377 422 3
377 423 1
377 738 1
377 530 2
377 630 3
377 729 1
379 568 1
381 643 1
381 772 1
381 810 5
381 532 2
383 720 1
383 586 1
388 771 1
388 772 1
388 534 6
388 790 1
393 843 1
394 571 5
394 823 2
398 712 1
399 977 7
401 454 18
401 429 17
401 415 5
402 950 2
404 595 1
405 628 2
407 843 3
410 482 1
410 837 1
410 1001 1
410 650 1
410 777 1
410 994 1
410 719 1
410 433 1
410 924 1
410 969 1
410 541 1
413 752 1
413 935 2
414 891 1
415 416 6
415 850 2
415 987 2
415 927 1
416 868 3
416 648 1
416 586 1
416 500 2
416 772 2
416 472 2
416 765 1
418 977 3
418 996 1
420 740 1
420 559 1
421 424 5
422 527 1
422 731 6
422 613 1
423 832 2
423 630 2
423 969 2
423 650 1
423 716 2
423 977 1
424 891 3
424 990 3
426 843 1
429 454 13
432 987 3
433 987 4
435 500 2
439 912 3
443 742 2
443 662 18
444 535 3
444 927 2
444 646 1
444 823 2
447 984 2
447 586 3
450 772 1
450 712 2
450 746 1
450 695 2
450 920 2
450 900 1
450 571 2
454 1003 1
454 772 3
454 951 1
454 713 1
454 592 5
454 609 1
454 633 1
454 890 1
458 844 1
458 956 1
458 558 1
459 517 1
460 522 1
469 978 1
471 617 1
472 782 1
472 912 4
472 575 1
477 534 1
478 517 1
482 531 3
482 987 3
482 983 1
485 927 2
485 646 3
485 823 2
493 530 3
493 629 1
493 630 13
499 987 1
499 684 3
499 558 1
500 586 4
500 782 4
500 687 1
500 575 1
501 772 1
502 534 1
502 710 1
502 585 1
502 909 2
502 528 5
502 693 2
502 772 1
502 731 2
502 572 2
502 862 2
506 576 2
506 996 2
506 1001 2
506 783 2
506 923 1
506 541 3
506 670 1
509 638 1
510 514 2
510 622 1
513 927 2
513 646 1
513 823 2
515 987 1
517 648 1
517 586 1
517 772 1
522 843 1
526 629 1
528 771 1
528 909 1
530 571 7
530 772 1
530 629 15
530 630 15
530 891 6
531 772 1
531 987 5
531 692 2
532 702 2
534 923 1
534 939 1
534 879 2
534 951 1
534 571 1
534 862 6
535 772 1
535 646 1
535 823 2
535 927 2
540 698 2
540 987 3
541 738 2
541 1001 2
541 923 1
542 772 1
542 743 2
542 823 2
542 571 1
542 927 2
546 807 1
546 716 1
546 590 1
546 595 1
546 724 1
546 987 1
547 978 1
547 862 2
550 743 1
551 927 2
551 646 1
551 823 2
552 817 1
552 951 2
556 823 2
558 844 1
558 684 1
558 956 1
559 622 1
561 629 3
565 684 1
566 713 1
569 987 1
571 900 7
571 742 5
571 870 3
571 935 2
571 776 4
571 684 2
571 663 3
571 731 1
571 885 2
572 724 2
573 586 3
576 923 1
577 936 1
581 942 1
582 840 2
582 987 3
584 731 1
586 772 1
586 782 2
586 923 2
586 687 1
586 984 7
586 609 1
586 885 1
586 762 2
586 765 2
587 720 6
591 772 1
591 746 1
592 923 1
592 927 3
595 934 1
595 883 6
599 605 4
602 743 8
602 845 2
605 789 4
607 696 3
607 700 2
609 772 1
609 923 5
612 987 1
613 738 1
615 843 1
617 776 1
622 676 1
624 692 1
624 764 3
628 720 1
629 772 2
629 658 1
629 685 1
629 846 1
629 987 1
629 630 6
629 631 1
629 891 8
630 685 2
630 656 3
630 978 2
633 923 1
637 699 1
638 700 1
638 790 1
638 879 2
641 987 3
644 1001 2
644 738 1
644 924 2
644 850 1
646 823 3
646 722 1
646 854 1
646 927 3
648 765 4
650 1001 2
650 828 1
654 738 1
662 996 1
663 950 1
665 746 1
672 844 1
680 720 4
684 772 1
684 743 3
684 844 7
684 956 2
686 926 1
692 772 1
692 775 1
692 746 6
692 830 2
693 862 5
696 775 1
697 771 2
697 855 6
697 925 3
698 764 2
698 840 2
698 873 2
698 987 3
698 925 1
702 1001 2
704 743 1
711 843 3
716 718 1
716 883 2
718 731 2
720 772 2
720 936 5
720 987 1
722 927 2
722 823 2
723 758 1
724 883 1
729 866 2
730 868 2
730 790 12
731 772 1
737 849 2
738 783 1
738 921 1
738 923 5
742 769 1
742 771 7
742 900 2
742 772 1
742 863 2
743 746 3
745 1001 2
746 900 1
746 935 11
746 844 2
749 987 1
754 772 1
759 762 1
762 845 1
762 765 1
764 987 3
765 868 3
765 908 2
765 845 2
769 951 1
770 927 2
771 900 4
771 901 1
771 784 1
771 863 1
772 783 1
772 915 1
772 920 1
772 923 1
772 927 1
772 987 2
772 865 2
772 834 1
772 978 3
772 851 2
772 980 1
772 830 1
774 947 24
779 843 1
782 984 1
783 923 1
789 987 3
790 868 8
796 977 1
801 1001 2
808 898 1
809 987 4
815 1004 2
819 951 2
821 823 2
823 854 2
823 927 4
828 1001 5
837 1001 2
840 987 3
843 907 2
843 883 2
843 999 1
844 918 1
845 912 2
849 987 3
850 987 1
851 978 1
854 927 3
863 993 1
872 987 3
873 987 3
890 923 1
912 949 1
921 923 1
924 1001 4
925 987 3
927 987 1
933 966 2
940 987 1
948 987 1
953 957 2
955 987 3
977 1001 8
977 1004 1
978 987 1
979 1001 2
987 994 3
987 997 1
996 1001 2
