0
1
2
3
4
5
6
7
8
9
10
11
12
13
14
15
16
17
18
19
20
21
22
23
24
25
26
27
28
29
30
31
32
33
34
35
36
37
38
39
40
41
42
43
44
45
46
47
48
49
50
51
52
53
54
55
56
57
58
59
60
61
62
63
64
65
66
67
68
69
70
71
72
73
74
75
76
77
78
79
80
81
82
83
84
85
86
87
88
89
90
91
92
93
94
95
96
97
98
99
100
101
102
103
104
105
106
107
108
109
110
111
112
113
114
115
116
117
118
119
120
121
122
123
124
125
126
127
128
129
130
131
132
133
134
135
136
137
138
139
141
142
143
144
145
146
147
148
149
150
151
152
153
154
155
157
158
159
160
161
162
163
164
165
166
167
168
169
170
171
172
173
174
175
176
177
178
179
180
181
182
183
184
185
186
187
188
189
190
191
192
193
194
195
196
197
198
199
200
201
202
203
204
205
206
207
208
209
210
211
212
213
214
215
216
217
218
219
220
221
222
223
224
225
226
227
228
229
230
231
232
233
235
236
237
238
239
240
241
242
243
244
245
246
247
248
249
250
251
252
253
254
255
256
257
259
260
262
263
264
265
266
267
268
269
270
271
272
273
274
275
276
277
278
279
280
281
282
283
284
285
286
287
288
289
290
291
292
293
294
295
296
297
299
300
301
302
303
304
305
306
307
308
309
310
311
312
313
314
315
316
317
318
319
320
321
322
323
324
325
326
327
328
329
330
331
332
333
334
335
336
337
338
339
340
341
343
344
345
346
347
348
349
350
351
352
353
355
356
357
358
359
360
361
362
364
365
366
367
368
369
370
371
372
373
374
375
376
377
378
379
380
381
382
383
384
385
386
387
388
389
390
391
392
393
394
395
396
397
398
399
400
401
402
403
404
405
406
407
408
409
410
411
412
413
414
415
416
418
419
420
421
422
423
424
425
426
427
428
429
430
431
432
433
434
435
436
437
438
439
440
441
442
443
444
445
446
447
448
449
450
451
452
453
454
455
456
457
458
459
460
461
462
464
465
466
467
468
469
470
471
472
473
474
475
476
477
478
479
480
481
482
483
484
485
486
487
488
489
490
491
492
493
495
496
497
498
499
500
501
502
503
504
505
506
507
508
509
510
511
512
513
514
515
516
517
518
519
520
521
522
523
524
525
526
527
528
530
531
532
533
534
535
536
537
538
539
540
541
542
543
544
545
546
547
548
549
550
551
552
553
554
556
557
558
559
560
561
562
563
564
565
566
567
568
569
570
571
572
573
574
575
576
577
578
579
580
581
582
583
584
585
586
587
588
589
590
591
592
593
594
595
596
597
598
599
600
601
602
603
604
605
606
607
609
610
611
612
613
614
615
616
617
618
619
621
622
623
624
625
626
627
628
629
630
631
632
633
634
635
636
637
638
639
640
641
642
643
644
645
646
647
648
649
650
651
652
653
654
655
656
657
658
659
660
661
662
663
664
665
666
667
668
669
670
671
672
673
674
675
676
677
678
679
680
681
682
683
684
685
686
687
688
689
690
691
692
693
694
695
696
697
698
699
700
701
702
703
704
705
706
707
708
709
710
711
712
713
714
715
716
717
718
719
720
721
722
723
724
725
726
727
728
729
730
731
732
733
734
735
736
737
738
739
740
741
742
743
744
745
746
747
748
749
750
751
752
753
754
756
757
758
759
760
761
762
763
764
765
767
768
769
770
771
772
773
774
775
776
777
778
779
780
781
782
783
784
785
786
787
788
789
790
791
792
793
794
795
796
797
798
799
800
801
802
803
804
805
806
807
808
809
810
811
812
813
814
815
816
817
818
819
820
821
822
823
824
825
826
827
828
829
830
831
832
833
834
835
836
837
838
839
840
841
842
843
844
845
846
847
848
849
850
851
852
853
854
855
856
857
858
859
860
861
862
863
864
865
866
867
868
869
870
871
872
873
874
875
876
877
878
879
880
881
882
883
884
885
886
887
888
889
890
891
892
893
894
895
896
897
898
899
900
901
902
903
904
905
906
907
908
909
910
911
912
913
914
915
916
917
918
919
920
921
922
923
924
925
926
927
928
929
930
931
932
933
934
935
936
937
938
939
940
941
942
943
944
945
946
947
948
949
950
951
952
953
954
955
956
957
958
960
961
962
963
964
965
966
967
968
969
970
971
972
973
974
975
976
977
978
979
980
981
982
983
984
985
986
987
988
989
990
991
992
993
994
995
996
997
998
999
1000
1001
1002
1003
1004
0 569 3
0 732 2
2 790 4
2 167 2
4 585 1
5 275 4
6 569 4
6 249 2
8 731 1
14 90 1
15 731 1
24 891 6
24 629 3
27 147 1
29 808 1
30 256 1
30 356 1
30 581 1
30 166 1
30 936 1
30 648 1
30 472 1
30 602 1
30 168 1
30 765 1
30 126 1
32 840 1
32 569 2
35 978 1
35 469 1
40 450 1
40 196 1
40 272 1
40 214 1
40 569 1
40 90 1
42 323 1
45 168 1
45 66 3
45 227 3
48 558 1
53 443 1
56 987 2
58 769 1
58 338 1
61 450 1
61 840 2
61 718 9
61 854 1
61 377 1
61 991 1
62 646 1
62 927 1
65 193 1
65 742 3
65 586 1
65 338 1
65 90 1
65 542 2
65 927 1
66 168 2
66 227 6
67 963 2
73 499 1
75 772 7
75 607 1
77 168 3
77 369 1
77 912 1
77 104 1
78 569 1
86 443 2
90 742 2
90 201 2
90 107 3
90 205 2
90 464 1
90 850 1
90 695 1
90 220 1
90 381 1
92 658 1
92 915 1
95 769 1
98 707 3
98 107 2
98 429 2
98 592 2
98 401 2
98 278 1
101 246 1
101 423 1
104 765 1
105 616 1
105 418 4
105 364 1
106 1001 1
106 828 1
107 569 1
107 772 1
111 602 1
112 674 1
112 803 1
113 927 1
120 416 2
120 772 3
120 326 2
122 428 1
127 569 1
134 592 3
134 147 2
135 581 1
135 326 1
135 684 1
135 720 1
135 337 4
135 531 1
135 628 4
135 405 1
135 922 1
136 915 1
137 771 3
141 978 1
142 658 2
142 915 4
147 577 1
147 933 1
147 230 1
147 171 1
147 972 1
147 590 1
147 308 1
147 277 1
147 347 1
147 285 1
147 926 1
147 686 1
149 275 2
150 415 2
151 253 1
153 977 5
157 542 2
158 414 1
158 775 1
159 290 2
160 920 2
160 530 1
160 629 3
167 978 1
167 851 1
167 469 1
167 630 2
167 607 3
168 356 3
168 912 7
168 790 2
168 260 1
168 762 1
171 951 2
175 670 1
175 423 1
180 215 3
184 779 1
184 686 1
185 586 1
188 978 1
188 851 1
188 469 1
193 633 2
193 443 1
193 500 2
193 230 1
200 344 1
200 915 1
205 528 4
207 978 1
207 469 1
214 578 1
214 707 1
214 290 2
214 306 1
214 763 1
214 220 1
214 765 2
228 569 3
229 319 1
230 633 1
231 910 1
233 835 3
236 537 2
241 469 1
241 630 1
246 377 1
246 724 2
246 423 2
249 569 3
250 332 1
250 662 1
250 886 1
250 927 1
253 290 1
253 566 1
256 416 1
257 881 1
264 454 1
267 586 1
267 722 1
272 450 1
272 835 1
272 900 1
280 915 1
280 629 3
292 769 2
294 984 1
294 817 1
294 586 1
294 885 1
295 569 3
301 978 1
301 547 2
303 950 1
303 663 1
306 784 1
306 659 2
306 742 3
308 673 1
318 840 1
319 1002 1
322 343 3
323 402 1
323 510 1
324 534 1
324 638 1
324 591 1
326 334 1
333 569 3
334 534 1
337 649 2
337 505 1
337 509 5
337 870 1
338 951 1
339 569 1
343 663 2
344 952 1
347 966 1
356 743 5
356 586 4
356 912 4
356 502 1
356 472 2
356 569 2
356 602 2
360 629 4
369 927 1
369 951 1
372 595 1
372 415 2
377 866 1
377 630 2
377 423 1
377 457 2
377 605 1
383 526 1
393 883 1
395 514 1
396 761 1
397 671 1
397 975 1
401 429 1
409 569 3
415 569 1
416 586 1
416 868 2
416 454 2
418 977 1
421 978 1
421 469 1
423 866 2
423 977 4
424 978 1
424 469 1
428 915 2
428 630 2
429 454 1
435 586 1
435 782 1
440 737 1
443 703 1
444 722 1
444 927 1
444 535 1
447 586 1
450 802 1
450 900 1
450 742 1
450 662 1
450 695 1
454 772 1
462 833 2
464 980 1
469 547 1
469 851 1
469 817 1
469 978 1
469 954 1
469 795 1
470 569 3
472 743 2
482 569 3
485 542 1
485 927 1
493 629 3
495 568 1
495 862 1
499 684 1
500 586 1
502 776 1
502 569 6
502 538 1
502 599 2
509 788 1
510 534 1
513 927 1
526 629 3
530 891 3
530 629 4
531 987 2
532 670 1
534 591 1
534 663 3
535 927 1
538 569 3
538 693 1
540 840 1
541 657 2
541 738 2
542 927 1
547 978 1
551 927 1
552 978 1
561 629 3
561 846 2
569 693 3
569 710 3
569 976 3
569 978 1
569 599 3
569 605 3
569 862 3
569 991 4
569 629 1
569 767 1
573 617 1
581 855 3
581 951 1
585 909 1
586 782 1
586 984 2
587 720 1
587 629 3
591 593 1
591 718 3
592 863 2
592 927 3
593 724 1
593 718 1
593 687 1
595 951 1
602 912 1
605 840 1
605 700 1
605 693 2
609 707 1
609 772 2
614 978 1
617 714 1
629 658 3
629 685 3
629 846 3
629 630 3
629 631 3
629 890 1
629 891 3
633 707 1
634 788 3
643 1004 2
644 738 1
646 927 1
647 658 2
650 686 1
656 988 1
658 915 1
680 720 2
680 707 1
681 718 1
684 844 1
685 1001 1
685 724 1
692 855 1
693 808 1
700 790 1
704 743 1
707 713 1
707 1003 1
707 951 1
716 724 1
716 1004 1
718 980 1
720 833 1
722 927 1
740 788 1
742 993 6
742 771 2
742 863 4
743 912 1
758 956 1
758 918 1
765 868 2
769 772 1
770 927 1
772 927 2
789 987 1
790 956 1
795 978 1
817 978 1
823 927 1
838 952 1
838 857 2
844 956 1
851 978 1
854 927 1
921 977 2
954 978 1
957 978 1
977 1001 1
978 988 1
