0
1
2
3
4
5
6
7
8
9
10
11
12
13
14
15
16
17
18
19
20
21
22
23
24
25
26
27
28
29
30
31
32
33
34
35
36
37
38
39
40
41
42
43
44
45
46
47
48
49
50
51
52
53
54
55
56
57
58
59
60
61
62
63
64
65
66
67
68
69
70
71
72
73
74
75
76
77
78
79
80
81
82
83
84
85
86
87
88
89
90
91
92
93
94
95
96
97
98
99
100
101
102
103
104
105
106
107
108
109
110
111
112
113
114
115
116
117
118
119
120
121
122
123
124
125
126
127
128
129
130
131
132
133
134
135
136
137
138
139
141
142
143
144
145
146
147
148
149
150
151
152
153
154
155
157
158
159
160
161
162
163
164
165
166
167
168
169
170
171
172
173
174
175
176
177
178
179
180
181
182
183
184
185
186
187
188
189
190
191
192
193
194
195
196
197
198
199
200
201
202
203
204
205
206
207
208
209
210
211
212
213
214
215
216
217
218
219
220
221
222
223
224
225
226
227
228
229
230
231
232
233
235
236
237
238
239
240
241
242
243
244
245
246
247
248
249
250
251
252
253
254
255
256
257
259
260
262
263
264
265
266
267
268
269
270
271
272
273
274
275
276
277
278
279
280
281
282
283
284
285
286
287
288
289
290
291
292
293
294
295
296
297
299
300
301
302
303
304
305
306
307
308
309
310
311
312
313
314
315
316
317
318
319
320
321
322
323
324
325
326
327
328
329
330
331
332
333
334
335
336
337
338
339
340
341
343
344
345
346
347
348
349
350
351
352
353
355
356
357
358
359
360
361
362
364
365
366
367
368
369
370
371
372
373
374
375
376
377
378
379
380
381
382
383
384
385
386
387
388
389
390
391
392
393
394
395
396
397
398
399
400
401
402
403
404
405
406
407
408
409
410
411
412
413
414
415
416
418
419
420
421
422
423
424
425
426
427
428
429
430
431
432
433
434
435
436
437
438
439
440
441
442
443
444
445
446
447
448
449
450
451
452
453
454
455
456
457
458
459
460
461
462
464
465
466
467
468
469
470
471
472
473
474
475
476
477
478
479
480
481
482
483
484
485
486
487
488
489
490
491
492
493
495
496
497
498
499
500
501
502
503
504
505
506
507
508
509
510
511
512
513
514
515
516
517
518
519
520
521
522
523
524
525
526
527
528
530
531
532
533
534
535
536
537
538
539
540
541
542
543
544
545
546
547
548
549
550
551
552
553
554
556
557
558
559
560
561
562
563
564
565
566
567
568
569
570
571
572
573
574
575
576
577
578
579
580
581
582
583
584
585
586
587
588
589
590
591
592
593
594
595
596
597
598
599
600
601
602
603
604
605
606
607
609
610
611
612
613
614
615
616
617
618
619
621
622
623
624
625
626
627
628
629
630
631
632
633
634
635
636
637
638
639
640
641
642
643
644
645
646
647
648
649
650
651
652
653
654
655
656
657
658
659
660
661
662
663
664
665
666
667
668
669
670
671
672
673
674
675
676
677
678
679
680
681
682
683
684
685
686
687
688
689
690
691
692
693
694
695
696
697
698
699
700
701
702
703
704
705
706
707
708
709
710
711
712
713
714
715
716
717
718
719
720
721
722
723
724
725
726
727
728
729
730
731
732
733
734
735
736
737
738
739
740
741
742
743
744
745
746
747
748
749
750
751
752
753
754
756
757
758
759
760
761
762
763
764
765
767
768
769
770
771
772
773
774
775
776
777
778
779
780
781
782
783
784
785
786
787
788
789
790
791
792
793
794
795
796
797
798
799
800
801
802
803
804
805
806
807
808
809
810
811
812
813
814
815
816
817
818
819
820
821
822
823
824
825
826
827
828
829
830
831
832
833
834
835
836
837
838
839
840
841
842
843
844
845
846
847
848
849
850
851
852
853
854
855
856
857
858
859
860
861
862
863
864
865
866
867
868
869
870
871
872
873
874
875
876
877
878
879
880
881
882
883
884
885
886
887
888
889
890
891
892
893
894
895
896
897
898
899
900
901
902
903
904
905
906
907
908
909
910
911
912
913
914
915
916
917
918
919
920
921
922
923
924
925
926
927
928
929
930
931
932
933
934
935
936
937
938
939
940
941
942
943
944
945
946
947
948
949
950
951
952
953
954
955
956
957
958
960
961
962
963
964
965
966
967
968
969
970
971
972
973
974
975
976
977
978
979
980
981
982
983
984
985
986
987
988
989
990
991
992
993
994
995
996
997
998
999
1000
1001
1002
1003
1004
0 6 2
0 228 1
0 502 1
0 710 1
0 295 1
0 599 1
0 333 2
0 78 1
0 976 1
0 178 1
0 693 1
0 470 1
0 409 1
0 249 1
0 538 1
0 767 1
0 605 1
0 862 1
0 991 1
1 310 2
2 866 1
2 231 4
2 465 2
2 693 1
2 700 1
2 61 2
4 371 1
5 383 2
5 553 1
5 107 2
5 175 3
6 178 1
6 333 1
6 189 1
11 193 1
13 532 1
13 516 1
14 644 4
14 199 1
14 1001 3
14 173 4
14 850 2
14 724 1
14 506 6
14 924 3
14 702 3
15 422 1
16 754 2
16 718 5
16 423 2
17 316 2
17 92 1
19 333 1
24 160 1
24 391 1
24 360 1
24 658 1
24 493 4
24 846 1
24 685 1
24 561 1
24 530 2
24 629 11
24 630 1
24 280 3
24 891 7
24 31 1
25 48 1
25 684 2
25 214 1
27 147 1
28 987 3
29 670 1
30 104 4
30 313 4
30 912 1
30 765 1
30 517 1
31 165 9
31 428 1
31 915 1
31 190 1
31 90 1
31 316 4
31 990 4
32 293 1
32 433 3
32 718 4
32 337 3
32 724 2
32 280 1
32 731 1
32 572 2
32 61 3
32 862 2
32 197 1
35 280 1
35 658 1
35 469 1
38 832 1
38 522 2
40 450 16
40 712 2
40 187 1
40 572 3
40 61 2
40 159 2
41 723 2
42 214 1
46 310 2
48 458 1
48 684 1
48 558 1
48 216 1
48 956 4
48 319 1
52 168 5
52 232 2
53 193 3
53 612 1
53 120 1
53 633 1
53 923 3
53 61 1
56 120 1
56 482 1
56 987 2
56 159 1
58 586 1
58 891 1
61 193 1
61 356 7
61 502 2
61 135 1
61 428 3
61 450 7
61 718 8
61 915 1
61 724 2
61 534 1
61 377 1
61 472 1
61 388 1
61 851 2
61 991 4
61 189 2
61 517 4
62 356 2
62 646 2
62 168 1
62 912 1
62 472 3
62 765 1
65 771 1
67 963 13
67 165 6
67 846 5
67 207 5
67 561 6
67 344 6
68 987 2
71 318 1
74 356 3
74 573 1
75 833 1
75 740 1
75 646 1
75 841 2
75 499 2
75 850 1
75 915 1
75 629 1
75 772 4
75 633 1
75 91 1
75 220 5
75 190 1
75 607 3
77 260 4
77 168 14
77 266 9
77 912 6
77 949 1
77 575 2
78 178 2
78 710 1
82 771 1
82 870 1
83 771 1
83 703 2
86 443 9
86 662 2
86 703 1
90 978 1
90 178 1
90 940 1
90 746 1
90 810 1
90 428 3
90 173 3
90 783 2
90 464 1
90 850 2
90 236 3
90 693 1
90 184 1
90 851 1
90 316 1
90 413 2
91 850 2
91 629 1
92 658 1
92 316 2
95 329 1
95 987 2
98 707 3
98 454 1
98 134 3
98 713 2
98 107 4
98 268 3
98 429 1
98 592 3
98 401 2
98 291 1
98 117 3
101 246 1
101 423 1
103 514 1
103 164 1
103 310 2
103 423 1
103 780 1
103 303 1
103 950 1
104 912 1
104 765 2
107 553 1
107 159 1
107 670 1
107 383 2
111 586 2
112 700 1
112 517 4
113 927 2
114 189 1
117 268 1
118 532 1
118 502 1
118 862 1
120 993 1
120 772 6
120 997 1
120 198 1
120 775 1
120 812 1
120 586 2
120 528 1
120 334 2
120 783 2
120 752 1
120 243 1
120 500 1
120 854 1
120 952 2
120 915 2
120 927 1
122 857 1
125 324 1
125 622 3
126 232 3
126 889 1
126 356 3
126 765 1
127 293 1
127 325 2
127 934 1
127 159 1
133 908 1
133 765 2
134 592 3
134 347 1
134 147 1
134 923 1
135 720 2
135 450 6
135 581 14
135 936 1
135 942 3
135 272 1
135 628 4
135 718 5
135 920 1
135 692 2
135 443 2
135 607 2
136 857 1
136 915 2
136 428 2
136 629 1
136 316 2
138 264 1
139 622 1
141 978 1
141 851 4
141 188 1
141 614 1
142 280 1
142 857 1
142 915 3
142 316 2
147 416 1
147 577 1
147 355 1
147 933 1
147 171 1
147 972 1
147 686 1
147 590 1
147 285 1
147 277 1
147 347 7
147 230 1
147 157 1
147 926 1
147 607 6
149 372 2
151 253 1
152 362 1
152 443 3
157 517 1
157 230 1
157 607 1
158 506 2
159 450 1
159 715 1
159 617 1
159 940 3
159 802 2
159 719 2
159 712 2
159 787 3
159 214 4
159 738 1
159 731 1
160 360 1
160 586 1
160 658 1
160 526 1
160 530 1
160 629 4
160 280 1
160 891 1
161 586 1
164 322 1
164 879 1
165 586 1
165 401 11
165 344 4
165 857 1
165 316 9
165 990 1
166 416 1
166 517 1
166 383 2
167 547 1
167 851 4
167 988 1
167 469 1
168 416 2
168 260 15
168 305 5
168 232 6
168 266 5
168 782 2
168 912 17
168 984 3
168 949 13
168 439 3
168 472 5
168 356 1
168 575 4
170 697 2
170 231 3
173 924 1
173 506 1
174 534 2
174 510 1
175 849 4
175 275 3
175 246 3
175 423 1
178 409 1
178 538 1
178 646 1
178 295 1
178 990 1
178 693 4
178 710 1
178 969 1
178 333 4
178 976 1
178 470 1
178 599 1
178 605 1
178 862 1
178 991 1
178 228 1
178 502 8
178 249 1
178 767 1
180 958 1
185 987 1
187 712 1
187 802 1
187 450 2
188 421 2
188 978 1
188 851 3
188 469 2
188 280 1
188 988 1
189 1004 2
189 716 1
189 470 1
189 904 1
189 236 2
189 652 1
189 365 1
189 718 5
189 595 1
189 214 2
189 201 1
189 249 1
189 410 3
189 607 2
190 353 1
190 607 1
191 415 1
191 692 3
191 499 1
191 927 1
193 633 3
193 923 7
196 607 1
197 987 1
199 996 1
199 644 1
199 506 21
199 924 1
199 541 1
200 952 2
200 316 2
200 915 3
200 428 2
201 980 1
207 795 1
207 424 1
207 469 1
207 558 2
209 356 2
209 765 1
214 290 6
214 742 13
214 428 2
214 687 3
214 306 1
214 531 1
214 278 3
214 923 3
216 558 2
223 343 1
223 534 1
223 879 1
225 718 1
226 440 1
228 605 9
229 607 1
231 646 2
231 264 1
231 969 1
231 994 1
231 624 1
231 245 3
231 873 3
231 738 1
231 698 1
231 987 3
231 540 3
231 329 1
232 648 2
232 782 1
232 912 3
232 472 4
232 313 4
232 607 4
232 575 5
233 239 1
235 896 2
236 532 3
236 1004 2
236 383 1
239 596 1
241 280 1
241 469 1
245 264 3
245 841 1
245 951 2
245 624 2
245 692 1
245 329 1
245 698 1
245 987 2
245 540 2
246 377 1
246 724 1
246 423 2
250 927 2
250 332 1
250 607 5
251 987 2
253 290 1
253 566 1
254 802 1
256 416 2
256 313 1
256 356 1
256 294 1
260 912 3
260 266 1
260 949 9
264 329 1
264 586 1
264 540 6
266 912 6
266 949 8
267 416 1
267 838 1
267 586 10
267 847 1
267 656 9
267 530 2
267 854 1
267 700 1
267 990 2
268 291 1
268 454 1
268 592 1
268 633 1
272 450 1
272 703 2
275 849 1
278 586 1
278 923 2
278 290 2
280 647 1
280 656 1
280 920 2
280 530 4
280 915 2
280 421 1
280 422 1
280 685 1
280 561 2
280 658 1
280 846 2
280 978 3
280 547 1
280 526 2
280 990 1
280 293 1
280 360 2
280 493 1
280 851 2
280 629 4
280 630 1
280 631 2
280 891 2
281 497 2
281 718 4
284 731 2
290 566 1
291 401 2
293 724 1
293 718 2
294 416 3
294 586 5
299 607 15
301 469 1
302 316 2
302 428 1
305 790 4
306 771 5
306 742 7
306 784 1
306 659 5
306 790 2
307 586 1
310 586 1
310 368 2
310 334 3
311 955 2
311 987 2
313 416 1
313 765 1
313 447 1
316 952 2
316 647 2
316 971 3
316 428 5
316 915 9
316 629 1
316 953 1
316 543 2
316 344 3
316 857 2
316 990 2
316 415 5
318 472 1
318 356 3
318 595 1
318 332 1
319 736 3
321 956 1
321 565 1
322 368 2
322 343 5
322 420 2
322 879 2
323 622 2
327 381 3
329 624 1
329 607 1
329 540 2
332 500 4
333 783 1
333 502 1
333 506 3
333 700 2
334 994 1
334 692 1
334 987 1
334 671 2
334 607 4
335 664 1
338 609 1
338 987 2
338 540 1
341 915 2
343 718 2
343 534 1
344 952 1
347 966 1
347 933 2
353 891 7
356 416 1
356 607 1
356 517 3
356 743 1
356 648 3
356 586 3
356 718 4
356 765 1
356 912 4
356 472 12
356 602 2
356 574 2
356 383 2
360 891 1
360 629 3
361 987 2
362 528 1
362 954 1
362 661 1
364 506 1
364 987 4
364 582 1
364 414 1
368 879 1
369 927 1
369 535 1
372 404 1
372 595 2
372 572 2
372 934 1
377 866 8
377 457 1
377 718 6
377 729 1
378 514 2
379 568 1
383 865 1
383 720 2
383 980 1
383 532 2
383 922 2
383 477 2
383 703 1
388 718 2
388 832 1
388 534 1
391 891 1
391 629 2
392 674 1
401 454 2
401 429 2
401 415 8
404 718 1
407 718 1
410 658 1
413 935 1
415 416 1
415 771 1
415 617 2
415 587 1
415 607 2
416 586 3
416 557 1
416 912 4
416 500 1
416 949 5
416 602 3
416 927 2
418 996 11
421 424 1
421 851 2
421 469 1
422 680 1
422 731 2
424 469 1
424 795 1
427 955 2
428 450 4
428 838 1
428 700 1
428 915 13
428 857 1
432 987 2
433 633 2
433 987 4
433 789 3
433 951 1
435 586 2
435 500 4
435 782 1
439 912 2
439 949 4
440 537 1
440 506 2
443 742 3
443 936 2
443 662 4
443 581 2
444 535 1
444 927 2
445 891 1
447 586 2
449 586 1
450 802 2
450 900 1
450 718 2
450 765 4
450 712 6
450 851 2
450 662 3
453 595 1
454 592 1
454 772 2
458 956 2
462 762 1
464 718 2
465 812 1
469 547 1
469 817 1
469 978 1
469 851 7
469 630 3
469 954 1
469 795 1
469 957 1
471 987 1
472 770 1
472 517 1
472 782 7
472 912 5
472 765 1
472 575 2
479 586 1
481 565 2
482 531 1
482 987 2
482 606 2
485 927 2
485 854 2
485 823 1
491 532 1
493 891 1
493 629 3
493 630 2
493 795 3
497 977 1
499 684 4
500 586 6
500 782 2
502 718 3
502 851 1
502 532 1
502 569 1
502 538 2
502 607 3
506 996 20
506 745 1
506 682 3
506 775 2
506 688 1
506 850 1
506 702 1
506 1001 1
506 644 4
506 924 5
506 541 8
510 622 2
510 534 1
511 987 2
512 851 5
513 927 2
514 603 1
514 780 1
516 700 1
516 743 1
516 532 7
516 828 1
517 912 1
517 674 1
517 803 1
517 743 1
517 586 2
517 718 5
517 765 1
517 565 1
517 854 1
517 868 1
517 602 1
517 542 1
526 530 1
526 891 1
526 629 3
528 742 2
528 607 1
530 846 1
530 658 1
530 629 4
530 630 4
530 891 5
531 987 11
531 731 2
534 591 1
534 718 2
534 607 4
535 722 1
535 542 2
535 927 3
537 674 3
540 641 2
540 994 2
540 987 2
540 840 1
540 692 2
540 698 1
540 955 10
540 764 1
541 738 1
541 996 2
541 979 1
541 924 1
542 823 2
542 927 1
542 718 2
543 952 1
546 873 1
546 550 1
551 927 1
553 808 4
557 912 2
557 949 1
559 622 1
561 891 1
561 629 3
565 844 1
565 956 1
568 802 1
568 947 1
572 693 2
573 586 3
575 782 4
575 912 1
575 949 1
582 987 2
584 731 1
586 782 1
586 947 1
586 948 1
586 837 1
586 731 1
586 868 1
586 762 2
587 720 7
590 933 1
591 746 1
591 718 2
591 915 1
591 692 1
591 607 1
592 801 1
592 713 1
592 927 4
595 934 2
595 718 3
595 687 1
602 765 1
605 693 1
607 646 2
607 802 2
607 969 1
607 696 4
607 927 1
607 700 4
607 702 3
607 843 3
607 720 1
607 762 2
607 915 2
607 629 3
607 890 1
609 772 2
612 740 1
612 879 1
617 833 1
617 923 2
622 676 3
624 873 1
628 720 1
629 658 3
629 685 3
629 846 2
629 630 3
629 631 3
629 891 10
630 779 1
630 951 1
630 891 4
631 891 1
638 706 1
641 987 2
644 996 12
644 924 3
644 702 3
646 927 1
647 915 3
654 991 1
656 988 2
658 891 1
659 771 2
660 771 1
669 739 1
670 980 1
672 844 2
679 956 3
680 720 1
680 731 1
682 924 1
684 935 1
685 891 1
687 742 1
687 718 1
687 692 1
687 923 1
687 915 1
692 746 1
692 718 6
693 700 2
695 802 1
695 907 2
697 771 3
697 855 2
698 840 1
698 873 1
698 764 1
699 912 1
700 812 1
700 790 1
702 828 2
702 745 1
702 924 1
703 771 1
704 743 1
707 880 7
711 718 2
712 802 1
716 718 2
718 904 2
718 915 4
718 843 1
718 851 3
718 980 2
718 866 4
718 742 2
718 754 4
718 724 5
720 936 1
720 855 1
720 731 1
722 927 2
724 796 2
738 783 1
738 921 1
738 923 1
740 788 1
740 879 2
742 784 1
742 835 1
742 900 1
742 993 1
742 771 1
742 765 3
745 767 4
746 923 2
746 935 3
748 926 1
758 844 1
758 956 2
758 918 4
764 987 2
765 936 2
765 908 4
769 771 1
770 927 1
771 901 1
771 784 1
772 833 1
773 955 2
774 947 15
789 987 4
790 812 5
809 987 5
823 927 1
840 987 2
844 956 1
846 891 1
849 987 3
854 927 2
857 915 3
866 951 1
872 987 2
873 987 2
908 936 1
912 949 5
924 1001 1
924 996 1
925 955 2
933 966 2
935 966 1
955 987 4
978 988 1
987 994 2
