0
1
2
3
4
5
6
7
8
9
10
11
12
13
14
15
16
17
18
19
20
21
22
23
24
25
26
27
28
29
30
31
32
33
34
35
36
37
38
39
40
41
42
43
44
45
46
47
48
49
50
51
52
53
54
55
56
57
58
59
60
61
62
63
64
65
66
67
68
69
70
71
72
73
74
75
76
77
78
79
80
81
82
83
84
85
86
87
88
89
90
91
92
93
94
95
96
97
98
99
100
101
102
103
104
105
106
107
108
109
110
111
112
113
114
115
116
117
118
119
120
121
122
123
124
125
126
127
128
129
130
131
132
133
134
135
136
137
138
139
141
142
143
144
145
146
147
148
149
150
151
152
153
154
155
157
158
159
160
161
162
163
164
165
166
167
168
169
170
171
172
173
174
175
176
177
178
179
180
181
182
183
184
185
186
187
188
189
190
191
192
193
194
195
196
197
198
199
200
201
202
203
204
205
206
207
208
209
210
211
212
213
214
215
216
217
218
219
220
221
222
223
224
225
226
227
228
229
230
231
232
233
235
236
237
238
239
240
241
242
243
244
245
246
247
248
249
250
251
252
253
254
255
256
257
259
260
262
263
264
265
266
267
268
269
270
271
272
273
274
275
276
277
278
279
280
281
282
283
284
285
286
287
288
289
290
291
292
293
294
295
296
297
299
300
301
302
303
304
305
306
307
308
309
310
311
312
313
314
315
316
317
318
319
320
321
322
323
324
325
326
327
328
329
330
331
332
333
334
335
336
337
338
339
340
341
343
344
345
346
347
348
349
350
351
352
353
355
356
357
358
359
360
361
362
364
365
366
367
368
369
370
371
372
373
374
375
376
377
378
379
380
381
382
383
384
385
386
387
388
389
390
391
392
393
394
395
396
397
398
399
400
401
402
403
404
405
406
407
408
409
410
411
412
413
414
415
416
418
419
420
421
422
423
424
425
426
427
428
429
430
431
432
433
434
435
436
437
438
439
440
441
442
443
444
445
446
447
448
449
450
451
452
453
454
455
456
457
458
459
460
461
462
464
465
466
467
468
469
470
471
472
473
474
475
476
477
478
479
480
481
482
483
484
485
486
487
488
489
490
491
492
493
495
496
497
498
499
500
501
502
503
504
505
506
507
508
509
510
511
512
513
514
515
516
517
518
519
520
521
522
523
524
525
526
527
528
530
531
532
533
534
535
536
537
538
539
540
541
542
543
544
545
546
547
548
549
550
551
552
553
554
556
557
558
559
560
561
562
563
564
565
566
567
568
569
570
571
572
573
574
575
576
577
578
579
580
581
582
583
584
585
586
587
588
589
590
591
592
593
594
595
596
597
598
599
600
601
602
603
604
605
606
607
609
610
611
612
613
614
615
616
617
618
619
621
622
623
624
625
626
627
628
629
630
631
632
633
634
635
636
637
638
639
640
641
642
643
644
645
646
647
648
649
650
651
652
653
654
655
656
657
658
659
660
661
662
663
664
665
666
667
668
669
670
671
672
673
674
675
676
677
678
679
680
681
682
683
684
685
686
687
688
689
690
691
692
693
694
695
696
697
698
699
700
701
702
703
704
705
706
707
708
709
710
711
712
713
714
715
716
717
718
719
720
721
722
723
724
725
726
727
728
729
730
731
732
733
734
735
736
737
738
739
740
741
742
743
744
745
746
747
748
749
750
751
752
753
754
756
757
758
759
760
761
762
763
764
765
767
768
769
770
771
772
773
774
775
776
777
778
779
780
781
782
783
784
785
786
787
788
789
790
791
792
793
794
795
796
797
798
799
800
801
802
803
804
805
806
807
808
809
810
811
812
813
814
815
816
817
818
819
820
821
822
823
824
825
826
827
828
829
830
831
832
833
834
835
836
837
838
839
840
841
842
843
844
845
846
847
848
849
850
851
852
853
854
855
856
857
858
859
860
861
862
863
864
865
866
867
868
869
870
871
872
873
874
875
876
877
878
879
880
881
882
883
884
885
886
887
888
889
890
891
892
893
894
895
896
897
898
899
900
901
902
903
904
905
906
907
908
909
910
911
912
913
914
915
916
917
918
919
920
921
922
923
924
925
926
927
928
929
930
931
932
933
934
935
936
937
938
939
940
941
942
943
944
945
946
947
948
949
950
951
952
953
954
955
956
957
958
960
961
962
963
964
965
966
967
968
969
970
971
972
973
974
975
976
977
978
979
980
981
982
983
984
985
986
987
988
989
990
991
992
993
994
995
996
997
998
999
1000
1001
1002
1003
1004
0 6 1
0 519 1
0 409 1
0 538 1
0 929 1
0 178 2
0 693 1
0 184 1
0 314 1
0 710 1
0 333 1
0 78 1
0 976 1
0 470 1
0 599 1
0 605 1
0 862 1
0 991 1
0 99 1
0 228 1
0 236 4
0 502 1
0 249 1
0 767 1
2 322 1
2 163 2
2 840 1
2 425 1
2 948 1
2 790 2
2 700 2
4 304 2
4 441 1
4 371 1
4 633 2
5 506 2
5 107 1
5 175 1
5 335 1
6 506 3
6 178 1
8 544 1
8 214 1
13 738 2
13 850 1
13 443 2
13 516 1
13 90 2
14 611 2
14 644 7
14 850 1
14 516 1
14 506 1
14 924 4
14 702 1
15 680 2
15 731 3
15 422 1
16 184 1
16 696 1
17 428 1
17 915 4
17 316 3
17 857 1
24 280 1
24 891 5
24 90 2
24 35 2
24 629 1
28 738 1
28 987 1
28 789 1
28 231 1
29 987 1
29 107 1
29 335 1
29 720 1
29 569 1
29 506 4
29 731 1
29 127 1
30 120 1
30 356 1
30 765 3
30 790 5
31 165 8
31 428 4
31 915 1
31 857 1
31 316 3
31 990 5
31 351 1
32 197 1
32 184 1
32 915 1
32 214 1
32 280 1
32 921 1
32 862 1
33 692 1
33 891 1
33 364 1
33 764 1
35 547 1
35 585 1
35 207 1
35 978 4
35 469 1
35 858 1
38 184 2
38 586 1
38 90 1
38 70 4
38 410 1
40 90 1
40 187 1
40 900 1
41 1000 2
41 73 2
41 48 1
41 723 3
41 565 2
41 503 1
42 90 2
42 323 1
42 534 1
45 66 1
45 260 1
46 832 1
48 1000 4
48 684 1
48 558 1
48 565 1
48 344 3
48 956 1
48 319 1
50 559 2
53 193 1
53 518 1
53 609 1
53 107 1
53 245 1
53 120 2
53 633 1
53 890 1
53 923 1
55 169 1
55 595 2
56 789 1
58 586 2
58 338 1
58 909 3
61 388 1
61 517 2
61 742 1
61 135 2
61 586 1
61 718 4
61 851 1
61 502 2
61 915 3
61 991 9
62 800 5
62 163 2
62 518 1
62 646 14
62 551 1
62 113 3
65 416 1
65 865 1
65 963 1
65 196 2
65 997 1
65 609 2
65 75 4
65 720 2
65 948 4
65 987 1
65 220 1
65 415 3
66 260 2
66 782 2
67 344 3
67 963 8
67 165 4
67 846 2
67 207 2
68 540 1
68 789 1
70 609 2
70 939 1
70 334 1
70 752 1
70 534 1
70 90 1
70 415 1
71 595 2
73 1000 2
74 166 5
74 294 6
74 974 1
74 435 2
74 214 1
74 984 1
75 772 3
75 742 1
75 220 1
75 334 1
75 629 1
75 633 2
75 316 2
77 168 4
77 912 2
77 266 1
77 586 1
77 439 1
78 178 1
78 502 1
78 862 2
82 184 1
83 400 2
83 784 3
86 152 2
86 443 3
88 906 3
88 399 1
88 663 2
90 516 2
90 306 1
90 178 4
90 948 1
90 450 1
90 334 3
90 976 1
90 978 2
90 851 3
90 862 3
90 609 1
90 613 2
90 107 1
90 850 2
90 502 4
90 381 1
90 946 3
91 609 1
91 819 1
91 415 5
91 499 2
92 165 2
92 428 1
92 915 1
92 316 3
92 990 1
92 351 1
95 483 1
95 789 1
96 420 1
98 707 2
98 454 3
98 134 2
98 713 1
98 107 1
98 268 1
98 429 6
98 401 5
98 117 1
98 278 1
99 178 1
101 377 1
101 724 1
101 718 2
101 246 3
101 423 3
104 425 29
104 908 1
104 765 2
104 790 1
104 721 1
105 418 14
105 374 2
106 634 2
106 788 1
106 906 1
107 201 1
107 810 1
107 290 1
109 913 2
113 646 4
113 518 1
113 535 1
114 275 3
114 189 3
118 502 4
118 335 1
119 790 5
120 609 2
120 707 2
120 772 5
120 198 3
120 454 2
120 425 2
120 752 3
120 435 1
120 948 6
120 190 2
120 196 4
122 428 1
125 676 1
125 510 1
126 868 2
126 232 4
126 586 5
126 332 4
126 782 1
126 721 3
126 948 1
126 790 1
126 700 1
127 595 2
129 926 1
132 832 1
132 634 1
133 602 3
134 137 1
134 850 4
134 609 1
135 450 3
135 334 1
135 936 2
135 617 2
135 942 11
135 371 4
135 628 1
135 718 1
135 915 4
135 581 4
136 200 6
136 428 2
136 915 6
136 316 3
136 990 1
136 351 1
137 936 3
138 245 2
138 383 1
139 832 1
139 510 3
141 978 4
141 547 1
142 200 2
142 267 3
142 428 5
142 239 2
142 915 13
142 280 1
142 857 1
142 207 1
142 316 6
142 990 1
142 351 1
143 739 1
143 580 1
143 669 2
147 416 8
147 577 2
147 931 1
147 933 1
147 715 1
147 454 1
147 972 1
147 171 2
147 748 1
147 590 1
147 355 1
147 277 1
147 347 1
147 285 1
147 926 2
147 686 1
149 372 1
149 293 1
150 471 1
150 415 2
151 253 3
151 278 1
152 443 1
153 633 1
153 418 2
153 996 2
157 347 1
157 740 2
157 517 1
157 362 3
157 184 1
157 530 1
157 248 5
157 891 7
159 841 1
159 609 1
159 214 3
159 343 1
160 586 1
160 658 1
160 526 1
160 629 1
161 586 1
163 800 1
163 518 1
164 420 1
165 838 3
165 200 1
165 586 1
165 428 1
165 207 4
165 401 7
165 915 4
165 547 1
165 344 5
165 857 1
165 351 1
165 316 6
165 990 1
166 517 2
166 294 1
166 743 3
167 547 1
167 978 4
167 469 1
167 630 7
167 920 1
167 954 3
167 988 2
167 383 1
168 260 12
168 966 2
168 744 1
168 425 5
168 266 4
168 334 2
168 912 36
168 232 2
168 946 1
168 435 4
168 948 5
168 949 8
168 439 7
168 472 6
168 313 1
168 602 1
169 595 6
169 404 1
170 697 2
170 231 4
170 855 1
171 926 1
171 367 2
173 506 1
173 516 1
175 423 3
175 335 1
175 849 4
175 275 1
175 246 1
178 409 1
178 538 1
178 669 1
178 929 1
178 295 1
178 990 4
178 693 7
178 569 1
178 314 1
178 710 1
178 333 1
178 976 1
178 339 1
178 470 1
178 599 1
178 605 19
178 862 5
178 991 1
178 228 1
178 502 10
178 249 1
178 767 1
180 958 1
181 353 1
181 190 1
184 388 1
184 393 1
184 522 1
184 907 1
184 279 1
184 538 1
184 410 1
184 423 1
184 936 2
184 426 1
184 189 1
184 832 3
184 708 1
184 710 1
184 711 1
184 969 1
184 843 1
184 333 1
184 718 1
184 977 1
184 724 1
184 407 1
184 732 2
184 862 1
184 607 2
184 225 1
184 615 1
184 999 1
184 1004 1
184 365 1
184 701 1
184 296 1
184 754 2
184 883 2
184 884 1
184 246 1
184 505 1
184 767 1
185 833 1
185 233 1
185 684 2
185 942 3
185 920 1
185 915 3
185 334 1
185 501 1
185 502 1
185 201 1
185 248 2
185 762 3
185 220 2
185 670 2
185 415 1
187 450 1
188 469 1
188 978 4
188 547 1
188 229 1
188 431 1
189 696 1
189 428 5
189 749 4
189 718 4
189 977 3
189 214 2
189 249 2
189 506 2
190 962 1
190 353 1
190 656 1
190 274 1
190 629 3
190 373 1
191 948 1
191 772 1
192 702 1
192 335 1
193 512 2
193 609 1
193 546 1
193 707 1
193 633 1
195 934 1
196 850 1
197 609 1
197 850 1
197 923 2
197 586 1
199 516 1
199 850 1
199 644 1
199 541 1
199 702 1
200 971 3
200 428 4
200 302 1
200 915 9
200 952 3
200 857 3
200 543 1
200 316 5
200 351 1
201 843 1
201 335 1
203 784 2
203 390 5
207 547 1
207 293 3
207 552 1
207 558 1
207 469 4
207 424 3
207 978 4
207 302 1
207 373 3
207 630 1
207 954 2
207 795 4
207 990 2
208 506 1
208 335 1
214 662 2
214 518 1
214 534 1
214 535 2
214 923 3
214 425 1
214 940 2
214 435 1
214 948 2
214 316 2
214 707 1
214 841 1
214 334 3
214 736 1
214 609 3
214 233 4
214 746 1
214 367 2
214 245 1
214 502 1
216 1000 1
216 383 1
216 319 1
220 752 2
223 853 1
223 310 1
223 343 1
224 428 1
224 316 3
224 349 2
225 779 1
225 883 1
225 407 1
225 951 2
226 506 1
228 693 3
228 605 1
229 334 2
229 248 1
229 374 1
229 696 5
229 607 4
231 736 2
231 789 1
231 873 1
231 540 9
231 874 1
232 294 2
232 425 5
232 782 1
232 912 9
232 439 1
232 472 1
233 692 6
233 550 1
235 609 1
236 335 1
239 736 1
239 609 4
239 577 1
239 951 1
241 547 1
241 469 1
245 840 1
245 874 1
245 789 1
245 540 2
245 383 1
246 293 1
246 423 6
246 718 2
246 724 1
247 832 1
248 740 1
248 530 1
248 506 1
248 891 7
249 506 1
249 333 2
250 782 1
250 415 1
250 886 4
250 518 5
250 535 7
251 987 2
251 789 1
254 450 1
257 586 1
260 425 1
260 912 2
260 948 2
266 912 3
266 439 5
267 517 2
267 838 1
267 648 3
267 586 12
267 751 3
267 435 7
267 988 1
267 478 4
267 485 1
268 946 1
270 516 1
272 450 2
272 595 1
272 900 3
272 662 2
272 742 3
274 353 1
278 540 4
280 547 1
280 360 1
280 846 1
280 561 1
280 658 1
280 595 1
280 629 7
280 631 1
280 526 1
281 293 2
281 718 5
284 731 4
288 484 21
288 773 20
288 391 20
288 846 18
288 629 19
288 630 4
289 810 5
290 687 1
293 547 2
293 724 1
293 568 1
293 697 4
293 862 1
293 383 1
294 868 3
294 743 3
294 817 1
294 885 2
294 586 3
299 832 1
299 634 1
299 559 1
301 978 4
301 547 1
301 988 1
301 469 1
302 838 1
302 428 2
302 915 1
302 543 2
302 316 3
302 990 1
302 351 1
304 441 1
305 946 1
306 784 1
306 659 1
306 742 1
309 832 1
310 586 1
310 943 1
311 697 1
311 955 2
311 789 1
314 929 5
314 333 1
315 658 6
316 647 3
316 915 13
316 428 13
316 415 1
316 952 3
316 953 12
316 543 3
316 971 3
316 344 3
316 857 4
316 349 3
316 990 3
316 351 5
316 367 2
316 629 1
316 888 3
318 499 2
319 1000 1
319 1002 5
319 832 4
320 843 1
321 499 7
322 879 5
323 832 1
324 337 3
324 586 1
324 534 1
326 586 1
326 587 1
327 516 1
327 702 1
329 624 1
329 540 1
329 427 1
329 692 1
332 500 2
333 605 1
333 767 1
334 772 1
334 742 1
334 425 1
334 948 1
334 696 12
334 692 1
334 602 1
334 607 2
334 638 1
334 415 2
335 899 1
335 516 1
335 643 1
335 664 1
335 537 1
335 670 1
335 553 1
335 810 1
335 688 1
335 464 1
335 468 1
335 985 1
335 737 1
335 1004 1
335 980 2
335 381 1
336 926 2
337 505 1
337 378 2
337 510 2
337 919 1
338 540 1
338 789 4
343 534 1
343 749 2
343 879 1
343 950 1
343 663 6
344 915 1
344 373 4
344 351 1
347 454 1
347 933 2
349 976 3
349 428 3
349 990 1
351 647 1
351 971 1
351 428 3
351 952 1
351 915 3
351 953 1
351 888 1
351 857 1
351 543 1
351 990 1
353 391 4
353 750 1
353 656 1
353 920 3
353 891 4
356 517 1
360 629 1
360 526 1
361 789 1
362 528 1
362 771 1
362 383 5
365 457 2
365 732 1
365 718 3
367 868 2
367 951 2
367 923 1
369 913 9
369 518 1
369 535 1
371 585 1
372 404 3
372 572 2
372 951 4
373 391 5
374 400 7
374 752 1
374 742 1
376 731 1
377 506 1
377 718 6
377 630 2
378 514 1
379 568 4
381 506 1
381 702 1
383 589 2
383 765 2
383 887 3
383 586 7
388 742 1
388 879 1
390 784 8
390 400 3
391 484 4
392 948 1
392 630 10
393 843 2
400 832 1
400 807 1
400 813 2
400 784 2
401 415 7
401 454 6
401 429 10
404 595 15
404 419 3
407 883 1
407 843 1
407 779 1
410 832 2
410 977 1
410 696 1
414 746 2
414 891 6
414 687 1
415 833 5
415 546 1
415 772 2
415 811 4
415 429 11
415 978 3
415 718 3
415 762 2
415 540 3
416 707 1
416 648 1
416 425 3
416 948 5
416 629 4
416 790 1
418 977 2
418 761 1
418 996 25
420 559 2
420 879 1
421 547 1
421 978 5
421 795 6
421 469 1
422 680 1
422 731 1
423 832 1
423 779 1
423 977 3
424 547 2
424 978 4
424 469 1
424 795 1
424 990 2
425 648 3
425 946 2
425 912 3
425 948 5
425 765 2
427 955 3
427 540 1
428 647 1
428 915 21
428 543 3
428 952 2
428 953 1
428 838 1
428 971 1
428 857 5
428 990 2
429 454 10
432 789 1
433 738 2
433 789 1
435 586 4
435 500 1
435 762 1
437 516 1
437 702 1
439 912 2
439 885 2
439 790 1
439 949 1
440 537 1
443 662 3
444 518 3
445 891 1
450 802 1
450 900 1
450 947 2
450 660 1
450 662 1
450 695 1
450 568 1
450 572 1
450 991 2
451 469 1
454 609 1
454 772 3
454 850 2
464 980 8
466 662 1
469 547 2
469 614 1
469 817 1
469 978 7
469 954 1
469 795 1
469 957 1
472 912 7
474 939 1
479 586 1
480 482 1
480 789 1
482 531 1
482 789 1
482 990 1
484 629 1
484 750 1
484 630 1
485 513 1
485 646 1
485 518 1
487 832 2
487 510 1
490 586 1
493 838 2
499 672 1
499 833 4
499 844 1
499 684 2
499 558 1
499 956 2
499 607 2
500 800 2
500 814 2
502 517 1
502 915 3
502 923 2
502 687 1
502 693 1
502 696 3
502 710 1
502 718 3
502 591 2
502 976 1
502 854 1
502 599 1
502 742 1
502 749 6
502 629 1
503 1000 3
503 723 1
503 704 1
506 643 1
506 644 2
506 775 1
506 783 1
506 921 2
506 796 1
506 541 3
506 670 4
506 808 1
506 702 1
506 516 3
506 850 1
506 605 1
506 1004 1
506 881 1
510 676 1
510 939 1
510 622 1
512 978 4
512 547 1
513 518 1
514 832 1
514 1001 1
514 780 1
514 977 3
514 950 4
516 644 1
516 650 1
516 783 1
516 657 1
516 532 1
516 921 1
516 923 1
516 924 2
516 541 1
516 682 1
516 945 1
516 828 1
516 702 1
516 576 1
516 837 1
516 850 2
516 979 1
516 654 1
516 719 1
516 738 1
516 996 1
516 1001 1
516 881 1
516 745 1
516 761 1
517 674 3
517 742 1
517 586 2
517 765 1
517 854 2
517 565 1
517 602 2
517 542 1
518 913 3
518 646 1
518 551 1
518 535 4
518 722 1
518 854 8
518 823 1
518 799 1
518 542 3
518 895 1
522 546 1
526 629 1
527 720 1
527 870 1
527 710 9
528 589 1
530 891 7
530 629 10
531 987 2
531 789 1
534 609 1
534 939 2
534 696 3
534 862 1
535 913 2
535 951 1
540 736 3
540 994 9
540 840 4
540 873 3
540 874 1
540 624 5
540 692 1
540 789 1
540 855 1
540 697 7
540 955 6
540 764 1
540 863 1
541 996 4
541 702 1
542 646 1
543 915 1
546 550 1
546 920 2
546 633 1
546 923 1
547 795 1
547 824 1
547 954 2
547 957 1
547 978 7
547 851 2
547 862 1
547 614 1
547 552 1
550 920 1
550 743 3
552 978 4
559 634 2
559 622 1
561 629 3
565 1000 1
565 723 1
565 926 1
572 862 1
572 662 1
573 586 1
575 912 1
576 850 1
577 926 2
581 936 1
581 942 1
581 855 1
582 789 1
584 731 3
585 956 1
586 782 11
586 915 4
586 947 1
586 940 1
586 948 1
586 837 1
586 595 3
586 609 6
586 885 1
587 609 1
591 746 1
591 915 2
591 923 1
592 609 1
592 789 1
595 718 6
595 790 2
595 696 9
599 929 2
599 710 1
602 765 2
603 832 1
605 1001 1
605 789 2
605 693 1
607 696 6
609 772 6
609 923 4
609 951 1
609 833 1
609 834 1
609 707 6
609 617 1
609 1003 1
609 633 2
609 890 1
611 644 3
611 702 1
614 851 1
614 978 5
614 988 1
617 923 1
622 676 1
624 692 1
624 764 2
628 937 2
628 870 1
629 915 1
629 685 1
629 846 2
629 978 1
629 851 1
629 731 1
629 658 1
629 750 1
629 920 1
629 630 2
629 891 8
630 739 1
630 951 2
630 891 1
630 668 1
633 707 3
633 946 1
638 832 2
638 649 7
638 939 2
638 700 1
641 789 1
643 685 1
644 1001 5
644 849 2
644 924 2
644 702 2
646 823 1
647 915 1
647 990 1
648 868 1
648 721 3
648 885 1
648 765 1
649 832 1
649 663 2
650 702 1
652 843 1
654 991 4
656 920 2
659 742 2
662 915 1
663 950 1
668 720 1
668 746 5
668 813 2
668 935 2
674 948 1
680 707 5
680 790 2
684 704 1
685 1001 1
687 772 1
687 812 1
687 915 2
687 696 2
687 923 3
692 742 1
692 746 3
692 749 1
692 696 2
696 891 2
696 742 1
696 718 4
696 731 2
697 855 6
697 925 1
698 789 1
700 812 1
700 748 1
700 881 1
702 828 1
702 837 1
702 1001 1
702 921 1
702 996 1
702 745 1
702 761 1
702 924 4
704 765 2
704 743 1
706 951 2
707 880 3
707 951 2
707 923 1
710 832 1
711 718 2
715 926 5
715 951 2
716 718 4
718 866 1
718 904 3
718 779 3
718 915 1
718 724 2
718 754 3
719 850 1
719 738 1
720 833 4
720 746 4
720 935 6
720 813 1
721 948 1
721 765 2
722 913 1
723 1000 1
723 758 1
738 996 1
738 837 1
738 828 1
738 745 1
738 783 2
738 850 1
738 921 1
740 906 1
740 891 1
740 879 2
742 900 3
742 784 1
742 951 1
742 923 1
742 915 2
742 863 1
744 912 3
746 935 12
746 813 5
746 923 4
748 926 2
752 772 2
752 948 1
754 843 1
758 844 1
758 956 1
758 918 1
764 840 3
764 874 1
764 789 1
765 868 4
765 908 2
765 948 2
765 790 2
772 951 2
780 832 1
780 977 2
782 912 2
783 850 1
784 901 1
784 863 2
788 906 1
789 925 1
789 809 1
789 955 1
789 840 1
789 951 3
789 994 1
789 849 1
789 796 1
789 872 1
789 873 1
790 868 1
790 881 1
795 978 4
796 921 1
800 854 2
809 987 3
810 881 2
813 935 2
817 978 4
830 891 1
832 919 1
832 936 1
832 977 1
833 850 2
833 987 3
838 990 1
840 874 1
843 907 3
843 883 1
850 962 1
850 881 1
851 954 1
851 978 14
851 915 1
851 920 2
857 915 6
857 990 1
862 909 3
866 869 1
868 948 1
873 874 1
873 955 1
878 929 1
883 907 1
888 915 1
888 990 1
890 948 1
891 978 1
912 948 2
915 923 4
915 952 2
915 953 2
915 971 3
915 990 2
919 1000 1
925 955 2
926 951 3
936 942 1
946 948 3
950 977 2
953 990 1
954 978 5
955 987 1
957 978 4
962 987 1
962 978 1
969 977 1
977 1004 7
978 988 4
