0
1
2
3
4
5
6
7
8
9
10
11
12
13
14
15
16
17
18
19
20
21
22
23
24
25
26
27
28
29
30
31
32
33
34
35
36
37
38
39
40
41
42
43
44
45
46
47
48
49
50
51
52
53
54
55
56
57
58
59
60
61
62
63
64
65
66
67
68
69
70
71
72
73
74
75
76
77
78
79
80
81
82
83
84
85
86
87
88
89
90
91
92
93
94
95
96
97
98
99
100
101
102
103
104
105
106
107
108
109
110
111
112
113
114
115
116
117
118
119
120
121
122
123
124
125
126
127
128
129
130
131
132
133
134
135
136
137
138
139
141
142
143
144
145
146
147
148
149
150
151
152
153
154
155
157
158
159
160
161
162
163
164
165
166
167
168
169
170
171
172
173
174
175
176
177
178
179
180
181
182
183
184
185
186
187
188
189
190
191
192
193
194
195
196
197
198
199
200
201
202
203
204
205
206
207
208
209
210
211
212
213
214
215
216
217
218
219
220
221
222
223
224
225
226
227
228
229
230
231
232
233
235
236
237
238
239
240
241
242
243
244
245
246
247
248
249
250
251
252
253
254
255
256
257
259
260
262
263
264
265
266
267
268
269
270
271
272
273
274
275
276
277
278
279
280
281
282
283
284
285
286
287
288
289
290
291
292
293
294
295
296
297
299
300
301
302
303
304
305
306
307
308
309
310
311
312
313
314
315
316
317
318
319
320
321
322
323
324
325
326
327
328
329
330
331
332
333
334
335
336
337
338
339
340
341
343
344
345
346
347
348
349
350
351
352
353
355
356
357
358
359
360
361
362
364
365
366
367
368
369
370
371
372
373
374
375
376
377
378
379
380
381
382
383
384
385
386
387
388
389
390
391
392
393
394
395
396
397
398
399
400
401
402
403
404
405
406
407
408
409
410
411
412
413
414
415
416
418
419
420
421
422
423
424
425
426
427
428
429
430
431
432
433
434
435
436
437
438
439
440
441
442
443
444
445
446
447
448
449
450
451
452
453
454
455
456
457
458
459
460
461
462
464
465
466
467
468
469
470
471
472
473
474
475
476
477
478
479
480
481
482
483
484
485
486
487
488
489
490
491
492
493
495
496
497
498
499
500
501
502
503
504
505
506
507
508
509
510
511
512
513
514
515
516
517
518
519
520
521
522
523
524
525
526
527
528
530
531
532
533
534
535
536
537
538
539
540
541
542
543
544
545
546
547
548
549
550
551
552
553
554
556
557
558
559
560
561
562
563
564
565
566
567
568
569
570
571
572
573
574
575
576
577
578
579
580
581
582
583
584
585
586
587
588
589
590
591
592
593
594
595
596
597
598
599
600
601
602
603
604
605
606
607
609
610
611
612
613
614
615
616
617
618
619
621
622
623
624
625
626
627
628
629
630
631
632
633
634
635
636
637
638
639
640
641
642
643
644
645
646
647
648
649
650
651
652
653
654
655
656
657
658
659
660
661
662
663
664
665
666
667
668
669
670
671
672
673
674
675
676
677
678
679
680
681
682
683
684
685
686
687
688
689
690
691
692
693
694
695
696
697
698
699
700
701
702
703
704
705
706
707
708
709
710
711
712
713
714
715
716
717
718
719
720
721
722
723
724
725
726
727
728
729
730
731
732
733
734
735
736
737
738
739
740
741
742
743
744
745
746
747
748
749
750
751
752
753
754
756
757
758
759
760
761
762
763
764
765
767
768
769
770
771
772
773
774
775
776
777
778
779
780
781
782
783
784
785
786
787
788
789
790
791
792
793
794
795
796
797
798
799
800
801
802
803
804
805
806
807
808
809
810
811
812
813
814
815
816
817
818
819
820
821
822
823
824
825
826
827
828
829
830
831
832
833
834
835
836
837
838
839
840
841
842
843
844
845
846
847
848
849
850
851
852
853
854
855
856
857
858
859
860
861
862
863
864
865
866
867
868
869
870
871
872
873
874
875
876
877
878
879
880
881
882
883
884
885
886
887
888
889
890
891
892
893
894
895
896
897
898
899
900
901
902
903
904
905
906
907
908
909
910
911
912
913
914
915
916
917
918
919
920
921
922
923
924
925
926
927
928
929
930
931
932
933
934
935
936
937
938
939
940
941
942
943
944
945
946
947
948
949
950
951
952
953
954
955
956
957
958
960
961
962
963
964
965
966
967
968
969
970
971
972
973
974
975
976
977
978
979
980
981
982
983
984
985
986
987
988
989
990
991
992
993
994
995
996
997
998
999
1000
1001
1002
1003
1004
0 6 1
0 409 1
0 538 1
0 295 1
0 178 3
0 693 1
0 569 1
0 189 1
0 118 1
0 710 1
0 333 2
0 78 1
0 976 1
0 470 1
0 599 1
0 605 1
0 862 1
0 991 1
0 228 1
0 502 1
0 249 1
0 767 1
4 304 1
4 371 1
5 553 1
5 107 1
6 569 1
6 178 3
6 189 2
6 333 1
7 737 1
7 810 2
8 772 1
12 527 1
13 738 2
13 772 1
13 837 1
13 719 1
14 796 1
14 724 1
14 881 1
14 783 1
15 680 5
15 731 6
15 422 1
16 832 2
16 729 1
16 883 1
16 189 1
18 729 1
19 729 1
24 280 6
24 267 2
24 629 11
25 684 1
25 565 1
28 987 2
29 808 1
29 107 2
30 416 1
30 356 1
30 168 3
30 942 2
30 912 5
30 232 4
30 936 1
30 313 4
30 765 7
31 280 1
31 316 1
31 165 3
32 280 4
32 249 2
32 61 2
35 280 4
35 207 1
38 939 1
38 638 1
40 450 1
40 772 1
40 662 1
40 272 2
40 214 1
40 187 3
40 572 5
41 704 1
41 723 2
41 565 3
42 638 3
45 66 2
46 622 6
46 310 1
48 458 7
48 956 1
48 565 1
48 319 1
50 559 2
52 168 1
52 602 1
52 812 3
52 133 3
52 111 1
53 193 1
53 901 1
53 724 1
53 56 1
53 890 1
53 190 1
56 994 1
56 987 2
56 482 1
56 159 3
58 577 1
58 338 1
59 729 1
61 900 1
61 517 4
61 398 1
61 272 2
61 915 2
61 772 2
61 90 3
61 293 2
61 550 2
61 428 1
61 334 3
61 696 4
61 692 1
61 833 2
61 450 1
61 718 6
61 851 2
61 980 2
61 469 1
61 602 1
61 991 10
61 356 4
61 742 2
62 485 2
62 646 7
62 542 10
62 159 2
65 193 1
67 963 8
67 165 3
67 846 3
67 207 2
67 561 1
67 344 1
68 987 2
70 607 1
73 90 2
73 723 1
74 256 1
74 803 2
74 648 1
74 586 3
74 885 1
74 984 1
74 447 1
75 633 1
75 772 2
75 334 2
75 607 2
77 912 1
77 260 1
78 333 1
78 178 3
78 502 2
78 599 1
78 569 1
78 506 1
83 784 1
83 901 1
83 863 1
84 324 1
84 638 1
90 136 1
90 650 1
90 316 1
90 537 1
90 538 2
90 416 1
90 164 1
90 810 1
90 443 1
90 188 1
90 199 1
90 718 2
90 464 2
90 850 2
90 223 1
90 994 1
90 228 1
90 742 3
90 361 1
90 107 3
90 112 1
90 499 1
90 765 1
92 280 1
92 316 1
92 207 1
95 873 1
95 987 2
96 638 2
98 707 8
98 454 7
98 134 4
98 713 2
98 107 9
98 268 8
98 429 3
98 592 6
98 401 3
98 117 8
98 278 2
101 729 1
101 866 1
101 718 1
101 423 1
103 514 1
103 423 6
103 368 1
103 310 6
103 343 2
103 638 1
104 256 2
104 356 1
104 765 1
105 233 1
105 418 2
106 638 1
107 898 1
107 772 1
107 236 1
107 537 1
107 208 1
107 808 1
107 553 1
107 810 2
107 688 1
107 192 1
107 335 1
107 464 1
107 214 1
107 985 1
107 737 1
107 1004 1
107 118 1
107 890 1
107 381 2
110 112 1
110 674 1
110 803 1
110 166 1
111 586 2
112 416 1
112 674 2
112 803 2
112 517 2
112 168 2
112 267 2
112 573 1
113 337 1
113 542 2
114 1004 2
114 189 1
118 502 4
119 790 2
120 416 2
120 291 1
120 772 2
120 454 1
120 135 5
120 586 1
120 893 2
120 752 1
120 850 1
120 500 1
120 854 3
120 196 1
120 191 1
120 573 1
120 927 1
122 275 1
125 622 14
125 534 1
126 416 1
126 889 1
126 790 2
126 782 1
127 890 8
127 772 1
127 607 1
132 832 1
133 168 1
133 356 1
133 602 2
134 291 5
134 356 2
134 454 10
134 592 8
134 923 1
135 292 3
135 549 1
135 936 5
135 362 4
135 581 4
135 628 2
135 942 1
135 214 1
135 415 1
136 200 2
136 207 2
136 915 2
136 344 1
136 316 2
139 638 1
141 188 1
142 280 5
142 658 1
142 316 1
142 630 3
142 207 1
143 696 2
143 410 1
147 715 1
147 157 1
149 729 1
149 866 2
149 423 3
152 443 1
157 356 1
157 586 1
157 715 1
157 686 2
157 740 1
159 290 2
159 963 3
159 742 1
159 551 2
159 617 1
159 951 1
159 493 2
159 334 1
159 784 1
159 178 1
159 214 5
159 695 2
159 633 1
159 251 3
159 443 3
159 190 1
160 280 2
160 857 2
160 530 1
160 629 3
160 360 1
164 528 2
164 322 4
164 638 3
164 853 1
165 257 1
165 846 1
165 401 7
165 344 3
165 857 1
165 858 2
165 316 4
166 416 2
166 803 1
166 586 1
166 762 1
166 602 3
167 280 1
168 416 2
168 356 5
168 232 11
168 586 1
168 557 1
168 782 2
168 912 18
168 984 1
168 472 2
168 260 3
168 607 1
168 575 1
169 372 1
170 855 1
171 715 2
171 933 1
173 541 1
175 275 1
178 772 1
178 470 3
178 409 3
178 538 3
178 862 3
178 295 3
178 693 4
178 710 3
178 333 3
178 976 3
178 214 1
178 599 3
178 605 4
178 990 2
178 991 3
178 228 3
178 502 10
178 249 3
178 767 3
181 190 2
184 754 1
184 843 1
185 762 1
186 256 2
186 648 1
186 267 2
186 517 2
187 568 2
188 280 5
188 421 2
189 1004 1
189 904 1
189 716 3
189 652 1
189 365 1
189 718 1
189 595 1
189 236 1
189 470 1
189 201 1
189 249 1
189 410 2
189 607 1
190 353 4
190 196 1
190 656 2
190 274 2
190 373 2
190 920 1
190 772 2
190 890 1
192 506 2
193 443 1
193 850 2
193 923 3
199 506 1
199 996 1
200 952 6
200 915 1
200 316 1
201 393 1
201 754 1
201 767 1
206 534 1
207 428 1
207 424 1
207 469 1
207 630 1
207 795 1
208 236 1
209 472 1
209 356 2
214 515 1
214 772 1
214 517 1
214 776 1
214 684 1
214 530 2
214 278 4
214 920 1
214 923 4
214 413 1
214 544 1
214 290 5
214 987 1
214 940 4
214 687 1
214 306 2
214 692 1
214 951 1
214 569 1
214 443 5
214 578 2
214 835 1
214 324 1
214 844 1
214 334 1
214 720 1
214 852 1
214 472 2
214 731 1
214 220 1
214 865 1
214 738 1
214 868 1
214 742 1
214 743 1
214 617 1
214 371 1
214 629 3
216 321 1
216 565 1
216 319 1
220 752 1
220 890 1
220 772 3
223 322 1
223 638 1
223 510 1
223 343 4
228 333 1
228 502 1
228 569 1
228 605 6
229 568 1
229 306 1
231 987 2
231 338 1
231 693 1
231 502 5
231 698 1
231 923 1
231 245 3
232 416 1
232 912 3
232 439 1
232 472 5
233 692 4
233 245 2
235 700 3
236 977 7
239 809 1
239 858 2
239 923 1
239 633 2
239 951 2
241 280 3
243 729 1
245 994 2
245 764 2
245 264 3
245 329 3
245 624 2
245 698 1
245 987 2
245 540 2
246 729 1
246 724 4
246 423 1
248 772 2
249 333 1
249 569 1
250 880 1
251 994 1
251 540 1
251 987 2
251 687 1
253 890 1
256 416 3
256 868 1
256 517 2
256 294 2
256 648 1
256 356 1
256 267 3
256 885 2
256 313 1
256 478 1
260 416 3
260 586 1
260 912 5
260 949 2
260 439 1
260 699 1
260 575 1
265 729 1
267 392 1
267 803 1
267 517 3
267 648 1
267 629 1
267 280 3
267 891 1
267 478 1
272 900 1
272 450 1
272 772 1
274 920 1
274 647 2
275 423 1
275 327 1
275 849 2
275 316 2
280 647 5
280 493 2
280 656 5
280 408 1
280 658 3
280 915 6
280 920 6
280 421 4
280 422 3
280 424 2
280 561 6
280 685 1
280 817 1
280 953 4
280 954 1
280 445 2
280 846 4
280 547 6
280 526 6
280 858 2
280 990 5
280 607 1
280 293 3
280 360 6
280 530 7
280 851 6
280 629 2
280 630 1
280 631 5
280 891 1
280 469 1
284 731 2
284 422 3
285 715 1
288 629 1
291 1003 1
291 454 7
293 729 1
293 724 2
293 630 1
294 416 2
294 803 1
294 586 4
294 334 3
294 885 1
294 313 2
294 447 1
295 569 1
299 509 1
299 638 1
301 978 2
302 316 1
303 368 1
305 912 1
305 356 1
306 659 1
306 742 6
306 531 1
306 660 1
310 368 1
310 638 1
311 697 2
311 955 3
311 582 1
311 987 2
312 333 1
313 416 3
313 356 2
313 447 1
316 647 1
316 543 1
316 428 2
316 952 1
316 953 1
316 838 1
316 971 1
316 344 1
316 857 2
316 990 1
316 607 1
316 915 2
316 629 2
318 684 1
318 934 2
319 386 1
319 565 1
321 684 1
322 879 1
322 950 1
322 343 2
322 638 1
324 832 1
324 586 2
324 334 1
324 591 1
324 534 2
324 362 1
324 638 2
324 607 1
327 849 1
327 381 6
329 819 3
329 582 1
330 701 2
332 500 2
332 782 1
333 502 1
333 710 1
333 599 1
333 569 2
333 693 1
333 470 1
333 409 1
333 538 1
333 605 1
333 862 1
333 767 1
334 586 2
334 915 1
334 692 1
334 502 1
334 923 1
334 607 3
335 1004 1
337 695 2
338 994 2
338 987 2
341 915 1
343 368 1
343 950 1
343 663 2
343 638 1
344 971 3
344 952 3
346 638 1
347 966 2
347 715 1
347 933 2
347 590 1
349 976 1
349 838 4
353 891 4
356 515 1
356 517 3
356 648 1
356 912 7
356 984 1
356 416 2
356 557 2
356 730 2
356 586 3
356 472 20
356 602 5
356 868 2
356 743 4
356 762 2
356 765 5
360 891 1
360 629 2
361 987 3
362 909 1
362 542 1
364 994 1
364 987 2
368 950 1
372 404 1
377 866 3
377 423 2
377 457 1
377 586 4
377 630 2
377 729 1
378 514 1
380 712 1
381 1001 1
381 506 1
383 589 1
388 772 1
388 509 1
388 638 1
393 843 7
398 712 1
401 429 1
401 454 13
401 415 4
402 559 2
404 506 2
407 843 2
409 599 1
409 569 1
409 506 1
410 719 3
413 746 1
413 927 1
413 935 11
415 935 1
415 692 1
415 629 3
415 607 4
416 772 2
416 912 3
416 927 1
416 752 1
416 687 1
416 573 2
416 586 2
416 472 1
416 868 1
416 500 1
416 890 2
418 977 7
418 996 8
421 424 3
422 680 4
422 696 1
422 731 4
423 644 2
423 1001 3
423 977 5
423 729 1
424 990 1
427 955 5
428 857 1
429 454 12
432 987 2
433 738 2
433 987 4
433 994 1
435 586 1
435 500 3
435 782 1
440 737 2
440 537 2
442 537 1
447 586 2
450 802 1
450 900 1
450 712 1
450 595 2
450 662 1
450 572 4
454 772 1
454 713 6
454 592 11
454 951 1
458 577 4
458 684 1
458 565 1
464 1004 1
465 812 1
470 569 1
472 743 1
472 782 4
472 912 3
472 765 1
478 517 1
481 565 1
482 987 2
485 513 1
485 646 1
485 542 2
491 506 1
493 530 1
493 891 2
493 629 2
495 568 1
499 684 2
500 586 7
500 814 1
502 591 1
502 693 1
502 569 1
502 607 1
502 605 1
502 511 1
506 644 2
506 670 3
506 745 1
506 541 1
506 688 1
506 996 2
506 951 1
506 772 1
506 599 1
506 702 1
509 634 1
509 822 1
509 638 2
510 638 2
514 832 2
514 780 1
514 950 1
514 638 1
516 532 2
516 804 1
517 546 1
517 803 2
517 743 1
517 648 1
517 772 4
522 729 1
526 772 1
526 629 2
526 550 7
528 609 1
530 630 1
530 746 1
530 629 4
530 891 5
531 987 2
531 607 1
534 939 1
534 612 1
534 740 1
534 638 1
534 607 1
535 927 1
538 569 1
540 698 1
540 987 4
541 996 1
542 772 2
542 646 2
542 927 1
543 952 2
543 971 1
544 772 2
547 851 2
550 742 1
550 743 4
552 901 1
553 670 1
557 912 1
558 684 1
558 565 1
559 622 16
561 629 2
561 846 6
565 672 1
565 684 1
565 956 1
569 710 1
569 599 1
569 976 1
569 693 1
569 767 1
569 605 1
569 862 1
569 991 1
573 586 1
573 885 1
575 782 2
577 715 1
581 936 2
582 987 2
582 764 1
584 731 2
585 922 1
586 772 1
586 687 2
586 854 1
586 984 2
586 752 1
586 759 1
586 762 2
590 715 1
591 915 1
591 607 2
592 713 4
592 927 6
595 790 4
595 934 1
599 605 5
602 743 7
606 879 1
607 646 1
607 935 1
607 692 1
607 718 1
607 696 2
607 915 2
609 772 1
612 772 1
614 978 1
617 752 1
622 676 11
629 630 2
629 658 2
629 685 2
629 846 2
629 631 2
629 890 2
629 891 6
630 685 2
630 658 2
633 915 1
634 638 2
638 939 1
638 780 1
638 788 1
638 663 1
638 735 1
638 832 3
638 822 1
638 853 1
638 676 1
638 740 1
638 1003 4
638 879 1
638 950 1
638 890 5
640 772 2
641 987 2
643 685 1
644 996 1
647 838 2
649 663 2
650 682 1
650 828 1
650 654 1
654 738 3
654 783 1
654 682 3
654 991 3
656 838 2
661 692 1
663 951 1
669 772 1
674 803 2
680 870 1
680 790 3
681 729 1
682 738 1
682 783 1
684 844 2
684 956 1
685 1001 1
685 724 1
692 742 2
692 746 2
692 798 1
692 955 4
692 830 3
697 925 4
697 855 2
698 840 1
698 873 1
698 987 2
698 764 1
700 881 1
700 890 1
700 812 2
701 842 1
706 951 1
707 880 1
708 729 1
711 729 1
715 931 1
715 933 1
715 972 1
715 748 1
715 926 2
716 729 1
716 866 2
716 724 2
716 718 2
718 866 1
718 843 1
718 980 1
718 729 1
719 738 1
723 758 1
724 729 1
729 916 1
729 777 1
729 866 1
730 868 1
737 849 1
738 923 1
738 837 1
738 783 2
740 891 1
742 771 3
742 746 1
742 784 2
743 912 1
746 935 5
764 987 2
765 908 1
765 942 3
765 912 1
765 868 1
769 771 3
771 798 1
771 863 1
772 912 1
772 915 2
772 920 2
772 927 3
772 969 1
772 850 1
772 980 1
773 955 6
774 947 17
779 843 2
784 798 1
784 863 3
789 987 2
790 812 7
807 951 1
809 987 2
840 987 2
843 907 1
843 883 1
849 987 2
857 915 1
868 912 1
872 987 2
873 987 2
880 923 1
885 984 1
890 997 1
890 978 1
898 980 1
912 949 2
921 923 1
921 1004 4
923 951 1
925 955 4
925 987 2
933 966 2
935 966 2
955 987 3
977 996 1
977 1001 6
977 1004 4
978 988 1
987 994 2
