0
1
2
3
4
5
6
7
8
9
10
11
12
13
14
15
16
17
18
19
20
21
22
23
24
25
26
27
28
29
30
31
32
33
34
35
36
37
38
39
40
41
42
43
44
45
46
47
48
49
50
51
52
53
54
55
56
57
58
59
60
61
62
63
64
65
66
67
68
69
70
71
72
73
74
75
76
77
78
79
80
81
82
83
84
85
86
87
88
89
90
91
92
93
94
95
96
97
98
99
100
101
102
103
104
105
106
107
108
109
110
111
112
113
114
115
116
117
118
119
120
121
122
123
124
125
126
127
128
129
130
131
132
133
134
135
136
137
138
139
141
142
143
144
145
146
147
148
149
150
151
152
153
154
155
157
158
159
160
161
162
163
164
165
166
167
168
169
170
171
172
173
174
175
176
177
178
179
180
181
182
183
184
185
186
187
188
189
190
191
192
193
194
195
196
197
198
199
200
201
202
203
204
205
206
207
208
209
210
211
212
213
214
215
216
217
218
219
220
221
222
223
224
225
226
227
228
229
230
231
232
233
235
236
237
238
239
240
241
242
243
244
245
246
247
248
249
250
251
252
253
254
255
256
257
259
260
262
263
264
265
266
267
268
269
270
271
272
273
274
275
276
277
278
279
280
281
282
283
284
285
286
287
288
289
290
291
292
293
294
295
296
297
299
300
301
302
303
304
305
306
307
308
309
310
311
312
313
314
315
316
317
318
319
320
321
322
323
324
325
326
327
328
329
330
331
332
333
334
335
336
337
338
339
340
341
343
344
345
346
347
348
349
350
351
352
353
355
356
357
358
359
360
361
362
364
365
366
367
368
369
370
371
372
373
374
375
376
377
378
379
380
381
382
383
384
385
386
387
388
389
390
391
392
393
394
395
396
397
398
399
400
401
402
403
404
405
406
407
408
409
410
411
412
413
414
415
416
418
419
420
421
422
423
424
425
426
427
428
429
430
431
432
433
434
435
436
437
438
439
440
441
442
443
444
445
446
447
448
449
450
451
452
453
454
455
456
457
458
459
460
461
462
464
465
466
467
468
469
470
471
472
473
474
475
476
477
478
479
480
481
482
483
484
485
486
487
488
489
490
491
492
493
495
496
497
498
499
500
501
502
503
504
505
506
507
508
509
510
511
512
513
514
515
516
517
518
519
520
521
522
523
524
525
526
527
528
530
531
532
533
534
535
536
537
538
539
540
541
542
543
544
545
546
547
548
549
550
551
552
553
554
556
557
558
559
560
561
562
563
564
565
566
567
568
569
570
571
572
573
574
575
576
577
578
579
580
581
582
583
584
585
586
587
588
589
590
591
592
593
594
595
596
597
598
599
600
601
602
603
604
605
606
607
609
610
611
612
613
614
615
616
617
618
619
621
622
623
624
625
626
627
628
629
630
631
632
633
634
635
636
637
638
639
640
641
642
643
644
645
646
647
648
649
650
651
652
653
654
655
656
657
658
659
660
661
662
663
664
665
666
667
668
669
670
671
672
673
674
675
676
677
678
679
680
681
682
683
684
685
686
687
688
689
690
691
692
693
694
695
696
697
698
699
700
701
702
703
704
705
706
707
708
709
710
711
712
713
714
715
716
717
718
719
720
721
722
723
724
725
726
727
728
729
730
731
732
733
734
735
736
737
738
739
740
741
742
743
744
745
746
747
748
749
750
751
752
753
754
756
757
758
759
760
761
762
763
764
765
767
768
769
770
771
772
773
774
775
776
777
778
779
780
781
782
783
784
785
786
787
788
789
790
791
792
793
794
795
796
797
798
799
800
801
802
803
804
805
806
807
808
809
810
811
812
813
814
815
816
817
818
819
820
821
822
823
824
825
826
827
828
829
830
831
832
833
834
835
836
837
838
839
840
841
842
843
844
845
846
847
848
849
850
851
852
853
854
855
856
857
858
859
860
861
862
863
864
865
866
867
868
869
870
871
872
873
874
875
876
877
878
879
880
881
882
883
884
885
886
887
888
889
890
891
892
893
894
895
896
897
898
899
900
901
902
903
904
905
906
907
908
909
910
911
912
913
914
915
916
917
918
919
920
921
922
923
924
925
926
927
928
929
930
931
932
933
934
935
936
937
938
939
940
941
942
943
944
945
946
947
948
949
950
951
952
953
954
955
956
957
958
960
961
962
963
964
965
966
967
968
969
970
971
972
973
974
975
976
977
978
979
980
981
982
983
984
985
986
987
988
989
990
991
992
993
994
995
996
997
998
999
1000
1001
1002
1003
1004
0 569 6
0 732 3
0 189 3
0 502 1
0 249 2
1 324 1
1 309 1
2 260 1
2 838 1
2 168 1
2 77 2
2 790 6
2 891 2
2 700 2
4 371 2
4 771 2
4 135 1
5 107 2
5 898 1
5 483 2
5 381 1
6 569 6
6 178 1
6 249 1
7 468 1
8 546 1
12 680 1
12 720 1
13 738 1
13 14 1
13 199 1
14 738 1
14 516 7
14 173 1
14 506 3
14 924 13
15 680 10
15 731 6
15 422 3
16 541 1
16 333 2
16 783 1
24 280 1
24 847 2
24 891 2
24 629 13
24 31 1
25 48 1
25 704 2
25 499 1
25 844 1
25 558 1
26 362 1
28 987 2
29 377 1
29 506 1
29 189 1
30 168 1
30 104 1
30 313 1
30 765 2
30 447 1
31 838 2
31 165 9
31 990 2
31 847 2
32 127 3
32 862 1
32 791 1
35 280 1
35 978 2
35 469 1
35 167 3
38 591 1
40 802 2
40 900 1
40 712 2
40 60 1
40 272 1
40 596 1
40 662 1
40 695 1
40 568 1
40 187 1
40 572 3
40 159 1
41 723 3
42 322 2
42 477 1
45 52 1
48 458 1
48 684 1
48 558 1
48 216 1
48 956 1
48 319 1
52 232 1
52 868 1
52 166 1
52 743 1
53 193 2
53 940 1
53 311 1
56 482 2
56 987 2
56 607 1
58 909 1
61 293 2
61 135 2
61 718 3
61 692 6
61 181 2
61 278 1
61 991 4
62 542 1
62 646 3
62 927 2
65 220 1
67 963 12
67 165 6
67 846 14
67 207 9
67 561 7
67 344 4
68 987 2
74 232 3
74 166 4
74 126 2
75 772 1
75 220 9
75 633 2
77 168 7
77 556 2
77 912 1
77 260 6
78 569 5
78 178 1
82 184 1
82 267 1
82 135 1
86 152 1
86 443 8
86 662 4
90 321 1
90 133 3
90 761 1
90 692 2
90 502 2
90 535 2
90 664 1
90 569 1
90 191 1
90 927 5
91 499 1
91 692 1
91 607 1
92 658 2
92 838 1
92 207 3
95 251 1
95 987 2
96 329 1
96 388 1
98 707 6
98 454 3
98 134 3
98 713 6
98 107 5
98 268 4
98 429 3
98 592 8
98 401 7
98 291 3
98 117 1
98 278 2
101 377 1
101 423 3
103 832 1
103 514 5
103 164 1
103 310 3
103 423 9
103 780 2
103 950 5
104 523 2
104 765 2
104 743 3
105 418 11
106 1001 1
106 828 1
107 320 1
107 643 1
107 772 1
107 808 4
107 236 1
107 810 1
107 1004 3
107 898 1
107 335 4
107 553 1
107 381 3
112 256 1
112 674 1
112 803 1
112 517 1
112 648 1
112 267 3
112 186 1
113 927 2
114 127 2
117 268 2
119 126 1
119 790 1
122 428 3
122 127 2
126 356 3
126 166 1
126 168 2
126 790 1
126 586 2
127 293 2
127 325 1
127 716 2
127 977 1
127 754 3
127 883 2
127 724 2
127 377 1
127 281 6
127 410 1
127 732 2
127 189 4
127 479 1
131 738 1
132 842 6
133 648 2
133 602 1
133 765 1
134 592 8
134 291 1
134 454 8
135 993 1
135 450 1
135 292 3
135 581 10
135 870 1
135 233 2
135 170 2
135 746 1
135 720 1
135 594 2
135 371 2
135 692 2
135 334 1
135 772 1
135 462 1
135 628 3
135 703 1
136 838 2
136 267 5
136 428 6
136 915 1
136 629 1
136 344 2
136 857 2
137 581 1
139 548 1
139 477 2
139 534 1
141 978 1
142 280 1
143 696 1
143 580 2
147 416 1
147 257 2
147 454 1
147 277 1
147 347 4
147 157 2
147 159 1
149 977 2
149 607 1
149 423 1
150 415 2
151 566 1
151 278 2
151 253 1
153 977 16
153 418 1
153 996 1
157 462 3
157 277 1
157 347 3
157 862 2
157 607 3
159 290 1
159 230 2
159 742 5
159 935 1
159 712 2
159 334 2
159 692 1
159 214 2
159 787 1
159 923 1
159 220 1
160 915 1
160 428 2
160 629 9
164 322 1
164 420 1
164 638 1
165 200 1
165 401 7
165 344 1
165 857 1
165 858 3
165 316 1
166 416 1
166 609 1
166 586 7
166 267 2
166 573 3
166 383 5
167 547 5
167 552 2
167 424 3
167 207 3
167 817 7
167 978 2
167 851 3
167 469 1
167 954 3
167 795 3
167 988 1
168 260 16
168 232 2
168 700 1
168 267 1
168 556 2
168 782 6
168 912 14
168 648 1
168 790 3
168 439 4
168 472 12
168 356 4
168 956 1
168 765 2
168 575 4
170 840 2
170 231 7
170 692 1
170 405 1
170 855 3
170 697 1
171 277 1
173 738 1
173 428 2
175 737 1
175 849 3
175 275 5
175 423 2
178 569 2
178 502 1
180 727 2
181 190 5
184 883 1
184 754 1
184 423 1
185 833 1
185 762 1
185 850 1
186 256 2
186 517 2
186 648 2
186 267 1
186 313 1
188 978 3
188 851 1
188 988 3
188 469 1
188 951 1
189 718 3
189 502 1
189 729 1
189 377 1
189 410 1
189 249 1
189 506 7
190 353 5
190 629 2
190 656 5
190 274 5
190 373 5
190 920 7
190 891 2
191 927 4
191 692 1
191 935 2
192 506 1
193 633 2
193 923 1
196 850 1
196 429 1
196 454 2
196 311 1
197 738 1
197 923 1
197 718 2
197 687 1
198 568 2
199 738 1
199 506 3
200 952 2
200 915 3
200 971 1
203 772 3
207 424 3
207 558 1
207 847 1
207 561 2
207 978 1
207 469 2
207 795 6
208 783 2
209 356 1
214 290 2
214 923 2
214 647 4
214 746 1
214 428 1
214 502 1
214 763 1
216 321 5
216 458 1
216 558 1
223 746 4
223 322 1
223 462 1
223 343 3
226 440 1
226 994 1
228 569 8
228 502 1
228 599 1
229 607 2
230 277 1
231 873 1
231 531 2
231 245 2
231 698 2
231 987 2
231 540 2
231 607 1
232 356 1
232 759 1
233 746 1
233 692 5
236 537 6
236 716 2
236 532 2
236 335 2
239 577 2
239 538 1
239 281 2
239 951 2
245 994 1
245 433 3
245 698 2
245 987 2
245 540 1
246 724 3
246 423 3
248 462 1
249 333 3
249 502 2
249 569 5
250 535 1
250 886 5
250 927 5
251 873 1
251 987 2
253 290 1
253 566 1
256 416 3
256 356 3
256 517 2
256 648 2
256 267 3
256 313 5
256 478 1
260 356 1
260 912 1
260 790 6
260 447 1
264 329 1
267 517 2
267 586 5
267 459 1
267 428 4
267 648 1
267 629 5
267 790 1
267 891 1
267 700 1
268 291 4
268 454 1
268 713 1
268 592 2
268 633 2
269 925 1
270 881 1
270 738 1
270 516 1
272 900 1
272 662 2
273 951 2
275 849 3
275 737 2
277 577 1
277 931 1
277 933 1
277 972 1
277 748 1
277 686 2
277 285 1
277 355 1
277 308 1
277 590 1
277 347 1
277 926 1
277 715 1
278 462 1
278 633 1
278 671 1
280 739 1
280 630 2
280 647 3
280 360 2
280 561 3
280 530 2
280 846 3
280 658 1
280 547 3
280 978 6
280 851 3
280 629 9
280 920 2
280 281 1
280 915 3
280 373 1
281 905 1
281 915 1
284 680 3
284 731 2
291 454 8
291 713 1
291 429 1
291 401 3
292 769 1
292 581 1
294 586 2
295 569 3
299 388 2
301 978 1
301 493 1
301 647 2
302 428 2
303 368 1
305 416 3
305 765 1
306 633 1
306 659 1
306 901 1
311 955 5
311 582 1
311 987 2
313 416 1
313 356 1
313 517 1
313 648 3
316 915 5
318 499 1
318 332 3
319 832 2
319 1002 3
319 558 1
321 499 1
321 558 1
322 740 2
322 334 2
322 591 1
322 343 3
322 879 1
326 687 1
327 738 1
327 381 3
329 819 5
329 764 1
329 910 1
332 416 2
332 984 1
332 586 1
332 782 1
333 569 6
333 743 1
333 767 1
334 462 2
334 534 1
335 898 2
335 810 1
335 687 2
335 980 1
335 923 1
335 670 3
337 936 4
338 433 4
338 994 2
338 987 2
338 687 1
339 569 3
341 942 1
343 534 1
343 663 5
347 933 1
353 891 1
355 607 1
356 416 1
356 515 1
356 743 3
356 586 4
356 684 2
356 765 1
356 472 4
360 629 6
360 526 1
361 987 2
362 528 1
362 585 1
362 502 1
364 506 1
364 987 2
368 950 1
369 535 2
369 513 1
369 951 5
369 646 1
369 927 2
371 720 2
372 595 1
372 934 1
377 866 2
377 422 2
377 696 2
377 729 3
377 506 1
377 607 3
379 568 3
379 662 1
381 643 1
383 720 4
383 586 4
383 589 1
388 832 1
388 634 1
391 656 1
392 674 2
395 514 1
398 712 3
398 900 1
399 955 1
399 427 1
401 454 13
401 429 16
401 415 7
402 832 1
405 441 1
406 680 3
406 422 1
409 569 5
415 833 1
415 772 1
415 617 1
415 692 3
415 569 1
415 607 1
416 517 1
416 586 15
416 500 1
416 765 1
416 927 6
418 996 1
418 977 13
420 591 1
421 424 1
421 978 1
421 795 2
422 680 1
422 731 9
423 832 5
423 866 1
423 716 1
423 977 3
423 607 1
424 847 1
424 978 1
424 795 5
424 990 2
427 955 3
428 647 1
428 915 2
428 952 1
428 857 12
429 454 13
431 988 2
432 987 2
433 633 1
433 987 3
433 994 3
435 586 1
435 500 2
435 782 4
437 738 1
443 742 2
443 662 6
443 703 1
444 535 4
444 927 2
447 648 2
450 712 1
450 462 1
454 609 2
454 772 2
454 592 14
456 720 1
458 684 1
458 844 1
458 558 1
458 918 2
461 506 1
462 517 1
462 783 1
462 923 1
462 670 1
462 550 1
462 687 2
462 692 1
462 542 1
462 833 1
462 591 1
462 851 1
462 718 1
462 742 1
462 617 2
462 502 2
469 512 1
469 647 2
469 978 2
469 547 1
469 954 1
470 569 5
470 789 2
472 743 4
472 782 15
472 575 11
473 810 1
478 648 1
478 517 1
482 569 5
482 987 2
482 951 2
485 646 1
485 927 2
488 568 2
491 497 1
493 530 2
493 629 7
493 630 4
495 568 4
495 862 1
497 977 5
499 704 1
499 684 1
499 558 2
499 565 1
499 607 6
500 586 2
502 538 2
502 772 1
502 569 14
502 605 1
502 862 1
502 607 2
506 738 1
506 644 4
506 849 2
506 670 2
508 738 1
509 634 2
510 534 1
511 987 3
513 646 1
513 927 2
514 950 1
515 927 1
516 738 3
516 881 2
516 761 1
516 764 1
516 702 2
517 803 3
517 648 2
526 530 1
526 629 6
528 542 1
530 838 3
530 718 2
530 915 1
530 629 14
530 630 2
530 891 5
531 987 7
532 738 1
532 700 1
534 746 1
535 722 1
535 854 2
535 823 1
535 927 2
538 569 5
540 994 3
540 987 3
540 840 2
540 873 1
540 855 2
540 697 2
540 698 2
540 955 4
541 738 1
542 646 1
542 927 2
546 550 2
546 743 1
546 776 1
546 912 1
546 669 1
546 607 1
547 978 1
550 923 3
550 940 1
550 743 1
551 646 1
551 927 2
552 858 1
552 951 1
552 978 1
558 956 2
561 629 6
561 846 4
563 696 3
565 704 1
565 746 1
565 723 1
568 771 4
568 947 1
569 693 7
569 710 5
569 976 5
569 718 1
569 599 5
569 605 6
569 862 5
569 991 3
569 767 5
573 586 2
575 782 9
576 738 1
581 772 1
581 742 2
581 936 3
581 855 1
582 987 2
584 731 2
585 922 1
586 782 1
586 687 1
586 885 1
586 984 1
586 762 2
591 746 1
591 607 1
592 713 2
592 927 13
593 718 1
595 731 2
595 915 1
595 934 1
595 687 2
599 693 1
599 710 1
599 767 1
600 672 1
602 743 3
605 700 2
605 670 1
607 716 1
607 802 1
607 718 2
607 687 1
607 692 1
609 997 1
609 772 1
609 927 2
612 951 1
614 978 2
614 851 1
614 858 1
617 776 1
617 714 1
617 687 1
617 720 2
617 670 1
626 807 1
629 718 1
629 838 1
629 658 8
629 685 7
629 846 3
629 656 2
629 630 6
629 631 6
629 891 10
630 685 2
630 718 1
630 915 1
630 891 2
634 780 1
634 788 1
638 663 5
641 987 2
643 685 5
644 738 1
646 927 2
647 915 1
647 857 1
648 743 1
648 765 1
650 738 1
650 654 1
653 738 1
654 738 1
654 682 2
656 920 1
657 738 1
671 687 1
672 844 1
672 918 1
679 918 1
680 880 1
680 707 3
680 720 8
682 738 1
684 704 2
684 844 1
684 687 1
685 1001 4
685 724 3
692 746 1
696 915 1
697 855 2
698 840 2
698 873 2
698 764 2
700 812 2
700 790 3
702 996 1
702 738 1
703 771 2
704 743 5
704 723 1
704 758 1
714 923 1
718 731 1
718 991 2
719 921 1
719 738 1
720 936 2
720 833 2
720 855 2
720 731 1
722 927 4
724 1001 3
731 772 1
737 849 1
738 783 1
738 921 1
738 923 2
738 924 1
738 837 1
738 850 2
738 979 1
738 996 1
738 1001 1
738 747 1
738 881 1
738 745 1
738 761 5
739 915 1
740 788 1
746 935 22
746 923 1
758 844 1
758 956 1
758 918 4
759 984 2
761 783 2
764 987 2
764 994 1
765 908 1
765 912 1
770 927 2
771 784 1
771 901 1
772 915 3
772 789 1
772 923 2
773 955 5
774 947 16
776 923 2
780 950 1
789 987 2
790 812 8
790 956 2
791 977 1
795 978 1
807 951 1
809 987 2
817 978 1
819 955 1
823 927 2
828 1001 1
832 950 1
833 850 1
840 987 2
844 956 1
849 987 2
849 858 2
850 987 1
851 978 2
851 915 1
854 927 4
857 915 1
858 991 2
863 994 2
872 987 2
873 987 2
881 923 1
915 920 1
925 955 3
954 978 1
955 987 6
957 978 3
977 996 10
977 1001 5
977 1004 5
978 988 2
987 994 2
