0
1
2
3
4
5
6
7
8
9
10
11
12
13
14
15
16
17
18
19
20
21
22
23
24
25
26
27
28
29
30
31
32
33
34
35
36
37
38
39
40
41
42
43
44
45
46
47
48
49
50
51
52
53
54
55
56
57
58
59
60
61
62
63
64
65
66
67
68
69
70
71
72
73
74
75
76
77
78
79
80
81
82
83
84
85
86
87
88
89
90
91
92
93
94
95
96
97
98
99
100
101
102
103
104
105
106
107
108
109
110
111
112
113
114
115
116
117
118
119
120
121
122
123
124
125
126
127
128
129
130
131
132
133
134
135
136
137
138
139
141
142
143
144
145
146
147
148
149
150
151
152
153
154
155
157
158
159
160
161
162
163
164
165
166
167
168
169
170
171
172
173
174
175
176
177
178
179
180
181
182
183
184
185
186
187
188
189
190
191
192
193
194
195
196
197
198
199
200
201
202
203
204
205
206
207
208
209
210
211
212
213
214
215
216
217
218
219
220
221
222
223
224
225
226
227
228
229
230
231
232
233
235
236
237
238
239
240
241
242
243
244
245
246
247
248
249
250
251
252
253
254
255
256
257
259
260
262
263
264
265
266
267
268
269
270
271
272
273
274
275
276
277
278
279
280
281
282
283
284
285
286
287
288
289
290
291
292
293
294
295
296
297
299
300
301
302
303
304
305
306
307
308
309
310
311
312
313
314
315
316
317
318
319
320
321
322
323
324
325
326
327
328
329
330
331
332
333
334
335
336
337
338
339
340
341
343
344
345
346
347
348
349
350
351
352
353
355
356
357
358
359
360
361
362
364
365
366
367
368
369
370
371
372
373
374
375
376
377
378
379
380
381
382
383
384
385
386
387
388
389
390
391
392
393
394
395
396
397
398
399
400
401
402
403
404
405
406
407
408
409
410
411
412
413
414
415
416
418
419
420
421
422
423
424
425
426
427
428
429
430
431
432
433
434
435
436
437
438
439
440
441
442
443
444
445
446
447
448
449
450
451
452
453
454
455
456
457
458
459
460
461
462
464
465
466
467
468
469
470
471
472
473
474
475
476
477
478
479
480
481
482
483
484
485
486
487
488
489
490
491
492
493
495
496
497
498
499
500
501
502
503
504
505
506
507
508
509
510
511
512
513
514
515
516
517
518
519
520
521
522
523
524
525
526
527
528
530
531
532
533
534
535
536
537
538
539
540
541
542
543
544
545
546
547
548
549
550
551
552
553
554
556
557
558
559
560
561
562
563
564
565
566
567
568
569
570
571
572
573
574
575
576
577
578
579
580
581
582
583
584
585
586
587
588
589
590
591
592
593
594
595
596
597
598
599
600
601
602
603
604
605
606
607
609
610
611
612
613
614
615
616
617
618
619
621
622
623
624
625
626
627
628
629
630
631
632
633
634
635
636
637
638
639
640
641
642
643
644
645
646
647
648
649
650
651
652
653
654
655
656
657
658
659
660
661
662
663
664
665
666
667
668
669
670
671
672
673
674
675
676
677
678
679
680
681
682
683
684
685
686
687
688
689
690
691
692
693
694
695
696
697
698
699
700
701
702
703
704
705
706
707
708
709
710
711
712
713
714
715
716
717
718
719
720
721
722
723
724
725
726
727
728
729
730
731
732
733
734
735
736
737
738
739
740
741
742
743
744
745
746
747
748
749
750
751
752
753
754
756
757
758
759
760
761
762
763
764
765
767
768
769
770
771
772
773
774
775
776
777
778
779
780
781
782
783
784
785
786
787
788
789
790
791
792
793
794
795
796
797
798
799
800
801
802
803
804
805
806
807
808
809
810
811
812
813
814
815
816
817
818
819
820
821
822
823
824
825
826
827
828
829
830
831
832
833
834
835
836
837
838
839
840
841
842
843
844
845
846
847
848
849
850
851
852
853
854
855
856
857
858
859
860
861
862
863
864
865
866
867
868
869
870
871
872
873
874
875
876
877
878
879
880
881
882
883
884
885
886
887
888
889
890
891
892
893
894
895
896
897
898
899
900
901
902
903
904
905
906
907
908
909
910
911
912
913
914
915
916
917
918
919
920
921
922
923
924
925
926
927
928
929
930
931
932
933
934
935
936
937
938
939
940
941
942
943
944
945
946
947
948
949
950
951
952
953
954
955
956
957
958
960
961
962
963
964
965
966
967
968
969
970
971
972
973
974
975
976
977
978
979
980
981
982
983
984
985
986
987
988
989
990
991
992
993
994
995
996
997
998
999
1000
1001
1002
1003
1004
0 178 3
0 333 1
0 423 1
1 309 4
2 416 1
2 64 1
2 260 1
2 231 2
2 586 1
2 790 1
2 700 2
2 126 1
4 771 2
4 867 3
4 371 4
5 246 1
5 502 1
5 670 1
5 553 1
6 178 3
6 333 1
7 810 1
13 850 1
13 828 1
13 738 1
14 738 1
14 365 1
14 881 2
14 506 1
14 828 1
14 702 3
15 680 1
15 731 1
15 422 1
16 595 1
16 754 1
16 843 1
19 333 1
24 160 3
24 267 4
24 530 1
24 629 26
24 630 2
24 891 6
25 684 2
26 450 1
28 987 3
29 333 1
30 256 2
30 936 4
30 765 1
30 52 1
30 313 4
30 61 5
31 316 2
31 165 4
32 159 1
32 61 1
32 669 1
35 207 1
39 923 2
40 802 1
40 900 1
40 450 3
40 272 1
40 596 1
40 662 1
40 120 1
40 90 1
40 187 1
40 572 5
41 499 1
41 565 1
42 90 1
42 950 1
46 612 1
46 343 1
48 458 1
48 499 1
48 956 1
52 126 2
53 272 1
53 321 1
53 866 2
53 923 4
53 316 2
56 432 1
56 482 1
56 987 3
58 585 1
58 586 1
58 909 1
61 517 3
61 991 1
61 904 1
61 550 1
61 718 7
61 591 3
61 120 1
61 114 1
61 334 3
61 696 2
61 607 7
61 415 2
61 479 1
62 485 2
62 646 1
64 534 1
67 963 6
67 165 4
67 846 2
67 207 4
67 561 2
67 344 3
68 987 3
72 540 1
72 581 1
72 135 2
73 321 1
73 499 1
73 565 1
74 168 8
74 586 1
74 803 2
74 166 2
74 126 3
75 248 3
75 633 1
77 168 4
77 762 1
77 260 2
77 557 1
78 178 5
78 333 1
82 628 3
83 880 1
83 771 1
84 97 1
90 321 1
90 802 2
90 900 1
90 107 2
90 664 1
90 850 2
90 862 2
90 920 2
90 996 1
90 506 1
90 923 2
90 572 1
90 541 1
90 190 1
91 415 3
92 316 2
92 647 1
95 433 2
95 987 3
96 832 3
96 132 1
96 299 1
96 388 1
96 634 1
96 509 1
96 638 1
98 707 9
98 454 2
98 134 1
98 713 7
98 107 9
98 268 6
98 429 6
98 592 4
98 401 7
98 117 7
101 246 2
101 423 3
102 534 1
103 514 2
103 780 1
103 950 1
103 310 3
103 423 1
104 868 2
104 765 1
105 233 3
106 788 1
106 509 1
107 192 1
107 810 1
107 980 2
107 381 1
112 267 1
112 674 1
112 803 3
113 854 2
114 1004 1
118 732 2
118 532 1
118 335 4
119 790 1
120 517 1
120 135 2
120 782 1
120 783 1
120 912 3
120 923 4
120 927 3
120 416 4
120 161 1
120 940 1
120 306 3
120 823 1
120 443 4
120 703 2
120 326 2
120 711 1
120 586 4
120 854 1
120 996 1
120 617 1
120 746 1
120 573 2
120 371 1
122 178 1
122 628 1
126 416 2
126 260 1
126 168 4
126 790 2
132 388 1
133 416 2
133 648 1
133 602 1
133 256 1
134 592 4
134 738 2
134 454 1
135 161 10
135 581 24
135 679 2
135 233 4
135 462 1
135 692 5
135 942 3
135 318 3
135 549 2
136 165 1
136 200 3
136 428 1
136 915 1
136 629 1
136 857 3
136 316 2
137 581 2
139 676 1
141 978 1
141 789 1
141 614 1
141 469 1
142 316 2
142 207 3
147 171 1
147 159 6
147 590 1
147 277 1
147 347 1
147 926 3
147 415 3
149 423 3
153 977 4
153 418 3
153 996 3
153 1001 3
157 248 1
157 746 1
157 686 1
157 462 1
159 517 1
159 776 3
159 535 1
159 920 2
159 923 2
159 940 1
159 854 5
159 316 1
159 190 1
159 704 3
159 193 2
159 200 1
159 160 1
159 334 1
159 214 3
159 607 2
159 742 2
159 746 2
159 493 4
159 502 2
159 891 1
160 838 1
160 360 3
160 586 2
160 526 1
160 658 3
160 629 4
161 900 6
161 581 6
161 572 2
161 586 1
161 239 2
161 662 1
161 443 3
161 540 6
164 420 1
164 638 1
165 586 1
165 401 6
165 344 1
165 316 7
166 416 2
166 803 6
166 356 1
166 586 4
166 782 1
166 765 1
166 759 1
166 573 2
168 800 1
168 416 1
168 356 2
168 232 7
168 782 9
168 912 10
168 949 4
168 439 5
168 472 8
168 260 10
168 266 1
168 575 2
169 372 3
170 245 1
170 951 3
171 590 1
173 828 1
175 849 3
175 275 1
175 246 1
175 710 1
175 423 3
178 409 3
178 538 3
178 415 1
178 295 3
178 693 3
178 710 3
178 333 8
178 976 3
178 470 3
178 599 3
178 605 3
178 862 3
178 991 6
178 482 1
178 228 3
178 502 13
178 249 3
178 767 3
179 193 2
180 829 1
180 958 1
181 190 1
184 754 3
184 843 1
185 248 4
187 337 2
187 450 2
187 596 1
187 695 1
188 421 1
189 236 6
189 716 2
189 718 4
189 977 1
189 951 1
189 410 1
190 353 1
190 656 1
190 274 1
190 629 1
190 373 1
191 752 1
191 416 1
191 891 3
192 381 3
193 196 1
193 776 1
193 910 3
193 854 3
193 923 2
195 277 1
199 644 3
199 924 3
199 828 1
199 541 1
199 738 1
200 915 1
200 952 1
200 857 1
200 316 2
207 424 1
207 795 3
207 547 2
207 469 1
207 891 3
208 236 1
213 374 6
214 704 1
214 742 2
214 746 5
214 428 2
214 306 1
214 343 1
214 923 4
214 316 5
216 321 5
216 499 1
216 956 1
216 558 1
223 322 3
223 343 3
223 462 1
223 663 1
228 333 1
229 306 1
230 454 2
231 738 1
231 923 1
231 264 2
231 693 1
231 245 1
231 698 1
231 987 3
231 540 1
231 671 1
232 912 2
232 332 1
232 607 1
233 581 11
233 746 1
233 692 2
233 415 3
235 923 2
236 977 8
239 923 2
239 854 1
239 742 2
241 630 2
245 987 3
245 698 1
246 423 6
248 506 1
248 462 1
249 506 1
249 333 2
250 886 2
251 987 3
256 416 1
256 356 3
260 912 1
260 439 5
260 762 1
260 575 2
264 586 1
264 454 1
267 800 1
267 803 6
267 517 10
267 586 2
270 828 1
272 450 3
274 920 3
274 469 1
275 849 1
278 454 1
278 462 1
280 629 3
281 905 1
291 401 1
291 454 2
294 803 6
294 782 2
299 634 1
299 388 1
302 428 2
302 316 2
306 742 1
306 660 5
306 703 4
309 832 3
310 586 2
310 343 2
311 987 3
312 333 1
313 472 1
316 344 2
316 647 2
316 971 2
316 428 8
316 915 8
316 415 1
316 953 1
316 952 2
316 857 3
316 543 2
316 990 2
318 679 1
319 499 1
319 558 1
321 704 1
321 618 1
321 684 1
321 499 2
322 343 1
322 663 3
322 420 1
322 822 1
324 362 2
324 388 1
324 534 1
324 591 1
327 828 1
327 381 2
329 540 2
329 798 1
332 586 2
332 500 7
332 782 11
332 575 6
333 502 1
333 710 1
333 599 1
333 605 1
333 569 1
333 693 1
333 470 1
333 409 1
333 538 1
333 862 1
333 767 2
334 746 2
334 462 1
334 629 1
334 534 1
334 607 9
334 926 4
335 737 4
337 832 4
337 612 1
337 942 2
337 822 1
337 505 4
338 692 2
338 994 1
338 987 3
338 540 1
338 581 2
343 612 1
343 368 2
343 663 5
347 966 2
349 976 4
353 891 4
356 416 1
356 868 1
356 800 1
360 629 1
361 987 3
362 586 1
364 987 3
369 535 2
369 823 1
372 595 1
372 404 6
377 754 1
377 718 1
378 514 1
381 670 1
383 720 6
383 586 1
388 528 2
388 534 1
388 638 1
392 674 2
401 454 3
401 429 1
401 415 3
404 595 1
407 843 4
410 719 3
413 746 5
413 935 2
414 891 1
414 572 1
415 544 1
415 617 1
415 692 2
415 629 1
416 868 1
416 586 4
416 782 3
416 912 1
416 439 2
416 927 2
418 977 1
418 996 10
421 424 5
421 795 1
421 647 1
423 977 1
423 644 1
423 1001 3
423 630 1
423 849 3
423 701 3
424 795 3
424 990 2
428 915 4
428 857 5
429 454 3
432 987 3
433 987 6
433 629 1
435 984 1
435 782 3
437 828 1
443 662 3
443 703 3
445 891 1
447 586 5
450 802 2
450 900 1
450 462 1
450 754 3
450 595 2
450 692 1
450 662 1
450 695 1
450 572 4
454 592 6
458 844 1
458 499 1
458 956 1
458 918 1
462 783 1
462 517 1
462 742 1
462 617 1
462 718 1
462 687 1
462 851 1
462 692 1
462 670 1
462 591 1
462 923 1
462 542 1
468 506 1
469 614 3
472 912 3
472 782 4
472 800 1
476 923 2
479 586 1
482 987 3
485 542 1
493 530 5
493 891 6
493 629 2
495 568 8
499 704 1
499 684 1
499 758 2
499 679 1
499 618 1
499 844 1
499 558 1
499 723 1
499 918 1
499 956 1
500 800 1
500 782 1
500 814 3
502 628 1
502 951 1
502 506 1
502 538 2
506 738 1
506 644 3
506 1004 1
506 591 1
506 828 1
513 823 1
514 780 1
514 950 3
516 828 1
516 532 1
516 761 2
517 803 1
517 718 1
526 629 2
528 607 3
530 935 2
530 746 2
530 629 9
530 891 8
531 987 7
532 828 1
534 939 1
534 591 2
534 951 1
534 638 1
534 607 1
535 823 3
535 854 1
540 736 1
540 994 4
540 987 7
540 581 1
540 855 2
540 697 1
540 698 1
540 955 7
540 863 2
541 738 2
541 996 1
541 719 2
541 923 1
541 828 1
542 746 4
549 866 1
552 951 1
553 670 3
557 912 2
558 844 1
558 956 1
561 629 1
561 846 1
563 731 1
565 723 1
565 684 1
573 586 8
573 782 1
575 782 2
576 738 1
576 828 1
577 936 3
581 936 3
581 720 1
581 628 1
581 855 2
582 987 3
586 782 5
586 947 1
586 948 1
586 800 1
586 837 1
586 984 6
586 759 3
587 720 3
591 742 3
591 746 1
591 692 1
591 671 1
591 607 2
592 713 1
592 927 2
595 934 2
595 718 1
595 692 1
596 695 2
597 738 2
599 767 1
600 956 1
602 743 2
605 951 1
607 700 1
617 720 1
617 733 1
629 685 1
629 739 1
629 631 1
629 658 1
629 978 2
629 846 1
629 630 6
629 891 5
630 739 2
630 954 4
633 923 4
638 832 1
641 987 3
644 828 1
644 738 1
650 828 1
650 654 1
654 738 1
654 783 1
654 828 1
654 682 1
654 991 5
656 920 1
657 828 1
658 731 1
658 838 1
660 769 2
663 950 1
671 738 1
671 692 2
674 803 2
679 844 1
680 720 4
680 707 1
682 828 1
682 783 1
684 704 1
684 746 1
684 844 3
686 933 1
687 923 1
687 742 2
692 742 4
692 746 8
692 775 2
697 925 1
697 855 2
698 840 1
698 873 1
698 764 1
700 761 1
700 812 1
702 828 1
704 743 1
707 880 1
707 923 2
707 951 2
711 843 4
711 718 2
715 926 2
716 724 2
718 866 2
718 754 3
718 883 1
718 724 1
719 738 1
719 828 1
719 837 1
720 833 1
730 912 4
738 783 2
738 921 2
738 923 8
738 951 1
738 828 1
738 837 1
738 979 1
738 996 2
738 1001 1
738 761 5
745 828 2
746 935 18
746 775 2
746 920 1
746 851 1
748 926 4
752 850 1
758 844 3
758 956 1
758 918 1
759 984 1
761 828 1
761 790 2
762 800 1
764 987 3
765 908 3
772 923 2
774 947 12
776 935 1
783 923 1
783 828 1
789 987 3
790 812 2
800 803 1
800 931 1
809 987 3
809 951 1
828 921 1
828 923 1
828 924 1
828 945 1
828 837 1
828 850 1
828 979 1
828 996 1
828 1001 1
828 881 1
840 987 3
844 956 3
849 987 3
857 915 4
858 891 2
863 994 1
872 987 3
873 987 3
875 923 2
880 923 2
890 923 2
891 920 2
921 923 2
923 951 2
933 966 2
935 966 2
955 987 3
977 996 1
977 1001 5
977 1004 2
987 994 3
