0
1
2
3
4
5
6
7
8
9
10
11
12
13
14
15
16
17
18
19
20
21
22
23
24
25
26
27
28
29
30
31
32
33
34
35
36
37
38
39
40
41
42
43
44
45
46
47
48
49
50
51
52
53
54
55
56
57
58
59
60
61
62
63
64
65
66
67
68
69
70
71
72
73
74
75
76
77
78
79
80
81
82
83
84
85
86
87
88
89
90
91
92
93
94
95
96
97
98
99
100
101
102
103
104
105
106
107
108
109
110
111
112
113
114
115
116
117
118
119
120
121
122
123
124
125
126
127
128
129
130
131
132
133
134
135
136
137
138
139
141
142
143
144
145
146
147
148
149
150
151
152
153
154
155
157
158
159
160
161
162
163
164
165
166
167
168
169
170
171
172
173
174
175
176
177
178
179
180
181
182
183
184
185
186
187
188
189
190
191
192
193
194
195
196
197
198
199
200
201
202
203
204
205
206
207
208
209
210
211
212
213
214
215
216
217
218
219
220
221
222
223
224
225
226
227
228
229
230
231
232
233
235
236
237
238
239
240
241
242
243
244
245
246
247
248
249
250
251
252
253
254
255
256
257
259
260
262
263
264
265
266
267
268
269
270
271
272
273
274
275
276
277
278
279
280
281
282
283
284
285
286
287
288
289
290
291
292
293
294
295
296
297
299
300
301
302
303
304
305
306
307
308
309
310
311
312
313
314
315
316
317
318
319
320
321
322
323
324
325
326
327
328
329
330
331
332
333
334
335
336
337
338
339
340
341
343
344
345
346
347
348
349
350
351
352
353
355
356
357
358
359
360
361
362
364
365
366
367
368
369
370
371
372
373
374
375
376
377
378
379
380
381
382
383
384
385
386
387
388
389
390
391
392
393
394
395
396
397
398
399
400
401
402
403
404
405
406
407
408
409
410
411
412
413
414
415
416
418
419
420
421
422
423
424
425
426
427
428
429
430
431
432
433
434
435
436
437
438
439
440
441
442
443
444
445
446
447
448
449
450
451
452
453
454
455
456
457
458
459
460
461
462
464
465
466
467
468
469
470
471
472
473
474
475
476
477
478
479
480
481
482
483
484
485
486
487
488
489
490
491
492
493
495
496
497
498
499
500
501
502
503
504
505
506
507
508
509
510
511
512
513
514
515
516
517
518
519
520
521
522
523
524
525
526
527
528
530
531
532
533
534
535
536
537
538
539
540
541
542
543
544
545
546
547
548
549
550
551
552
553
554
556
557
558
559
560
561
562
563
564
565
566
567
568
569
570
571
572
573
574
575
576
577
578
579
580
581
582
583
584
585
586
587
588
589
590
591
592
593
594
595
596
597
598
599
600
601
602
603
604
605
606
607
609
610
611
612
613
614
615
616
617
618
619
621
622
623
624
625
626
627
628
629
630
631
632
633
634
635
636
637
638
639
640
641
642
643
644
645
646
647
648
649
650
651
652
653
654
655
656
657
658
659
660
661
662
663
664
665
666
667
668
669
670
671
672
673
674
675
676
677
678
679
680
681
682
683
684
685
686
687
688
689
690
691
692
693
694
695
696
697
698
699
700
701
702
703
704
705
706
707
708
709
710
711
712
713
714
715
716
717
718
719
720
721
722
723
724
725
726
727
728
729
730
731
732
733
734
735
736
737
738
739
740
741
742
743
744
745
746
747
748
749
750
751
752
753
754
756
757
758
759
760
761
762
763
764
765
767
768
769
770
771
772
773
774
775
776
777
778
779
780
781
782
783
784
785
786
787
788
789
790
791
792
793
794
795
796
797
798
799
800
801
802
803
804
805
806
807
808
809
810
811
812
813
814
815
816
817
818
819
820
821
822
823
824
825
826
827
828
829
830
831
832
833
834
835
836
837
838
839
840
841
842
843
844
845
846
847
848
849
850
851
852
853
854
855
856
857
858
859
860
861
862
863
864
865
866
867
868
869
870
871
872
873
874
875
876
877
878
879
880
881
882
883
884
885
886
887
888
889
890
891
892
893
894
895
896
897
898
899
900
901
902
903
904
905
906
907
908
909
910
911
912
913
914
915
916
917
918
919
920
921
922
923
924
925
926
927
928
929
930
931
932
933
934
935
936
937
938
939
940
941
942
943
944
945
946
947
948
949
950
951
952
953
954
955
956
957
958
960
961
962
963
964
965
966
967
968
969
970
971
972
973
974
975
976
977
978
979
980
981
982
983
984
985
986
987
988
989
990
991
992
993
994
995
996
997
998
999
1000
1001
1002
1003
1004
1 309 1
2 119 1
2 236 4
2 77 1
2 112 1
2 790 6
2 983 1
2 248 1
2 283 2
4 371 1
4 135 1
5 491 4
5 732 1
8 90 2
8 731 2
13 738 1
13 532 1
14 738 1
14 924 1
14 506 1
15 731 2
15 422 1
16 541 3
24 136 4
24 658 1
24 629 4
24 530 2
24 647 1
29 732 1
30 256 3
30 356 5
30 294 1
30 166 1
31 92 1
31 971 1
31 428 1
31 165 12
31 718 3
32 977 3
32 572 1
32 718 1
32 280 1
32 530 1
32 851 1
32 502 1
32 920 2
32 731 1
32 915 1
35 978 1
38 832 1
38 309 1
40 450 4
40 900 1
40 712 1
40 90 1
40 159 1
40 607 1
42 534 1
45 66 2
45 782 1
46 399 1
48 684 1
52 168 1
52 66 1
52 126 2
53 712 1
53 633 2
53 193 2
56 746 1
56 687 1
56 915 1
56 692 1
56 502 1
56 591 1
56 731 1
56 157 1
61 980 1
61 522 1
61 428 5
61 718 2
61 278 2
62 485 4
62 542 4
62 159 7
64 534 1
65 193 1
65 462 1
65 687 1
65 592 1
65 692 3
65 629 4
65 90 1
65 220 6
65 927 3
66 227 2
66 966 1
66 782 2
66 986 1
66 575 1
67 344 8
67 963 3
67 165 4
67 207 3
75 772 5
75 334 2
75 850 1
75 629 1
75 127 1
75 220 2
75 191 1
77 168 1
77 868 1
77 439 1
82 135 1
83 863 1
84 97 1
86 443 1
90 416 2
90 900 2
90 613 1
90 422 1
90 841 2
90 356 1
90 912 1
90 984 1
90 850 1
90 500 4
90 553 1
90 248 1
90 644 2
90 381 1
90 927 1
91 416 1
92 428 1
92 207 2
95 531 1
95 251 1
97 456 1
97 334 1
97 591 1
98 592 2
98 268 1
98 454 2
101 377 1
101 866 1
101 246 3
101 718 2
101 423 3
102 534 1
104 765 1
104 742 1
105 233 3
105 364 1
106 788 1
107 980 1
107 381 2
111 602 1
112 803 2
117 268 1
118 732 1
119 465 1
119 700 1
119 790 1
119 812 1
120 356 1
122 980 1
122 693 2
125 534 1
126 168 1
126 260 1
126 790 4
126 294 2
131 738 1
133 256 8
133 602 1
134 592 2
134 416 1
134 291 1
134 923 1
134 454 3
135 581 1
135 870 1
135 746 2
135 371 1
135 628 1
135 405 1
136 200 2
136 428 8
137 771 2
139 534 1
141 978 1
141 614 4
142 428 1
142 207 1
147 416 1
147 278 1
149 423 1
150 415 2
151 290 1
151 566 1
152 443 1
153 977 14
154 534 1
157 450 1
157 746 1
157 684 1
157 462 1
157 530 1
157 915 1
157 586 2
157 542 3
159 290 2
159 443 2
159 316 2
159 940 8
159 802 3
159 783 1
159 912 1
159 500 8
159 214 5
159 738 1
159 506 1
159 923 4
159 220 5
160 280 1
160 530 6
160 891 1
160 428 1
160 629 1
164 879 1
165 401 13
165 915 1
165 344 4
165 316 1
166 416 2
166 500 3
167 978 1
167 851 2
167 988 2
167 383 1
168 260 1
168 232 1
168 356 2
168 586 5
168 912 12
168 472 1
168 885 2
168 984 7
168 868 5
168 602 2
168 575 1
170 697 6
170 855 1
171 590 3
171 951 1
173 738 1
173 924 1
173 582 2
175 849 7
175 275 2
175 670 1
175 737 2
176 887 2
184 423 1
185 854 2
187 450 1
188 552 1
188 978 1
188 851 2
188 469 1
189 969 6
189 716 2
189 718 7
189 883 1
189 724 1
189 280 1
189 569 2
189 410 1
191 927 1
193 544 1
193 714 10
193 416 2
193 629 1
193 633 2
193 540 3
196 850 1
197 738 1
199 738 1
199 924 1
199 506 2
199 702 1
200 971 5
200 428 2
206 534 1
207 424 7
207 241 1
207 978 1
208 236 1
209 356 1
209 765 2
214 290 2
214 923 2
214 940 1
214 844 1
214 578 1
214 912 2
214 738 1
214 283 1
214 765 3
220 290 5
220 749 2
220 334 1
220 890 1
221 746 1
223 322 1
223 853 1
223 462 1
228 605 1
229 306 1
229 659 1
229 863 1
231 764 1
231 462 1
231 338 1
231 245 3
231 698 2
231 987 1
231 540 2
231 607 1
232 416 2
233 993 1
233 835 1
233 591 1
233 692 2
233 890 2
233 443 1
236 364 1
236 1004 3
236 783 1
236 690 1
236 537 8
236 506 2
239 538 1
239 923 1
239 509 1
245 698 2
246 423 5
248 450 1
248 746 1
248 684 1
248 462 1
248 530 1
248 915 1
250 886 1
250 927 3
256 416 4
256 356 6
256 294 2
256 885 1
256 313 2
260 868 1
260 790 1
267 891 4
268 291 2
268 454 1
268 713 1
268 633 1
270 738 1
272 568 1
272 450 2
272 595 1
272 900 2
272 802 2
273 951 1
274 891 2
275 849 4
277 700 3
278 316 2
278 462 1
280 530 6
280 658 1
280 851 1
280 629 2
280 920 2
280 915 2
291 454 4
291 401 3
291 429 1
293 724 2
293 700 2
294 416 1
294 356 1
294 586 1
299 634 1
299 388 2
301 978 1
305 472 1
305 743 1
306 771 2
306 742 2
306 863 2
309 514 1
310 322 1
311 697 2
316 915 1
316 428 3
317 784 1
317 771 1
318 704 1
318 326 1
318 332 1
318 684 1
318 499 2
318 758 1
319 956 1
322 343 2
322 337 1
322 853 1
322 534 1
322 663 1
324 534 1
324 638 1
327 738 1
327 381 3
329 624 3
332 435 2
332 500 5
332 782 2
333 767 1
334 612 1
334 617 1
334 746 2
334 462 1
334 692 1
334 586 1
335 440 2
335 532 1
337 505 2
337 634 2
337 735 2
337 700 2
337 927 1
338 433 1
343 993 5
343 534 1
343 663 2
344 952 1
353 891 3
356 416 3
356 450 1
356 868 4
356 743 3
356 586 2
356 684 1
356 912 2
356 530 1
356 915 1
356 500 1
356 765 2
356 607 1
360 530 1
360 629 2
362 528 2
362 526 1
362 415 1
364 582 1
369 927 1
369 535 1
377 422 4
377 716 1
377 718 3
377 630 3
377 605 1
378 735 1
379 568 3
381 643 2
383 586 4
395 735 1
397 671 2
397 975 2
401 429 3
401 454 7
401 415 6
406 680 1
406 731 2
407 779 1
410 969 1
410 569 1
415 630 1
415 569 4
415 746 1
416 617 2
416 752 2
416 984 4
416 868 1
416 602 1
416 927 3
418 977 2
421 424 6
421 978 1
421 795 2
422 680 1
422 731 1
423 866 1
423 710 1
423 779 1
423 716 1
423 977 2
424 658 1
424 978 1
424 795 6
424 990 2
428 802 7
428 647 1
428 971 1
428 915 10
428 952 1
428 857 1
428 990 1
429 925 1
429 454 6
432 468 1
435 500 6
435 782 1
437 738 1
440 582 1
443 742 4
444 722 1
444 927 1
444 535 1
447 984 5
450 802 3
450 900 2
450 712 1
450 947 1
450 746 1
450 684 3
450 462 1
450 530 2
450 915 2
450 586 1
450 662 2
450 695 1
450 568 2
450 572 1
454 609 1
454 772 2
454 592 4
462 783 1
462 517 1
462 742 1
462 833 6
462 617 1
462 718 1
462 687 1
462 851 1
462 692 1
462 670 1
462 591 1
462 923 1
462 542 1
464 980 2
466 662 1
469 978 2
469 851 1
470 789 3
472 912 3
472 743 1
472 575 2
477 534 1
482 569 3
482 531 1
485 927 1
487 534 1
489 534 1
491 977 1
493 978 1
493 530 1
493 629 1
495 568 1
499 684 2
499 565 2
499 558 2
500 515 2
500 586 3
500 782 2
502 920 1
502 746 1
502 569 2
505 735 1
506 738 1
506 996 1
506 951 1
506 921 1
506 924 1
508 738 1
509 788 1
509 893 1
510 534 1
512 978 4
513 927 1
514 832 1
514 735 1
516 881 1
516 738 1
516 790 4
516 761 1
517 746 1
526 530 1
526 629 2
530 658 1
530 915 4
530 684 2
530 685 1
530 586 1
530 851 1
530 746 1
530 920 1
530 629 10
530 630 4
530 891 2
531 987 3
532 738 1
532 670 1
534 939 1
534 562 1
534 622 1
534 890 1
534 746 2
538 569 2
540 736 1
540 697 3
540 698 2
540 955 3
541 977 1
541 738 1
541 951 1
542 646 1
542 746 1
542 812 2
542 927 1
547 978 1
550 617 1
550 746 1
552 858 1
552 978 1
552 614 2
557 927 1
561 629 2
561 846 8
565 723 1
568 900 4
568 712 1
568 746 1
568 662 1
568 700 1
569 862 1
576 738 1
581 936 1
582 764 2
586 684 1
586 912 2
586 915 1
586 984 9
591 746 3
591 718 1
592 927 3
595 718 1
602 743 3
602 912 1
603 735 1
605 789 1
605 693 1
607 629 1
609 707 1
609 772 3
609 951 1
609 633 1
609 927 3
614 978 1
617 714 1
617 923 1
626 863 1
629 838 5
629 658 1
629 685 1
629 846 1
629 630 5
629 631 1
629 891 11
633 923 2
638 832 1
643 810 1
643 685 14
644 1001 2
644 738 1
644 924 1
647 915 4
648 765 2
650 738 2
650 682 1
650 654 1
650 783 1
653 738 1
654 738 1
657 738 1
659 742 2
663 950 2
680 720 1
680 707 1
682 738 1
682 924 1
684 915 2
685 1001 2
685 724 3
688 898 1
692 993 2
692 742 1
692 746 10
692 775 1
692 863 2
697 855 10
697 925 2
698 840 2
698 873 2
698 764 2
700 812 1
702 738 1
702 924 1
707 880 1
707 951 1
708 718 1
711 718 2
714 890 2
715 951 1
716 718 1
718 866 10
718 904 1
718 746 2
718 754 2
718 980 2
718 920 1
718 724 1
718 883 1
719 738 1
720 833 3
731 746 1
731 915 1
731 920 1
735 780 1
735 822 1
737 849 1
738 783 1
738 921 1
738 923 1
738 924 1
738 837 1
738 850 2
738 979 1
738 996 1
738 1001 1
738 747 1
738 881 1
738 745 1
738 761 1
742 993 1
742 746 1
742 784 1
743 746 1
746 776 1
746 783 1
746 915 1
746 920 1
746 935 8
746 775 1
746 834 1
746 836 1
746 851 1
746 980 1
758 844 1
758 956 2
758 918 3
761 881 1
761 866 1
769 798 1
769 863 1
780 832 1
784 863 1
790 812 6
795 978 7
809 987 1
817 978 1
823 927 1
849 921 1
851 978 1
851 915 1
851 920 1
854 927 1
857 915 1
863 993 1
868 912 1
912 984 2
915 920 2
923 951 1
924 1001 1
954 978 1
969 977 2
977 1001 2
977 1004 3
978 988 1
