0
1
2
3
4
5
6
7
8
9
10
11
12
13
14
15
16
17
18
19
20
21
22
23
24
25
26
27
28
29
30
31
32
33
34
35
36
37
38
39
40
41
42
43
44
45
46
47
48
49
50
51
52
53
54
55
56
57
58
59
60
61
62
63
64
65
66
67
68
69
70
71
72
73
74
75
76
77
78
79
80
81
82
83
84
85
86
87
88
89
90
91
92
93
94
95
96
97
98
99
100
101
102
103
104
105
106
107
108
109
110
111
112
113
114
115
116
117
118
119
120
121
122
123
124
125
126
127
128
129
130
131
132
133
134
135
136
137
138
139
141
142
143
144
145
146
147
148
149
150
151
152
153
154
155
157
158
159
160
161
162
163
164
165
166
167
168
169
170
171
172
173
174
175
176
177
178
179
180
181
182
183
184
185
186
187
188
189
190
191
192
193
194
195
196
197
198
199
200
201
202
203
204
205
206
207
208
209
210
211
212
213
214
215
216
217
218
219
220
221
222
223
224
225
226
227
228
229
230
231
232
233
235
236
237
238
239
240
241
242
243
244
245
246
247
248
249
250
251
252
253
254
255
256
257
259
260
262
263
264
265
266
267
268
269
270
271
272
273
274
275
276
277
278
279
280
281
282
283
284
285
286
287
288
289
290
291
292
293
294
295
296
297
299
300
301
302
303
304
305
306
307
308
309
310
311
312
313
314
315
316
317
318
319
320
321
322
323
324
325
326
327
328
329
330
331
332
333
334
335
336
337
338
339
340
341
343
344
345
346
347
348
349
350
351
352
353
355
356
357
358
359
360
361
362
364
365
366
367
368
369
370
371
372
373
374
375
376
377
378
379
380
381
382
383
384
385
386
387
388
389
390
391
392
393
394
395
396
397
398
399
400
401
402
403
404
405
406
407
408
409
410
411
412
413
414
415
416
418
419
420
421
422
423
424
425
426
427
428
429
430
431
432
433
434
435
436
437
438
439
440
441
442
443
444
445
446
447
448
449
450
451
452
453
454
455
456
457
458
459
460
461
462
464
465
466
467
468
469
470
471
472
473
474
475
476
477
478
479
480
481
482
483
484
485
486
487
488
489
490
491
492
493
495
496
497
498
499
500
501
502
503
504
505
506
507
508
509
510
511
512
513
514
515
516
517
518
519
520
521
522
523
524
525
526
527
528
530
531
532
533
534
535
536
537
538
539
540
541
542
543
544
545
546
547
548
549
550
551
552
553
554
556
557
558
559
560
561
562
563
564
565
566
567
568
569
570
571
572
573
574
575
576
577
578
579
580
581
582
583
584
585
586
587
588
589
590
591
592
593
594
595
596
597
598
599
600
601
602
603
604
605
606
607
609
610
611
612
613
614
615
616
617
618
619
621
622
623
624
625
626
627
628
629
630
631
632
633
634
635
636
637
638
639
640
641
642
643
644
645
646
647
648
649
650
651
652
653
654
655
656
657
658
659
660
661
662
663
664
665
666
667
668
669
670
671
672
673
674
675
676
677
678
679
680
681
682
683
684
685
686
687
688
689
690
691
692
693
694
695
696
697
698
699
700
701
702
703
704
705
706
707
708
709
710
711
712
713
714
715
716
717
718
719
720
721
722
723
724
725
726
727
728
729
730
731
732
733
734
735
736
737
738
739
740
741
742
743
744
745
746
747
748
749
750
751
752
753
754
756
757
758
759
760
761
762
763
764
765
767
768
769
770
771
772
773
774
775
776
777
778
779
780
781
782
783
784
785
786
787
788
789
790
791
792
793
794
795
796
797
798
799
800
801
802
803
804
805
806
807
808
809
810
811
812
813
814
815
816
817
818
819
820
821
822
823
824
825
826
827
828
829
830
831
832
833
834
835
836
837
838
839
840
841
842
843
844
845
846
847
848
849
850
851
852
853
854
855
856
857
858
859
860
861
862
863
864
865
866
867
868
869
870
871
872
873
874
875
876
877
878
879
880
881
882
883
884
885
886
887
888
889
890
891
892
893
894
895
896
897
898
899
900
901
902
903
904
905
906
907
908
909
910
911
912
913
914
915
916
917
918
919
920
921
922
923
924
925
926
927
928
929
930
931
932
933
934
935
936
937
938
939
940
941
942
943
944
945
946
947
948
949
950
951
952
953
954
955
956
957
958
960
961
962
963
964
965
966
967
968
969
970
971
972
973
974
975
976
977
978
979
980
981
982
983
984
985
986
987
988
989
990
991
992
993
994
995
996
997
998
999
1000
1001
1002
1003
1004
0 249 1
0 178 3
2 812 2
2 782 6
2 466 2
2 405 1
2 790 1
2 700 2
3 782 1
4 371 1
4 135 4
5 980 1
5 175 7
6 249 2
6 178 4
8 414 1
13 738 1
13 516 1
13 314 4
13 654 1
13 719 1
14 516 1
14 783 1
14 850 4
14 724 5
14 410 1
14 719 2
14 924 13
14 506 9
14 702 9
15 680 2
15 731 4
15 422 2
16 777 4
16 410 1
16 19 1
17 857 3
17 316 2
19 61 1
21 782 1
24 782 1
24 629 8
24 280 2
24 891 1
24 188 1
24 445 2
24 990 1
25 48 1
25 458 2
28 840 1
28 987 5
29 899 1
29 381 2
29 175 1
30 425 1
30 948 1
31 316 3
31 214 1
31 990 5
31 165 4
32 739 1
32 580 2
32 840 1
32 534 1
32 791 2
32 280 1
32 188 1
32 669 1
35 280 1
35 978 1
35 207 1
38 343 3
40 712 2
40 450 1
40 572 3
41 48 1
41 458 2
46 369 1
46 132 1
48 1000 2
48 458 6
48 684 1
48 558 1
48 723 1
48 216 1
48 956 2
48 319 2
50 559 3
52 356 5
52 168 3
52 912 2
52 868 5
52 765 4
52 126 1
53 290 1
53 518 4
53 425 1
53 546 2
53 435 1
53 633 2
56 840 2
56 65 1
56 410 1
56 987 5
58 483 1
60 947 1
61 181 1
61 546 2
61 517 3
61 742 1
61 840 2
61 586 1
61 718 6
61 693 1
61 782 2
61 122 2
61 926 5
61 991 1
62 800 5
62 485 2
62 646 1
62 500 3
62 214 3
62 571 6
62 542 2
65 865 2
65 196 1
65 135 2
65 75 8
65 948 1
65 772 1
67 656 1
67 344 1
67 963 6
67 165 1
68 840 1
68 987 5
70 832 2
70 334 2
70 663 2
70 633 2
70 90 2
70 509 1
70 415 2
71 595 2
73 565 2
74 256 3
74 392 2
74 294 9
74 166 2
74 648 2
74 974 5
74 112 1
74 104 1
74 948 2
74 214 1
74 984 3
74 313 1
74 90 4
74 573 2
75 633 1
77 168 7
77 425 1
77 266 2
77 912 4
77 790 2
77 439 1
78 710 1
78 249 1
78 178 3
78 878 1
78 502 7
82 784 1
82 870 1
83 784 2
83 697 1
88 106 1
88 343 1
90 769 1
90 898 1
90 147 1
90 534 1
90 923 7
90 926 2
90 166 1
90 167 1
90 168 1
90 178 3
90 948 3
90 188 1
90 837 1
90 850 2
90 851 1
90 214 2
90 609 2
90 356 3
90 978 1
90 881 3
90 638 1
91 178 1
92 316 2
93 192 1
95 840 1
95 987 5
96 420 1
98 401 8
98 707 3
98 268 1
98 429 1
99 249 1
99 178 5
99 207 1
99 862 2
99 929 1
101 377 1
101 246 4
101 423 2
104 356 1
104 294 2
104 648 3
104 425 25
104 974 1
104 721 4
106 906 2
106 634 1
106 402 1
107 737 2
107 643 1
107 808 1
107 810 2
107 1004 1
107 468 1
107 696 1
107 980 1
109 721 1
109 913 3
112 674 2
112 356 1
112 517 1
112 166 2
112 267 2
113 163 1
113 646 1
114 718 1
117 268 1
118 178 1
118 135 1
119 700 1
119 812 3
120 707 1
120 772 1
120 742 4
120 425 5
120 948 1
120 566 2
120 900 1
122 428 1
122 718 1
122 915 1
122 185 1
122 857 1
126 356 2
126 133 1
126 294 4
126 168 1
126 586 5
126 782 1
126 759 3
126 573 1
127 178 3
127 595 2
127 934 1
127 415 1
129 577 1
129 926 3
135 581 8
135 870 4
135 942 8
135 371 2
135 692 2
135 292 2
135 383 1
135 415 2
136 857 2
136 316 3
139 601 2
139 510 1
139 369 2
141 280 1
141 978 1
141 188 1
141 469 2
142 280 1
142 188 1
142 316 3
142 207 1
147 416 9
147 577 5
147 931 1
147 933 1
147 454 4
147 972 1
147 171 1
147 715 5
147 748 1
147 590 1
147 355 1
147 277 1
147 150 4
147 471 1
147 347 1
147 383 1
147 285 1
147 926 3
147 686 3
149 716 3
149 718 1
149 423 1
150 316 2
150 471 1
151 962 1
151 617 1
151 687 1
151 278 1
151 890 1
151 923 3
152 443 3
157 577 1
157 356 3
157 517 3
157 586 1
157 684 3
157 686 1
157 530 2
157 277 1
157 535 1
157 542 2
160 838 2
160 658 1
160 530 3
160 629 5
160 280 1
160 571 13
161 571 6
163 646 1
163 518 1
163 913 1
163 895 6
163 799 3
164 879 2
164 343 1
165 207 5
165 401 9
165 344 5
165 316 3
166 516 1
166 435 1
166 500 4
166 984 5
166 356 1
166 586 3
167 978 1
167 469 1
168 260 5
168 966 1
168 948 5
168 425 1
168 266 4
168 232 4
168 912 40
168 984 2
168 313 3
168 949 9
168 790 2
168 439 2
168 472 10
168 356 17
168 923 3
168 765 1
168 575 1
169 688 1
169 595 2
170 784 1
170 840 2
171 577 2
171 933 1
171 185 3
171 347 2
171 926 2
173 506 6
173 516 1
173 719 1
175 423 3
178 409 4
178 538 3
178 415 5
178 929 3
178 295 3
178 990 1
178 693 4
178 569 3
178 314 3
178 833 3
178 710 3
178 333 3
178 976 3
178 339 3
178 724 1
178 470 6
178 599 3
178 605 26
178 862 16
178 991 3
178 482 1
178 228 4
178 749 2
178 752 1
178 502 29
178 249 5
178 767 3
180 958 1
181 656 1
181 353 1
181 274 1
184 633 1
184 779 1
184 407 1
185 833 1
185 762 1
185 534 2
187 450 1
188 547 1
188 561 1
188 360 1
188 280 2
188 978 1
188 526 2
188 631 1
189 376 1
189 530 3
189 718 2
190 656 1
190 614 1
191 948 1
191 415 2
193 707 1
196 731 1
196 468 1
196 401 1
197 719 1
199 996 1
199 506 11
199 644 1
199 516 1
199 719 1
200 952 2
200 772 4
200 915 2
200 316 7
207 424 1
207 428 6
207 493 1
207 558 7
207 978 1
207 373 3
207 888 1
207 953 1
207 954 1
207 795 4
207 349 2
207 990 4
207 469 2
214 290 1
214 707 1
214 518 5
214 742 10
214 662 2
214 712 1
214 278 1
214 334 2
214 367 2
214 912 2
214 500 7
214 629 1
214 502 2
214 951 1
214 377 1
214 923 4
214 316 1
216 321 5
216 458 3
216 318 1
216 558 5
220 609 2
223 718 4
224 316 2
224 990 2
225 779 1
228 249 1
228 605 2
228 502 4
229 421 2
229 777 1
229 397 1
229 718 1
229 334 1
229 316 2
229 415 1
231 738 1
231 923 1
231 840 2
231 874 2
231 749 6
231 849 3
231 338 3
231 245 2
231 921 2
231 987 6
231 540 3
231 511 1
232 356 3
232 648 1
232 425 7
232 472 12
232 313 1
233 746 2
233 835 1
233 692 8
233 278 1
235 948 1
236 393 3
239 577 2
240 435 1
241 280 1
243 718 1
243 607 1
245 840 1
245 874 2
245 338 2
245 987 5
245 540 1
246 724 7
246 423 4
248 833 1
248 891 1
248 550 5
249 519 1
249 409 1
249 538 1
249 929 1
249 693 1
249 314 1
249 710 1
249 333 1
249 976 1
249 470 2
249 599 1
249 605 1
249 862 1
249 991 1
249 502 1
249 767 1
250 356 1
250 662 1
250 518 1
250 332 3
250 948 1
250 886 1
250 542 1
251 840 1
251 987 5
256 356 3
256 294 2
256 425 3
256 974 1
256 721 1
260 912 5
260 948 2
264 738 2
264 540 2
266 425 1
267 517 2
267 648 1
267 586 1
267 782 2
267 751 1
267 984 1
267 466 2
267 435 4
267 948 5
267 630 1
267 344 1
267 891 13
267 478 1
268 291 1
268 454 1
268 713 1
268 633 1
270 516 1
270 719 1
272 362 1
272 662 1
273 951 14
274 656 1
274 469 1
277 571 1
277 931 1
277 577 1
278 833 1
278 617 1
278 923 3
280 902 4
280 647 1
280 656 1
280 920 2
280 530 4
280 915 2
280 547 1
280 421 1
280 422 1
280 301 1
280 561 1
280 953 1
280 851 3
280 526 1
280 990 1
280 293 2
280 360 1
280 700 1
280 629 7
280 631 1
280 469 1
284 731 1
285 336 1
285 577 2
288 610 13
288 484 14
288 773 13
288 391 14
288 846 21
288 530 1
288 629 22
288 630 9
289 506 1
289 810 1
290 589 4
293 697 4
293 724 1
293 862 2
293 377 1
294 332 3
294 974 1
294 435 2
294 885 2
294 790 1
294 759 5
294 984 2
294 313 1
294 586 5
294 447 1
301 978 2
301 547 1
302 316 3
302 543 1
306 696 2
306 334 1
306 742 1
306 718 1
309 832 1
310 343 5
311 840 2
311 697 1
311 987 5
313 356 10
313 425 1
313 974 1
313 912 2
313 721 1
313 946 1
313 598 4
313 472 1
313 730 1
314 929 4
314 693 1
314 605 3
314 767 3
316 772 2
316 647 2
316 915 9
316 543 3
316 428 5
316 392 1
316 952 5
316 953 3
316 833 1
316 971 3
316 725 1
316 344 2
316 857 3
316 349 2
316 990 3
316 351 6
316 888 2
318 840 2
318 332 1
318 558 3
318 400 2
318 499 1
319 832 3
319 386 1
319 1002 3
319 844 1
319 558 2
319 956 4
319 458 5
320 337 1
321 618 1
321 499 1
323 343 1
324 951 2
326 696 1
327 516 1
327 381 1
327 719 1
329 624 2
329 819 1
329 695 1
332 803 1
332 838 1
332 617 2
332 425 4
332 586 9
332 844 2
332 782 5
332 435 5
332 948 4
332 854 1
332 759 2
332 472 8
332 500 10
332 539 2
333 470 1
333 767 6
334 450 2
334 356 1
334 586 2
334 687 1
334 500 1
334 696 2
334 692 2
334 923 1
334 700 2
334 607 2
336 577 1
336 926 4
338 840 2
338 873 1
338 849 4
338 987 5
338 540 4
338 789 2
343 950 8
343 534 1
343 749 6
343 399 2
343 853 4
343 663 9
344 373 5
346 559 2
347 577 1
351 782 1
353 656 1
353 891 4
353 391 2
355 577 2
356 517 2
356 648 3
356 782 2
356 912 11
356 535 1
356 923 1
356 730 1
356 542 2
356 425 10
356 684 1
356 948 7
356 586 5
356 721 2
356 472 22
356 602 3
356 743 2
356 744 3
356 765 2
360 629 5
360 526 2
361 840 1
361 987 5
362 984 1
362 609 3
362 528 1
362 383 10
364 641 1
364 582 1
365 718 1
367 613 1
367 841 1
367 713 1
367 951 1
367 940 2
367 887 1
367 377 1
369 832 2
369 485 1
369 423 1
369 535 1
371 530 1
371 415 1
373 391 2
374 400 1
376 919 1
377 685 2
377 696 3
379 568 2
381 532 12
383 912 3
383 589 2
383 528 1
383 731 1
383 720 1
383 586 3
390 784 15
391 610 1
391 484 1
392 700 1
392 948 3
392 517 1
394 571 6
400 813 2
401 454 8
401 429 14
401 415 16
404 718 1
405 782 1
407 843 6
407 779 1
410 719 1
414 891 15
415 833 6
415 546 1
415 518 3
415 425 1
415 811 7
415 429 9
415 718 1
415 502 1
416 707 1
416 425 7
416 912 3
416 435 2
416 948 6
416 629 6
416 790 5
418 996 3
420 559 2
421 978 1
421 795 3
422 680 4
422 696 1
422 527 1
422 731 8
423 832 1
423 866 2
423 716 1
423 977 2
423 849 2
424 978 1
424 795 3
424 990 5
425 912 3
425 946 2
425 948 2
425 949 3
425 439 1
425 721 1
425 598 2
425 472 6
425 730 1
425 743 1
425 633 1
425 765 3
427 955 4
428 838 1
428 915 1
428 543 1
429 454 2
433 840 1
433 738 2
433 987 7
433 540 1
433 789 1
435 838 1
435 586 3
435 782 5
435 500 7
435 759 1
435 573 1
437 516 1
437 719 1
439 912 2
440 737 1
443 718 2
443 742 4
443 662 1
445 891 3
450 802 1
450 965 1
450 712 3
450 923 2
450 915 7
450 695 1
450 571 12
450 572 1
450 947 1
458 704 2
458 1000 4
458 684 2
458 558 3
458 723 2
458 956 3
459 517 1
465 700 1
465 812 4
466 586 2
466 782 3
466 695 1
469 547 1
469 978 2
470 538 1
472 912 2
472 948 1
472 598 2
472 602 2
472 868 3
476 633 1
479 980 1
479 718 1
480 840 1
480 987 5
482 840 2
482 531 3
482 990 2
482 987 5
483 718 1
483 775 3
484 838 1
484 493 3
484 629 4
484 630 10
485 646 2
485 551 1
486 656 1
488 947 1
493 629 4
499 683 1
499 684 1
500 782 2
500 586 6
500 814 1
500 687 3
500 948 2
500 923 3
500 573 1
502 710 5
502 749 4
502 693 3
502 878 8
502 991 1
502 605 3
503 704 2
506 576 5
506 644 4
506 1001 6
506 719 3
506 921 2
506 516 1
506 951 1
506 996 3
506 924 6
506 541 2
507 658 1
507 629 1
507 782 2
509 832 1
510 939 1
510 638 1
511 849 1
512 978 1
512 630 2
514 780 1
514 950 3
516 644 1
516 650 1
516 783 1
516 657 1
516 532 1
516 921 1
516 923 1
516 924 2
516 541 1
516 682 1
516 945 1
516 828 1
516 702 1
516 576 1
516 837 1
516 719 2
516 850 1
516 979 1
516 654 1
516 738 1
516 996 1
516 743 4
516 1001 1
516 881 1
516 745 1
516 761 1
517 674 2
517 803 2
517 586 2
517 684 1
517 948 3
517 535 1
517 751 1
517 542 2
518 854 1
518 535 7
518 913 1
518 823 4
518 799 4
518 542 3
518 895 8
523 863 2
526 530 1
526 629 6
527 870 1
527 680 1
527 720 1
527 710 1
527 731 1
528 531 2
528 731 1
528 566 3
530 571 13
530 685 3
530 920 1
530 658 3
530 851 2
530 629 6
530 891 5
530 915 1
531 840 1
531 987 5
532 828 3
532 719 1
533 784 1
534 571 3
535 542 3
540 641 7
540 955 3
540 582 1
540 873 2
540 874 2
540 840 2
540 855 1
540 697 2
540 987 8
541 738 4
541 837 1
541 719 2
541 850 6
541 923 1
542 586 1
542 684 1
542 571 6
543 971 1
546 715 1
546 550 2
547 978 1
550 595 2
550 743 1
551 799 1
551 895 4
552 978 1
558 1000 2
558 684 1
558 956 1
559 622 1
561 629 4
563 731 3
565 684 1
565 956 1
565 926 1
571 900 11
571 742 6
571 870 1
571 935 11
571 776 5
571 684 10
571 813 11
571 663 2
575 949 2
575 966 1
576 719 1
577 933 5
577 715 2
577 748 1
577 590 1
577 926 4
577 686 1
580 582 2
581 997 1
581 855 2
582 840 1
582 764 1
582 987 6
584 731 1
585 922 1
585 767 1
586 782 10
586 915 1
586 923 1
586 687 1
586 984 9
586 730 1
586 751 1
586 885 4
591 718 1
591 607 1
595 1004 1
595 718 4
598 918 1
599 605 4
599 929 1
600 956 1
602 721 4
602 765 1
602 743 2
605 685 2
605 693 1
605 790 1
605 700 1
607 696 2
607 1003 1
609 716 1
609 707 2
610 629 1
614 978 1
614 991 1
617 833 2
617 923 2
617 811 3
617 987 1
624 746 1
624 692 2
628 937 6
629 902 1
629 658 4
629 685 4
629 838 1
629 846 4
629 750 4
629 630 4
629 631 4
629 891 5
633 707 2
634 788 2
638 832 1
638 649 1
638 790 2
641 840 2
641 987 7
643 685 1
644 996 2
644 1001 7
644 719 3
644 850 1
644 924 1
648 974 1
648 721 2
650 719 1
654 738 6
654 837 1
654 783 2
654 719 1
654 991 2
656 838 1
656 782 2
656 920 1
657 719 1
662 900 1
664 810 1
668 746 2
671 975 1
672 956 1
674 948 1
677 782 1
680 731 5
680 707 2
682 850 3
682 719 3
684 704 2
684 844 2
686 926 1
687 696 2
687 724 1
687 923 1
692 775 2
692 746 1
692 749 1
692 696 2
695 947 1
696 891 2
697 771 1
697 855 4
697 925 4
698 840 1
698 987 6
700 812 5
702 719 1
704 956 3
707 880 1
707 951 2
707 923 3
711 718 1
715 926 9
716 718 1
717 782 1
718 904 2
718 915 2
718 991 1
718 969 2
718 724 2
718 742 3
718 980 1
719 783 3
719 921 1
719 923 1
719 924 1
719 945 1
719 828 1
719 837 4
719 850 1
719 979 1
719 738 2
719 996 1
719 1001 5
719 881 1
719 745 1
719 761 1
720 746 2
720 935 5
721 743 1
723 758 1
724 1004 1
724 883 4
738 923 4
738 837 3
738 745 1
738 783 5
738 921 1
738 828 1
742 900 3
746 935 3
746 813 3
748 926 5
752 811 1
754 883 1
758 956 2
758 918 1
762 984 3
764 840 3
764 994 1
764 987 5
764 874 2
765 868 1
765 912 2
765 948 5
774 947 6
778 881 1
779 843 2
779 883 1
780 950 1
782 790 1
782 838 2
782 984 2
782 988 1
784 870 1
784 855 2
784 863 4
789 840 1
789 987 5
790 868 3
790 812 1
795 978 1
796 840 1
796 987 5
799 895 2
809 840 1
809 987 6
817 978 1
817 851 2
823 895 9
840 925 2
840 955 2
840 849 1
840 987 7
840 994 1
840 872 1
840 873 1
840 874 2
844 956 1
844 918 1
849 874 1
849 987 5
850 996 1
850 924 3
851 920 1
851 978 1
851 915 1
851 954 1
857 915 1
858 991 1
866 951 1
867 974 1
868 974 1
868 912 1
872 987 9
873 987 5
873 874 2
874 925 1
878 929 3
885 974 1
890 923 2
890 948 1
890 1003 1
912 948 4
912 949 10
923 951 1
923 948 2
924 1001 3
925 955 1
948 974 1
954 978 1
955 987 9
957 978 1
962 987 1
974 984 2
978 988 1
987 994 5
