0
1
2
3
4
5
6
7
8
9
10
11
12
13
14
15
16
17
18
19
20
21
22
23
24
25
26
27
28
29
30
31
32
33
34
35
36
37
38
39
40
41
42
43
44
45
46
47
48
49
50
51
52
53
54
55
56
57
58
59
60
61
62
63
64
65
66
67
68
69
70
71
72
73
74
75
76
77
78
79
80
81
82
83
84
85
86
87
88
89
90
91
92
93
94
95
96
97
98
99
100
101
102
103
104
105
106
107
108
109
110
111
112
113
114
115
116
117
118
119
120
121
122
123
124
125
126
127
128
129
130
131
132
133
134
135
136
137
138
139
141
142
143
144
145
146
147
148
149
150
151
152
153
154
155
157
158
159
160
161
162
163
164
165
166
167
168
169
170
171
172
173
174
175
176
177
178
179
180
181
182
183
184
185
186
187
188
189
190
191
192
193
194
195
196
197
198
199
200
201
202
203
204
205
206
207
208
209
210
211
212
213
214
215
216
217
218
219
220
221
222
223
224
225
226
227
228
229
230
231
232
233
235
236
237
238
239
240
241
242
243
244
245
246
247
248
249
250
251
252
253
254
255
256
257
259
260
262
263
264
265
266
267
268
269
270
271
272
273
274
275
276
277
278
279
280
281
282
283
284
285
286
287
288
289
290
291
292
293
294
295
296
297
299
300
301
302
303
304
305
306
307
308
309
310
311
312
313
314
315
316
317
318
319
320
321
322
323
324
325
326
327
328
329
330
331
332
333
334
335
336
337
338
339
340
341
343
344
345
346
347
348
349
350
351
352
353
355
356
357
358
359
360
361
362
364
365
366
367
368
369
370
371
372
373
374
375
376
377
378
379
380
381
382
383
384
385
386
387
388
389
390
391
392
393
394
395
396
397
398
399
400
401
402
403
404
405
406
407
408
409
410
411
412
413
414
415
416
418
419
420
421
422
423
424
425
426
427
428
429
430
431
432
433
434
435
436
437
438
439
440
441
442
443
444
445
446
447
448
449
450
451
452
453
454
455
456
457
458
459
460
461
462
464
465
466
467
468
469
470
471
472
473
474
475
476
477
478
479
480
481
482
483
484
485
486
487
488
489
490
491
492
493
495
496
497
498
499
500
501
502
503
504
505
506
507
508
509
510
511
512
513
514
515
516
517
518
519
520
521
522
523
524
525
526
527
528
530
531
532
533
534
535
536
537
538
539
540
541
542
543
544
545
546
547
548
549
550
551
552
553
554
556
557
558
559
560
561
562
563
564
565
566
567
568
569
570
571
572
573
574
575
576
577
578
579
580
581
582
583
584
585
586
587
588
589
590
591
592
593
594
595
596
597
598
599
600
601
602
603
604
605
606
607
609
610
611
612
613
614
615
616
617
618
619
621
622
623
624
625
626
627
628
629
630
631
632
633
634
635
636
637
638
639
640
641
642
643
644
645
646
647
648
649
650
651
652
653
654
655
656
657
658
659
660
661
662
663
664
665
666
667
668
669
670
671
672
673
674
675
676
677
678
679
680
681
682
683
684
685
686
687
688
689
690
691
692
693
694
695
696
697
698
699
700
701
702
703
704
705
706
707
708
709
710
711
712
713
714
715
716
717
718
719
720
721
722
723
724
725
726
727
728
729
730
731
732
733
734
735
736
737
738
739
740
741
742
743
744
745
746
747
748
749
750
751
752
753
754
756
757
758
759
760
761
762
763
764
765
767
768
769
770
771
772
773
774
775
776
777
778
779
780
781
782
783
784
785
786
787
788
789
790
791
792
793
794
795
796
797
798
799
800
801
802
803
804
805
806
807
808
809
810
811
812
813
814
815
816
817
818
819
820
821
822
823
824
825
826
827
828
829
830
831
832
833
834
835
836
837
838
839
840
841
842
843
844
845
846
847
848
849
850
851
852
853
854
855
856
857
858
859
860
861
862
863
864
865
866
867
868
869
870
871
872
873
874
875
876
877
878
879
880
881
882
883
884
885
886
887
888
889
890
891
892
893
894
895
896
897
898
899
900
901
902
903
904
905
906
907
908
909
910
911
912
913
914
915
916
917
918
919
920
921
922
923
924
925
926
927
928
929
930
931
932
933
934
935
936
937
938
939
940
941
942
943
944
945
946
947
948
949
950
951
952
953
954
955
956
957
958
960
961
962
963
964
965
966
967
968
969
970
971
972
973
974
975
976
977
978
979
980
981
982
983
984
985
986
987
988
989
990
991
992
993
994
995
996
997
998
999
1000
1001
1002
1003
1004
0 569 1
0 178 3
2 66 1
2 790 1
6 569 1
6 178 2
14 881 1
14 644 1
14 702 2
16 410 1
16 718 1
19 718 1
24 629 4
24 647 1
28 987 3
29 159 1
32 337 2
32 214 1
38 474 1
38 939 1
45 66 1
48 90 1
48 684 1
50 559 2
56 987 3
61 522 1
61 718 1
62 571 3
62 646 1
65 607 1
67 963 6
67 165 4
67 846 6
67 207 6
67 561 5
67 344 5
68 987 3
69 343 1
74 586 1
77 912 3
77 168 1
77 782 2
78 569 1
78 178 2
84 97 1
86 443 1
90 135 1
90 220 1
90 843 2
90 248 2
90 316 1
90 927 1
91 483 1
95 987 4
98 592 3
98 713 1
98 707 1
98 429 1
101 718 2
101 246 1
102 534 1
103 423 1
104 126 1
105 418 2
107 464 1
107 664 2
111 586 1
112 674 1
112 267 3
113 927 1
119 812 1
120 135 2
120 927 1
122 410 1
126 782 1
127 607 1
134 592 5
134 178 1
135 292 1
135 581 4
135 170 1
135 337 2
135 692 2
135 549 2
136 915 1
137 936 1
151 253 2
153 410 1
159 290 1
159 940 1
159 502 1
160 857 1
160 571 6
160 629 2
161 571 1
165 401 2
166 586 1
167 181 2
167 630 3
168 868 1
168 260 7
168 782 6
168 439 2
175 410 1
175 423 1
178 976 2
178 228 2
178 502 6
178 599 2
178 333 2
178 710 2
178 693 2
178 470 2
178 409 2
178 249 2
178 538 3
178 605 2
178 862 2
178 767 2
181 274 1
181 724 2
184 377 2
188 630 1
189 410 1
189 915 3
189 724 1
189 718 2
191 927 2
192 381 1
193 707 1
199 644 1
200 915 1
207 424 1
208 506 1
208 236 1
209 356 1
214 290 1
214 283 2
216 684 1
220 483 1
223 343 1
228 569 1
228 502 1
229 306 1
231 987 3
231 540 1
231 607 1
232 313 2
232 790 2
233 329 1
233 692 2
236 1004 1
245 987 3
246 423 1
249 569 1
250 927 1
251 410 1
251 987 3
253 290 2
253 566 2
257 316 1
260 949 1
260 439 4
267 586 1
267 629 4
267 526 1
272 595 1
272 900 1
277 571 1
277 686 2
280 629 1
285 571 1
290 923 1
290 687 1
291 429 1
293 724 1
294 586 1
295 569 1
301 978 1
301 493 1
306 659 1
306 607 1
311 987 3
313 648 1
313 472 1
316 647 1
316 428 1
316 915 2
316 990 2
317 692 1
318 684 3
319 684 1
321 499 1
321 684 1
329 849 1
332 782 3
333 569 1
334 607 1
337 505 1
337 586 2
338 987 3
343 399 1
343 663 1
360 629 1
361 987 4
364 987 3
369 513 1
369 535 1
369 927 1
377 718 3
383 720 1
394 571 6
399 663 1
401 429 4
401 415 2
402 559 1
409 569 1
410 482 1
410 837 1
410 1001 1
410 650 1
410 777 1
410 994 1
410 433 1
410 969 1
410 924 1
410 541 1
413 927 1
413 935 1
415 522 1
416 472 1
416 927 1
421 424 2
423 977 1
423 866 3
424 795 1
424 990 2
427 955 1
428 915 2
429 454 5
432 987 3
433 482 1
433 987 3
433 789 1
433 641 1
443 662 1
444 927 1
450 571 2
450 900 1
454 592 4
454 927 1
465 812 1
469 851 1
470 569 1
471 483 1
472 912 1
472 782 4
482 987 3
485 927 1
485 823 1
493 561 1
493 629 2
499 687 1
499 684 3
499 758 1
499 607 1
500 814 1
502 569 1
502 607 1
506 996 1
506 644 1
506 783 1
513 927 1
526 629 1
530 891 2
530 629 4
531 987 3
534 571 1
534 607 1
538 569 1
540 987 4
542 571 1
542 823 1
558 844 1
558 758 1
559 622 1
561 846 1
561 629 1
565 684 1
569 710 1
569 599 1
569 976 1
569 607 1
569 693 1
569 767 1
569 605 1
569 862 1
569 991 1
571 900 4
571 742 7
571 870 2
571 935 2
571 776 4
571 684 2
571 910 1
571 663 3
571 885 1
572 731 1
573 586 2
580 582 2
582 994 1
582 987 3
582 674 1
589 752 1
591 607 2
592 713 1
592 927 3
595 934 1
595 718 1
607 802 1
607 612 1
607 742 1
607 718 1
607 692 1
607 696 1
607 687 2
609 927 1
617 923 1
629 658 1
629 685 1
629 846 1
629 630 1
629 631 1
629 891 2
633 927 1
641 987 3
644 1001 2
644 924 2
644 702 2
648 765 1
658 838 1
672 844 1
679 684 1
684 704 1
684 844 1
684 918 1
685 1001 1
685 724 1
687 754 1
692 746 1
700 812 1
700 790 1
704 743 1
707 951 1
711 718 1
716 718 3
718 866 2
718 754 2
718 980 1
722 927 1
758 918 1
764 987 3
765 868 1
765 908 1
770 927 1
771 784 1
774 947 8
789 987 3
790 812 4
809 987 3
840 987 3
844 956 1
849 987 4
850 996 1
851 978 1
854 927 1
857 915 1
872 987 4
873 987 3
955 987 5
978 988 1
987 994 3
