0
1
2
3
4
5
6
7
8
9
10
11
12
13
14
15
16
17
18
19
20
21
22
23
24
25
26
27
28
29
30
31
32
33
34
35
36
37
38
39
40
41
42
43
44
45
46
47
48
49
50
51
52
53
54
55
56
57
58
59
60
61
62
63
64
65
66
67
68
69
70
71
72
73
74
75
76
77
78
79
80
81
82
83
84
85
86
87
88
89
90
91
92
93
94
95
96
97
98
99
100
101
102
103
104
105
106
107
108
109
110
111
112
113
114
115
116
117
118
119
120
121
122
123
124
125
126
127
128
129
130
131
132
133
134
135
136
137
138
139
141
142
143
144
145
146
147
148
149
150
151
152
153
154
155
157
158
159
160
161
162
163
164
165
166
167
168
169
170
171
172
173
174
175
176
177
178
179
180
181
182
183
184
185
186
187
188
189
190
191
192
193
194
195
196
197
198
199
200
201
202
203
204
205
206
207
208
209
210
211
212
213
214
215
216
217
218
219
220
221
222
223
224
225
226
227
228
229
230
231
232
233
235
236
237
238
239
240
241
242
243
244
245
246
247
248
249
250
251
252
253
254
255
256
257
259
260
262
263
264
265
266
267
268
269
270
271
272
273
274
275
276
277
278
279
280
281
282
283
284
285
286
287
288
289
290
291
292
293
294
295
296
297
299
300
301
302
303
304
305
306
307
308
309
310
311
312
313
314
315
316
317
318
319
320
321
322
323
324
325
326
327
328
329
330
331
332
333
334
335
336
337
338
339
340
341
343
344
345
346
347
348
349
350
351
352
353
355
356
357
358
359
360
361
362
364
365
366
367
368
369
370
371
372
373
374
375
376
377
378
379
380
381
382
383
384
385
386
387
388
389
390
391
392
393
394
395
396
397
398
399
400
401
402
403
404
405
406
407
408
409
410
411
412
413
414
415
416
418
419
420
421
422
423
424
425
426
427
428
429
430
431
432
433
434
435
436
437
438
439
440
441
442
443
444
445
446
447
448
449
450
451
452
453
454
455
456
457
458
459
460
461
462
464
465
466
467
468
469
470
471
472
473
474
475
476
477
478
479
480
481
482
483
484
485
486
487
488
489
490
491
492
493
495
496
497
498
499
500
501
502
503
504
505
506
507
508
509
510
511
512
513
514
515
516
517
518
519
520
521
522
523
524
525
526
527
528
530
531
532
533
534
535
536
537
538
539
540
541
542
543
544
545
546
547
548
549
550
551
552
553
554
556
557
558
559
560
561
562
563
564
565
566
567
568
569
570
571
572
573
574
575
576
577
578
579
580
581
582
583
584
585
586
587
588
589
590
591
592
593
594
595
596
597
598
599
600
601
602
603
604
605
606
607
609
610
611
612
613
614
615
616
617
618
619
621
622
623
624
625
626
627
628
629
630
631
632
633
634
635
636
637
638
639
640
641
642
643
644
645
646
647
648
649
650
651
652
653
654
655
656
657
658
659
660
661
662
663
664
665
666
667
668
669
670
671
672
673
674
675
676
677
678
679
680
681
682
683
684
685
686
687
688
689
690
691
692
693
694
695
696
697
698
699
700
701
702
703
704
705
706
707
708
709
710
711
712
713
714
715
716
717
718
719
720
721
722
723
724
725
726
727
728
729
730
731
732
733
734
735
736
737
738
739
740
741
742
743
744
745
746
747
748
749
750
751
752
753
754
756
757
758
759
760
761
762
763
764
765
767
768
769
770
771
772
773
774
775
776
777
778
779
780
781
782
783
784
785
786
787
788
789
790
791
792
793
794
795
796
797
798
799
800
801
802
803
804
805
806
807
808
809
810
811
812
813
814
815
816
817
818
819
820
821
822
823
824
825
826
827
828
829
830
831
832
833
834
835
836
837
838
839
840
841
842
843
844
845
846
847
848
849
850
851
852
853
854
855
856
857
858
859
860
861
862
863
864
865
866
867
868
869
870
871
872
873
874
875
876
877
878
879
880
881
882
883
884
885
886
887
888
889
890
891
892
893
894
895
896
897
898
899
900
901
902
903
904
905
906
907
908
909
910
911
912
913
914
915
916
917
918
919
920
921
922
923
924
925
926
927
928
929
930
931
932
933
934
935
936
937
938
939
940
941
942
943
944
945
946
947
948
949
950
951
952
953
954
955
956
957
958
960
961
962
963
964
965
966
967
968
969
970
971
972
973
974
975
976
977
978
979
980
981
982
983
984
985
986
987
988
989
990
991
992
993
994
995
996
997
998
999
1000
1001
1002
1003
1004
0 977 1
2 736 1
2 700 1
2 629 2
2 790 5
2 885 1
4 371 1
5 506 1
5 107 1
5 491 2
6 506 1
6 718 1
8 544 2
11 619 1
11 662 1
13 693 1
14 783 1
14 719 1
14 921 3
14 410 1
14 923 2
14 890 1
14 702 3
15 680 2
15 422 1
16 777 3
16 718 7
24 507 1
24 528 1
24 629 4
24 280 1
24 891 1
24 990 3
24 31 3
28 264 1
28 987 5
29 808 1
29 506 2
29 381 4
30 416 1
30 765 5
31 280 1
32 580 1
32 197 1
32 718 2
32 920 1
32 791 1
32 280 1
32 921 3
32 669 6
38 324 1
40 450 9
40 900 4
40 802 6
40 272 4
40 662 4
40 695 4
40 568 4
40 196 1
40 187 7
40 572 4
41 73 2
41 565 1
41 758 3
41 503 2
42 106 1
46 106 1
46 310 3
48 216 7
48 684 1
48 956 1
48 704 1
50 559 1
52 356 1
52 586 1
52 868 1
52 765 1
53 120 2
53 633 1
53 290 1
53 923 2
53 703 1
56 994 1
56 987 5
56 772 2
56 566 1
61 742 2
61 522 3
61 718 2
61 693 3
61 214 2
61 120 4
61 991 1
62 113 4
62 571 5
62 485 2
62 646 4
65 544 1
65 70 1
65 425 1
65 107 1
65 850 1
65 978 1
65 948 2
65 629 1
65 316 1
65 987 1
65 220 4
65 703 3
67 963 9
67 165 2
67 391 1
67 846 3
67 207 2
67 344 2
68 987 5
70 120 1
70 890 1
70 334 1
71 595 5
73 723 1
73 503 1
74 294 3
74 166 2
74 168 2
74 912 1
74 104 2
74 984 4
75 995 1
75 772 1
75 334 4
75 692 1
75 633 1
75 891 1
77 168 10
77 912 8
82 371 1
82 628 2
82 870 1
83 697 1
83 855 1
88 906 1
88 106 2
88 950 1
88 402 1
90 912 1
90 948 1
90 120 1
90 500 1
90 890 5
90 381 1
91 120 2
91 178 1
91 220 2
92 952 1
92 280 1
92 915 2
92 428 1
92 316 1
95 987 5
96 324 1
98 120 1
98 401 7
98 429 1
99 929 1
99 669 1
99 862 1
99 791 1
104 416 1
104 425 5
106 832 1
106 514 1
106 323 1
106 132 1
106 649 1
106 906 3
106 139 1
106 780 1
106 622 1
106 399 2
106 402 1
106 788 2
106 164 2
106 634 1
106 603 1
107 643 2
107 201 1
107 810 1
107 299 1
107 367 1
107 980 6
107 381 3
109 721 1
111 746 1
111 762 1
112 674 3
112 517 3
112 166 2
112 392 1
112 267 7
112 1000 4
114 387 1
114 718 2
117 120 1
119 812 3
120 257 2
120 772 2
120 518 1
120 278 1
120 178 2
120 948 10
120 190 1
120 191 1
120 193 1
120 707 1
120 196 3
120 454 1
120 850 1
120 609 1
120 617 1
120 235 2
120 752 3
120 890 1
122 718 2
122 479 2
125 676 1
126 166 1
126 168 4
126 586 5
126 782 3
126 648 2
126 435 1
126 790 2
126 984 8
126 700 1
131 264 1
133 602 1
133 765 4
135 264 1
135 153 1
135 942 1
136 200 2
136 428 3
136 915 2
136 629 1
136 952 1
136 857 1
137 239 1
139 706 2
141 280 1
141 188 1
141 383 1
142 224 1
142 280 1
142 267 4
142 915 1
143 544 3
143 580 1
147 416 1
147 196 1
147 454 1
147 951 1
149 372 1
149 716 1
150 833 2
150 471 2
150 191 2
150 415 1
151 923 1
153 418 6
153 995 1
153 996 5
153 581 1
153 329 1
153 746 1
153 588 1
153 482 1
153 977 12
153 818 5
153 692 1
153 245 1
153 855 1
153 764 1
153 540 2
155 784 3
157 356 1
157 517 2
157 586 5
157 684 1
157 277 2
157 535 1
157 472 2
157 746 1
157 542 1
158 563 1
158 445 1
158 391 1
159 768 1
160 571 7
160 629 3
161 388 1
161 239 2
161 784 3
161 900 1
161 571 2
161 863 3
163 913 2
164 638 3
165 401 6
166 416 2
166 356 2
166 586 5
166 573 1
166 435 1
166 948 1
166 765 1
168 260 6
168 648 2
168 521 1
168 266 2
168 912 30
168 790 1
168 416 3
168 425 1
168 177 3
168 948 1
168 949 13
168 439 2
168 699 1
168 575 1
168 966 1
168 472 10
168 868 1
168 356 2
168 744 1
168 232 1
168 890 1
169 387 1
169 372 1
170 855 2
171 347 3
171 951 1
173 506 2
175 849 2
175 275 3
175 423 3
177 790 1
178 470 3
178 502 2
178 749 5
178 367 3
178 528 1
178 693 2
178 214 3
178 605 1
178 862 5
181 422 1
184 832 1
185 233 2
185 570 1
185 742 1
185 833 1
187 450 1
188 280 2
188 301 1
189 249 2
189 410 3
189 491 1
189 718 11
189 977 1
190 196 1
190 656 1
190 274 1
190 920 1
190 191 1
190 415 1
191 692 1
192 690 1
192 381 17
193 633 1
196 454 1
196 429 1
196 850 1
197 923 4
200 952 3
200 915 3
200 428 2
200 351 1
206 534 1
207 857 2
207 795 1
207 547 1
214 290 1
214 443 1
214 662 1
214 776 1
214 267 1
214 940 1
214 367 1
214 629 4
214 854 1
214 951 2
214 891 1
214 316 3
214 542 1
214 703 2
216 321 2
216 458 6
216 558 2
216 956 1
216 618 2
220 367 1
223 746 1
224 316 1
224 428 6
224 806 3
224 349 1
229 834 1
229 692 3
229 293 1
229 629 1
231 329 1
231 874 2
231 987 5
231 873 2
232 744 1
232 425 11
232 266 6
232 946 2
232 472 1
233 692 4
235 273 1
236 537 1
239 324 1
239 742 1
239 428 4
239 538 1
241 851 2
241 326 1
243 718 2
245 736 1
245 994 1
245 995 1
245 264 2
245 874 2
245 624 2
245 692 1
245 987 5
245 540 1
247 601 1
248 746 1
248 891 2
249 528 1
249 433 1
250 854 1
251 506 2
251 987 5
256 721 1
256 294 1
257 401 1
257 454 1
260 790 11
264 994 2
264 581 1
264 361 1
264 364 1
264 462 1
264 995 1
264 692 1
264 597 1
264 329 1
264 632 1
264 540 2
264 789 1
266 912 1
267 517 2
267 648 2
267 586 3
267 751 1
267 984 3
267 478 2
272 450 1
273 306 1
275 849 2
277 571 6
278 290 1
280 902 1
280 647 1
280 656 1
280 530 2
280 915 2
280 920 2
280 547 2
280 421 1
280 424 1
280 561 2
280 951 1
280 953 2
280 445 1
280 288 1
280 846 1
280 851 2
280 526 2
280 990 1
280 360 2
280 629 2
280 631 2
280 891 1
281 377 3
281 718 4
284 680 2
284 584 1
288 610 5
288 484 5
288 391 8
288 846 6
288 750 4
288 629 10
290 586 1
290 367 1
293 697 2
293 365 2
293 718 2
294 586 3
299 671 1
299 334 2
299 591 1
300 784 1
301 547 1
302 454 1
304 441 3
306 400 1
306 659 1
306 742 1
306 374 1
311 994 1
311 987 5
313 416 1
313 721 1
313 730 3
313 912 1
313 948 3
314 409 1
314 693 3
314 929 1
316 962 1
316 806 2
316 428 2
316 367 1
316 915 7
316 629 1
316 351 2
318 946 3
318 566 1
319 736 2
319 956 2
321 499 2
324 460 1
324 367 1
324 534 1
327 381 1
329 427 2
329 910 2
329 951 1
332 586 2
332 347 6
332 500 12
333 743 1
333 767 6
334 768 7
334 995 8
334 772 1
334 367 1
334 534 2
334 696 2
334 671 1
335 867 1
335 688 2
335 643 7
335 381 5
335 790 2
336 577 1
337 919 2
337 581 5
337 663 2
338 994 1
338 987 5
338 951 1
343 534 1
343 663 1
347 355 1
347 933 3
347 782 1
347 590 1
347 472 3
349 952 1
349 428 1
356 416 1
356 517 1
356 425 3
356 586 2
356 765 1
356 721 1
356 472 3
356 948 1
356 730 1
360 629 2
361 987 5
364 764 3
364 582 1
365 866 1
367 776 1
367 940 1
367 530 1
367 835 1
367 920 1
367 544 1
367 731 1
367 684 1
367 946 1
367 692 1
367 569 1
367 963 1
367 609 3
367 844 1
367 720 1
367 852 1
367 987 1
367 865 1
367 738 1
367 743 1
367 371 1
367 629 2
369 913 1
369 407 1
369 535 6
371 581 2
371 870 1
371 628 1
372 595 1
372 404 2
372 934 1
373 454 1
373 391 6
374 400 1
376 919 3
377 528 1
377 718 4
378 514 2
381 643 2
381 658 2
381 532 1
381 980 3
383 528 1
383 720 2
383 586 3
383 499 5
387 667 1
387 484 1
388 534 2
390 784 4
391 484 4
391 750 3
391 629 1
392 803 1
394 571 6
399 950 1
401 454 7
401 429 12
401 415 9
402 788 1
403 890 2
404 595 3
410 718 1
414 530 1
414 891 29
414 692 2
414 995 2
415 833 2
415 995 2
415 811 1
415 429 2
416 803 2
416 743 2
416 425 1
416 912 3
416 648 1
416 946 1
416 948 2
416 885 1
416 790 1
416 868 5
416 765 1
416 629 2
418 977 13
418 538 3
418 996 20
421 424 2
421 795 2
422 680 5
422 731 6
423 832 1
424 795 1
424 990 1
425 782 2
425 912 18
425 946 3
425 948 5
425 949 1
425 699 1
425 765 3
428 806 3
428 915 18
428 952 3
428 857 2
429 454 2
433 738 2
433 987 5
433 994 2
435 586 5
435 500 1
435 782 1
438 818 5
440 506 1
443 742 1
443 662 2
444 535 5
445 891 1
445 750 2
445 629 1
450 802 1
450 900 1
450 517 1
450 595 3
450 662 1
450 695 1
450 568 1
450 571 13
450 572 2
450 947 2
454 544 1
454 609 1
454 706 1
454 752 1
454 948 1
454 629 1
458 844 1
458 890 2
458 956 5
464 980 2
466 712 1
469 851 1
470 789 1
470 502 2
470 951 4
470 605 1
470 862 2
472 517 2
472 586 1
472 684 1
472 744 1
472 912 4
472 946 10
472 535 1
472 542 1
478 818 5
478 517 1
480 506 1
480 987 5
482 987 5
484 750 2
484 629 2
484 630 2
484 507 1
485 854 3
485 542 2
493 629 2
497 977 1
500 948 1
500 814 1
502 775 1
502 746 1
502 878 1
502 718 2
502 538 1
503 704 1
503 1000 1
503 723 1
503 758 3
506 644 2
506 921 1
506 890 1
507 685 2
507 629 1
509 788 1
509 822 1
512 979 1
513 823 1
514 977 2
514 780 2
514 950 2
516 828 1
517 648 1
517 586 1
517 684 1
517 751 2
517 948 1
517 535 1
517 542 1
518 542 3
518 895 1
522 746 1
522 866 1
522 546 1
522 718 2
526 629 6
527 870 1
527 710 1
528 609 1
528 775 1
528 915 1
528 865 1
528 765 1
528 703 1
530 891 4
530 915 2
530 692 1
530 629 12
530 630 1
530 571 11
531 987 5
534 768 1
534 601 1
534 649 1
534 746 1
534 591 1
534 571 1
535 913 2
535 551 1
540 736 2
540 994 1
540 987 5
540 581 3
540 582 1
540 873 1
540 874 2
540 749 1
540 624 2
540 955 6
541 576 2
542 646 3
542 746 1
542 823 1
542 571 1
544 669 2
546 550 1
547 902 2
547 851 2
547 630 1
550 746 1
553 670 3
558 684 1
558 956 1
561 629 2
565 723 1
568 947 1
571 900 14
571 870 2
571 742 18
571 935 8
571 776 5
571 684 14
571 813 25
571 910 1
571 663 3
571 731 4
571 885 3
572 890 1
573 586 5
575 912 1
575 782 1
577 715 1
577 926 1
581 855 1
582 890 1
582 987 5
586 765 1
586 984 4
586 825 1
586 762 3
587 624 1
589 909 4
591 768 1
591 746 2
591 910 1
591 692 1
591 607 1
595 718 4
595 790 1
599 605 1
601 676 1
601 919 4
602 648 2
602 721 1
602 765 1
605 693 1
607 696 3
607 891 1
607 692 1
607 687 1
609 951 1
609 633 1
629 923 1
629 685 2
629 658 2
629 846 2
629 750 2
629 630 5
629 631 2
629 891 4
630 978 2
630 656 2
630 790 4
633 772 1
634 890 1
634 788 1
638 862 1
641 987 5
643 685 31
643 782 1
644 924 5
646 890 1
647 915 1
648 782 1
648 912 1
648 721 5
648 765 2
650 682 4
654 991 4
656 920 1
657 921 2
657 890 1
659 742 3
662 742 2
663 879 1
663 813 1
665 746 1
668 720 1
668 746 14
668 935 2
671 995 1
672 844 3
680 731 6
685 782 4
686 872 2
687 746 1
687 910 1
692 742 2
692 746 7
692 910 1
692 851 1
692 819 1
692 920 1
692 923 1
696 783 1
697 925 3
697 855 8
698 987 5
700 782 1
700 790 1
700 935 5
703 863 1
707 1003 3
708 718 1
715 951 1
716 866 2
716 718 2
718 777 2
718 915 1
718 883 2
718 969 2
718 843 3
718 724 4
718 732 2
718 866 4
718 746 2
718 754 4
718 980 1
720 935 4
720 746 6
720 813 3
721 743 1
721 765 4
723 758 3
730 912 1
730 868 8
731 746 1
738 772 1
738 783 2
742 993 3
742 900 2
742 901 1
742 784 2
742 863 2
743 948 3
744 912 15
746 900 1
746 923 1
746 935 20
746 813 17
746 841 1
749 890 3
749 995 2
758 844 2
758 918 3
758 956 3
764 874 2
764 987 5
765 948 1
771 855 1
780 977 2
782 806 1
782 912 4
783 890 1
784 863 2
789 994 1
789 987 5
790 868 7
790 812 1
790 863 1
796 987 5
799 913 2
799 895 3
800 984 1
806 915 1
807 818 5
809 987 5
810 881 1
813 935 4
818 997 5
832 977 2
840 874 2
840 987 5
848 860 1
849 987 5
850 995 2
851 978 4
851 915 1
851 920 1
854 948 1
857 952 1
857 915 2
861 934 1
866 876 1
868 912 1
868 948 1
872 987 5
873 874 2
873 987 5
874 925 1
878 929 1
890 962 2
890 941 1
890 912 2
890 948 2
891 995 2
912 948 3
912 949 3
915 971 1
915 952 4
919 1000 3
921 923 1
926 951 1
950 977 1
955 987 5
974 984 1
977 996 10
977 1004 1
987 994 6
