0
1
2
3
4
5
6
7
8
9
10
11
12
13
14
15
16
17
18
19
20
21
22
23
24
25
26
27
28
29
30
31
32
33
34
35
36
37
38
39
40
41
42
43
44
45
46
47
48
49
50
51
52
53
54
55
56
57
58
59
60
61
62
63
64
65
66
67
68
69
70
71
72
73
74
75
76
77
78
79
80
81
82
83
84
85
86
87
88
89
90
91
92
93
94
95
96
97
98
99
100
101
102
103
104
105
106
107
108
109
110
111
112
113
114
115
116
117
118
119
120
121
122
123
124
125
126
127
128
129
130
131
132
133
134
135
136
137
138
139
141
142
143
144
145
146
147
148
149
150
151
152
153
154
155
157
158
159
160
161
162
163
164
165
166
167
168
169
170
171
172
173
174
175
176
177
178
179
180
181
182
183
184
185
186
187
188
189
190
191
192
193
194
195
196
197
198
199
200
201
202
203
204
205
206
207
208
209
210
211
212
213
214
215
216
217
218
219
220
221
222
223
224
225
226
227
228
229
230
231
232
233
235
236
237
238
239
240
241
242
243
244
245
246
247
248
249
250
251
252
253
254
255
256
257
259
260
262
263
264
265
266
267
268
269
270
271
272
273
274
275
276
277
278
279
280
281
282
283
284
285
286
287
288
289
290
291
292
293
294
295
296
297
299
300
301
302
303
304
305
306
307
308
309
310
311
312
313
314
315
316
317
318
319
320
321
322
323
324
325
326
327
328
329
330
331
332
333
334
335
336
337
338
339
340
341
343
344
345
346
347
348
349
350
351
352
353
355
356
357
358
359
360
361
362
364
365
366
367
368
369
370
371
372
373
374
375
376
377
378
379
380
381
382
383
384
385
386
387
388
389
390
391
392
393
394
395
396
397
398
399
400
401
402
403
404
405
406
407
408
409
410
411
412
413
414
415
416
418
419
420
421
422
423
424
425
426
427
428
429
430
431
432
433
434
435
436
437
438
439
440
441
442
443
444
445
446
447
448
449
450
451
452
453
454
455
456
457
458
459
460
461
462
464
465
466
467
468
469
470
471
472
473
474
475
476
477
478
479
480
481
482
483
484
485
486
487
488
489
490
491
492
493
495
496
497
498
499
500
501
502
503
504
505
506
507
508
509
510
511
512
513
514
515
516
517
518
519
520
521
522
523
524
525
526
527
528
530
531
532
533
534
535
536
537
538
539
540
541
542
543
544
545
546
547
548
549
550
551
552
553
554
556
557
558
559
560
561
562
563
564
565
566
567
568
569
570
571
572
573
574
575
576
577
578
579
580
581
582
583
584
585
586
587
588
589
590
591
592
593
594
595
596
597
598
599
600
601
602
603
604
605
606
607
609
610
611
612
613
614
615
616
617
618
619
621
622
623
624
625
626
627
628
629
630
631
632
633
634
635
636
637
638
639
640
641
642
643
644
645
646
647
648
649
650
651
652
653
654
655
656
657
658
659
660
661
662
663
664
665
666
667
668
669
670
671
672
673
674
675
676
677
678
679
680
681
682
683
684
685
686
687
688
689
690
691
692
693
694
695
696
697
698
699
700
701
702
703
704
705
706
707
708
709
710
711
712
713
714
715
716
717
718
719
720
721
722
723
724
725
726
727
728
729
730
731
732
733
734
735
736
737
738
739
740
741
742
743
744
745
746
747
748
749
750
751
752
753
754
756
757
758
759
760
761
762
763
764
765
767
768
769
770
771
772
773
774
775
776
777
778
779
780
781
782
783
784
785
786
787
788
789
790
791
792
793
794
795
796
797
798
799
800
801
802
803
804
805
806
807
808
809
810
811
812
813
814
815
816
817
818
819
820
821
822
823
824
825
826
827
828
829
830
831
832
833
834
835
836
837
838
839
840
841
842
843
844
845
846
847
848
849
850
851
852
853
854
855
856
857
858
859
860
861
862
863
864
865
866
867
868
869
870
871
872
873
874
875
876
877
878
879
880
881
882
883
884
885
886
887
888
889
890
891
892
893
894
895
896
897
898
899
900
901
902
903
904
905
906
907
908
909
910
911
912
913
914
915
916
917
918
919
920
921
922
923
924
925
926
927
928
929
930
931
932
933
934
935
936
937
938
939
940
941
942
943
944
945
946
947
948
949
950
951
952
953
954
955
956
957
958
960
961
962
963
964
965
966
967
968
969
970
971
972
973
974
975
976
977
978
979
980
981
982
983
984
985
986
987
988
989
990
991
992
993
994
995
996
997
998
999
1000
1001
1002
1003
1004
0 569 2
2 17 2
2 236 1
5 246 1
6 569 2
13 516 2
13 837 1
14 921 2
14 410 1
14 1001 2
14 702 2
14 719 1
16 541 2
16 718 2
25 48 1
25 458 1
26 40 1
26 379 1
30 168 2
30 185 1
30 356 2
30 765 2
31 491 2
31 428 1
31 165 1
31 951 3
32 718 1
32 127 1
34 997 1
34 855 1
35 978 1
38 90 3
40 198 1
40 488 1
40 712 1
40 187 1
40 572 1
41 565 1
42 548 1
48 458 1
48 684 2
48 558 1
48 216 1
48 956 1
48 319 1
52 168 4
52 201 1
52 356 1
52 126 1
53 193 2
53 454 1
53 311 1
61 980 1
61 718 2
62 542 1
65 120 2
65 771 3
65 220 6
65 927 4
66 782 1
67 963 10
67 165 1
67 207 1
75 772 1
75 850 2
75 191 2
75 220 4
75 190 1
75 607 1
77 168 19
77 912 6
77 260 4
77 556 1
78 506 1
82 771 2
82 135 1
83 784 1
83 771 1
86 443 2
86 662 1
90 912 1
90 927 1
91 607 1
92 424 1
98 707 6
98 454 3
98 107 4
98 268 3
98 429 3
98 592 7
98 117 3
101 377 1
101 423 1
105 418 1
107 810 1
113 927 1
114 718 1
115 671 1
118 716 1
118 532 1
118 335 2
120 772 1
120 198 1
120 454 4
120 135 1
120 752 1
120 854 2
120 923 1
120 765 1
120 927 2
122 837 1
122 718 1
124 854 1
126 416 1
126 356 1
126 586 1
126 166 1
132 842 5
133 168 1
133 586 4
134 592 6
134 454 1
135 292 2
135 581 8
135 870 1
135 942 3
135 720 1
135 628 1
135 692 2
136 424 1
136 915 1
136 428 3
136 159 2
141 978 1
141 421 1
142 424 1
142 165 1
144 650 1
147 416 1
147 927 2
149 716 2
150 415 2
157 248 1
158 997 1
159 416 1
159 866 2
159 940 2
159 428 1
159 334 1
159 209 1
159 724 2
159 718 1
159 920 2
159 731 1
164 879 1
165 424 1
165 401 2
165 344 1
166 168 1
166 356 2
166 500 1
167 552 1
167 978 1
167 630 3
168 416 1
168 305 1
168 260 17
168 369 2
168 232 3
168 557 1
168 912 30
168 472 11
168 790 9
168 439 1
168 984 2
168 356 11
168 868 2
168 575 1
168 765 3
168 607 1
173 506 1
173 541 2
173 454 1
175 849 1
175 650 1
175 246 1
180 958 1
180 727 1
185 850 1
185 830 1
188 978 1
189 718 2
191 415 3
192 381 1
193 707 1
193 454 3
196 850 1
198 454 1
199 996 1
207 978 1
214 776 1
214 940 1
214 912 1
214 530 1
214 707 1
214 920 1
214 544 1
214 684 1
214 951 1
214 416 5
214 835 1
214 844 1
214 334 1
214 720 1
214 852 1
214 987 1
214 220 1
214 865 1
214 738 1
214 743 1
214 371 1
214 629 1
220 334 2
220 749 2
223 879 1
223 343 2
228 569 2
228 693 1
232 966 1
236 383 1
239 609 1
239 629 1
246 377 3
246 423 1
246 724 2
248 692 3
249 569 2
249 502 1
250 927 1
260 912 3
264 329 1
264 469 2
264 581 1
267 586 1
267 838 1
267 526 3
267 951 3
268 592 1
272 900 1
280 629 1
280 631 2
281 838 1
291 401 4
291 429 1
291 454 5
292 769 1
293 718 1
294 586 2
295 569 2
301 978 1
302 428 1
303 343 1
303 663 2
306 720 1
306 771 1
306 659 1
306 742 1
306 951 1
308 926 1
311 697 1
311 540 1
313 356 1
313 765 1
320 337 2
322 879 2
326 483 1
327 381 2
329 427 1
332 782 1
333 569 2
334 612 1
335 464 1
335 532 2
337 505 1
343 388 1
343 663 1
347 966 2
353 891 5
356 416 2
356 868 1
356 743 1
356 912 2
356 472 1
356 602 1
356 765 2
368 879 1
369 722 1
369 927 1
372 609 1
374 953 1
377 718 1
377 866 1
377 607 1
381 532 1
383 909 1
401 415 6
401 454 8
401 429 9
406 680 1
409 569 2
410 595 1
410 718 2
415 833 2
415 587 1
415 569 5
416 833 1
416 586 1
416 948 1
418 977 4
421 978 1
421 630 1
422 789 1
423 718 1
423 866 2
423 650 1
424 978 1
424 953 3
427 955 1
428 915 1
428 990 1
428 543 1
429 454 5
433 738 1
435 448 1
438 818 1
443 692 1
443 742 3
443 662 1
444 927 1
450 568 1
450 572 1
450 900 1
450 596 1
454 609 4
454 772 3
454 614 1
454 488 1
454 713 1
454 592 6
454 594 1
454 633 1
467 650 1
469 978 1
470 569 2
470 789 8
472 912 2
472 575 2
472 743 1
482 569 2
482 531 1
482 847 1
485 927 1
497 977 3
499 565 1
500 782 6
502 700 1
502 749 1
502 569 1
502 538 1
502 572 1
506 1001 1
506 541 3
506 951 2
513 927 1
515 927 2
516 790 3
516 837 1
517 948 1
526 561 1
530 629 2
531 641 1
531 987 2
533 771 1
535 854 1
538 569 2
540 855 1
540 697 2
540 698 1
540 955 2
540 925 1
541 951 3
542 854 2
542 646 1
546 743 2
546 607 2
547 978 1
548 879 2
552 817 1
552 978 1
557 912 1
561 846 1
561 631 2
565 723 1
565 679 1
569 710 2
569 599 2
569 749 1
569 976 2
569 693 2
569 951 2
569 991 2
569 605 2
569 862 2
572 696 1
572 802 1
586 854 2
586 984 2
587 720 4
590 926 1
591 718 1
591 607 1
592 713 2
592 948 3
592 927 4
595 718 1
595 934 2
602 743 1
605 693 1
605 789 8
607 843 2
607 687 1
609 707 1
609 772 1
609 633 1
609 923 1
609 927 3
614 978 1
617 720 1
629 631 2
629 891 10
629 927 1
630 851 3
631 838 2
631 846 1
631 891 4
633 707 1
634 788 2
648 765 2
650 849 1
654 738 2
660 692 1
663 950 1
678 696 3
680 707 1
685 1001 1
685 724 5
687 920 1
692 746 1
697 855 1
697 925 1
700 790 1
702 761 3
702 850 1
702 837 1
707 713 1
707 1003 1
707 880 3
707 951 1
711 951 2
716 718 2
718 904 2
718 777 2
718 969 2
718 977 1
718 724 1
718 866 4
718 749 2
718 754 1
718 883 1
722 927 2
724 1001 1
724 951 2
731 789 3
738 783 1
740 879 1
743 859 3
743 765 1
748 926 1
762 885 1
764 994 2
765 859 3
770 927 1
771 901 1
771 870 1
772 927 1
773 955 1
774 947 5
790 984 5
795 978 1
796 921 1
809 951 1
817 978 1
823 927 1
833 850 1
837 924 1
850 987 1
851 978 2
854 927 1
885 889 1
912 915 1
935 966 1
954 978 1
969 977 2
977 1004 4
978 988 1
