0
1
2
3
4
5
6
7
8
9
10
11
12
13
14
15
16
17
18
19
20
21
22
23
24
25
26
27
28
29
30
31
32
33
34
35
36
37
38
39
40
41
42
43
44
45
46
47
48
49
50
51
52
53
54
55
56
57
58
59
60
61
62
63
64
65
66
67
68
69
70
71
72
73
74
75
76
77
78
79
80
81
82
83
84
85
86
87
88
89
90
91
92
93
94
95
96
97
98
99
100
101
102
103
104
105
106
107
108
109
110
111
112
113
114
115
116
117
118
119
120
121
122
123
124
125
126
127
128
129
130
131
132
133
134
135
136
137
138
139
141
142
143
144
145
146
147
148
149
150
151
152
153
154
155
157
158
159
160
161
162
163
164
165
166
167
168
169
170
171
172
173
174
175
176
177
178
179
180
181
182
183
184
185
186
187
188
189
190
191
192
193
194
195
196
197
198
199
200
201
202
203
204
205
206
207
208
209
210
211
212
213
214
215
216
217
218
219
220
221
222
223
224
225
226
227
228
229
230
231
232
233
235
236
237
238
239
240
241
242
243
244
245
246
247
248
249
250
251
252
253
254
255
256
257
259
260
262
263
264
265
266
267
268
269
270
271
272
273
274
275
276
277
278
279
280
281
282
283
284
285
286
287
288
289
290
291
292
293
294
295
296
297
299
300
301
302
303
304
305
306
307
308
309
310
311
312
313
314
315
316
317
318
319
320
321
322
323
324
325
326
327
328
329
330
331
332
333
334
335
336
337
338
339
340
341
343
344
345
346
347
348
349
350
351
352
353
355
356
357
358
359
360
361
362
364
365
366
367
368
369
370
371
372
373
374
375
376
377
378
379
380
381
382
383
384
385
386
387
388
389
390
391
392
393
394
395
396
397
398
399
400
401
402
403
404
405
406
407
408
409
410
411
412
413
414
415
416
418
419
420
421
422
423
424
425
426
427
428
429
430
431
432
433
434
435
436
437
438
439
440
441
442
443
444
445
446
447
448
449
450
451
452
453
454
455
456
457
458
459
460
461
462
464
465
466
467
468
469
470
471
472
473
474
475
476
477
478
479
480
481
482
483
484
485
486
487
488
489
490
491
492
493
495
496
497
498
499
500
501
502
503
504
505
506
507
508
509
510
511
512
513
514
515
516
517
518
519
520
521
522
523
524
525
526
527
528
530
531
532
533
534
535
536
537
538
539
540
541
542
543
544
545
546
547
548
549
550
551
552
553
554
556
557
558
559
560
561
562
563
564
565
566
567
568
569
570
571
572
573
574
575
576
577
578
579
580
581
582
583
584
585
586
587
588
589
590
591
592
593
594
595
596
597
598
599
600
601
602
603
604
605
606
607
609
610
611
612
613
614
615
616
617
618
619
621
622
623
624
625
626
627
628
629
630
631
632
633
634
635
636
637
638
639
640
641
642
643
644
645
646
647
648
649
650
651
652
653
654
655
656
657
658
659
660
661
662
663
664
665
666
667
668
669
670
671
672
673
674
675
676
677
678
679
680
681
682
683
684
685
686
687
688
689
690
691
692
693
694
695
696
697
698
699
700
701
702
703
704
705
706
707
708
709
710
711
712
713
714
715
716
717
718
719
720
721
722
723
724
725
726
727
728
729
730
731
732
733
734
735
736
737
738
739
740
741
742
743
744
745
746
747
748
749
750
751
752
753
754
756
757
758
759
760
761
762
763
764
765
767
768
769
770
771
772
773
774
775
776
777
778
779
780
781
782
783
784
785
786
787
788
789
790
791
792
793
794
795
796
797
798
799
800
801
802
803
804
805
806
807
808
809
810
811
812
813
814
815
816
817
818
819
820
821
822
823
824
825
826
827
828
829
830
831
832
833
834
835
836
837
838
839
840
841
842
843
844
845
846
847
848
849
850
851
852
853
854
855
856
857
858
859
860
861
862
863
864
865
866
867
868
869
870
871
872
873
874
875
876
877
878
879
880
881
882
883
884
885
886
887
888
889
890
891
892
893
894
895
896
897
898
899
900
901
902
903
904
905
906
907
908
909
910
911
912
913
914
915
916
917
918
919
920
921
922
923
924
925
926
927
928
929
930
931
932
933
934
935
936
937
938
939
940
941
942
943
944
945
946
947
948
949
950
951
952
953
954
955
956
957
958
960
961
962
963
964
965
966
967
968
969
970
971
972
973
974
975
976
977
978
979
980
981
982
983
984
985
986
987
988
989
990
991
992
993
994
995
996
997
998
999
1000
1001
1002
1003
1004
0 732 2
1 309 1
2 530 3
2 700 1
2 790 1
2 126 1
6 249 1
8 772 1
8 293 2
13 738 2
13 772 1
13 837 1
14 738 1
15 731 3
15 422 1
17 857 1
24 629 5
25 704 1
25 318 1
30 313 1
30 356 2
31 428 1
31 165 2
35 978 1
35 207 2
38 324 2
40 712 2
40 450 1
40 159 1
41 565 1
52 168 7
52 201 1
52 586 3
52 648 1
52 472 1
53 482 1
56 159 2
61 450 1
61 522 1
61 843 1
61 718 2
61 591 1
61 790 1
62 542 3
62 646 4
67 963 6
67 165 2
67 846 4
67 207 4
67 561 3
67 344 5
74 984 1
75 772 1
75 499 2
75 220 1
77 168 5
77 260 1
86 443 6
90 292 1
90 997 1
90 460 2
90 530 2
90 629 1
90 953 1
90 542 1
102 322 1
102 622 1
106 322 1
112 392 1
112 674 2
112 630 1
112 159 3
119 812 2
120 586 1
120 927 1
125 622 1
126 416 1
126 356 2
126 586 1
126 790 2
126 700 1
131 738 1
133 168 1
134 923 2
135 581 1
135 798 1
136 200 1
136 772 1
139 322 1
139 622 1
141 978 1
142 647 1
147 927 1
149 977 1
149 718 1
152 443 2
157 248 1
157 586 1
157 772 1
159 450 1
159 742 7
159 561 1
159 712 4
159 713 1
159 586 2
159 746 4
159 912 1
159 692 2
159 334 1
159 214 5
159 923 2
159 810 3
160 530 1
164 634 1
165 344 1
165 401 3
167 978 1
167 207 1
168 260 3
168 232 1
168 557 1
168 912 4
168 790 1
168 439 1
168 984 1
168 607 1
168 575 1
171 933 1
172 324 1
173 738 1
178 693 1
178 502 2
181 724 1
187 450 1
188 978 1
188 207 1
189 410 2
191 927 1
192 702 1
193 997 3
194 306 2
197 738 1
199 996 2
199 738 1
199 644 1
200 952 2
200 857 1
200 838 2
206 622 1
207 421 1
207 817 2
207 424 4
207 301 1
207 847 1
207 547 1
207 978 1
207 851 1
207 469 2
207 241 1
207 954 1
207 795 1
207 957 1
209 356 2
214 578 1
214 742 3
214 306 1
214 659 1
214 763 2
214 220 1
216 321 1
220 334 1
223 510 2
231 736 2
231 738 1
231 923 3
231 540 4
231 245 4
233 450 1
233 245 1
245 764 2
245 540 7
246 724 1
248 450 1
248 684 1
248 586 1
248 492 1
248 595 1
248 502 1
248 762 1
248 915 1
250 927 1
256 356 2
260 912 1
260 762 1
264 540 1
266 790 4
267 435 5
270 738 1
272 450 1
272 772 1
274 841 1
278 316 1
280 629 1
284 731 1
284 422 2
290 687 1
291 401 2
293 716 1
293 502 3
294 586 1
294 868 1
299 322 1
301 978 1
306 450 1
306 742 2
311 697 2
311 987 1
313 765 1
318 956 1
322 832 2
322 706 1
322 323 1
322 460 1
322 510 1
324 622 1
324 591 1
327 738 1
329 540 1
334 746 1
334 607 1
334 591 1
335 537 4
335 532 1
335 553 1
344 838 1
347 933 1
347 966 1
356 772 1
356 743 2
356 586 1
356 687 2
356 472 1
360 891 1
364 764 1
368 950 1
369 513 1
369 646 1
369 927 1
377 422 2
388 638 1
392 674 1
392 630 1
398 712 3
398 450 1
399 427 1
401 429 3
401 454 2
401 415 3
413 746 1
415 700 1
416 586 2
418 977 5
418 996 11
421 424 2
421 978 1
422 731 1
422 563 1
423 977 4
424 978 1
424 795 4
424 990 3
428 915 2
435 586 5
437 738 1
440 737 1
440 537 2
443 450 1
444 927 1
450 802 1
450 900 1
450 742 1
450 712 2
450 692 1
450 662 1
450 602 1
450 572 1
453 595 1
454 927 1
465 812 1
465 790 1
469 978 1
472 912 1
477 622 1
485 646 1
493 630 3
497 977 3
500 772 1
502 718 1
502 565 1
506 738 1
506 644 1
508 738 1
510 622 1
512 978 1
513 646 1
513 927 1
515 927 1
516 738 1
517 772 1
524 622 1
530 629 2
530 630 1
530 891 1
532 738 1
534 622 1
540 641 1
540 840 1
540 624 1
540 697 1
540 955 5
541 738 1
541 923 2
541 996 2
542 646 1
546 550 1
547 978 2
550 812 2
551 646 1
552 978 1
561 846 1
565 723 1
565 956 1
576 738 1
582 994 1
582 764 1
582 686 1
584 731 1
586 772 1
586 687 1
586 984 3
586 762 2
587 720 1
591 718 1
592 927 1
603 634 1
609 927 1
614 978 1
622 939 1
622 676 1
629 772 1
629 685 4
629 891 2
629 927 1
634 788 3
640 772 1
643 685 1
644 738 1
644 850 1
644 670 2
646 854 1
650 738 1
650 654 2
653 738 1
654 738 1
657 738 1
659 742 1
663 950 1
669 772 1
670 980 2
682 738 1
684 704 1
684 772 1
697 855 2
697 925 2
700 812 2
700 790 2
702 1001 2
702 738 1
710 832 2
716 718 1
718 904 1
718 980 1
719 738 3
719 837 1
722 927 1
731 915 1
738 783 1
738 921 1
738 923 3
738 924 1
738 837 3
738 850 1
738 979 1
738 996 1
738 1001 1
738 747 1
738 881 1
738 745 2
738 761 2
742 900 2
742 923 1
745 837 1
746 935 1
764 994 2
769 951 1
772 843 1
772 912 1
774 947 5
779 843 1
783 837 1
790 812 2
795 978 1
817 978 1
828 969 2
828 837 1
849 951 1
851 978 2
851 988 1
921 923 2
954 978 1
957 978 2
977 1001 3
977 1004 3
978 988 1
