0
1
2
3
4
5
6
7
8
9
10
11
12
13
14
15
16
17
18
19
20
21
22
23
24
25
26
27
28
29
30
31
32
33
34
35
36
37
38
39
40
41
42
43
44
45
46
47
48
49
50
51
52
53
54
55
56
57
58
59
60
61
62
63
64
65
66
67
68
69
70
71
72
73
74
75
76
77
78
79
80
81
82
83
84
85
86
87
88
89
90
91
92
93
94
95
96
97
98
99
100
101
102
103
104
105
106
107
108
109
110
111
112
113
114
115
116
117
118
119
120
121
122
123
124
125
126
127
128
129
130
131
132
133
134
135
136
137
138
139
141
142
143
144
145
146
147
148
149
150
151
152
153
154
155
157
158
159
160
161
162
163
164
165
166
167
168
169
170
171
172
173
174
175
176
177
178
179
180
181
182
183
184
185
186
187
188
189
190
191
192
193
194
195
196
197
198
199
200
201
202
203
204
205
206
207
208
209
210
211
212
213
214
215
216
217
218
219
220
221
222
223
224
225
226
227
228
229
230
231
232
233
235
236
237
238
239
240
241
242
243
244
245
246
247
248
249
250
251
252
253
254
255
256
257
259
260
262
263
264
265
266
267
268
269
270
271
272
273
274
275
276
277
278
279
280
281
282
283
284
285
286
287
288
289
290
291
292
293
294
295
296
297
299
300
301
302
303
304
305
306
307
308
309
310
311
312
313
314
315
316
317
318
319
320
321
322
323
324
325
326
327
328
329
330
331
332
333
334
335
336
337
338
339
340
341
343
344
345
346
347
348
349
350
351
352
353
355
356
357
358
359
360
361
362
364
365
366
367
368
369
370
371
372
373
374
375
376
377
378
379
380
381
382
383
384
385
386
387
388
389
390
391
392
393
394
395
396
397
398
399
400
401
402
403
404
405
406
407
408
409
410
411
412
413
414
415
416
418
419
420
421
422
423
424
425
426
427
428
429
430
431
432
433
434
435
436
437
438
439
440
441
442
443
444
445
446
447
448
449
450
451
452
453
454
455
456
457
458
459
460
461
462
464
465
466
467
468
469
470
471
472
473
474
475
476
477
478
479
480
481
482
483
484
485
486
487
488
489
490
491
492
493
495
496
497
498
499
500
501
502
503
504
505
506
507
508
509
510
511
512
513
514
515
516
517
518
519
520
521
522
523
524
525
526
527
528
530
531
532
533
534
535
536
537
538
539
540
541
542
543
544
545
546
547
548
549
550
551
552
553
554
556
557
558
559
560
561
562
563
564
565
566
567
568
569
570
571
572
573
574
575
576
577
578
579
580
581
582
583
584
585
586
587
588
589
590
591
592
593
594
595
596
597
598
599
600
601
602
603
604
605
606
607
609
610
611
612
613
614
615
616
617
618
619
621
622
623
624
625
626
627
628
629
630
631
632
633
634
635
636
637
638
639
640
641
642
643
644
645
646
647
648
649
650
651
652
653
654
655
656
657
658
659
660
661
662
663
664
665
666
667
668
669
670
671
672
673
674
675
676
677
678
679
680
681
682
683
684
685
686
687
688
689
690
691
692
693
694
695
696
697
698
699
700
701
702
703
704
705
706
707
708
709
710
711
712
713
714
715
716
717
718
719
720
721
722
723
724
725
726
727
728
729
730
731
732
733
734
735
736
737
738
739
740
741
742
743
744
745
746
747
748
749
750
751
752
753
754
756
757
758
759
760
761
762
763
764
765
767
768
769
770
771
772
773
774
775
776
777
778
779
780
781
782
783
784
785
786
787
788
789
790
791
792
793
794
795
796
797
798
799
800
801
802
803
804
805
806
807
808
809
810
811
812
813
814
815
816
817
818
819
820
821
822
823
824
825
826
827
828
829
830
831
832
833
834
835
836
837
838
839
840
841
842
843
844
845
846
847
848
849
850
851
852
853
854
855
856
857
858
859
860
861
862
863
864
865
866
867
868
869
870
871
872
873
874
875
876
877
878
879
880
881
882
883
884
885
886
887
888
889
890
891
892
893
894
895
896
897
898
899
900
901
902
903
904
905
906
907
908
909
910
911
912
913
914
915
916
917
918
919
920
921
922
923
924
925
926
927
928
929
930
931
932
933
934
935
936
937
938
939
940
941
942
943
944
945
946
947
948
949
950
951
952
953
954
955
956
957
958
960
961
962
963
964
965
966
967
968
969
970
971
972
973
974
975
976
977
978
979
980
981
982
983
984
985
986
987
988
989
990
991
992
993
994
995
996
997
998
999
1000
1001
1002
1003
1004
0 178 2
2 465 1
2 700 8
2 749 1
2 790 3
2 57 2
4 371 6
5 107 2
5 175 8
6 178 2
8 544 1
8 731 1
11 506 1
13 850 2
14 644 1
14 850 2
14 924 2
14 702 2
15 584 1
15 731 12
16 423 2
17 316 2
22 663 1
24 32 2
24 530 1
24 629 15
24 630 2
24 280 2
24 891 4
24 31 5
25 48 1
28 56 1
28 987 5
29 808 6
29 107 1
29 381 2
30 648 1
30 416 1
30 946 7
30 765 5
31 410 1
31 316 2
32 197 2
32 746 1
32 280 1
32 178 3
32 851 1
32 915 1
35 585 1
35 851 2
35 207 1
40 425 1
40 802 3
40 443 1
40 900 2
40 214 2
40 198 2
40 488 2
40 60 2
40 450 2
40 367 2
40 272 2
40 712 3
40 947 2
40 662 4
40 695 3
40 568 2
40 187 2
40 572 2
40 254 3
41 1000 2
41 73 3
41 48 1
41 723 4
41 758 5
41 503 5
41 184 1
46 676 1
48 1000 3
48 458 1
48 844 1
48 558 1
48 723 4
48 216 1
48 956 1
48 319 1
50 559 2
52 912 3
52 232 2
52 868 5
53 193 1
53 963 1
53 850 1
53 311 1
53 633 1
53 443 1
56 482 7
56 987 5
56 990 2
56 95 2
58 909 1
61 388 2
61 502 1
61 742 1
61 517 1
61 718 6
61 851 1
61 534 1
61 356 1
61 90 3
61 915 1
61 157 3
61 991 2
62 113 1
62 542 1
62 518 1
62 646 2
65 193 1
65 713 2
65 334 1
65 367 2
65 120 1
65 687 9
65 220 2
67 963 6
68 987 5
70 324 3
70 103 1
70 334 10
70 367 3
70 534 1
70 120 1
70 164 1
70 943 3
71 595 8
73 723 4
74 912 4
74 112 3
74 294 1
74 166 4
75 120 1
75 147 4
75 220 2
77 168 7
77 912 7
77 266 1
78 688 1
78 178 2
78 314 1
84 324 2
86 443 3
88 950 1
89 189 1
89 718 7
90 464 3
90 450 2
90 267 1
90 360 2
90 107 1
90 236 2
90 944 7
90 658 2
90 948 2
90 629 2
90 500 3
90 220 2
90 765 2
92 915 1
92 316 2
95 873 2
95 987 6
96 420 1
96 638 1
98 290 1
98 707 9
98 454 2
98 134 9
98 713 7
98 107 8
98 268 9
98 429 7
98 401 8
98 117 7
98 278 7
99 178 2
99 491 1
99 314 1
99 862 3
99 207 1
101 184 1
101 246 1
101 423 3
103 184 1
103 310 2
104 425 20
104 313 1
104 765 1
104 790 4
104 521 1
105 742 1
105 374 4
106 788 1
106 780 1
107 898 1
107 899 1
107 236 1
107 643 1
107 664 1
107 537 1
107 670 1
107 289 1
107 553 1
107 810 3
107 175 1
107 688 1
107 192 1
107 201 1
107 335 2
107 464 1
107 980 1
107 985 1
107 208 1
107 1004 1
107 367 2
107 118 1
107 381 4
111 294 1
112 674 2
112 803 1
112 646 1
112 392 2
112 267 6
112 751 1
112 1000 4
117 268 2
119 465 1
120 188 1
120 978 1
120 499 1
120 233 1
120 505 1
120 987 2
120 220 3
120 573 2
120 190 1
126 168 1
126 294 4
126 573 1
126 790 5
127 718 1
127 415 2
127 229 2
127 214 3
127 367 2
131 850 2
132 638 1
133 256 1
133 721 2
133 602 2
133 765 5
135 362 1
135 371 1
136 316 3
136 915 1
136 428 1
136 302 1
136 857 1
141 362 1
141 469 1
142 316 2
143 544 4
143 669 1
147 577 7
147 355 2
147 933 2
147 715 2
147 972 2
147 171 2
147 748 2
147 590 2
147 285 2
147 367 2
147 277 2
147 150 2
147 347 2
147 157 1
147 926 2
147 686 4
148 486 1
149 184 1
149 372 1
150 415 2
150 471 2
151 617 1
151 962 1
151 923 1
151 253 2
151 367 2
152 443 2
153 891 1
153 977 1
153 418 1
153 411 1
153 996 1
157 356 1
157 517 1
157 586 1
157 684 1
157 590 1
157 765 1
157 277 2
157 502 1
157 535 1
157 472 1
157 740 1
157 542 1
160 629 4
163 895 1
164 879 2
165 344 2
165 401 6
165 316 3
166 586 5
166 435 1
166 573 1
167 656 2
167 851 3
167 469 1
167 229 1
168 260 2
168 648 9
168 521 3
168 266 3
168 912 64
168 790 5
168 425 7
168 556 2
168 813 2
168 946 6
168 948 1
168 949 5
168 439 11
168 313 1
168 575 4
168 586 7
168 332 1
168 472 8
168 356 2
168 746 1
169 595 1
169 372 2
170 245 1
170 581 4
170 855 2
171 590 1
173 506 2
173 850 2
175 849 6
175 553 1
178 214 1
178 409 2
178 538 2
178 929 2
178 550 1
178 295 2
178 693 2
178 569 2
178 314 2
178 962 1
178 710 3
178 333 2
178 976 2
178 339 2
178 470 4
178 599 2
178 605 3
178 862 19
178 991 4
178 228 2
178 367 2
178 502 7
178 249 2
178 767 3
180 958 1
181 920 2
181 190 2
184 521 1
184 394 1
184 907 1
184 781 1
184 323 1
184 407 1
184 409 1
184 582 1
184 423 3
184 808 1
184 432 1
184 561 1
184 315 1
184 702 1
184 779 2
184 580 1
184 710 1
184 711 1
184 275 1
184 843 1
184 849 1
184 225 1
184 491 1
184 754 1
184 883 1
184 246 1
184 510 1
185 833 3
185 762 1
188 469 1
189 718 1
189 229 1
189 214 1
190 353 2
190 229 1
190 486 1
190 367 2
190 656 3
190 274 3
190 373 2
190 214 1
190 920 1
190 890 1
192 381 7
192 327 1
193 290 2
193 550 2
193 609 1
193 499 2
193 662 1
193 633 4
193 443 1
193 833 1
197 850 2
199 924 1
199 850 2
199 644 1
199 996 1
200 952 3
200 857 2
200 316 2
200 224 2
200 630 1
207 484 2
207 424 2
207 428 3
207 558 4
207 349 1
207 547 1
207 373 3
207 888 1
207 953 2
207 795 4
207 988 5
207 445 1
207 990 2
207 469 3
214 776 1
214 912 1
214 531 3
214 662 4
214 920 1
214 290 3
214 425 1
214 684 1
214 946 1
214 433 1
214 951 1
214 703 3
214 450 2
214 334 13
214 595 4
214 718 1
214 233 1
214 367 14
214 754 1
214 499 1
214 502 2
214 765 1
216 1000 2
216 321 1
216 558 4
220 749 1
220 334 1
220 367 2
223 663 1
223 950 1
223 718 4
223 343 2
224 316 3
224 806 3
225 883 1
225 951 2
228 605 2
229 491 1
229 293 1
229 638 2
229 299 1
229 334 2
229 693 2
229 306 1
229 915 4
229 629 1
229 920 1
229 851 3
229 415 3
229 316 1
229 637 1
230 347 1
230 935 1
231 874 2
231 987 5
231 946 1
231 245 3
231 698 1
232 425 4
232 912 9
232 946 2
232 790 8
232 472 2
233 746 2
236 537 1
239 595 1
241 547 1
245 581 1
245 840 1
245 329 1
245 951 1
245 698 1
245 987 5
245 874 2
246 377 1
246 724 4
246 423 2
248 450 1
248 506 1
248 530 1
248 586 2
249 643 1
249 362 1
250 886 1
251 987 5
253 290 2
253 566 2
256 730 1
260 912 1
264 764 1
266 425 1
266 912 1
266 439 1
267 803 1
267 517 3
267 648 5
267 751 3
267 435 2
267 629 1
267 630 1
267 891 14
267 478 5
268 291 2
268 454 2
268 713 2
268 633 3
269 987 4
270 850 2
273 951 17
275 849 3
275 479 1
277 931 1
277 972 1
277 813 3
277 700 1
280 902 2
280 360 1
280 658 1
280 629 5
284 731 4
288 610 8
288 484 8
288 629 13
288 846 9
288 391 8
289 810 3
290 367 3
292 701 1
293 568 1
293 697 6
293 547 4
293 693 1
294 586 7
294 974 1
294 885 1
294 759 1
294 984 1
294 762 1
299 788 1
299 638 1
301 954 1
301 547 1
301 469 1
302 316 2
306 742 1
306 523 1
306 981 3
306 790 5
311 707 1
311 633 2
311 987 5
311 540 1
311 925 1
313 472 2
313 356 2
314 710 1
314 599 2
314 605 5
314 767 1
316 647 2
316 915 15
316 543 2
316 806 1
316 428 2
316 952 5
316 953 4
316 415 2
316 971 2
316 344 2
316 857 4
316 349 7
316 990 2
316 351 2
316 367 4
318 934 1
318 840 4
318 332 1
318 684 2
318 844 1
318 758 1
319 1000 2
319 458 1
319 499 1
319 723 1
324 585 1
324 591 1
324 367 2
327 921 3
327 381 1
329 624 1
329 731 1
329 764 1
333 605 1
334 995 1
334 534 9
334 746 2
334 587 1
334 1003 1
334 591 1
334 915 2
334 724 1
334 890 2
334 474 1
335 643 1
335 381 1
337 638 1
337 663 2
338 987 5
343 399 1
343 534 1
344 373 2
346 638 1
347 912 1
347 472 1
347 933 1
349 976 3
353 750 3
353 486 2
353 391 4
355 933 1
356 425 1
356 912 3
356 721 2
360 891 2
360 629 4
361 987 5
362 771 1
362 428 1
362 812 1
362 849 1
362 469 1
362 383 8
365 522 3
367 534 1
367 927 2
367 544 2
367 425 1
367 940 2
367 557 2
367 946 8
367 435 2
367 951 1
367 569 2
367 963 3
367 720 3
367 850 2
367 987 2
367 865 3
367 868 4
367 997 2
367 742 1
367 978 2
367 499 2
367 629 2
369 913 2
369 407 2
369 646 1
369 513 1
371 585 18
371 581 1
371 441 6
372 404 4
372 718 2
372 934 3
373 391 2
374 742 1
376 638 1
378 514 2
381 643 3
381 658 1
383 720 5
383 909 2
383 589 2
383 528 2
383 851 1
383 586 3
387 851 1
387 547 1
388 534 1
390 851 2
391 629 1
391 891 1
391 445 1
401 429 8
401 454 6
401 415 5
402 788 2
404 732 1
404 595 10
409 767 3
414 563 2
414 891 26
414 995 1
415 833 3
415 940 1
415 429 4
415 718 1
415 749 1
415 762 1
415 987 1
416 946 1
416 790 4
418 996 4
420 559 1
421 547 1
421 469 1
422 731 2
423 996 2
423 779 1
423 786 1
424 547 1
424 795 2
424 469 1
425 720 1
425 518 1
425 521 1
425 912 4
425 946 4
425 949 1
425 790 4
425 439 1
425 765 2
428 915 6
428 990 1
429 454 4
432 789 2
433 994 1
433 987 5
433 738 2
435 586 7
435 500 4
435 573 1
437 850 2
439 912 14
439 949 2
439 730 13
443 550 2
443 742 1
443 662 9
445 507 1
445 629 1
445 782 1
447 790 1
450 965 2
450 586 3
450 712 1
450 530 2
450 915 1
451 880 1
451 469 1
458 1000 3
458 565 1
458 790 3
458 956 2
460 638 1
465 812 1
465 700 1
465 790 1
469 512 1
469 656 1
469 547 1
469 552 1
469 614 1
469 817 1
469 978 1
469 851 4
469 954 1
469 795 3
469 988 2
469 957 1
470 789 5
470 502 3
470 599 1
471 752 1
471 483 1
472 746 3
472 912 12
472 946 7
472 575 1
474 591 1
478 648 1
480 987 5
482 531 4
482 798 2
482 569 2
482 987 5
482 606 1
482 990 2
484 629 5
484 630 5
485 513 1
485 542 1
485 799 1
491 905 1
493 629 3
499 844 1
499 956 1
500 586 1
500 814 3
500 687 1
502 746 1
502 749 1
503 723 1
506 611 1
506 644 1
506 1001 3
506 850 2
509 706 1
509 788 1
509 638 1
512 547 1
513 646 1
514 832 2
514 1001 2
514 780 2
514 977 2
514 950 5
516 924 1
516 850 2
516 532 2
517 648 1
517 751 1
518 646 1
518 535 2
518 895 7
518 542 1
518 799 4
521 586 2
521 912 6
522 732 2
523 765 3
526 629 4
528 969 1
528 663 1
530 586 3
530 846 3
530 658 1
530 915 1
530 629 14
530 630 5
530 891 11
531 987 9
534 746 1
534 591 1
534 822 1
534 601 1
535 913 1
540 840 1
540 874 2
540 633 1
540 698 1
540 987 5
541 921 1
541 850 2
542 646 2
543 952 2
544 739 1
544 741 1
544 669 2
547 667 1
547 851 4
547 795 1
547 957 1
550 743 2
550 812 2
550 595 1
551 646 1
551 895 2
552 978 1
552 858 2
553 670 1
558 704 1
558 1000 4
558 844 1
561 629 3
563 731 1
565 723 1
569 862 1
570 851 4
572 662 1
573 586 4
573 762 1
575 912 4
576 850 2
581 742 1
581 870 1
581 951 3
581 749 1
581 855 1
581 697 1
582 987 5
584 731 8
585 849 1
585 695 2
585 857 1
586 782 2
586 912 7
586 885 5
586 984 2
586 762 3
586 915 2
587 591 1
591 995 1
591 776 1
591 809 1
595 934 1
595 746 1
595 951 1
599 767 3
599 693 1
601 919 1
602 765 2
602 743 1
605 693 2
611 850 2
617 776 1
624 746 4
624 935 1
629 658 4
629 685 4
629 846 4
629 750 4
629 630 7
629 631 3
629 891 12
630 685 2
630 951 7
634 788 1
638 700 2
638 862 1
641 987 5
643 685 3
643 670 1
644 850 2
644 783 1
646 895 1
646 799 1
648 751 1
648 912 1
648 721 4
648 765 2
650 850 2
650 682 1
654 962 1
654 850 2
654 719 1
654 837 1
654 991 3
657 850 2
663 950 1
663 935 1
665 700 1
668 720 1
668 746 6
668 813 1
668 935 2
671 995 1
680 707 3
682 850 2
684 844 1
687 775 1
687 776 1
687 752 1
687 851 1
687 923 1
688 808 1
692 746 2
695 951 1
697 925 5
697 855 8
698 764 1
698 840 1
698 873 1
698 987 5
699 912 2
700 812 2
700 881 1
700 790 6
701 728 1
702 850 2
707 880 2
707 951 5
715 926 1
715 951 1
718 754 1
718 724 1
718 980 1
719 850 2
719 837 1
720 935 5
720 746 8
720 813 2
721 908 1
721 765 5
723 1000 5
723 844 1
723 758 6
730 868 1
731 890 1
738 850 2
738 923 1
740 788 1
742 900 5
742 863 1
743 765 1
744 912 2
745 850 2
746 912 2
746 935 15
746 813 19
750 891 3
751 854 1
754 907 6
758 844 1
758 918 1
758 956 1
761 850 2
761 804 1
762 913 3
764 994 1
764 874 2
764 840 1
764 987 5
765 948 1
782 912 1
783 850 1
784 981 1
788 906 1
789 987 5
790 868 1
790 956 1
796 987 5
799 895 1
804 850 2
804 881 2
806 915 2
809 987 5
810 881 1
811 833 1
813 912 2
813 935 3
817 851 1
828 850 2
837 850 2
840 874 2
840 987 5
843 907 1
844 956 5
849 987 5
850 921 2
850 924 2
850 979 2
850 996 2
850 1001 2
850 881 2
851 978 5
851 920 1
851 954 1
857 915 1
870 935 1
872 987 5
873 874 2
873 987 6
873 925 1
874 925 6
890 997 3
891 995 5
912 946 2
912 949 2
915 953 2
919 1000 4
921 923 1
925 987 1
925 955 1
926 951 5
946 948 1
955 987 5
969 977 3
987 994 5
