0
1
2
3
4
5
6
7
8
9
10
11
12
13
14
15
16
17
18
19
20
21
22
23
24
25
26
27
28
29
30
31
32
33
34
35
36
37
38
39
40
41
42
43
44
45
46
47
48
49
50
51
52
53
54
55
56
57
58
59
60
61
62
63
64
65
66
67
68
69
70
71
72
73
74
75
76
77
78
79
80
81
82
83
84
85
86
87
88
89
90
91
92
93
94
95
96
97
98
99
100
101
102
103
104
105
106
107
108
109
110
111
112
113
114
115
116
117
118
119
120
121
122
123
124
125
126
127
128
129
130
131
132
133
134
135
136
137
138
139
141
142
143
144
145
146
147
148
149
150
151
152
153
154
155
157
158
159
160
161
162
163
164
165
166
167
168
169
170
171
172
173
174
175
176
177
178
179
180
181
182
183
184
185
186
187
188
189
190
191
192
193
194
195
196
197
198
199
200
201
202
203
204
205
206
207
208
209
210
211
212
213
214
215
216
217
218
219
220
221
222
223
224
225
226
227
228
229
230
231
232
233
235
236
237
238
239
240
241
242
243
244
245
246
247
248
249
250
251
252
253
254
255
256
257
259
260
262
263
264
265
266
267
268
269
270
271
272
273
274
275
276
277
278
279
280
281
282
283
284
285
286
287
288
289
290
291
292
293
294
295
296
297
299
300
301
302
303
304
305
306
307
308
309
310
311
312
313
314
315
316
317
318
319
320
321
322
323
324
325
326
327
328
329
330
331
332
333
334
335
336
337
338
339
340
341
343
344
345
346
347
348
349
350
351
352
353
355
356
357
358
359
360
361
362
364
365
366
367
368
369
370
371
372
373
374
375
376
377
378
379
380
381
382
383
384
385
386
387
388
389
390
391
392
393
394
395
396
397
398
399
400
401
402
403
404
405
406
407
408
409
410
411
412
413
414
415
416
418
419
420
421
422
423
424
425
426
427
428
429
430
431
432
433
434
435
436
437
438
439
440
441
442
443
444
445
446
447
448
449
450
451
452
453
454
455
456
457
458
459
460
461
462
464
465
466
467
468
469
470
471
472
473
474
475
476
477
478
479
480
481
482
483
484
485
486
487
488
489
490
491
492
493
495
496
497
498
499
500
501
502
503
504
505
506
507
508
509
510
511
512
513
514
515
516
517
518
519
520
521
522
523
524
525
526
527
528
530
531
532
533
534
535
536
537
538
539
540
541
542
543
544
545
546
547
548
549
550
551
552
553
554
556
557
558
559
560
561
562
563
564
565
566
567
568
569
570
571
572
573
574
575
576
577
578
579
580
581
582
583
584
585
586
587
588
589
590
591
592
593
594
595
596
597
598
599
600
601
602
603
604
605
606
607
609
610
611
612
613
614
615
616
617
618
619
621
622
623
624
625
626
627
628
629
630
631
632
633
634
635
636
637
638
639
640
641
642
643
644
645
646
647
648
649
650
651
652
653
654
655
656
657
658
659
660
661
662
663
664
665
666
667
668
669
670
671
672
673
674
675
676
677
678
679
680
681
682
683
684
685
686
687
688
689
690
691
692
693
694
695
696
697
698
699
700
701
702
703
704
705
706
707
708
709
710
711
712
713
714
715
716
717
718
719
720
721
722
723
724
725
726
727
728
729
730
731
732
733
734
735
736
737
738
739
740
741
742
743
744
745
746
747
748
749
750
751
752
753
754
756
757
758
759
760
761
762
763
764
765
767
768
769
770
771
772
773
774
775
776
777
778
779
780
781
782
783
784
785
786
787
788
789
790
791
792
793
794
795
796
797
798
799
800
801
802
803
804
805
806
807
808
809
810
811
812
813
814
815
816
817
818
819
820
821
822
823
824
825
826
827
828
829
830
831
832
833
834
835
836
837
838
839
840
841
842
843
844
845
846
847
848
849
850
851
852
853
854
855
856
857
858
859
860
861
862
863
864
865
866
867
868
869
870
871
872
873
874
875
876
877
878
879
880
881
882
883
884
885
886
887
888
889
890
891
892
893
894
895
896
897
898
899
900
901
902
903
904
905
906
907
908
909
910
911
912
913
914
915
916
917
918
919
920
921
922
923
924
925
926
927
928
929
930
931
932
933
934
935
936
937
938
939
940
941
942
943
944
945
946
947
948
949
950
951
952
953
954
955
956
957
958
960
961
962
963
964
965
966
967
968
969
970
971
972
973
974
975
976
977
978
979
980
981
982
983
984
985
986
987
988
989
990
991
992
993
994
995
996
997
998
999
1000
1001
1002
1003
1004
0 6 1
0 519 1
0 409 1
0 538 1
0 929 1
0 432 6
0 178 6
0 693 1
0 569 2
0 314 1
0 502 1
0 710 1
0 333 1
0 78 1
0 976 1
0 470 1
0 599 1
0 605 1
0 862 1
0 991 1
0 99 1
0 228 1
0 118 4
0 249 1
0 767 1
2 782 1
2 306 3
2 790 1
2 638 1
2 998 1
4 135 1
5 491 2
5 175 1
5 118 2
5 381 1
5 506 1
5 189 2
5 670 1
6 569 2
6 178 3
6 506 1
8 544 1
11 462 3
13 738 2
13 516 1
13 951 2
14 996 2
14 506 1
14 924 2
14 738 1
15 680 9
15 731 6
15 422 1
16 754 1
16 101 1
16 410 1
17 857 1
17 316 1
17 165 1
19 333 1
24 846 1
24 267 1
24 750 2
24 561 1
24 629 6
24 280 2
24 891 13
28 987 5
29 506 1
30 313 2
30 885 2
31 316 1
31 165 5
32 293 1
32 977 1
32 718 2
32 433 1
32 214 1
32 280 1
32 921 2
35 280 1
35 978 1
35 469 1
35 207 1
38 832 5
38 522 3
38 334 4
38 337 1
38 474 2
38 586 2
38 638 1
40 450 2
40 214 1
40 198 1
40 415 3
41 73 5
41 723 4
41 565 3
41 503 2
42 90 2
42 534 5
42 510 1
42 943 1
46 399 1
46 510 1
46 310 2
46 943 2
48 672 1
48 458 1
48 684 4
48 558 3
48 499 1
48 565 1
48 918 1
48 956 1
48 319 3
50 559 3
52 112 5
52 472 1
52 126 2
53 193 3
53 517 1
53 70 2
53 499 1
53 978 1
53 147 2
53 633 1
53 890 1
53 189 1
53 542 2
53 127 1
56 482 1
56 987 6
56 101 2
56 491 2
58 769 1
58 818 2
61 356 2
61 229 1
61 742 8
61 135 3
61 522 1
61 517 3
61 718 9
61 591 1
61 912 3
61 371 1
61 502 6
61 89 2
61 696 1
61 377 2
61 765 1
61 542 1
61 607 2
62 800 1
62 163 2
62 485 2
62 646 6
62 913 3
62 542 11
62 799 1
66 227 1
67 963 13
67 165 5
67 391 3
67 846 4
67 207 4
67 561 1
67 344 2
67 190 1
68 987 5
69 343 1
70 310 2
74 416 2
74 112 1
74 294 1
74 166 6
74 104 1
74 586 4
74 912 4
74 392 12
74 984 2
74 168 1
75 771 1
75 772 8
75 334 3
75 784 1
75 178 2
75 948 2
75 220 2
75 607 1
76 410 1
77 912 1
78 569 2
78 178 3
78 951 2
82 784 1
82 771 1
82 628 1
82 135 1
83 771 1
83 697 1
83 863 1
83 855 1
86 443 2
89 718 2
90 147 1
90 226 1
90 996 2
90 166 1
90 742 1
90 850 2
90 657 1
90 178 1
90 472 1
90 948 1
90 629 2
90 280 1
90 356 1
90 891 2
90 157 1
90 946 2
91 617 2
91 779 1
91 660 1
91 415 3
92 658 1
92 316 1
92 165 1
93 752 2
95 987 5
98 707 17
98 454 6
98 134 15
98 713 1
98 107 20
98 268 20
98 429 7
98 592 19
98 401 11
98 291 6
98 117 19
98 278 12
99 569 2
99 178 3
99 502 1
101 779 1
101 246 7
101 423 7
102 638 3
102 534 4
103 977 2
103 514 2
103 663 4
103 423 3
104 294 2
104 425 47
104 721 2
104 984 1
104 313 1
104 126 3
105 418 21
105 996 1
105 582 2
106 322 2
106 740 1
106 950 1
107 236 2
107 468 1
107 381 1
107 201 1
109 232 1
111 586 3
111 762 1
111 935 1
112 803 1
112 517 1
112 1000 4
112 267 4
112 948 1
114 716 2
117 268 2
118 732 2
118 862 1
118 502 2
119 812 4
119 790 2
120 948 3
120 923 2
120 772 1
122 410 1
125 534 5
126 416 3
126 356 2
126 586 2
126 782 3
126 912 5
126 790 9
126 868 1
126 889 1
126 948 1
126 542 2
127 293 1
127 843 2
127 718 4
127 687 1
127 754 2
127 595 4
127 980 1
127 150 2
129 355 1
133 168 5
134 268 1
134 190 1
134 143 1
135 581 2
135 870 2
135 936 1
135 233 1
135 746 2
135 334 4
135 527 1
135 337 7
135 371 3
135 628 6
135 405 1
135 742 1
135 855 5
135 692 1
135 851 1
135 607 1
135 170 1
135 517 2
136 165 1
136 200 4
136 344 2
136 915 2
136 952 2
136 857 1
136 316 1
138 444 3
139 534 5
139 510 1
141 978 1
141 292 1
141 469 1
141 214 1
142 165 2
142 267 3
142 207 4
142 274 2
142 915 3
142 280 1
142 316 5
143 544 1
143 739 3
143 580 1
143 362 1
143 563 1
143 890 1
144 544 1
147 416 2
147 577 9
147 931 3
147 933 2
147 972 2
147 171 2
147 748 2
147 590 2
147 355 2
147 214 2
147 347 4
147 686 3
147 285 2
147 926 4
147 277 3
149 716 2
149 372 2
149 327 1
150 617 1
150 978 1
150 220 1
150 415 2
151 253 2
153 977 2
153 418 4
153 996 1
153 410 2
157 577 2
157 746 3
159 416 4
159 577 1
159 866 1
159 868 2
159 609 1
159 425 5
159 746 1
159 724 3
159 214 6
159 951 1
159 377 1
159 316 3
159 414 1
160 280 1
160 658 1
160 629 6
160 167 1
163 913 1
164 402 1
164 943 2
165 647 1
165 915 2
165 280 1
165 543 1
165 428 1
165 302 1
165 952 1
165 953 1
165 316 6
165 200 1
165 971 1
165 207 3
165 344 4
165 857 2
165 990 2
165 401 9
166 416 1
166 609 2
166 803 3
166 743 1
166 392 1
166 214 2
167 547 1
167 552 1
167 978 1
167 851 2
167 469 1
167 630 2
167 954 1
168 416 4
168 256 1
168 260 1
168 966 4
168 935 1
168 232 5
168 425 2
168 266 6
168 912 18
168 948 3
168 949 12
168 790 3
168 439 8
168 472 10
171 577 2
171 590 1
173 738 1
175 977 2
175 423 3
175 849 6
175 275 5
175 532 1
175 246 2
175 410 1
178 214 1
178 915 3
178 409 3
178 538 4
178 415 1
178 929 2
178 295 2
178 693 5
178 569 4
178 314 3
178 710 3
178 333 3
178 976 4
178 339 3
178 470 3
178 599 3
178 605 3
178 862 3
178 991 2
178 228 3
178 502 11
178 249 3
178 767 3
180 727 2
181 552 1
181 724 1
181 190 4
184 832 2
184 225 2
184 710 1
184 423 1
184 883 1
184 407 1
184 410 1
185 833 1
185 854 1
185 502 1
185 415 2
186 267 2
186 517 1
187 695 1
188 280 1
188 978 1
188 469 3
188 614 3
189 969 1
189 491 1
189 270 2
189 977 3
189 951 2
189 506 1
189 316 1
190 353 6
190 656 6
190 274 4
190 373 5
191 770 1
191 692 9
192 381 3
192 327 1
193 633 3
193 731 1
193 923 1
196 268 1
197 586 1
199 506 2
199 644 2
199 738 1
200 971 1
200 915 4
200 952 7
200 316 1
206 534 4
207 424 1
207 558 3
207 978 1
207 953 2
207 795 2
207 349 1
207 990 2
207 469 1
214 515 1
214 662 3
214 776 1
214 912 1
214 530 1
214 278 1
214 920 1
214 923 1
214 290 2
214 935 5
214 940 5
214 687 1
214 371 1
214 692 1
214 951 1
214 569 1
214 316 1
214 577 3
214 963 1
214 324 1
214 334 1
214 720 1
214 544 1
214 868 2
214 220 1
214 865 1
214 738 1
214 356 2
214 742 3
214 746 2
214 531 1
214 629 1
216 672 1
216 321 1
216 458 1
216 956 2
216 558 3
220 334 2
223 746 1
224 349 1
225 423 3
228 693 1
228 502 1
228 599 1
228 569 2
229 421 2
229 607 5
231 863 1
231 874 2
231 338 2
231 245 1
231 987 5
231 540 10
231 607 1
232 782 1
232 984 2
232 790 3
232 472 10
232 602 1
233 692 6
235 316 1
239 512 2
239 951 3
241 280 1
241 469 1
245 540 1
245 874 2
245 890 1
245 987 6
245 764 1
246 377 1
246 724 1
246 423 12
248 746 1
249 569 2
250 369 1
250 535 1
250 886 3
250 607 1
251 410 1
251 987 5
253 290 2
253 566 2
255 577 3
256 416 1
256 517 1
256 294 1
256 267 2
256 313 1
260 912 2
266 912 3
266 790 2
266 439 7
267 674 1
267 803 1
267 517 4
267 648 3
267 586 15
267 751 1
267 392 1
267 435 1
267 948 5
267 686 1
267 891 6
267 478 4
268 291 1
268 454 1
268 713 1
268 683 1
268 592 1
268 633 3
270 738 1
272 450 1
272 742 5
272 662 1
274 841 3
275 849 4
275 977 1
275 327 1
277 577 2
277 926 1
278 414 1
280 388 1
280 647 1
280 526 2
280 656 1
280 920 1
280 658 2
280 915 1
280 281 3
280 288 1
280 547 2
280 421 1
280 422 1
280 685 1
280 561 4
280 530 2
280 953 1
280 445 1
280 846 2
280 851 1
280 990 1
280 293 1
280 484 1
280 360 2
280 491 1
280 493 1
280 750 1
280 629 16
280 630 1
280 631 2
280 891 1
281 491 1
284 584 1
284 422 1
285 577 2
288 484 39
288 773 39
288 391 31
288 493 40
288 846 41
288 561 34
288 629 44
288 630 8
288 445 31
291 401 5
291 429 1
291 454 1
293 547 1
294 416 1
294 586 2
294 782 1
294 885 1
294 984 1
294 313 2
294 447 1
295 569 2
299 832 1
299 634 1
299 509 1
301 978 1
301 493 2
301 469 1
302 316 1
304 441 2
306 771 1
306 742 2
306 523 3
306 659 1
306 863 1
306 607 1
310 706 4
310 943 12
310 368 2
310 343 3
311 697 1
311 987 5
311 863 1
313 416 1
313 356 6
313 472 1
313 602 1
313 765 1
314 929 1
314 710 1
314 693 1
314 599 2
314 569 2
316 647 1
316 915 8
316 543 1
316 428 1
316 392 1
316 952 1
316 953 1
316 838 2
316 971 1
316 344 1
316 857 1
316 990 1
318 499 1
319 832 2
319 458 1
319 684 2
319 558 3
321 672 1
321 618 1
321 499 9
322 638 2
322 534 4
323 510 1
324 586 1
326 587 1
327 737 1
327 738 1
327 644 1
327 897 1
327 1001 2
327 650 1
327 849 2
327 745 1
327 921 4
327 702 1
329 624 2
329 863 1
332 416 1
332 356 2
332 586 4
332 782 5
332 500 9
332 759 1
333 569 2
334 772 3
334 742 1
334 586 2
334 638 3
334 607 4
335 899 6
335 381 3
337 505 3
337 502 2
337 638 1
338 987 5
338 540 3
339 569 2
343 534 3
343 943 6
343 663 1
343 399 3
343 607 1
344 952 1
347 577 2
347 933 1
347 926 2
349 976 1
353 891 1
353 391 2
355 577 3
355 715 1
356 416 1
356 868 11
356 550 1
356 648 1
356 425 1
356 586 2
356 718 1
356 912 1
356 772 2
356 472 2
356 602 3
356 762 1
356 517 1
360 629 4
360 526 1
361 987 5
362 771 1
362 528 1
362 371 4
362 854 1
362 538 2
362 765 1
362 383 3
364 582 1
365 522 1
365 718 1
369 913 4
369 444 3
369 646 2
371 860 1
372 572 2
372 595 1
372 404 3
372 934 4
377 457 3
377 506 1
378 514 2
381 670 1
383 996 7
383 909 2
383 589 1
383 528 2
383 922 2
383 891 1
383 444 1
388 832 3
388 742 2
388 550 2
388 634 3
388 638 7
391 629 1
391 445 2
392 674 2
392 948 1
396 761 3
399 943 2
401 454 7
401 429 9
401 415 6
404 688 1
404 595 1
405 870 2
409 569 2
410 777 1
410 650 1
410 924 1
410 541 1
410 929 1
410 815 1
410 433 1
410 951 3
410 832 2
410 837 1
410 994 1
410 976 1
410 977 6
410 482 1
410 1001 1
410 767 1
414 891 1
414 923 1
415 833 4
415 803 1
415 746 1
415 587 1
415 429 1
415 462 2
415 946 2
416 868 3
416 425 1
416 782 4
416 912 3
416 948 1
416 772 2
416 951 2
416 586 11
418 977 9
418 996 155
421 424 2
421 978 1
421 469 1
421 795 2
422 680 4
422 572 1
422 731 1
423 832 1
423 779 1
423 977 5
423 790 2
424 978 1
424 469 1
424 795 3
424 990 4
425 648 4
425 946 3
425 472 1
425 765 1
428 491 1
429 454 7
432 987 5
433 738 3
433 849 2
433 546 1
433 977 4
433 987 6
435 586 1
435 500 3
435 782 6
437 738 1
438 818 2
439 912 5
443 742 4
443 662 3
444 535 1
445 891 2
445 629 1
447 984 2
447 586 1
450 802 3
450 835 3
450 900 1
450 517 1
450 502 1
450 746 1
450 595 1
450 662 5
450 851 1
450 915 3
454 772 2
458 577 1
458 1000 1
458 558 3
458 499 1
458 918 1
458 956 1
465 812 1
466 568 1
469 547 1
469 614 1
469 817 1
469 978 1
469 954 1
469 795 1
469 957 1
470 569 2
472 912 4
472 946 4
474 603 1
474 510 1
477 534 4
478 818 3
478 517 1
479 700 2
480 987 5
481 565 5
482 531 2
482 987 5
483 782 1
484 629 1
485 646 1
485 823 3
487 534 4
489 534 4
491 502 1
491 731 1
491 671 1
493 629 4
493 630 2
493 795 2
499 704 3
499 679 1
499 1000 1
499 844 2
499 565 1
499 918 3
499 503 1
499 672 1
499 956 1
500 782 3
500 814 1
502 915 2
502 538 4
502 929 1
502 951 1
502 569 2
502 718 3
502 976 3
502 851 1
502 605 1
502 862 4
502 746 1
502 506 3
503 704 4
506 738 1
506 996 8
506 688 1
506 657 2
506 541 3
506 670 1
510 832 1
510 649 1
510 939 1
510 943 1
510 622 1
510 534 8
512 978 1
513 646 2
514 832 2
514 1001 2
514 780 2
514 977 4
514 950 4
516 738 2
516 804 1
516 783 4
516 532 1
516 761 1
517 587 2
517 648 1
517 746 1
517 542 2
517 915 1
517 948 1
517 854 1
522 746 1
522 546 2
526 920 1
526 629 5
527 870 5
528 867 1
528 909 1
528 589 1
528 922 1
530 630 2
530 746 1
530 629 7
530 891 4
531 987 7
532 738 1
534 649 5
534 746 1
534 939 10
534 562 4
534 622 4
534 634 1
534 607 1
535 542 1
538 569 2
538 605 1
540 641 3
540 994 9
540 987 9
540 873 1
540 874 2
540 697 1
540 955 1
540 863 1
541 738 2
541 644 1
542 772 3
542 646 1
542 746 3
542 854 3
543 952 3
544 580 3
544 741 1
544 563 1
544 791 1
544 669 1
546 803 1
546 868 1
547 978 1
547 851 1
547 630 3
550 803 3
550 868 4
550 746 1
550 629 1
552 614 1
552 978 1
552 851 1
552 951 1
553 670 1
558 956 3
559 622 2
561 846 10
561 629 5
565 844 1
565 684 1
565 723 3
566 772 1
568 742 2
569 929 2
569 693 2
569 710 2
569 976 2
569 599 2
569 605 2
569 862 2
569 991 2
569 767 2
572 711 1
573 586 1
575 966 1
576 738 1
577 931 2
577 933 4
577 715 3
577 936 1
577 972 2
577 748 2
577 590 2
577 686 2
577 926 2
577 607 6
581 742 1
582 764 1
582 994 4
582 987 5
584 731 1
586 782 4
586 912 1
586 915 1
586 687 1
586 617 2
586 885 2
586 762 1
587 720 1
587 617 2
591 742 1
591 746 2
591 718 1
591 854 1
591 638 1
591 607 2
595 934 3
595 696 5
595 732 1
599 929 1
599 693 1
602 721 2
602 743 1
603 780 1
603 951 1
605 1001 1
605 685 2
607 742 1
607 782 1
607 696 3
607 687 1
607 700 2
609 772 2
609 855 1
614 978 1
617 951 2
618 918 1
624 863 1
626 863 1
629 658 4
629 685 4
629 846 4
629 750 5
629 630 13
629 631 4
629 891 8
630 685 2
630 954 3
630 891 2
630 668 2
630 957 2
630 894 3
633 923 2
633 951 1
634 788 1
634 638 1
638 832 5
641 987 5
644 738 4
644 996 4
644 650 2
650 783 1
650 738 1
654 738 2
657 921 1
657 738 1
659 742 2
659 863 1
662 900 1
663 879 1
663 943 3
663 951 2
668 720 4
668 746 8
668 813 1
668 935 2
669 700 1
672 844 3
674 948 1
678 696 3
682 738 1
684 704 1
684 746 3
684 844 1
685 1001 1
687 742 1
687 746 3
687 923 1
692 769 1
692 742 4
692 746 3
692 830 2
693 862 1
695 951 1
696 891 1
696 731 5
696 915 2
697 771 1
697 855 7
697 925 1
698 987 5
700 896 2
700 704 1
700 804 1
700 812 2
700 956 2
702 738 1
702 996 13
703 935 1
704 743 3
704 844 6
706 951 2
707 880 1
715 926 5
716 718 4
718 866 4
718 742 1
718 746 1
718 883 1
718 980 3
718 724 1
719 738 2
720 833 2
720 935 9
720 746 16
720 813 4
720 863 3
723 758 1
724 883 3
731 746 1
738 783 4
738 921 1
738 923 1
738 924 1
738 945 1
738 828 2
738 837 2
738 850 1
738 979 1
738 996 2
738 745 3
738 881 1
738 1001 1
738 761 1
739 746 1
742 771 6
742 900 13
742 863 2
742 784 4
742 995 1
742 746 1
746 776 1
746 812 1
746 920 1
746 923 1
746 935 24
746 775 1
746 813 7
746 834 1
746 851 1
746 980 1
746 994 1
748 926 1
751 948 1
758 956 8
758 844 1
758 918 2
759 984 2
762 984 1
764 994 4
764 874 2
764 987 5
764 863 1
769 798 1
769 863 1
771 863 1
772 868 2
772 923 3
774 947 121
779 977 2
780 977 2
782 868 2
782 984 8
783 837 1
788 939 1
789 987 5
790 812 5
790 956 1
791 862 2
792 863 1
795 846 1
795 978 1
803 948 3
807 951 1
809 987 5
810 881 2
813 935 1
817 978 1
838 915 1
840 874 2
840 987 5
840 863 1
841 920 1
841 935 1
849 987 5
850 996 2
851 978 1
853 943 1
854 948 3
854 890 1
857 915 4
857 952 3
862 909 4
863 993 1
863 994 1
872 987 7
873 874 2
873 987 5
874 925 1
912 984 2
912 948 3
912 949 4
912 923 1
915 935 1
925 987 5
943 950 1
946 966 1
946 948 1
948 949 4
950 977 2
951 957 1
952 971 1
954 978 1
955 987 5
957 978 1
969 977 1
977 1004 4
977 1001 2
978 988 1
987 994 6
