0
1
2
3
4
5
6
7
8
9
10
11
12
13
14
15
16
17
18
19
20
21
22
23
24
25
26
27
28
29
30
31
32
33
34
35
36
37
38
39
40
41
42
43
44
45
46
47
48
49
50
51
52
53
54
55
56
57
58
59
60
61
62
63
64
65
66
67
68
69
70
71
72
73
74
75
76
77
78
79
80
81
82
83
84
85
86
87
88
89
90
91
92
93
94
95
96
97
98
99
100
101
102
103
104
105
106
107
108
109
110
111
112
113
114
115
116
117
118
119
120
121
122
123
124
125
126
127
128
129
130
131
132
133
134
135
136
137
138
139
141
142
143
144
145
146
147
148
149
150
151
152
153
154
155
157
158
159
160
161
162
163
164
165
166
167
168
169
170
171
172
173
174
175
176
177
178
179
180
181
182
183
184
185
186
187
188
189
190
191
192
193
194
195
196
197
198
199
200
201
202
203
204
205
206
207
208
209
210
211
212
213
214
215
216
217
218
219
220
221
222
223
224
225
226
227
228
229
230
231
232
233
235
236
237
238
239
240
241
242
243
244
245
246
247
248
249
250
251
252
253
254
255
256
257
259
260
262
263
264
265
266
267
268
269
270
271
272
273
274
275
276
277
278
279
280
281
282
283
284
285
286
287
288
289
290
291
292
293
294
295
296
297
299
300
301
302
303
304
305
306
307
308
309
310
311
312
313
314
315
316
317
318
319
320
321
322
323
324
325
326
327
328
329
330
331
332
333
334
335
336
337
338
339
340
341
343
344
345
346
347
348
349
350
351
352
353
355
356
357
358
359
360
361
362
364
365
366
367
368
369
370
371
372
373
374
375
376
377
378
379
380
381
382
383
384
385
386
387
388
389
390
391
392
393
394
395
396
397
398
399
400
401
402
403
404
405
406
407
408
409
410
411
412
413
414
415
416
418
419
420
421
422
423
424
425
426
427
428
429
430
431
432
433
434
435
436
437
438
439
440
441
442
443
444
445
446
447
448
449
450
451
452
453
454
455
456
457
458
459
460
461
462
464
465
466
467
468
469
470
471
472
473
474
475
476
477
478
479
480
481
482
483
484
485
486
487
488
489
490
491
492
493
495
496
497
498
499
500
501
502
503
504
505
506
507
508
509
510
511
512
513
514
515
516
517
518
519
520
521
522
523
524
525
526
527
528
530
531
532
533
534
535
536
537
538
539
540
541
542
543
544
545
546
547
548
549
550
551
552
553
554
556
557
558
559
560
561
562
563
564
565
566
567
568
569
570
571
572
573
574
575
576
577
578
579
580
581
582
583
584
585
586
587
588
589
590
591
592
593
594
595
596
597
598
599
600
601
602
603
604
605
606
607
609
610
611
612
613
614
615
616
617
618
619
621
622
623
624
625
626
627
628
629
630
631
632
633
634
635
636
637
638
639
640
641
642
643
644
645
646
647
648
649
650
651
652
653
654
655
656
657
658
659
660
661
662
663
664
665
666
667
668
669
670
671
672
673
674
675
676
677
678
679
680
681
682
683
684
685
686
687
688
689
690
691
692
693
694
695
696
697
698
699
700
701
702
703
704
705
706
707
708
709
710
711
712
713
714
715
716
717
718
719
720
721
722
723
724
725
726
727
728
729
730
731
732
733
734
735
736
737
738
739
740
741
742
743
744
745
746
747
748
749
750
751
752
753
754
756
757
758
759
760
761
762
763
764
765
767
768
769
770
771
772
773
774
775
776
777
778
779
780
781
782
783
784
785
786
787
788
789
790
791
792
793
794
795
796
797
798
799
800
801
802
803
804
805
806
807
808
809
810
811
812
813
814
815
816
817
818
819
820
821
822
823
824
825
826
827
828
829
830
831
832
833
834
835
836
837
838
839
840
841
842
843
844
845
846
847
848
849
850
851
852
853
854
855
856
857
858
859
860
861
862
863
864
865
866
867
868
869
870
871
872
873
874
875
876
877
878
879
880
881
882
883
884
885
886
887
888
889
890
891
892
893
894
895
896
897
898
899
900
901
902
903
904
905
906
907
908
909
910
911
912
913
914
915
916
917
918
919
920
921
922
923
924
925
926
927
928
929
930
931
932
933
934
935
936
937
938
939
940
941
942
943
944
945
946
947
948
949
950
951
952
953
954
955
956
957
958
960
961
962
963
964
965
966
967
968
969
970
971
972
973
974
975
976
977
978
979
980
981
982
983
984
985
986
987
988
989
990
991
992
993
994
995
996
997
998
999
1000
1001
1002
1003
1004
2 52 1
2 854 1
5 107 1
5 29 2
14 1001 3
14 506 3
14 702 9
15 731 3
15 284 1
15 422 3
16 969 1
16 843 1
16 883 1
16 407 1
16 153 1
16 410 1
17 857 1
19 407 1
24 280 1
24 629 2
28 987 1
29 898 2
29 899 1
29 381 2
30 356 4
30 104 2
30 912 1
30 168 1
30 936 4
30 472 1
30 313 1
31 316 1
31 165 7
31 838 1
32 280 1
35 280 1
35 978 1
37 313 1
38 832 3
38 663 3
38 395 1
38 534 1
38 343 1
40 272 1
40 900 1
40 947 1
40 572 1
40 568 1
41 458 3
42 323 3
45 66 4
48 458 1
52 416 1
52 201 1
52 782 1
52 790 7
52 126 1
53 609 1
56 987 1
61 742 1
61 393 1
61 718 4
61 687 2
61 90 1
61 318 1
61 991 4
62 214 2
62 513 1
62 113 1
62 485 6
62 646 3
62 551 2
62 535 1
62 369 1
62 722 1
62 854 2
62 823 2
62 250 2
62 444 1
62 542 2
62 159 3
67 344 4
70 120 1
70 890 1
70 310 1
70 663 2
71 595 1
73 458 3
74 166 1
74 104 2
74 586 7
74 112 4
74 392 14
74 885 4
74 126 2
76 969 1
76 410 1
77 416 1
77 908 1
77 557 1
86 443 1
90 865 1
92 316 1
92 838 1
95 987 1
98 401 5
98 278 1
101 246 1
103 977 2
103 514 1
103 310 2
103 950 1
103 206 1
104 648 5
104 425 1
104 721 1
104 126 1
104 790 2
105 418 10
107 201 1
107 810 1
107 980 1
107 393 2
107 120 1
107 537 1
107 415 1
111 759 1
112 356 2
112 646 2
112 392 2
112 952 1
112 472 4
113 854 1
113 535 1
118 732 2
119 700 1
119 812 2
120 416 1
120 865 1
120 147 1
120 572 1
120 850 1
120 720 2
120 978 1
120 499 1
120 500 1
120 629 1
120 316 1
120 987 2
120 220 1
120 413 1
120 190 3
122 153 1
122 410 1
122 969 1
126 790 3
126 500 2
126 586 1
132 388 1
133 648 1
133 602 1
133 765 2
135 703 1
136 857 1
136 915 1
136 316 4
136 629 1
141 978 1
141 851 1
141 188 1
142 280 1
142 267 6
142 316 2
142 143 1
143 741 1
143 159 2
147 171 1
147 557 1
149 208 5
149 377 2
149 293 1
152 443 5
153 994 1
153 418 5
153 996 7
153 837 1
153 1001 1
153 650 1
153 777 1
153 482 1
153 175 1
153 977 16
153 969 2
153 410 4
153 924 1
153 541 1
159 551 3
159 290 3
159 891 2
159 900 1
159 167 1
159 776 1
159 841 1
159 746 1
159 558 1
159 272 3
159 306 2
159 595 3
159 469 2
159 214 2
159 472 5
159 377 1
159 731 1
159 189 1
159 719 2
160 629 2
164 638 7
165 454 1
165 207 1
165 401 5
165 344 9
165 316 9
166 743 1
166 392 4
166 586 6
166 782 1
166 500 1
167 978 1
167 851 1
167 957 1
168 416 1
168 356 2
168 966 1
170 697 2
170 581 1
170 231 2
171 926 1
173 506 6
173 532 1
175 410 1
175 969 1
178 605 2
178 502 1
181 696 1
181 274 3
181 190 1
184 883 4
188 280 1
188 978 1
188 988 2
188 421 6
189 410 1
190 353 2
190 656 1
190 274 1
190 373 1
192 381 4
192 327 2
193 595 1
193 500 2
197 586 2
199 996 5
199 381 1
207 424 1
207 558 2
207 978 1
207 953 2
207 990 1
208 977 1
209 356 1
209 765 1
214 900 1
214 712 1
214 746 6
214 272 1
214 306 1
214 595 3
216 321 3
221 926 1
225 883 1
228 605 5
231 738 2
231 810 1
231 624 1
231 698 2
231 540 4
233 692 1
233 540 1
235 472 1
235 598 1
239 951 1
241 512 1
241 280 1
245 698 2
245 540 4
246 293 1
246 423 1
250 854 1
250 886 2
251 969 1
251 410 1
256 416 2
256 313 1
256 356 3
264 540 3
266 416 2
266 949 1
267 838 1
272 334 1
272 754 1
272 595 2
274 353 1
278 936 2
278 415 2
280 647 1
280 656 1
280 530 1
280 915 1
280 920 1
280 421 1
280 422 1
280 561 1
280 953 1
280 547 1
280 526 1
280 990 1
280 293 1
280 360 1
280 851 1
280 629 3
280 631 1
284 731 1
284 422 1
285 844 1
288 561 2
288 493 2
288 445 2
288 629 4
291 401 5
293 547 1
293 409 2
293 700 1
294 313 1
301 978 1
302 316 1
304 936 1
305 946 2
306 784 5
306 790 4
306 742 2
310 368 1
310 477 3
311 955 2
313 416 1
313 356 2
313 648 1
313 885 2
313 472 1
313 765 1
315 936 3
316 609 2
316 392 7
316 483 1
316 647 1
316 687 1
316 344 1
316 915 3
316 953 1
316 952 1
316 857 1
316 543 1
316 349 1
316 990 1
319 458 4
321 704 3
321 844 1
321 458 1
321 684 2
321 565 1
321 918 1
322 832 2
322 534 2
322 334 2
322 591 2
324 591 4
327 381 1
332 416 2
332 586 2
332 782 3
332 435 6
332 500 4
332 885 2
332 539 1
332 700 2
334 550 1
334 617 1
334 746 2
334 910 1
334 851 2
334 692 3
334 534 1
334 633 1
334 700 1
334 607 2
343 663 3
353 891 2
356 912 1
356 517 1
356 721 1
356 743 1
356 472 7
356 602 4
360 629 2
360 526 1
362 605 1
365 377 1
369 485 1
369 854 1
369 646 1
369 551 1
377 457 1
378 514 1
378 950 1
380 810 1
383 887 1
388 832 1
388 509 1
389 528 1
393 843 1
397 671 1
397 975 1
401 415 5
401 429 6
407 843 2
409 605 1
410 482 1
410 837 1
410 1001 2
410 650 1
410 994 1
410 433 1
410 777 1
410 969 2
410 924 1
410 541 1
413 746 5
415 429 1
415 718 2
415 765 2
416 838 1
416 648 1
416 912 1
416 949 1
416 439 1
416 573 1
418 977 8
418 996 9
421 424 1
421 978 1
421 512 1
422 952 2
422 731 8
423 977 2
424 978 1
424 795 1
427 955 3
433 969 1
433 987 3
435 586 1
435 500 6
435 782 3
440 737 2
443 677 1
443 742 1
443 662 1
447 885 4
450 595 1
458 704 2
458 684 2
458 499 2
458 723 3
458 565 1
458 758 5
469 978 1
471 499 2
472 782 1
482 969 1
485 646 1
485 551 1
487 977 1
493 629 4
499 758 1
500 586 20
500 814 2
500 687 3
500 923 2
502 710 1
502 605 2
502 862 3
506 644 3
506 1001 2
506 850 3
506 951 1
506 996 4
509 832 2
512 978 1
512 979 1
513 551 1
514 832 2
514 780 2
514 977 2
514 950 3
516 790 1
526 629 2
528 607 1
530 746 1
530 891 4
530 629 9
530 630 1
534 890 1
540 697 1
540 698 2
540 955 2
540 764 1
540 830 1
541 738 1
541 969 1
542 746 1
547 978 1
547 851 1
550 746 1
550 660 1
550 854 2
551 646 1
552 978 1
553 670 1
558 844 3
561 629 2
561 846 2
565 704 3
565 684 1
565 926 2
575 966 1
577 810 2
577 926 1
581 936 3
581 720 1
581 932 1
586 782 8
586 687 2
586 885 7
586 984 2
586 762 5
586 923 1
590 926 1
591 746 4
595 754 1
599 605 5
599 693 2
602 743 2
602 648 1
602 908 2
602 721 2
602 765 2
605 693 3
605 789 4
614 978 1
629 658 2
629 685 2
629 846 2
629 630 9
629 631 2
629 890 2
629 891 4
634 788 1
638 832 2
638 780 1
644 702 1
647 915 1
649 663 1
650 969 1
654 738 1
679 684 1
684 704 4
684 844 1
684 918 1
687 746 2
692 746 6
695 947 1
697 925 1
697 855 2
698 840 2
698 873 2
698 764 2
700 812 1
700 988 1
702 850 1
704 844 2
704 918 2
715 926 2
718 742 1
719 738 2
720 936 4
720 942 4
721 765 2
738 783 1
745 837 1
746 900 3
746 935 25
746 851 1
746 920 1
746 923 1
748 926 1
758 844 1
765 908 1
773 955 3
777 969 1
780 977 2
780 950 1
782 966 1
782 984 4
790 868 1
790 812 3
795 978 1
817 978 1
837 969 1
844 918 2
851 978 5
857 915 1
858 991 4
885 890 2
924 969 1
925 955 1
950 1001 2
950 977 6
954 978 1
955 987 2
957 978 1
969 1001 1
969 994 1
977 996 8
977 1004 1
978 988 1
979 996 1
