0
1
2
3
4
5
6
7
8
9
10
11
12
13
14
15
16
17
18
19
20
21
22
23
24
25
26
27
28
29
30
31
32
33
34
35
36
37
38
39
40
41
42
43
44
45
46
47
48
49
50
51
52
53
54
55
56
57
58
59
60
61
62
63
64
65
66
67
68
69
70
71
72
73
74
75
76
77
78
79
80
81
82
83
84
85
86
87
88
89
90
91
92
93
94
95
96
97
98
99
100
101
102
103
104
105
106
107
108
109
110
111
112
113
114
115
116
117
118
119
120
121
122
123
124
125
126
127
128
129
130
131
132
133
134
135
136
137
138
139
141
142
143
144
145
146
147
148
149
150
151
152
153
154
155
157
158
159
160
161
162
163
164
165
166
167
168
169
170
171
172
173
174
175
176
177
178
179
180
181
182
183
184
185
186
187
188
189
190
191
192
193
194
195
196
197
198
199
200
201
202
203
204
205
206
207
208
209
210
211
212
213
214
215
216
217
218
219
220
221
222
223
224
225
226
227
228
229
230
231
232
233
235
236
237
238
239
240
241
242
243
244
245
246
247
248
249
250
251
252
253
254
255
256
257
259
260
262
263
264
265
266
267
268
269
270
271
272
273
274
275
276
277
278
279
280
281
282
283
284
285
286
287
288
289
290
291
292
293
294
295
296
297
299
300
301
302
303
304
305
306
307
308
309
310
311
312
313
314
315
316
317
318
319
320
321
322
323
324
325
326
327
328
329
330
331
332
333
334
335
336
337
338
339
340
341
343
344
345
346
347
348
349
350
351
352
353
355
356
357
358
359
360
361
362
364
365
366
367
368
369
370
371
372
373
374
375
376
377
378
379
380
381
382
383
384
385
386
387
388
389
390
391
392
393
394
395
396
397
398
399
400
401
402
403
404
405
406
407
408
409
410
411
412
413
414
415
416
418
419
420
421
422
423
424
425
426
427
428
429
430
431
432
433
434
435
436
437
438
439
440
441
442
443
444
445
446
447
448
449
450
451
452
453
454
455
456
457
458
459
460
461
462
464
465
466
467
468
469
470
471
472
473
474
475
476
477
478
479
480
481
482
483
484
485
486
487
488
489
490
491
492
493
495
496
497
498
499
500
501
502
503
504
505
506
507
508
509
510
511
512
513
514
515
516
517
518
519
520
521
522
523
524
525
526
527
528
530
531
532
533
534
535
536
537
538
539
540
541
542
543
544
545
546
547
548
549
550
551
552
553
554
556
557
558
559
560
561
562
563
564
565
566
567
568
569
570
571
572
573
574
575
576
577
578
579
580
581
582
583
584
585
586
587
588
589
590
591
592
593
594
595
596
597
598
599
600
601
602
603
604
605
606
607
609
610
611
612
613
614
615
616
617
618
619
621
622
623
624
625
626
627
628
629
630
631
632
633
634
635
636
637
638
639
640
641
642
643
644
645
646
647
648
649
650
651
652
653
654
655
656
657
658
659
660
661
662
663
664
665
666
667
668
669
670
671
672
673
674
675
676
677
678
679
680
681
682
683
684
685
686
687
688
689
690
691
692
693
694
695
696
697
698
699
700
701
702
703
704
705
706
707
708
709
710
711
712
713
714
715
716
717
718
719
720
721
722
723
724
725
726
727
728
729
730
731
732
733
734
735
736
737
738
739
740
741
742
743
744
745
746
747
748
749
750
751
752
753
754
756
757
758
759
760
761
762
763
764
765
767
768
769
770
771
772
773
774
775
776
777
778
779
780
781
782
783
784
785
786
787
788
789
790
791
792
793
794
795
796
797
798
799
800
801
802
803
804
805
806
807
808
809
810
811
812
813
814
815
816
817
818
819
820
821
822
823
824
825
826
827
828
829
830
831
832
833
834
835
836
837
838
839
840
841
842
843
844
845
846
847
848
849
850
851
852
853
854
855
856
857
858
859
860
861
862
863
864
865
866
867
868
869
870
871
872
873
874
875
876
877
878
879
880
881
882
883
884
885
886
887
888
889
890
891
892
893
894
895
896
897
898
899
900
901
902
903
904
905
906
907
908
909
910
911
912
913
914
915
916
917
918
919
920
921
922
923
924
925
926
927
928
929
930
931
932
933
934
935
936
937
938
939
940
941
942
943
944
945
946
947
948
949
950
951
952
953
954
955
956
957
958
960
961
962
963
964
965
966
967
968
969
970
971
972
973
974
975
976
977
978
979
980
981
982
983
984
985
986
987
988
989
990
991
992
993
994
995
996
997
998
999
1000
1001
1002
1003
1004
0 569 1
0 178 1
0 236 1
0 605 2
0 705 2
2 231 1
2 648 1
2 119 1
2 334 1
2 790 1
2 151 1
2 952 1
2 700 1
5 491 3
5 29 1
6 569 1
6 333 1
7 810 3
8 544 1
13 120 4
13 772 2
13 738 1
13 532 8
13 693 1
14 644 2
14 199 1
14 1001 3
14 173 1
14 921 1
14 506 4
14 924 3
14 410 1
14 702 2
15 680 2
15 731 2
15 422 2
16 184 1
16 977 3
16 410 1
16 843 1
16 718 1
19 333 2
24 772 1
24 493 2
24 61 1
24 718 2
24 189 3
24 920 2
24 530 3
24 629 1
24 630 3
24 280 12
24 891 12
24 445 1
24 414 2
25 704 2
25 946 1
28 987 1
29 192 1
30 948 1
30 765 1
31 142 1
31 316 1
31 165 14
31 990 1
31 511 1
32 197 1
32 143 1
32 184 1
32 214 1
32 791 1
32 280 4
32 921 1
32 862 1
35 280 3
35 978 1
35 188 1
35 846 1
38 832 1
38 324 2
38 197 1
38 586 6
38 184 1
38 61 1
40 568 1
40 585 2
40 214 1
41 73 1
41 758 1
48 499 1
48 956 1
50 559 2
52 868 1
52 948 2
53 609 1
53 772 1
53 614 2
53 193 4
53 120 3
53 890 1
56 994 1
56 987 1
56 772 1
56 423 2
58 909 4
61 674 1
61 483 2
61 472 3
61 742 7
61 356 1
61 233 1
61 332 2
61 718 6
61 306 2
61 915 1
61 692 2
61 696 3
61 89 13
61 858 2
61 830 2
61 703 1
62 250 2
62 823 1
62 772 1
62 915 1
62 535 3
65 752 2
65 617 1
67 963 15
67 165 13
67 561 6
67 391 4
67 846 8
67 207 6
67 656 1
67 344 10
67 280 1
67 190 2
68 987 1
70 120 2
70 90 1
70 334 1
72 120 3
73 723 1
74 674 3
74 803 1
74 166 6
74 294 1
74 743 1
74 392 1
74 586 2
74 782 1
74 112 2
74 447 1
75 772 3
75 997 2
75 334 1
75 850 1
75 948 3
75 220 2
75 607 7
76 410 1
78 569 1
82 184 1
82 628 1
82 870 1
84 534 1
86 443 2
86 662 1
87 90 1
90 160 1
90 609 1
90 547 1
90 388 1
90 278 1
90 850 4
90 493 1
90 624 6
90 178 8
90 948 2
90 629 1
90 502 3
90 316 1
90 765 3
90 702 1
90 885 1
91 740 1
91 307 1
91 948 2
91 334 1
91 607 1
92 316 1
92 142 1
95 193 1
95 987 1
96 420 3
98 592 1
98 401 3
98 707 1
98 429 2
101 377 1
101 779 1
101 246 1
101 423 3
103 977 4
103 706 1
103 514 2
103 423 2
104 721 1
104 765 2
104 425 15
105 418 11
106 509 2
107 192 1
107 772 2
107 553 4
107 810 1
107 718 2
107 335 3
107 980 2
107 201 1
112 674 3
112 803 2
112 356 1
112 166 4
112 231 1
112 392 2
112 267 5
112 332 1
112 782 1
112 948 1
112 855 1
112 186 1
112 730 1
113 854 1
114 377 3
118 732 1
118 502 2
120 257 1
120 388 3
120 775 1
120 267 2
120 534 1
120 920 1
120 772 12
120 923 7
120 540 4
120 542 1
120 416 1
120 291 1
120 684 1
120 178 1
120 948 8
120 565 1
120 823 2
120 443 1
120 316 1
120 190 5
120 581 1
120 865 1
120 841 3
120 850 1
120 854 3
120 987 1
120 220 1
120 609 1
120 997 1
120 742 7
120 752 3
120 499 1
120 629 4
120 191 1
120 765 2
120 127 1
122 924 1
122 410 1
122 915 1
122 428 3
122 693 1
125 622 3
126 586 3
126 948 4
126 790 2
126 782 3
127 281 1
127 334 1
127 607 2
132 842 2
132 139 1
134 592 7
134 401 2
135 936 2
135 628 4
135 581 2
135 718 1
136 165 1
136 142 2
136 915 5
136 920 4
136 857 1
136 316 1
141 920 2
141 978 2
142 952 1
142 344 1
142 165 1
142 647 1
142 971 1
142 428 1
142 302 1
142 207 1
142 200 1
142 274 1
142 915 2
142 953 1
142 280 5
142 857 1
142 543 1
142 316 3
142 990 1
143 544 1
143 159 1
147 577 5
147 150 1
147 193 3
147 715 1
147 277 1
147 214 3
147 926 1
149 372 2
149 716 1
150 415 1
151 253 2
153 769 1
153 418 3
153 818 1
153 410 1
157 356 2
157 517 1
157 586 2
157 684 2
157 686 1
157 184 1
157 765 1
157 542 1
159 742 3
159 776 1
159 718 1
159 851 1
159 724 6
159 334 2
159 214 4
159 923 1
159 798 1
160 658 1
160 915 5
160 629 4
160 214 2
160 280 1
160 857 1
164 322 1
164 638 1
165 401 9
165 915 1
165 344 8
165 857 1
165 316 13
166 674 4
166 803 2
166 516 1
166 743 2
166 232 1
166 782 3
166 392 1
166 356 1
166 586 2
167 614 1
167 301 2
167 656 1
167 978 4
167 851 1
167 988 1
168 356 5
168 425 2
168 586 1
168 912 2
168 946 2
168 948 1
168 949 1
168 472 3
168 266 1
169 372 2
170 771 2
170 855 1
171 590 1
173 738 1
173 644 1
173 506 1
175 849 6
175 410 1
175 275 5
175 670 1
176 586 1
178 657 2
178 915 1
178 280 1
178 538 1
178 923 1
178 693 2
178 951 2
178 569 1
178 188 1
178 189 1
178 710 1
178 718 1
178 976 1
178 977 1
178 605 2
178 862 1
178 609 1
178 502 9
178 249 1
180 958 1
181 189 1
181 190 3
184 201 1
184 388 1
184 393 1
184 522 1
184 907 1
184 259 1
184 279 1
184 410 2
184 538 1
184 423 1
184 296 1
184 426 1
184 969 1
184 189 1
184 832 1
184 779 1
184 708 1
184 710 2
184 711 1
184 585 3
184 843 1
184 333 1
184 718 1
184 977 1
184 724 1
184 732 1
184 862 1
184 607 3
184 225 1
184 615 1
184 999 1
184 1004 1
184 365 1
184 701 1
184 754 1
184 883 3
184 884 1
184 246 1
184 505 1
185 833 2
185 830 3
186 256 1
186 648 5
186 267 2
186 517 1
187 947 1
187 695 2
188 772 2
188 614 5
188 301 1
188 656 2
188 920 1
188 978 2
188 915 1
188 469 1
188 502 6
188 280 4
188 530 1
188 629 1
189 772 1
189 595 2
189 428 5
189 718 1
189 977 1
189 883 3
189 629 4
189 502 5
189 951 1
189 410 1
189 731 2
189 915 1
189 280 1
189 607 1
190 353 7
190 656 2
190 920 1
190 274 2
190 373 5
191 692 2
192 644 1
192 381 3
193 940 1
193 910 2
193 499 1
193 662 1
193 923 1
195 595 1
196 291 1
196 731 1
196 413 1
199 506 1
199 924 4
199 541 3
200 428 3
200 977 2
200 915 7
200 952 2
200 857 3
200 923 2
200 316 2
207 424 3
207 428 4
207 493 5
207 558 2
207 847 3
207 978 1
207 547 1
207 469 2
207 953 2
207 795 1
207 988 1
207 349 1
208 977 1
208 236 1
209 356 1
214 577 3
214 290 1
214 662 5
214 776 1
214 940 1
214 450 1
214 334 2
214 712 1
214 530 3
214 787 3
214 629 3
214 278 1
214 923 5
214 765 1
214 798 1
216 458 1
216 956 1
216 319 1
220 546 1
223 322 1
228 569 1
228 693 1
229 306 2
229 586 2
229 607 2
231 624 1
231 840 1
231 329 1
231 874 3
231 334 1
231 239 1
231 245 2
231 873 1
231 987 1
231 540 1
231 607 1
232 472 5
232 425 1
232 782 1
233 692 5
233 245 1
233 718 1
235 890 1
235 997 1
235 951 1
236 1004 1
236 537 1
239 595 1
239 538 1
239 951 3
241 280 2
241 978 1
241 547 1
243 772 1
245 987 1
245 764 4
245 840 1
245 874 3
245 624 2
245 692 2
245 329 2
245 443 1
245 540 2
246 977 1
246 377 1
246 423 4
248 591 1
248 915 1
248 334 3
248 607 1
249 865 1
249 393 4
249 333 1
249 569 1
249 377 1
249 731 2
250 607 4
250 535 4
251 977 2
251 410 1
251 987 1
253 290 1
253 566 1
256 356 1
256 267 2
256 948 2
264 454 2
267 577 1
267 392 1
267 517 1
267 648 1
267 586 2
267 685 2
267 526 2
267 936 4
267 530 1
267 435 4
267 948 1
267 629 5
267 952 1
267 891 1
267 478 1
272 568 2
272 662 2
273 951 3
274 817 1
274 841 1
275 849 7
278 290 1
278 502 1
280 772 1
280 647 4
280 388 1
280 493 1
280 656 3
280 530 5
280 915 2
280 920 2
280 281 1
280 421 2
280 422 2
280 685 1
280 561 5
280 862 1
280 953 2
280 373 1
280 288 1
280 630 1
280 846 2
280 547 10
280 526 4
280 990 2
280 293 2
280 360 4
280 658 2
280 445 1
280 851 2
280 629 11
280 502 7
280 631 4
280 891 1
281 905 1
281 731 1
281 718 1
284 680 2
284 731 3
284 422 1
288 484 27
288 391 24
288 493 27
288 846 25
288 561 25
288 629 28
288 630 1
288 445 24
290 589 1
291 454 2
291 1003 1
291 429 3
291 401 4
293 547 1
293 724 1
293 502 1
293 572 1
293 862 4
294 416 3
294 817 1
294 586 1
294 868 1
295 569 1
299 346 1
299 509 4
299 951 4
301 978 2
301 547 1
301 630 2
304 456 1
304 441 1
304 317 3
305 425 3
306 771 1
306 742 2
306 659 3
306 790 1
310 706 6
310 477 7
311 987 1
311 540 1
311 773 1
313 356 1
316 609 1
316 617 1
316 971 1
316 428 7
316 952 2
316 915 10
316 629 2
316 953 1
316 857 1
316 543 1
316 990 1
318 332 1
318 321 2
318 684 2
318 934 1
318 558 3
319 832 3
319 946 1
319 1002 1
319 918 2
321 499 1
322 548 1
322 879 2
322 368 1
322 740 2
323 638 2
324 586 1
324 638 3
326 587 1
327 921 1
329 624 1
329 819 1
329 443 1
329 540 1
332 586 1
332 782 2
332 500 10
333 569 1
333 767 1
334 994 1
334 388 1
334 776 2
334 586 1
334 718 1
334 687 1
334 843 1
334 772 1
334 607 1
334 987 1
335 664 9
337 505 3
337 628 4
337 663 3
338 987 1
339 569 1
343 663 4
343 718 1
343 399 3
346 832 1
346 634 2
346 509 1
346 638 1
347 933 3
349 976 2
353 391 1
356 912 2
356 517 1
356 648 2
356 425 1
356 586 1
356 743 1
356 684 1
356 718 2
356 946 2
356 948 13
356 472 8
356 730 4
356 765 14
360 629 1
360 526 5
361 987 1
362 909 1
362 383 3
364 977 1
364 764 1
365 732 2
369 646 1
372 404 2
372 934 2
374 742 1
377 457 2
377 729 2
377 718 1
377 630 3
377 951 1
378 514 2
379 568 3
379 552 1
379 443 2
381 537 2
381 664 1
381 810 2
382 738 1
383 418 2
383 422 2
383 909 1
383 589 1
383 720 9
383 887 1
383 890 1
383 586 1
388 843 1
388 718 1
388 534 2
392 674 3
392 685 2
392 948 3
398 712 1
399 663 1
400 585 1
401 454 4
401 429 7
401 415 6
407 843 1
409 976 1
409 569 1
409 580 1
409 862 1
410 482 1
410 837 1
410 1001 2
410 650 2
410 663 1
410 994 1
410 433 1
410 777 1
410 924 1
410 541 1
410 719 1
414 607 1
415 833 2
415 630 2
415 617 1
415 587 1
415 429 3
415 573 2
416 425 1
416 586 6
416 782 2
416 912 5
416 946 1
416 948 1
416 633 2
416 890 1
418 977 6
418 996 6
420 559 3
421 547 1
421 424 6
421 978 1
421 630 2
421 795 5
422 680 2
422 731 2
423 977 2
423 849 2
424 547 1
424 978 1
424 795 2
425 912 1
425 946 6
425 472 2
425 765 3
427 955 2
428 851 4
428 915 6
428 857 2
429 454 8
432 987 1
433 987 1
434 499 1
435 586 4
435 500 1
440 664 1
440 737 2
440 537 4
443 662 4
443 743 1
443 602 1
444 535 1
445 891 1
447 586 2
447 573 1
450 568 1
450 718 1
450 662 2
454 772 1
454 592 11
458 558 2
464 980 11
468 643 1
469 978 1
469 851 3
469 630 3
470 569 1
471 617 1
472 912 1
472 946 2
473 810 1
477 534 2
479 977 4
480 987 1
482 987 1
491 731 1
493 838 2
493 530 2
493 629 3
493 630 1
499 704 1
499 684 1
499 833 1
499 607 1
500 550 1
500 814 1
500 692 2
500 782 2
502 609 1
502 915 2
502 547 1
502 772 2
502 530 1
502 718 2
502 976 4
502 851 4
502 693 1
502 951 4
502 569 1
502 923 2
502 862 10
506 996 1
506 1001 1
506 644 1
506 921 2
506 541 1
510 622 1
512 978 1
512 547 1
513 646 1
514 832 2
514 1001 1
514 780 2
514 977 6
514 950 2
514 663 2
516 738 1
516 804 1
516 743 1
516 532 5
516 790 1
516 924 4
517 586 2
517 718 1
517 948 1
517 765 1
526 629 1
527 720 2
527 870 3
528 772 1
530 838 1
530 718 2
530 915 3
530 948 2
530 629 16
530 857 4
530 851 1
531 987 17
532 700 1
532 738 1
534 740 1
534 746 1
534 586 3
534 843 1
534 591 3
534 663 1
534 862 6
535 722 4
537 664 1
538 569 1
538 693 1
540 994 4
540 955 1
540 582 1
540 840 1
540 874 3
540 855 1
540 873 2
540 697 1
540 987 3
540 925 1
542 738 1
542 772 1
542 586 1
542 718 1
542 765 1
542 722 2
542 915 1
544 563 1
544 669 1
546 577 1
547 614 3
547 817 2
547 978 1
547 851 6
547 795 1
547 957 1
547 862 14
550 738 1
552 978 2
552 614 1
553 980 1
553 566 1
558 844 2
559 622 6
561 629 1
561 846 1
563 731 1
565 844 2
566 772 4
568 947 2
569 710 1
569 599 1
569 976 1
569 693 1
569 767 1
569 605 1
569 862 1
569 991 1
573 617 1
581 936 2
581 692 3
581 855 2
582 832 1
582 764 1
582 994 1
582 987 1
584 731 1
585 822 1
585 695 3
586 648 1
586 782 5
586 912 1
586 684 2
586 854 1
586 984 15
586 602 1
586 607 5
586 885 2
586 762 3
586 765 2
587 720 4
591 843 1
591 718 1
591 923 1
591 607 5
592 609 11
592 948 9
595 718 2
595 883 1
595 607 1
599 693 1
600 956 1
602 765 1
605 685 4
605 789 4
605 693 1
607 866 1
607 926 1
607 718 5
607 687 1
607 724 1
607 692 2
609 880 1
609 772 2
609 742 1
609 684 1
609 915 1
609 951 1
609 633 1
609 923 2
613 772 1
614 978 1
617 687 1
622 676 4
626 703 1
629 772 2
629 658 1
629 915 2
629 685 1
629 846 1
629 630 1
629 631 1
629 891 1
630 952 2
633 687 1
638 832 1
638 740 1
638 700 1
641 987 1
643 664 1
643 685 2
644 1001 2
644 924 7
644 702 1
648 948 2
648 765 5
656 920 1
660 772 1
662 900 2
663 950 5
664 737 1
664 810 1
664 985 1
668 720 1
668 746 14
668 731 1
668 935 2
669 951 1
670 688 1
672 946 1
672 844 3
672 918 2
674 803 2
674 782 1
674 718 2
680 707 2
680 720 2
680 731 2
682 783 1
684 704 1
684 844 1
684 765 1
684 915 1
687 843 1
687 923 1
688 808 1
692 994 1
692 742 2
692 718 2
692 830 1
693 710 1
693 862 2
696 700 1
697 925 1
697 855 3
698 987 1
700 782 1
700 790 1
702 1001 2
707 880 1
707 951 2
711 843 2
712 991 1
716 718 2
718 904 1
718 915 5
718 830 1
718 843 1
718 724 5
718 731 1
718 754 1
718 851 2
718 980 2
720 833 2
720 746 1
723 758 1
724 883 1
730 948 1
730 868 1
737 810 2
737 849 1
740 832 1
742 771 1
742 900 2
742 948 1
742 772 5
742 923 7
742 915 2
743 946 1
746 935 8
746 844 1
746 813 2
758 956 1
758 844 2
764 994 1
764 840 3
764 874 3
764 987 3
765 908 1
765 946 1
765 948 4
771 863 1
772 775 3
772 783 1
772 915 7
772 951 1
772 923 8
772 812 1
772 823 6
772 833 1
772 993 1
772 857 4
772 866 2
772 890 2
773 955 2
774 947 51
780 977 4
782 803 1
789 987 1
790 934 2
790 868 1
790 863 2
791 976 1
795 978 2
795 953 1
804 881 1
808 898 1
809 987 1
810 881 1
813 935 3
817 978 1
823 915 1
828 850 1
832 977 1
838 952 1
838 857 2
840 874 3
840 987 1
841 920 6
844 946 1
844 918 3
849 987 1
850 881 1
851 920 1
851 978 4
851 862 3
854 946 5
854 918 3
857 883 1
857 923 1
857 915 12
862 909 5
862 923 1
862 915 1
872 987 1
873 874 3
873 987 1
880 923 2
883 915 2
883 951 1
890 923 1
900 923 1
900 915 1
912 948 1
912 949 1
915 923 6
915 948 1
918 946 1
918 956 1
925 987 1
925 951 1
946 956 1
950 977 5
951 957 1
952 971 1
954 978 1
955 987 3
957 978 1
977 1004 2
978 988 2
987 994 1
