0
1
2
3
4
5
6
7
8
9
10
11
12
13
14
15
16
17
18
19
20
21
22
23
24
25
26
27
28
29
30
31
32
33
34
35
36
37
38
39
40
41
42
43
44
45
46
47
48
49
50
51
52
53
54
55
56
57
58
59
60
61
62
63
64
65
66
67
68
69
70
71
72
73
74
75
76
77
78
79
80
81
82
83
84
85
86
87
88
89
90
91
92
93
94
95
96
97
98
99
100
101
102
103
104
105
106
107
108
109
110
111
112
113
114
115
116
117
118
119
120
121
122
123
124
125
126
127
128
129
130
131
132
133
134
135
136
137
138
139
141
142
143
144
145
146
147
148
149
150
151
152
153
154
155
157
158
159
160
161
162
163
164
165
166
167
168
169
170
171
172
173
174
175
176
177
178
179
180
181
182
183
184
185
186
187
188
189
190
191
192
193
194
195
196
197
198
199
200
201
202
203
204
205
206
207
208
209
210
211
212
213
214
215
216
217
218
219
220
221
222
223
224
225
226
227
228
229
230
231
232
233
235
236
237
238
239
240
241
242
243
244
245
246
247
248
249
250
251
252
253
254
255
256
257
259
260
262
263
264
265
266
267
268
269
270
271
272
273
274
275
276
277
278
279
280
281
282
283
284
285
286
287
288
289
290
291
292
293
294
295
296
297
299
300
301
302
303
304
305
306
307
308
309
310
311
312
313
314
315
316
317
318
319
320
321
322
323
324
325
326
327
328
329
330
331
332
333
334
335
336
337
338
339
340
341
343
344
345
346
347
348
349
350
351
352
353
355
356
357
358
359
360
361
362
364
365
366
367
368
369
370
371
372
373
374
375
376
377
378
379
380
381
382
383
384
385
386
387
388
389
390
391
392
393
394
395
396
397
398
399
400
401
402
403
404
405
406
407
408
409
410
411
412
413
414
415
416
418
419
420
421
422
423
424
425
426
427
428
429
430
431
432
433
434
435
436
437
438
439
440
441
442
443
444
445
446
447
448
449
450
451
452
453
454
455
456
457
458
459
460
461
462
464
465
466
467
468
469
470
471
472
473
474
475
476
477
478
479
480
481
482
483
484
485
486
487
488
489
490
491
492
493
495
496
497
498
499
500
501
502
503
504
505
506
507
508
509
510
511
512
513
514
515
516
517
518
519
520
521
522
523
524
525
526
527
528
530
531
532
533
534
535
536
537
538
539
540
541
542
543
544
545
546
547
548
549
550
551
552
553
554
556
557
558
559
560
561
562
563
564
565
566
567
568
569
570
571
572
573
574
575
576
577
578
579
580
581
582
583
584
585
586
587
588
589
590
591
592
593
594
595
596
597
598
599
600
601
602
603
604
605
606
607
609
610
611
612
613
614
615
616
617
618
619
621
622
623
624
625
626
627
628
629
630
631
632
633
634
635
636
637
638
639
640
641
642
643
644
645
646
647
648
649
650
651
652
653
654
655
656
657
658
659
660
661
662
663
664
665
666
667
668
669
670
671
672
673
674
675
676
677
678
679
680
681
682
683
684
685
686
687
688
689
690
691
692
693
694
695
696
697
698
699
700
701
702
703
704
705
706
707
708
709
710
711
712
713
714
715
716
717
718
719
720
721
722
723
724
725
726
727
728
729
730
731
732
733
734
735
736
737
738
739
740
741
742
743
744
745
746
747
748
749
750
751
752
753
754
756
757
758
759
760
761
762
763
764
765
767
768
769
770
771
772
773
774
775
776
777
778
779
780
781
782
783
784
785
786
787
788
789
790
791
792
793
794
795
796
797
798
799
800
801
802
803
804
805
806
807
808
809
810
811
812
813
814
815
816
817
818
819
820
821
822
823
824
825
826
827
828
829
830
831
832
833
834
835
836
837
838
839
840
841
842
843
844
845
846
847
848
849
850
851
852
853
854
855
856
857
858
859
860
861
862
863
864
865
866
867
868
869
870
871
872
873
874
875
876
877
878
879
880
881
882
883
884
885
886
887
888
889
890
891
892
893
894
895
896
897
898
899
900
901
902
903
904
905
906
907
908
909
910
911
912
913
914
915
916
917
918
919
920
921
922
923
924
925
926
927
928
929
930
931
932
933
934
935
936
937
938
939
940
941
942
943
944
945
946
947
948
949
950
951
952
953
954
955
956
957
958
960
961
962
963
964
965
966
967
968
969
970
971
972
973
974
975
976
977
978
979
980
981
982
983
984
985
986
987
988
989
990
991
992
993
994
995
996
997
998
999
1000
1001
1002
1003
1004
0 249 1
0 178 2
1 832 1
2 700 1
2 388 1
2 790 7
4 135 1
5 491 3
6 178 2
11 633 1
12 870 1
14 924 2
14 506 3
14 644 3
14 173 4
14 702 2
18 622 1
24 189 2
24 530 2
24 469 2
24 629 5
25 704 2
25 684 2
25 558 1
29 91 1
37 356 2
40 214 1
41 723 1
45 66 1
50 402 1
50 559 1
52 868 1
53 193 1
53 517 1
61 718 5
62 500 1
62 542 1
65 214 1
67 344 1
67 963 4
67 165 1
67 207 2
70 534 1
71 595 1
74 168 1
74 76 1
75 170 2
75 772 1
75 850 1
76 1001 1
76 399 1
77 168 1
77 762 2
78 178 2
82 135 1
83 784 1
83 742 1
86 742 1
90 416 2
90 771 1
90 170 1
90 912 1
90 530 2
90 629 1
90 439 1
90 472 1
91 517 1
91 167 1
91 107 1
91 530 1
91 207 2
91 978 1
91 851 1
91 660 1
98 429 1
101 246 1
101 423 1
103 423 2
104 908 1
104 742 1
105 418 4
107 226 1
107 980 1
107 381 1
107 214 1
110 112 1
111 586 1
120 772 1
120 854 2
125 139 1
125 622 7
126 912 1
127 687 1
127 718 2
127 423 2
134 356 1
134 142 1
135 581 8
135 870 1
135 170 1
135 942 2
135 337 1
135 371 1
135 628 4
136 160 1
136 142 1
139 977 1
139 780 3
139 622 1
139 513 1
141 214 1
142 971 1
142 647 1
142 200 1
142 267 2
142 428 1
142 915 1
142 952 1
142 857 1
142 188 1
143 862 1
147 715 1
151 923 1
152 742 1
157 334 1
159 923 1
159 662 3
159 746 2
159 334 1
159 692 2
159 214 1
159 251 3
159 607 1
160 915 1
160 629 3
166 356 1
166 586 1
166 500 1
167 795 1
167 851 1
168 260 5
168 966 1
168 585 2
168 912 2
168 790 1
168 472 1
168 356 1
168 699 1
169 372 1
173 506 8
173 582 2
175 275 1
175 423 2
176 334 2
178 470 2
178 519 2
178 409 2
178 538 2
178 418 6
178 295 2
178 693 2
178 569 3
178 607 2
178 710 2
178 333 2
178 976 2
178 339 2
178 214 1
178 599 2
178 605 2
178 862 2
178 991 2
178 228 2
178 231 2
178 502 4
178 249 2
178 250 1
178 767 2
180 990 1
187 450 4
187 695 2
188 546 2
188 301 1
188 851 2
188 469 1
188 502 1
189 718 1
189 977 1
189 530 2
189 883 1
189 502 7
189 915 3
190 214 1
192 381 2
193 633 1
199 506 1
199 924 4
200 915 1
207 424 1
207 558 1
207 469 2
207 988 1
207 373 1
208 977 4
209 356 1
214 515 1
214 900 1
214 517 1
214 775 1
214 776 1
214 940 1
214 910 1
214 783 1
214 528 1
214 280 1
214 530 1
214 531 1
214 534 1
214 920 1
214 923 2
214 413 1
214 542 1
214 544 1
214 987 1
214 243 1
214 812 1
214 435 1
214 692 1
214 569 1
214 927 1
214 316 1
214 834 1
214 963 1
214 324 1
214 993 1
214 329 1
214 586 1
214 844 1
214 738 1
214 334 1
214 720 1
214 595 1
214 852 1
214 684 1
214 612 1
214 851 1
214 731 1
214 220 1
214 464 1
214 994 1
214 739 1
214 356 1
214 997 1
214 742 1
214 743 1
214 746 1
214 371 1
214 500 1
214 629 1
214 502 1
214 248 1
214 835 1
214 865 1
225 407 1
228 605 1
229 483 2
229 742 1
231 624 1
231 698 1
232 472 1
232 790 1
236 537 1
236 977 1
245 698 1
245 540 1
246 724 1
246 423 2
248 692 1
249 409 1
251 987 2
256 313 1
256 356 2
260 912 1
260 416 1
260 743 3
260 439 2
267 530 3
267 435 1
267 700 1
267 586 3
272 450 1
272 900 1
272 662 1
275 849 1
275 327 4
278 713 1
278 923 1
278 454 1
280 547 1
280 388 1
280 530 1
280 851 1
280 629 2
280 502 1
280 920 1
280 915 1
288 629 3
291 429 1
293 724 2
293 862 4
294 313 1
301 547 1
306 659 1
306 742 2
306 374 2
311 624 1
313 416 1
313 356 3
313 885 1
313 447 2
318 684 2
318 558 1
321 684 1
321 458 1
321 499 3
321 844 1
327 381 3
329 624 2
329 819 1
332 500 1
334 586 3
334 742 1
334 550 1
334 776 2
334 617 1
334 746 1
334 687 1
334 692 3
334 500 1
334 923 2
334 700 1
334 415 2
335 464 1
335 385 2
337 505 1
344 915 1
347 966 1
349 976 1
356 416 2
356 743 2
356 586 3
356 435 1
356 472 6
356 602 2
356 765 1
360 629 2
362 528 2
362 538 1
362 613 1
362 383 1
372 595 1
372 404 1
372 934 1
381 643 1
388 832 4
388 502 1
388 509 4
388 638 3
400 742 1
401 429 1
407 907 1
407 779 1
407 843 3
407 754 1
407 883 1
413 696 1
414 891 3
415 544 1
415 429 1
416 586 3
416 730 1
418 996 43
421 424 1
422 731 5
423 832 4
423 866 1
423 710 1
423 977 7
424 795 1
429 454 2
432 987 2
435 586 1
443 742 2
443 662 1
445 891 1
450 802 1
450 900 1
450 662 2
450 695 3
454 772 1
458 684 1
469 512 2
469 630 2
472 575 1
479 904 1
480 482 2
482 531 1
482 951 3
483 696 1
485 542 2
485 535 4
487 977 1
491 644 2
493 629 2
499 844 1
499 558 2
500 586 3
500 814 7
502 724 1
502 862 1
506 644 1
506 1001 9
506 996 1
506 541 2
514 780 1
516 881 2
516 532 1
516 790 3
516 743 1
526 629 2
530 891 3
530 915 1
530 629 7
530 630 1
532 1001 1
534 862 2
535 722 2
540 698 1
540 581 1
541 1001 5
546 633 1
546 900 1
546 684 2
546 550 3
547 862 4
550 742 1
558 684 1
558 844 1
559 622 5
561 629 2
565 684 1
566 713 2
568 695 2
573 586 1
580 791 1
582 994 3
582 764 1
586 684 2
586 687 1
586 912 1
586 759 1
586 762 1
586 765 2
591 742 1
591 718 1
602 743 2
605 700 1
607 617 1
609 772 1
612 740 1
617 923 1
622 676 7
624 994 1
624 764 1
629 630 2
629 658 2
629 685 2
629 846 2
629 631 2
629 891 7
638 700 2
644 924 2
654 837 2
659 742 2
662 900 1
663 832 1
682 738 1
684 704 1
684 844 1
684 918 1
684 956 2
687 923 1
692 834 1
692 742 1
692 775 1
692 746 7
692 923 2
695 947 1
696 995 1
698 840 1
698 873 1
698 764 1
702 1001 2
704 743 1
708 916 1
710 832 2
716 718 2
718 754 1
718 883 1
718 915 1
731 870 1
738 783 3
742 769 1
742 900 5
742 901 1
742 923 1
742 835 1
742 863 2
742 993 2
742 784 2
746 935 1
752 978 1
761 790 1
765 908 4
772 923 1
774 947 37
779 883 4
783 837 2
790 812 1
790 912 1
790 881 4
790 883 1
790 956 1
843 883 1
844 918 1
844 956 1
850 996 1
857 915 7
883 915 3
890 923 1
915 953 1
915 923 2
950 977 2
952 971 1
977 1001 2
977 1004 3
