0
1
2
3
4
5
6
7
8
9
10
11
12
13
14
15
16
17
18
19
20
21
22
23
24
25
26
27
28
29
30
31
32
33
34
35
36
37
38
39
40
41
42
43
44
45
46
47
48
49
50
51
52
53
54
55
56
57
58
59
60
61
62
63
64
65
66
67
68
69
70
71
72
73
74
75
76
77
78
79
80
81
82
83
84
85
86
87
88
89
90
91
92
93
94
95
96
97
98
99
100
101
102
103
104
105
106
107
108
109
110
111
112
113
114
115
116
117
118
119
120
121
122
123
124
125
126
127
128
129
130
131
132
133
134
135
136
137
138
139
141
142
143
144
145
146
147
148
149
150
151
152
153
154
155
157
158
159
160
161
162
163
164
165
166
167
168
169
170
171
172
173
174
175
176
177
178
179
180
181
182
183
184
185
186
187
188
189
190
191
192
193
194
195
196
197
198
199
200
201
202
203
204
205
206
207
208
209
210
211
212
213
214
215
216
217
218
219
220
221
222
223
224
225
226
227
228
229
230
231
232
233
235
236
237
238
239
240
241
242
243
244
245
246
247
248
249
250
251
252
253
254
255
256
257
259
260
262
263
264
265
266
267
268
269
270
271
272
273
274
275
276
277
278
279
280
281
282
283
284
285
286
287
288
289
290
291
292
293
294
295
296
297
299
300
301
302
303
304
305
306
307
308
309
310
311
312
313
314
315
316
317
318
319
320
321
322
323
324
325
326
327
328
329
330
331
332
333
334
335
336
337
338
339
340
341
343
344
345
346
347
348
349
350
351
352
353
355
356
357
358
359
360
361
362
364
365
366
367
368
369
370
371
372
373
374
375
376
377
378
379
380
381
382
383
384
385
386
387
388
389
390
391
392
393
394
395
396
397
398
399
400
401
402
403
404
405
406
407
408
409
410
411
412
413
414
415
416
418
419
420
421
422
423
424
425
426
427
428
429
430
431
432
433
434
435
436
437
438
439
440
441
442
443
444
445
446
447
448
449
450
451
452
453
454
455
456
457
458
459
460
461
462
464
465
466
467
468
469
470
471
472
473
474
475
476
477
478
479
480
481
482
483
484
485
486
487
488
489
490
491
492
493
495
496
497
498
499
500
501
502
503
504
505
506
507
508
509
510
511
512
513
514
515
516
517
518
519
520
521
522
523
524
525
526
527
528
530
531
532
533
534
535
536
537
538
539
540
541
542
543
544
545
546
547
548
549
550
551
552
553
554
556
557
558
559
560
561
562
563
564
565
566
567
568
569
570
571
572
573
574
575
576
577
578
579
580
581
582
583
584
585
586
587
588
589
590
591
592
593
594
595
596
597
598
599
600
601
602
603
604
605
606
607
609
610
611
612
613
614
615
616
617
618
619
621
622
623
624
625
626
627
628
629
630
631
632
633
634
635
636
637
638
639
640
641
642
643
644
645
646
647
648
649
650
651
652
653
654
655
656
657
658
659
660
661
662
663
664
665
666
667
668
669
670
671
672
673
674
675
676
677
678
679
680
681
682
683
684
685
686
687
688
689
690
691
692
693
694
695
696
697
698
699
700
701
702
703
704
705
706
707
708
709
710
711
712
713
714
715
716
717
718
719
720
721
722
723
724
725
726
727
728
729
730
731
732
733
734
735
736
737
738
739
740
741
742
743
744
745
746
747
748
749
750
751
752
753
754
756
757
758
759
760
761
762
763
764
765
767
768
769
770
771
772
773
774
775
776
777
778
779
780
781
782
783
784
785
786
787
788
789
790
791
792
793
794
795
796
797
798
799
800
801
802
803
804
805
806
807
808
809
810
811
812
813
814
815
816
817
818
819
820
821
822
823
824
825
826
827
828
829
830
831
832
833
834
835
836
837
838
839
840
841
842
843
844
845
846
847
848
849
850
851
852
853
854
855
856
857
858
859
860
861
862
863
864
865
866
867
868
869
870
871
872
873
874
875
876
877
878
879
880
881
882
883
884
885
886
887
888
889
890
891
892
893
894
895
896
897
898
899
900
901
902
903
904
905
906
907
908
909
910
911
912
913
914
915
916
917
918
919
920
921
922
923
924
925
926
927
928
929
930
931
932
933
934
935
936
937
938
939
940
941
942
943
944
945
946
947
948
949
950
951
952
953
954
955
956
957
958
960
961
962
963
964
965
966
967
968
969
970
971
972
973
974
975
976
977
978
979
980
981
982
983
984
985
986
987
988
989
990
991
992
993
994
995
996
997
998
999
1000
1001
1002
1003
1004
2 75 1
2 812 1
2 790 1
4 771 1
4 135 1
5 107 1
6 248 1
6 470 1
12 870 1
13 738 1
15 680 1
15 370 1
15 731 1
15 422 1
16 777 1
24 280 2
24 267 1
24 891 5
24 629 1
24 493 1
29 107 1
29 118 1
31 569 3
31 165 7
32 184 1
32 977 1
32 693 2
32 280 2
35 280 1
35 469 1
38 534 2
40 450 2
40 900 1
40 802 1
40 749 1
40 272 2
40 662 1
40 187 1
40 572 1
48 704 3
48 580 1
48 684 1
48 590 1
48 499 1
48 319 1
52 168 1
52 472 1
53 193 4
53 923 1
56 482 1
58 818 2
61 388 1
61 233 1
61 749 1
61 718 5
61 534 1
61 343 2
62 571 5
62 646 1
62 542 3
65 120 1
65 449 2
65 771 1
65 334 1
65 272 1
67 344 2
67 963 19
67 165 2
67 207 3
72 581 2
72 135 3
75 772 6
75 107 1
75 749 1
75 334 3
75 850 2
75 633 1
75 607 1
75 190 1
75 127 1
77 168 8
77 912 1
77 260 4
77 556 1
90 609 1
90 551 2
90 334 1
90 280 1
90 506 4
90 124 1
90 862 2
90 223 1
98 592 1
103 612 2
103 950 1
105 418 3
106 1001 1
106 828 1
106 702 2
106 788 1
107 320 1
107 737 2
107 643 1
107 985 1
107 553 1
107 810 1
107 652 1
107 335 2
107 440 1
107 850 1
107 980 1
107 201 1
107 664 1
107 537 2
107 381 2
107 192 1
107 670 1
112 674 1
113 535 1
113 927 1
116 272 1
120 772 6
120 454 4
120 198 3
120 609 1
120 752 2
120 850 2
120 923 1
120 927 2
125 337 1
126 573 2
132 842 2
134 592 1
135 449 2
135 581 2
135 870 1
135 267 2
135 371 1
135 628 2
135 248 6
136 200 1
136 857 1
136 915 1
136 159 6
136 207 2
141 851 2
141 188 1
141 870 1
141 614 1
142 280 1
142 953 1
143 872 1
143 796 1
143 159 2
147 577 1
150 415 2
151 290 2
151 253 1
151 566 1
153 977 2
153 483 2
153 229 2
159 290 1
159 334 1
159 200 3
159 915 2
159 724 1
159 214 1
159 703 3
160 571 7
160 629 1
160 214 1
161 571 3
164 879 1
165 838 3
165 207 1
165 401 2
165 915 1
165 948 1
166 762 1
166 586 1
166 573 1
167 978 1
167 954 2
167 851 3
167 469 1
168 868 4
168 966 2
168 743 2
168 912 16
168 439 3
168 472 5
168 260 6
168 575 5
171 933 1
173 428 1
173 541 1
180 958 5
180 727 3
185 353 1
185 850 2
185 830 2
185 334 1
188 280 2
188 469 1
189 280 2
189 249 1
189 862 4
189 470 1
191 927 2
191 415 1
193 633 1
193 714 1
193 923 3
196 850 1
197 923 3
199 506 2
199 924 1
200 915 3
200 951 1
200 952 2
200 543 1
201 718 1
202 629 1
205 997 1
207 424 2
207 428 2
207 493 1
207 847 1
207 469 1
214 290 2
214 923 2
216 319 1
223 879 1
228 693 1
229 607 1
231 624 1
231 840 2
231 698 1
231 607 1
239 609 1
241 280 1
241 469 1
245 840 2
245 698 1
246 724 1
248 450 1
248 364 1
248 718 2
248 591 1
248 692 3
248 506 1
249 470 1
250 662 1
250 886 1
250 927 1
256 356 1
260 912 1
267 586 2
267 629 2
267 662 1
267 891 1
267 700 2
270 704 2
272 450 2
272 900 2
272 712 1
272 802 1
272 687 2
277 571 4
277 700 1
280 647 2
280 526 2
280 656 1
280 530 2
280 915 2
280 920 2
280 547 2
280 421 1
280 422 1
280 561 3
280 718 1
280 851 2
280 990 1
280 528 1
280 360 2
280 629 1
280 631 6
280 891 1
281 491 2
285 571 4
290 566 1
291 401 1
293 569 1
299 634 1
306 374 1
306 749 2
306 742 5
307 541 1
308 418 7
308 926 1
311 697 1
317 692 1
318 499 1
319 458 1
319 956 1
319 558 1
321 499 1
322 879 2
324 700 1
324 534 2
324 638 1
332 435 1
332 500 3
332 782 1
333 470 1
333 862 1
334 612 2
334 742 1
334 718 4
334 687 1
335 867 1
337 854 2
337 646 1
338 433 1
338 773 1
343 612 1
343 663 1
347 933 1
353 891 1
356 912 2
356 743 1
360 629 4
368 879 1
369 927 1
371 915 1
377 457 1
377 951 1
379 568 1
380 440 1
382 924 1
383 586 2
394 571 7
401 429 1
401 454 1
401 415 1
410 700 2
415 833 1
415 630 2
415 569 2
416 752 1
416 602 1
418 977 8
418 996 2
421 424 2
421 469 1
422 731 1
423 779 1
424 795 2
424 469 1
428 569 1
428 915 1
429 454 1
435 500 1
435 782 1
438 818 3
440 737 1
443 662 1
444 535 1
444 927 1
450 900 1
450 742 5
450 749 3
450 718 1
450 662 1
450 571 5
454 609 1
454 772 5
454 592 1
458 684 1
458 956 2
464 718 1
465 812 1
469 547 1
469 817 1
469 954 1
469 795 1
470 789 1
472 912 4
472 743 1
482 569 4
483 607 2
485 927 1
491 497 1
493 629 1
493 630 2
495 862 2
497 977 4
499 704 1
499 679 1
499 844 1
499 684 1
499 565 1
499 918 1
500 923 2
500 790 3
500 782 5
502 569 2
506 644 1
506 849 2
506 657 1
506 951 1
506 996 1
506 541 2
513 927 1
516 700 1
516 532 1
516 837 1
516 702 1
517 803 1
517 565 1
517 542 1
526 629 1
530 891 4
530 629 3
530 749 1
535 927 1
538 862 1
540 698 1
540 987 2
541 738 2
541 808 1
541 783 1
541 977 2
541 951 1
542 571 1
542 646 1
542 927 1
546 550 2
547 978 2
548 879 1
551 927 1
561 629 2
561 846 4
561 631 2
569 862 6
569 808 1
569 749 2
569 693 1
569 951 1
569 990 1
571 900 11
571 742 8
571 870 3
571 935 2
571 684 5
571 910 1
571 663 3
571 731 1
571 885 2
573 868 1
586 868 1
592 927 2
595 696 1
602 743 1
609 707 1
609 772 4
609 1003 1
609 850 1
609 951 2
614 858 1
617 714 1
629 749 1
629 658 1
629 685 1
629 846 1
629 630 1
629 631 1
629 891 7
629 894 1
630 838 1
630 685 2
630 920 2
630 891 2
634 788 1
638 832 1
638 700 2
644 650 1
646 927 1
650 682 1
650 738 1
654 738 4
654 682 1
663 950 2
672 844 1
682 738 2
683 850 1
684 704 3
684 956 1
685 1001 2
685 724 1
692 749 2
692 830 1
694 845 1
697 771 1
697 855 1
697 925 1
698 840 1
698 873 1
698 764 1
700 703 1
703 771 4
704 956 2
708 866 2
715 926 1
716 718 1
718 866 2
718 754 1
718 724 2
718 980 1
719 738 1
722 927 2
740 788 1
740 879 1
742 771 1
742 749 3
742 912 1
743 912 2
746 749 2
749 865 1
749 834 1
761 881 1
770 927 1
772 850 2
772 951 2
772 923 1
790 812 3
790 956 1
823 854 1
823 927 1
833 850 1
850 987 1
854 927 1
868 912 1
880 923 1
885 984 1
912 915 1
921 977 1
951 971 1
955 987 1
969 977 1
977 1004 3
