0
1
2
3
4
5
6
7
8
9
10
11
12
13
14
15
16
17
18
19
20
21
22
23
24
25
26
27
28
29
30
31
32
33
34
35
36
37
38
39
40
41
42
43
44
45
46
47
48
49
50
51
52
53
54
55
56
57
58
59
60
61
62
63
64
65
66
67
68
69
70
71
72
73
74
75
76
77
78
79
80
81
82
83
84
85
86
87
88
89
90
91
92
93
94
95
96
97
98
99
100
101
102
103
104
105
106
107
108
109
110
111
112
113
114
115
116
117
118
119
120
121
122
123
124
125
126
127
128
129
130
131
132
133
134
135
136
137
138
139
141
142
143
144
145
146
147
148
149
150
151
152
153
154
155
157
158
159
160
161
162
163
164
165
166
167
168
169
170
171
172
173
174
175
176
177
178
179
180
181
182
183
184
185
186
187
188
189
190
191
192
193
194
195
196
197
198
199
200
201
202
203
204
205
206
207
208
209
210
211
212
213
214
215
216
217
218
219
220
221
222
223
224
225
226
227
228
229
230
231
232
233
235
236
237
238
239
240
241
242
243
244
245
246
247
248
249
250
251
252
253
254
255
256
257
259
260
262
263
264
265
266
267
268
269
270
271
272
273
274
275
276
277
278
279
280
281
282
283
284
285
286
287
288
289
290
291
292
293
294
295
296
297
299
300
301
302
303
304
305
306
307
308
309
310
311
312
313
314
315
316
317
318
319
320
321
322
323
324
325
326
327
328
329
330
331
332
333
334
335
336
337
338
339
340
341
343
344
345
346
347
348
349
350
351
352
353
355
356
357
358
359
360
361
362
364
365
366
367
368
369
370
371
372
373
374
375
376
377
378
379
380
381
382
383
384
385
386
387
388
389
390
391
392
393
394
395
396
397
398
399
400
401
402
403
404
405
406
407
408
409
410
411
412
413
414
415
416
418
419
420
421
422
423
424
425
426
427
428
429
430
431
432
433
434
435
436
437
438
439
440
441
442
443
444
445
446
447
448
449
450
451
452
453
454
455
456
457
458
459
460
461
462
464
465
466
467
468
469
470
471
472
473
474
475
476
477
478
479
480
481
482
483
484
485
486
487
488
489
490
491
492
493
495
496
497
498
499
500
501
502
503
504
505
506
507
508
509
510
511
512
513
514
515
516
517
518
519
520
521
522
523
524
525
526
527
528
530
531
532
533
534
535
536
537
538
539
540
541
542
543
544
545
546
547
548
549
550
551
552
553
554
556
557
558
559
560
561
562
563
564
565
566
567
568
569
570
571
572
573
574
575
576
577
578
579
580
581
582
583
584
585
586
587
588
589
590
591
592
593
594
595
596
597
598
599
600
601
602
603
604
605
606
607
609
610
611
612
613
614
615
616
617
618
619
621
622
623
624
625
626
627
628
629
630
631
632
633
634
635
636
637
638
639
640
641
642
643
644
645
646
647
648
649
650
651
652
653
654
655
656
657
658
659
660
661
662
663
664
665
666
667
668
669
670
671
672
673
674
675
676
677
678
679
680
681
682
683
684
685
686
687
688
689
690
691
692
693
694
695
696
697
698
699
700
701
702
703
704
705
706
707
708
709
710
711
712
713
714
715
716
717
718
719
720
721
722
723
724
725
726
727
728
729
730
731
732
733
734
735
736
737
738
739
740
741
742
743
744
745
746
747
748
749
750
751
752
753
754
756
757
758
759
760
761
762
763
764
765
767
768
769
770
771
772
773
774
775
776
777
778
779
780
781
782
783
784
785
786
787
788
789
790
791
792
793
794
795
796
797
798
799
800
801
802
803
804
805
806
807
808
809
810
811
812
813
814
815
816
817
818
819
820
821
822
823
824
825
826
827
828
829
830
831
832
833
834
835
836
837
838
839
840
841
842
843
844
845
846
847
848
849
850
851
852
853
854
855
856
857
858
859
860
861
862
863
864
865
866
867
868
869
870
871
872
873
874
875
876
877
878
879
880
881
882
883
884
885
886
887
888
889
890
891
892
893
894
895
896
897
898
899
900
901
902
903
904
905
906
907
908
909
910
911
912
913
914
915
916
917
918
919
920
921
922
923
924
925
926
927
928
929
930
931
932
933
934
935
936
937
938
939
940
941
942
943
944
945
946
947
948
949
950
951
952
953
954
955
956
957
958
960
961
962
963
964
965
966
967
968
969
970
971
972
973
974
975
976
977
978
979
980
981
982
983
984
985
986
987
988
989
990
991
992
993
994
995
996
997
998
999
1000
1001
1002
1003
1004
0 569 1
2 416 2
2 77 2
2 629 1
2 790 5
2 119 1
2 700 1
4 784 1
5 107 1
6 569 1
14 1001 4
14 506 1
14 702 8
15 680 1
15 731 3
15 422 2
16 90 1
16 19 2
16 718 3
24 891 8
24 629 13
24 630 3
25 704 1
25 684 1
31 316 1
31 165 7
31 990 1
32 90 4
32 197 2
32 791 1
35 851 1
35 988 1
35 469 2
35 207 2
38 832 3
38 322 1
38 309 1
38 638 1
40 272 2
40 712 1
40 802 1
40 267 1
40 214 1
43 232 1
46 310 1
48 704 1
48 499 1
48 319 14
50 559 1
53 923 1
58 818 1
58 909 1
61 356 1
61 742 3
61 243 1
61 428 1
61 718 14
61 819 1
61 692 1
61 90 2
61 915 1
62 646 2
65 978 1
65 687 1
67 344 1
70 324 1
70 388 1
74 294 4
74 166 2
74 392 4
74 110 1
74 112 2
74 759 1
74 984 1
78 569 1
82 628 1
83 784 9
85 844 1
86 443 2
90 320 1
90 774 2
90 940 1
90 718 4
90 573 2
90 317 1
90 381 1
90 184 1
90 313 2
90 506 2
95 951 2
101 246 4
103 977 3
104 294 1
104 648 2
104 908 1
104 721 5
104 759 1
104 765 4
105 374 1
107 553 3
107 737 1
107 381 1
110 112 1
110 674 3
110 166 2
112 416 1
112 674 2
112 803 3
112 166 4
112 392 6
112 316 1
119 812 1
120 642 1
120 772 6
120 293 1
120 926 1
120 684 1
120 274 1
120 147 1
120 660 3
120 629 1
120 535 1
120 923 2
120 542 1
120 127 1
125 510 1
126 648 2
126 416 4
126 700 1
126 294 4
126 790 2
127 716 1
133 416 1
133 602 1
134 257 1
134 695 1
135 628 2
135 932 1
135 581 2
135 718 1
136 953 2
139 634 1
139 323 1
139 477 1
141 241 1
141 988 1
141 165 2
147 416 3
147 157 1
147 926 1
150 415 1
157 746 1
157 926 1
159 290 2
159 629 2
159 214 2
159 951 1
160 629 3
160 165 1
161 978 1
164 832 2
165 401 5
165 344 4
165 857 1
165 316 4
166 416 4
166 674 1
166 392 1
166 586 2
167 281 2
167 978 1
167 988 1
167 469 3
168 472 1
168 416 1
168 266 1
168 949 3
169 372 1
178 976 1
178 569 2
178 629 4
178 502 6
178 599 1
180 829 1
181 274 1
184 883 2
184 595 5
184 754 1
188 988 1
188 469 3
189 718 1
190 920 1
190 353 1
190 274 1
193 272 2
193 633 1
193 595 1
193 923 1
193 910 1
200 952 3
207 424 2
207 585 2
207 558 1
207 469 4
207 954 2
207 795 2
207 988 2
207 373 1
214 290 2
214 746 2
214 940 5
214 450 1
214 712 3
214 306 2
214 595 2
214 629 1
214 951 1
214 765 3
216 565 1
225 718 1
228 569 1
229 742 1
231 698 1
231 607 1
232 416 2
232 472 1
232 575 1
235 648 3
235 951 2
239 957 1
239 951 7
241 469 2
245 698 1
245 540 1
246 293 1
246 423 4
249 569 1
256 294 2
256 759 1
257 416 1
257 401 1
267 416 1
267 838 3
267 629 4
267 662 1
267 823 4
272 754 2
272 595 1
274 647 1
280 629 2
280 630 2
284 680 1
288 629 2
291 401 1
294 416 4
294 648 2
294 817 1
294 885 2
294 759 2
294 984 3
294 313 3
294 447 4
295 569 1
299 634 3
301 988 1
301 469 2
306 784 3
306 742 1
306 790 3
306 374 1
309 322 2
310 477 1
313 416 3
313 765 2
313 759 1
315 936 4
316 838 1
316 647 1
316 392 8
316 915 2
316 953 3
321 499 2
322 343 1
322 879 1
333 569 1
335 468 1
337 607 2
339 569 1
343 663 2
344 952 2
344 543 1
347 966 1
349 976 2
353 891 1
355 931 1
356 416 1
356 718 1
360 891 2
360 629 3
362 912 1
362 660 1
364 582 1
379 568 3
381 532 2
383 742 1
388 718 1
392 803 2
401 683 1
401 429 4
401 415 3
405 581 1
409 569 1
413 992 1
413 746 11
413 700 1
413 935 1
414 891 1
415 833 1
415 883 1
415 617 1
416 912 1
416 752 1
416 946 1
416 472 1
416 759 2
416 984 1
418 532 1
421 988 1
421 469 2
422 680 5
422 696 1
422 731 2
423 977 5
424 795 1
424 988 1
424 469 2
424 990 1
428 718 1
429 454 1
438 818 1
443 662 1
444 483 2
447 759 1
450 712 1
450 754 1
450 718 1
458 684 1
458 956 3
458 577 1
465 812 1
468 1001 2
468 532 2
469 547 2
469 614 2
469 988 1
469 817 2
469 851 1
469 630 3
469 954 2
469 795 2
469 957 2
470 569 1
471 752 1
472 912 1
477 634 1
485 646 1
493 629 3
495 568 2
495 862 1
499 684 2
500 586 1
500 762 1
500 814 2
502 569 1
502 538 1
502 718 1
506 1001 13
506 732 1
509 634 2
512 988 1
514 977 5
517 718 1
519 569 1
520 731 1
526 629 4
528 909 1
530 746 1
530 629 2
530 718 1
534 718 1
535 854 2
538 569 1
540 698 1
541 576 1
541 738 1
547 988 1
548 853 1
552 988 1
559 622 1
561 629 3
561 846 1
563 585 1
568 947 8
569 693 1
569 710 1
569 976 1
569 599 1
569 605 1
569 862 1
569 991 1
569 767 1
575 966 1
577 926 1
581 936 4
581 951 2
581 932 2
582 994 2
582 764 1
585 980 1
585 742 1
586 854 1
591 746 2
591 854 1
591 718 1
607 923 3
607 617 1
614 988 1
629 915 2
629 685 3
629 846 3
629 658 3
629 630 3
629 631 3
629 891 5
630 891 5
633 923 1
644 1001 3
647 915 2
648 759 1
650 745 1
665 746 1
684 704 1
684 844 1
684 956 1
684 746 1
687 746 2
692 746 3
692 718 1
692 951 1
693 951 2
698 840 1
698 873 1
698 764 1
700 854 1
700 812 1
713 951 1
716 718 4
718 915 1
718 851 1
718 980 2
718 742 1
718 746 1
721 908 1
721 765 3
731 746 5
738 923 6
738 996 1
738 783 1
742 746 1
742 784 5
746 992 1
746 994 1
746 935 9
746 776 1
746 775 1
746 920 1
746 980 1
754 883 1
759 885 1
759 984 1
759 762 1
772 923 1
774 947 94
780 977 5
780 950 1
783 881 1
790 812 1
795 988 1
810 867 1
817 988 1
851 988 3
851 951 2
909 995 1
923 951 1
933 966 1
935 966 1
936 942 1
950 977 8
951 957 3
953 957 2
954 988 1
957 988 1
977 1004 5
977 1001 2
978 988 1
