0
1
2
3
4
5
6
7
8
9
10
11
12
13
14
15
16
17
18
19
20
21
22
23
24
25
26
27
28
29
30
31
32
33
34
35
36
37
38
39
40
41
42
43
44
45
46
47
48
49
50
51
52
53
54
55
56
57
58
59
60
61
62
63
64
65
66
67
68
69
70
71
72
73
74
75
76
77
78
79
80
81
82
83
84
85
86
87
88
89
90
91
92
93
94
95
96
97
98
99
100
101
102
103
104
105
106
107
108
109
110
111
112
113
114
115
116
117
118
119
120
121
122
123
124
125
126
127
128
129
130
131
132
133
134
135
136
137
138
139
141
142
143
144
145
146
147
148
149
150
151
152
153
154
155
157
158
159
160
161
162
163
164
165
166
167
168
169
170
171
172
173
174
175
176
177
178
179
180
181
182
183
184
185
186
187
188
189
190
191
192
193
194
195
196
197
198
199
200
201
202
203
204
205
206
207
208
209
210
211
212
213
214
215
216
217
218
219
220
221
222
223
224
225
226
227
228
229
230
231
232
233
235
236
237
238
239
240
241
242
243
244
245
246
247
248
249
250
251
252
253
254
255
256
257
259
260
262
263
264
265
266
267
268
269
270
271
272
273
274
275
276
277
278
279
280
281
282
283
284
285
286
287
288
289
290
291
292
293
294
295
296
297
299
300
301
302
303
304
305
306
307
308
309
310
311
312
313
314
315
316
317
318
319
320
321
322
323
324
325
326
327
328
329
330
331
332
333
334
335
336
337
338
339
340
341
343
344
345
346
347
348
349
350
351
352
353
355
356
357
358
359
360
361
362
364
365
366
367
368
369
370
371
372
373
374
375
376
377
378
379
380
381
382
383
384
385
386
387
388
389
390
391
392
393
394
395
396
397
398
399
400
401
402
403
404
405
406
407
408
409
410
411
412
413
414
415
416
418
419
420
421
422
423
424
425
426
427
428
429
430
431
432
433
434
435
436
437
438
439
440
441
442
443
444
445
446
447
448
449
450
451
452
453
454
455
456
457
458
459
460
461
462
464
465
466
467
468
469
470
471
472
473
474
475
476
477
478
479
480
481
482
483
484
485
486
487
488
489
490
491
492
493
495
496
497
498
499
500
501
502
503
504
505
506
507
508
509
510
511
512
513
514
515
516
517
518
519
520
521
522
523
524
525
526
527
528
530
531
532
533
534
535
536
537
538
539
540
541
542
543
544
545
546
547
548
549
550
551
552
553
554
556
557
558
559
560
561
562
563
564
565
566
567
568
569
570
571
572
573
574
575
576
577
578
579
580
581
582
583
584
585
586
587
588
589
590
591
592
593
594
595
596
597
598
599
600
601
602
603
604
605
606
607
609
610
611
612
613
614
615
616
617
618
619
621
622
623
624
625
626
627
628
629
630
631
632
633
634
635
636
637
638
639
640
641
642
643
644
645
646
647
648
649
650
651
652
653
654
655
656
657
658
659
660
661
662
663
664
665
666
667
668
669
670
671
672
673
674
675
676
677
678
679
680
681
682
683
684
685
686
687
688
689
690
691
692
693
694
695
696
697
698
699
700
701
702
703
704
705
706
707
708
709
710
711
712
713
714
715
716
717
718
719
720
721
722
723
724
725
726
727
728
729
730
731
732
733
734
735
736
737
738
739
740
741
742
743
744
745
746
747
748
749
750
751
752
753
754
756
757
758
759
760
761
762
763
764
765
767
768
769
770
771
772
773
774
775
776
777
778
779
780
781
782
783
784
785
786
787
788
789
790
791
792
793
794
795
796
797
798
799
800
801
802
803
804
805
806
807
808
809
810
811
812
813
814
815
816
817
818
819
820
821
822
823
824
825
826
827
828
829
830
831
832
833
834
835
836
837
838
839
840
841
842
843
844
845
846
847
848
849
850
851
852
853
854
855
856
857
858
859
860
861
862
863
864
865
866
867
868
869
870
871
872
873
874
875
876
877
878
879
880
881
882
883
884
885
886
887
888
889
890
891
892
893
894
895
896
897
898
899
900
901
902
903
904
905
906
907
908
909
910
911
912
913
914
915
916
917
918
919
920
921
922
923
924
925
926
927
928
929
930
931
932
933
934
935
936
937
938
939
940
941
942
943
944
945
946
947
948
949
950
951
952
953
954
955
956
957
958
960
961
962
963
964
965
966
967
968
969
970
971
972
973
974
975
976
977
978
979
980
981
982
983
984
985
986
987
988
989
990
991
992
993
994
995
996
997
998
999
1000
1001
1002
1003
1004
0 569 3
2 272 5
2 17 2
2 416 1
2 700 3
2 790 4
4 362 1
4 771 2
4 135 1
5 553 1
5 107 1
5 532 1
5 246 1
6 569 3
6 506 2
6 249 1
11 619 1
11 662 1
13 743 3
14 1001 3
14 173 1
14 719 1
14 921 1
14 506 2
14 924 1
14 702 2
15 731 1
15 406 1
16 541 2
17 428 2
17 267 1
17 700 1
17 790 1
24 891 1
24 629 5
24 142 4
25 321 1
25 386 1
25 499 1
25 956 1
28 987 1
29 506 2
29 532 1
29 118 1
30 52 1
30 356 4
30 765 1
31 428 6
31 165 10
31 990 1
32 700 1
32 428 2
32 433 2
32 693 2
32 572 3
32 862 1
34 873 1
34 997 6
34 581 1
34 855 6
38 832 1
38 460 1
38 638 1
40 450 2
40 214 3
40 712 1
40 662 1
40 272 7
40 147 2
40 502 3
40 890 1
40 572 1
40 159 3
41 704 2
41 723 1
41 956 1
42 402 1
45 52 3
48 672 1
48 499 2
48 684 2
48 565 1
48 319 2
49 248 3
50 788 1
52 66 6
52 356 8
52 166 1
52 168 4
52 868 1
52 126 3
53 120 1
53 193 1
53 923 1
53 633 1
56 987 2
58 586 1
58 909 3
61 388 3
61 517 5
61 428 2
61 522 7
61 843 3
61 716 3
61 718 8
61 915 2
61 534 1
61 343 1
61 159 3
61 991 5
62 646 1
62 542 2
64 322 2
65 193 2
65 771 1
65 135 3
65 75 2
65 334 3
65 687 1
65 784 1
65 83 3
65 120 6
65 607 1
65 220 2
65 191 3
67 344 5
67 963 23
67 165 3
67 207 6
68 987 1
69 638 1
72 214 2
72 159 8
75 107 1
75 772 6
75 127 1
75 749 1
75 334 3
75 850 4
75 499 1
75 120 5
75 191 2
75 220 1
75 190 1
75 607 2
77 168 13
77 912 6
77 260 6
77 232 1
78 506 1
78 502 1
82 697 1
82 135 1
83 784 1
83 863 2
83 901 1
83 993 1
86 152 1
86 443 4
86 662 2
90 199 1
90 940 1
90 749 2
90 912 4
90 692 2
90 248 5
90 506 2
90 220 1
90 927 2
91 308 1
91 607 1
92 847 1
92 207 1
95 193 1
95 987 2
96 420 5
96 638 1
98 707 6
98 454 4
98 134 1
98 713 2
98 107 7
98 268 1
98 592 8
98 291 2
98 117 2
98 278 1
101 377 2
101 779 1
101 246 1
101 423 2
103 514 2
103 164 1
103 950 2
103 303 2
105 418 6
105 774 1
106 740 1
106 788 1
107 553 4
107 652 1
107 335 1
112 392 1
112 267 2
113 927 2
117 268 2
118 732 2
118 532 2
118 335 3
119 700 1
120 772 6
120 454 9
120 743 1
120 752 3
120 569 1
120 191 1
120 190 3
120 927 4
122 428 1
122 718 3
126 416 1
126 232 2
126 586 9
126 356 6
127 843 1
133 168 1
134 592 7
134 454 2
135 292 3
135 581 6
135 870 1
135 267 1
135 942 2
135 720 3
135 371 2
135 628 3
135 922 1
136 915 2
136 428 2
136 159 1
139 323 3
141 188 3
141 870 1
142 428 2
142 267 3
142 915 4
142 630 1
143 796 1
143 580 2
144 650 1
147 196 1
147 454 7
147 171 1
147 686 2
147 272 2
147 277 1
147 214 5
147 347 1
147 590 1
147 285 1
147 927 2
150 415 2
151 253 1
152 443 1
153 977 4
157 740 1
157 517 1
157 775 4
157 844 1
157 499 1
157 915 6
157 926 1
157 502 3
157 248 3
157 356 1
157 542 5
159 416 1
159 866 2
159 324 8
159 230 4
159 940 2
159 334 3
159 776 2
159 306 1
159 787 3
159 500 1
159 853 1
159 214 3
159 724 7
159 923 1
159 542 1
160 530 1
160 586 1
160 891 1
160 629 4
161 692 1
161 863 2
164 420 1
164 879 3
164 853 1
164 548 5
164 638 2
165 401 6
165 207 3
166 416 1
166 356 2
166 743 1
166 168 1
166 586 3
166 762 1
167 817 2
167 978 1
167 851 4
167 988 6
167 469 1
168 416 3
168 356 9
168 966 3
168 232 7
168 586 3
168 557 3
168 912 28
168 369 3
168 439 2
168 472 10
168 260 9
168 607 1
168 347 1
168 765 2
168 575 3
171 347 2
171 933 3
171 590 2
173 506 2
173 541 4
175 849 6
175 650 1
175 246 1
175 423 3
180 217 1
180 829 1
180 958 2
180 727 1
184 393 1
184 362 1
184 779 2
184 607 1
185 833 1
185 850 2
185 830 3
187 695 1
188 978 1
188 469 1
189 280 1
189 969 1
189 652 1
189 1004 1
189 249 2
190 353 2
190 891 4
190 629 1
191 749 1
191 927 3
191 415 3
192 506 1
193 290 1
193 987 1
193 776 3
193 617 2
193 714 13
193 923 2
196 873 1
196 586 1
196 429 2
196 850 1
196 311 1
197 923 7
197 987 1
199 506 3
199 644 3
199 541 1
200 546 1
200 838 1
200 550 2
200 971 2
200 428 1
200 915 11
200 952 3
201 335 1
202 629 3
207 424 2
207 558 3
207 847 4
207 469 3
207 953 1
207 795 3
208 236 1
209 356 2
214 239 1
214 272 11
214 629 1
214 951 1
214 923 1
214 765 2
216 319 1
220 483 3
220 607 3
223 337 1
223 322 3
223 663 1
223 462 2
223 879 4
228 569 3
229 306 2
229 469 3
229 790 1
229 607 2
231 873 1
231 462 2
231 245 2
231 698 1
231 987 1
231 540 1
231 350 1
231 607 2
233 835 2
233 692 4
233 749 1
233 607 2
236 537 1
239 706 1
239 923 1
239 951 1
241 421 1
245 698 1
245 987 2
245 764 2
245 830 2
246 423 2
246 724 1
248 835 1
248 550 2
248 329 1
248 591 1
248 692 4
248 607 1
249 569 3
249 409 1
250 927 5
251 633 2
251 987 1
256 356 2
256 294 1
256 743 1
256 885 3
256 472 4
256 313 1
256 602 1
260 912 2
264 329 1
264 586 1
264 581 1
267 586 2
267 971 2
267 629 5
267 790 3
268 592 5
268 633 1
268 454 2
272 450 1
275 849 3
277 700 2
278 449 2
278 290 1
278 566 1
278 454 1
280 449 1
280 687 1
280 561 1
280 629 3
280 631 1
280 891 1
284 680 1
284 731 1
290 305 1
291 401 5
291 429 3
291 454 1
293 724 2
293 700 1
293 718 1
294 416 1
294 648 1
294 817 1
294 885 2
294 313 2
295 569 2
303 780 2
303 950 2
305 912 7
305 416 7
306 863 1
306 659 2
306 374 1
307 659 1
308 418 3
308 748 3
310 322 1
310 477 1
311 698 1
311 955 3
311 987 1
313 416 2
313 885 1
313 472 3
313 765 1
317 692 1
318 684 1
319 558 1
321 499 3
321 684 1
322 548 2
322 663 1
322 879 6
322 853 1
322 534 1
322 343 1
324 634 1
326 938 1
326 687 1
329 692 1
331 418 1
332 435 6
332 500 7
332 782 1
333 816 1
333 569 3
334 612 1
334 586 1
334 749 2
334 718 1
334 687 3
334 692 1
334 772 1
334 923 1
334 542 1
335 1004 2
335 464 3
335 532 11
335 664 2
335 381 2
337 505 4
337 388 2
337 854 2
337 870 2
338 987 1
343 368 1
343 388 1
343 663 6
344 971 1
347 966 4
347 590 1
353 891 8
356 416 3
356 515 1
356 868 2
356 743 5
356 762 1
356 684 1
356 912 3
356 499 2
356 586 2
356 574 2
356 472 8
356 602 3
356 765 2
360 629 5
361 987 1
362 971 1
362 659 1
364 582 1
364 624 1
364 506 2
364 987 1
364 764 1
364 863 1
368 879 5
369 513 6
369 535 1
369 646 2
369 927 2
372 595 1
372 415 3
377 866 1
377 423 3
377 457 1
377 718 2
377 605 1
379 568 2
380 712 3
380 440 1
381 506 2
383 867 1
383 388 3
383 586 2
383 589 1
383 444 2
383 765 3
385 898 1
388 591 1
388 853 1
397 671 1
397 975 1
398 712 1
398 772 1
401 429 10
401 454 6
401 415 9
404 506 1
404 595 3
406 680 4
409 569 3
409 506 2
409 977 2
409 599 1
414 891 3
415 833 1
415 630 1
415 435 1
415 569 6
416 648 3
416 586 6
416 912 1
416 927 2
416 629 1
416 885 3
416 633 3
416 602 1
418 996 9
418 977 25
420 950 2
421 424 1
421 630 4
423 650 1
423 779 5
424 795 1
424 990 1
426 907 1
427 955 3
428 647 1
428 971 1
428 915 18
428 952 1
428 857 2
428 990 1
429 925 7
429 454 7
432 987 1
433 987 1
435 500 5
435 782 1
439 912 2
440 737 1
443 700 1
443 742 3
443 662 9
444 535 5
444 927 2
450 900 1
450 712 1
450 596 5
450 662 2
453 595 1
454 609 1
454 772 7
454 713 3
454 592 8
457 716 1
457 718 2
462 833 3
464 980 5
466 662 1
467 650 1
469 630 3
470 569 3
470 572 1
470 789 6
470 605 3
472 743 4
472 602 3
472 575 1
479 586 1
482 569 6
482 987 1
482 847 2
483 798 2
483 607 3
485 513 1
485 823 1
485 646 1
485 927 3
491 553 2
491 506 5
491 532 3
493 978 1
493 891 1
493 629 3
493 630 1
495 568 1
497 977 2
499 517 1
499 684 5
499 844 2
499 558 2
499 687 2
499 535 2
499 542 2
499 607 2
500 782 5
500 790 3
502 569 2
506 644 9
506 783 2
506 670 2
506 541 4
506 688 1
506 951 4
506 702 1
506 576 1
506 599 2
506 996 1
506 881 1
509 780 1
510 879 1
511 987 1
513 646 1
513 927 2
515 927 5
516 700 2
516 837 1
516 743 1
517 586 1
517 854 1
526 629 3
530 891 4
530 629 11
530 630 2
531 987 2
532 808 1
532 553 1
532 688 1
532 820 1
532 1001 1
532 700 2
532 670 1
534 749 1
535 542 1
535 927 2
538 569 3
540 987 2
540 749 1
540 855 3
540 697 4
540 698 1
540 955 2
541 644 1
541 586 1
541 977 2
541 951 6
542 646 2
542 591 1
542 923 3
542 927 2
543 971 1
546 550 2
547 978 1
547 631 2
548 879 6
551 646 1
551 927 2
561 891 1
561 629 3
561 846 12
561 631 2
565 684 1
565 844 1
568 935 1
568 771 1
568 947 2
569 990 1
569 693 3
569 951 2
569 572 2
569 710 3
569 976 3
569 977 2
569 599 5
569 605 3
569 862 16
569 991 2
569 749 8
580 582 1
581 720 1
581 855 3
581 798 1
582 624 1
582 987 1
586 762 2
586 718 1
586 687 3
586 885 3
586 984 1
587 720 6
588 987 1
590 933 1
591 718 1
592 713 1
592 948 4
592 927 13
595 991 1
602 743 1
602 648 1
602 765 2
605 693 1
605 789 4
607 798 2
607 927 2
609 772 2
609 951 1
612 740 2
614 858 1
617 720 4
617 714 6
617 776 2
624 692 1
626 863 1
628 720 1
629 658 3
629 685 3
629 846 3
629 630 7
629 631 3
629 891 15
629 894 3
629 927 1
630 851 2
630 891 1
631 891 1
633 923 2
638 700 1
641 987 1
643 685 2
644 996 1
646 968 1
646 927 2
648 885 3
648 765 3
650 738 2
650 1001 1
650 783 2
650 849 1
658 891 1
660 692 1
660 783 1
662 802 2
663 706 1
663 950 1
672 844 5
678 696 1
679 684 1
679 844 1
680 720 2
680 707 1
680 731 3
682 783 1
684 704 1
684 844 2
684 918 1
685 724 1
685 891 1
685 1001 1
687 772 1
688 808 1
692 835 1
692 775 2
692 746 3
692 749 1
692 830 1
694 845 1
698 840 1
698 873 1
698 764 1
700 771 1
700 881 1
700 812 5
700 956 1
702 842 2
702 924 1
703 772 4
703 951 1
704 743 3
707 880 1
707 951 4
716 718 1
718 866 4
718 904 1
718 843 1
718 724 1
719 738 7
720 833 1
720 855 1
720 863 1
722 927 4
737 849 2
738 783 2
738 837 3
740 879 4
742 771 1
743 765 2
752 927 3
758 956 2
758 844 4
758 918 1
761 969 2
764 987 1
764 994 2
765 859 1
769 863 1
770 927 2
771 863 2
772 940 1
772 951 2
772 923 1
773 955 3
774 947 38
775 891 1
783 881 1
784 863 2
789 987 1
790 812 2
791 862 1
809 987 1
823 927 2
833 850 1
838 952 2
838 971 1
838 847 1
840 987 1
846 891 1
849 987 1
850 987 1
851 978 3
854 927 5
857 951 1
861 896 2
863 993 1
872 987 1
873 987 2
880 923 2
881 921 1
885 984 4
890 923 1
912 915 1
924 1001 2
925 955 3
927 948 5
933 966 3
935 966 2
955 987 4
969 977 2
977 1004 7
977 1001 1
987 994 1
