0
1
2
3
4
5
6
7
8
9
10
11
12
13
14
15
16
17
18
19
20
21
22
23
24
25
26
27
28
29
30
31
32
33
34
35
36
37
38
39
40
41
42
43
44
45
46
47
48
49
50
51
52
53
54
55
56
57
58
59
60
61
62
63
64
65
66
67
68
69
70
71
72
73
74
75
76
77
78
79
80
81
82
83
84
85
86
87
88
89
90
91
92
93
94
95
96
97
98
99
100
101
102
103
104
105
106
107
108
109
110
111
112
113
114
115
116
117
118
119
120
121
122
123
124
125
126
127
128
129
130
131
132
133
134
135
136
137
138
139
141
142
143
144
145
146
147
148
149
150
151
152
153
154
155
157
158
159
160
161
162
163
164
165
166
167
168
169
170
171
172
173
174
175
176
177
178
179
180
181
182
183
184
185
186
187
188
189
190
191
192
193
194
195
196
197
198
199
200
201
202
203
204
205
206
207
208
209
210
211
212
213
214
215
216
217
218
219
220
221
222
223
224
225
226
227
228
229
230
231
232
233
235
236
237
238
239
240
241
242
243
244
245
246
247
248
249
250
251
252
253
254
255
256
257
259
260
262
263
264
265
266
267
268
269
270
271
272
273
274
275
276
277
278
279
280
281
282
283
284
285
286
287
288
289
290
291
292
293
294
295
296
297
299
300
301
302
303
304
305
306
307
308
309
310
311
312
313
314
315
316
317
318
319
320
321
322
323
324
325
326
327
328
329
330
331
332
333
334
335
336
337
338
339
340
341
343
344
345
346
347
348
349
350
351
352
353
355
356
357
358
359
360
361
362
364
365
366
367
368
369
370
371
372
373
374
375
376
377
378
379
380
381
382
383
384
385
386
387
388
389
390
391
392
393
394
395
396
397
398
399
400
401
402
403
404
405
406
407
408
409
410
411
412
413
414
415
416
418
419
420
421
422
423
424
425
426
427
428
429
430
431
432
433
434
435
436
437
438
439
440
441
442
443
444
445
446
447
448
449
450
451
452
453
454
455
456
457
458
459
460
461
462
464
465
466
467
468
469
470
471
472
473
474
475
476
477
478
479
480
481
482
483
484
485
486
487
488
489
490
491
492
493
495
496
497
498
499
500
501
502
503
504
505
506
507
508
509
510
511
512
513
514
515
516
517
518
519
520
521
522
523
524
525
526
527
528
530
531
532
533
534
535
536
537
538
539
540
541
542
543
544
545
546
547
548
549
550
551
552
553
554
556
557
558
559
560
561
562
563
564
565
566
567
568
569
570
571
572
573
574
575
576
577
578
579
580
581
582
583
584
585
586
587
588
589
590
591
592
593
594
595
596
597
598
599
600
601
602
603
604
605
606
607
609
610
611
612
613
614
615
616
617
618
619
621
622
623
624
625
626
627
628
629
630
631
632
633
634
635
636
637
638
639
640
641
642
643
644
645
646
647
648
649
650
651
652
653
654
655
656
657
658
659
660
661
662
663
664
665
666
667
668
669
670
671
672
673
674
675
676
677
678
679
680
681
682
683
684
685
686
687
688
689
690
691
692
693
694
695
696
697
698
699
700
701
702
703
704
705
706
707
708
709
710
711
712
713
714
715
716
717
718
719
720
721
722
723
724
725
726
727
728
729
730
731
732
733
734
735
736
737
738
739
740
741
742
743
744
745
746
747
748
749
750
751
752
753
754
756
757
758
759
760
761
762
763
764
765
767
768
769
770
771
772
773
774
775
776
777
778
779
780
781
782
783
784
785
786
787
788
789
790
791
792
793
794
795
796
797
798
799
800
801
802
803
804
805
806
807
808
809
810
811
812
813
814
815
816
817
818
819
820
821
822
823
824
825
826
827
828
829
830
831
832
833
834
835
836
837
838
839
840
841
842
843
844
845
846
847
848
849
850
851
852
853
854
855
856
857
858
859
860
861
862
863
864
865
866
867
868
869
870
871
872
873
874
875
876
877
878
879
880
881
882
883
884
885
886
887
888
889
890
891
892
893
894
895
896
897
898
899
900
901
902
903
904
905
906
907
908
909
910
911
912
913
914
915
916
917
918
919
920
921
922
923
924
925
926
927
928
929
930
931
932
933
934
935
936
937
938
939
940
941
942
943
944
945
946
947
948
949
950
951
952
953
954
955
956
957
958
960
961
962
963
964
965
966
967
968
969
970
971
972
973
974
975
976
977
978
979
980
981
982
983
984
985
986
987
988
989
990
991
992
993
994
995
996
997
998
999
1000
1001
1002
1003
1004
0 32 1
1 46 1
1 510 1
2 812 2
2 629 1
2 790 2
2 335 2
4 441 1
4 371 2
14 506 2
14 924 2
14 173 1
16 541 2
19 32 1
24 530 3
24 891 2
24 493 2
24 189 2
28 987 4
30 765 1
32 418 1
32 777 1
32 170 1
32 843 1
32 236 1
32 365 1
32 432 1
32 977 1
32 280 1
32 249 1
32 380 1
32 381 1
32 862 2
35 188 1
38 324 2
40 267 2
40 900 1
40 214 1
52 356 2
52 232 2
52 201 2
52 912 3
52 168 4
52 472 2
53 193 1
53 546 1
53 923 1
53 500 2
56 531 2
56 987 4
58 818 2
61 718 2
62 823 1
65 214 1
67 920 1
67 344 1
67 963 1
67 165 1
67 207 1
68 531 6
68 987 4
70 534 2
74 416 1
74 586 1
74 166 2
77 912 3
77 260 2
78 862 2
83 771 2
86 443 15
86 662 8
90 923 1
90 742 1
91 809 2
91 987 3
95 987 4
98 401 1
104 133 1
107 537 1
107 214 1
112 168 4
112 674 2
114 275 1
119 812 2
120 772 1
120 189 1
122 915 1
127 214 1
133 168 4
133 908 1
135 942 2
135 214 1
136 200 10
136 915 7
137 771 2
137 742 30
137 703 6
141 214 1
147 931 1
147 171 1
147 590 1
147 277 1
147 214 1
147 926 2
149 293 1
152 443 2
157 746 2
157 923 1
157 214 1
159 214 1
159 517 1
159 334 1
160 200 2
160 857 1
160 428 4
160 629 2
161 771 4
167 851 1
168 260 15
168 232 6
168 585 2
168 557 4
168 912 20
168 472 2
168 607 4
171 577 2
178 214 1
181 724 1
181 189 2
184 832 1
188 547 3
188 656 2
188 502 2
188 920 1
188 862 1
189 428 4
189 595 2
189 883 2
189 502 2
189 410 2
190 214 1
191 334 1
199 506 10
199 924 6
200 428 5
200 530 2
200 595 6
200 952 3
200 857 2
200 883 4
200 915 15
208 236 1
214 515 1
214 900 1
214 517 1
214 243 1
214 776 1
214 684 1
214 910 1
214 499 1
214 528 1
214 280 1
214 530 1
214 915 1
214 534 1
214 920 1
214 923 1
214 413 1
214 542 1
214 544 1
214 987 1
214 940 1
214 671 1
214 435 1
214 692 1
214 569 1
214 927 1
214 316 1
214 834 1
214 835 1
214 324 1
214 993 1
214 329 1
214 586 1
214 844 1
214 994 1
214 334 1
214 720 1
214 978 1
214 595 1
214 852 1
214 531 1
214 612 1
214 851 1
214 731 1
214 220 1
214 783 1
214 865 1
214 738 1
214 739 1
214 812 1
214 997 1
214 742 1
214 743 1
214 746 1
214 850 1
214 356 1
214 775 1
214 371 1
214 500 1
214 629 1
214 502 1
214 248 1
216 321 2
231 698 1
231 923 1
231 338 1
231 987 4
231 245 3
232 472 4
232 912 2
233 692 1
245 698 1
245 987 4
251 531 4
251 987 4
260 912 13
260 416 2
266 912 2
278 290 1
280 388 2
280 530 2
280 851 3
280 629 1
280 502 2
280 920 3
280 915 3
291 401 1
293 724 1
293 716 2
299 509 2
306 784 1
306 771 1
306 901 2
306 742 3
311 987 4
316 428 1
321 458 1
321 684 1
322 879 1
322 591 1
327 381 3
332 416 3
332 517 2
332 586 8
332 782 1
332 435 2
332 500 2
334 746 1
334 718 1
334 687 2
334 692 1
335 664 7
338 624 1
338 987 4
343 663 3
356 912 2
356 472 2
360 936 2
361 987 4
362 912 1
362 416 1
364 987 4
371 720 1
372 595 1
381 643 2
388 742 2
388 534 1
388 862 1
388 638 3
392 674 3
401 429 2
401 454 1
401 415 1
402 634 2
410 650 1
410 663 1
413 746 1
416 500 1
422 731 1
422 527 2
423 832 2
423 977 3
428 530 4
428 915 13
428 857 1
429 454 1
432 987 4
432 468 1
433 531 4
433 987 4
438 818 2
443 742 2
443 662 26
444 535 1
447 586 1
450 900 1
454 772 1
458 577 1
458 565 2
461 531 4
465 812 2
472 912 1
482 531 1
482 987 4
485 542 2
500 546 1
500 586 1
500 782 2
500 814 2
502 862 2
506 644 1
515 912 2
516 761 2
526 561 2
530 685 1
530 920 1
530 851 1
530 857 2
530 891 1
530 915 1
531 987 4
531 809 4
531 789 4
531 796 4
532 761 4
535 854 2
540 994 17
540 955 2
540 698 1
540 987 4
540 581 1
541 923 1
541 783 2
542 823 3
546 550 3
550 746 2
556 912 1
557 912 4
577 590 1
582 994 2
582 987 4
586 782 4
586 762 1
591 696 1
595 883 5
595 915 3
596 951 1
602 743 3
607 696 3
609 772 1
630 954 2
634 950 2
641 987 4
644 1001 2
644 923 1
644 702 1
647 915 1
654 837 2
663 950 1
670 688 2
682 850 1
682 783 1
684 844 1
685 1001 3
685 724 2
687 696 1
687 803 1
687 718 1
692 696 1
692 746 4
695 951 1
696 718 7
698 840 1
698 873 1
698 987 4
698 764 1
700 812 2
702 923 1
703 771 4
710 832 1
716 718 1
724 1001 3
742 769 1
742 771 2
742 900 5
742 784 4
742 863 7
746 935 4
746 775 2
761 881 2
764 987 4
764 994 4
771 784 4
771 863 6
784 863 3
789 987 4
790 812 8
809 987 4
840 987 4
849 987 4
850 923 1
851 920 2
851 915 2
857 883 10
857 915 3
872 987 4
873 987 4
915 952 1
915 920 2
921 923 1
925 987 4
950 977 4
955 987 4
977 1001 7
977 1004 3
987 994 4
