0
1
2
3
4
5
6
7
8
9
10
11
12
13
14
15
16
17
18
19
20
21
22
23
24
25
26
27
28
29
30
31
32
33
34
35
36
37
38
39
40
41
42
43
44
45
46
47
48
49
50
51
52
53
54
55
56
57
58
59
60
61
62
63
64
65
66
67
68
69
70
71
72
73
74
75
76
77
78
79
80
81
82
83
84
85
86
87
88
89
90
91
92
93
94
95
96
97
98
99
100
101
102
103
104
105
106
107
108
109
110
111
112
113
114
115
116
117
118
119
120
121
122
123
124
125
126
127
128
129
130
131
132
133
134
135
136
137
138
139
141
142
143
144
145
146
147
148
149
150
151
152
153
154
155
157
158
159
160
161
162
163
164
165
166
167
168
169
170
171
172
173
174
175
176
177
178
179
180
181
182
183
184
185
186
187
188
189
190
191
192
193
194
195
196
197
198
199
200
201
202
203
204
205
206
207
208
209
210
211
212
213
214
215
216
217
218
219
220
221
222
223
224
225
226
227
228
229
230
231
232
233
235
236
237
238
239
240
241
242
243
244
245
246
247
248
249
250
251
252
253
254
255
256
257
259
260
262
263
264
265
266
267
268
269
270
271
272
273
274
275
276
277
278
279
280
281
282
283
284
285
286
287
288
289
290
291
292
293
294
295
296
297
299
300
301
302
303
304
305
306
307
308
309
310
311
312
313
314
315
316
317
318
319
320
321
322
323
324
325
326
327
328
329
330
331
332
333
334
335
336
337
338
339
340
341
343
344
345
346
347
348
349
350
351
352
353
355
356
357
358
359
360
361
362
364
365
366
367
368
369
370
371
372
373
374
375
376
377
378
379
380
381
382
383
384
385
386
387
388
389
390
391
392
393
394
395
396
397
398
399
400
401
402
403
404
405
406
407
408
409
410
411
412
413
414
415
416
418
419
420
421
422
423
424
425
426
427
428
429
430
431
432
433
434
435
436
437
438
439
440
441
442
443
444
445
446
447
448
449
450
451
452
453
454
455
456
457
458
459
460
461
462
464
465
466
467
468
469
470
471
472
473
474
475
476
477
478
479
480
481
482
483
484
485
486
487
488
489
490
491
492
493
495
496
497
498
499
500
501
502
503
504
505
506
507
508
509
510
511
512
513
514
515
516
517
518
519
520
521
522
523
524
525
526
527
528
530
531
532
533
534
535
536
537
538
539
540
541
542
543
544
545
546
547
548
549
550
551
552
553
554
556
557
558
559
560
561
562
563
564
565
566
567
568
569
570
571
572
573
574
575
576
577
578
579
580
581
582
583
584
585
586
587
588
589
590
591
592
593
594
595
596
597
598
599
600
601
602
603
604
605
606
607
609
610
611
612
613
614
615
616
617
618
619
621
622
623
624
625
626
627
628
629
630
631
632
633
634
635
636
637
638
639
640
641
642
643
644
645
646
647
648
649
650
651
652
653
654
655
656
657
658
659
660
661
662
663
664
665
666
667
668
669
670
671
672
673
674
675
676
677
678
679
680
681
682
683
684
685
686
687
688
689
690
691
692
693
694
695
696
697
698
699
700
701
702
703
704
705
706
707
708
709
710
711
712
713
714
715
716
717
718
719
720
721
722
723
724
725
726
727
728
729
730
731
732
733
734
735
736
737
738
739
740
741
742
743
744
745
746
747
748
749
750
751
752
753
754
756
757
758
759
760
761
762
763
764
765
767
768
769
770
771
772
773
774
775
776
777
778
779
780
781
782
783
784
785
786
787
788
789
790
791
792
793
794
795
796
797
798
799
800
801
802
803
804
805
806
807
808
809
810
811
812
813
814
815
816
817
818
819
820
821
822
823
824
825
826
827
828
829
830
831
832
833
834
835
836
837
838
839
840
841
842
843
844
845
846
847
848
849
850
851
852
853
854
855
856
857
858
859
860
861
862
863
864
865
866
867
868
869
870
871
872
873
874
875
876
877
878
879
880
881
882
883
884
885
886
887
888
889
890
891
892
893
894
895
896
897
898
899
900
901
902
903
904
905
906
907
908
909
910
911
912
913
914
915
916
917
918
919
920
921
922
923
924
925
926
927
928
929
930
931
932
933
934
935
936
937
938
939
940
941
942
943
944
945
946
947
948
949
950
951
952
953
954
955
956
957
958
960
961
962
963
964
965
966
967
968
969
970
971
972
973
974
975
976
977
978
979
980
981
982
983
984
985
986
987
988
989
990
991
992
993
994
995
996
997
998
999
1000
1001
1002
1003
1004
0 32 1
0 705 2
0 189 1
1 46 1
1 510 1
2 586 1
2 332 1
2 629 1
2 638 1
2 790 2
2 335 2
2 126 1
2 447 1
4 441 1
7 810 2
14 738 1
14 327 1
14 199 1
14 173 2
14 506 1
14 924 1
14 702 1
15 680 1
16 120 1
16 541 1
19 32 1
24 91 1
24 647 2
24 493 3
24 530 6
24 891 2
24 189 2
25 918 1
28 540 1
30 868 1
30 765 1
30 790 4
31 165 5
32 898 1
32 777 1
32 170 1
32 843 1
32 236 1
32 365 1
32 418 1
32 432 1
32 977 1
32 791 2
32 280 1
32 249 1
32 380 1
32 381 1
32 862 2
35 188 1
37 730 1
38 91 1
38 324 2
40 267 1
40 187 1
40 900 1
40 214 1
46 399 1
48 704 1
48 458 1
48 684 1
52 868 3
52 232 2
52 201 2
52 912 3
52 472 2
52 356 2
53 193 1
53 546 1
53 923 1
53 500 2
53 517 1
56 143 1
58 818 3
61 416 3
61 833 1
61 450 2
61 718 2
62 823 1
65 214 1
67 920 2
67 344 1
67 963 1
67 165 5
67 207 1
74 416 5
74 166 3
74 168 1
74 586 1
74 76 1
74 399 1
75 633 1
75 178 1
76 769 1
76 863 1
76 901 1
76 229 1
77 168 4
77 912 1
78 862 3
83 771 2
86 443 21
86 662 7
90 248 1
90 122 1
90 923 3
90 742 2
90 987 1
91 987 1
91 485 1
91 809 2
91 823 1
91 763 1
91 220 2
91 542 3
98 707 1
98 454 1
98 134 1
98 107 1
98 268 1
98 429 2
98 401 2
98 117 1
101 246 2
103 423 1
104 133 1
106 832 1
107 553 1
107 335 3
107 214 1
107 537 2
107 381 1
107 415 1
111 586 1
112 313 1
114 275 1
120 923 3
120 772 2
120 293 1
120 189 1
122 915 1
122 924 3
124 250 1
125 534 1
127 214 1
133 602 2
133 908 1
134 592 1
134 291 1
134 454 1
135 942 2
135 214 1
136 200 9
136 915 7
136 647 2
137 771 2
137 742 22
137 703 2
141 188 1
141 214 1
143 872 1
143 280 1
147 931 1
147 171 1
147 590 1
147 277 1
147 214 1
147 926 3
149 716 1
149 293 1
153 977 2
157 586 1
157 923 1
157 214 1
157 718 1
159 290 1
159 517 1
159 713 1
159 940 1
159 334 2
159 720 1
159 214 2
159 923 1
159 316 2
160 200 5
160 561 2
160 428 1
160 629 3
160 857 1
161 771 4
165 401 6
165 316 2
166 392 1
166 586 1
166 565 1
167 851 2
168 356 3
168 232 2
168 586 5
168 912 5
168 984 1
168 949 1
168 472 1
168 260 11
168 447 1
168 885 1
170 214 3
171 577 2
175 849 2
175 275 9
175 423 1
178 388 2
178 502 2
178 231 1
178 214 1
178 607 1
181 537 1
181 724 1
181 189 2
184 832 1
184 710 1
187 700 2
188 547 3
188 656 2
188 502 5
188 920 1
188 862 1
189 428 3
189 718 2
189 977 1
189 530 1
189 883 2
189 502 5
189 410 1
190 214 1
191 334 1
194 769 1
194 306 1
194 863 1
194 901 1
194 229 1
199 738 1
199 924 1
199 506 3
200 428 12
200 530 4
200 595 7
200 883 9
200 629 3
200 952 8
200 857 5
200 915 16
208 977 1
208 236 1
208 783 1
214 515 1
214 900 1
214 534 1
214 243 1
214 776 1
214 940 1
214 910 1
214 499 1
214 528 1
214 280 1
214 530 1
214 915 1
214 662 1
214 920 1
214 923 1
214 413 1
214 542 1
214 544 1
214 290 1
214 731 1
214 684 1
214 558 1
214 306 1
214 435 1
214 692 1
214 569 1
214 927 1
214 316 1
214 834 1
214 835 1
214 324 1
214 993 1
214 329 1
214 586 1
214 844 1
214 994 1
214 334 1
214 720 1
214 978 1
214 595 1
214 852 1
214 531 1
214 612 1
214 851 1
214 987 1
214 220 1
214 517 1
214 783 1
214 865 1
214 738 1
214 739 1
214 812 1
214 997 1
214 742 1
214 743 1
214 746 3
214 850 1
214 356 1
214 775 1
214 371 1
214 500 1
214 629 1
214 502 1
214 248 1
214 671 1
216 321 3
231 738 1
231 840 2
231 338 1
231 245 2
231 921 1
231 698 1
231 923 1
231 540 1
232 472 2
232 912 2
233 692 1
233 245 2
236 537 1
236 743 1
239 720 1
239 713 1
243 790 1
245 840 1
245 698 1
245 764 1
246 423 1
256 313 1
260 912 4
267 854 2
268 291 1
270 738 1
273 306 1
274 656 1
274 493 1
275 849 1
277 931 1
278 290 1
280 388 2
280 530 2
280 851 3
280 629 1
280 502 3
280 920 3
280 915 3
281 334 1
288 629 1
288 493 1
290 589 1
291 401 2
291 429 1
293 724 1
293 716 2
293 862 1
294 313 1
294 586 1
294 868 1
299 509 2
306 771 1
306 374 2
306 742 4
306 784 1
306 901 2
311 697 1
311 955 2
313 416 1
313 356 1
313 885 1
313 472 1
313 447 1
316 857 1
316 428 5
318 684 1
321 618 1
321 684 2
321 458 1
322 879 1
322 591 1
324 534 1
324 638 2
327 381 7
329 624 1
329 427 1
332 416 3
332 517 2
332 586 13
332 782 1
332 435 3
332 500 2
332 447 2
333 767 3
334 746 4
334 718 2
334 687 5
334 692 1
334 789 1
334 534 1
334 696 2
334 586 4
335 464 1
335 664 8
335 923 1
338 624 2
338 540 1
343 663 1
344 971 1
349 428 1
353 373 1
356 416 1
356 586 1
356 718 1
360 936 2
362 912 1
362 416 1
362 383 1
364 582 1
371 720 1
371 441 2
372 595 3
379 568 1
380 440 1
381 643 2
383 720 5
383 589 1
388 534 1
388 718 4
388 638 5
388 502 3
388 862 1
392 674 5
401 454 3
401 429 4
401 415 5
407 843 1
410 650 1
410 663 1
413 746 2
413 935 1
414 530 1
414 891 1
415 429 1
416 586 5
416 782 2
416 912 2
416 500 4
416 790 2
418 977 4
418 996 6
420 559 1
422 680 1
422 731 6
422 527 2
423 832 3
423 710 3
423 977 4
425 765 2
427 955 2
428 915 16
428 952 5
428 857 7
428 883 7
429 454 6
432 468 1
435 586 2
438 818 3
440 737 1
440 537 1
443 502 1
443 662 31
443 742 2
444 535 1
447 586 7
450 900 1
450 695 2
454 772 1
454 592 1
458 577 1
458 565 3
459 517 1
466 695 1
472 782 1
472 912 1
477 638 1
479 681 1
482 531 1
491 977 1
493 530 1
499 679 1
500 546 1
500 814 2
500 586 2
500 782 1
502 923 1
502 742 2
502 718 2
502 724 1
502 862 3
506 738 1
506 996 1
506 516 1
506 644 2
506 761 1
506 541 1
509 939 1
512 530 3
513 542 1
513 551 2
516 761 2
517 586 1
530 685 1
530 920 1
530 915 1
530 629 7
530 857 1
530 851 1
530 891 2
534 939 1
534 696 1
534 676 1
534 862 1
535 586 1
535 722 1
535 854 4
540 641 1
540 994 22
540 581 1
540 855 2
540 697 1
540 698 1
540 955 6
541 923 1
542 854 1
542 586 1
542 823 1
546 900 3
546 550 4
547 862 1
550 900 1
550 746 2
556 912 1
557 912 2
558 684 1
558 565 1
565 704 2
568 771 2
576 738 1
577 715 1
577 590 1
580 791 1
582 994 2
586 782 5
586 912 2
586 684 1
586 687 1
586 825 1
586 759 1
586 762 2
586 765 1
587 720 3
589 867 1
589 922 1
589 909 1
591 696 2
591 718 1
595 883 4
595 915 3
596 951 1
599 767 1
602 743 4
607 696 1
609 772 1
629 978 1
634 950 2
644 1001 2
644 923 1
644 702 1
647 915 1
654 837 2
656 920 3
659 742 1
663 950 3
664 810 1
670 688 2
680 720 1
680 707 1
682 850 1
682 783 1
684 844 2
685 1001 3
685 724 2
687 696 2
687 803 1
687 718 1
692 935 1
692 746 4
692 696 1
695 951 1
696 718 5
697 925 1
698 840 1
698 873 1
698 764 1
702 923 1
703 771 4
704 743 1
710 832 2
711 951 1
716 866 1
716 724 1
716 718 2
718 724 1
718 742 1
718 904 1
718 783 1
718 754 1
718 851 1
718 980 1
719 738 1
724 1001 3
730 868 2
730 790 9
738 783 1
738 945 1
738 921 1
742 769 1
742 771 6
742 900 1
742 863 5
746 832 1
746 935 12
761 881 2
764 994 2
771 784 4
771 863 6
772 923 1
773 955 2
774 947 18
784 863 4
790 812 2
844 935 2
850 923 1
851 920 2
851 915 2
857 915 3
857 883 5
863 900 2
883 952 1
915 952 1
915 920 2
921 923 1
925 955 2
950 977 6
954 978 1
955 987 2
977 996 2
977 1001 10
977 1004 4
