0
1
2
3
4
5
6
7
8
9
10
11
12
13
14
15
16
17
18
19
20
21
22
23
24
25
26
27
28
29
30
31
32
33
34
35
36
37
38
39
40
41
42
43
44
45
46
47
48
49
50
51
52
53
54
55
56
57
58
59
60
61
62
63
64
65
66
67
68
69
70
71
72
73
74
75
76
77
78
79
80
81
82
83
84
85
86
87
88
89
90
91
92
93
94
95
96
97
98
99
100
101
102
103
104
105
106
107
108
109
110
111
112
113
114
115
116
117
118
119
120
121
122
123
124
125
126
127
128
129
130
131
132
133
134
135
136
137
138
139
141
142
143
144
145
146
147
148
149
150
151
152
153
154
155
157
158
159
160
161
162
163
164
165
166
167
168
169
170
171
172
173
174
175
176
177
178
179
180
181
182
183
184
185
186
187
188
189
190
191
192
193
194
195
196
197
198
199
200
201
202
203
204
205
206
207
208
209
210
211
212
213
214
215
216
217
218
219
220
221
222
223
224
225
226
227
228
229
230
231
232
233
235
236
237
238
239
240
241
242
243
244
245
246
247
248
249
250
251
252
253
254
255
256
257
259
260
262
263
264
265
266
267
268
269
270
271
272
273
274
275
276
277
278
279
280
281
282
283
284
285
286
287
288
289
290
291
292
293
294
295
296
297
299
300
301
302
303
304
305
306
307
308
309
310
311
312
313
314
315
316
317
318
319
320
321
322
323
324
325
326
327
328
329
330
331
332
333
334
335
336
337
338
339
340
341
343
344
345
346
347
348
349
350
351
352
353
355
356
357
358
359
360
361
362
364
365
366
367
368
369
370
371
372
373
374
375
376
377
378
379
380
381
382
383
384
385
386
387
388
389
390
391
392
393
394
395
396
397
398
399
400
401
402
403
404
405
406
407
408
409
410
411
412
413
414
415
416
418
419
420
421
422
423
424
425
426
427
428
429
430
431
432
433
434
435
436
437
438
439
440
441
442
443
444
445
446
447
448
449
450
451
452
453
454
455
456
457
458
459
460
461
462
464
465
466
467
468
469
470
471
472
473
474
475
476
477
478
479
480
481
482
483
484
485
486
487
488
489
490
491
492
493
495
496
497
498
499
500
501
502
503
504
505
506
507
508
509
510
511
512
513
514
515
516
517
518
519
520
521
522
523
524
525
526
527
528
530
531
532
533
534
535
536
537
538
539
540
541
542
543
544
545
546
547
548
549
550
551
552
553
554
556
557
558
559
560
561
562
563
564
565
566
567
568
569
570
571
572
573
574
575
576
577
578
579
580
581
582
583
584
585
586
587
588
589
590
591
592
593
594
595
596
597
598
599
600
601
602
603
604
605
606
607
609
610
611
612
613
614
615
616
617
618
619
621
622
623
624
625
626
627
628
629
630
631
632
633
634
635
636
637
638
639
640
641
642
643
644
645
646
647
648
649
650
651
652
653
654
655
656
657
658
659
660
661
662
663
664
665
666
667
668
669
670
671
672
673
674
675
676
677
678
679
680
681
682
683
684
685
686
687
688
689
690
691
692
693
694
695
696
697
698
699
700
701
702
703
704
705
706
707
708
709
710
711
712
713
714
715
716
717
718
719
720
721
722
723
724
725
726
727
728
729
730
731
732
733
734
735
736
737
738
739
740
741
742
743
744
745
746
747
748
749
750
751
752
753
754
756
757
758
759
760
761
762
763
764
765
767
768
769
770
771
772
773
774
775
776
777
778
779
780
781
782
783
784
785
786
787
788
789
790
791
792
793
794
795
796
797
798
799
800
801
802
803
804
805
806
807
808
809
810
811
812
813
814
815
816
817
818
819
820
821
822
823
824
825
826
827
828
829
830
831
832
833
834
835
836
837
838
839
840
841
842
843
844
845
846
847
848
849
850
851
852
853
854
855
856
857
858
859
860
861
862
863
864
865
866
867
868
869
870
871
872
873
874
875
876
877
878
879
880
881
882
883
884
885
886
887
888
889
890
891
892
893
894
895
896
897
898
899
900
901
902
903
904
905
906
907
908
909
910
911
912
913
914
915
916
917
918
919
920
921
922
923
924
925
926
927
928
929
930
931
932
933
934
935
936
937
938
939
940
941
942
943
944
945
946
947
948
949
950
951
952
953
954
955
956
957
958
960
961
962
963
964
965
966
967
968
969
970
971
972
973
974
975
976
977
978
979
980
981
982
983
984
985
986
987
988
989
990
991
992
993
994
995
996
997
998
999
1000
1001
1002
1003
1004
0 6 1
2 236 2
2 790 1
4 120 1
4 135 4
7 810 1
10 657 1
14 516 2
14 506 3
14 924 14
14 702 1
15 731 1
24 160 1
24 280 1
24 629 2
29 688 2
30 936 1
30 416 1
30 890 1
30 765 2
32 791 3
41 565 1
41 558 1
45 66 1
48 458 1
53 147 1
53 343 1
58 909 1
61 120 1
61 243 1
65 629 1
66 227 1
66 966 1
67 344 2
67 561 1
67 165 1
67 846 1
72 120 1
74 112 2
74 392 5
74 166 1
75 147 1
75 220 2
75 135 1
77 260 4
82 135 2
90 147 1
91 147 1
104 721 4
104 765 1
105 947 2
105 374 2
106 788 2
112 392 1
113 542 1
119 790 1
120 517 1
120 135 4
120 136 1
120 147 1
120 535 1
120 280 1
120 549 1
120 775 1
120 433 1
120 310 1
120 823 1
120 572 1
120 841 1
120 586 1
120 843 1
120 469 1
120 854 1
120 994 1
120 996 1
120 485 1
120 742 1
120 189 1
120 754 1
134 592 1
134 147 1
135 528 1
135 581 7
135 870 3
135 170 1
135 720 1
135 371 2
135 405 1
135 415 1
136 200 1
136 971 1
136 428 2
142 267 2
142 915 2
142 316 2
147 772 1
147 193 1
147 277 1
147 285 1
147 926 1
147 415 1
147 933 1
147 171 1
147 686 1
147 951 1
147 159 1
147 577 2
147 707 1
147 972 1
147 590 1
147 931 1
147 334 1
147 214 1
147 347 1
147 355 1
147 230 1
147 235 1
147 752 1
147 633 1
147 890 1
152 443 2
157 577 1
157 415 1
159 472 1
159 316 1
159 629 1
159 343 1
160 629 2
165 316 2
166 765 1
168 416 2
168 260 1
169 372 2
171 577 1
173 657 1
175 246 1
190 629 1
191 752 1
193 443 1
199 541 2
200 971 4
200 316 1
209 765 1
214 629 1
216 558 2
223 415 1
230 577 1
231 873 1
231 987 3
231 540 1
233 329 1
239 609 1
239 951 1
245 624 1
245 540 1
248 329 1
248 415 1
248 692 1
248 591 1
256 416 1
256 313 1
256 294 1
260 416 2
260 472 1
260 439 2
267 416 1
267 586 2
267 803 2
267 517 4
272 450 1
277 577 1
278 415 1
280 561 1
280 629 1
280 373 1
285 577 1
288 629 1
294 416 2
294 885 1
294 447 1
299 634 1
299 951 1
305 946 1
308 577 1
311 540 1
313 765 2
316 428 4
316 392 1
316 990 1
319 386 1
319 558 2
322 879 1
327 506 2
329 692 1
329 910 1
332 586 1
332 435 1
334 742 1
334 550 2
334 617 2
334 910 4
334 692 2
334 415 1
343 663 1
344 952 1
347 577 1
355 577 1
356 416 1
360 629 2
372 404 2
377 729 1
381 532 1
399 977 1
413 746 1
413 935 2
414 891 5
415 517 1
415 783 1
415 923 1
415 542 2
415 687 1
415 692 1
415 670 1
415 833 1
415 450 1
415 462 6
415 591 1
415 851 1
415 718 1
415 865 1
415 742 1
415 617 1
415 752 1
416 912 2
416 435 1
428 915 1
435 557 1
435 782 1
435 500 1
435 700 1
440 537 1
440 737 1
443 742 1
445 891 1
450 595 1
454 592 2
458 558 1
472 782 2
482 990 1
485 542 2
493 629 2
502 605 4
502 591 1
506 1001 1
506 850 1
509 634 2
510 622 1
516 532 3
526 629 2
530 891 3
530 692 1
530 629 4
540 987 1
540 873 1
540 955 1
540 925 1
541 657 1
541 644 2
552 858 2
558 684 1
561 629 2
565 684 1
575 782 1
577 931 1
577 933 1
577 972 1
577 748 1
577 590 1
577 686 1
577 926 1
577 715 1
582 840 1
586 885 1
592 609 2
602 765 2
612 740 1
624 738 2
629 658 2
629 685 2
629 846 2
629 630 2
629 631 2
629 891 2
630 971 1
638 700 1
638 790 4
648 765 2
649 663 2
650 850 1
654 738 1
658 731 1
658 990 1
670 688 2
692 746 2
697 855 1
721 765 2
721 743 2
740 879 1
746 935 1
765 946 1
789 863 1
790 881 1
790 812 1
795 990 1
851 978 1
890 915 1
951 957 1
