0
1
2
3
4
5
6
7
8
9
10
11
12
13
14
15
16
17
18
19
20
21
22
23
24
25
26
27
28
29
30
31
32
33
34
35
36
37
38
39
40
41
42
43
44
45
46
47
48
49
50
51
52
53
54
55
56
57
58
59
60
61
62
63
64
65
66
67
68
69
70
71
72
73
74
75
76
77
78
79
80
81
82
83
84
85
86
87
88
89
90
91
92
93
94
95
96
97
98
99
100
101
102
103
104
105
106
107
108
109
110
111
112
113
114
115
116
117
118
119
120
121
122
123
124
125
126
127
128
129
130
131
132
133
134
135
136
137
138
139
141
142
143
144
145
146
147
148
149
150
151
152
153
154
155
157
158
159
160
161
162
163
164
165
166
167
168
169
170
171
172
173
174
175
176
177
178
179
180
181
182
183
184
185
186
187
188
189
190
191
192
193
194
195
196
197
198
199
200
201
202
203
204
205
206
207
208
209
210
211
212
213
214
215
216
217
218
219
220
221
222
223
224
225
226
227
228
229
230
231
232
233
235
236
237
238
239
240
241
242
243
244
245
246
247
248
249
250
251
252
253
254
255
256
257
259
260
262
263
264
265
266
267
268
269
270
271
272
273
274
275
276
277
278
279
280
281
282
283
284
285
286
287
288
289
290
291
292
293
294
295
296
297
299
300
301
302
303
304
305
306
307
308
309
310
311
312
313
314
315
316
317
318
319
320
321
322
323
324
325
326
327
328
329
330
331
332
333
334
335
336
337
338
339
340
341
343
344
345
346
347
348
349
350
351
352
353
355
356
357
358
359
360
361
362
364
365
366
367
368
369
370
371
372
373
374
375
376
377
378
379
380
381
382
383
384
385
386
387
388
389
390
391
392
393
394
395
396
397
398
399
400
401
402
403
404
405
406
407
408
409
410
411
412
413
414
415
416
418
419
420
421
422
423
424
425
426
427
428
429
430
431
432
433
434
435
436
437
438
439
440
441
442
443
444
445
446
447
448
449
450
451
452
453
454
455
456
457
458
459
460
461
462
464
465
466
467
468
469
470
471
472
473
474
475
476
477
478
479
480
481
482
483
484
485
486
487
488
489
490
491
492
493
495
496
497
498
499
500
501
502
503
504
505
506
507
508
509
510
511
512
513
514
515
516
517
518
519
520
521
522
523
524
525
526
527
528
530
531
532
533
534
535
536
537
538
539
540
541
542
543
544
545
546
547
548
549
550
551
552
553
554
556
557
558
559
560
561
562
563
564
565
566
567
568
569
570
571
572
573
574
575
576
577
578
579
580
581
582
583
584
585
586
587
588
589
590
591
592
593
594
595
596
597
598
599
600
601
602
603
604
605
606
607
609
610
611
612
613
614
615
616
617
618
619
621
622
623
624
625
626
627
628
629
630
631
632
633
634
635
636
637
638
639
640
641
642
643
644
645
646
647
648
649
650
651
652
653
654
655
656
657
658
659
660
661
662
663
664
665
666
667
668
669
670
671
672
673
674
675
676
677
678
679
680
681
682
683
684
685
686
687
688
689
690
691
692
693
694
695
696
697
698
699
700
701
702
703
704
705
706
707
708
709
710
711
712
713
714
715
716
717
718
719
720
721
722
723
724
725
726
727
728
729
730
731
732
733
734
735
736
737
738
739
740
741
742
743
744
745
746
747
748
749
750
751
752
753
754
756
757
758
759
760
761
762
763
764
765
767
768
769
770
771
772
773
774
775
776
777
778
779
780
781
782
783
784
785
786
787
788
789
790
791
792
793
794
795
796
797
798
799
800
801
802
803
804
805
806
807
808
809
810
811
812
813
814
815
816
817
818
819
820
821
822
823
824
825
826
827
828
829
830
831
832
833
834
835
836
837
838
839
840
841
842
843
844
845
846
847
848
849
850
851
852
853
854
855
856
857
858
859
860
861
862
863
864
865
866
867
868
869
870
871
872
873
874
875
876
877
878
879
880
881
882
883
884
885
886
887
888
889
890
891
892
893
894
895
896
897
898
899
900
901
902
903
904
905
906
907
908
909
910
911
912
913
914
915
916
917
918
919
920
921
922
923
924
925
926
927
928
929
930
931
932
933
934
935
936
937
938
939
940
941
942
943
944
945
946
947
948
949
950
951
952
953
954
955
956
957
958
960
961
962
963
964
965
966
967
968
969
970
971
972
973
974
975
976
977
978
979
980
981
982
983
984
985
986
987
988
989
990
991
992
993
994
995
996
997
998
999
1000
1001
1002
1003
1004
0 178 2
2 465 1
2 700 4
2 749 1
2 790 1
2 57 2
4 441 1
4 371 5
5 107 2
5 175 4
5 236 2
5 214 1
5 335 1
6 178 2
8 544 1
8 731 1
11 506 1
13 850 2
14 850 2
14 924 5
15 731 5
15 422 2
16 777 1
16 19 1
17 316 2
22 663 1
24 35 1
24 530 1
24 629 12
24 280 2
24 990 2
24 31 5
25 48 1
28 56 1
28 987 3
29 808 6
29 107 1
29 899 2
29 381 2
29 335 1
30 416 1
30 743 1
30 104 1
30 648 1
30 946 7
30 765 4
31 410 1
31 316 2
32 197 2
35 585 1
35 362 1
35 469 1
35 207 1
38 528 1
40 802 2
40 900 2
40 214 2
40 198 1
40 488 1
40 60 1
40 450 1
40 367 2
40 272 1
40 712 2
40 947 1
40 662 1
40 695 3
40 568 1
40 187 1
40 572 1
40 254 2
40 415 1
41 1000 2
41 73 2
41 458 1
41 48 1
41 723 4
41 758 4
41 503 11
46 139 1
46 676 1
48 1000 3
48 458 2
48 844 1
48 558 1
48 723 4
48 216 1
48 956 1
48 319 2
50 559 4
52 912 1
52 868 5
52 812 1
52 790 5
53 633 1
53 850 1
53 963 1
53 193 1
56 482 6
56 105 2
56 987 3
56 990 2
56 95 2
58 909 2
61 522 2
61 332 1
61 90 3
61 718 3
61 991 3
62 800 2
62 163 1
62 485 3
62 646 6
62 518 2
62 113 2
62 542 4
65 193 1
65 713 1
65 334 1
65 367 1
65 120 1
65 687 3
65 220 1
67 963 1
67 207 1
68 987 3
70 324 1
70 214 2
70 103 1
70 334 5
70 367 1
70 534 1
70 120 1
71 595 6
73 704 2
73 723 3
74 112 2
74 294 1
74 166 4
74 104 3
74 586 1
74 912 5
74 168 1
74 984 1
75 870 2
75 232 4
75 334 1
75 147 1
75 120 1
75 220 1
77 168 6
77 912 6
78 314 1
78 178 2
84 324 1
86 152 3
86 443 2
88 950 1
90 192 3
90 450 2
90 220 2
90 107 4
90 236 5
90 500 4
90 944 8
90 435 1
90 948 3
90 151 2
90 857 1
90 316 1
90 765 2
92 915 1
92 316 2
95 873 1
95 987 3
96 420 1
98 290 1
98 707 7
98 454 2
98 134 8
98 713 6
98 107 10
98 268 8
98 429 4
98 401 9
98 117 6
98 278 7
99 491 1
99 207 1
99 178 2
99 599 1
99 314 1
99 862 2
101 423 2
101 951 1
104 416 2
104 425 24
104 721 1
104 790 5
104 765 2
105 742 1
105 374 4
106 780 1
106 788 1
107 192 1
107 898 1
107 643 2
107 1004 1
107 899 1
107 664 1
107 537 1
107 670 1
107 289 1
107 553 1
107 810 3
107 175 1
107 688 1
107 320 1
107 201 2
107 335 3
107 464 1
107 980 1
107 214 1
107 985 1
107 208 1
107 236 1
107 367 1
107 118 1
107 381 4
109 425 1
111 294 2
112 674 2
112 803 1
112 517 2
112 646 1
112 392 2
112 267 5
112 751 1
117 268 2
118 335 2
119 465 1
120 188 1
120 356 1
120 220 3
120 978 1
120 274 1
120 499 1
120 948 2
120 505 1
120 987 2
120 540 3
120 765 1
120 703 1
126 356 1
126 294 3
126 586 1
126 435 1
126 790 6
126 984 1
126 573 1
127 718 1
127 367 1
127 229 2
127 214 2
127 415 3
129 577 1
131 850 2
133 256 1
133 948 1
133 765 2
134 948 1
135 371 2
135 628 1
135 581 2
135 870 1
136 316 2
136 915 1
136 428 1
136 857 1
136 207 1
139 832 1
141 362 1
141 469 2
142 316 2
143 544 4
147 577 6
147 355 3
147 933 3
147 715 3
147 972 3
147 171 3
147 748 3
147 590 3
147 157 1
147 367 1
147 277 3
147 278 1
147 347 6
147 285 3
147 926 3
147 686 3
148 486 1
149 372 2
150 415 2
150 471 4
151 962 1
151 617 1
151 923 1
151 253 2
152 443 1
153 977 1
153 418 1
153 411 1
153 996 1
154 950 1
157 740 1
157 590 1
157 926 2
157 277 2
160 530 1
160 571 3
160 629 2
163 250 1
163 895 1
165 401 6
165 948 1
165 316 3
165 207 3
166 294 1
166 521 1
166 573 1
166 885 1
166 586 3
167 851 3
167 469 2
168 425 7
168 260 2
168 521 3
168 556 3
168 746 1
168 813 2
168 912 51
168 946 6
168 948 2
168 949 12
168 790 3
168 439 10
168 472 15
168 266 1
168 586 7
168 575 4
169 595 1
169 372 3
170 855 2
170 581 4
170 782 4
170 245 1
171 590 1
173 506 3
173 850 2
175 849 7
175 275 2
175 335 1
178 214 1
178 409 2
178 538 2
178 415 1
178 929 2
178 550 1
178 295 2
178 990 2
178 693 2
178 569 2
178 314 2
178 962 1
178 710 2
178 333 2
178 976 3
178 339 2
178 470 4
178 599 2
178 605 3
178 862 11
178 991 4
178 228 2
178 367 1
178 502 9
178 249 2
178 767 3
180 958 1
181 920 2
181 189 1
181 190 2
185 833 3
185 762 1
188 469 2
190 353 2
190 229 1
190 486 1
190 367 1
190 656 3
190 274 3
190 373 2
190 920 1
190 890 1
191 948 1
192 381 4
192 335 1
193 870 2
193 550 2
193 833 1
193 609 1
193 633 4
193 891 3
196 401 1
196 731 1
197 850 2
199 996 1
199 850 2
199 924 2
200 224 2
200 952 2
200 630 1
200 344 2
200 857 2
200 316 2
201 236 1
201 335 1
207 484 2
207 424 5
207 428 2
207 558 4
207 978 2
207 373 7
207 547 1
207 953 3
207 954 1
207 795 7
207 988 6
207 349 2
207 990 1
207 469 5
208 335 1
214 534 5
214 518 1
214 267 1
214 783 1
214 912 1
214 531 5
214 662 4
214 290 3
214 940 2
214 944 1
214 433 2
214 946 1
214 951 3
214 703 2
214 450 2
214 334 13
214 850 1
214 595 4
214 718 1
214 343 1
214 220 1
214 614 4
214 367 8
214 754 1
214 502 3
214 765 1
216 321 1
216 1000 2
216 458 1
216 558 2
216 956 2
216 319 1
220 749 1
220 367 1
223 663 1
223 718 8
223 343 1
224 316 2
224 806 3
225 883 2
225 951 2
228 605 4
228 335 1
229 638 1
229 334 1
229 693 1
229 306 1
229 915 4
229 629 1
229 920 1
229 851 2
229 415 2
229 637 1
230 347 1
230 935 1
231 873 1
231 874 3
231 987 3
231 540 2
232 425 2
232 912 3
232 946 2
232 790 3
232 472 4
232 313 1
232 575 4
233 746 2
233 835 1
235 948 1
236 335 1
236 532 3
236 537 2
239 706 1
239 595 1
241 547 1
245 840 1
245 329 1
245 874 3
245 951 1
245 987 3
245 540 12
246 377 1
246 724 4
246 423 2
248 450 1
248 506 1
248 586 1
250 518 1
250 886 2
251 987 3
253 290 2
253 566 2
256 648 3
256 730 1
256 294 4
257 948 1
260 912 1
262 335 1
264 764 1
266 425 1
266 439 2
267 803 1
267 517 2
267 648 4
267 586 1
267 630 1
267 751 2
267 435 2
267 948 1
267 891 12
267 478 4
268 291 2
268 454 2
268 713 2
268 633 3
269 987 2
270 850 2
273 951 13
275 849 4
275 479 2
277 972 1
277 700 1
277 813 3
278 290 1
280 902 1
280 360 1
280 658 1
280 530 1
280 629 2
284 584 1
284 680 2
284 731 3
284 422 4
285 336 1
288 610 12
288 484 12
288 391 12
288 846 13
288 530 1
288 629 15
288 630 1
288 891 1
289 335 1
290 367 3
292 701 1
293 568 1
293 697 5
293 547 2
293 724 1
294 586 14
294 974 1
294 885 1
294 759 1
294 984 1
294 762 2
299 559 1
301 954 1
301 547 1
301 469 1
302 316 2
306 523 1
306 790 5
306 742 1
306 981 3
311 987 3
311 540 1
313 472 2
314 710 2
314 599 3
314 605 2
314 767 2
316 647 2
316 915 19
316 543 2
316 806 1
316 428 4
316 952 7
316 953 3
316 415 1
316 962 1
316 971 2
316 344 2
316 857 4
316 349 7
316 990 2
316 351 2
316 367 3
318 840 3
318 684 1
318 332 1
318 758 1
319 832 2
319 1000 2
319 458 3
319 499 1
319 723 1
321 499 1
322 879 1
324 676 1
324 585 1
324 591 1
324 367 1
327 921 4
327 381 1
329 832 2
329 540 3
329 910 1
329 624 1
329 731 1
329 764 1
332 500 1
333 605 1
334 587 1
334 772 1
334 776 1
334 502 3
334 746 1
334 718 1
334 591 1
334 915 2
334 724 1
334 534 5
334 995 1
335 899 1
335 643 1
335 664 1
335 537 1
335 670 1
335 808 1
335 553 1
335 810 1
335 688 1
335 464 2
335 468 1
335 985 1
335 737 1
335 1004 1
335 980 1
335 381 2
335 639 1
336 926 1
337 919 1
337 638 1
337 663 3
338 987 3
338 951 1
343 399 1
343 534 1
347 933 1
347 912 1
347 472 1
347 966 1
349 976 5
353 750 3
353 891 1
353 486 2
353 391 6
356 425 4
356 912 3
356 721 1
356 948 2
356 765 3
360 530 1
360 891 1
360 629 2
361 987 3
362 771 1
362 812 1
362 428 1
362 849 1
362 371 1
362 383 5
364 764 1
365 522 3
367 927 1
367 544 1
367 425 1
367 940 1
367 557 1
367 946 7
367 435 1
367 951 1
367 569 1
367 963 3
367 581 2
367 720 2
367 850 1
367 987 1
367 865 2
367 868 4
367 997 1
367 978 1
367 499 1
367 629 1
369 913 4
369 407 2
369 513 1
369 646 1
369 535 1
371 581 1
371 585 16
371 441 4
372 934 3
372 718 2
372 404 6
372 572 3
373 391 4
374 742 1
376 559 2
377 422 1
378 514 1
381 643 3
383 528 2
383 586 3
383 909 2
383 589 2
387 547 1
388 742 1
388 534 2
390 851 5
391 530 1
391 891 1
391 445 1
391 414 1
394 571 3
401 454 7
401 429 6
401 415 6
402 788 1
404 595 8
405 782 2
414 563 5
414 891 18
414 445 2
414 995 2
415 833 2
415 429 1
415 718 1
415 749 1
415 948 2
415 762 1
415 987 2
415 542 2
416 425 1
416 946 1
416 790 4
416 765 3
418 996 11
420 559 1
421 547 1
421 469 1
422 731 1
422 527 1
423 832 1
423 779 2
423 1004 3
423 849 1
424 547 1
424 795 2
424 469 1
425 545 1
425 521 1
425 765 1
425 912 5
425 648 2
425 946 3
425 948 6
425 949 4
425 790 10
425 439 1
425 500 1
428 915 7
428 888 1
428 857 2
428 990 3
429 454 1
432 789 2
433 738 1
433 994 1
433 789 1
433 987 4
433 796 1
435 586 7
435 500 6
435 948 1
435 573 1
437 850 2
439 912 11
439 949 2
439 730 10
443 550 1
443 742 2
443 662 4
445 507 1
445 782 1
445 530 1
445 891 2
450 965 2
450 586 2
450 662 1
450 712 1
450 530 1
450 915 1
451 880 1
451 469 1
458 704 2
458 1000 5
458 618 2
458 558 1
458 499 1
458 565 1
458 790 3
458 956 4
465 812 1
465 700 1
465 790 1
466 568 1
469 512 2
469 547 2
469 552 1
469 614 2
469 988 2
469 817 1
469 978 1
469 851 5
469 630 4
469 954 2
469 795 3
469 957 1
470 569 1
470 789 5
472 746 2
472 912 10
472 946 9
472 948 1
472 575 2
478 648 1
480 987 3
482 531 4
482 798 2
482 987 3
482 606 1
482 990 2
484 530 1
484 629 2
484 630 6
485 542 1
493 530 1
493 629 2
497 977 1
497 773 1
499 704 1
499 844 2
499 684 2
499 558 1
499 956 1
500 586 7
500 782 4
500 687 1
500 814 3
502 862 1
502 749 1
503 704 2
503 723 2
506 1001 1
506 850 2
509 706 1
509 893 1
509 638 1
512 547 1
513 646 1
514 832 1
514 1001 1
514 780 1
514 977 1
514 950 4
516 532 2
516 924 1
516 804 2
516 850 2
517 952 1
517 648 1
518 646 2
518 542 1
518 535 2
518 895 3
518 799 2
521 912 6
521 586 2
523 765 3
526 530 1
526 629 2
528 663 1
530 658 2
530 685 1
530 561 1
530 954 1
530 571 3
530 586 1
530 846 2
530 851 1
530 750 1
530 629 9
530 630 4
530 631 1
530 891 6
531 987 3
534 591 1
534 822 1
534 601 1
535 913 1
540 581 5
540 840 1
540 874 3
540 624 3
540 987 7
540 764 1
541 850 2
542 823 2
543 952 2
544 741 1
544 669 1
547 667 1
547 851 3
547 795 1
547 957 1
550 812 2
551 646 1
551 895 1
552 978 1
552 858 1
558 1000 4
558 844 2
561 629 2
563 891 2
563 731 1
565 723 1
570 851 6
571 684 3
572 662 1
573 586 5
575 912 5
576 850 2
581 870 1
581 855 1
581 749 1
581 942 2
581 951 2
581 697 1
582 987 3
582 764 1
584 731 4
585 695 2
586 782 4
586 912 7
586 885 10
586 984 2
586 762 4
586 915 1
587 591 1
591 995 1
591 809 1
591 910 1
595 951 1
599 710 1
601 919 1
602 765 2
602 743 1
605 693 2
611 850 2
618 704 1
624 746 4
624 935 1
628 870 2
629 750 2
629 658 2
629 685 2
629 846 2
629 630 5
629 631 2
629 891 8
630 685 2
630 951 5
634 788 2
638 951 1
641 987 3
643 685 3
643 670 1
644 850 2
644 783 1
646 895 1
646 799 1
648 751 1
648 912 1
648 721 6
648 765 5
650 850 2
654 962 1
654 850 2
654 719 2
654 837 1
654 991 4
657 850 2
659 742 1
663 706 1
663 935 1
663 950 1
668 720 1
668 746 1
668 813 1
668 935 3
671 995 1
680 707 1
682 850 2
687 851 1
688 808 1
692 746 2
692 910 1
695 951 1
697 925 4
697 855 7
698 987 3
699 912 1
700 812 2
700 881 1
700 790 1
701 728 1
702 850 2
704 868 3
704 743 3
707 951 2
715 926 2
715 951 1
718 754 1
718 724 1
718 980 1
719 850 2
719 837 1
720 746 4
720 813 2
720 935 7
721 908 1
721 948 1
721 765 5
723 1000 4
723 758 3
724 883 1
730 868 2
736 835 1
737 849 1
738 850 2
742 784 1
742 900 6
742 863 1
743 868 2
743 948 1
743 765 1
744 912 2
745 850 2
746 912 2
746 935 14
746 813 9
748 933 1
750 891 3
751 854 1
752 850 1
752 948 1
754 907 5
758 918 1
761 850 2
761 804 1
762 913 2
764 840 1
764 874 3
764 987 3
765 948 8
783 850 1
784 981 2
789 987 3
790 812 1
790 948 4
796 987 4
799 895 2
803 948 1
804 850 2
806 915 2
809 987 3
810 881 2
813 912 2
813 935 3
817 851 1
823 895 1
828 850 2
837 850 2
840 874 3
840 987 3
843 907 1
844 956 5
849 987 3
850 921 2
850 924 2
850 979 2
850 996 2
850 1001 2
850 881 2
851 978 3
851 954 1
851 951 1
851 920 1
851 988 1
851 957 1
857 915 6
868 948 2
870 935 1
872 987 3
873 874 3
873 880 1
873 987 3
873 925 1
874 925 3
885 974 1
891 995 5
912 946 2
912 948 1
912 949 1
915 953 4
919 1000 5
926 951 5
946 948 2
951 954 1
955 987 3
969 977 1
987 994 3
