0
1
2
3
4
5
6
7
8
9
10
11
12
13
14
15
16
17
18
19
20
21
22
23
24
25
26
27
28
29
30
31
32
33
34
35
36
37
38
39
40
41
42
43
44
45
46
47
48
49
50
51
52
53
54
55
56
57
58
59
60
61
62
63
64
65
66
67
68
69
70
71
72
73
74
75
76
77
78
79
80
81
82
83
84
85
86
87
88
89
90
91
92
93
94
95
96
97
98
99
100
101
102
103
104
105
106
107
108
109
110
111
112
113
114
115
116
117
118
119
120
121
122
123
124
125
126
127
128
129
130
131
132
133
134
135
136
137
138
139
141
142
143
144
145
146
147
148
149
150
151
152
153
154
155
157
158
159
160
161
162
163
164
165
166
167
168
169
170
171
172
173
174
175
176
177
178
179
180
181
182
183
184
185
186
187
188
189
190
191
192
193
194
195
196
197
198
199
200
201
202
203
204
205
206
207
208
209
210
211
212
213
214
215
216
217
218
219
220
221
222
223
224
225
226
227
228
229
230
231
232
233
235
236
237
238
239
240
241
242
243
244
245
246
247
248
249
250
251
252
253
254
255
256
257
259
260
262
263
264
265
266
267
268
269
270
271
272
273
274
275
276
277
278
279
280
281
282
283
284
285
286
287
288
289
290
291
292
293
294
295
296
297
299
300
301
302
303
304
305
306
307
308
309
310
311
312
313
314
315
316
317
318
319
320
321
322
323
324
325
326
327
328
329
330
331
332
333
334
335
336
337
338
339
340
341
343
344
345
346
347
348
349
350
351
352
353
355
356
357
358
359
360
361
362
364
365
366
367
368
369
370
371
372
373
374
375
376
377
378
379
380
381
382
383
384
385
386
387
388
389
390
391
392
393
394
395
396
397
398
399
400
401
402
403
404
405
406
407
408
409
410
411
412
413
414
415
416
418
419
420
421
422
423
424
425
426
427
428
429
430
431
432
433
434
435
436
437
438
439
440
441
442
443
444
445
446
447
448
449
450
451
452
453
454
455
456
457
458
459
460
461
462
464
465
466
467
468
469
470
471
472
473
474
475
476
477
478
479
480
481
482
483
484
485
486
487
488
489
490
491
492
493
495
496
497
498
499
500
501
502
503
504
505
506
507
508
509
510
511
512
513
514
515
516
517
518
519
520
521
522
523
524
525
526
527
528
530
531
532
533
534
535
536
537
538
539
540
541
542
543
544
545
546
547
548
549
550
551
552
553
554
556
557
558
559
560
561
562
563
564
565
566
567
568
569
570
571
572
573
574
575
576
577
578
579
580
581
582
583
584
585
586
587
588
589
590
591
592
593
594
595
596
597
598
599
600
601
602
603
604
605
606
607
609
610
611
612
613
614
615
616
617
618
619
621
622
623
624
625
626
627
628
629
630
631
632
633
634
635
636
637
638
639
640
641
642
643
644
645
646
647
648
649
650
651
652
653
654
655
656
657
658
659
660
661
662
663
664
665
666
667
668
669
670
671
672
673
674
675
676
677
678
679
680
681
682
683
684
685
686
687
688
689
690
691
692
693
694
695
696
697
698
699
700
701
702
703
704
705
706
707
708
709
710
711
712
713
714
715
716
717
718
719
720
721
722
723
724
725
726
727
728
729
730
731
732
733
734
735
736
737
738
739
740
741
742
743
744
745
746
747
748
749
750
751
752
753
754
756
757
758
759
760
761
762
763
764
765
767
768
769
770
771
772
773
774
775
776
777
778
779
780
781
782
783
784
785
786
787
788
789
790
791
792
793
794
795
796
797
798
799
800
801
802
803
804
805
806
807
808
809
810
811
812
813
814
815
816
817
818
819
820
821
822
823
824
825
826
827
828
829
830
831
832
833
834
835
836
837
838
839
840
841
842
843
844
845
846
847
848
849
850
851
852
853
854
855
856
857
858
859
860
861
862
863
864
865
866
867
868
869
870
871
872
873
874
875
876
877
878
879
880
881
882
883
884
885
886
887
888
889
890
891
892
893
894
895
896
897
898
899
900
901
902
903
904
905
906
907
908
909
910
911
912
913
914
915
916
917
918
919
920
921
922
923
924
925
926
927
928
929
930
931
932
933
934
935
936
937
938
939
940
941
942
943
944
945
946
947
948
949
950
951
952
953
954
955
956
957
958
960
961
962
963
964
965
966
967
968
969
970
971
972
973
974
975
976
977
978
979
980
981
982
983
984
985
986
987
988
989
990
991
992
993
994
995
996
997
998
999
1000
1001
1002
1003
1004
2 840 1
2 857 2
2 322 1
2 923 3
4 135 1
5 175 1
14 724 1
14 924 7
14 275 1
14 796 1
14 719 1
15 731 1
15 422 1
15 951 2
16 282 1
16 534 2
16 127 2
17 316 1
24 280 4
24 891 3
24 629 13
24 750 2
28 987 3
29 118 1
30 168 1
30 868 1
30 356 1
31 92 1
31 316 1
31 165 1
31 990 1
31 351 2
32 280 5
32 580 1
32 428 1
32 197 1
32 687 1
35 280 3
35 469 2
38 337 4
38 951 1
38 388 1
38 591 1
40 187 1
42 534 3
46 337 1
48 684 1
50 559 1
53 193 1
53 978 1
53 609 1
53 277 4
53 161 1
55 595 1
56 987 3
61 393 1
61 586 3
61 693 3
61 718 4
61 127 1
62 113 2
62 542 1
62 485 1
62 646 1
65 75 3
65 220 3
65 334 3
65 134 1
65 687 2
67 963 1
67 846 1
68 506 1
68 987 3
73 577 1
74 392 2
74 435 1
74 974 1
74 166 4
75 772 4
75 609 2
75 617 1
75 749 1
75 334 1
75 687 1
75 692 1
75 278 1
75 923 1
77 912 5
77 168 1
77 266 2
77 260 1
78 314 1
78 178 1
82 135 1
84 337 1
86 662 2
88 906 1
88 950 1
90 226 1
90 613 2
90 422 1
90 334 1
90 248 2
90 978 1
90 851 1
90 502 1
90 920 1
90 890 1
90 220 1
90 189 1
90 190 2
92 351 2
92 316 1
95 987 3
98 401 1
98 707 1
98 429 1
99 314 1
99 178 1
99 599 2
100 765 1
101 377 1
101 423 1
104 765 2
105 418 6
105 482 2
106 663 1
107 320 4
107 201 3
107 1004 1
112 267 2
113 542 1
113 646 2
114 977 1
114 962 1
118 553 1
118 867 1
118 732 1
119 700 1
119 812 2
119 790 1
120 752 3
120 772 3
120 190 1
120 454 1
126 948 1
126 573 1
127 377 2
127 595 2
127 189 2
132 388 1
135 581 12
135 870 1
135 170 1
135 942 5
135 742 1
135 371 2
135 628 1
135 405 1
135 692 1
135 851 1
136 316 1
136 351 2
141 915 1
142 280 3
142 428 1
142 316 1
142 351 2
147 416 2
147 577 6
147 355 1
147 933 1
147 715 1
147 171 1
147 590 1
147 285 1
147 336 1
147 347 1
147 157 1
147 926 1
150 617 1
151 253 2
153 977 2
157 517 1
159 500 1
160 891 1
160 629 4
163 518 1
165 428 1
165 401 1
165 280 1
165 351 2
165 316 1
166 500 1
166 517 1
166 294 1
166 743 1
167 469 2
168 416 1
168 356 6
168 966 5
168 232 4
168 425 7
168 266 6
168 912 32
168 949 3
168 439 1
168 472 10
168 260 2
168 730 1
168 699 2
168 313 1
168 868 4
169 595 1
170 855 2
171 577 1
173 506 1
173 428 1
175 849 1
175 275 2
178 929 2
178 228 1
178 878 1
178 693 1
178 502 5
178 599 1
178 605 11
178 862 2
178 767 1
180 958 1
181 353 2
181 190 1
184 977 1
185 763 2
185 334 1
185 854 1
188 280 3
188 469 2
189 506 1
189 491 1
189 546 1
190 353 1
190 656 2
190 274 1
190 373 1
197 580 1
197 718 1
199 541 1
200 952 3
200 428 1
200 915 1
200 316 2
200 351 5
201 320 2
207 953 1
207 795 1
207 428 1
207 469 2
214 290 1
214 763 2
214 940 1
214 334 2
214 912 1
214 500 4
214 630 2
214 951 1
214 923 2
224 351 1
228 599 1
229 696 2
229 580 1
231 873 2
231 987 3
231 540 6
231 782 3
232 782 1
232 912 2
232 305 1
232 790 2
232 472 4
233 746 1
233 692 4
239 784 1
239 624 2
239 707 1
239 502 1
239 609 1
241 280 3
241 469 2
243 607 1
245 987 3
245 540 1
248 334 1
248 591 1
249 716 1
250 948 4
251 987 3
256 356 3
260 912 4
260 266 3
260 425 1
266 416 1
266 912 8
266 948 1
272 443 1
274 920 2
277 723 1
280 902 5
280 647 3
280 526 3
280 656 3
280 530 3
280 915 3
280 920 3
280 421 3
280 422 3
280 561 3
280 953 3
280 547 3
280 990 3
280 293 5
280 360 3
280 658 1
280 851 3
280 629 1
280 631 3
285 577 1
288 610 5
288 484 8
288 773 6
288 391 6
288 846 7
288 530 1
288 629 8
293 862 3
299 893 1
299 509 1
301 469 2
302 428 1
302 316 1
302 351 2
306 784 3
306 742 3
306 374 1
306 790 2
306 343 2
308 418 1
311 987 3
313 868 1
313 356 1
314 929 1
314 710 1
314 693 1
314 599 1
314 767 1
316 838 3
316 647 1
316 971 1
316 428 2
316 367 1
316 915 4
316 953 2
316 543 1
316 952 1
316 857 1
316 351 3
316 990 1
318 840 2
318 684 1
321 684 1
322 460 1
322 334 3
329 819 3
329 469 1
329 582 2
332 984 1
332 500 3
333 767 1
334 995 2
334 687 3
334 692 3
334 696 3
334 607 1
335 464 1
335 537 2
336 926 1
337 676 1
338 987 3
338 540 5
343 399 1
343 663 2
349 351 1
351 806 1
351 647 2
351 971 2
351 428 3
351 915 2
351 953 2
351 952 2
351 857 2
351 543 2
351 990 2
353 891 1
355 577 1
356 416 4
356 868 2
356 517 4
356 743 2
356 425 5
356 912 7
356 648 1
356 472 6
356 730 3
356 923 1
360 629 1
361 987 3
362 909 1
362 383 1
365 377 1
365 732 2
367 428 1
369 444 2
369 407 2
371 837 1
374 784 1
377 866 1
377 422 1
377 423 1
381 532 4
383 528 1
388 832 1
388 742 1
401 429 3
401 454 1
401 415 1
404 595 3
407 977 1
410 977 1
410 719 1
414 891 1
414 687 1
415 546 1
415 429 2
415 762 1
416 743 2
416 912 1
416 948 4
416 790 2
418 804 1
418 996 6
421 795 1
421 469 2
422 613 1
422 731 3
424 795 1
424 469 2
424 990 1
425 912 4
425 948 2
427 955 2
427 540 2
428 915 4
428 857 1
428 990 1
429 454 2
432 987 3
433 987 3
435 586 5
439 912 2
440 737 1
440 506 2
443 742 1
444 471 2
450 586 2
451 469 2
454 772 1
454 609 1
465 812 1
469 512 2
469 547 2
469 614 2
469 817 2
469 851 1
469 954 2
469 795 2
469 957 2
472 743 1
472 912 4
472 868 1
480 987 3
482 531 4
482 987 3
484 630 2
484 629 1
484 750 1
485 604 1
485 542 1
493 629 1
499 684 1
500 586 4
500 814 4
500 687 1
500 974 1
500 575 1
502 976 1
502 693 1
502 538 2
502 923 1
503 723 2
506 737 1
506 657 1
506 541 1
516 924 2
517 674 2
517 803 2
517 586 2
517 751 1
517 565 2
517 854 1
517 602 1
517 765 1
517 542 1
518 799 1
518 854 1
518 895 1
526 629 1
527 710 1
527 870 1
528 531 1
530 739 3
530 915 1
530 629 4
530 630 5
531 987 3
534 862 2
540 736 5
540 955 1
540 840 1
540 697 1
540 987 3
540 764 1
541 576 1
542 646 1
544 563 1
547 862 3
550 692 1
550 812 2
558 844 2
558 684 1
558 956 1
561 629 1
562 893 1
565 684 1
577 715 1
580 791 1
580 669 1
582 994 2
582 987 3
582 764 1
586 974 6
586 782 3
591 923 1
591 692 1
591 607 1
595 718 1
599 929 1
599 710 2
599 693 1
599 767 1
602 912 1
605 789 4
605 685 3
607 696 2
607 782 3
609 772 2
609 633 1
624 836 1
629 902 1
629 750 1
629 658 1
629 685 1
629 846 1
629 630 1
629 631 1
629 891 5
630 668 1
641 987 3
644 1001 2
644 924 2
654 991 2
659 742 1
661 692 1
663 951 1
668 720 3
668 746 4
671 995 1
674 765 1
679 684 1
680 707 1
684 704 1
684 844 1
684 687 1
684 918 1
684 956 1
685 1001 1
687 923 1
692 749 1
692 696 1
693 791 1
698 987 3
700 962 1
700 812 3
700 790 3
702 1001 1
707 1003 2
707 880 1
707 951 2
710 767 1
715 926 1
720 746 4
720 813 3
720 935 3
721 948 1
721 908 4
730 912 1
730 868 1
731 746 1
738 921 2
738 881 1
738 745 2
742 784 1
742 900 1
742 923 1
742 863 3
743 912 1
746 935 2
746 813 1
763 867 1
764 987 3
765 868 4
765 908 2
779 843 1
782 912 1
784 863 1
789 987 3
790 812 3
796 987 3
800 854 1
809 987 3
840 987 3
849 987 3
851 915 1
858 991 2
867 974 1
868 912 1
872 987 3
873 987 3
874 925 3
878 929 1
912 949 2
915 920 1
915 953 1
915 923 2
919 1000 1
925 987 3
939 951 1
955 987 3
977 996 2
977 1004 3
987 994 3
