0
1
2
3
4
5
6
7
8
9
10
11
12
13
14
15
16
17
18
19
20
21
22
23
24
25
26
27
28
29
30
31
32
33
34
35
36
37
38
39
40
41
42
43
44
45
46
47
48
49
50
51
52
53
54
55
56
57
58
59
60
61
62
63
64
65
66
67
68
69
70
71
72
73
74
75
76
77
78
79
80
81
82
83
84
85
86
87
88
89
90
91
92
93
94
95
96
97
98
99
100
101
102
103
104
105
106
107
108
109
110
111
112
113
114
115
116
117
118
119
120
121
122
123
124
125
126
127
128
129
130
131
132
133
134
135
136
137
138
139
141
142
143
144
145
146
147
148
149
150
151
152
153
154
155
157
158
159
160
161
162
163
164
165
166
167
168
169
170
171
172
173
174
175
176
177
178
179
180
181
182
183
184
185
186
187
188
189
190
191
192
193
194
195
196
197
198
199
200
201
202
203
204
205
206
207
208
209
210
211
212
213
214
215
216
217
218
219
220
221
222
223
224
225
226
227
228
229
230
231
232
233
235
236
237
238
239
240
241
242
243
244
245
246
247
248
249
250
251
252
253
254
255
256
257
259
260
262
263
264
265
266
267
268
269
270
271
272
273
274
275
276
277
278
279
280
281
282
283
284
285
286
287
288
289
290
291
292
293
294
295
296
297
299
300
301
302
303
304
305
306
307
308
309
310
311
312
313
314
315
316
317
318
319
320
321
322
323
324
325
326
327
328
329
330
331
332
333
334
335
336
337
338
339
340
341
343
344
345
346
347
348
349
350
351
352
353
355
356
357
358
359
360
361
362
364
365
366
367
368
369
370
371
372
373
374
375
376
377
378
379
380
381
382
383
384
385
386
387
388
389
390
391
392
393
394
395
396
397
398
399
400
401
402
403
404
405
406
407
408
409
410
411
412
413
414
415
416
418
419
420
421
422
423
424
425
426
427
428
429
430
431
432
433
434
435
436
437
438
439
440
441
442
443
444
445
446
447
448
449
450
451
452
453
454
455
456
457
458
459
460
461
462
464
465
466
467
468
469
470
471
472
473
474
475
476
477
478
479
480
481
482
483
484
485
486
487
488
489
490
491
492
493
495
496
497
498
499
500
501
502
503
504
505
506
507
508
509
510
511
512
513
514
515
516
517
518
519
520
521
522
523
524
525
526
527
528
530
531
532
533
534
535
536
537
538
539
540
541
542
543
544
545
546
547
548
549
550
551
552
553
554
556
557
558
559
560
561
562
563
564
565
566
567
568
569
570
571
572
573
574
575
576
577
578
579
580
581
582
583
584
585
586
587
588
589
590
591
592
593
594
595
596
597
598
599
600
601
602
603
604
605
606
607
609
610
611
612
613
614
615
616
617
618
619
621
622
623
624
625
626
627
628
629
630
631
632
633
634
635
636
637
638
639
640
641
642
643
644
645
646
647
648
649
650
651
652
653
654
655
656
657
658
659
660
661
662
663
664
665
666
667
668
669
670
671
672
673
674
675
676
677
678
679
680
681
682
683
684
685
686
687
688
689
690
691
692
693
694
695
696
697
698
699
700
701
702
703
704
705
706
707
708
709
710
711
712
713
714
715
716
717
718
719
720
721
722
723
724
725
726
727
728
729
730
731
732
733
734
735
736
737
738
739
740
741
742
743
744
745
746
747
748
749
750
751
752
753
754
756
757
758
759
760
761
762
763
764
765
767
768
769
770
771
772
773
774
775
776
777
778
779
780
781
782
783
784
785
786
787
788
789
790
791
792
793
794
795
796
797
798
799
800
801
802
803
804
805
806
807
808
809
810
811
812
813
814
815
816
817
818
819
820
821
822
823
824
825
826
827
828
829
830
831
832
833
834
835
836
837
838
839
840
841
842
843
844
845
846
847
848
849
850
851
852
853
854
855
856
857
858
859
860
861
862
863
864
865
866
867
868
869
870
871
872
873
874
875
876
877
878
879
880
881
882
883
884
885
886
887
888
889
890
891
892
893
894
895
896
897
898
899
900
901
902
903
904
905
906
907
908
909
910
911
912
913
914
915
916
917
918
919
920
921
922
923
924
925
926
927
928
929
930
931
932
933
934
935
936
937
938
939
940
941
942
943
944
945
946
947
948
949
950
951
952
953
954
955
956
957
958
960
961
962
963
964
965
966
967
968
969
970
971
972
973
974
975
976
977
978
979
980
981
982
983
984
985
986
987
988
989
990
991
992
993
994
995
996
997
998
999
1000
1001
1002
1003
1004
0 569 2
1 324 1
2 532 1
2 846 1
2 700 1
2 77 1
2 790 3
4 135 1
5 107 1
5 724 1
6 569 3
6 732 1
6 189 2
8 731 1
13 516 1
13 682 4
13 783 2
13 850 1
13 532 2
13 506 1
13 923 1
13 719 2
14 850 1
14 724 1
14 410 1
14 923 1
14 796 2
14 506 1
14 702 1
15 680 2
15 731 1
16 506 1
16 410 1
16 541 1
17 857 1
17 915 3
23 586 1
24 136 1
24 891 12
24 629 3
24 526 2
28 987 1
29 724 1
29 381 1
30 104 1
30 112 1
30 356 1
30 765 2
30 517 1
31 915 1
31 716 1
31 165 10
31 847 1
32 580 1
32 862 2
32 214 2
32 791 6
34 997 1
35 978 2
35 469 1
35 167 1
38 159 1
38 591 1
39 923 1
40 450 1
40 712 1
40 802 1
40 272 1
40 596 1
40 662 1
40 695 1
40 568 1
40 187 1
40 572 1
41 723 1
41 565 3
42 402 2
42 510 1
45 227 6
48 458 1
48 684 1
52 472 3
52 168 1
52 868 2
52 126 4
53 290 1
53 923 1
53 268 1
53 61 3
53 278 1
56 65 2
56 482 1
56 987 2
56 789 1
56 410 1
58 577 5
58 818 1
61 193 1
61 293 1
61 718 5
61 338 1
61 991 1
62 214 1
62 513 1
62 485 1
62 646 5
62 551 1
62 394 1
62 369 1
62 854 1
62 823 1
62 571 4
62 542 3
62 159 2
64 534 1
65 334 2
65 278 3
65 135 4
66 227 14
67 344 3
67 963 12
67 165 2
67 207 5
68 987 1
68 789 1
75 772 1
75 749 2
75 607 1
77 168 3
77 912 1
77 260 7
78 688 1
78 951 1
82 135 1
84 343 1
86 662 1
86 703 1
90 923 1
90 268 1
91 672 1
92 847 1
92 658 1
92 915 3
92 207 2
95 987 1
97 223 1
98 449 1
98 707 3
98 454 1
98 713 1
98 107 9
98 268 1
98 429 3
98 592 8
98 291 4
98 278 1
101 423 1
103 368 1
103 223 1
105 418 2
106 740 1
106 1001 1
106 788 1
106 634 1
106 828 2
106 509 1
107 553 1
107 810 1
107 335 1
107 980 1
107 120 1
107 381 4
112 674 1
112 803 3
112 356 1
112 517 1
112 646 1
112 392 1
112 267 5
112 948 1
113 823 1
113 927 3
114 506 2
114 122 2
114 189 1
117 268 1
119 790 1
120 923 4
120 268 1
120 223 1
120 191 1
122 837 1
124 823 1
125 510 1
126 356 1
126 166 2
126 294 5
127 724 1
127 749 1
127 718 2
131 850 1
131 506 1
133 416 1
133 168 1
134 592 7
134 291 3
134 268 1
134 454 3
135 581 11
135 742 1
135 362 2
135 942 1
135 720 1
135 371 1
135 628 4
135 870 1
135 248 1
135 462 1
135 923 1
135 765 6
136 915 3
137 771 4
141 978 2
142 658 1
142 915 6
143 580 2
143 159 1
146 326 3
147 416 1
147 230 1
150 772 1
150 415 1
153 977 5
157 248 1
157 844 1
158 506 1
158 719 3
159 865 1
159 290 1
159 517 1
159 586 2
159 940 6
159 334 2
159 214 1
159 920 2
159 923 1
159 190 1
160 891 6
160 571 5
160 629 3
160 526 5
161 771 3
161 936 1
161 571 2
164 638 1
165 267 1
165 847 1
165 401 4
165 915 1
165 207 1
165 316 1
166 416 1
166 743 1
166 168 1
166 586 1
166 240 1
166 762 4
167 978 2
167 851 2
167 469 1
168 416 1
168 260 8
168 232 1
168 362 1
168 557 2
168 912 4
168 868 1
168 607 1
170 360 1
173 850 1
173 506 1
175 849 6
175 650 3
175 275 2
175 532 1
175 423 3
180 215 1
181 920 1
184 423 2
185 502 1
185 830 1
186 722 1
187 466 1
187 695 1
188 656 1
188 978 2
188 851 2
188 469 2
189 1004 1
189 716 2
189 904 3
189 969 2
189 652 1
189 365 1
189 718 7
189 977 1
189 595 1
189 236 3
189 470 1
189 201 1
189 249 1
189 410 1
191 749 1
191 415 1
193 714 2
193 268 1
193 752 1
193 857 1
193 923 2
194 528 1
194 306 3
196 268 1
197 987 1
198 568 1
199 850 1
199 923 1
199 506 1
200 696 1
200 952 2
200 915 3
202 629 2
207 424 3
207 847 3
207 978 2
207 469 2
208 977 2
208 236 1
208 1004 1
208 783 1
214 290 2
214 515 1
214 586 1
214 891 1
214 687 1
214 923 1
214 765 2
216 321 1
220 546 1
220 749 1
228 569 2
228 502 1
229 771 1
229 306 1
229 483 1
229 628 1
229 607 1
231 698 2
231 923 1
231 987 2
231 607 1
235 923 1
235 951 1
236 381 1
239 988 1
239 706 1
239 923 1
239 596 1
241 469 1
245 736 1
245 329 1
245 698 2
245 987 1
245 540 1
246 724 4
246 423 1
248 591 1
248 692 2
248 718 3
249 569 2
250 823 1
250 886 2
250 927 3
251 482 1
251 987 1
251 506 1
256 472 2
257 268 1
260 912 5
267 944 4
267 674 4
267 586 6
267 951 2
267 857 1
268 291 1
268 454 1
268 713 1
268 683 1
268 1003 1
268 592 1
268 401 1
268 633 1
270 850 1
270 506 1
274 391 1
275 849 2
276 674 1
277 571 3
280 530 1
280 846 1
280 658 2
280 851 3
280 629 2
280 569 1
280 920 1
280 281 2
280 731 3
280 915 4
281 724 1
284 731 1
285 571 3
290 540 4
291 429 1
292 701 1
293 724 5
293 718 1
294 586 4
294 790 2
295 569 2
299 548 1
299 388 1
299 509 2
301 978 2
302 915 1
305 472 3
305 416 1
305 859 5
305 743 1
306 771 2
306 742 6
306 784 1
306 703 6
307 769 1
308 418 2
311 987 1
313 472 1
316 915 2
318 684 1
318 844 1
319 423 3
321 684 1
321 499 6
321 956 2
322 939 1
322 343 1
324 676 1
324 638 1
327 506 1
327 850 1
327 381 1
329 997 1
332 435 4
332 500 1
333 569 2
334 742 1
334 776 2
334 940 1
334 687 1
334 607 2
334 923 1
335 664 3
335 532 2
337 505 2
338 987 1
343 663 2
344 915 1
347 933 1
353 891 6
356 868 1
356 517 1
356 684 1
356 472 1
360 629 2
360 526 1
361 987 1
362 922 2
362 990 1
362 383 1
364 764 1
364 987 2
364 692 1
368 548 1
369 823 1
369 646 2
369 927 3
371 456 1
371 585 1
374 953 1
377 718 1
377 422 2
381 532 2
381 921 1
392 674 1
394 571 6
394 823 1
396 761 2
397 671 1
397 975 1
401 429 8
401 415 3
409 688 1
409 569 2
410 719 1
410 977 2
410 923 1
414 506 1
415 569 3
416 762 1
416 586 2
416 912 2
416 648 2
416 854 1
416 759 1
416 602 1
416 765 1
416 927 2
418 977 8
420 559 1
421 424 6
421 817 1
421 978 2
421 469 1
421 630 6
422 731 1
423 710 1
423 849 1
424 978 2
424 469 1
424 795 4
424 990 1
428 915 3
429 454 2
432 987 1
433 987 6
433 789 3
435 500 5
435 782 3
437 506 1
437 516 1
438 818 1
443 742 3
443 662 5
443 703 4
444 823 1
444 927 3
447 984 2
447 586 1
449 462 1
450 802 4
450 712 4
450 695 1
450 571 4
450 572 1
454 592 4
458 844 1
458 684 2
459 517 2
462 833 1
469 547 1
469 851 1
469 817 1
469 978 2
469 954 1
469 795 1
470 569 4
470 789 6
472 743 1
472 602 1
472 868 1
473 810 1
476 923 1
478 818 1
482 987 1
482 847 1
482 531 1
482 569 8
485 513 1
485 823 1
485 646 2
485 927 3
491 724 1
493 658 2
493 629 2
493 630 19
499 704 3
499 684 1
500 923 1
502 576 2
502 724 1
502 569 1
502 538 1
502 862 2
505 603 1
506 644 2
506 650 1
506 783 1
506 657 1
506 532 1
506 921 1
506 516 1
506 923 2
506 924 2
506 541 2
506 653 1
506 682 1
506 945 1
506 951 1
506 702 1
506 576 1
506 837 1
506 719 1
506 850 2
506 979 1
506 654 1
506 738 2
506 996 2
506 1001 1
506 747 1
506 881 1
506 745 1
506 761 1
506 508 1
509 780 1
510 534 1
511 987 1
513 927 3
513 646 2
513 823 3
514 603 1
516 850 1
516 532 2
516 761 3
517 803 4
519 790 1
526 685 3
526 629 2
526 891 3
528 803 2
528 607 4
530 569 1
530 915 1
530 629 2
531 987 3
532 881 2
532 790 2
532 761 2
532 700 3
535 823 1
535 927 3
538 569 2
538 724 1
540 987 1
540 840 4
540 698 2
540 955 1
541 850 1
541 951 1
541 921 2
541 923 1
542 551 1
542 854 1
542 823 1
542 571 1
542 927 3
543 915 1
546 920 1
547 978 2
549 701 1
551 823 4
551 646 2
551 927 3
552 978 2
556 823 1
558 956 2
558 565 4
561 629 2
561 846 2
561 631 3
565 679 6
565 684 1
565 723 1
565 956 1
568 596 1
569 693 2
569 951 1
569 710 2
569 847 1
569 976 2
569 599 3
569 605 3
569 862 3
569 991 2
569 749 6
571 900 8
571 742 7
571 870 2
571 935 2
571 776 6
571 684 4
571 910 2
571 885 2
571 663 3
573 586 1
576 850 2
581 720 3
581 936 1
582 987 1
582 764 3
584 731 1
585 659 1
586 803 2
586 868 1
588 987 1
591 915 1
591 692 2
592 713 7
592 948 1
592 927 5
599 688 1
602 743 1
603 780 1
603 822 1
603 735 1
607 833 1
607 915 1
607 890 2
614 978 2
614 687 1
617 720 2
628 720 1
628 870 1
629 658 2
629 685 2
629 846 2
629 630 11
629 631 2
629 891 8
629 894 2
630 685 1
633 923 1
634 788 1
639 1004 1
641 987 1
643 1004 1
643 685 4
644 1001 1
644 850 1
644 923 1
644 924 1
644 702 4
646 823 1
646 927 3
647 953 7
647 658 1
647 915 6
647 847 1
648 765 2
650 738 1
650 849 3
650 686 2
650 977 1
650 850 1
650 923 1
654 850 1
654 738 4
654 783 1
656 920 2
657 850 1
660 749 1
670 724 1
672 956 1
672 844 3
679 684 1
680 707 1
682 850 1
682 783 3
682 719 5
684 704 1
684 844 2
684 692 2
684 918 1
685 1001 1
685 724 1
687 915 1
687 772 1
688 808 1
692 769 2
692 775 3
692 746 2
692 749 2
692 915 1
696 935 1
697 855 2
698 840 2
698 873 2
698 764 2
700 761 3
700 790 3
700 881 1
702 1001 1
702 850 1
703 771 1
703 772 1
704 743 1
707 880 2
707 923 1
711 718 2
716 866 1
718 749 1
718 754 1
719 850 1
719 923 1
720 942 2
722 823 1
722 927 3
723 933 1
731 789 1
738 783 1
738 850 1
738 923 1
742 769 1
742 900 8
743 868 1
743 859 2
758 844 4
759 868 1
761 850 1
761 790 4
764 987 1
764 994 2
765 868 1
770 927 3
772 923 1
774 947 17
783 837 1
783 850 1
783 923 1
789 987 2
790 823 3
795 978 2
796 977 1
809 987 1
817 978 2
821 823 1
823 854 1
823 927 4
837 850 1
837 923 1
837 924 1
838 971 1
840 987 2
844 956 4
847 954 1
849 858 1
849 987 1
850 921 1
850 924 1
850 945 1
850 979 1
850 996 1
850 1001 1
850 881 5
851 920 2
851 978 2
851 915 1
851 957 1
854 927 3
857 915 4
857 951 1
861 896 1
868 912 1
872 987 1
873 987 1
875 923 1
880 923 1
890 923 1
915 952 3
915 953 3
915 971 2
915 990 1
915 920 1
921 923 2
923 924 1
923 951 1
923 979 1
923 996 1
923 1001 1
954 978 2
955 987 1
957 978 2
977 1001 10
977 1004 2
978 988 3
987 994 1
