0
1
2
3
4
5
6
7
8
9
10
11
12
13
14
15
16
17
18
19
20
21
22
23
24
25
26
27
28
29
30
31
32
33
34
35
36
37
38
39
40
41
42
43
44
45
46
47
48
49
50
51
52
53
54
55
56
57
58
59
60
61
62
63
64
65
66
67
68
69
70
71
72
73
74
75
76
77
78
79
80
81
82
83
84
85
86
87
88
89
90
91
92
93
94
95
96
97
98
99
100
101
102
103
104
105
106
107
108
109
110
111
112
113
114
115
116
117
118
119
120
121
122
123
124
125
126
127
128
129
130
131
132
133
134
135
136
137
138
139
141
142
143
144
145
146
147
148
149
150
151
152
153
154
155
157
158
159
160
161
162
163
164
165
166
167
168
169
170
171
172
173
174
175
176
177
178
179
180
181
182
183
184
185
186
187
188
189
190
191
192
193
194
195
196
197
198
199
200
201
202
203
204
205
206
207
208
209
210
211
212
213
214
215
216
217
218
219
220
221
222
223
224
225
226
227
228
229
230
231
232
233
235
236
237
238
239
240
241
242
243
244
245
246
247
248
249
250
251
252
253
254
255
256
257
259
260
262
263
264
265
266
267
268
269
270
271
272
273
274
275
276
277
278
279
280
281
282
283
284
285
286
287
288
289
290
291
292
293
294
295
296
297
299
300
301
302
303
304
305
306
307
308
309
310
311
312
313
314
315
316
317
318
319
320
321
322
323
324
325
326
327
328
329
330
331
332
333
334
335
336
337
338
339
340
341
343
344
345
346
347
348
349
350
351
352
353
355
356
357
358
359
360
361
362
364
365
366
367
368
369
370
371
372
373
374
375
376
377
378
379
380
381
382
383
384
385
386
387
388
389
390
391
392
393
394
395
396
397
398
399
400
401
402
403
404
405
406
407
408
409
410
411
412
413
414
415
416
418
419
420
421
422
423
424
425
426
427
428
429
430
431
432
433
434
435
436
437
438
439
440
441
442
443
444
445
446
447
448
449
450
451
452
453
454
455
456
457
458
459
460
461
462
464
465
466
467
468
469
470
471
472
473
474
475
476
477
478
479
480
481
482
483
484
485
486
487
488
489
490
491
492
493
495
496
497
498
499
500
501
502
503
504
505
506
507
508
509
510
511
512
513
514
515
516
517
518
519
520
521
522
523
524
525
526
527
528
530
531
532
533
534
535
536
537
538
539
540
541
542
543
544
545
546
547
548
549
550
551
552
553
554
556
557
558
559
560
561
562
563
564
565
566
567
568
569
570
571
572
573
574
575
576
577
578
579
580
581
582
583
584
585
586
587
588
589
590
591
592
593
594
595
596
597
598
599
600
601
602
603
604
605
606
607
609
610
611
612
613
614
615
616
617
618
619
621
622
623
624
625
626
627
628
629
630
631
632
633
634
635
636
637
638
639
640
641
642
643
644
645
646
647
648
649
650
651
652
653
654
655
656
657
658
659
660
661
662
663
664
665
666
667
668
669
670
671
672
673
674
675
676
677
678
679
680
681
682
683
684
685
686
687
688
689
690
691
692
693
694
695
696
697
698
699
700
701
702
703
704
705
706
707
708
709
710
711
712
713
714
715
716
717
718
719
720
721
722
723
724
725
726
727
728
729
730
731
732
733
734
735
736
737
738
739
740
741
742
743
744
745
746
747
748
749
750
751
752
753
754
756
757
758
759
760
761
762
763
764
765
767
768
769
770
771
772
773
774
775
776
777
778
779
780
781
782
783
784
785
786
787
788
789
790
791
792
793
794
795
796
797
798
799
800
801
802
803
804
805
806
807
808
809
810
811
812
813
814
815
816
817
818
819
820
821
822
823
824
825
826
827
828
829
830
831
832
833
834
835
836
837
838
839
840
841
842
843
844
845
846
847
848
849
850
851
852
853
854
855
856
857
858
859
860
861
862
863
864
865
866
867
868
869
870
871
872
873
874
875
876
877
878
879
880
881
882
883
884
885
886
887
888
889
890
891
892
893
894
895
896
897
898
899
900
901
902
903
904
905
906
907
908
909
910
911
912
913
914
915
916
917
918
919
920
921
922
923
924
925
926
927
928
929
930
931
932
933
934
935
936
937
938
939
940
941
942
943
944
945
946
947
948
949
950
951
952
953
954
955
956
957
958
960
961
962
963
964
965
966
967
968
969
970
971
972
973
974
975
976
977
978
979
980
981
982
983
984
985
986
987
988
989
990
991
992
993
994
995
996
997
998
999
1000
1001
1002
1003
1004
0 184 2
0 977 1
2 876 2
2 812 2
2 782 2
2 790 3
5 532 1
13 516 1
14 1001 2
15 680 3
15 520 2
16 19 1
21 656 1
24 530 1
24 629 2
24 846 1
25 48 1
28 987 4
29 808 3
29 899 1
30 765 2
31 990 1
32 716 2
39 923 1
40 450 1
41 1000 1
41 73 2
41 48 1
41 723 1
41 758 4
41 503 1
43 232 1
48 1000 3
48 458 1
48 844 1
48 558 2
48 723 1
48 216 1
48 956 1
48 319 1
52 648 1
52 948 1
52 356 2
52 472 1
52 425 1
53 193 1
53 890 1
53 443 2
53 923 1
56 987 9
58 951 1
61 891 1
61 991 3
62 800 1
65 334 1
66 782 1
67 656 1
67 963 4
67 846 2
68 987 4
70 120 1
70 388 2
70 343 1
71 595 1
72 214 1
73 1000 1
73 499 1
74 166 2
75 891 2
75 772 2
75 607 1
77 260 3
77 168 15
77 521 1
77 266 1
77 556 1
77 912 9
77 949 2
77 439 2
77 699 1
78 710 1
83 784 3
83 697 1
90 923 1
90 997 1
90 334 1
91 617 1
92 428 1
92 316 1
92 142 1
95 987 4
96 420 1
98 268 1
99 929 2
99 862 1
101 423 1
106 337 3
107 120 1
107 201 1
107 440 1
107 335 1
109 721 1
112 313 3
112 267 3
112 517 1
119 812 1
120 865 1
120 963 1
120 772 1
120 454 1
120 535 1
120 617 2
120 923 1
120 850 1
120 220 3
120 190 2
120 425 1
120 920 2
120 987 1
120 316 5
120 765 1
120 542 1
120 629 1
122 924 1
126 586 1
126 166 1
127 595 1
135 153 1
136 915 1
136 142 1
136 806 2
139 939 1
142 200 1
142 267 3
142 428 1
142 915 2
142 857 1
147 577 4
147 277 2
147 157 1
150 600 1
153 418 1
153 995 1
153 996 2
153 581 1
153 329 1
153 746 1
153 588 1
153 482 1
153 977 4
153 818 3
153 692 1
153 245 1
153 855 1
153 764 1
153 540 1
157 577 1
157 586 1
157 590 1
159 923 1
159 931 1
159 214 1
166 586 1
166 435 1
166 500 6
166 762 1
167 978 1
167 469 1
167 607 1
168 260 13
168 232 2
168 425 4
168 266 21
168 332 3
168 912 38
168 984 2
168 946 1
168 948 3
168 949 10
168 439 13
168 472 11
168 500 1
168 699 2
168 765 1
168 575 1
170 697 1
170 581 1
170 855 1
175 849 3
175 423 1
178 482 4
178 470 1
178 752 1
178 693 3
178 502 2
178 249 4
178 569 2
178 314 1
178 605 1
180 958 1
185 762 1
187 947 1
188 431 1
190 656 1
190 415 1
190 614 2
190 471 1
193 338 1
193 443 1
193 923 1
193 997 3
196 401 1
196 268 1
199 506 3
200 915 1
200 428 1
207 988 1
207 469 2
214 334 1
214 912 1
214 500 3
214 278 1
214 923 1
216 321 3
220 772 4
228 605 1
228 502 3
229 443 1
229 374 1
231 731 1
231 840 2
231 233 1
231 874 2
231 245 1
231 987 4
231 540 1
232 356 2
232 425 1
232 912 2
232 946 1
232 790 4
232 472 2
232 575 1
233 746 1
233 935 4
233 749 1
233 692 1
233 245 1
235 923 2
236 980 1
239 923 1
239 324 1
245 874 2
245 987 4
246 423 1
249 506 2
251 987 4
256 721 1
256 730 1
256 356 1
260 266 11
260 912 7
260 949 4
260 439 4
264 540 1
266 912 5
266 946 2
266 948 2
266 949 4
266 790 3
266 439 7
266 356 1
266 699 4
267 586 1
268 454 2
268 713 1
268 1003 1
268 429 1
268 401 1
273 951 4
274 951 1
275 849 3
278 415 1
280 902 2
280 530 1
280 851 2
280 920 1
280 891 1
280 915 2
284 680 1
285 336 2
288 610 9
288 484 9
288 391 9
288 846 13
288 750 1
288 629 12
290 589 1
290 367 1
294 586 3
294 885 1
299 316 1
300 784 4
306 400 3
306 585 5
306 659 1
306 374 3
306 528 3
308 418 1
311 987 4
313 721 1
313 356 1
313 472 1
314 929 3
314 693 2
316 428 4
316 952 4
316 915 5
316 953 1
316 349 2
316 990 3
319 1000 1
324 585 3
324 534 1
332 700 1
332 539 1
332 500 5
334 772 1
334 923 1
334 415 1
335 440 1
335 899 2
337 505 1
337 603 2
338 624 2
338 987 5
338 540 1
343 663 1
347 912 1
349 428 3
353 391 1
355 933 1
356 721 1
356 648 1
356 425 6
356 946 3
356 687 1
356 912 1
356 744 3
356 472 6
356 948 1
356 730 3
356 923 2
356 765 1
361 987 4
365 716 2
367 696 1
367 720 1
367 923 1
367 940 1
369 535 1
371 441 1
376 832 1
376 634 1
376 919 1
378 514 1
378 603 1
381 644 1
381 532 1
398 712 2
400 813 3
401 454 1
410 815 1
414 891 15
415 617 1
415 591 1
415 687 1
416 648 1
416 425 1
416 948 2
418 977 1
418 996 5
420 559 1
421 424 2
421 795 1
422 731 1
423 849 4
425 912 9
425 946 4
425 790 9
425 948 3
428 806 2
428 915 2
428 952 1
428 857 2
429 454 1
433 987 7
435 948 1
435 586 1
435 500 1
435 573 1
438 818 3
439 946 2
439 948 2
439 949 7
439 699 1
443 450 1
443 662 1
444 535 2
445 891 1
450 915 3
450 572 1
450 581 1
454 772 2
454 1003 1
458 577 1
458 684 2
458 1000 1
464 980 2
469 851 1
469 630 3
472 912 3
472 946 3
472 923 1
472 575 1
476 923 1
478 818 3
480 987 4
482 987 4
484 630 2
485 542 1
499 618 1
500 586 5
500 814 5
500 923 2
502 528 1
502 605 1
502 878 1
503 704 1
503 1000 1
503 758 1
505 603 1
506 644 1
506 1001 1
506 996 1
506 923 1
506 541 1
509 603 1
514 832 1
514 1001 1
514 780 2
514 977 1
514 950 1
514 603 1
516 790 4
517 948 1
520 680 2
521 912 2
522 546 1
527 710 2
527 870 2
530 851 1
530 629 4
530 630 3
530 920 1
530 891 4
530 915 1
531 890 1
531 987 4
540 955 1
540 874 2
540 749 1
540 624 2
540 840 1
540 692 1
540 987 4
542 823 2
558 1000 1
566 772 2
571 935 1
573 586 2
575 912 1
575 966 1
582 987 4
586 782 3
586 885 1
586 984 4
586 923 1
591 607 1
591 923 1
595 752 1
595 718 2
595 790 1
602 721 1
603 780 1
603 822 1
603 735 1
607 692 1
607 687 1
609 923 1
609 772 1
609 997 2
617 811 1
633 923 1
641 987 4
643 657 1
643 670 1
644 664 1
648 765 3
648 721 1
650 828 1
654 991 2
662 819 2
662 835 1
668 720 1
668 746 3
680 707 1
680 731 1
687 923 6
692 746 1
692 749 1
692 752 1
697 784 1
697 855 3
698 987 4
699 912 1
699 946 2
699 948 3
700 812 1
707 880 2
707 923 2
716 866 1
716 718 2
720 746 3
720 813 1
720 935 7
721 743 1
723 1000 1
724 1004 2
737 849 3
738 761 1
744 946 1
746 935 11
746 813 4
749 935 1
752 784 1
752 865 1
758 844 2
758 956 2
758 918 2
759 984 1
764 874 2
764 987 4
765 948 8
765 923 1
772 866 3
772 912 1
772 923 1
774 947 6
789 987 4
790 812 1
795 851 1
796 987 4
807 818 3
808 899 2
809 987 8
813 935 1
818 997 3
819 890 2
823 895 4
840 874 2
840 987 4
849 987 4
851 978 5
854 948 1
855 955 1
872 987 4
873 874 2
873 987 4
875 923 1
878 929 1
880 923 1
890 962 1
890 923 1
891 995 4
915 923 2
923 951 2
946 948 4
955 987 5
957 978 1
977 996 2
977 1004 4
987 994 5
