0
1
2
3
4
5
6
7
8
9
10
11
12
13
14
15
16
17
18
19
20
21
22
23
24
25
26
27
28
29
30
31
32
33
34
35
36
37
38
39
40
41
42
43
44
45
46
47
48
49
50
51
52
53
54
55
56
57
58
59
60
61
62
63
64
65
66
67
68
69
70
71
72
73
74
75
76
77
78
79
80
81
82
83
84
85
86
87
88
89
90
91
92
93
94
95
96
97
98
99
100
101
102
103
104
105
106
107
108
109
110
111
112
113
114
115
116
117
118
119
120
121
122
123
124
125
126
127
128
129
130
131
132
133
134
135
136
137
138
139
141
142
143
144
145
146
147
148
149
150
151
152
153
154
155
157
158
159
160
161
162
163
164
165
166
167
168
169
170
171
172
173
174
175
176
177
178
179
180
181
182
183
184
185
186
187
188
189
190
191
192
193
194
195
196
197
198
199
200
201
202
203
204
205
206
207
208
209
210
211
212
213
214
215
216
217
218
219
220
221
222
223
224
225
226
227
228
229
230
231
232
233
235
236
237
238
239
240
241
242
243
244
245
246
247
248
249
250
251
252
253
254
255
256
257
259
260
262
263
264
265
266
267
268
269
270
271
272
273
274
275
276
277
278
279
280
281
282
283
284
285
286
287
288
289
290
291
292
293
294
295
296
297
299
300
301
302
303
304
305
306
307
308
309
310
311
312
313
314
315
316
317
318
319
320
321
322
323
324
325
326
327
328
329
330
331
332
333
334
335
336
337
338
339
340
341
343
344
345
346
347
348
349
350
351
352
353
355
356
357
358
359
360
361
362
364
365
366
367
368
369
370
371
372
373
374
375
376
377
378
379
380
381
382
383
384
385
386
387
388
389
390
391
392
393
394
395
396
397
398
399
400
401
402
403
404
405
406
407
408
409
410
411
412
413
414
415
416
418
419
420
421
422
423
424
425
426
427
428
429
430
431
432
433
434
435
436
437
438
439
440
441
442
443
444
445
446
447
448
449
450
451
452
453
454
455
456
457
458
459
460
461
462
464
465
466
467
468
469
470
471
472
473
474
475
476
477
478
479
480
481
482
483
484
485
486
487
488
489
490
491
492
493
495
496
497
498
499
500
501
502
503
504
505
506
507
508
509
510
511
512
513
514
515
516
517
518
519
520
521
522
523
524
525
526
527
528
530
531
532
533
534
535
536
537
538
539
540
541
542
543
544
545
546
547
548
549
550
551
552
553
554
556
557
558
559
560
561
562
563
564
565
566
567
568
569
570
571
572
573
574
575
576
577
578
579
580
581
582
583
584
585
586
587
588
589
590
591
592
593
594
595
596
597
598
599
600
601
602
603
604
605
606
607
609
610
611
612
613
614
615
616
617
618
619
621
622
623
624
625
626
627
628
629
630
631
632
633
634
635
636
637
638
639
640
641
642
643
644
645
646
647
648
649
650
651
652
653
654
655
656
657
658
659
660
661
662
663
664
665
666
667
668
669
670
671
672
673
674
675
676
677
678
679
680
681
682
683
684
685
686
687
688
689
690
691
692
693
694
695
696
697
698
699
700
701
702
703
704
705
706
707
708
709
710
711
712
713
714
715
716
717
718
719
720
721
722
723
724
725
726
727
728
729
730
731
732
733
734
735
736
737
738
739
740
741
742
743
744
745
746
747
748
749
750
751
752
753
754
756
757
758
759
760
761
762
763
764
765
767
768
769
770
771
772
773
774
775
776
777
778
779
780
781
782
783
784
785
786
787
788
789
790
791
792
793
794
795
796
797
798
799
800
801
802
803
804
805
806
807
808
809
810
811
812
813
814
815
816
817
818
819
820
821
822
823
824
825
826
827
828
829
830
831
832
833
834
835
836
837
838
839
840
841
842
843
844
845
846
847
848
849
850
851
852
853
854
855
856
857
858
859
860
861
862
863
864
865
866
867
868
869
870
871
872
873
874
875
876
877
878
879
880
881
882
883
884
885
886
887
888
889
890
891
892
893
894
895
896
897
898
899
900
901
902
903
904
905
906
907
908
909
910
911
912
913
914
915
916
917
918
919
920
921
922
923
924
925
926
927
928
929
930
931
932
933
934
935
936
937
938
939
940
941
942
943
944
945
946
947
948
949
950
951
952
953
954
955
956
957
958
960
961
962
963
964
965
966
967
968
969
970
971
972
973
974
975
976
977
978
979
980
981
982
983
984
985
986
987
988
989
990
991
992
993
994
995
996
997
998
999
1000
1001
1002
1003
1004
0 929 1
0 178 2
0 605 1
2 528 1
2 812 1
2 316 2
2 77 1
2 790 4
4 304 2
5 506 3
5 107 1
5 532 1
5 586 1
6 249 1
6 506 3
6 605 1
6 767 1
8 580 1
13 881 1
13 738 3
13 783 1
14 644 9
14 796 1
14 1004 5
14 881 1
14 921 2
14 506 7
14 924 6
14 702 1
15 680 3
15 584 3
15 731 4
15 422 2
16 534 2
17 857 1
17 915 2
17 316 3
19 61 1
19 333 1
24 32 1
24 750 2
24 530 1
24 629 4
24 280 1
24 953 6
24 891 9
24 540 6
24 31 1
25 704 1
25 844 1
28 987 1
28 540 1
28 231 1
29 506 3
29 107 1
30 765 3
31 165 8
31 744 1
31 915 2
31 990 2
31 857 1
31 316 6
31 190 2
32 360 1
32 547 1
32 421 1
32 422 1
32 647 1
32 744 1
32 561 1
32 241 1
32 526 1
32 656 1
32 35 1
32 142 1
32 631 1
32 280 2
32 953 1
32 188 1
32 669 1
32 990 1
32 293 1
35 207 3
35 978 3
35 469 2
35 280 1
35 858 1
38 832 1
38 744 1
38 586 1
38 939 1
40 802 2
40 379 1
40 900 2
40 198 1
40 712 3
40 60 1
40 362 1
40 450 2
40 272 4
40 264 3
40 947 1
40 662 2
40 568 1
40 90 2
40 187 1
40 572 1
40 254 1
41 723 6
41 565 1
41 318 1
42 744 1
42 649 1
46 744 1
46 622 1
48 319 1
48 956 1
48 565 1
48 558 2
48 679 1
50 559 1
52 126 1
53 120 3
53 609 1
53 90 1
53 923 1
53 245 2
55 404 1
56 987 2
56 540 4
58 909 1
61 868 2
61 517 3
61 742 2
61 904 1
61 522 3
61 550 1
61 718 8
61 782 2
61 122 2
61 915 1
61 991 4
62 113 1
62 518 1
62 214 1
62 646 2
65 193 1
66 782 1
67 963 7
67 165 7
67 391 2
67 846 2
67 207 2
67 344 3
67 190 1
68 987 1
68 540 1
70 388 1
70 334 1
70 943 2
70 534 6
70 120 2
70 633 3
70 90 1
70 415 1
71 595 3
71 318 1
72 633 3
72 90 1
72 923 1
72 581 3
72 135 3
74 744 1
74 104 1
74 166 1
74 294 5
75 416 1
75 772 4
75 118 2
75 135 4
75 746 2
75 334 3
75 248 2
75 850 3
75 915 2
75 692 3
75 534 2
75 120 1
75 196 1
75 220 3
75 157 2
75 542 1
77 356 3
77 168 2
77 266 2
77 912 1
77 790 1
78 929 1
78 605 1
82 744 1
82 937 1
82 870 1
83 784 1
83 697 1
83 161 1
85 844 1
86 152 3
86 443 2
86 662 1
88 906 11
88 106 2
88 950 5
88 399 4
90 388 3
90 134 1
90 776 2
90 143 1
90 278 1
90 283 3
90 671 1
90 940 2
90 946 2
90 948 2
90 703 4
90 193 1
90 450 1
90 464 2
90 850 1
90 220 2
90 863 1
90 742 4
90 1001 1
90 168 1
91 580 1
91 415 1
92 857 1
92 658 1
92 915 2
92 316 3
92 731 1
95 873 1
95 987 1
96 388 1
96 420 2
98 707 3
98 454 1
98 134 1
98 713 1
98 107 2
98 268 2
98 429 1
98 401 6
98 117 1
98 278 1
98 566 1
99 929 2
99 207 2
99 178 6
99 502 1
99 599 1
99 314 1
101 716 2
101 246 5
101 423 4
103 832 1
103 423 2
104 416 1
104 166 1
104 294 5
104 721 1
104 648 2
104 425 53
104 523 1
104 908 1
104 232 1
104 946 1
104 885 1
104 759 1
104 984 1
104 765 1
104 447 1
105 418 5
105 996 1
105 482 2
106 906 5
107 320 1
107 464 1
107 381 1
107 553 1
107 810 1
107 1004 1
107 236 1
107 898 1
107 335 2
107 208 1
107 980 1
107 118 1
107 985 1
107 664 1
107 537 1
107 201 1
107 175 1
107 670 1
109 425 1
111 648 1
112 356 9
112 168 1
112 316 2
112 267 4
112 912 1
112 392 2
112 948 1
112 855 1
112 472 1
112 313 1
112 700 1
113 485 1
113 646 2
113 823 1
114 275 3
117 268 1
118 867 1
119 465 1
119 700 2
120 772 10
120 915 1
120 923 2
120 198 4
120 948 6
120 566 2
120 823 1
120 316 1
120 189 6
120 190 2
120 191 1
120 193 3
120 196 6
120 454 4
120 200 2
120 731 2
120 609 4
120 742 1
120 752 3
120 629 3
120 633 3
120 893 1
120 383 1
125 744 1
125 322 1
125 676 1
125 622 1
126 868 1
126 294 1
126 166 4
126 232 2
126 586 7
126 648 2
126 790 7
126 356 3
126 573 3
127 281 1
127 595 2
127 923 2
127 415 3
132 388 1
133 648 1
134 837 1
135 580 5
135 581 17
135 742 2
135 870 2
135 909 3
135 334 1
135 337 1
135 915 3
135 628 5
135 942 14
135 371 2
135 292 4
135 890 1
135 415 1
135 540 1
135 405 1
136 857 1
136 915 2
136 316 3
136 165 3
137 813 1
138 383 1
139 322 2
139 323 1
139 893 1
141 978 3
141 188 1
141 362 1
141 469 1
142 744 1
142 267 2
142 301 2
142 207 1
142 915 6
142 280 1
142 857 1
142 316 5
143 951 1
147 577 1
147 931 1
147 196 1
147 933 1
147 454 1
147 972 1
147 171 1
147 715 5
147 748 1
147 590 1
147 285 1
147 720 1
147 355 1
147 277 1
147 347 2
147 157 3
147 926 5
147 686 2
149 372 3
149 595 1
149 716 1
150 415 1
150 629 1
150 471 1
151 214 1
151 278 2
152 744 1
153 977 1
157 229 1
157 586 1
157 926 1
157 415 2
159 609 1
159 566 1
160 915 2
160 629 4
161 744 1
161 581 5
164 744 1
164 893 1
164 943 3
165 302 1
165 207 1
165 401 13
165 915 3
165 344 9
165 857 6
165 316 9
165 990 4
166 586 2
166 883 2
166 500 1
166 759 1
167 547 1
167 915 3
167 817 1
167 978 2
167 851 1
167 469 3
167 280 1
167 988 1
168 356 12
168 260 2
168 232 2
168 425 1
168 266 1
168 556 1
168 912 15
168 648 1
168 948 3
168 949 2
168 439 2
168 472 3
168 868 4
168 730 1
169 404 1
169 314 1
169 595 4
169 372 4
170 744 2
170 697 1
170 855 1
171 347 2
175 849 1
175 275 6
175 423 2
176 744 1
178 929 1
178 231 1
178 990 1
178 359 1
178 878 1
178 189 1
178 786 2
178 693 2
178 502 6
178 605 13
178 862 7
178 415 1
179 633 4
180 829 1
180 727 1
181 656 2
181 353 2
181 274 2
181 920 1
181 249 1
184 832 1
184 843 1
184 1004 3
184 710 1
185 233 3
185 833 5
187 568 2
188 614 1
188 978 3
188 469 3
188 502 1
188 280 1
189 866 1
189 491 1
189 546 1
189 502 1
189 281 4
190 353 3
190 196 1
190 614 1
190 951 1
190 656 1
190 920 2
190 373 1
190 471 1
190 990 1
192 381 1
193 782 1
193 789 1
193 923 6
193 671 2
194 744 1
196 454 1
196 940 1
196 629 1
196 278 2
196 731 1
196 413 1
197 586 1
197 719 1
199 996 1
199 850 1
199 644 1
200 679 1
200 971 1
200 428 1
200 952 3
200 915 5
200 857 1
200 344 3
200 316 3
203 744 1
206 622 2
206 950 1
207 302 1
207 293 1
207 424 1
207 558 4
207 561 1
207 978 1
207 469 6
207 953 1
207 954 3
207 795 5
207 988 2
207 990 1
207 373 3
208 744 1
208 537 2
210 744 1
214 900 1
214 278 3
214 912 6
214 662 2
214 920 1
214 923 2
214 290 2
214 811 1
214 940 3
214 687 1
214 948 1
214 316 2
214 865 1
214 712 1
214 334 1
214 850 1
214 595 1
214 609 1
214 356 2
214 742 1
214 746 1
214 367 1
214 763 3
216 558 1
216 319 1
218 744 1
220 633 2
220 471 2
223 415 2
224 915 2
224 316 2
225 951 2
226 540 2
228 929 1
228 362 1
228 605 2
228 502 1
229 421 1
229 428 2
229 334 7
229 306 1
229 851 1
229 692 1
229 534 1
229 248 1
229 410 1
229 915 2
229 607 4
230 972 1
231 738 1
231 840 2
231 874 3
231 245 7
231 311 1
231 987 1
231 540 4
231 789 1
232 356 5
232 260 3
232 425 3
232 648 7
232 744 2
232 946 2
232 949 1
232 471 1
232 472 6
232 868 3
232 730 2
232 765 3
233 692 1
233 245 1
236 744 1
236 537 2
236 1004 1
239 656 2
239 609 1
239 707 1
241 280 1
241 469 2
245 764 1
245 840 1
245 329 1
245 874 3
245 624 1
245 264 1
245 987 1
245 540 2
246 724 1
246 423 9
247 601 1
248 920 1
248 506 2
248 415 2
249 929 1
249 1004 2
249 333 1
249 404 4
249 605 1
250 356 1
250 518 2
250 551 1
250 425 2
250 332 1
250 782 1
250 886 2
250 415 3
251 987 1
254 744 1
256 648 2
256 356 2
256 885 1
260 699 1
264 338 1
264 923 1
266 356 1
266 425 1
266 912 3
266 949 2
266 790 15
267 517 1
267 648 1
267 586 3
267 751 1
267 392 1
267 530 2
267 948 1
267 629 1
267 891 4
267 316 2
267 478 3
268 633 1
268 291 1
268 454 1
269 789 1
272 662 1
273 951 1
274 951 1
275 849 4
278 566 1
278 290 2
278 540 2
278 415 1
280 647 1
280 526 1
280 656 1
280 530 4
280 915 1
280 920 1
280 421 1
280 422 1
280 561 1
280 953 1
280 846 1
280 595 2
280 547 1
280 990 1
280 293 2
280 360 1
280 750 1
280 851 1
280 502 1
280 631 1
281 528 1
281 491 2
282 509 1
284 731 2
288 484 14
288 773 8
288 391 14
288 846 12
288 629 10
288 630 3
289 899 1
290 566 1
293 744 1
293 568 2
293 697 7
293 862 1
294 817 4
294 648 1
294 885 2
294 984 2
294 586 6
294 447 2
299 388 1
299 509 1
299 559 3
300 784 2
301 547 1
301 656 1
301 978 5
301 469 3
301 630 2
301 795 1
302 857 1
302 915 3
302 316 4
304 744 1
304 441 2
305 946 2
306 769 1
306 742 5
306 744 1
306 585 2
306 334 3
306 790 4
307 744 1
309 939 1
309 893 5
311 697 1
311 987 1
313 648 1
313 946 1
313 765 1
314 929 6
314 710 2
314 693 2
314 599 4
316 772 1
316 647 1
316 915 16
316 543 3
316 428 9
316 415 1
316 952 3
316 953 9
316 962 1
316 838 3
316 971 3
316 344 3
316 857 5
316 349 2
316 990 3
316 351 1
316 888 1
319 386 1
319 1002 3
319 558 1
319 956 1
319 458 1
321 744 1
321 499 1
321 558 2
322 663 2
322 879 4
322 337 3
322 343 1
322 505 1
323 510 1
324 744 1
324 586 1
326 586 1
327 381 1
327 414 2
329 450 1
329 427 3
329 849 2
329 338 3
329 819 1
329 987 1
329 540 5
332 435 3
332 500 3
333 929 1
333 605 1
333 767 2
334 609 2
334 356 2
334 502 1
334 591 2
334 742 4
334 472 1
334 471 1
334 696 2
334 923 1
334 687 1
334 415 1
335 664 1
336 577 1
336 715 1
336 926 2
337 505 1
337 479 1
338 987 1
338 540 3
338 789 1
343 943 1
343 388 2
343 663 5
344 838 3
344 915 2
344 373 3
344 857 1
346 744 1
347 933 1
349 428 3
349 915 2
353 744 1
353 391 7
356 923 1
356 868 10
356 425 7
356 765 3
356 912 21
356 648 4
356 948 2
356 472 13
356 730 32
356 699 1
356 602 2
359 767 1
360 744 1
361 987 1
362 528 2
362 688 1
362 383 3
364 506 1
365 977 2
365 457 1
368 744 1
369 913 16
369 444 1
369 518 3
369 535 1
371 528 1
372 404 4
372 934 2
372 558 1
373 391 8
376 601 1
376 718 2
377 716 4
378 744 1
378 832 1
378 950 1
379 568 2
381 643 1
381 744 1
381 670 1
383 720 3
383 547 1
383 868 1
383 807 1
383 942 3
383 528 4
383 530 3
383 586 1
383 662 1
383 887 1
388 832 1
388 663 3
388 634 1
388 638 1
390 784 22
390 771 3
391 484 4
392 674 4
393 843 5
397 671 1
397 975 1
399 950 1
399 663 1
400 744 1
401 429 11
401 454 11
401 415 10
402 744 1
402 788 1
404 595 2
406 744 1
407 744 1
407 843 4
408 428 1
409 929 1
409 580 1
409 605 1
410 832 1
414 891 3
414 687 1
415 517 2
415 783 1
415 923 1
415 670 2
415 811 1
415 940 1
415 429 3
415 687 1
415 948 1
415 542 2
415 696 1
415 692 1
415 833 5
415 450 3
415 718 2
415 591 2
415 720 1
415 851 2
415 987 1
415 742 1
415 617 1
415 595 6
415 762 2
416 425 2
416 629 1
416 790 2
418 996 18
420 559 1
421 978 2
421 469 3
421 795 5
422 680 2
422 527 1
422 731 10
423 832 2
423 716 2
423 977 8
423 849 1
424 978 1
424 795 3
424 469 3
424 990 1
425 752 1
425 868 3
425 765 1
425 912 2
425 946 3
425 435 1
425 948 6
425 949 1
425 439 1
425 602 1
428 838 1
428 744 1
428 915 12
428 857 12
429 454 8
432 744 1
432 987 1
433 849 1
433 738 1
433 987 2
433 540 1
435 962 1
435 586 7
435 948 1
435 633 2
435 500 2
439 790 2
441 860 1
443 662 8
443 742 1
443 743 2
443 915 3
443 602 1
443 863 1
444 518 1
444 535 6
450 802 3
450 712 3
450 586 2
450 915 3
450 662 2
450 572 1
454 772 4
454 1003 1
458 577 10
460 744 1
464 744 1
469 744 1
469 547 2
469 614 2
469 817 2
469 978 3
469 851 3
469 630 1
469 954 2
469 795 2
469 957 2
470 744 1
470 605 1
471 857 2
471 954 1
472 912 1
472 946 1
472 868 1
474 939 1
480 987 1
482 987 1
484 502 2
484 630 3
484 750 3
485 517 5
485 854 1
485 823 1
489 744 1
489 559 1
490 586 1
493 744 1
496 744 1
497 977 1
499 679 1
499 684 1
499 844 1
499 558 1
499 565 1
500 586 7
500 814 3
500 687 1
500 782 4
500 633 1
500 575 1
502 929 1
502 742 2
502 605 2
502 915 4
502 693 1
502 599 1
502 923 3
502 862 1
505 744 1
506 775 2
506 921 4
506 670 1
509 744 1
510 622 3
512 978 1
513 518 1
513 542 1
514 832 7
514 977 5
514 950 2
517 718 6
518 646 1
518 913 2
518 722 1
518 854 9
518 895 3
523 765 1
524 744 1
526 629 4
527 870 1
527 744 1
527 720 1
527 680 1
527 710 13
528 585 1
528 589 3
528 531 2
528 890 1
528 922 3
530 838 1
530 915 5
530 629 13
530 630 5
530 891 4
531 987 1
534 939 2
534 862 1
535 913 2
538 880 1
538 929 1
538 605 1
540 697 2
540 955 3
540 700 2
540 581 2
540 582 2
540 840 1
540 855 1
540 987 1
540 994 6
540 874 3
540 890 2
541 924 6
541 850 5
541 996 4
541 921 6
542 646 3
543 857 1
543 915 3
546 550 3
547 978 3
547 862 1
548 744 1
551 895 2
551 799 1
552 978 2
552 614 1
558 704 2
558 1000 1
558 744 1
558 956 1
559 622 2
560 744 1
562 744 1
563 731 1
563 580 2
565 1000 1
565 723 1
566 772 3
566 614 1
568 744 1
568 947 1
569 605 1
572 662 1
573 586 1
577 715 1
577 926 1
581 742 2
581 744 1
581 855 1
581 765 1
582 994 1
582 987 1
583 744 1
584 731 1
586 915 6
586 662 3
586 687 1
586 984 2
586 885 1
586 762 4
590 933 1
591 718 2
595 934 2
595 1004 1
595 718 3
599 929 2
599 710 1
599 849 3
599 693 3
599 605 1
600 956 2
601 906 2
601 919 1
604 854 1
605 929 1
605 710 1
605 685 1
605 976 1
605 693 1
605 862 1
605 767 1
606 744 1
607 890 1
607 843 1
609 707 1
609 772 2
609 946 1
609 951 2
609 633 1
609 671 1
611 644 3
614 978 3
617 811 1
618 918 1
622 676 2
622 744 1
629 658 2
629 685 2
629 750 1
629 891 2
629 700 2
633 687 1
633 923 6
634 788 1
638 832 1
638 700 1
638 853 1
641 987 1
644 744 1
644 783 1
647 744 1
647 915 2
648 743 1
648 912 1
648 721 1
648 948 2
648 790 1
648 765 2
654 783 3
654 991 1
656 838 3
656 915 3
660 744 1
662 900 1
662 915 5
663 951 3
668 720 1
668 746 5
668 935 5
670 688 1
671 923 2
672 956 1
672 844 4
676 744 1
679 844 1
680 731 51
680 707 2
682 850 3
684 844 3
687 742 1
687 907 1
687 915 1
687 923 2
692 742 1
692 718 1
693 929 1
697 771 1
697 873 1
697 855 5
697 925 3
698 987 1
700 929 1
700 812 1
703 784 6
704 844 2
706 951 1
707 880 1
707 951 3
710 929 2
715 890 1
715 926 3
716 866 2
716 718 3
716 724 1
718 742 5
718 904 1
718 915 7
718 724 3
718 980 1
718 991 3
719 761 1
719 738 1
719 837 1
720 833 5
720 935 5
720 746 10
720 813 2
721 790 1
722 744 1
724 883 2
730 912 7
730 948 1
730 868 8
731 915 3
735 744 1
737 849 1
738 837 1
738 745 1
738 783 3
738 923 2
738 828 1
739 951 1
740 744 1
740 906 1
742 900 2
742 784 6
742 915 1
742 772 1
742 923 2
742 951 4
742 835 1
742 863 3
742 993 1
743 744 1
744 745 1
744 777 1
744 780 1
744 795 1
744 798 1
744 803 1
744 807 1
744 830 1
744 843 1
744 870 1
744 871 2
744 879 1
744 912 62
744 915 1
744 939 1
744 943 1
744 946 1
744 952 1
744 971 1
744 977 1
744 1002 1
746 935 18
746 813 8
748 926 2
752 849 1
758 956 2
758 918 2
761 996 1
761 804 1
762 984 2
762 908 1
764 840 1
764 994 1
764 874 3
764 987 1
765 908 1
765 868 3
767 929 2
771 870 1
772 915 1
772 948 2
772 923 2
779 843 2
780 977 6
780 950 1
783 979 1
784 863 7
788 906 1
789 987 1
790 812 5
790 974 2
795 978 1
796 987 1
799 895 4
809 987 2
810 881 1
813 912 1
813 935 6
817 978 1
823 923 3
828 837 1
830 891 1
832 977 3
832 950 1
838 857 3
840 874 3
840 987 1
843 907 2
843 883 2
844 918 1
849 987 1
850 996 2
850 1001 3
851 978 4
851 915 3
857 971 1
857 915 12
857 952 1
857 953 1
858 991 1
861 934 4
862 929 1
862 909 4
863 993 1
867 974 2
868 912 5
868 948 2
868 889 1
872 987 1
873 874 3
873 987 1
878 929 1
880 946 8
880 934 1
883 915 2
885 962 1
890 962 2
895 913 1
904 980 1
907 912 1
910 923 3
912 948 1
915 923 3
915 988 3
915 952 2
915 953 2
915 971 2
915 990 2
915 920 3
923 963 1
925 987 1
925 951 1
936 942 1
946 948 2
950 1001 1
950 977 9
954 978 3
954 988 1
954 990 1
955 987 1
957 978 1
962 984 1
974 984 1
977 996 3
977 1004 7
978 988 3
987 994 2
