0
1
2
3
4
5
6
7
8
9
10
11
12
13
14
15
16
17
18
19
20
21
22
23
24
25
26
27
28
29
30
31
32
33
34
35
36
37
38
39
40
41
42
43
44
45
46
47
48
49
50
51
52
53
54
55
56
57
58
59
60
61
62
63
64
65
66
67
68
69
70
71
72
73
74
75
76
77
78
79
80
81
82
83
84
85
86
87
88
89
90
91
92
93
94
95
96
97
98
99
100
101
102
103
104
105
106
107
108
109
110
111
112
113
114
115
116
117
118
119
120
121
122
123
124
125
126
127
128
129
130
131
132
133
134
135
136
137
138
139
141
142
143
144
145
146
147
148
149
150
151
152
153
154
155
157
158
159
160
161
162
163
164
165
166
167
168
169
170
171
172
173
174
175
176
177
178
179
180
181
182
183
184
185
186
187
188
189
190
191
192
193
194
195
196
197
198
199
200
201
202
203
204
205
206
207
208
209
210
211
212
213
214
215
216
217
218
219
220
221
222
223
224
225
226
227
228
229
230
231
232
233
235
236
237
238
239
240
241
242
243
244
245
246
247
248
249
250
251
252
253
254
255
256
257
259
260
262
263
264
265
266
267
268
269
270
271
272
273
274
275
276
277
278
279
280
281
282
283
284
285
286
287
288
289
290
291
292
293
294
295
296
297
299
300
301
302
303
304
305
306
307
308
309
310
311
312
313
314
315
316
317
318
319
320
321
322
323
324
325
326
327
328
329
330
331
332
333
334
335
336
337
338
339
340
341
343
344
345
346
347
348
349
350
351
352
353
355
356
357
358
359
360
361
362
364
365
366
367
368
369
370
371
372
373
374
375
376
377
378
379
380
381
382
383
384
385
386
387
388
389
390
391
392
393
394
395
396
397
398
399
400
401
402
403
404
405
406
407
408
409
410
411
412
413
414
415
416
418
419
420
421
422
423
424
425
426
427
428
429
430
431
432
433
434
435
436
437
438
439
440
441
442
443
444
445
446
447
448
449
450
451
452
453
454
455
456
457
458
459
460
461
462
464
465
466
467
468
469
470
471
472
473
474
475
476
477
478
479
480
481
482
483
484
485
486
487
488
489
490
491
492
493
495
496
497
498
499
500
501
502
503
504
505
506
507
508
509
510
511
512
513
514
515
516
517
518
519
520
521
522
523
524
525
526
527
528
530
531
532
533
534
535
536
537
538
539
540
541
542
543
544
545
546
547
548
549
550
551
552
553
554
556
557
558
559
560
561
562
563
564
565
566
567
568
569
570
571
572
573
574
575
576
577
578
579
580
581
582
583
584
585
586
587
588
589
590
591
592
593
594
595
596
597
598
599
600
601
602
603
604
605
606
607
609
610
611
612
613
614
615
616
617
618
619
621
622
623
624
625
626
627
628
629
630
631
632
633
634
635
636
637
638
639
640
641
642
643
644
645
646
647
648
649
650
651
652
653
654
655
656
657
658
659
660
661
662
663
664
665
666
667
668
669
670
671
672
673
674
675
676
677
678
679
680
681
682
683
684
685
686
687
688
689
690
691
692
693
694
695
696
697
698
699
700
701
702
703
704
705
706
707
708
709
710
711
712
713
714
715
716
717
718
719
720
721
722
723
724
725
726
727
728
729
730
731
732
733
734
735
736
737
738
739
740
741
742
743
744
745
746
747
748
749
750
751
752
753
754
756
757
758
759
760
761
762
763
764
765
767
768
769
770
771
772
773
774
775
776
777
778
779
780
781
782
783
784
785
786
787
788
789
790
791
792
793
794
795
796
797
798
799
800
801
802
803
804
805
806
807
808
809
810
811
812
813
814
815
816
817
818
819
820
821
822
823
824
825
826
827
828
829
830
831
832
833
834
835
836
837
838
839
840
841
842
843
844
845
846
847
848
849
850
851
852
853
854
855
856
857
858
859
860
861
862
863
864
865
866
867
868
869
870
871
872
873
874
875
876
877
878
879
880
881
882
883
884
885
886
887
888
889
890
891
892
893
894
895
896
897
898
899
900
901
902
903
904
905
906
907
908
909
910
911
912
913
914
915
916
917
918
919
920
921
922
923
924
925
926
927
928
929
930
931
932
933
934
935
936
937
938
939
940
941
942
943
944
945
946
947
948
949
950
951
952
953
954
955
956
957
958
960
961
962
963
964
965
966
967
968
969
970
971
972
973
974
975
976
977
978
979
980
981
982
983
984
985
986
987
988
989
990
991
992
993
994
995
996
997
998
999
1000
1001
1002
1003
1004
0 6 1
2 236 2
4 120 2
4 135 5
5 29 4
7 810 1
10 657 1
13 738 1
14 644 1
14 1001 4
14 850 3
14 790 1
14 516 2
14 506 3
14 924 14
14 702 8
15 731 2
24 280 8
24 160 1
24 629 3
24 278 1
24 647 1
25 918 1
29 688 2
30 602 1
31 165 2
31 990 1
32 280 3
32 159 1
32 143 2
32 718 1
32 791 6
35 280 1
37 77 3
40 120 1
40 450 1
41 723 1
41 565 1
41 558 1
45 66 1
45 227 1
48 321 2
53 193 1
53 147 1
56 540 1
58 909 1
60 450 1
61 120 2
61 243 1
61 718 2
62 646 1
65 629 1
66 227 2
66 966 1
67 344 6
67 561 2
67 963 3
67 165 5
67 846 2
69 879 3
70 120 1
70 534 2
70 343 1
72 120 2
74 112 2
74 392 5
74 166 5
74 294 1
75 147 1
75 220 3
75 135 1
77 260 2
77 648 1
77 557 1
77 912 4
77 232 2
77 890 1
77 168 1
77 762 2
77 126 4
82 135 2
90 147 2
91 723 1
91 147 1
98 401 1
98 429 2
98 713 2
101 423 1
103 514 1
103 343 2
103 423 2
104 721 4
104 765 1
105 947 3
105 374 4
106 788 2
107 688 1
112 392 1
113 542 1
114 718 1
118 502 1
118 862 1
120 517 2
120 775 2
120 136 2
120 450 1
120 783 1
120 530 2
120 915 1
120 534 1
120 535 2
120 280 2
120 542 1
120 416 1
120 549 2
120 135 5
120 687 1
120 433 2
120 306 1
120 310 2
120 823 1
120 572 2
120 834 1
120 841 3
120 586 3
120 843 2
120 718 1
120 720 1
120 978 1
120 851 1
120 469 2
120 854 3
120 987 1
120 220 1
120 865 1
120 994 2
120 996 2
120 485 2
120 742 2
120 316 1
120 850 1
120 189 1
120 754 2
120 147 1
120 629 1
120 248 1
120 127 1
122 479 2
126 232 1
127 843 1
134 592 1
134 147 1
135 720 1
135 581 9
135 870 4
135 170 1
135 528 2
135 337 1
135 371 2
135 405 1
135 951 2
135 415 1
135 191 2
136 200 2
136 971 1
136 428 2
136 142 1
136 316 1
139 343 1
141 428 2
142 267 6
142 301 4
142 280 1
142 915 2
142 344 1
142 316 2
142 990 1
143 731 1
143 422 1
147 772 1
147 193 1
147 277 1
147 285 1
147 926 1
147 415 1
147 933 1
147 171 2
147 686 1
147 951 1
147 159 1
147 577 3
147 707 1
147 972 1
147 590 1
147 931 1
147 334 1
147 214 1
147 347 1
147 355 1
147 230 1
147 235 1
147 752 1
147 633 1
147 890 1
152 443 8
157 577 3
157 415 1
159 865 1
159 940 2
159 530 1
159 851 2
159 629 1
159 343 1
159 472 1
159 316 2
160 360 1
160 530 1
160 629 2
160 526 1
165 401 1
165 344 2
165 316 4
165 349 1
166 267 1
166 674 1
168 232 2
168 912 4
168 416 2
168 260 3
171 577 1
173 657 2
173 890 1
173 738 1
175 737 2
175 246 1
175 423 1
178 605 3
178 502 2
178 693 3
185 742 1
187 450 2
188 280 2
190 629 1
191 752 1
191 692 1
192 381 2
193 443 1
194 951 2
199 996 1
199 506 5
199 924 1
199 541 3
200 971 4
200 316 1
214 940 1
214 629 1
216 558 2
223 415 1
228 605 2
230 577 1
231 764 1
231 245 2
231 873 1
231 698 1
231 987 3
231 540 2
232 790 2
232 439 2
233 329 2
233 692 3
233 245 1
239 609 1
239 951 2
241 280 1
245 764 1
245 264 2
245 329 1
245 624 2
245 698 1
245 540 2
245 830 1
246 423 1
248 329 1
248 415 1
248 692 2
248 591 1
254 450 1
256 416 1
256 313 2
256 356 1
256 294 1
260 416 3
260 912 1
260 439 1
264 450 1
264 388 1
264 343 1
264 596 1
264 663 3
264 692 1
264 764 2
264 510 1
266 912 1
267 416 1
267 803 2
267 517 3
267 838 1
267 586 3
272 900 1
272 754 1
272 700 1
272 450 1
274 841 2
274 614 1
277 577 1
278 415 1
280 647 2
280 656 1
280 658 2
280 547 2
280 421 1
280 422 1
280 561 4
280 953 1
280 629 3
280 526 2
280 990 1
280 293 1
280 360 2
280 373 1
280 631 2
281 905 1
283 483 2
285 577 1
288 629 1
290 589 1
291 401 1
291 429 2
294 416 3
294 817 1
294 885 2
294 984 1
294 447 2
299 832 1
299 634 1
299 951 1
299 559 1
305 946 2
306 771 2
308 577 1
310 343 1
311 955 1
311 540 2
313 648 2
316 392 26
316 428 6
316 915 1
316 990 2
317 374 3
319 386 1
319 558 2
321 704 2
321 844 2
321 565 1
322 879 1
327 657 1
327 506 2
329 910 1
329 624 1
329 692 2
332 586 2
332 435 1
334 742 1
334 550 2
334 617 2
334 910 4
334 692 2
334 415 1
337 505 2
337 663 2
343 950 1
343 663 7
344 952 1
347 577 1
355 577 1
356 912 1
356 416 1
360 629 2
360 526 1
362 383 1
369 582 2
377 729 1
379 568 1
381 506 1
381 532 1
383 589 1
388 534 2
399 977 1
401 454 2
401 429 5
401 415 1
402 559 1
407 843 3
413 746 7
413 530 1
413 935 7
414 891 5
415 517 1
415 783 1
415 923 1
415 542 2
415 429 2
415 687 1
415 692 1
415 670 1
415 833 1
415 450 1
415 462 6
415 591 1
415 851 1
415 718 1
415 865 1
415 742 1
415 617 1
415 752 1
416 586 2
416 912 2
416 435 2
421 795 2
423 977 2
427 955 1
428 915 1
429 454 2
435 557 1
435 782 1
435 500 1
435 700 1
440 537 4
440 737 2
443 742 1
443 662 1
444 854 1
445 891 1
447 586 1
450 802 1
450 595 1
450 754 2
450 947 1
450 695 1
450 572 1
453 951 1
454 592 5
458 565 1
458 558 1
472 912 1
472 782 1
482 990 1
483 696 1
485 542 2
485 823 1
493 629 2
497 773 1
499 704 1
502 710 1
502 591 1
502 976 1
502 605 4
506 738 1
506 996 2
506 657 2
506 644 1
506 541 2
506 881 2
509 634 2
509 559 1
510 622 1
516 532 3
516 837 1
516 790 1
526 629 2
528 585 1
528 909 1
528 581 1
530 772 2
530 935 1
530 746 5
530 685 2
530 692 2
530 629 6
530 630 2
530 891 6
540 994 5
540 987 2
540 873 2
540 855 2
540 698 1
540 955 3
540 925 2
541 657 1
541 644 2
541 738 1
542 823 1
543 654 1
546 704 1
550 746 2
552 858 2
556 912 1
558 684 1
558 565 1
561 629 2
565 704 1
565 684 1
568 947 1
570 742 1
575 912 1
575 782 1
576 761 1
576 738 1
577 931 1
577 933 1
577 936 5
577 972 1
577 748 1
577 590 1
577 686 1
577 926 1
577 715 1
581 936 1
581 692 2
581 951 1
581 890 1
582 840 1
582 994 1
582 764 1
586 912 2
586 885 3
591 692 1
592 609 3
595 754 1
595 951 1
599 605 6
602 743 4
605 789 5
607 696 2
624 738 3
625 890 1
629 630 2
629 658 3
629 685 2
629 846 2
629 631 2
629 891 2
630 971 2
638 700 1
638 790 4
644 1001 1
644 924 4
644 702 1
646 823 1
648 765 1
649 890 1
649 663 2
650 850 1
654 738 2
654 837 1
658 731 2
660 873 1
670 688 2
686 926 1
692 775 1
692 746 2
692 910 1
696 851 1
696 718 1
697 855 1
698 840 1
698 873 1
698 764 1
715 926 1
719 837 1
721 743 3
722 854 1
730 912 1
738 837 1
738 951 2
740 879 1
746 935 1
748 926 1
752 833 1
759 912 1
761 924 2
782 912 1
789 863 1
790 812 3
790 881 1
795 990 1
832 951 1
837 924 1
850 890 1
851 978 2
855 951 1
885 984 1
890 915 1
910 923 1
912 949 1
925 955 1
951 957 1
955 987 1
