0
1
2
3
4
5
6
7
8
9
10
11
12
13
14
15
16
17
18
19
20
21
22
23
24
25
26
27
28
29
30
31
32
33
34
35
36
37
38
39
40
41
42
43
44
45
46
47
48
49
50
51
52
53
54
55
56
57
58
59
60
61
62
63
64
65
66
67
68
69
70
71
72
73
74
75
76
77
78
79
80
81
82
83
84
85
86
87
88
89
90
91
92
93
94
95
96
97
98
99
100
101
102
103
104
105
106
107
108
109
110
111
112
113
114
115
116
117
118
119
120
121
122
123
124
125
126
127
128
129
130
131
132
133
134
135
136
137
138
139
141
142
143
144
145
146
147
148
149
150
151
152
153
154
155
157
158
159
160
161
162
163
164
165
166
167
168
169
170
171
172
173
174
175
176
177
178
179
180
181
182
183
184
185
186
187
188
189
190
191
192
193
194
195
196
197
198
199
200
201
202
203
204
205
206
207
208
209
210
211
212
213
214
215
216
217
218
219
220
221
222
223
224
225
226
227
228
229
230
231
232
233
235
236
237
238
239
240
241
242
243
244
245
246
247
248
249
250
251
252
253
254
255
256
257
259
260
262
263
264
265
266
267
268
269
270
271
272
273
274
275
276
277
278
279
280
281
282
283
284
285
286
287
288
289
290
291
292
293
294
295
296
297
299
300
301
302
303
304
305
306
307
308
309
310
311
312
313
314
315
316
317
318
319
320
321
322
323
324
325
326
327
328
329
330
331
332
333
334
335
336
337
338
339
340
341
343
344
345
346
347
348
349
350
351
352
353
355
356
357
358
359
360
361
362
364
365
366
367
368
369
370
371
372
373
374
375
376
377
378
379
380
381
382
383
384
385
386
387
388
389
390
391
392
393
394
395
396
397
398
399
400
401
402
403
404
405
406
407
408
409
410
411
412
413
414
415
416
418
419
420
421
422
423
424
425
426
427
428
429
430
431
432
433
434
435
436
437
438
439
440
441
442
443
444
445
446
447
448
449
450
451
452
453
454
455
456
457
458
459
460
461
462
464
465
466
467
468
469
470
471
472
473
474
475
476
477
478
479
480
481
482
483
484
485
486
487
488
489
490
491
492
493
495
496
497
498
499
500
501
502
503
504
505
506
507
508
509
510
511
512
513
514
515
516
517
518
519
520
521
522
523
524
525
526
527
528
530
531
532
533
534
535
536
537
538
539
540
541
542
543
544
545
546
547
548
549
550
551
552
553
554
556
557
558
559
560
561
562
563
564
565
566
567
568
569
570
571
572
573
574
575
576
577
578
579
580
581
582
583
584
585
586
587
588
589
590
591
592
593
594
595
596
597
598
599
600
601
602
603
604
605
606
607
609
610
611
612
613
614
615
616
617
618
619
621
622
623
624
625
626
627
628
629
630
631
632
633
634
635
636
637
638
639
640
641
642
643
644
645
646
647
648
649
650
651
652
653
654
655
656
657
658
659
660
661
662
663
664
665
666
667
668
669
670
671
672
673
674
675
676
677
678
679
680
681
682
683
684
685
686
687
688
689
690
691
692
693
694
695
696
697
698
699
700
701
702
703
704
705
706
707
708
709
710
711
712
713
714
715
716
717
718
719
720
721
722
723
724
725
726
727
728
729
730
731
732
733
734
735
736
737
738
739
740
741
742
743
744
745
746
747
748
749
750
751
752
753
754
756
757
758
759
760
761
762
763
764
765
767
768
769
770
771
772
773
774
775
776
777
778
779
780
781
782
783
784
785
786
787
788
789
790
791
792
793
794
795
796
797
798
799
800
801
802
803
804
805
806
807
808
809
810
811
812
813
814
815
816
817
818
819
820
821
822
823
824
825
826
827
828
829
830
831
832
833
834
835
836
837
838
839
840
841
842
843
844
845
846
847
848
849
850
851
852
853
854
855
856
857
858
859
860
861
862
863
864
865
866
867
868
869
870
871
872
873
874
875
876
877
878
879
880
881
882
883
884
885
886
887
888
889
890
891
892
893
894
895
896
897
898
899
900
901
902
903
904
905
906
907
908
909
910
911
912
913
914
915
916
917
918
919
920
921
922
923
924
925
926
927
928
929
930
931
932
933
934
935
936
937
938
939
940
941
942
943
944
945
946
947
948
949
950
951
952
953
954
955
956
957
958
960
961
962
963
964
965
966
967
968
969
970
971
972
973
974
975
976
977
978
979
980
981
982
983
984
985
986
987
988
989
990
991
992
993
994
995
996
997
998
999
1000
1001
1002
1003
1004
0 6 1
0 519 1
0 409 1
0 538 1
0 929 2
0 178 2
0 693 1
0 569 2
0 314 1
0 710 1
0 333 1
0 78 1
0 976 1
0 470 1
0 599 1
0 732 1
0 605 2
0 862 1
0 991 1
0 99 2
0 228 1
0 883 1
0 502 1
0 249 1
0 767 1
2 898 1
2 700 2
2 790 3
4 135 1
5 491 2
5 732 1
5 189 2
5 335 1
6 569 2
6 178 1
6 605 1
6 607 2
7 810 1
8 544 2
11 462 1
13 881 1
13 738 2
13 516 1
13 532 1
13 951 1
14 881 1
14 738 2
14 410 1
14 783 1
15 680 3
15 738 1
15 837 1
15 422 2
16 410 1
16 102 3
17 428 1
17 316 1
19 718 2
24 280 4
24 530 1
24 267 2
24 629 13
24 630 2
25 918 1
28 987 7
28 955 1
29 808 3
29 898 1
29 381 2
29 670 1
30 168 1
30 868 1
30 356 4
30 885 2
30 765 1
31 165 14
31 316 2
31 428 2
31 561 1
31 915 2
31 92 1
31 990 1
32 280 1
32 921 1
32 197 2
32 718 2
32 791 7
35 280 1
35 978 1
35 469 2
38 832 4
38 474 2
38 324 1
38 586 3
40 450 2
40 198 1
40 712 2
40 802 2
40 466 3
40 662 3
40 187 5
40 572 1
41 73 3
41 565 3
41 758 3
45 66 1
48 499 1
48 684 1
48 758 1
50 559 4
52 416 1
52 912 4
52 868 3
52 112 1
52 313 3
52 356 1
53 120 2
53 193 1
56 482 3
56 987 7
58 909 9
60 187 1
61 214 2
61 450 1
61 356 5
61 166 1
61 742 6
61 696 2
61 718 21
61 591 2
61 472 1
61 851 1
61 692 2
61 782 5
61 502 10
61 89 1
61 280 2
61 388 1
61 334 1
61 607 8
61 915 4
61 605 2
61 517 4
62 542 1
62 646 4
64 139 1
66 227 1
67 963 12
67 391 2
67 165 9
67 190 1
67 141 1
68 987 7
68 189 1
69 310 1
69 879 1
70 90 1
70 310 2
70 415 7
71 595 1
71 318 3
72 108 1
73 499 1
73 758 2
73 723 1
74 416 1
74 112 1
74 166 3
74 168 3
74 586 2
74 782 1
74 912 2
74 232 2
74 885 1
74 214 4
74 984 2
74 447 1
75 772 4
75 334 2
75 178 2
75 948 3
75 120 5
75 190 1
76 410 1
78 929 2
78 99 1
78 178 1
78 569 2
78 605 1
82 628 1
82 700 1
82 135 2
83 307 1
83 771 1
83 462 1
83 742 2
83 863 1
86 443 3
86 742 2
90 416 2
90 233 2
90 170 1
90 107 1
90 178 1
90 692 1
90 885 3
90 343 2
90 220 5
90 191 1
91 499 1
92 428 2
92 316 1
95 987 7
96 832 1
96 299 1
96 388 1
98 592 1
98 401 12
98 707 3
98 429 3
99 929 3
99 569 3
99 228 1
99 502 2
99 710 1
99 599 2
99 333 1
99 605 1
99 976 1
99 178 5
99 693 1
99 470 1
99 409 1
99 249 1
99 314 3
99 538 1
99 862 1
99 767 1
101 377 1
101 246 1
101 423 4
102 139 1
103 832 1
103 977 1
103 164 1
103 423 2
104 425 23
104 721 3
104 765 7
104 885 2
106 740 1
107 201 2
107 810 3
107 236 1
107 718 4
107 980 1
107 381 1
109 356 1
112 674 1
112 356 3
112 517 1
112 166 1
112 267 4
112 782 4
112 369 1
112 948 2
112 472 1
112 888 1
112 700 1
113 250 2
114 738 1
114 837 1
118 862 1
118 732 1
118 365 2
118 502 2
119 700 1
120 416 1
120 193 2
120 707 2
120 772 9
120 198 2
120 454 1
120 609 4
120 500 1
120 880 1
120 435 1
120 948 8
120 196 3
120 566 9
120 633 2
120 542 1
120 923 2
120 476 1
120 190 1
122 738 1
122 410 1
122 837 1
125 139 1
126 356 1
126 294 3
126 166 5
126 168 2
126 586 2
126 782 3
126 912 12
126 948 1
126 790 2
126 984 1
126 889 1
127 423 3
127 779 3
127 718 3
127 246 5
127 184 4
127 281 2
127 415 3
133 256 1
133 602 1
134 592 1
134 844 1
135 769 1
135 581 5
135 870 3
135 170 2
135 189 1
135 337 4
135 371 2
135 628 2
135 405 4
135 742 2
135 692 4
135 923 1
135 746 1
136 200 1
136 428 2
136 316 3
136 142 2
139 323 1
139 676 1
139 487 1
139 939 1
139 206 1
139 622 1
139 534 1
139 601 1
139 154 1
139 477 1
139 510 1
141 978 1
141 188 1
141 421 1
141 469 1
142 188 1
142 267 3
142 428 5
142 274 1
142 915 5
142 280 1
142 316 4
142 543 1
143 544 2
143 696 1
143 410 1
143 580 1
147 416 2
147 577 4
147 931 3
147 933 3
147 230 3
147 171 3
147 972 3
147 590 3
147 355 3
147 277 3
147 214 2
147 347 3
147 715 1
147 285 3
147 926 5
147 686 3
149 372 1
149 716 3
150 462 1
150 415 1
151 253 4
152 742 2
153 977 3
153 410 1
153 483 1
157 577 1
157 586 1
157 277 2
157 854 1
157 517 1
159 290 13
159 742 1
159 746 1
159 239 1
159 214 4
159 920 1
159 316 1
160 280 1
160 915 1
160 629 7
164 310 1
164 638 4
164 943 1
165 428 2
165 401 21
165 344 7
165 857 1
165 316 11
166 356 2
166 517 1
166 743 2
166 168 1
166 586 7
166 782 1
166 573 1
166 912 1
166 854 1
166 759 2
166 447 1
167 280 2
167 585 2
167 978 1
167 469 3
168 260 1
168 266 26
168 782 1
168 912 26
168 984 1
168 790 3
168 416 2
168 425 7
168 948 5
168 949 34
168 439 3
168 586 10
168 447 2
168 966 2
168 472 12
168 730 1
168 356 13
168 232 9
168 362 6
168 575 1
168 765 1
169 595 2
169 372 1
170 855 1
171 577 1
171 590 2
173 738 2
175 737 1
175 582 1
175 423 5
175 849 2
175 275 3
175 246 2
175 410 1
178 915 1
178 409 2
178 538 1
178 415 2
178 929 2
178 295 1
178 692 3
178 693 1
178 569 3
178 314 2
178 607 1
178 700 2
178 710 1
178 333 3
178 976 6
178 978 2
178 339 1
178 718 2
178 470 1
178 599 1
178 605 12
178 862 1
178 991 1
178 228 1
178 231 1
178 502 7
178 249 1
178 250 1
178 381 5
178 767 1
180 829 1
181 190 3
184 832 1
184 843 2
184 883 1
184 410 1
185 684 2
187 802 1
188 614 3
188 978 1
188 469 2
188 502 1
188 280 1
189 201 1
189 362 1
189 364 1
189 718 4
189 783 1
189 977 2
189 690 1
189 595 1
189 862 1
189 502 2
189 381 1
189 440 1
189 772 2
189 410 4
189 517 2
189 506 1
189 670 1
189 442 1
190 353 4
190 614 1
190 334 2
190 656 4
190 274 3
190 629 5
190 373 4
191 416 1
191 692 9
192 381 3
193 707 2
193 731 1
193 712 2
193 595 1
193 500 3
193 662 2
193 923 7
195 595 3
195 916 1
197 746 1
197 586 1
198 488 1
198 568 1
199 738 2
199 644 1
199 1001 1
199 996 3
199 506 1
199 541 1
200 971 3
200 428 1
200 915 3
200 952 6
200 316 5
207 424 1
207 978 1
207 373 1
207 469 5
208 236 1
208 335 1
209 948 1
209 356 2
214 428 2
214 912 1
214 278 1
214 923 2
214 290 5
214 940 3
214 687 1
214 951 3
214 443 1
214 316 2
214 707 2
214 334 5
214 720 1
214 742 1
214 746 3
214 531 1
214 629 1
214 502 1
214 763 1
214 765 2
216 321 2
216 618 1
223 746 1
225 883 2
226 440 2
228 929 1
228 502 2
228 569 2
228 605 2
229 483 1
229 742 6
229 523 2
229 241 1
229 307 1
229 790 1
229 607 5
231 923 1
231 264 1
231 329 1
231 874 1
231 245 1
231 987 17
231 540 7
231 830 2
231 607 2
232 356 1
232 912 1
232 305 1
232 946 2
232 948 1
232 790 1
232 472 7
232 313 6
233 692 5
233 746 1
236 537 20
239 577 1
239 713 1
239 823 6
239 951 1
240 586 2
241 280 1
241 469 2
245 582 4
245 840 1
245 329 1
245 874 1
245 264 1
245 692 1
245 987 7
245 764 2
246 866 1
246 423 3
248 501 1
249 929 1
249 693 1
249 569 2
249 410 2
249 605 1
250 513 2
250 770 2
250 886 1
250 646 2
250 551 2
250 535 3
250 332 1
250 369 5
250 722 4
250 854 2
250 823 2
250 607 3
250 444 10
250 542 4
250 485 3
251 928 3
251 410 1
251 987 7
251 482 1
251 383 2
253 290 5
253 566 5
255 577 1
256 416 1
256 313 3
256 948 1
256 356 5
260 266 2
262 810 1
264 329 1
266 912 3
266 790 2
266 439 1
267 392 2
267 435 4
267 948 2
267 662 2
270 738 2
272 754 1
272 595 4
272 450 2
272 662 1
272 383 1
273 951 2
275 849 2
277 577 1
277 285 4
277 314 1
277 700 2
277 926 1
278 923 5
280 772 1
280 647 1
280 656 2
280 920 1
280 530 3
280 915 2
280 281 9
280 547 1
280 421 1
280 422 1
280 685 1
280 561 2
280 658 5
280 953 1
280 445 1
280 288 1
280 846 1
280 630 1
280 718 1
280 851 1
280 526 2
280 990 1
280 293 1
280 484 1
280 614 1
280 360 2
280 493 1
280 531 1
280 629 25
280 502 1
280 631 2
280 891 1
284 680 1
284 731 1
284 422 11
285 577 1
288 484 17
288 773 16
288 391 10
288 493 19
288 846 19
288 561 19
288 629 25
288 630 4
288 445 9
289 899 1
290 589 1
291 401 12
291 429 3
291 454 3
292 306 1
292 836 1
293 362 1
293 862 2
294 416 2
294 586 2
294 885 2
294 984 1
294 313 1
294 573 1
295 569 2
299 832 1
301 978 1
301 469 2
302 316 1
302 428 1
304 441 1
305 425 1
306 771 5
306 742 2
306 307 2
306 951 1
306 863 2
307 835 2
307 659 1
307 901 1
307 863 2
310 586 4
310 943 1
310 368 1
310 950 1
310 534 2
310 343 3
310 399 1
311 987 7
313 356 11
313 912 3
313 472 6
314 929 2
314 710 1
314 569 2
314 538 4
316 647 1
316 915 6
316 543 1
316 428 12
316 952 3
316 953 2
316 629 4
316 838 1
316 971 2
316 344 1
316 857 7
316 349 1
316 990 1
316 373 1
318 956 1
318 332 1
318 790 2
319 918 1
321 499 2
322 634 2
322 591 1
322 334 4
322 343 5
324 586 4
326 586 3
327 849 1
327 738 2
327 381 2
327 414 2
329 624 1
332 586 2
332 782 8
332 435 1
332 500 18
332 573 2
332 542 2
333 929 1
333 743 1
333 502 3
333 569 2
333 607 1
333 605 1
333 767 2
334 772 2
334 502 1
334 746 1
334 586 1
334 692 1
334 534 5
334 638 4
334 607 8
335 643 1
335 737 1
335 553 1
335 810 1
335 468 1
335 1004 1
335 528 1
335 700 1
335 464 1
335 664 2
335 537 1
335 980 8
335 381 2
335 670 1
337 505 1
337 607 1
337 534 2
338 987 7
338 540 2
339 569 2
343 399 3
343 950 1
343 663 1
343 607 3
344 428 1
347 577 2
349 976 13
349 915 2
349 428 3
355 577 1
356 517 3
356 912 9
356 602 4
356 416 3
356 425 1
356 946 1
356 948 5
356 574 1
356 447 1
356 586 1
356 718 1
356 721 8
356 854 1
356 472 21
356 730 4
356 868 9
356 743 9
356 765 10
356 383 1
360 629 6
360 526 1
361 987 7
362 528 2
362 647 1
362 909 2
362 464 1
362 952 2
362 383 2
364 506 1
364 692 1
365 732 1
369 535 2
372 404 1
372 934 1
377 866 2
377 423 2
379 568 3
380 440 1
381 980 2
381 506 1
381 670 1
383 528 2
383 909 2
383 720 3
383 595 1
383 531 2
383 887 1
383 586 4
388 832 1
388 491 1
388 502 1
388 951 1
388 638 2
392 948 2
392 517 2
400 742 2
401 454 15
401 429 16
401 415 15
404 595 1
404 934 1
409 929 2
409 569 2
409 605 1
410 777 1
410 650 1
410 924 1
410 541 1
410 433 1
410 837 1
410 994 1
410 719 1
410 977 4
410 482 1
410 1001 1
410 767 2
415 544 1
415 833 3
415 940 1
415 429 6
416 782 6
416 912 4
416 984 1
416 425 1
416 946 1
416 948 9
416 707 3
416 586 2
416 472 1
416 868 1
416 885 1
416 633 1
416 447 3
416 765 1
418 977 5
418 996 22
421 424 5
421 978 1
421 469 2
421 795 1
422 680 2
422 527 1
422 731 4
423 832 1
423 996 2
423 710 2
423 977 2
423 779 2
423 780 1
423 630 2
423 849 1
424 978 1
424 469 2
425 912 3
425 946 3
425 948 5
425 949 2
425 472 3
425 765 1
426 462 1
428 838 3
428 647 1
428 971 1
428 915 11
428 953 1
428 952 3
428 857 14
428 543 1
428 990 2
429 454 8
432 987 7
433 987 13
435 586 3
435 782 2
435 500 6
437 738 2
439 912 6
440 737 1
440 537 7
443 742 3
443 692 1
443 662 10
444 535 2
447 586 5
447 557 1
447 912 1
447 762 1
450 802 1
450 712 1
450 595 5
450 923 2
450 572 1
454 609 4
454 772 3
454 592 5
458 577 2
462 517 1
464 502 2
465 812 1
466 662 3
469 512 4
469 547 2
469 614 2
469 851 1
469 817 2
469 978 1
469 954 2
469 795 2
469 957 2
470 569 2
470 605 1
471 483 2
472 782 2
472 912 11
472 949 3
473 650 1
474 939 3
478 818 1
479 837 2
480 987 7
482 641 1
482 809 1
482 531 2
482 987 7
482 606 3
483 586 1
485 646 2
485 823 3
491 731 1
493 978 2
493 629 7
499 704 1
499 935 1
499 844 1
499 684 5
499 558 1
499 565 4
499 607 1
500 814 5
500 948 1
500 782 3
500 575 2
502 915 4
502 534 1
502 538 2
502 923 1
502 929 1
502 693 2
502 569 2
502 710 1
502 718 1
502 591 1
502 851 3
502 605 2
502 862 2
502 607 1
506 738 2
506 899 1
506 1001 1
506 881 1
509 634 3
511 849 1
512 978 1
512 979 1
514 832 1
514 977 2
514 780 1
514 950 1
514 582 1
516 738 2
516 804 1
516 743 2
516 924 4
516 764 8
517 718 1
517 674 1
517 586 2
517 814 1
517 765 1
517 948 1
517 565 1
517 854 2
517 602 4
517 542 1
526 629 7
528 922 2
528 589 2
530 561 1
530 746 1
530 915 1
530 629 15
530 891 1
531 987 7
532 761 1
532 738 2
532 700 1
534 939 1
534 862 1
534 607 1
538 929 1
538 569 2
538 605 1
540 994 16
540 955 3
540 840 1
540 874 1
540 951 1
540 987 8
541 1001 1
541 738 2
542 646 1
542 586 1
542 854 1
542 823 1
542 765 1
543 952 1
543 951 3
544 563 2
544 669 2
546 920 2
546 595 2
546 550 1
546 662 1
547 978 1
547 862 1
547 614 1
550 920 1
552 817 1
552 978 2
558 704 2
558 956 1
558 684 2
558 565 2
561 629 7
563 696 1
565 586 1
565 844 6
565 854 1
565 723 6
566 772 1
568 595 3
568 947 3
569 929 2
569 693 2
569 710 2
569 976 2
569 599 2
569 605 3
569 862 2
569 991 2
569 767 2
572 802 1
573 586 1
575 912 5
575 782 1
576 738 2
577 931 1
577 933 1
577 715 1
577 972 1
577 748 1
577 590 1
577 686 1
577 926 2
581 742 3
582 832 1
582 994 3
582 987 9
586 782 5
586 674 1
586 687 1
586 854 2
586 602 4
586 868 2
586 743 2
586 617 2
586 762 3
586 765 1
591 746 1
591 607 7
592 609 7
592 713 1
592 948 3
595 752 3
599 929 2
599 872 1
599 693 1
599 605 1
602 868 1
602 743 7
602 721 3
602 854 1
602 765 1
605 929 1
605 685 1
605 693 4
605 700 1
605 710 1
605 976 1
605 718 2
605 862 3
605 767 1
607 782 3
607 687 6
607 692 5
607 696 2
607 724 1
607 718 10
607 987 1
607 746 1
609 772 2
609 951 2
609 633 1
614 978 1
614 862 1
614 629 1
624 692 5
626 863 1
629 658 7
629 685 7
629 846 6
629 630 8
629 631 6
629 891 7
633 707 2
634 832 2
638 832 2
638 700 2
641 738 1
641 987 7
641 837 1
643 657 3
644 738 2
644 924 3
650 738 3
650 682 5
650 654 7
650 783 1
650 686 2
654 738 8
654 837 2
654 682 7
654 783 6
656 920 1
657 738 2
659 742 2
659 863 1
662 833 1
662 900 3
663 951 2
668 720 1
668 746 4
668 935 1
672 844 1
672 918 1
674 948 2
674 854 1
679 956 1
679 951 1
680 707 2
680 731 2
682 738 3
682 783 1
684 704 1
684 844 4
685 1001 1
686 872 2
686 696 2
687 776 2
687 746 3
687 718 1
687 923 2
692 742 3
692 746 5
692 775 1
692 718 1
692 935 3
692 696 1
692 830 1
692 703 1
693 929 1
693 862 1
696 731 1
697 855 3
698 738 1
698 987 7
698 837 1
699 912 1
700 782 1
700 881 1
700 790 2
700 956 1
702 738 2
702 850 1
703 784 1
703 771 7
704 844 1
704 743 2
707 880 3
707 951 5
707 923 2
710 929 2
710 832 1
710 737 2
716 718 9
718 843 4
718 724 7
718 915 3
718 866 2
718 883 8
718 980 1
718 762 1
719 738 3
720 935 8
720 746 4
720 813 1
721 765 9
721 743 3
723 758 3
724 1004 2
724 978 1
724 883 6
724 921 2
730 912 3
738 783 4
738 921 2
738 923 6
738 924 2
738 945 2
738 828 2
738 837 4
738 850 2
738 979 2
738 916 1
738 996 2
738 1001 2
738 881 2
738 745 6
738 761 2
740 788 1
740 879 1
742 769 2
742 900 1
742 901 2
742 802 1
742 935 1
742 775 1
742 835 4
742 863 2
742 993 2
742 879 1
742 754 1
742 915 1
742 765 11
742 784 2
743 948 1
746 935 24
746 915 1
748 926 1
758 844 2
758 918 1
758 956 4
764 874 1
764 987 7
765 936 1
765 912 1
765 854 1
765 868 6
767 929 2
769 863 1
771 870 1
771 926 1
771 863 3
772 923 1
772 862 1
774 947 211
779 883 2
780 832 1
780 977 2
782 912 2
782 790 3
782 984 2
783 837 1
789 987 7
790 868 3
790 837 1
795 978 3
803 948 4
804 881 1
809 987 7
810 881 4
817 978 1
832 950 1
837 969 1
837 916 1
840 874 1
840 987 7
843 883 1
843 907 1
844 918 1
849 987 7
850 924 2
851 978 1
854 948 3
854 918 1
855 951 2
857 915 1
857 951 5
862 929 1
862 909 6
863 993 1
868 912 1
872 987 7
873 874 1
873 987 7
880 951 1
883 915 1
885 984 1
887 909 1
898 951 1
912 948 1
912 949 11
915 971 1
915 923 3
918 956 1
920 978 2
921 923 1
921 1004 4
925 987 7
939 951 1
950 977 2
954 978 1
955 987 7
957 978 1
978 988 2
987 994 7
