0
1
2
3
4
5
6
7
8
9
10
11
12
13
14
15
16
17
18
19
20
21
22
23
24
25
26
27
28
29
30
31
32
33
34
35
36
37
38
39
40
41
42
43
44
45
46
47
48
49
50
51
52
53
54
55
56
57
58
59
60
61
62
63
64
65
66
67
68
69
70
71
72
73
74
75
76
77
78
79
80
81
82
83
84
85
86
87
88
89
90
91
92
93
94
95
96
97
98
99
100
101
102
103
104
105
106
107
108
109
110
111
112
113
114
115
116
117
118
119
120
121
122
123
124
125
126
127
128
129
130
131
132
133
134
135
136
137
138
139
141
142
143
144
145
146
147
148
149
150
151
152
153
154
155
157
158
159
160
161
162
163
164
165
166
167
168
169
170
171
172
173
174
175
176
177
178
179
180
181
182
183
184
185
186
187
188
189
190
191
192
193
194
195
196
197
198
199
200
201
202
203
204
205
206
207
208
209
210
211
212
213
214
215
216
217
218
219
220
221
222
223
224
225
226
227
228
229
230
231
232
233
235
236
237
238
239
240
241
242
243
244
245
246
247
248
249
250
251
252
253
254
255
256
257
259
260
262
263
264
265
266
267
268
269
270
271
272
273
274
275
276
277
278
279
280
281
282
283
284
285
286
287
288
289
290
291
292
293
294
295
296
297
299
300
301
302
303
304
305
306
307
308
309
310
311
312
313
314
315
316
317
318
319
320
321
322
323
324
325
326
327
328
329
330
331
332
333
334
335
336
337
338
339
340
341
343
344
345
346
347
348
349
350
351
352
353
355
356
357
358
359
360
361
362
364
365
366
367
368
369
370
371
372
373
374
375
376
377
378
379
380
381
382
383
384
385
386
387
388
389
390
391
392
393
394
395
396
397
398
399
400
401
402
403
404
405
406
407
408
409
410
411
412
413
414
415
416
418
419
420
421
422
423
424
425
426
427
428
429
430
431
432
433
434
435
436
437
438
439
440
441
442
443
444
445
446
447
448
449
450
451
452
453
454
455
456
457
458
459
460
461
462
464
465
466
467
468
469
470
471
472
473
474
475
476
477
478
479
480
481
482
483
484
485
486
487
488
489
490
491
492
493
495
496
497
498
499
500
501
502
503
504
505
506
507
508
509
510
511
512
513
514
515
516
517
518
519
520
521
522
523
524
525
526
527
528
530
531
532
533
534
535
536
537
538
539
540
541
542
543
544
545
546
547
548
549
550
551
552
553
554
556
557
558
559
560
561
562
563
564
565
566
567
568
569
570
571
572
573
574
575
576
577
578
579
580
581
582
583
584
585
586
587
588
589
590
591
592
593
594
595
596
597
598
599
600
601
602
603
604
605
606
607
609
610
611
612
613
614
615
616
617
618
619
621
622
623
624
625
626
627
628
629
630
631
632
633
634
635
636
637
638
639
640
641
642
643
644
645
646
647
648
649
650
651
652
653
654
655
656
657
658
659
660
661
662
663
664
665
666
667
668
669
670
671
672
673
674
675
676
677
678
679
680
681
682
683
684
685
686
687
688
689
690
691
692
693
694
695
696
697
698
699
700
701
702
703
704
705
706
707
708
709
710
711
712
713
714
715
716
717
718
719
720
721
722
723
724
725
726
727
728
729
730
731
732
733
734
735
736
737
738
739
740
741
742
743
744
745
746
747
748
749
750
751
752
753
754
756
757
758
759
760
761
762
763
764
765
767
768
769
770
771
772
773
774
775
776
777
778
779
780
781
782
783
784
785
786
787
788
789
790
791
792
793
794
795
796
797
798
799
800
801
802
803
804
805
806
807
808
809
810
811
812
813
814
815
816
817
818
819
820
821
822
823
824
825
826
827
828
829
830
831
832
833
834
835
836
837
838
839
840
841
842
843
844
845
846
847
848
849
850
851
852
853
854
855
856
857
858
859
860
861
862
863
864
865
866
867
868
869
870
871
872
873
874
875
876
877
878
879
880
881
882
883
884
885
886
887
888
889
890
891
892
893
894
895
896
897
898
899
900
901
902
903
904
905
906
907
908
909
910
911
912
913
914
915
916
917
918
919
920
921
922
923
924
925
926
927
928
929
930
931
932
933
934
935
936
937
938
939
940
941
942
943
944
945
946
947
948
949
950
951
952
953
954
955
956
957
958
960
961
962
963
964
965
966
967
968
969
970
971
972
973
974
975
976
977
978
979
980
981
982
983
984
985
986
987
988
989
990
991
992
993
994
995
996
997
998
999
1000
1001
1002
1003
1004
0 6 1
0 519 1
0 409 1
0 538 1
0 929 1
0 178 5
0 693 1
0 569 2
0 314 1
0 710 1
0 333 1
0 78 1
0 976 1
0 470 1
0 599 1
0 732 2
0 605 2
0 862 1
0 991 1
0 99 1
0 228 1
0 502 1
0 249 1
0 767 1
2 166 2
2 715 1
2 404 1
2 126 2
2 119 1
2 988 1
2 638 4
2 479 1
4 441 1
4 135 3
5 553 1
5 491 2
5 189 2
5 381 1
6 569 2
6 178 4
8 544 3
13 738 2
13 951 1
13 516 1
13 783 1
14 738 2
14 644 1
14 1001 1
14 996 3
14 924 1
14 381 1
14 702 1
15 680 5
15 731 8
16 293 1
17 857 1
17 316 2
17 165 1
19 293 1
24 167 1
24 267 2
24 909 2
24 750 1
24 561 4
24 530 1
24 629 9
24 280 3
24 281 2
24 891 7
25 458 1
25 684 3
28 987 6
29 491 1
29 381 1
30 912 1
30 356 2
30 885 4
31 915 3
31 795 2
31 316 2
31 165 10
31 838 1
32 977 1
32 718 1
32 921 1
35 165 1
35 978 1
35 469 2
35 207 2
38 832 2
38 474 2
38 939 3
38 334 3
38 638 1
40 450 2
40 198 1
40 802 1
40 272 2
40 214 1
40 187 1
40 572 1
40 415 2
41 73 6
41 723 5
42 534 4
42 943 2
46 622 1
48 672 1
48 458 1
48 684 5
48 558 1
48 723 1
48 918 1
48 319 1
50 559 4
52 232 1
52 948 2
52 126 2
53 633 1
53 890 1
53 189 1
53 127 1
55 404 4
56 482 3
56 491 3
56 772 1
56 101 2
56 987 6
58 818 2
58 909 3
61 388 1
61 517 4
61 135 4
61 393 3
61 522 1
61 912 3
61 915 1
61 157 1
61 542 1
61 166 1
61 692 1
61 450 1
61 718 9
61 591 2
61 851 1
61 89 2
61 602 1
61 356 4
61 742 3
61 371 1
61 502 2
61 765 1
62 800 4
62 163 1
62 646 5
62 913 2
62 823 1
62 542 1
62 159 2
67 963 19
67 165 7
67 391 4
67 846 6
67 207 6
67 561 3
67 344 7
68 987 6
69 943 2
70 776 1
71 595 6
73 723 1
73 644 1
73 926 1
74 416 2
74 112 2
74 356 1
74 166 6
74 168 1
74 586 3
74 912 2
74 392 5
74 984 2
74 573 1
75 772 1
75 771 1
75 948 5
75 220 2
75 550 1
76 471 1
77 912 2
78 569 2
78 178 4
78 506 1
82 267 1
82 135 3
83 697 1
83 771 1
83 742 1
84 534 2
86 152 1
86 443 9
86 662 2
86 742 1
89 718 2
90 356 3
90 166 1
90 648 1
90 765 1
90 946 2
90 147 1
90 948 1
90 534 1
90 472 1
90 157 1
91 779 1
91 499 1
91 415 3
92 658 1
92 316 2
92 165 2
92 838 2
95 987 6
98 592 2
98 401 8
98 268 2
99 569 2
99 178 4
99 502 1
101 377 1
101 718 1
101 246 9
101 423 4
102 638 4
102 534 3
102 293 1
103 514 1
103 943 1
103 423 2
104 425 25
104 313 2
104 721 1
105 418 27
105 996 2
105 582 2
106 322 1
106 740 1
106 950 1
107 201 1
107 810 2
107 236 1
109 232 1
111 586 4
112 803 1
112 870 1
112 1000 4
112 267 5
112 948 1
113 250 1
114 122 1
114 716 1
117 268 2
118 732 3
119 812 3
120 196 1
120 948 6
122 716 1
125 510 1
125 622 7
125 534 3
126 416 5
126 240 1
126 868 2
126 869 1
126 356 3
126 586 3
126 782 4
126 912 4
126 948 6
126 790 8
126 542 4
127 293 1
127 843 1
127 718 4
127 687 3
127 754 2
127 595 2
127 150 2
129 355 1
129 926 2
133 602 2
133 948 2
133 765 2
134 592 2
134 738 1
134 268 1
135 746 2
135 581 3
135 870 3
135 776 1
135 936 2
135 233 3
135 170 2
135 334 3
135 337 5
135 371 4
135 628 3
135 405 1
135 855 3
135 292 2
135 703 4
135 607 1
136 200 7
136 857 1
136 915 2
136 316 3
136 165 2
139 534 4
141 978 1
141 188 1
141 630 2
141 214 1
142 165 2
142 267 4
142 143 1
142 274 2
142 207 6
142 316 2
143 544 1
144 544 1
147 416 4
147 577 4
147 931 3
147 196 1
147 933 3
147 609 1
147 972 3
147 171 3
147 748 3
147 590 3
147 355 3
147 277 3
147 347 5
147 285 3
147 926 6
147 686 3
149 716 2
149 372 4
149 293 1
150 617 1
150 415 2
151 253 3
152 742 1
153 418 2
157 746 2
157 347 1
157 926 1
159 416 5
159 577 1
159 290 1
159 868 2
159 609 1
159 425 3
159 746 3
159 214 2
159 951 1
159 233 1
159 414 1
160 167 2
160 658 2
160 629 7
160 857 1
160 280 2
160 281 1
161 746 2
163 799 1
163 646 3
163 895 1
164 638 2
164 943 1
165 647 2
165 915 3
165 280 1
165 543 2
165 428 2
165 302 2
165 952 2
165 953 2
165 316 7
165 200 3
165 971 2
165 207 2
165 344 7
165 857 5
165 349 1
165 990 5
165 401 11
165 890 1
166 416 1
166 609 2
166 803 3
166 356 3
166 743 1
166 392 4
166 214 2
166 586 1
167 547 2
167 585 1
167 978 1
167 469 3
167 630 3
168 416 3
168 256 1
168 260 3
168 966 10
168 232 5
168 425 1
168 556 2
168 782 1
168 912 20
168 648 3
168 948 3
168 949 12
168 439 4
168 472 10
168 356 9
168 266 6
168 575 1
171 926 1
171 590 1
173 738 2
173 506 1
173 702 1
175 737 2
175 977 5
175 423 1
175 849 3
175 275 2
175 246 2
178 214 1
178 409 4
178 538 5
178 929 3
178 295 3
178 693 6
178 569 5
178 314 4
178 577 2
178 710 4
178 333 5
178 976 4
178 339 4
178 470 4
178 599 5
178 605 4
178 862 4
178 991 3
178 228 7
178 502 8
178 249 4
178 767 4
181 190 2
184 832 2
184 225 2
184 710 1
184 423 1
184 718 1
184 407 1
185 833 1
185 830 1
185 415 2
187 450 1
187 695 1
188 421 2
188 614 3
188 978 2
188 469 4
188 502 1
189 362 1
189 491 1
189 270 1
189 977 2
189 502 1
189 316 1
190 656 3
190 353 3
190 274 2
190 373 3
191 752 1
191 692 6
191 415 1
192 506 1
192 381 1
193 633 1
196 291 1
196 454 1
196 268 2
196 850 1
197 718 1
199 644 1
199 506 3
199 996 2
199 738 2
200 971 1
200 915 5
200 952 1
200 857 3
200 316 2
206 534 3
207 561 1
207 558 1
207 428 1
207 301 1
207 847 2
207 424 2
207 978 1
207 469 6
207 408 1
207 953 2
207 954 2
207 795 3
207 988 2
207 349 1
207 373 2
209 356 1
214 515 1
214 776 1
214 530 1
214 531 1
214 662 2
214 920 1
214 544 1
214 940 5
214 692 1
214 569 1
214 316 1
214 577 1
214 963 1
214 324 1
214 334 2
214 720 1
214 220 1
214 865 1
214 738 1
214 356 1
214 742 1
214 746 5
214 239 1
214 371 1
214 629 2
216 458 3
216 956 2
216 558 2
216 319 1
220 362 1
220 334 1
220 471 3
220 506 1
220 383 6
223 746 1
223 879 1
223 322 1
223 343 1
224 316 1
224 349 1
225 423 3
228 569 2
228 605 2
229 421 1
229 742 1
229 607 1
230 926 1
231 738 1
231 874 3
231 338 1
231 245 3
231 987 6
231 540 12
231 607 1
232 356 3
232 425 3
232 946 1
232 790 5
232 472 3
232 313 2
232 602 3
232 765 2
233 835 2
233 329 3
233 746 1
233 692 5
239 416 1
239 868 1
239 934 1
239 951 1
239 923 2
241 978 1
241 469 2
245 994 2
245 840 1
245 540 3
245 874 3
245 591 1
245 692 1
245 987 6
245 764 1
246 377 1
246 293 1
246 423 14
248 746 2
248 506 1
249 569 2
250 513 1
250 770 1
250 485 1
250 646 1
250 551 2
250 535 1
250 332 3
250 369 3
250 722 1
250 886 2
250 854 2
250 823 1
250 444 1
250 542 2
251 987 6
253 290 1
253 566 1
256 416 3
256 648 1
256 478 5
256 313 2
260 912 4
260 439 1
266 912 4
267 674 1
267 803 1
267 517 4
267 392 1
267 586 24
267 751 1
267 561 7
267 435 5
267 948 4
267 686 3
267 891 8
268 291 1
268 454 3
268 713 2
268 683 1
268 592 2
268 633 2
270 738 2
272 595 1
272 662 1
273 951 4
274 841 2
275 849 2
277 285 3
277 926 1
277 715 1
278 923 2
278 772 1
278 414 1
280 288 1
280 630 1
280 547 4
280 388 2
280 360 1
280 530 1
280 491 1
280 685 1
280 846 5
280 493 1
280 561 4
280 658 3
280 629 12
280 502 1
280 631 3
280 526 1
280 891 1
281 484 1
281 491 2
281 526 1
281 349 3
284 584 1
284 731 1
284 422 2
285 926 1
288 484 30
288 773 30
288 391 29
288 493 31
288 846 31
288 561 30
288 629 36
288 630 5
288 445 23
289 506 1
291 401 8
292 506 2
293 866 1
293 716 1
293 724 1
293 862 1
294 416 1
294 648 2
294 586 3
294 782 3
294 817 2
295 569 2
299 634 1
299 388 3
299 509 1
301 978 1
301 469 2
301 493 1
302 316 2
304 441 2
306 523 3
306 659 1
306 742 2
310 343 1
310 943 7
311 987 6
311 955 1
313 416 1
313 356 6
313 602 2
313 765 2
314 569 2
314 693 1
314 710 1
316 647 2
316 392 1
316 915 8
316 543 2
316 428 2
316 952 2
316 953 3
316 971 2
316 344 2
316 857 4
316 349 1
316 990 2
318 765 2
319 832 3
319 386 1
319 458 1
319 684 1
319 558 5
319 499 1
321 458 1
321 499 11
321 684 1
321 565 1
321 558 1
322 740 1
322 879 5
322 534 3
322 638 5
323 939 1
323 622 4
327 738 2
327 924 2
329 624 3
329 775 1
332 500 14
332 356 1
333 569 2
334 772 1
334 742 1
334 586 2
334 607 1
335 362 1
335 381 1
336 715 1
337 870 1
337 603 4
337 502 1
337 638 2
338 994 1
338 987 6
338 540 2
339 569 2
343 879 2
343 943 4
343 368 1
343 853 2
343 399 2
343 607 1
347 926 2
347 715 1
349 976 5
353 838 1
353 391 9
355 926 1
356 772 1
356 517 2
356 648 10
356 912 14
356 790 7
356 416 7
356 602 3
356 948 3
356 586 4
356 718 3
356 472 7
356 730 7
356 868 1
356 743 2
356 762 1
356 765 5
360 629 5
360 526 1
361 987 6
362 854 1
362 909 1
362 724 1
362 662 1
362 383 7
365 866 1
369 913 4
369 444 4
369 646 2
371 585 5
371 441 2
372 595 3
372 404 4
372 934 5
373 391 20
377 951 3
378 514 1
378 603 2
381 738 1
381 658 1
381 670 2
383 996 7
383 909 2
383 589 1
383 528 1
383 595 1
383 922 2
383 891 3
383 586 2
388 832 3
388 634 1
388 638 6
391 629 1
391 445 7
392 674 2
392 948 1
399 943 1
400 742 1
401 454 11
401 683 1
401 429 9
401 415 10
404 688 1
404 595 1
404 506 1
405 870 2
409 569 2
410 832 1
410 977 6
410 951 1
414 607 1
414 923 1
415 833 4
415 803 4
415 630 1
415 587 1
415 752 1
416 772 1
416 425 4
416 586 11
416 912 2
416 648 3
416 946 2
416 948 7
416 885 2
416 472 1
418 977 4
418 996 138
421 424 5
421 978 1
421 469 2
421 795 1
422 680 6
422 731 2
422 572 2
423 780 2
423 718 1
423 977 2
423 950 2
423 849 1
424 547 1
424 644 1
424 978 1
424 469 2
424 795 1
425 946 6
425 472 3
425 765 1
427 955 1
428 491 1
429 454 5
432 480 1
432 482 1
432 987 6
433 849 2
433 987 8
433 540 1
433 789 1
435 586 5
435 500 1
435 782 1
437 738 2
438 818 2
439 912 8
443 742 1
443 662 9
444 535 1
445 629 1
447 984 1
447 586 4
450 835 2
450 662 3
450 746 1
450 712 2
450 595 2
450 851 1
450 502 1
450 915 3
454 772 1
454 1003 1
454 592 4
458 577 2
458 1000 1
458 684 2
458 558 3
458 499 1
458 918 1
458 503 1
458 956 1
465 812 4
469 547 2
469 614 2
469 817 2
469 978 1
469 954 2
469 795 2
469 957 2
470 569 2
472 743 1
472 912 3
472 946 2
474 939 1
477 534 3
478 818 2
479 700 1
480 506 1
480 987 6
481 565 4
482 531 2
482 987 6
484 629 1
485 799 1
485 646 1
485 823 2
487 534 3
489 534 3
491 502 1
491 731 1
491 671 1
493 561 2
493 629 5
493 795 2
499 704 1
499 1000 1
499 684 2
499 844 4
499 558 1
499 565 3
499 918 2
499 503 1
499 607 1
499 956 1
500 782 1
500 814 4
502 915 1
502 538 2
502 923 1
502 687 1
502 569 2
502 718 1
502 591 1
502 976 2
502 605 2
502 862 2
502 742 1
502 746 1
502 506 3
505 603 3
506 899 1
506 644 3
506 657 1
506 537 1
506 541 7
506 688 1
506 828 1
506 576 1
506 841 3
506 738 2
506 996 19
506 745 1
509 603 1
510 622 5
510 534 5
512 978 1
513 646 2
514 832 3
514 1001 1
514 780 1
514 977 1
514 950 1
514 603 3
516 738 2
516 804 2
516 783 3
516 532 2
516 790 2
516 828 1
517 587 1
517 751 1
517 948 1
517 542 2
522 546 2
526 629 5
526 561 2
527 696 3
527 870 5
528 867 1
528 772 1
530 746 3
530 629 14
530 630 1
530 891 3
531 987 10
531 746 1
532 738 2
532 804 1
534 609 1
534 939 8
534 746 1
534 562 3
534 622 3
534 649 4
534 634 1
534 591 1
535 542 1
538 569 2
538 605 1
540 994 7
540 955 1
540 840 1
540 874 3
540 855 1
540 987 10
541 738 3
542 772 3
542 646 2
542 746 1
542 765 2
543 952 2
543 951 1
544 580 3
544 741 2
544 563 1
544 791 1
544 669 3
547 978 1
547 630 3
548 943 1
550 803 3
550 873 2
550 812 3
550 595 1
550 629 3
550 920 1
552 978 1
552 988 1
553 670 1
558 565 1
558 956 2
559 622 10
561 846 17
561 629 10
565 844 1
565 684 1
565 723 1
565 956 2
565 926 1
569 929 2
569 693 2
569 710 2
569 976 2
569 599 2
569 605 2
569 862 2
569 991 2
569 767 2
572 711 1
573 586 2
575 966 3
576 657 1
576 738 2
577 715 1
582 994 3
582 987 6
584 731 1
585 771 2
586 782 2
586 648 1
586 617 1
586 687 1
586 912 1
586 885 4
586 984 2
586 762 1
587 720 1
587 617 3
590 926 1
591 742 2
591 746 3
591 718 2
592 609 1
592 948 3
595 934 4
595 696 2
595 732 2
599 849 1
602 743 1
602 765 2
603 780 2
603 822 2
603 735 2
605 1001 5
605 685 2
605 693 2
607 742 1
607 696 3
607 891 1
609 772 1
609 855 1
613 772 1
614 978 1
617 951 2
618 644 1
618 918 1
622 676 7
629 772 1
629 776 1
629 658 5
629 685 5
629 846 5
629 978 2
629 750 6
629 630 6
629 631 5
629 891 9
630 685 3
630 700 2
630 957 2
630 894 1
633 951 1
634 788 1
634 638 2
638 832 4
638 950 1
641 987 6
643 685 4
644 738 2
644 924 11
648 912 3
648 790 2
648 765 1
650 738 2
650 682 1
654 738 3
654 682 1
654 783 1
656 891 1
657 921 1
657 738 2
659 742 1
662 900 2
662 802 2
663 943 3
668 720 3
668 746 9
668 813 1
668 935 2
671 746 1
672 844 1
674 948 1
678 696 3
679 684 2
682 738 3
682 783 1
684 704 3
684 746 4
684 844 1
684 918 1
685 1001 5
686 926 1
687 746 2
687 742 1
692 742 5
692 746 3
692 830 3
696 731 4
696 891 1
697 771 1
697 925 3
697 855 8
698 987 6
700 896 1
700 804 1
700 812 2
700 881 2
700 956 3
702 738 2
702 996 10
704 743 4
706 951 2
707 880 1
711 718 2
715 926 6
716 718 3
718 866 2
718 746 1
718 883 2
718 724 2
718 851 1
718 980 2
719 738 2
720 833 1
720 935 4
720 746 20
720 813 3
721 765 4
730 912 8
730 868 2
731 746 2
738 783 5
738 921 2
738 923 3
738 924 2
738 945 2
738 828 2
738 837 2
738 850 2
738 979 2
738 996 2
738 1001 2
738 881 2
738 745 3
738 761 2
739 746 1
740 788 1
740 879 2
742 769 1
742 771 1
742 900 11
742 901 1
742 835 1
742 863 1
742 993 1
742 746 3
742 765 1
742 784 1
745 837 1
746 900 1
746 776 4
746 920 3
746 935 22
746 775 2
746 813 7
746 834 2
746 851 1
746 980 1
746 994 1
748 926 1
751 948 1
754 907 1
759 984 1
764 994 1
764 874 3
764 987 6
765 868 2
765 912 1
765 948 1
772 870 1
772 993 1
772 997 1
772 812 1
772 783 1
772 923 1
774 947 37
779 883 1
780 832 1
783 979 1
783 921 1
789 987 6
789 873 2
790 812 5
790 984 2
795 978 1
801 872 1
803 948 4
804 881 3
809 987 6
810 881 1
813 935 1
817 978 1
838 952 1
840 874 3
840 987 6
849 987 6
850 996 2
851 957 1
851 978 1
853 943 1
854 948 4
857 915 8
862 909 4
872 987 8
873 874 3
873 987 6
874 925 1
891 920 1
912 948 2
912 949 8
912 984 1
923 951 2
925 987 6
925 955 1
926 931 1
926 933 1
926 972 1
943 950 2
946 966 1
946 948 1
948 949 7
950 977 2
951 957 2
952 971 3
954 978 1
955 987 7
957 978 1
978 988 1
987 994 6
