0
1
2
3
4
5
6
7
8
9
10
11
12
13
14
15
16
17
18
19
20
21
22
23
24
25
26
27
28
29
30
31
32
33
34
35
36
37
38
39
40
41
42
43
44
45
46
47
48
49
50
51
52
53
54
55
56
57
58
59
60
61
62
63
64
65
66
67
68
69
70
71
72
73
74
75
76
77
78
79
80
81
82
83
84
85
86
87
88
89
90
91
92
93
94
95
96
97
98
99
100
101
102
103
104
105
106
107
108
109
110
111
112
113
114
115
116
117
118
119
120
121
122
123
124
125
126
127
128
129
130
131
132
133
134
135
136
137
138
139
141
142
143
144
145
146
147
148
149
150
151
152
153
154
155
157
158
159
160
161
162
163
164
165
166
167
168
169
170
171
172
173
174
175
176
177
178
179
180
181
182
183
184
185
186
187
188
189
190
191
192
193
194
195
196
197
198
199
200
201
202
203
204
205
206
207
208
209
210
211
212
213
214
215
216
217
218
219
220
221
222
223
224
225
226
227
228
229
230
231
232
233
235
236
237
238
239
240
241
242
243
244
245
246
247
248
249
250
251
252
253
254
255
256
257
259
260
262
263
264
265
266
267
268
269
270
271
272
273
274
275
276
277
278
279
280
281
282
283
284
285
286
287
288
289
290
291
292
293
294
295
296
297
299
300
301
302
303
304
305
306
307
308
309
310
311
312
313
314
315
316
317
318
319
320
321
322
323
324
325
326
327
328
329
330
331
332
333
334
335
336
337
338
339
340
341
343
344
345
346
347
348
349
350
351
352
353
355
356
357
358
359
360
361
362
364
365
366
367
368
369
370
371
372
373
374
375
376
377
378
379
380
381
382
383
384
385
386
387
388
389
390
391
392
393
394
395
396
397
398
399
400
401
402
403
404
405
406
407
408
409
410
411
412
413
414
415
416
418
419
420
421
422
423
424
425
426
427
428
429
430
431
432
433
434
435
436
437
438
439
440
441
442
443
444
445
446
447
448
449
450
451
452
453
454
455
456
457
458
459
460
461
462
464
465
466
467
468
469
470
471
472
473
474
475
476
477
478
479
480
481
482
483
484
485
486
487
488
489
490
491
492
493
495
496
497
498
499
500
501
502
503
504
505
506
507
508
509
510
511
512
513
514
515
516
517
518
519
520
521
522
523
524
525
526
527
528
530
531
532
533
534
535
536
537
538
539
540
541
542
543
544
545
546
547
548
549
550
551
552
553
554
556
557
558
559
560
561
562
563
564
565
566
567
568
569
570
571
572
573
574
575
576
577
578
579
580
581
582
583
584
585
586
587
588
589
590
591
592
593
594
595
596
597
598
599
600
601
602
603
604
605
606
607
609
610
611
612
613
614
615
616
617
618
619
621
622
623
624
625
626
627
628
629
630
631
632
633
634
635
636
637
638
639
640
641
642
643
644
645
646
647
648
649
650
651
652
653
654
655
656
657
658
659
660
661
662
663
664
665
666
667
668
669
670
671
672
673
674
675
676
677
678
679
680
681
682
683
684
685
686
687
688
689
690
691
692
693
694
695
696
697
698
699
700
701
702
703
704
705
706
707
708
709
710
711
712
713
714
715
716
717
718
719
720
721
722
723
724
725
726
727
728
729
730
731
732
733
734
735
736
737
738
739
740
741
742
743
744
745
746
747
748
749
750
751
752
753
754
756
757
758
759
760
761
762
763
764
765
767
768
769
770
771
772
773
774
775
776
777
778
779
780
781
782
783
784
785
786
787
788
789
790
791
792
793
794
795
796
797
798
799
800
801
802
803
804
805
806
807
808
809
810
811
812
813
814
815
816
817
818
819
820
821
822
823
824
825
826
827
828
829
830
831
832
833
834
835
836
837
838
839
840
841
842
843
844
845
846
847
848
849
850
851
852
853
854
855
856
857
858
859
860
861
862
863
864
865
866
867
868
869
870
871
872
873
874
875
876
877
878
879
880
881
882
883
884
885
886
887
888
889
890
891
892
893
894
895
896
897
898
899
900
901
902
903
904
905
906
907
908
909
910
911
912
913
914
915
916
917
918
919
920
921
922
923
924
925
926
927
928
929
930
931
932
933
934
935
936
937
938
939
940
941
942
943
944
945
946
947
948
949
950
951
952
953
954
955
956
957
958
960
961
962
963
964
965
966
967
968
969
970
971
972
973
974
975
976
977
978
979
980
981
982
983
984
985
986
987
988
989
990
991
992
993
994
995
996
997
998
999
1000
1001
1002
1003
1004
0 178 6
2 231 3
2 168 3
2 77 1
2 782 4
2 953 3
2 891 2
2 700 4
2 669 2
2 638 1
4 848 1
4 441 1
4 371 1
4 304 4
5 90 1
5 175 2
5 29 2
5 118 1
5 231 2
6 881 1
6 178 2
6 29 1
8 544 1
8 746 1
13 738 1
13 700 1
13 783 1
14 962 1
14 611 9
14 924 7
15 680 4
15 731 14
15 422 4
16 718 2
17 952 1
19 333 1
19 293 1
22 663 2
24 160 1
24 587 2
24 530 3
24 280 2
24 891 2
24 31 3
25 48 1
25 844 2
25 618 1
25 684 1
28 987 1
29 192 1
29 808 3
29 921 1
29 506 1
29 381 2
30 356 1
30 948 2
30 765 3
30 790 2
31 165 10
31 428 2
31 846 3
31 952 1
31 316 1
31 990 5
32 580 2
32 197 4
32 214 1
32 791 1
32 280 2
32 249 4
32 669 6
33 692 1
33 242 1
33 891 1
33 364 1
33 764 1
35 280 2
38 912 1
38 528 1
38 832 1
40 802 5
40 900 3
40 198 2
40 488 2
40 60 2
40 450 1
40 272 4
40 712 2
40 947 2
40 120 1
40 662 3
40 695 2
40 568 3
40 772 1
40 90 1
40 187 3
40 572 3
40 254 2
41 1000 2
41 73 6
41 48 1
41 723 7
41 758 2
41 503 3
41 184 1
42 832 1
42 139 2
46 132 1
48 704 2
48 1000 2
48 73 1
48 458 1
48 684 1
48 558 1
48 723 1
48 565 1
48 216 1
48 956 1
48 319 1
50 559 5
52 948 1
52 868 2
53 633 1
53 923 1
53 772 1
53 193 1
56 994 2
56 987 1
58 909 2
60 187 1
61 586 1
61 718 11
61 530 3
61 692 1
61 782 3
61 120 2
61 90 1
61 891 1
61 522 8
61 991 3
62 800 1
62 513 1
62 854 3
62 646 8
62 369 2
62 113 4
62 214 1
62 542 3
62 485 5
65 752 3
65 851 1
65 220 1
67 963 6
67 165 6
67 391 2
67 846 3
67 207 3
67 656 1
67 344 3
68 987 1
69 735 2
69 638 1
69 879 3
70 752 1
70 120 1
70 299 2
70 534 1
70 334 1
72 772 1
73 723 3
73 1000 1
74 104 2
74 984 3
74 166 2
74 294 2
75 772 6
75 550 5
75 334 2
75 891 1
75 220 2
75 607 2
76 609 3
77 260 2
77 168 9
77 912 1
77 948 2
77 439 3
78 710 2
78 410 1
78 178 5
78 502 3
83 784 1
86 152 3
86 443 4
90 784 1
90 915 2
90 662 1
90 280 1
90 422 1
90 423 1
90 428 2
90 948 4
90 565 2
90 692 2
90 316 3
90 200 2
90 841 1
90 718 2
90 464 1
90 721 2
90 853 2
90 868 1
90 220 7
90 101 1
90 226 1
90 356 4
90 613 1
90 107 1
90 749 2
90 499 1
90 629 1
90 248 1
90 765 5
92 952 1
92 915 1
92 316 2
92 846 2
95 987 1
96 420 4
98 707 7
98 454 4
98 134 4
98 713 1
98 107 9
98 268 6
98 429 3
98 401 5
98 117 6
98 278 5
99 710 3
99 178 3
99 693 1
99 502 2
99 314 1
99 862 2
101 423 3
101 718 2
101 246 2
101 184 1
101 377 1
103 184 1
103 638 1
104 133 1
104 425 25
104 908 1
104 721 2
104 790 1
104 521 1
104 765 3
105 418 5
105 374 2
106 906 1
106 788 1
106 638 1
107 327 1
107 810 2
107 120 1
107 381 2
109 356 1
111 294 1
111 935 1
112 674 1
113 163 3
113 854 4
114 122 1
114 716 1
114 718 1
118 335 2
119 812 2
119 700 1
120 518 2
120 707 1
120 772 8
120 454 1
120 522 1
120 435 3
120 948 4
120 823 2
120 573 1
120 190 2
122 980 4
122 693 1
125 832 1
125 622 1
126 586 5
126 948 1
126 573 1
127 866 2
127 178 1
127 718 1
133 521 3
133 765 2
134 850 1
136 952 2
136 915 1
136 428 2
136 838 1
139 832 3
139 323 1
139 309 2
139 951 1
139 634 1
141 280 2
141 188 2
142 280 2
142 857 4
142 952 1
143 544 1
143 658 1
143 580 1
144 739 1
147 416 5
147 933 3
147 454 4
147 299 1
147 336 2
147 277 1
147 347 1
148 486 1
149 184 1
149 716 1
149 372 1
150 471 1
151 454 1
151 566 2
152 443 5
153 1001 1
153 418 3
153 996 5
153 818 3
153 977 3
154 832 1
155 784 3
157 356 5
157 517 3
157 586 7
157 684 5
157 590 1
157 535 5
157 472 4
157 542 5
159 214 1
159 718 1
160 550 2
160 585 1
160 658 2
160 629 2
160 630 1
160 507 1
161 388 1
161 784 1
161 306 1
161 659 1
161 951 2
161 900 3
161 863 2
163 518 1
164 879 1
164 420 1
164 638 5
164 559 1
165 207 5
165 401 7
165 952 1
165 316 3
165 990 4
166 586 1
166 435 1
167 838 1
168 744 9
168 356 3
168 439 3
168 232 2
168 425 4
168 266 7
168 765 1
168 912 12
168 984 1
168 946 1
168 948 3
168 949 3
168 790 2
168 521 3
168 472 12
168 260 7
168 586 1
168 575 1
169 372 1
169 595 2
169 404 1
170 840 1
170 855 1
173 506 1
175 275 8
178 409 2
178 538 2
178 415 3
178 929 4
178 862 15
178 295 2
178 693 3
178 569 2
178 314 4
178 962 1
178 710 2
178 333 2
178 976 2
178 339 2
178 470 5
178 599 2
178 605 18
178 990 3
178 991 2
178 228 2
178 752 1
178 502 9
178 249 4
178 383 1
178 767 4
180 958 1
181 920 3
181 537 1
181 190 1
184 521 1
184 394 1
184 779 1
184 781 1
184 275 1
184 409 1
184 710 1
184 423 3
184 808 1
184 432 1
184 561 1
184 315 1
184 702 1
184 323 1
184 580 1
184 582 1
184 718 1
184 849 1
184 491 1
184 246 1
184 510 1
185 833 1
187 568 1
187 450 1
187 214 1
188 280 2
188 846 2
188 431 2
189 585 1
189 410 5
189 595 5
189 724 1
189 718 2
190 353 1
190 772 3
190 614 1
190 486 1
190 656 1
190 274 1
190 373 2
191 371 1
191 752 1
191 675 2
192 644 1
192 381 4
193 633 1
193 707 1
196 454 1
199 996 4
199 506 2
199 644 2
199 541 1
200 952 11
200 316 2
200 915 3
200 428 5
207 424 2
207 428 1
207 558 2
207 373 2
207 954 2
207 988 1
207 349 1
207 990 4
207 469 1
214 388 2
214 912 5
214 742 1
214 662 1
214 283 2
214 425 2
214 948 1
214 951 1
214 586 2
214 334 1
214 595 2
214 614 1
214 230 2
214 746 2
214 367 12
214 851 1
214 500 5
214 629 3
214 891 3
216 321 5
216 618 4
216 1000 1
216 558 2
220 609 1
220 334 2
220 471 2
223 343 1
224 952 1
224 349 1
228 605 2
229 443 1
229 293 2
229 232 2
229 301 2
229 782 1
229 692 1
229 731 3
231 264 4
231 874 3
231 245 4
231 987 2
231 540 21
231 383 1
232 356 1
232 742 2
232 912 2
232 946 1
232 472 4
232 765 2
233 746 2
233 923 2
233 692 7
233 935 3
236 537 2
239 609 1
239 706 1
239 951 3
241 280 2
243 995 2
245 540 20
245 874 3
245 987 1
245 764 2
245 798 1
246 423 4
246 718 1
246 724 3
246 377 1
247 939 1
249 506 3
250 332 1
250 782 1
250 356 1
250 518 2
250 886 1
251 482 1
251 987 1
253 454 1
260 425 2
260 266 2
260 912 2
260 790 2
264 329 1
264 692 1
266 912 2
266 946 1
267 517 3
267 648 3
267 751 2
267 435 1
267 891 5
267 478 5
272 450 2
272 379 1
272 772 2
273 951 1
274 656 1
274 951 2
275 952 6
280 902 3
280 647 2
280 526 2
280 656 2
280 920 6
280 530 7
280 915 5
280 281 3
280 547 3
280 421 2
280 422 2
280 301 2
280 561 2
280 953 2
280 838 1
280 846 1
280 978 2
280 851 5
280 990 2
280 293 4
280 739 1
280 484 1
280 360 2
280 629 1
280 631 2
280 469 2
281 905 2
284 680 4
284 731 11
284 951 1
285 336 3
288 750 1
288 610 20
288 484 22
288 838 1
288 391 23
288 846 32
288 629 28
288 630 2
293 547 2
293 934 4
293 876 1
293 724 3
293 697 3
294 586 20
294 435 1
294 885 2
294 762 1
299 832 1
299 558 1
299 850 1
299 788 1
300 784 12
301 547 2
302 952 1
304 441 5
306 772 2
306 742 2
306 523 2
306 400 1
306 374 1
306 951 1
306 703 1
306 784 1
306 863 1
309 638 1
310 343 1
311 697 1
311 987 1
311 540 1
311 925 3
311 855 1
313 472 1
313 730 3
313 356 7
313 765 1
314 976 1
314 929 1
314 693 2
316 806 2
316 428 13
316 915 10
316 838 1
316 917 1
316 857 1
316 952 1
316 953 2
316 990 1
318 332 1
318 946 2
318 684 2
319 1000 1
319 684 1
321 558 1
322 334 1
322 638 2
322 343 1
323 534 1
324 585 1
324 919 1
327 381 7
329 624 1
329 819 3
329 540 2
329 775 1
332 586 3
332 782 2
332 435 1
332 500 3
333 605 1
333 767 1
334 995 3
334 772 3
334 746 2
334 687 1
334 915 3
334 500 1
334 534 3
334 923 4
334 586 1
334 415 1
335 688 8
335 899 3
335 980 1
335 381 3
336 700 2
337 603 3
337 638 2
338 624 1
338 987 1
341 915 1
343 399 2
343 663 1
343 638 1
344 952 1
344 543 1
346 638 1
347 355 1
347 933 1
349 952 1
349 846 1
351 782 2
353 838 1
353 391 6
355 933 1
356 517 1
356 746 2
356 425 7
356 586 2
356 535 1
356 684 1
356 730 2
356 765 1
356 912 4
356 946 2
356 948 2
356 542 3
356 472 16
360 846 2
361 840 2
361 987 1
361 700 2
362 784 1
364 764 1
365 716 1
365 718 2
367 544 1
367 868 3
367 566 1
367 718 1
367 499 2
367 629 1
367 951 1
367 696 1
367 731 1
369 913 3
371 441 3
372 934 1
372 595 3
372 404 1
372 951 2
373 486 1
373 391 9
374 742 1
376 919 1
377 566 2
377 422 3
377 423 1
377 393 2
377 718 4
377 883 2
377 630 3
378 603 1
381 810 3
381 532 1
381 702 4
383 547 1
383 518 1
383 586 4
383 523 1
383 887 1
388 832 2
388 742 1
388 919 1
390 784 8
391 484 3
391 750 2
391 445 2
392 674 2
398 712 2
401 415 2
401 454 9
401 429 4
402 788 1
404 595 1
404 934 1
407 843 3
408 915 1
410 719 1
414 891 33
414 995 4
415 833 4
415 995 3
415 454 1
415 617 2
415 502 1
415 569 1
416 425 2
416 435 3
416 948 3
416 790 1
416 471 3
418 977 3
418 996 17
420 559 5
421 424 5
421 846 2
422 680 2
422 857 1
422 731 2
423 710 2
423 646 2
423 718 3
424 795 2
424 846 2
424 990 1
425 790 1
425 772 1
425 912 10
425 946 2
425 948 8
425 700 1
425 765 1
425 868 3
428 838 2
428 806 12
428 915 14
428 888 2
428 952 12
428 857 3
428 990 5
429 454 11
433 872 6
433 994 4
433 987 6
433 796 1
433 738 1
435 586 2
435 782 1
435 500 2
435 984 2
435 948 1
435 573 5
438 818 3
439 946 5
439 948 4
443 662 4
443 703 1
445 838 1
445 846 2
445 750 1
450 802 1
450 923 1
450 900 1
450 965 2
450 915 2
450 662 2
454 609 1
454 772 2
454 1003 2
458 684 2
458 956 2
461 506 1
464 980 1
465 812 1
465 700 1
469 838 1
469 630 4
470 569 1
470 789 6
470 550 1
472 765 1
472 517 1
472 966 1
472 586 2
472 684 1
472 912 6
472 744 4
472 946 3
472 535 1
472 542 3
474 939 1
478 818 3
480 987 1
482 569 1
482 990 1
482 987 1
483 995 2
484 750 1
484 630 10
493 838 1
499 684 2
499 558 1
500 782 1
500 772 2
500 586 15
500 687 6
500 948 1
500 814 2
500 923 1
502 710 2
502 976 3
502 724 1
503 1000 1
505 603 1
506 644 5
506 1001 3
506 783 1
506 724 2
506 702 1
507 891 1
509 832 1
509 603 1
509 788 1
510 832 1
514 832 1
514 603 1
514 780 3
514 638 1
516 532 3
516 924 1
517 586 1
517 952 1
517 542 2
518 833 2
518 646 4
518 752 2
518 722 1
518 535 3
518 799 4
518 542 4
518 895 8
522 732 1
526 846 2
527 680 1
527 720 4
527 870 2
528 742 2
528 638 1
528 663 3
530 920 4
530 658 1
530 851 3
530 629 4
530 857 1
530 891 6
530 915 3
531 987 1
534 939 1
534 591 1
534 638 2
535 586 1
535 913 3
535 948 1
535 823 1
535 542 3
540 994 2
540 955 4
540 873 2
540 874 3
540 587 4
540 624 4
540 692 3
540 641 1
540 987 2
540 925 1
540 830 3
541 738 3
541 923 1
541 828 1
542 646 3
542 746 1
542 586 3
542 823 1
542 684 2
543 952 1
543 971 1
544 739 1
544 563 1
544 669 1
546 595 3
546 844 1
546 550 2
546 558 1
546 573 1
547 846 2
547 656 1
547 988 1
550 558 2
552 858 1
552 951 1
558 758 1
559 622 2
565 956 1
566 772 4
569 749 1
572 746 4
573 617 1
573 586 1
573 687 1
581 942 1
581 855 5
582 987 1
584 680 1
584 731 7
586 782 8
586 984 6
586 923 1
586 684 1
586 687 5
586 974 5
586 885 5
586 762 3
587 891 1
593 718 1
595 790 1
595 718 3
601 919 5
602 743 1
603 780 1
603 822 1
603 735 1
605 1001 1
605 685 4
605 670 1
609 772 5
609 951 3
609 633 2
611 921 3
614 951 1
617 746 1
617 720 2
617 661 1
617 923 2
622 832 1
622 676 1
622 788 1
624 935 1
624 692 1
624 792 1
629 750 1
629 630 6
629 891 1
630 838 1
631 838 1
633 707 1
633 772 3
634 832 2
634 788 1
634 638 1
638 790 4
638 706 1
638 700 1
638 862 1
640 772 1
641 987 1
643 657 1
643 685 7
644 783 1
644 996 2
647 952 1
648 765 2
649 832 1
650 850 1
650 682 2
650 686 1
654 991 4
656 846 2
656 988 1
659 742 1
665 746 1
668 746 6
671 995 2
671 923 2
671 975 1
680 707 3
680 731 5
684 704 1
684 844 1
684 946 1
684 918 1
685 1001 1
687 776 1
687 812 1
687 923 2
687 746 2
692 935 6
692 746 5
692 749 4
692 752 2
696 995 3
696 935 1
697 925 8
697 855 12
698 987 1
699 912 1
700 812 2
700 782 1
700 790 2
700 953 1
700 956 1
703 835 1
704 743 2
707 951 2
707 923 1
711 866 1
716 866 3
716 718 4
716 890 1
718 779 3
718 915 2
718 724 2
718 991 1
718 866 3
718 752 2
718 754 2
718 883 1
719 738 2
720 833 3
720 746 2
720 935 10
721 908 4
721 765 6
721 743 3
723 1000 1
723 758 1
724 1004 4
724 796 1
730 868 3
731 739 1
731 746 1
731 870 3
731 951 1
738 923 1
738 837 1
738 745 1
738 783 2
738 828 1
739 935 1
739 915 1
740 912 1
742 784 1
742 900 3
742 923 2
742 863 1
744 912 1
744 946 7
746 749 1
746 935 22
746 813 6
746 915 2
749 935 2
751 854 1
752 833 1
758 956 1
758 918 2
762 984 2
764 840 1
764 874 3
764 987 1
765 908 1
765 868 1
772 912 1
772 934 2
780 832 1
782 806 1
782 838 1
782 984 2
782 891 1
788 906 5
789 987 1
790 868 3
790 977 1
790 956 4
795 846 2
796 987 1
799 895 2
803 948 1
806 838 1
806 915 4
806 952 5
806 857 1
807 818 3
808 899 3
809 891 5
809 987 2
811 833 2
818 997 3
819 873 3
819 890 2
832 950 1
838 915 1
838 891 1
840 987 1
840 874 3
844 918 1
846 990 4
849 987 1
851 978 1
851 920 3
851 915 2
854 948 2
855 925 1
857 915 6
857 951 2
857 952 2
858 951 1
865 891 1
866 876 1
866 951 1
868 948 3
872 987 1
873 874 4
873 925 3
873 987 1
874 925 3
883 951 1
885 974 5
890 962 1
890 923 1
891 995 8
912 948 1
912 949 1
915 920 3
915 917 1
915 952 4
915 953 1
919 1000 7
923 983 7
925 951 1
925 955 3
946 948 1
952 953 1
952 971 1
952 990 1
955 987 2
977 996 2
978 988 1
987 994 1
