0
1
2
3
4
5
6
7
8
9
10
11
12
13
14
15
16
17
18
19
20
21
22
23
24
25
26
27
28
29
30
31
32
33
34
35
36
37
38
39
40
41
42
43
44
45
46
47
48
49
50
51
52
53
54
55
56
57
58
59
60
61
62
63
64
65
66
67
68
69
70
71
72
73
74
75
76
77
78
79
80
81
82
83
84
85
86
87
88
89
90
91
92
93
94
95
96
97
98
99
100
101
102
103
104
105
106
107
108
109
110
111
112
113
114
115
116
117
118
119
120
121
122
123
124
125
126
127
128
129
130
131
132
133
134
135
136
137
138
139
141
142
143
144
145
146
147
148
149
150
151
152
153
154
155
157
158
159
160
161
162
163
164
165
166
167
168
169
170
171
172
173
174
175
176
177
178
179
180
181
182
183
184
185
186
187
188
189
190
191
192
193
194
195
196
197
198
199
200
201
202
203
204
205
206
207
208
209
210
211
212
213
214
215
216
217
218
219
220
221
222
223
224
225
226
227
228
229
230
231
232
233
235
236
237
238
239
240
241
242
243
244
245
246
247
248
249
250
251
252
253
254
255
256
257
259
260
262
263
264
265
266
267
268
269
270
271
272
273
274
275
276
277
278
279
280
281
282
283
284
285
286
287
288
289
290
291
292
293
294
295
296
297
299
300
301
302
303
304
305
306
307
308
309
310
311
312
313
314
315
316
317
318
319
320
321
322
323
324
325
326
327
328
329
330
331
332
333
334
335
336
337
338
339
340
341
343
344
345
346
347
348
349
350
351
352
353
355
356
357
358
359
360
361
362
364
365
366
367
368
369
370
371
372
373
374
375
376
377
378
379
380
381
382
383
384
385
386
387
388
389
390
391
392
393
394
395
396
397
398
399
400
401
402
403
404
405
406
407
408
409
410
411
412
413
414
415
416
418
419
420
421
422
423
424
425
426
427
428
429
430
431
432
433
434
435
436
437
438
439
440
441
442
443
444
445
446
447
448
449
450
451
452
453
454
455
456
457
458
459
460
461
462
464
465
466
467
468
469
470
471
472
473
474
475
476
477
478
479
480
481
482
483
484
485
486
487
488
489
490
491
492
493
495
496
497
498
499
500
501
502
503
504
505
506
507
508
509
510
511
512
513
514
515
516
517
518
519
520
521
522
523
524
525
526
527
528
530
531
532
533
534
535
536
537
538
539
540
541
542
543
544
545
546
547
548
549
550
551
552
553
554
556
557
558
559
560
561
562
563
564
565
566
567
568
569
570
571
572
573
574
575
576
577
578
579
580
581
582
583
584
585
586
587
588
589
590
591
592
593
594
595
596
597
598
599
600
601
602
603
604
605
606
607
609
610
611
612
613
614
615
616
617
618
619
621
622
623
624
625
626
627
628
629
630
631
632
633
634
635
636
637
638
639
640
641
642
643
644
645
646
647
648
649
650
651
652
653
654
655
656
657
658
659
660
661
662
663
664
665
666
667
668
669
670
671
672
673
674
675
676
677
678
679
680
681
682
683
684
685
686
687
688
689
690
691
692
693
694
695
696
697
698
699
700
701
702
703
704
705
706
707
708
709
710
711
712
713
714
715
716
717
718
719
720
721
722
723
724
725
726
727
728
729
730
731
732
733
734
735
736
737
738
739
740
741
742
743
744
745
746
747
748
749
750
751
752
753
754
756
757
758
759
760
761
762
763
764
765
767
768
769
770
771
772
773
774
775
776
777
778
779
780
781
782
783
784
785
786
787
788
789
790
791
792
793
794
795
796
797
798
799
800
801
802
803
804
805
806
807
808
809
810
811
812
813
814
815
816
817
818
819
820
821
822
823
824
825
826
827
828
829
830
831
832
833
834
835
836
837
838
839
840
841
842
843
844
845
846
847
848
849
850
851
852
853
854
855
856
857
858
859
860
861
862
863
864
865
866
867
868
869
870
871
872
873
874
875
876
877
878
879
880
881
882
883
884
885
886
887
888
889
890
891
892
893
894
895
896
897
898
899
900
901
902
903
904
905
906
907
908
909
910
911
912
913
914
915
916
917
918
919
920
921
922
923
924
925
926
927
928
929
930
931
932
933
934
935
936
937
938
939
940
941
942
943
944
945
946
947
948
949
950
951
952
953
954
955
956
957
958
960
961
962
963
964
965
966
967
968
969
970
971
972
973
974
975
976
977
978
979
980
981
982
983
984
985
986
987
988
989
990
991
992
993
994
995
996
997
998
999
1000
1001
1002
1003
1004
0 569 2
0 605 1
1 310 3
4 371 1
5 107 5
5 175 5
5 980 1
5 532 1
5 506 3
5 335 1
6 569 3
6 506 4
9 166 1
12 406 1
13 704 1
13 738 2
13 850 1
13 532 2
13 437 1
14 576 1
14 738 3
14 199 1
14 365 1
14 270 1
14 719 1
14 850 1
14 506 6
14 924 1
14 381 1
14 702 2
15 680 4
15 422 3
16 506 1
16 843 1
24 136 2
24 629 1
25 48 2
25 216 1
25 589 1
25 319 1
28 987 1
29 506 4
29 532 1
30 313 2
30 765 2
30 166 1
31 428 1
31 165 5
31 847 3
32 718 1
32 862 1
32 143 1
34 997 2
35 264 1
35 547 2
38 410 1
38 460 1
40 772 1
40 334 2
40 272 1
40 466 1
40 596 1
40 187 6
40 607 2
41 73 2
41 723 1
41 758 1
45 227 1
45 782 1
48 458 2
48 558 1
48 216 1
48 956 2
48 319 1
49 248 2
52 416 1
52 65 2
52 356 5
52 765 1
53 193 2
53 166 1
53 978 1
53 633 1
53 926 1
53 159 1
56 987 3
58 818 1
58 586 1
61 193 2
61 772 2
61 843 1
61 718 3
61 687 1
61 120 2
61 926 1
61 991 2
62 159 2
62 542 3
62 646 2
62 823 1
64 534 1
65 993 3
65 771 4
65 75 1
65 334 1
65 280 1
65 530 1
65 120 6
65 377 3
65 220 4
65 927 1
66 227 3
66 782 3
67 344 2
67 264 1
67 963 2
67 165 1
67 207 1
68 987 1
71 595 1
75 927 1
75 531 1
75 772 3
75 191 1
75 220 4
75 607 1
77 260 4
77 294 3
77 168 1
77 556 1
77 782 1
77 912 2
77 369 4
77 439 3
77 575 1
78 569 2
78 275 1
82 720 1
82 628 2
82 135 1
83 784 1
86 152 1
86 443 3
90 997 2
90 201 3
90 107 1
90 940 1
90 280 3
90 502 2
90 920 2
90 569 1
90 443 1
90 927 1
91 260 1
91 415 1
92 658 1
92 847 1
92 207 1
95 987 1
95 364 1
96 420 1
96 509 1
97 936 1
98 592 10
98 707 1
98 429 1
101 377 1
101 246 1
102 139 2
103 514 5
104 648 2
106 1001 1
106 828 2
107 643 1
107 772 1
107 201 1
107 810 4
107 1004 3
107 335 4
107 118 1
107 537 1
107 664 1
107 985 1
107 381 1
107 383 1
112 700 1
113 927 1
113 823 1
114 479 1
120 772 1
120 517 1
120 776 1
120 940 2
120 783 1
120 528 1
120 530 1
120 147 1
120 534 1
120 920 1
120 157 1
120 542 1
120 927 2
120 416 2
120 166 1
120 684 1
120 687 1
120 190 1
120 326 1
120 812 1
120 586 2
120 978 1
120 851 1
120 220 1
120 612 1
120 743 1
120 499 1
120 629 1
120 248 1
120 765 1
124 823 1
125 323 3
125 139 2
125 622 4
126 416 1
126 500 2
126 356 1
127 772 1
131 738 2
132 509 2
133 602 1
134 592 12
135 772 2
135 581 4
135 942 2
135 371 1
135 692 1
135 628 15
135 159 1
136 857 1
136 428 1
139 324 2
139 487 2
139 939 2
139 524 2
139 206 2
139 174 2
139 534 2
139 154 2
139 477 2
139 510 2
141 241 1
141 978 1
141 547 2
142 207 2
147 347 1
147 926 1
147 927 1
150 415 1
151 253 1
152 443 3
153 977 11
157 347 1
157 740 2
157 542 2
157 718 4
159 629 1
159 595 1
159 214 1
159 923 1
159 703 2
160 586 1
161 586 1
164 548 1
164 879 2
165 264 1
165 586 2
165 207 1
165 401 5
165 847 4
165 316 1
166 743 1
166 648 1
166 586 1
166 759 1
167 978 1
167 547 2
167 469 2
168 260 3
168 966 1
168 586 2
168 912 1
168 790 1
168 472 2
168 868 1
168 575 2
170 581 8
170 855 14
171 347 1
171 951 1
173 738 2
173 506 2
173 850 1
175 737 3
175 275 5
175 670 1
180 215 3
184 650 2
185 762 1
185 415 1
187 802 2
187 450 2
187 712 1
187 596 4
187 695 1
187 568 1
188 547 2
189 772 1
189 1004 3
189 718 2
189 239 2
189 281 1
189 506 2
189 410 3
190 353 5
190 656 14
190 274 14
190 629 1
190 920 3
190 891 21
190 373 1
191 415 1
191 927 1
192 639 1
192 215 1
193 272 1
193 940 1
193 912 3
193 595 1
193 500 1
193 633 1
197 850 1
197 987 1
197 738 2
199 738 2
199 506 1
199 850 1
200 952 1
200 971 1
207 547 2
207 424 6
207 428 1
207 847 2
207 656 1
207 274 1
207 469 2
207 953 1
207 795 4
208 506 2
208 236 2
209 356 1
209 765 1
214 912 1
214 923 1
214 692 2
214 987 2
215 639 1
220 749 1
220 334 4
220 471 1
223 322 1
223 343 1
223 879 3
226 506 2
228 569 2
228 693 2
228 605 1
229 607 1
231 738 2
231 987 1
231 582 2
232 765 1
232 575 3
233 692 2
236 537 5
239 609 1
239 731 1
239 662 2
241 547 2
245 987 1
246 423 1
248 462 1
248 687 2
248 920 1
248 506 3
249 569 4
249 506 2
249 605 1
250 607 1
250 927 2
250 823 1
251 987 4
253 290 1
253 566 1
256 416 1
257 528 1
260 912 1
264 547 1
264 647 1
264 360 1
264 586 1
264 596 1
264 375 1
264 858 1
267 944 4
267 586 6
267 891 12
268 592 5
268 291 1
270 738 2
272 450 3
272 662 1
275 599 1
277 347 1
277 700 3
277 285 1
280 528 2
280 530 2
284 680 1
290 416 2
290 687 1
291 401 1
291 429 2
293 724 1
294 765 1
295 569 2
301 547 2
301 493 1
302 428 1
303 950 1
303 343 1
305 416 1
306 771 1
306 772 1
306 742 1
306 659 1
306 790 2
306 951 1
308 347 1
310 322 1
310 586 1
311 987 1
313 765 2
317 441 1
318 758 1
318 934 1
319 458 2
322 514 2
322 548 2
322 663 2
322 334 3
322 879 1
322 853 1
322 343 1
324 388 1
324 534 1
324 591 1
326 483 1
327 738 2
327 850 1
327 381 5
333 569 8
333 605 1
334 534 2
334 607 1
335 532 8
335 381 1
338 433 1
338 987 1
344 838 1
347 577 1
347 715 1
347 933 1
347 966 2
347 748 1
347 590 1
347 926 1
353 891 3
355 933 4
356 416 1
356 743 6
356 648 1
356 586 3
356 912 2
356 765 2
361 987 1
362 383 1
364 540 1
364 506 1
364 987 1
364 772 1
368 879 1
369 927 1
369 823 1
371 720 2
371 528 2
372 595 4
377 423 5
377 457 3
377 718 2
377 506 2
379 568 1
380 712 2
381 532 1
381 506 2
388 509 1
388 951 2
394 823 1
397 671 1
397 975 1
398 712 4
398 450 2
398 772 2
401 415 3
401 429 11
401 454 1
406 422 2
406 527 1
408 847 1
409 569 2
410 719 2
415 833 1
415 569 3
415 617 1
415 587 1
415 462 1
415 752 1
415 471 1
416 454 1
416 586 3
416 752 1
416 602 3
416 573 2
418 977 10
420 879 2
421 424 7
421 547 2
421 795 2
422 680 2
424 847 3
424 547 2
424 630 1
424 795 10
424 990 1
428 647 1
428 716 1
428 915 2
429 454 2
432 987 1
433 987 2
435 500 1
437 738 2
437 532 1
438 818 1
440 737 2
442 506 2
443 662 4
444 551 1
444 927 2
444 700 1
444 823 2
450 900 2
450 712 1
450 595 1
450 596 2
450 695 2
450 772 1
454 592 7
454 609 3
456 936 1
462 833 1
465 790 3
469 547 2
470 569 5
470 789 1
470 605 1
471 692 1
472 743 1
472 575 3
479 586 2
482 569 6
482 987 1
482 606 1
485 927 1
485 823 1
491 1001 3
491 506 1
491 497 1
493 978 2
493 838 1
493 846 1
493 685 1
493 530 2
493 629 1
493 630 3
493 795 1
497 977 1
499 704 1
499 844 1
499 565 1
499 679 1
502 569 5
502 772 1
502 605 1
502 710 3
506 643 2
506 644 1
506 783 3
506 921 4
506 796 2
506 670 4
506 738 2
506 850 1
506 605 2
506 996 3
506 1004 2
506 881 2
508 738 2
509 832 1
509 780 1
509 788 2
509 638 3
510 534 1
511 987 1
512 547 2
513 927 1
513 823 4
514 1001 1
515 648 1
515 927 1
516 738 2
516 881 2
516 850 1
516 532 5
516 761 1
516 828 1
526 561 1
528 909 1
528 700 2
530 685 3
530 629 5
530 630 6
530 891 3
531 987 5
532 738 2
532 828 1
532 670 4
534 890 1
535 927 1
535 823 2
538 569 2
540 987 1
540 855 1
541 921 1
541 586 1
541 850 1
541 738 2
542 646 1
542 823 2
542 927 1
544 772 1
546 687 1
547 552 2
547 614 2
547 817 2
547 978 3
547 851 2
547 824 2
547 954 2
547 795 3
547 709 2
548 853 1
548 879 1
551 927 1
551 823 1
552 851 1
556 823 1
558 723 1
561 846 3
561 629 1
565 684 1
569 772 1
569 862 5
569 693 2
569 951 1
569 710 2
569 599 2
569 605 1
569 990 2
569 991 2
569 749 1
569 767 2
576 850 1
576 738 2
581 720 1
582 987 1
586 984 2
586 687 1
586 912 1
586 947 1
586 948 1
586 762 2
587 720 2
588 987 1
591 746 1
591 923 1
591 663 1
592 713 5
592 948 4
592 927 16
595 718 1
596 802 1
602 743 2
602 765 1
605 710 1
605 862 1
607 1004 2
607 692 1
607 927 1
609 707 2
609 772 3
609 951 1
609 923 1
609 927 2
628 720 1
628 870 2
629 978 1
629 891 4
629 927 1
630 891 2
630 685 2
633 707 1
633 963 1
638 706 1
641 987 1
643 685 1
644 738 2
644 850 1
646 927 1
646 823 1
648 762 1
650 738 2
650 682 3
650 654 1
650 783 1
650 850 1
653 738 2
654 738 5
654 850 1
654 991 4
657 850 1
657 738 2
659 742 1
662 900 1
672 844 2
679 684 1
680 707 1
682 738 3
682 850 6
682 783 1
684 704 6
684 743 2
684 844 2
685 1001 2
685 724 2
692 746 3
697 855 3
700 812 4
700 988 3
702 738 6
702 850 1
703 951 1
704 844 1
704 743 3
707 713 1
707 1003 1
707 880 1
707 951 1
708 718 1
712 714 1
712 942 1
716 777 1
718 866 4
718 904 1
718 754 1
718 772 1
719 738 2
719 850 1
720 772 1
720 870 2
722 927 2
722 823 1
723 758 2
724 1001 2
731 772 1
738 783 4
738 921 3
738 923 3
738 924 2
738 837 2
738 945 2
738 951 1
738 850 4
738 979 2
738 996 2
738 1001 2
738 747 2
738 881 2
738 745 2
738 761 2
739 772 1
740 788 1
740 879 1
742 772 1
743 859 2
743 765 2
745 850 1
758 844 1
758 918 1
758 956 1
759 762 1
761 804 1
761 783 1
761 881 1
761 850 2
762 765 1
764 987 1
765 868 3
770 927 1
772 783 1
772 915 1
772 927 1
772 987 1
772 834 1
772 865 1
772 850 1
772 980 1
772 997 1
789 987 1
790 812 2
790 823 3
795 978 1
796 921 1
798 890 1
804 850 1
808 921 1
809 987 1
821 927 1
821 823 1
823 854 1
823 927 3
832 936 1
837 850 1
838 857 4
838 953 1
840 987 1
847 952 2
849 858 1
849 987 2
850 921 1
850 924 1
850 979 1
850 996 1
850 1001 1
850 881 1
851 978 3
854 927 2
872 987 1
873 987 1
933 966 1
933 935 3
935 966 1
955 987 1
969 977 1
977 1001 6
977 1004 3
987 994 1
