0
1
2
3
4
5
6
7
8
9
10
11
12
13
14
15
16
17
18
19
20
21
22
23
24
25
26
27
28
29
30
31
32
33
34
35
36
37
38
39
40
41
42
43
44
45
46
47
48
49
50
51
52
53
54
55
56
57
58
59
60
61
62
63
64
65
66
67
68
69
70
71
72
73
74
75
76
77
78
79
80
81
82
83
84
85
86
87
88
89
90
91
92
93
94
95
96
97
98
99
100
101
102
103
104
105
106
107
108
109
110
111
112
113
114
115
116
117
118
119
120
121
122
123
124
125
126
127
128
129
130
131
132
133
134
135
136
137
138
139
141
142
143
144
145
146
147
148
149
150
151
152
153
154
155
157
158
159
160
161
162
163
164
165
166
167
168
169
170
171
172
173
174
175
176
177
178
179
180
181
182
183
184
185
186
187
188
189
190
191
192
193
194
195
196
197
198
199
200
201
202
203
204
205
206
207
208
209
210
211
212
213
214
215
216
217
218
219
220
221
222
223
224
225
226
227
228
229
230
231
232
233
235
236
237
238
239
240
241
242
243
244
245
246
247
248
249
250
251
252
253
254
255
256
257
259
260
262
263
264
265
266
267
268
269
270
271
272
273
274
275
276
277
278
279
280
281
282
283
284
285
286
287
288
289
290
291
292
293
294
295
296
297
299
300
301
302
303
304
305
306
307
308
309
310
311
312
313
314
315
316
317
318
319
320
321
322
323
324
325
326
327
328
329
330
331
332
333
334
335
336
337
338
339
340
341
343
344
345
346
347
348
349
350
351
352
353
355
356
357
358
359
360
361
362
364
365
366
367
368
369
370
371
372
373
374
375
376
377
378
379
380
381
382
383
384
385
386
387
388
389
390
391
392
393
394
395
396
397
398
399
400
401
402
403
404
405
406
407
408
409
410
411
412
413
414
415
416
418
419
420
421
422
423
424
425
426
427
428
429
430
431
432
433
434
435
436
437
438
439
440
441
442
443
444
445
446
447
448
449
450
451
452
453
454
455
456
457
458
459
460
461
462
464
465
466
467
468
469
470
471
472
473
474
475
476
477
478
479
480
481
482
483
484
485
486
487
488
489
490
491
492
493
495
496
497
498
499
500
501
502
503
504
505
506
507
508
509
510
511
512
513
514
515
516
517
518
519
520
521
522
523
524
525
526
527
528
530
531
532
533
534
535
536
537
538
539
540
541
542
543
544
545
546
547
548
549
550
551
552
553
554
556
557
558
559
560
561
562
563
564
565
566
567
568
569
570
571
572
573
574
575
576
577
578
579
580
581
582
583
584
585
586
587
588
589
590
591
592
593
594
595
596
597
598
599
600
601
602
603
604
605
606
607
609
610
611
612
613
614
615
616
617
618
619
621
622
623
624
625
626
627
628
629
630
631
632
633
634
635
636
637
638
639
640
641
642
643
644
645
646
647
648
649
650
651
652
653
654
655
656
657
658
659
660
661
662
663
664
665
666
667
668
669
670
671
672
673
674
675
676
677
678
679
680
681
682
683
684
685
686
687
688
689
690
691
692
693
694
695
696
697
698
699
700
701
702
703
704
705
706
707
708
709
710
711
712
713
714
715
716
717
718
719
720
721
722
723
724
725
726
727
728
729
730
731
732
733
734
735
736
737
738
739
740
741
742
743
744
745
746
747
748
749
750
751
752
753
754
756
757
758
759
760
761
762
763
764
765
767
768
769
770
771
772
773
774
775
776
777
778
779
780
781
782
783
784
785
786
787
788
789
790
791
792
793
794
795
796
797
798
799
800
801
802
803
804
805
806
807
808
809
810
811
812
813
814
815
816
817
818
819
820
821
822
823
824
825
826
827
828
829
830
831
832
833
834
835
836
837
838
839
840
841
842
843
844
845
846
847
848
849
850
851
852
853
854
855
856
857
858
859
860
861
862
863
864
865
866
867
868
869
870
871
872
873
874
875
876
877
878
879
880
881
882
883
884
885
886
887
888
889
890
891
892
893
894
895
896
897
898
899
900
901
902
903
904
905
906
907
908
909
910
911
912
913
914
915
916
917
918
919
920
921
922
923
924
925
926
927
928
929
930
931
932
933
934
935
936
937
938
939
940
941
942
943
944
945
946
947
948
949
950
951
952
953
954
955
956
957
958
960
961
962
963
964
965
966
967
968
969
970
971
972
973
974
975
976
977
978
979
980
981
982
983
984
985
986
987
988
989
990
991
992
993
994
995
996
997
998
999
1000
1001
1002
1003
1004
0 189 2
2 700 2
2 517 1
2 790 4
5 808 1
5 491 1
5 29 3
6 189 1
14 516 2
14 199 2
14 1001 3
14 173 2
14 644 4
14 506 7
14 924 5
14 702 17
16 718 1
16 127 2
24 280 1
24 530 2
24 891 1
24 630 1
25 684 1
25 558 1
29 808 1
30 936 1
30 730 1
30 52 1
32 280 1
32 977 1
32 724 1
35 280 1
35 978 1
41 73 1
41 499 1
41 565 1
42 402 1
42 70 1
45 66 1
48 458 1
52 168 1
52 602 1
52 332 4
52 126 1
53 193 2
53 540 1
56 159 1
58 909 1
61 718 3
61 991 1
62 485 1
62 646 1
62 823 1
67 344 3
67 561 1
67 963 1
67 207 1
73 499 1
74 885 1
75 178 1
77 168 5
77 912 2
77 586 1
77 260 1
77 949 1
78 409 1
86 443 5
90 912 1
90 890 1
91 915 1
91 189 1
98 707 6
98 134 6
98 713 6
98 107 6
98 268 6
98 592 6
98 117 6
98 278 5
101 921 1
103 950 1
104 416 1
104 743 1
105 418 6
106 740 2
107 537 1
111 602 2
111 935 1
112 803 1
114 189 1
114 127 1
116 772 2
120 915 2
122 127 1
126 356 1
126 586 1
126 782 1
126 912 1
126 765 1
127 293 3
127 843 1
127 716 2
127 718 4
127 754 2
127 595 1
127 724 1
127 281 2
127 883 1
127 189 1
127 159 1
133 168 1
134 592 1
135 628 1
135 581 1
135 517 2
136 200 1
136 857 1
136 915 1
137 306 1
141 978 1
141 188 1
142 280 1
142 915 1
143 790 1
149 716 1
151 609 3
152 443 1
153 891 1
157 746 1
159 769 1
159 802 2
159 547 1
159 167 1
159 233 1
159 586 1
159 558 1
159 912 1
159 214 1
159 251 1
159 923 1
159 189 1
159 830 1
160 838 1
165 344 2
166 267 1
166 332 2
166 718 1
167 978 1
167 181 1
168 356 1
168 966 2
168 232 5
168 557 1
168 334 2
168 912 5
168 209 1
168 949 20
168 439 9
168 260 5
168 602 1
168 607 1
171 590 1
173 644 1
175 849 2
178 418 4
178 231 3
178 692 3
178 188 1
178 189 2
178 862 1
181 274 2
181 190 4
185 762 1
187 695 1
188 280 1
188 978 1
189 1004 1
189 904 1
189 716 1
189 362 2
189 652 1
189 365 1
189 718 1
189 595 1
189 724 1
189 236 1
189 470 1
189 201 1
189 249 2
189 410 1
190 353 4
190 267 5
190 656 4
190 274 4
190 373 4
190 920 1
190 890 1
191 362 1
191 332 2
192 664 1
193 540 2
199 644 1
199 506 1
199 996 1
199 541 9
207 424 1
207 978 1
207 373 1
207 795 1
207 988 1
208 783 1
214 935 1
216 321 1
216 499 1
216 319 1
221 746 1
228 724 1
228 605 1
231 245 1
231 698 1
232 949 5
233 692 2
236 249 1
241 280 1
245 698 1
249 470 1
250 332 2
256 416 1
256 885 1
260 416 1
260 586 1
260 912 2
266 912 1
267 517 2
267 586 1
267 684 1
267 530 1
267 316 1
275 849 2
278 609 3
280 547 1
280 421 1
280 422 1
280 647 1
280 360 1
280 656 1
280 561 1
280 526 1
280 631 1
280 953 1
280 990 1
280 293 1
291 454 1
294 586 4
294 885 1
301 978 1
304 441 2
306 374 1
306 742 2
311 540 1
313 416 1
313 885 1
318 684 1
319 386 1
319 499 1
320 1004 1
321 844 2
321 618 1
321 684 1
321 558 1
321 499 1
322 950 1
324 638 1
332 782 1
332 500 2
334 388 2
334 638 1
334 534 2
335 664 1
343 663 1
343 399 2
347 935 1
349 838 2
356 743 1
377 423 1
381 664 1
381 643 2
381 532 2
383 580 2
383 909 1
388 638 1
401 454 1
413 935 1
416 868 2
416 500 1
416 885 1
416 447 1
418 996 75
421 978 1
421 630 6
423 1004 3
424 978 1
428 857 1
428 530 1
428 915 1
428 990 1
429 454 3
435 586 1
439 912 4
439 949 2
440 664 1
440 737 2
443 602 3
443 742 3
445 891 1
447 586 8
447 885 1
450 900 1
450 692 2
450 991 1
454 592 2
454 1003 2
458 684 1
458 499 1
458 956 1
466 947 2
469 978 1
470 789 1
472 912 3
472 743 1
485 542 1
491 724 1
493 630 4
495 633 1
499 679 1
499 618 1
499 684 1
499 558 1
499 723 1
500 814 1
502 746 1
502 724 1
506 644 1
506 541 3
512 978 1
512 630 3
514 950 1
516 881 1
516 761 1
516 924 2
516 743 3
517 803 4
517 746 1
517 718 1
517 722 2
517 586 1
530 746 1
530 718 1
530 915 4
530 692 2
530 630 7
532 790 2
534 993 2
534 718 1
534 863 2
537 664 1
538 700 1
540 698 1
541 1001 3
542 746 1
542 823 1
543 991 1
547 724 1
547 978 1
547 964 2
552 978 1
554 633 2
558 684 3
558 844 1
559 622 1
565 844 1
565 723 1
565 684 2
568 660 1
575 912 1
577 931 1
580 791 1
586 885 1
586 762 1
591 696 1
591 746 1
595 934 1
599 976 1
602 743 4
607 696 2
607 700 1
609 617 3
609 923 4
609 687 3
614 978 1
630 746 1
630 891 2
633 923 5
634 788 1
643 664 1
643 685 4
644 1001 3
644 924 4
644 702 1
647 915 1
648 885 1
650 783 1
654 738 1
654 991 4
661 700 1
662 900 1
663 950 4
664 737 1
664 810 1
664 985 1
672 844 2
684 844 3
684 918 1
684 956 3
687 746 1
692 772 1
692 742 2
692 746 5
692 718 1
695 947 1
696 915 1
698 840 1
698 873 1
698 764 1
700 746 1
702 924 1
718 746 1
718 754 1
718 980 1
724 851 1
724 915 1
737 849 2
738 783 4
740 879 3
746 935 10
746 841 2
752 994 1
761 881 3
761 866 1
761 924 1
771 863 3
774 947 20
779 843 1
790 868 2
790 812 3
795 978 1
817 978 1
844 956 1
850 924 1
851 978 2
858 991 1
881 924 1
885 984 1
910 923 1
935 966 1
950 977 2
952 971 1
954 978 1
954 964 1
957 978 1
977 1001 3
978 988 1
