0
1
2
3
4
5
6
7
8
9
10
11
12
13
14
15
16
17
18
19
20
21
22
23
24
25
26
27
28
29
30
31
32
33
34
35
36
37
38
39
40
41
42
43
44
45
46
47
48
49
50
51
52
53
54
55
56
57
58
59
60
61
62
63
64
65
66
67
68
69
70
71
72
73
74
75
76
77
78
79
80
81
82
83
84
85
86
87
88
89
90
91
92
93
94
95
96
97
98
99
100
101
102
103
104
105
106
107
108
109
110
111
112
113
114
115
116
117
118
119
120
121
122
123
124
125
126
127
128
129
130
131
132
133
134
135
136
137
138
139
141
142
143
144
145
146
147
148
149
150
151
152
153
154
155
157
158
159
160
161
162
163
164
165
166
167
168
169
170
171
172
173
174
175
176
177
178
179
180
181
182
183
184
185
186
187
188
189
190
191
192
193
194
195
196
197
198
199
200
201
202
203
204
205
206
207
208
209
210
211
212
213
214
215
216
217
218
219
220
221
222
223
224
225
226
227
228
229
230
231
232
233
235
236
237
238
239
240
241
242
243
244
245
246
247
248
249
250
251
252
253
254
255
256
257
259
260
262
263
264
265
266
267
268
269
270
271
272
273
274
275
276
277
278
279
280
281
282
283
284
285
286
287
288
289
290
291
292
293
294
295
296
297
299
300
301
302
303
304
305
306
307
308
309
310
311
312
313
314
315
316
317
318
319
320
321
322
323
324
325
326
327
328
329
330
331
332
333
334
335
336
337
338
339
340
341
343
344
345
346
347
348
349
350
351
352
353
355
356
357
358
359
360
361
362
364
365
366
367
368
369
370
371
372
373
374
375
376
377
378
379
380
381
382
383
384
385
386
387
388
389
390
391
392
393
394
395
396
397
398
399
400
401
402
403
404
405
406
407
408
409
410
411
412
413
414
415
416
418
419
420
421
422
423
424
425
426
427
428
429
430
431
432
433
434
435
436
437
438
439
440
441
442
443
444
445
446
447
448
449
450
451
452
453
454
455
456
457
458
459
460
461
462
464
465
466
467
468
469
470
471
472
473
474
475
476
477
478
479
480
481
482
483
484
485
486
487
488
489
490
491
492
493
495
496
497
498
499
500
501
502
503
504
505
506
507
508
509
510
511
512
513
514
515
516
517
518
519
520
521
522
523
524
525
526
527
528
530
531
532
533
534
535
536
537
538
539
540
541
542
543
544
545
546
547
548
549
550
551
552
553
554
556
557
558
559
560
561
562
563
564
565
566
567
568
569
570
571
572
573
574
575
576
577
578
579
580
581
582
583
584
585
586
587
588
589
590
591
592
593
594
595
596
597
598
599
600
601
602
603
604
605
606
607
609
610
611
612
613
614
615
616
617
618
619
621
622
623
624
625
626
627
628
629
630
631
632
633
634
635
636
637
638
639
640
641
642
643
644
645
646
647
648
649
650
651
652
653
654
655
656
657
658
659
660
661
662
663
664
665
666
667
668
669
670
671
672
673
674
675
676
677
678
679
680
681
682
683
684
685
686
687
688
689
690
691
692
693
694
695
696
697
698
699
700
701
702
703
704
705
706
707
708
709
710
711
712
713
714
715
716
717
718
719
720
721
722
723
724
725
726
727
728
729
730
731
732
733
734
735
736
737
738
739
740
741
742
743
744
745
746
747
748
749
750
751
752
753
754
756
757
758
759
760
761
762
763
764
765
767
768
769
770
771
772
773
774
775
776
777
778
779
780
781
782
783
784
785
786
787
788
789
790
791
792
793
794
795
796
797
798
799
800
801
802
803
804
805
806
807
808
809
810
811
812
813
814
815
816
817
818
819
820
821
822
823
824
825
826
827
828
829
830
831
832
833
834
835
836
837
838
839
840
841
842
843
844
845
846
847
848
849
850
851
852
853
854
855
856
857
858
859
860
861
862
863
864
865
866
867
868
869
870
871
872
873
874
875
876
877
878
879
880
881
882
883
884
885
886
887
888
889
890
891
892
893
894
895
896
897
898
899
900
901
902
903
904
905
906
907
908
909
910
911
912
913
914
915
916
917
918
919
920
921
922
923
924
925
926
927
928
929
930
931
932
933
934
935
936
937
938
939
940
941
942
943
944
945
946
947
948
949
950
951
952
953
954
955
956
957
958
960
961
962
963
964
965
966
967
968
969
970
971
972
973
974
975
976
977
978
979
980
981
982
983
984
985
986
987
988
989
990
991
992
993
994
995
996
997
998
999
1000
1001
1002
1003
1004
0 32 1
0 6 1
0 228 1
0 502 1
0 710 1
0 295 1
0 599 1
0 333 1
0 78 1
0 976 1
0 178 3
0 693 1
0 470 1
0 409 1
0 249 1
0 538 1
0 767 1
0 732 1
0 605 1
0 862 1
0 991 1
2 700 1
2 119 1
2 236 2
2 790 3
2 231 1
4 771 12
5 506 2
5 532 2
5 90 1
6 178 3
6 189 1
6 333 1
10 173 2
13 738 1
13 516 1
13 850 1
14 738 1
14 381 2
14 506 1
14 719 2
14 410 1
14 702 6
16 377 1
16 716 3
16 423 1
17 316 1
18 896 1
19 32 1
19 333 3
24 739 1
24 647 1
24 493 3
24 143 1
24 530 1
24 629 5
24 280 1
24 891 8
24 445 2
25 704 2
25 458 1
29 553 1
29 767 2
30 416 2
30 868 2
30 908 1
30 313 5
31 165 10
31 136 1
31 316 4
31 428 1
31 143 1
31 915 1
31 207 2
31 92 2
32 418 1
32 380 1
32 170 1
32 843 1
32 236 1
32 365 1
32 432 1
32 977 3
32 777 1
32 249 1
32 316 1
32 381 1
32 127 2
38 832 2
38 410 1
38 388 1
38 189 1
38 638 1
40 712 2
40 90 1
40 316 1
40 159 3
41 723 2
41 956 1
42 323 1
48 704 2
48 458 1
48 499 1
48 956 1
48 319 3
52 168 3
52 602 4
53 193 1
53 166 1
53 633 2
56 789 1
61 450 9
61 388 1
61 293 1
61 550 1
61 135 1
61 802 1
61 718 1
61 854 2
61 443 2
61 991 1
65 305 2
67 963 11
67 165 7
67 846 5
67 207 11
67 561 3
67 344 6
74 166 2
74 126 2
75 609 1
75 772 2
75 997 1
75 107 1
75 499 1
75 607 1
75 220 6
75 190 1
75 127 1
77 260 5
77 232 1
77 266 4
77 912 3
77 168 4
77 575 2
78 178 2
82 771 1
83 784 1
83 771 1
86 483 4
86 443 2
90 107 1
90 135 2
90 327 1
90 178 4
90 915 2
90 693 1
90 662 2
90 506 1
90 891 3
90 927 1
91 347 1
92 731 4
92 136 1
92 428 1
92 142 1
92 847 3
92 658 3
92 415 2
92 207 4
92 316 4
96 388 1
98 707 1
98 134 2
98 713 4
98 107 1
98 268 3
98 429 3
98 592 6
98 401 2
101 246 4
101 423 1
103 832 1
103 514 3
103 423 1
103 780 1
103 303 1
103 950 1
104 416 1
104 868 2
104 742 2
104 908 1
104 765 5
104 126 2
105 769 2
105 418 7
106 229 1
107 643 2
107 808 1
107 393 1
107 1004 1
107 850 1
107 316 1
107 381 1
111 416 1
111 586 1
112 256 2
112 803 3
112 517 1
112 648 1
112 267 2
112 313 2
112 186 1
112 607 2
113 927 2
113 535 1
114 522 1
114 189 1
117 268 1
118 532 2
119 465 1
119 700 1
119 790 1
119 812 2
120 500 1
120 326 2
120 566 5
120 927 1
122 428 1
122 693 2
125 622 2
126 232 2
126 586 5
126 294 1
127 325 2
127 999 2
127 904 2
127 491 1
127 595 2
127 404 2
127 189 4
133 416 1
134 592 10
134 291 1
134 454 1
135 450 3
135 581 3
135 233 2
135 942 5
135 272 1
135 371 1
135 692 2
135 765 1
135 549 2
136 165 1
136 647 1
136 200 1
136 971 1
136 428 2
136 142 1
136 207 2
136 915 1
136 302 1
136 952 1
136 857 2
136 543 1
136 316 4
136 990 1
137 581 1
138 867 1
141 469 1
142 316 6
142 428 4
142 493 2
142 915 7
143 696 2
143 580 2
147 355 1
147 577 1
147 347 1
149 716 2
151 566 1
152 362 1
152 483 1
152 443 6
152 742 1
157 347 2
157 607 2
159 416 3
159 609 1
159 450 3
159 278 1
159 742 1
159 209 1
159 290 1
159 912 8
159 712 5
159 214 6
159 920 3
159 923 4
160 838 2
160 526 1
160 530 1
160 629 1
160 630 3
160 891 1
164 638 1
165 428 1
165 401 13
165 344 6
165 857 1
165 316 8
166 674 1
166 356 1
166 392 1
166 586 4
167 978 1
167 547 2
167 988 1
167 862 1
168 416 3
168 260 10
168 362 2
168 782 4
168 912 20
168 305 2
168 918 2
168 472 7
168 266 3
168 575 1
169 595 1
171 590 2
173 657 2
173 541 2
175 737 1
175 849 2
175 275 9
175 423 1
178 228 2
178 502 5
178 710 2
178 295 1
178 599 2
178 333 8
178 976 2
178 693 5
178 470 2
178 409 2
178 249 2
178 538 2
178 991 1
178 605 5
178 862 3
178 767 2
181 189 2
181 190 1
184 393 1
184 333 1
184 607 1
186 256 3
186 517 2
186 648 2
186 267 2
186 313 3
189 1004 5
189 904 1
189 652 1
189 716 1
189 365 1
189 718 3
189 977 2
189 595 1
189 236 2
189 470 1
189 201 1
189 249 4
189 410 1
190 353 3
190 483 1
190 656 1
190 274 1
190 629 2
190 920 1
190 316 1
190 373 2
191 661 1
191 746 1
191 499 1
191 413 1
191 927 1
193 746 2
193 890 2
193 633 1
193 743 1
199 644 4
199 506 8
199 996 2
199 924 1
199 541 3
200 971 1
200 428 6
200 915 3
200 952 1
200 316 5
207 558 1
207 847 1
207 424 7
207 547 1
207 469 3
207 795 5
208 977 1
209 356 5
212 214 1
214 865 1
214 290 1
214 623 1
214 617 1
214 239 1
214 912 1
214 692 1
214 662 1
214 951 1
214 857 1
214 923 1
214 316 1
216 319 2
220 334 2
223 343 2
228 605 3
228 693 2
229 469 3
231 994 1
231 245 3
231 502 1
231 698 2
231 540 1
231 607 1
232 313 1
232 782 1
233 450 5
235 239 2
239 542 1
245 329 1
245 698 2
245 540 1
246 293 1
246 423 4
249 470 2
249 409 2
249 607 2
250 886 2
250 927 3
251 506 4
256 416 3
256 517 3
256 648 3
256 267 4
256 313 5
256 478 2
260 416 1
260 266 2
260 912 5
260 762 1
260 575 2
264 540 7
266 912 1
267 517 3
267 648 2
267 530 6
267 313 4
267 891 7
267 478 1
268 291 2
268 454 2
268 713 2
268 592 3
268 633 1
270 921 1
272 450 6
272 835 1
272 900 1
272 742 3
272 712 1
272 662 1
272 568 1
272 379 1
272 703 1
273 609 1
273 858 2
275 849 3
275 327 2
278 915 1
278 923 1
280 530 3
280 891 1
280 629 1
281 905 2
281 506 5
290 499 1
290 589 2
290 687 1
291 401 2
291 854 2
291 429 3
294 416 1
294 586 2
294 817 1
294 984 1
294 313 1
299 1001 1
301 547 1
301 493 2
302 316 4
302 428 1
305 912 2
305 472 1
305 790 2
306 450 3
306 771 1
306 742 3
306 659 1
306 443 2
306 607 1
310 343 1
311 697 3
311 955 1
313 416 3
313 517 3
313 648 3
313 478 2
313 984 1
313 765 3
316 647 4
316 915 9
316 415 1
316 987 1
316 428 6
316 431 1
316 952 4
316 569 1
316 543 4
316 544 1
316 971 6
316 720 1
316 978 1
316 344 3
316 857 4
316 731 1
316 990 4
316 739 1
316 850 1
316 629 3
316 502 1
318 332 1
318 356 2
318 499 1
318 684 1
319 386 2
319 458 1
319 558 1
319 956 1
321 499 1
321 684 1
322 879 2
323 622 1
323 534 1
324 402 2
324 415 2
327 381 1
329 427 1
329 540 2
332 435 1
332 500 2
334 586 1
334 1004 1
334 687 1
334 923 1
334 607 6
335 537 3
335 890 1
335 810 2
335 898 1
343 663 2
344 952 1
344 543 1
347 966 1
347 933 1
353 891 12
353 445 1
355 607 1
356 416 1
356 868 1
356 648 1
356 762 1
356 586 7
356 573 1
356 912 7
356 472 2
356 602 1
356 765 2
360 891 2
360 629 1
362 528 1
362 628 1
362 854 1
362 922 1
362 383 2
364 582 1
369 513 1
369 927 2
372 404 1
373 445 1
377 729 1
377 607 2
378 514 1
379 568 3
383 720 10
383 528 1
383 589 2
383 887 4
398 712 1
398 450 1
399 622 1
401 454 2
401 1003 1
401 429 16
401 415 9
405 936 1
405 855 1
410 719 1
413 746 1
415 940 2
416 912 1
416 648 2
416 586 12
416 592 2
416 868 2
416 472 1
416 762 1
416 927 5
418 977 13
418 996 32
421 424 7
421 547 1
421 795 5
422 731 3
423 977 4
423 537 3
424 547 1
424 795 13
427 540 1
428 647 1
428 971 1
428 915 9
428 953 1
428 952 1
428 857 10
428 543 1
428 990 1
429 454 6
433 738 4
435 500 4
439 912 1
440 737 2
442 670 1
443 450 4
443 483 3
443 662 2
443 742 5
443 692 1
444 927 2
444 535 2
445 891 3
450 802 6
450 900 3
450 742 3
450 712 2
450 851 2
450 692 1
450 662 4
450 602 4
450 542 1
454 592 6
454 854 1
458 684 2
462 617 1
466 802 1
466 572 1
466 662 3
469 851 2
472 770 1
472 782 5
472 912 12
478 648 1
478 517 1
482 531 2
482 606 2
485 927 2
485 823 1
488 568 1
493 629 1
493 630 1
493 891 1
495 568 1
497 977 3
499 833 1
499 684 2
499 558 1
499 565 1
500 515 1
500 586 5
500 782 1
500 573 3
500 607 1
502 862 1
506 783 1
506 644 5
506 775 3
506 541 5
506 996 5
509 510 1
510 622 1
510 534 2
513 823 1
513 927 2
513 535 3
514 780 1
514 950 1
516 881 2
516 700 2
517 648 2
526 891 1
526 629 1
528 909 2
530 629 4
530 891 15
531 641 1
531 994 4
531 738 4
532 688 2
534 638 3
534 663 1
535 927 2
535 823 4
540 641 1
540 840 5
540 855 1
540 697 2
540 698 2
540 955 1
541 996 5
542 646 1
542 823 1
542 762 1
542 927 2
546 920 1
546 873 1
546 771 4
546 550 5
546 703 2
547 851 2
547 795 1
550 920 1
550 703 1
551 927 2
557 912 2
557 586 1
558 672 1
559 622 1
561 891 1
561 629 3
561 846 6
565 956 1
565 684 1
573 586 8
573 765 1
575 814 1
575 912 3
575 782 4
581 855 1
582 764 2
584 680 1
586 765 2
586 687 2
586 912 2
586 602 2
586 984 3
586 762 4
587 720 6
590 607 2
591 746 2
591 915 1
591 692 1
591 854 1
591 923 3
591 607 2
592 713 2
592 927 12
595 934 2
599 693 1
602 648 1
602 908 1
602 912 1
605 700 1
605 693 1
606 879 3
607 710 2
607 1001 1
607 692 3
612 832 1
622 676 1
629 631 1
629 658 1
629 685 1
629 846 3
629 630 1
629 891 11
630 685 3
630 920 2
630 891 5
631 891 1
633 996 3
634 788 2
644 977 1
644 996 2
646 927 2
646 823 1
648 912 1
648 765 5
650 682 5
650 738 2
650 783 1
654 738 3
654 991 1
656 920 2
658 891 4
659 742 1
659 703 3
662 802 1
679 684 1
680 720 2
680 731 16
682 738 2
682 783 2
684 844 1
685 891 1
687 915 1
692 746 3
697 771 1
697 855 4
697 925 3
698 840 2
698 873 2
698 764 2
700 896 1
700 790 1
703 771 1
707 880 8
718 980 1
718 866 6
718 916 1
720 855 3
722 927 3
727 951 1
738 783 2
738 850 3
738 923 2
739 846 2
742 769 1
742 771 4
743 912 1
746 900 1
746 935 9
746 812 3
748 926 2
758 956 1
761 881 3
762 765 1
770 927 2
771 901 1
771 855 2
774 947 35
782 790 2
783 837 1
790 812 1
795 978 2
809 987 1
817 978 2
819 873 1
823 927 2
837 850 1
838 857 1
846 891 1
850 987 2
851 920 1
851 978 4
854 927 5
858 991 1
912 949 1
912 918 1
915 923 1
921 977 3
923 951 2
925 987 1
933 966 1
935 966 4
969 977 1
977 1001 5
977 1004 3
978 988 1
