0
1
2
3
4
5
6
7
8
9
10
11
12
13
14
15
16
17
18
19
20
21
22
23
24
25
26
27
28
29
30
31
32
33
34
35
36
37
38
39
40
41
42
43
44
45
46
47
48
49
50
51
52
53
54
55
56
57
58
59
60
61
62
63
64
65
66
67
68
69
70
71
72
73
74
75
76
77
78
79
80
81
82
83
84
85
86
87
88
89
90
91
92
93
94
95
96
97
98
99
100
101
102
103
104
105
106
107
108
109
110
111
112
113
114
115
116
117
118
119
120
121
122
123
124
125
126
127
128
129
130
131
132
133
134
135
136
137
138
139
141
142
143
144
145
146
147
148
149
150
151
152
153
154
155
157
158
159
160
161
162
163
164
165
166
167
168
169
170
171
172
173
174
175
176
177
178
179
180
181
182
183
184
185
186
187
188
189
190
191
192
193
194
195
196
197
198
199
200
201
202
203
204
205
206
207
208
209
210
211
212
213
214
215
216
217
218
219
220
221
222
223
224
225
226
227
228
229
230
231
232
233
235
236
237
238
239
240
241
242
243
244
245
246
247
248
249
250
251
252
253
254
255
256
257
259
260
262
263
264
265
266
267
268
269
270
271
272
273
274
275
276
277
278
279
280
281
282
283
284
285
286
287
288
289
290
291
292
293
294
295
296
297
299
300
301
302
303
304
305
306
307
308
309
310
311
312
313
314
315
316
317
318
319
320
321
322
323
324
325
326
327
328
329
330
331
332
333
334
335
336
337
338
339
340
341
343
344
345
346
347
348
349
350
351
352
353
355
356
357
358
359
360
361
362
364
365
366
367
368
369
370
371
372
373
374
375
376
377
378
379
380
381
382
383
384
385
386
387
388
389
390
391
392
393
394
395
396
397
398
399
400
401
402
403
404
405
406
407
408
409
410
411
412
413
414
415
416
418
419
420
421
422
423
424
425
426
427
428
429
430
431
432
433
434
435
436
437
438
439
440
441
442
443
444
445
446
447
448
449
450
451
452
453
454
455
456
457
458
459
460
461
462
464
465
466
467
468
469
470
471
472
473
474
475
476
477
478
479
480
481
482
483
484
485
486
487
488
489
490
491
492
493
495
496
497
498
499
500
501
502
503
504
505
506
507
508
509
510
511
512
513
514
515
516
517
518
519
520
521
522
523
524
525
526
527
528
530
531
532
533
534
535
536
537
538
539
540
541
542
543
544
545
546
547
548
549
550
551
552
553
554
556
557
558
559
560
561
562
563
564
565
566
567
568
569
570
571
572
573
574
575
576
577
578
579
580
581
582
583
584
585
586
587
588
589
590
591
592
593
594
595
596
597
598
599
600
601
602
603
604
605
606
607
609
610
611
612
613
614
615
616
617
618
619
621
622
623
624
625
626
627
628
629
630
631
632
633
634
635
636
637
638
639
640
641
642
643
644
645
646
647
648
649
650
651
652
653
654
655
656
657
658
659
660
661
662
663
664
665
666
667
668
669
670
671
672
673
674
675
676
677
678
679
680
681
682
683
684
685
686
687
688
689
690
691
692
693
694
695
696
697
698
699
700
701
702
703
704
705
706
707
708
709
710
711
712
713
714
715
716
717
718
719
720
721
722
723
724
725
726
727
728
729
730
731
732
733
734
735
736
737
738
739
740
741
742
743
744
745
746
747
748
749
750
751
752
753
754
756
757
758
759
760
761
762
763
764
765
767
768
769
770
771
772
773
774
775
776
777
778
779
780
781
782
783
784
785
786
787
788
789
790
791
792
793
794
795
796
797
798
799
800
801
802
803
804
805
806
807
808
809
810
811
812
813
814
815
816
817
818
819
820
821
822
823
824
825
826
827
828
829
830
831
832
833
834
835
836
837
838
839
840
841
842
843
844
845
846
847
848
849
850
851
852
853
854
855
856
857
858
859
860
861
862
863
864
865
866
867
868
869
870
871
872
873
874
875
876
877
878
879
880
881
882
883
884
885
886
887
888
889
890
891
892
893
894
895
896
897
898
899
900
901
902
903
904
905
906
907
908
909
910
911
912
913
914
915
916
917
918
919
920
921
922
923
924
925
926
927
928
929
930
931
932
933
934
935
936
937
938
939
940
941
942
943
944
945
946
947
948
949
950
951
952
953
954
955
956
957
958
960
961
962
963
964
965
966
967
968
969
970
971
972
973
974
975
976
977
978
979
980
981
982
983
984
985
986
987
988
989
990
991
992
993
994
995
996
997
998
999
1000
1001
1002
1003
1004
2 768 2
2 388 1
2 812 2
2 500 2
2 629 2
2 854 1
2 700 2
2 413 1
6 951 3
14 506 4
14 644 1
15 680 2
19 407 1
24 530 4
24 90 2
24 891 1
24 629 2
24 685 2
25 918 1
28 338 1
30 104 1
31 165 6
32 746 3
35 207 2
38 309 1
38 591 1
46 374 3
48 499 1
48 319 1
52 168 1
52 782 1
56 432 1
56 482 4
56 987 1
56 338 1
56 951 2
61 602 1
61 181 1
62 513 3
62 113 1
62 485 3
62 646 1
62 551 1
62 535 1
62 369 2
62 722 1
62 854 1
62 823 1
62 250 1
62 444 1
62 542 2
65 193 1
66 782 1
67 963 5
74 166 1
74 110 1
77 260 2
83 784 6
90 160 1
90 416 4
90 898 1
90 776 1
90 166 1
90 167 1
90 168 3
90 940 1
90 178 2
90 718 2
90 625 1
90 978 1
90 851 1
90 629 2
90 569 1
95 951 2
98 401 2
101 246 3
101 423 1
103 423 1
104 256 1
104 126 3
104 908 1
104 765 1
107 810 1
110 803 1
110 674 1
111 885 1
112 166 1
122 915 1
125 139 1
126 648 1
126 586 3
133 168 1
133 951 2
135 932 2
135 942 1
136 200 1
136 857 1
136 165 3
139 622 1
141 241 1
141 630 2
147 416 4
147 577 2
147 931 2
147 933 2
147 230 2
147 454 1
147 171 2
147 972 3
147 590 2
147 355 2
147 277 2
147 347 2
147 285 2
147 926 2
147 686 2
149 716 2
151 290 1
157 746 1
157 740 2
157 686 3
159 485 1
159 742 1
159 214 3
159 951 2
160 857 1
160 915 1
160 658 1
160 629 1
164 943 2
165 207 1
165 401 4
165 857 1
165 316 5
165 349 1
166 586 6
166 267 1
166 883 1
167 817 1
167 957 1
168 416 2
168 232 1
168 557 1
168 912 6
168 472 2
168 790 11
168 984 1
168 575 1
168 607 1
175 849 2
175 275 1
175 423 1
178 772 1
178 231 4
178 591 1
178 693 3
178 629 12
178 502 7
178 599 1
178 862 5
178 607 1
184 193 2
192 381 1
193 963 1
193 617 1
193 692 1
193 923 2
197 746 2
197 530 1
199 506 1
199 644 1
200 857 2
200 316 1
207 558 1
207 469 1
207 954 1
207 988 1
207 373 2
208 335 3
214 290 2
214 997 1
214 742 2
214 912 2
214 692 3
214 951 2
214 765 1
216 319 1
229 306 1
230 951 2
231 698 2
231 540 1
231 245 2
232 472 4
232 946 2
235 923 1
239 923 1
239 951 6
245 698 2
246 423 6
248 746 1
250 854 1
256 416 3
256 313 1
256 885 1
260 912 2
260 762 2
260 949 3
266 912 1
267 586 3
267 530 1
267 405 1
268 500 1
271 746 2
274 920 1
275 849 1
278 923 1
281 905 2
281 491 1
284 731 2
288 561 2
288 629 1
288 445 2
288 493 2
290 566 1
291 401 3
292 769 3
293 724 1
294 586 1
306 784 8
313 416 3
313 885 1
313 447 1
316 392 1
316 851 1
316 915 2
319 1002 3
319 558 2
332 586 1
335 737 3
335 810 3
335 899 6
335 643 5
338 641 1
356 912 3
356 416 1
356 602 1
356 472 1
356 765 2
362 912 3
364 482 1
369 535 1
383 586 1
401 415 1
410 996 2
413 746 5
414 891 1
416 425 1
416 586 3
416 782 1
416 946 1
416 948 1
416 633 1
416 602 2
416 765 1
423 977 1
425 946 2
425 908 1
435 586 1
443 662 1
447 586 3
450 802 1
450 695 1
458 956 1
472 912 2
472 946 2
472 765 3
482 987 1
482 951 2
485 513 1
491 497 1
499 844 1
499 558 2
500 586 4
500 814 1
502 862 1
502 951 1
506 996 3
506 1001 9
506 951 1
506 644 3
506 923 5
506 541 2
513 646 1
516 881 2
516 702 2
530 746 1
530 851 2
530 629 6
530 630 6
530 891 3
540 698 2
540 855 1
542 854 1
542 646 1
552 951 1
569 951 3
573 586 1
577 686 3
585 660 1
585 742 2
586 782 1
586 648 6
586 814 1
586 687 1
586 885 1
586 984 3
586 762 2
591 746 1
599 951 2
602 743 1
602 765 1
602 912 3
602 721 1
609 951 1
617 923 2
629 630 2
629 891 5
630 920 2
630 700 1
644 1001 1
644 924 1
648 721 1
665 746 1
680 731 1
684 746 1
687 923 1
687 746 1
692 746 4
692 932 4
693 951 4
698 840 2
698 873 2
698 764 2
700 790 1
707 951 1
708 716 1
716 718 3
718 746 1
719 738 2
721 946 1
721 765 1
731 746 4
738 923 2
742 784 5
742 746 2
745 828 1
746 775 1
746 776 1
746 920 1
746 935 4
746 844 1
746 980 1
746 992 3
746 994 1
762 984 2
765 908 1
765 912 3
772 923 2
782 984 1
783 881 2
790 812 1
795 957 1
851 978 1
851 951 1
862 923 1
890 923 1
923 951 1
