0
1
2
3
4
5
6
7
8
9
10
11
12
13
14
15
16
17
18
19
20
21
22
23
24
25
26
27
28
29
30
31
32
33
34
35
36
37
38
39
40
41
42
43
44
45
46
47
48
49
50
51
52
53
54
55
56
57
58
59
60
61
62
63
64
65
66
67
68
69
70
71
72
73
74
75
76
77
78
79
80
81
82
83
84
85
86
87
88
89
90
91
92
93
94
95
96
97
98
99
100
101
102
103
104
105
106
107
108
109
110
111
112
113
114
115
116
117
118
119
120
121
122
123
124
125
126
127
128
129
130
131
132
133
134
135
136
137
138
139
141
142
143
144
145
146
147
148
149
150
151
152
153
154
155
157
158
159
160
161
162
163
164
165
166
167
168
169
170
171
172
173
174
175
176
177
178
179
180
181
182
183
184
185
186
187
188
189
190
191
192
193
194
195
196
197
198
199
200
201
202
203
204
205
206
207
208
209
210
211
212
213
214
215
216
217
218
219
220
221
222
223
224
225
226
227
228
229
230
231
232
233
235
236
237
238
239
240
241
242
243
244
245
246
247
248
249
250
251
252
253
254
255
256
257
259
260
262
263
264
265
266
267
268
269
270
271
272
273
274
275
276
277
278
279
280
281
282
283
284
285
286
287
288
289
290
291
292
293
294
295
296
297
299
300
301
302
303
304
305
306
307
308
309
310
311
312
313
314
315
316
317
318
319
320
321
322
323
324
325
326
327
328
329
330
331
332
333
334
335
336
337
338
339
340
341
343
344
345
346
347
348
349
350
351
352
353
355
356
357
358
359
360
361
362
364
365
366
367
368
369
370
371
372
373
374
375
376
377
378
379
380
381
382
383
384
385
386
387
388
389
390
391
392
393
394
395
396
397
398
399
400
401
402
403
404
405
406
407
408
409
410
411
412
413
414
415
416
418
419
420
421
422
423
424
425
426
427
428
429
430
431
432
433
434
435
436
437
438
439
440
441
442
443
444
445
446
447
448
449
450
451
452
453
454
455
456
457
458
459
460
461
462
464
465
466
467
468
469
470
471
472
473
474
475
476
477
478
479
480
481
482
483
484
485
486
487
488
489
490
491
492
493
495
496
497
498
499
500
501
502
503
504
505
506
507
508
509
510
511
512
513
514
515
516
517
518
519
520
521
522
523
524
525
526
527
528
530
531
532
533
534
535
536
537
538
539
540
541
542
543
544
545
546
547
548
549
550
551
552
553
554
556
557
558
559
560
561
562
563
564
565
566
567
568
569
570
571
572
573
574
575
576
577
578
579
580
581
582
583
584
585
586
587
588
589
590
591
592
593
594
595
596
597
598
599
600
601
602
603
604
605
606
607
609
610
611
612
613
614
615
616
617
618
619
621
622
623
624
625
626
627
628
629
630
631
632
633
634
635
636
637
638
639
640
641
642
643
644
645
646
647
648
649
650
651
652
653
654
655
656
657
658
659
660
661
662
663
664
665
666
667
668
669
670
671
672
673
674
675
676
677
678
679
680
681
682
683
684
685
686
687
688
689
690
691
692
693
694
695
696
697
698
699
700
701
702
703
704
705
706
707
708
709
710
711
712
713
714
715
716
717
718
719
720
721
722
723
724
725
726
727
728
729
730
731
732
733
734
735
736
737
738
739
740
741
742
743
744
745
746
747
748
749
750
751
752
753
754
756
757
758
759
760
761
762
763
764
765
767
768
769
770
771
772
773
774
775
776
777
778
779
780
781
782
783
784
785
786
787
788
789
790
791
792
793
794
795
796
797
798
799
800
801
802
803
804
805
806
807
808
809
810
811
812
813
814
815
816
817
818
819
820
821
822
823
824
825
826
827
828
829
830
831
832
833
834
835
836
837
838
839
840
841
842
843
844
845
846
847
848
849
850
851
852
853
854
855
856
857
858
859
860
861
862
863
864
865
866
867
868
869
870
871
872
873
874
875
876
877
878
879
880
881
882
883
884
885
886
887
888
889
890
891
892
893
894
895
896
897
898
899
900
901
902
903
904
905
906
907
908
909
910
911
912
913
914
915
916
917
918
919
920
921
922
923
924
925
926
927
928
929
930
931
932
933
934
935
936
937
938
939
940
941
942
943
944
945
946
947
948
949
950
951
952
953
954
955
956
957
958
960
961
962
963
964
965
966
967
968
969
970
971
972
973
974
975
976
977
978
979
980
981
982
983
984
985
986
987
988
989
990
991
992
993
994
995
996
997
998
999
1000
1001
1002
1003
1004
0 249 1
0 178 3
0 605 3
0 705 1
2 32 4
2 768 2
2 580 2
2 197 2
2 561 3
2 328 2
2 119 1
2 812 2
2 528 2
2 465 1
2 178 5
2 790 8
2 791 2
2 700 5
2 669 2
2 638 2
4 304 2
4 441 1
4 802 2
4 371 1
5 107 3
5 977 5
5 491 2
5 175 7
6 249 1
6 178 3
6 605 3
8 544 1
13 738 1
14 506 1
14 173 1
15 680 6
15 731 5
15 422 3
17 316 1
24 35 1
24 846 1
24 530 2
24 629 4
24 280 4
24 891 7
24 189 1
24 31 1
25 684 1
25 844 1
28 338 1
28 987 1
29 107 3
29 333 3
29 670 3
31 165 9
31 316 1
31 428 2
31 915 2
31 92 3
31 990 3
32 739 1
32 580 3
32 293 3
32 718 1
32 791 2
32 280 4
32 669 3
32 197 3
35 280 3
35 585 1
35 978 1
35 207 2
40 450 2
40 187 1
40 53 1
40 662 3
42 649 1
42 534 3
45 66 1
46 310 2
48 216 1
48 458 2
48 499 2
48 558 1
50 559 4
52 528 4
52 168 1
52 602 1
52 948 6
52 765 1
53 193 1
53 866 3
53 332 1
53 674 1
53 819 1
53 311 1
53 120 4
53 890 1
53 923 1
53 540 1
55 951 1
56 987 2
58 909 3
61 388 1
61 517 4
61 135 2
61 784 3
61 915 2
61 534 1
61 542 1
61 178 3
61 306 1
61 692 1
61 700 2
61 450 2
61 718 11
61 591 3
61 851 2
61 980 1
61 991 1
61 356 4
61 742 4
61 233 3
61 362 1
61 241 2
61 502 5
61 617 1
62 800 5
62 214 2
62 518 3
62 485 3
62 646 3
65 544 1
65 993 2
65 772 1
65 997 2
65 812 1
65 243 1
65 120 2
66 782 1
67 963 15
67 165 6
67 391 4
67 846 10
67 207 6
67 344 4
68 987 1
70 322 1
70 388 3
70 822 1
70 334 2
70 853 1
70 534 1
70 663 1
70 90 2
70 510 2
73 577 1
73 499 1
74 674 4
74 294 5
74 166 5
74 392 3
74 332 1
74 112 7
74 948 3
74 214 1
74 126 3
75 120 2
75 936 2
75 772 6
75 334 1
77 356 1
77 168 5
77 746 1
77 912 5
77 948 1
77 439 1
78 832 1
78 249 1
78 178 8
78 605 3
78 502 1
83 784 2
84 638 1
84 534 1
88 399 2
88 950 1
88 638 2
88 343 1
90 832 2
90 898 1
90 868 2
90 742 1
90 936 2
90 233 3
90 749 1
90 692 1
90 246 2
90 120 1
90 372 2
90 506 6
90 223 2
91 415 1
92 838 4
92 428 4
92 207 1
92 953 1
92 316 1
92 349 5
92 990 3
95 987 1
96 420 1
96 634 1
96 388 3
96 638 1
98 707 4
98 454 3
98 134 2
98 713 3
98 107 3
98 268 3
98 429 2
98 401 14
98 117 3
98 278 3
99 249 1
99 178 3
99 314 1
99 878 1
99 207 1
101 246 2
101 718 1
101 423 1
104 416 2
104 356 1
104 294 1
104 425 64
104 700 1
104 765 3
104 126 4
105 374 1
106 788 2
106 638 1
107 320 1
107 898 3
107 643 2
107 393 2
107 652 1
107 899 1
107 532 2
107 664 3
107 537 4
107 670 4
107 289 1
107 808 3
107 553 3
107 810 6
107 175 3
107 688 1
107 192 5
107 737 1
107 201 2
107 1004 1
107 335 17
107 464 3
107 468 3
107 985 3
107 208 1
107 236 1
107 118 3
107 980 2
107 381 3
109 913 3
109 356 2
109 721 2
111 946 4
111 790 1
112 674 10
112 356 4
112 517 1
112 166 1
112 392 6
112 267 11
112 782 2
112 948 2
112 472 4
112 313 4
112 700 1
113 646 2
113 518 1
114 718 1
118 732 1
119 465 1
119 812 1
120 290 2
120 707 5
120 196 4
120 454 6
120 198 4
120 609 3
120 193 1
120 752 6
120 703 1
120 948 5
120 278 2
120 633 2
120 772 12
120 997 3
120 253 1
120 191 3
122 924 2
122 718 1
124 518 1
125 323 1
125 676 2
125 139 1
125 206 1
125 622 3
125 534 1
125 510 2
126 356 1
126 586 12
126 332 4
126 721 1
126 948 3
126 790 3
126 500 3
126 700 2
127 718 2
129 577 2
132 337 2
133 528 1
133 168 1
133 948 1
133 383 1
134 425 2
134 923 1
134 316 1
135 581 3
135 870 2
135 329 3
135 170 5
135 942 12
135 337 1
135 306 1
135 851 2
135 245 1
136 200 11
136 302 1
136 207 2
136 915 1
136 952 5
136 316 3
138 850 1
138 383 1
139 601 1
139 322 2
139 282 1
141 280 1
141 978 1
141 188 1
141 469 1
141 630 3
142 224 1
142 267 4
142 428 1
142 207 1
142 915 7
142 280 4
142 953 1
142 316 3
142 351 1
143 544 2
143 739 1
147 416 2
147 454 1
151 923 2
151 700 2
151 278 1
153 977 9
157 277 1
157 415 2
158 891 3
159 334 1
160 530 4
160 629 1
161 784 4
161 993 1
163 518 1
163 646 1
164 638 1
164 943 1
165 207 4
165 401 14
165 316 3
165 990 1
166 674 1
166 517 2
166 267 1
166 332 2
166 946 3
166 435 1
166 500 5
166 790 1
166 948 1
166 586 5
167 978 3
167 851 1
167 547 1
167 469 1
167 954 1
168 260 7
168 648 1
168 266 2
168 912 46
168 472 31
168 416 3
168 425 8
168 556 1
168 557 1
168 946 3
168 948 8
168 439 2
168 313 8
168 966 2
168 586 1
168 332 1
168 984 3
168 868 1
168 730 3
168 607 2
168 356 13
168 744 1
168 232 15
168 762 1
169 314 2
169 372 1
170 245 7
170 855 1
170 581 6
170 231 8
171 577 1
171 933 1
173 506 10
175 832 1
175 423 1
175 335 1
175 849 4
175 275 5
178 409 3
178 538 5
178 415 15
178 929 5
178 418 5
178 295 3
178 990 1
178 693 3
178 569 3
178 314 8
178 700 5
178 710 4
178 333 12
178 976 3
178 978 1
178 339 3
178 470 5
178 599 7
178 605 40
178 862 5
178 991 3
178 482 1
178 228 3
178 362 2
178 502 29
178 249 5
178 767 4
181 920 3
181 656 1
181 274 1
181 353 1
184 843 1
184 779 2
185 833 3
185 987 1
185 742 1
185 415 1
187 568 1
187 450 1
187 662 2
187 695 1
188 431 4
188 978 1
188 851 1
188 469 1
188 502 1
188 280 3
188 207 1
189 423 2
189 362 1
189 428 1
189 334 1
189 595 1
189 629 1
189 214 2
190 920 2
190 274 1
190 614 2
190 207 1
191 752 1
191 316 2
192 381 3
193 633 1
193 707 1
193 662 2
196 435 1
198 454 1
199 506 6
199 644 1
200 806 2
200 971 12
200 428 2
200 344 3
200 952 5
200 543 3
200 316 9
200 351 6
207 795 2
207 424 3
207 428 3
207 301 1
207 558 2
207 954 1
207 585 1
207 469 3
207 988 1
207 349 1
207 990 2
207 484 2
207 373 3
207 630 4
207 888 1
208 1004 1
214 534 1
214 518 3
214 428 2
214 783 1
214 912 6
214 662 4
214 280 1
214 923 1
214 290 6
214 935 3
214 425 1
214 278 1
214 940 1
214 695 1
214 316 2
214 707 1
214 841 4
214 951 2
214 334 5
214 738 1
214 742 1
214 499 1
214 502 1
214 887 2
214 765 1
216 321 2
216 458 1
216 558 3
216 499 1
216 319 1
220 362 2
220 483 2
223 415 2
224 428 1
224 316 1
224 349 1
225 716 3
225 951 3
228 470 1
228 333 1
228 502 5
228 249 1
228 605 6
229 742 3
231 738 1
231 923 1
231 994 1
231 338 3
231 245 8
231 987 4
231 540 3
231 874 2
232 356 3
232 744 3
232 425 1
232 586 1
232 332 1
232 782 1
232 912 1
232 946 1
232 472 12
233 245 2
233 935 14
235 923 1
235 316 2
236 977 1
236 1004 1
236 537 1
239 656 1
239 609 1
239 558 1
239 783 1
241 280 2
243 607 3
245 581 2
245 264 1
245 874 2
245 624 1
245 329 2
245 987 1
245 764 2
245 540 2
246 724 5
246 423 3
248 586 1
248 415 2
249 519 1
249 409 1
249 538 1
249 929 1
249 693 1
249 314 1
249 710 1
249 333 1
249 976 1
249 470 2
249 599 1
249 605 4
249 862 1
249 991 1
249 502 1
249 767 1
250 332 1
250 356 1
250 948 3
250 886 3
250 913 2
251 987 1
253 290 2
256 313 2
256 356 4
256 721 2
260 912 1
264 376 2
264 329 1
264 540 5
266 912 6
266 439 1
267 517 2
267 838 2
267 648 3
267 700 1
267 586 3
267 782 6
267 751 3
267 392 1
267 658 3
267 948 2
267 631 1
267 891 11
267 988 3
267 478 2
272 742 1
272 662 1
274 920 2
274 988 1
274 301 3
275 849 2
278 772 2
278 502 1
278 332 3
278 290 1
278 923 2
278 415 1
280 772 1
280 902 3
280 647 3
280 526 3
280 656 3
280 530 7
280 915 4
280 920 3
280 388 1
280 421 2
280 422 2
280 301 1
280 561 3
280 953 2
280 846 4
280 547 7
280 990 2
280 293 2
280 739 2
280 360 3
280 851 3
280 629 8
280 631 3
280 469 1
284 731 6
285 577 1
288 610 9
288 484 12
288 773 9
288 391 11
288 846 12
288 629 12
288 630 2
289 899 2
290 589 4
293 547 2
293 455 1
293 697 4
293 862 2
294 356 3
294 332 3
294 435 2
294 885 1
294 984 1
294 313 1
299 329 1
299 634 1
299 509 2
302 891 1
302 316 1
304 936 1
304 441 1
306 742 3
306 784 1
306 659 1
306 374 5
310 638 2
310 343 1
311 987 1
313 416 7
313 912 2
313 356 9
313 425 1
313 721 2
313 946 9
313 948 2
313 885 2
313 472 4
313 730 3
313 602 1
314 929 3
314 710 1
314 693 2
314 470 1
314 599 1
314 605 2
314 767 1
316 772 2
316 647 2
316 782 1
316 915 15
316 806 2
316 428 13
316 952 2
316 953 2
316 543 1
316 833 1
316 971 4
316 344 1
316 857 2
316 349 1
316 990 3
316 351 3
316 888 1
318 332 3
318 809 1
318 684 3
318 704 1
319 1002 1
319 499 1
319 458 1
319 558 1
320 337 8
320 1004 1
321 618 2
321 499 1
322 534 1
322 334 1
324 337 1
327 381 1
329 738 2
329 427 3
329 775 3
329 587 2
329 910 1
329 624 1
329 534 1
329 343 1
329 798 3
332 517 1
332 648 2
332 782 4
332 912 3
332 684 1
332 435 4
332 948 1
332 573 3
332 586 10
332 844 2
332 984 1
332 356 7
332 500 16
332 885 1
332 383 1
333 605 3
333 470 2
334 995 1
334 772 4
334 502 2
334 746 1
334 749 3
334 910 2
334 687 2
334 851 1
334 692 2
334 534 2
334 388 1
334 923 1
334 415 1
335 664 1
335 537 2
335 553 1
336 926 2
337 343 1
337 505 2
338 624 1
338 849 2
338 987 1
338 540 2
338 511 2
343 388 1
343 534 2
343 951 1
343 399 5
343 853 1
343 950 6
343 663 2
346 634 1
346 559 2
347 472 2
349 838 10
349 888 1
349 953 2
351 428 1
353 891 2
353 630 2
353 391 2
356 648 5
356 912 10
356 790 1
356 730 1
356 425 4
356 948 9
356 574 1
356 586 1
356 721 8
356 472 17
356 602 8
356 743 1
356 744 2
360 629 1
360 526 1
361 987 1
362 909 1
362 528 1
362 922 1
362 383 10
364 582 3
365 732 1
369 832 1
369 936 1
369 407 1
369 913 10
369 535 2
369 444 1
371 528 1
371 441 1
372 716 1
373 391 2
374 400 4
376 634 1
377 977 1
377 866 3
378 514 1
379 568 1
381 810 4
381 881 2
381 670 1
383 528 2
383 517 2
383 716 1
383 589 2
383 720 7
383 887 5
383 568 2
383 891 4
383 586 4
388 509 1
388 534 1
388 638 3
390 784 2
391 750 2
391 445 1
392 674 4
392 803 1
392 948 1
393 843 1
397 891 2
400 659 2
400 813 3
401 429 36
401 454 12
401 415 18
402 788 1
407 936 1
407 843 1
409 605 3
410 650 1
410 663 2
415 517 2
415 783 1
415 923 1
415 542 2
415 811 3
415 429 2
415 687 1
415 692 1
415 670 4
415 833 1
415 450 5
415 587 1
415 718 2
415 591 2
415 851 1
415 742 3
415 617 2
415 502 4
415 946 8
416 707 1
416 425 2
416 782 3
416 435 2
416 948 9
416 790 2
418 996 13
420 559 8
421 424 1
422 680 6
422 731 11
423 849 1
423 977 3
424 795 1
424 990 4
425 648 3
425 912 6
425 946 5
425 948 7
425 472 2
425 868 2
425 602 2
427 955 2
428 915 15
428 917 1
428 953 1
428 888 1
428 857 3
428 990 4
429 454 7
432 987 1
433 987 1
433 951 1
435 586 8
435 782 2
435 948 4
435 885 2
435 759 2
435 984 3
435 500 10
435 573 2
439 912 6
439 949 5
443 662 3
443 703 1
444 518 1
444 535 1
450 802 5
450 870 1
450 742 3
450 586 1
454 772 4
458 577 1
458 684 1
458 558 2
458 499 1
458 918 1
458 956 3
465 664 1
465 812 2
466 695 1
469 978 4
469 630 2
470 710 1
470 789 6
470 599 1
470 538 1
470 605 5
470 862 1
470 693 2
471 587 1
472 912 4
472 744 2
472 946 3
480 987 1
480 580 1
482 987 1
482 990 1
484 629 1
484 630 8
485 518 1
485 799 1
493 629 1
499 918 2
499 679 1
499 844 2
499 558 1
499 758 1
499 956 1
499 618 1
500 586 10
500 782 7
500 573 5
500 542 1
502 854 3
502 710 1
502 749 3
502 851 2
502 693 1
502 538 2
502 605 4
502 862 4
505 509 4
506 996 2
506 1001 10
506 783 1
506 752 2
506 670 2
506 921 5
506 644 3
506 924 11
506 541 1
506 702 4
509 832 1
509 1004 4
510 534 3
511 849 3
511 789 1
513 518 1
514 832 1
514 1001 1
514 780 1
514 977 2
514 950 1
516 532 1
517 813 5
517 948 2
518 913 1
518 646 3
518 551 1
518 535 4
518 722 2
518 542 1
518 854 6
518 823 4
518 799 2
518 895 5
526 530 1
526 629 1
527 720 2
527 710 2
528 609 1
528 585 1
530 838 1
530 586 1
530 658 1
530 629 5
530 891 11
531 987 1
534 939 1
534 591 1
534 862 2
538 605 3
540 641 1
540 955 1
540 874 2
540 840 1
540 692 2
540 855 1
540 697 1
540 987 1
540 764 1
541 576 1
541 850 3
542 823 2
543 971 1
544 669 1
547 585 2
547 846 1
547 978 1
547 862 1
553 688 2
553 670 2
558 844 1
558 956 2
559 622 1
561 629 1
565 715 1
565 684 2
569 605 3
572 662 1
573 648 2
573 586 4
573 790 1
577 715 1
577 862 2
580 809 1
581 855 2
582 987 1
584 731 3
585 909 4
586 782 17
586 915 1
586 790 1
586 687 2
586 844 1
586 984 4
586 602 1
586 617 4
586 885 1
586 762 1
586 765 1
587 784 3
587 617 1
591 910 1
595 718 4
595 951 2
599 693 5
599 605 6
602 721 3
602 868 1
602 765 2
605 710 3
605 976 3
605 693 4
605 862 3
605 767 3
607 995 1
607 687 1
609 707 1
609 772 4
611 921 1
613 977 1
614 978 1
614 851 1
617 923 6
624 764 3
624 863 1
626 863 1
629 658 1
629 685 1
629 846 2
629 750 2
629 630 1
629 631 1
629 891 5
630 952 2
630 891 2
631 846 1
633 707 1
633 772 3
634 832 1
634 788 2
634 638 1
638 700 3
638 906 2
641 987 4
643 685 4
644 850 3
644 924 6
647 990 1
648 765 3
648 948 6
648 790 1
649 951 1
654 738 1
654 783 1
654 996 1
654 991 5
656 920 1
656 951 1
656 988 2
658 685 1
658 846 1
659 790 1
662 900 3
663 943 1
668 746 3
668 935 2
672 946 1
674 948 2
680 896 1
680 731 4
680 707 1
684 844 6
684 956 1
687 923 1
687 746 1
692 833 1
692 746 1
692 749 4
692 910 1
697 925 2
697 962 1
697 855 7
698 987 2
700 812 4
700 977 1
700 790 1
700 862 2
700 991 1
703 784 1
707 749 2
707 951 1
707 923 1
715 926 5
716 718 5
718 742 1
718 904 1
718 883 1
718 980 1
718 724 2
719 921 1
719 738 1
720 833 1
720 855 1
720 935 2
721 743 2
721 908 1
721 765 3
723 758 1
724 1004 2
725 940 1
730 912 2
738 837 2
738 745 2
738 783 4
738 850 4
738 921 1
738 923 2
738 828 1
742 900 3
743 868 1
746 935 5
746 813 8
752 887 1
758 956 2
758 844 1
758 918 1
762 984 1
764 994 1
764 874 2
764 987 1
765 868 1
765 908 2
765 790 1
765 948 1
772 951 2
774 947 5
776 923 6
779 843 3
780 977 4
782 997 2
782 915 1
782 790 2
782 890 1
783 979 1
783 923 1
784 901 1
789 987 1
790 812 1
790 977 1
790 948 2
790 868 3
790 956 2
796 987 1
799 895 1
803 948 1
809 987 3
811 833 1
813 996 1
813 935 6
823 895 3
832 977 2
832 1001 1
833 987 1
840 874 2
840 987 1
843 907 2
843 883 1
844 918 2
849 987 6
850 987 1
850 924 5
851 978 2
851 915 2
851 954 1
857 915 1
858 991 1
862 909 2
863 993 1
863 994 1
865 995 1
865 951 1
866 951 3
868 948 4
872 987 1
873 874 2
873 987 1
873 925 1
890 923 3
890 948 1
892 915 1
901 993 1
912 984 1
915 990 1
919 1000 2
920 978 1
920 988 1
921 923 1
924 996 1
950 977 7
953 957 1
954 978 1
954 957 1
955 987 4
974 984 1
977 1004 4
987 994 1
