0
1
2
3
4
5
6
7
8
9
10
11
12
13
14
15
16
17
18
19
20
21
22
23
24
25
26
27
28
29
30
31
32
33
34
35
36
37
38
39
40
41
42
43
44
45
46
47
48
49
50
51
52
53
54
55
56
57
58
59
60
61
62
63
64
65
66
67
68
69
70
71
72
73
74
75
76
77
78
79
80
81
82
83
84
85
86
87
88
89
90
91
92
93
94
95
96
97
98
99
100
101
102
103
104
105
106
107
108
109
110
111
112
113
114
115
116
117
118
119
120
121
122
123
124
125
126
127
128
129
130
131
132
133
134
135
136
137
138
139
141
142
143
144
145
146
147
148
149
150
151
152
153
154
155
157
158
159
160
161
162
163
164
165
166
167
168
169
170
171
172
173
174
175
176
177
178
179
180
181
182
183
184
185
186
187
188
189
190
191
192
193
194
195
196
197
198
199
200
201
202
203
204
205
206
207
208
209
210
211
212
213
214
215
216
217
218
219
220
221
222
223
224
225
226
227
228
229
230
231
232
233
235
236
237
238
239
240
241
242
243
244
245
246
247
248
249
250
251
252
253
254
255
256
257
259
260
262
263
264
265
266
267
268
269
270
271
272
273
274
275
276
277
278
279
280
281
282
283
284
285
286
287
288
289
290
291
292
293
294
295
296
297
299
300
301
302
303
304
305
306
307
308
309
310
311
312
313
314
315
316
317
318
319
320
321
322
323
324
325
326
327
328
329
330
331
332
333
334
335
336
337
338
339
340
341
343
344
345
346
347
348
349
350
351
352
353
355
356
357
358
359
360
361
362
364
365
366
367
368
369
370
371
372
373
374
375
376
377
378
379
380
381
382
383
384
385
386
387
388
389
390
391
392
393
394
395
396
397
398
399
400
401
402
403
404
405
406
407
408
409
410
411
412
413
414
415
416
418
419
420
421
422
423
424
425
426
427
428
429
430
431
432
433
434
435
436
437
438
439
440
441
442
443
444
445
446
447
448
449
450
451
452
453
454
455
456
457
458
459
460
461
462
464
465
466
467
468
469
470
471
472
473
474
475
476
477
478
479
480
481
482
483
484
485
486
487
488
489
490
491
492
493
495
496
497
498
499
500
501
502
503
504
505
506
507
508
509
510
511
512
513
514
515
516
517
518
519
520
521
522
523
524
525
526
527
528
530
531
532
533
534
535
536
537
538
539
540
541
542
543
544
545
546
547
548
549
550
551
552
553
554
556
557
558
559
560
561
562
563
564
565
566
567
568
569
570
571
572
573
574
575
576
577
578
579
580
581
582
583
584
585
586
587
588
589
590
591
592
593
594
595
596
597
598
599
600
601
602
603
604
605
606
607
609
610
611
612
613
614
615
616
617
618
619
621
622
623
624
625
626
627
628
629
630
631
632
633
634
635
636
637
638
639
640
641
642
643
644
645
646
647
648
649
650
651
652
653
654
655
656
657
658
659
660
661
662
663
664
665
666
667
668
669
670
671
672
673
674
675
676
677
678
679
680
681
682
683
684
685
686
687
688
689
690
691
692
693
694
695
696
697
698
699
700
701
702
703
704
705
706
707
708
709
710
711
712
713
714
715
716
717
718
719
720
721
722
723
724
725
726
727
728
729
730
731
732
733
734
735
736
737
738
739
740
741
742
743
744
745
746
747
748
749
750
751
752
753
754
756
757
758
759
760
761
762
763
764
765
767
768
769
770
771
772
773
774
775
776
777
778
779
780
781
782
783
784
785
786
787
788
789
790
791
792
793
794
795
796
797
798
799
800
801
802
803
804
805
806
807
808
809
810
811
812
813
814
815
816
817
818
819
820
821
822
823
824
825
826
827
828
829
830
831
832
833
834
835
836
837
838
839
840
841
842
843
844
845
846
847
848
849
850
851
852
853
854
855
856
857
858
859
860
861
862
863
864
865
866
867
868
869
870
871
872
873
874
875
876
877
878
879
880
881
882
883
884
885
886
887
888
889
890
891
892
893
894
895
896
897
898
899
900
901
902
903
904
905
906
907
908
909
910
911
912
913
914
915
916
917
918
919
920
921
922
923
924
925
926
927
928
929
930
931
932
933
934
935
936
937
938
939
940
941
942
943
944
945
946
947
948
949
950
951
952
953
954
955
956
957
958
960
961
962
963
964
965
966
967
968
969
970
971
972
973
974
975
976
977
978
979
980
981
982
983
984
985
986
987
988
989
990
991
992
993
994
995
996
997
998
999
1000
1001
1002
1003
1004
0 6 1
0 519 1
0 409 1
0 538 1
0 929 1
0 432 2
0 178 6
0 693 2
0 314 2
0 710 1
0 333 1
0 78 1
0 976 1
0 470 1
0 599 1
0 605 1
0 862 1
0 991 1
0 99 1
0 228 1
0 502 1
0 249 1
0 767 1
2 326 2
2 840 2
2 812 1
2 749 3
2 82 1
2 692 4
2 790 5
2 628 1
2 700 5
4 304 3
4 371 3
4 135 1
5 107 2
5 175 3
5 335 2
6 178 3
8 544 3
8 414 2
11 890 1
13 850 1
13 443 1
13 743 1
14 644 1
14 199 1
14 796 1
14 173 1
14 783 1
14 881 1
14 850 1
14 724 2
14 996 1
14 506 5
14 924 2
14 410 1
15 680 2
15 731 7
15 422 2
15 943 1
16 293 2
17 915 1
17 316 1
17 351 1
19 333 1
19 293 2
24 750 1
24 528 1
24 629 2
24 630 1
24 891 5
24 990 2
24 31 2
28 987 4
29 107 2
29 724 1
29 670 2
30 104 2
30 908 1
30 362 3
30 356 1
30 765 2
31 165 14
31 428 1
31 915 1
31 316 3
31 990 3
31 351 1
32 197 2
32 428 2
32 718 1
32 791 1
32 92 2
32 862 1
35 978 4
35 954 1
38 638 1
38 951 1
40 802 4
40 379 1
40 900 2
40 198 1
40 488 1
40 450 2
40 272 1
40 712 1
40 947 1
40 53 2
40 662 1
40 695 1
40 568 1
40 187 4
40 572 2
40 254 1
42 638 2
42 534 1
42 943 3
46 337 1
46 399 3
48 1000 1
48 956 1
50 559 4
52 912 1
52 267 1
52 356 1
52 765 1
52 126 4
53 609 1
53 866 1
53 166 1
53 518 1
53 850 1
53 819 2
53 633 1
53 443 2
53 316 1
56 987 5
56 772 1
61 228 2
61 517 1
61 742 2
61 135 3
61 939 1
61 782 9
61 591 1
61 178 5
61 915 1
61 693 4
61 502 3
61 356 1
61 166 1
62 513 1
62 485 4
62 518 2
62 646 6
62 214 1
62 535 1
62 250 3
62 799 1
62 542 8
62 895 1
65 963 3
65 196 2
65 997 1
65 135 3
65 75 2
65 435 1
65 334 3
65 687 1
65 752 3
65 147 5
65 220 9
65 190 1
67 963 17
67 165 10
67 391 2
67 846 5
67 207 2
67 344 2
68 987 4
69 879 1
74 984 1
74 392 5
74 912 1
74 573 2
75 220 2
75 334 1
75 772 5
77 104 1
77 912 1
77 500 1
77 935 1
78 929 1
78 832 1
78 178 3
78 502 1
78 314 1
82 870 1
82 135 1
84 534 2
86 443 2
88 906 1
88 638 1
89 127 1
90 736 1
90 609 1
90 850 1
90 891 1
90 356 3
90 101 2
90 742 3
90 105 2
90 791 1
90 178 2
90 143 4
90 765 2
90 946 1
90 948 1
90 233 7
90 832 1
90 283 2
90 541 1
90 669 1
90 134 1
90 671 3
91 499 1
92 838 2
92 915 1
92 316 1
92 990 2
92 351 1
95 987 4
96 388 1
96 634 2
96 420 2
96 509 2
98 707 5
98 454 3
98 134 4
98 713 4
98 107 5
98 268 4
98 429 3
98 401 9
98 117 4
98 278 4
99 178 3
99 314 1
99 502 1
99 207 1
101 866 1
101 790 1
101 246 3
101 423 4
103 950 1
104 416 1
104 648 1
104 425 26
104 790 7
104 765 8
105 418 9
106 832 2
106 337 1
106 638 3
106 559 1
107 192 3
107 898 2
107 643 3
107 393 1
107 652 1
107 899 2
107 664 2
107 537 2
107 670 8
107 289 2
107 808 1
107 553 2
107 810 3
107 175 2
107 688 2
107 320 3
107 327 1
107 201 2
107 1004 3
107 335 5
107 464 4
107 468 1
107 985 2
107 208 2
107 236 3
107 367 1
107 724 1
107 118 2
107 980 2
107 381 2
109 913 7
112 356 11
112 517 1
112 267 3
112 948 8
112 472 2
112 730 1
113 646 1
113 542 1
114 980 1
114 716 1
118 732 2
120 198 1
120 290 1
120 772 10
120 742 3
120 454 7
120 752 5
120 433 2
120 948 2
120 196 2
120 566 1
120 633 1
120 765 1
120 190 1
120 191 3
122 275 1
122 693 2
125 676 1
125 206 1
126 356 2
126 133 4
126 166 2
126 648 1
126 586 7
126 332 4
126 721 3
126 435 3
126 948 2
126 790 3
126 573 1
127 595 4
127 716 3
127 365 3
132 337 2
133 602 2
133 908 1
134 316 1
134 565 3
135 581 6
135 870 2
135 170 1
135 587 2
135 942 6
135 742 1
135 371 3
135 628 1
136 915 1
136 316 1
136 165 1
136 351 1
138 542 1
138 383 1
139 323 1
139 206 1
141 978 1
141 851 2
141 188 2
141 469 4
141 630 2
142 316 4
142 267 4
142 892 1
142 915 4
142 351 2
143 544 3
143 872 2
143 796 1
144 544 1
147 416 5
147 577 6
147 931 3
147 933 3
147 454 2
147 972 3
147 171 3
147 748 3
147 590 3
147 157 1
147 355 3
147 277 3
147 347 14
147 686 3
147 285 3
147 926 3
147 715 3
149 372 3
149 866 1
149 716 1
150 850 1
150 987 3
150 178 1
151 214 1
151 316 2
151 253 3
151 278 3
152 443 1
157 450 1
157 731 2
157 517 1
157 334 1
157 915 1
157 248 2
157 347 1
160 629 1
163 895 3
164 343 1
164 879 2
164 402 1
164 663 1
164 943 3
165 302 1
165 207 2
165 401 17
165 915 1
165 316 4
165 990 2
165 351 1
166 517 1
166 294 1
166 743 3
166 586 3
166 573 1
166 885 1
166 759 1
166 984 1
167 978 2
167 274 1
167 954 1
167 630 4
168 260 1
168 966 1
168 232 4
168 425 3
168 362 1
168 912 25
168 744 1
168 984 1
168 949 4
168 313 3
168 472 12
168 356 9
168 730 1
168 948 2
168 765 2
168 868 1
168 575 1
169 372 3
169 404 1
170 855 1
170 231 1
170 245 1
171 347 3
171 590 1
173 850 1
173 428 1
173 506 1
175 275 3
175 849 4
175 246 1
178 409 3
178 538 5
178 669 3
178 415 1
178 929 3
178 295 3
178 990 4
178 693 5
178 951 2
178 569 3
178 314 4
178 710 3
178 333 4
178 976 6
178 339 3
178 470 3
178 599 3
178 605 59
178 862 6
178 991 4
178 228 3
178 367 1
178 752 5
178 502 13
178 249 3
178 767 3
180 727 1
181 353 2
181 656 1
181 274 1
181 724 2
181 920 1
181 189 2
181 190 2
184 843 1
184 1004 2
184 951 1
185 833 2
185 987 1
187 450 1
188 421 1
188 614 2
188 824 1
188 978 1
188 851 2
188 502 1
188 280 1
188 954 1
189 716 2
189 239 1
189 497 1
189 883 3
189 724 4
189 502 1
189 249 2
190 353 2
190 656 2
190 274 2
190 373 2
190 920 2
191 609 1
191 749 2
192 664 2
192 289 1
193 633 3
193 946 3
194 587 1
195 934 1
196 401 1
196 278 1
196 731 1
196 220 1
197 850 1
199 644 2
199 506 1
199 996 1
199 850 1
200 428 1
200 915 4
200 316 5
200 971 2
200 351 3
206 676 1
206 622 2
206 487 1
207 428 2
207 978 1
207 469 1
207 630 4
207 953 1
207 795 1
207 988 2
207 990 3
214 609 1
214 290 4
214 502 1
214 518 1
214 935 1
214 595 1
214 841 1
214 887 2
214 367 3
214 912 5
214 742 1
214 978 2
214 531 1
214 951 1
214 662 6
214 890 6
214 923 3
214 316 2
216 1000 1
216 321 2
216 458 4
216 558 6
220 334 1
220 367 1
223 334 2
223 343 1
224 915 1
224 316 1
224 349 2
225 951 3
228 502 2
229 692 10
229 334 2
231 873 2
231 338 1
231 947 1
231 245 1
231 987 4
231 540 5
231 511 1
232 425 7
232 912 7
232 744 1
232 946 1
232 472 5
233 835 4
233 550 1
233 935 3
233 692 10
233 245 1
236 537 2
239 929 1
239 742 1
239 528 1
239 502 2
239 951 4
239 624 3
243 367 1
243 772 2
243 607 4
245 581 1
245 840 2
245 329 2
245 264 1
245 338 1
245 692 1
245 987 5
245 540 2
246 724 2
246 423 5
248 740 1
248 364 1
248 506 1
248 891 17
248 670 3
249 314 1
250 880 2
250 356 3
250 948 2
250 886 3
251 987 4
256 416 1
256 313 1
256 356 8
260 912 1
260 266 11
260 790 4
264 329 2
264 540 4
266 949 3
267 392 1
267 700 1
267 586 1
267 435 8
267 948 10
267 790 2
267 984 3
267 988 1
270 923 1
273 951 1
274 978 5
274 951 1
274 920 3
275 849 5
277 587 1
278 290 1
278 334 2
278 401 1
278 923 3
280 846 5
280 817 1
280 595 1
280 502 3
280 851 3
280 990 1
281 329 1
282 474 1
284 731 4
288 610 17
288 484 19
288 773 17
288 391 36
288 846 24
288 629 23
288 630 7
289 664 1
289 899 2
293 716 2
293 724 3
293 568 4
293 697 11
293 572 1
293 862 9
294 586 1
299 559 1
301 920 1
301 978 4
302 915 1
302 316 1
302 351 1
306 450 1
306 585 4
306 334 1
306 784 4
306 659 5
306 374 4
306 915 1
306 703 1
308 418 1
309 474 1
310 524 2
310 343 1
311 633 2
311 987 5
311 955 2
313 356 8
313 648 3
313 946 14
313 472 4
313 765 2
314 929 2
314 710 1
314 599 1
314 333 1
314 976 1
314 693 2
314 502 1
314 409 1
314 538 1
314 605 1
314 862 1
314 767 1
315 936 2
316 647 1
316 915 8
316 543 1
316 806 1
316 428 7
316 392 1
316 952 1
316 953 1
316 971 1
316 978 1
316 344 1
316 857 2
316 349 1
316 990 2
316 351 5
316 367 2
316 888 1
318 472 1
318 499 2
318 684 1
319 1000 2
321 499 1
322 740 2
322 879 5
323 706 1
323 951 1
324 337 1
324 367 1
327 381 1
327 414 2
327 341 1
329 427 1
329 388 1
329 471 1
329 910 1
329 624 1
329 819 4
329 534 1
329 343 4
329 540 1
332 674 1
332 356 1
332 648 1
332 362 2
332 782 1
332 573 1
332 435 3
332 500 6
332 586 1
333 538 1
333 767 3
334 772 1
334 915 1
334 923 3
334 684 1
334 687 4
334 692 3
334 696 5
334 450 1
334 586 1
334 718 2
334 995 2
334 742 1
334 367 1
334 890 1
335 664 1
337 638 2
337 919 4
337 505 1
337 603 3
337 510 1
338 987 5
338 540 1
343 950 8
343 587 1
343 749 3
343 399 4
343 534 1
343 663 6
344 915 1
344 351 1
347 472 2
349 976 1
349 915 1
351 952 1
351 838 3
351 647 1
351 971 1
351 428 1
351 915 3
351 953 1
351 888 1
351 857 4
351 543 1
351 990 1
353 920 1
353 891 3
353 391 20
356 517 12
356 912 14
356 915 1
356 542 1
356 730 5
356 425 12
356 946 1
356 948 11
356 949 1
356 450 1
356 586 1
356 721 5
356 472 25
356 868 4
356 743 2
356 744 1
356 765 17
360 526 4
361 987 4
362 716 1
362 383 14
365 377 2
365 866 1
367 776 1
367 940 1
367 530 1
367 835 1
367 920 1
367 923 1
367 544 1
367 987 1
367 809 1
367 684 1
367 435 1
367 692 1
367 951 4
367 963 1
367 812 1
367 844 1
367 720 1
367 852 1
367 731 1
367 865 1
367 738 1
367 743 1
367 371 1
367 629 1
372 716 1
372 404 3
372 951 8
373 391 22
374 659 1
376 731 1
377 866 2
377 772 1
377 685 2
378 514 1
378 603 1
381 664 1
381 506 1
383 720 6
383 867 1
383 518 1
383 810 2
383 528 2
383 913 2
383 887 3
387 795 2
388 742 2
388 752 1
388 534 4
388 638 1
390 784 6
391 610 17
391 484 5
391 750 9
391 445 1
392 948 4
393 843 1
393 907 1
399 950 2
400 813 2
401 454 8
401 683 1
401 429 10
401 415 11
402 649 1
402 474 1
402 788 1
402 943 1
404 595 2
407 843 1
410 719 1
414 891 16
414 995 4
415 811 2
415 429 4
415 833 3
416 425 7
416 948 3
418 977 8
418 996 17
420 559 6
421 424 1
421 978 2
421 795 1
422 731 3
423 977 2
423 866 1
423 849 2
424 978 2
424 795 1
424 990 4
425 721 1
425 912 13
425 946 4
425 948 5
425 472 2
425 868 1
425 765 5
427 955 2
427 540 1
428 838 1
428 915 11
428 953 1
429 454 4
432 512 2
432 987 4
433 738 2
433 987 7
433 828 2
435 586 8
435 782 7
435 500 2
435 984 5
435 948 6
435 573 3
437 850 1
440 664 1
440 737 1
443 662 4
445 891 6
450 802 1
450 742 1
450 586 1
450 684 1
450 530 1
450 718 1
450 912 1
450 915 2
451 988 1
454 609 2
454 706 1
454 713 2
458 956 9
466 947 3
468 664 1
469 978 2
469 851 2
469 954 1
471 752 1
471 617 1
472 912 14
472 744 3
472 946 4
472 765 1
473 810 1
474 832 1
474 951 2
479 980 4
480 987 4
482 531 5
482 641 3
482 987 4
482 990 1
484 838 1
484 630 10
485 646 3
486 700 1
499 704 1
499 833 1
499 1000 1
499 587 1
499 558 1
499 723 2
499 503 3
499 956 1
500 814 5
500 790 2
500 633 1
502 710 3
502 749 4
502 976 1
502 693 2
502 538 1
502 862 1
503 704 1
503 1000 2
503 723 5
505 603 1
506 644 6
506 783 3
506 850 1
506 924 5
506 541 5
509 603 1
509 939 1
510 622 2
510 534 3
512 978 1
514 832 1
514 1001 1
514 780 1
514 977 4
514 950 1
514 603 1
516 850 1
517 674 1
517 586 2
517 565 1
517 854 1
517 602 1
517 765 5
517 542 1
518 799 9
518 609 3
518 542 5
518 895 8
526 530 1
526 629 1
527 720 2
527 870 1
528 772 2
528 531 2
530 658 1
530 851 2
530 629 1
530 920 1
530 891 4
530 915 1
531 987 4
534 752 1
534 862 5
537 664 1
540 641 2
540 546 2
540 955 8
540 581 1
540 587 6
540 840 1
540 819 3
540 873 1
540 697 2
540 987 6
540 764 1
541 738 1
541 850 3
542 646 12
542 948 2
542 586 2
542 765 3
543 915 1
544 739 1
544 580 2
544 741 2
544 563 1
544 791 1
544 669 4
546 609 1
546 550 1
547 978 1
547 851 1
547 862 8
547 954 1
547 614 1
550 920 1
550 692 1
550 743 1
551 895 1
551 799 2
552 978 1
553 688 1
553 670 1
558 1000 1
559 622 3
563 731 1
565 704 3
565 723 2
565 684 2
566 713 1
566 772 1
573 586 4
575 912 1
576 850 1
577 926 1
577 935 1
581 936 1
581 851 2
581 855 1
581 703 1
582 994 1
582 987 4
584 731 3
585 922 2
585 822 3
586 648 3
586 782 9
586 912 1
586 915 1
586 790 2
586 812 1
586 948 2
586 700 1
586 587 1
586 984 7
587 807 2
587 752 1
591 923 5
591 607 1
595 718 4
595 687 1
595 696 1
595 790 1
595 951 3
599 929 1
599 878 2
599 693 5
599 767 1
601 919 1
602 648 2
602 721 1
602 948 1
602 765 9
603 780 1
603 822 1
603 735 1
605 670 2
605 685 1
607 995 11
607 696 1
607 687 2
607 765 2
609 772 4
609 749 1
609 951 3
609 633 1
609 923 2
611 850 1
613 772 1
614 978 1
614 954 1
617 752 1
622 676 2
629 838 1
629 685 2
629 978 1
630 685 2
633 707 1
633 772 1
638 790 1
638 906 1
638 853 5
638 950 1
638 663 3
638 740 1
638 862 2
641 987 4
643 664 1
643 670 1
644 850 1
644 924 3
644 702 2
647 915 1
648 721 7
648 948 1
649 951 1
650 738 1
650 850 1
650 682 2
650 654 1
650 783 1
654 738 2
654 991 4
654 682 1
654 783 2
656 920 3
656 978 1
657 850 1
659 703 2
662 900 6
663 950 4
664 737 1
664 810 1
664 985 1
668 720 1
668 746 2
668 813 3
668 935 3
671 692 1
674 948 1
674 751 1
680 707 2
680 731 1
682 738 1
682 850 1
682 783 1
684 743 1
684 1000 1
684 844 1
684 946 1
684 915 1
684 731 1
685 1001 1
686 926 1
687 772 1
687 851 1
687 923 4
688 899 1
692 835 1
692 775 1
692 749 6
692 700 2
693 862 2
697 771 1
697 873 1
697 784 3
697 855 11
697 925 3
698 987 4
700 812 4
700 749 1
700 782 2
700 790 7
700 862 3
702 850 1
703 784 1
704 844 3
704 743 1
706 951 4
707 880 1
707 951 1
707 923 1
710 767 2
716 866 1
718 934 1
718 915 2
718 732 1
719 921 1
719 850 1
719 837 1
720 833 6
720 935 6
720 746 5
720 813 1
720 855 1
721 908 1
721 948 1
721 765 8
722 823 2
723 1000 1
724 1004 2
724 921 4
737 849 2
738 850 1
740 879 2
742 784 2
742 765 3
744 912 2
745 850 1
746 813 4
746 935 3
748 926 1
758 918 1
761 850 1
762 984 1
764 994 2
764 987 5
765 908 1
765 912 10
765 948 4
765 868 5
772 993 1
772 812 1
772 775 2
772 948 4
772 783 1
772 915 2
779 843 3
780 977 1
782 912 2
782 790 1
783 881 2
783 921 1
789 987 4
789 951 1
790 812 1
790 948 2
790 956 2
795 978 1
796 987 4
799 895 1
804 850 1
806 857 2
806 915 2
809 987 4
813 935 5
817 978 1
817 954 1
823 895 4
828 850 1
832 976 1
832 977 1
833 987 1
833 915 1
837 850 1
840 873 1
840 987 6
843 907 5
843 883 1
848 860 1
849 1004 2
849 987 4
850 921 1
850 924 1
850 996 1
850 1001 1
850 881 1
851 920 2
851 978 2
851 915 1
851 954 2
857 915 1
863 900 2
872 987 4
873 987 4
874 925 7
878 929 2
885 984 1
885 912 1
890 923 1
891 995 1
912 948 14
912 949 4
912 984 4
912 915 1
915 920 1
915 952 3
915 953 2
915 971 1
915 990 1
919 1000 1
920 978 2
921 1001 1
923 935 1
923 951 6
946 948 2
950 977 1
951 976 1
953 957 1
954 978 1
954 957 1
955 987 7
957 978 1
957 990 1
969 977 2
977 1004 5
978 988 1
987 994 4
