0
1
2
3
4
5
6
7
8
9
10
11
12
13
14
15
16
17
18
19
20
21
22
23
24
25
26
27
28
29
30
31
32
33
34
35
36
37
38
39
40
41
42
43
44
45
46
47
48
49
50
51
52
53
54
55
56
57
58
59
60
61
62
63
64
65
66
67
68
69
70
71
72
73
74
75
76
77
78
79
80
81
82
83
84
85
86
87
88
89
90
91
92
93
94
95
96
97
98
99
100
101
102
103
104
105
106
107
108
109
110
111
112
113
114
115
116
117
118
119
120
121
122
123
124
125
126
127
128
129
130
131
132
133
134
135
136
137
138
139
141
142
143
144
145
146
147
148
149
150
151
152
153
154
155
157
158
159
160
161
162
163
164
165
166
167
168
169
170
171
172
173
174
175
176
177
178
179
180
181
182
183
184
185
186
187
188
189
190
191
192
193
194
195
196
197
198
199
200
201
202
203
204
205
206
207
208
209
210
211
212
213
214
215
216
217
218
219
220
221
222
223
224
225
226
227
228
229
230
231
232
233
235
236
237
238
239
240
241
242
243
244
245
246
247
248
249
250
251
252
253
254
255
256
257
259
260
262
263
264
265
266
267
268
269
270
271
272
273
274
275
276
277
278
279
280
281
282
283
284
285
286
287
288
289
290
291
292
293
294
295
296
297
299
300
301
302
303
304
305
306
307
308
309
310
311
312
313
314
315
316
317
318
319
320
321
322
323
324
325
326
327
328
329
330
331
332
333
334
335
336
337
338
339
340
341
343
344
345
346
347
348
349
350
351
352
353
355
356
357
358
359
360
361
362
364
365
366
367
368
369
370
371
372
373
374
375
376
377
378
379
380
381
382
383
384
385
386
387
388
389
390
391
392
393
394
395
396
397
398
399
400
401
402
403
404
405
406
407
408
409
410
411
412
413
414
415
416
418
419
420
421
422
423
424
425
426
427
428
429
430
431
432
433
434
435
436
437
438
439
440
441
442
443
444
445
446
447
448
449
450
451
452
453
454
455
456
457
458
459
460
461
462
464
465
466
467
468
469
470
471
472
473
474
475
476
477
478
479
480
481
482
483
484
485
486
487
488
489
490
491
492
493
495
496
497
498
499
500
501
502
503
504
505
506
507
508
509
510
511
512
513
514
515
516
517
518
519
520
521
522
523
524
525
526
527
528
530
531
532
533
534
535
536
537
538
539
540
541
542
543
544
545
546
547
548
549
550
551
552
553
554
556
557
558
559
560
561
562
563
564
565
566
567
568
569
570
571
572
573
574
575
576
577
578
579
580
581
582
583
584
585
586
587
588
589
590
591
592
593
594
595
596
597
598
599
600
601
602
603
604
605
606
607
609
610
611
612
613
614
615
616
617
618
619
621
622
623
624
625
626
627
628
629
630
631
632
633
634
635
636
637
638
639
640
641
642
643
644
645
646
647
648
649
650
651
652
653
654
655
656
657
658
659
660
661
662
663
664
665
666
667
668
669
670
671
672
673
674
675
676
677
678
679
680
681
682
683
684
685
686
687
688
689
690
691
692
693
694
695
696
697
698
699
700
701
702
703
704
705
706
707
708
709
710
711
712
713
714
715
716
717
718
719
720
721
722
723
724
725
726
727
728
729
730
731
732
733
734
735
736
737
738
739
740
741
742
743
744
745
746
747
748
749
750
751
752
753
754
756
757
758
759
760
761
762
763
764
765
767
768
769
770
771
772
773
774
775
776
777
778
779
780
781
782
783
784
785
786
787
788
789
790
791
792
793
794
795
796
797
798
799
800
801
802
803
804
805
806
807
808
809
810
811
812
813
814
815
816
817
818
819
820
821
822
823
824
825
826
827
828
829
830
831
832
833
834
835
836
837
838
839
840
841
842
843
844
845
846
847
848
849
850
851
852
853
854
855
856
857
858
859
860
861
862
863
864
865
866
867
868
869
870
871
872
873
874
875
876
877
878
879
880
881
882
883
884
885
886
887
888
889
890
891
892
893
894
895
896
897
898
899
900
901
902
903
904
905
906
907
908
909
910
911
912
913
914
915
916
917
918
919
920
921
922
923
924
925
926
927
928
929
930
931
932
933
934
935
936
937
938
939
940
941
942
943
944
945
946
947
948
949
950
951
952
953
954
955
956
957
958
960
961
962
963
964
965
966
967
968
969
970
971
972
973
974
975
976
977
978
979
980
981
982
983
984
985
986
987
988
989
990
991
992
993
994
995
996
997
998
999
1000
1001
1002
1003
1004
0 569 2
0 732 1
0 605 1
0 118 1
1 548 1
1 309 1
1 310 2
2 77 1
2 790 6
4 720 1
4 135 1
5 491 2
5 175 1
5 78 1
5 135 7
6 249 1
6 410 1
6 670 1
6 569 2
12 680 1
12 720 1
13 532 1
13 743 5
14 924 1
15 680 1
15 731 3
16 19 1
17 200 1
17 857 2
17 915 1
17 428 1
24 32 2
24 530 2
24 629 10
24 647 1
25 458 1
30 356 3
30 168 2
30 942 4
30 912 1
30 104 1
30 868 2
30 765 3
31 200 1
31 165 5
34 997 3
38 324 3
38 309 1
38 69 1
40 587 1
40 703 2
40 572 1
40 662 1
40 159 1
41 723 4
41 565 7
42 402 1
45 66 6
46 548 1
48 704 1
48 458 4
48 684 4
48 558 2
52 126 3
53 901 1
53 159 2
56 772 2
58 586 1
58 909 3
61 450 1
61 443 2
61 517 1
61 233 1
61 718 6
61 398 2
61 991 1
61 127 1
62 542 5
62 646 4
62 159 2
65 135 4
65 191 1
65 920 2
65 530 2
65 120 1
65 891 2
65 220 2
65 927 4
66 986 2
66 966 1
67 344 2
67 963 6
67 165 1
67 207 5
72 120 1
72 772 2
75 609 1
75 338 1
75 220 1
75 165 1
75 607 2
77 168 17
77 912 3
77 260 4
82 135 1
86 443 3
86 703 1
90 485 1
90 742 2
90 843 1
90 236 1
90 173 1
90 657 1
90 692 1
90 506 1
90 927 3
90 191 1
92 200 1
92 207 1
98 592 1
98 107 1
98 707 1
98 454 3
98 713 3
101 246 1
103 950 1
103 310 2
103 423 2
104 765 1
106 1001 1
106 788 3
106 828 1
107 553 2
107 236 1
107 537 1
107 335 3
112 803 3
112 517 1
112 662 1
114 410 1
114 479 1
116 159 3
117 268 3
120 454 4
120 927 2
122 924 1
122 718 1
125 622 1
126 416 1
126 586 1
126 356 1
127 907 1
127 687 1
133 984 1
133 765 1
134 592 1
134 454 2
135 834 2
135 530 2
135 531 2
135 534 1
135 920 1
135 292 1
135 942 19
135 692 1
135 703 3
135 450 1
135 581 5
135 718 1
135 851 1
135 980 1
135 341 2
135 915 1
135 870 1
135 364 1
135 594 1
135 371 2
135 628 1
135 502 1
135 248 2
136 200 1
136 857 2
136 428 2
136 990 1
137 936 2
137 771 4
142 200 1
147 926 2
147 590 1
147 927 1
150 415 4
151 700 1
151 253 2
157 542 1
157 462 1
157 670 1
159 160 1
159 450 1
159 647 1
159 940 8
159 290 1
159 712 1
159 307 1
159 500 4
159 214 4
159 923 2
160 586 2
160 629 4
164 548 3
165 200 2
165 428 1
165 401 2
165 344 1
165 316 1
166 416 1
166 356 2
166 648 2
166 586 4
166 500 2
166 762 1
167 469 1
168 416 2
168 356 8
168 232 1
168 586 6
168 557 2
168 912 30
168 885 3
168 472 5
168 260 16
168 575 1
170 231 1
173 924 1
175 737 1
180 727 1
184 333 1
185 830 2
185 383 1
189 866 1
189 716 1
189 718 1
189 462 1
189 214 2
189 410 4
190 891 1
191 927 3
191 415 6
193 880 1
193 633 3
193 923 1
193 662 2
196 983 1
199 924 1
200 344 1
200 647 1
200 971 1
200 428 1
200 915 1
200 302 1
200 953 1
200 952 1
200 857 1
200 543 1
200 990 1
201 410 1
201 724 1
202 629 3
207 424 9
207 847 2
207 469 3
207 953 1
207 795 5
208 652 1
209 602 1
214 704 1
214 609 1
214 290 1
214 935 1
214 712 1
214 746 1
214 647 2
214 450 2
214 500 2
216 321 1
220 749 1
220 334 1
223 368 1
223 322 1
223 670 1
223 462 1
223 343 2
228 569 2
228 605 1
228 502 3
229 568 2
229 469 1
230 890 1
231 738 1
231 873 1
231 698 1
231 987 3
231 540 2
231 607 2
232 260 1
232 575 1
233 752 1
233 692 2
236 537 1
236 410 2
239 609 1
243 772 1
245 698 1
245 540 1
248 692 2
248 670 2
248 462 2
248 718 2
249 569 2
249 410 1
249 605 1
250 607 3
250 927 2
253 290 1
253 566 1
256 472 4
256 356 1
256 765 1
260 912 4
260 762 1
267 586 2
267 891 1
268 633 1
268 291 1
268 454 1
272 572 1
272 900 1
272 742 1
278 983 1
280 528 1
280 530 1
280 629 6
280 658 1
280 631 1
290 891 2
290 687 1
291 454 4
293 718 7
294 817 1
294 586 1
299 509 1
303 950 3
303 343 3
306 703 1
307 769 2
307 692 2
308 926 1
310 368 1
310 322 1
311 955 1
311 540 1
311 383 1
313 472 1
313 765 1
317 441 2
317 692 1
318 840 1
319 558 1
322 388 1
322 534 1
322 663 1
322 853 1
322 343 1
322 548 3
324 612 1
324 591 1
324 369 2
324 534 1
324 638 1
327 381 3
329 764 1
329 581 1
329 582 1
333 569 2
333 605 1
333 743 2
334 746 2
334 462 1
334 687 1
334 692 2
334 923 1
334 542 1
334 607 1
337 505 6
343 534 3
343 663 1
343 505 3
347 933 2
347 966 1
353 891 3
356 416 1
356 743 3
356 586 2
356 684 1
356 912 6
356 500 1
356 472 6
356 762 1
356 765 1
360 530 1
360 629 5
360 526 1
362 369 1
362 613 1
362 383 2
364 506 1
364 764 1
365 410 1
369 951 3
369 535 1
377 866 1
377 772 1
377 422 1
377 457 1
377 718 4
377 630 6
377 605 1
379 568 1
383 589 1
388 951 1
392 674 1
398 450 2
399 548 1
401 429 1
401 454 5
401 415 4
405 581 2
409 569 2
409 506 2
410 1004 1
410 904 1
410 652 1
410 716 1
410 718 1
410 595 1
410 470 1
415 833 2
415 569 4
415 607 2
416 454 1
416 586 1
416 602 1
421 424 11
421 795 3
422 680 1
422 731 2
423 977 3
423 563 2
423 710 5
423 607 1
424 795 14
424 990 3
428 647 3
428 847 1
428 915 4
428 857 2
428 543 1
429 925 1
429 454 4
432 881 1
435 500 1
438 818 1
443 742 3
443 662 2
443 703 4
444 535 1
444 927 4
447 984 2
449 462 1
450 462 2
450 572 5
450 670 2
454 609 4
454 772 4
454 713 2
454 592 3
458 704 2
458 684 3
458 558 1
461 491 1
462 783 1
462 833 5
462 517 1
462 742 1
462 586 1
462 718 1
462 687 1
462 851 2
462 692 1
462 670 4
462 591 1
462 923 1
462 542 2
469 630 2
470 569 2
470 789 3
470 605 1
472 743 1
472 602 1
479 904 3
479 586 2
481 723 1
482 531 2
485 646 1
488 568 1
491 977 1
493 530 2
493 629 3
493 630 5
495 568 1
499 684 2
502 591 1
502 976 1
502 569 2
502 890 3
502 538 1
502 605 1
505 534 4
506 783 2
506 924 1
506 605 3
509 780 1
512 708 2
514 950 1
515 927 3
517 803 2
517 670 1
526 561 1
526 530 1
526 629 5
528 772 1
530 561 1
530 685 1
530 629 12
530 630 3
530 631 1
530 569 1
530 891 7
531 987 3
534 591 1
534 692 2
538 569 2
538 862 1
540 840 2
540 855 1
540 697 1
540 698 2
540 955 2
540 925 1
542 646 1
542 812 5
542 591 1
542 718 1
542 670 1
548 638 1
552 851 1
552 951 2
553 808 1
558 956 1
558 565 4
561 629 3
561 846 6
569 710 2
569 599 2
569 976 2
569 693 2
569 605 2
569 862 2
572 696 1
580 862 2
581 720 2
581 855 1
581 703 2
586 984 2
586 762 1
586 765 1
587 720 1
588 987 1
591 923 2
591 607 2
592 927 3
595 718 1
596 802 1
602 765 1
605 710 1
605 862 1
607 692 2
607 927 2
607 890 2
609 707 1
609 772 1
609 633 1
609 890 1
609 923 1
609 927 3
613 772 1
617 720 2
626 936 1
629 658 3
629 685 5
629 978 2
629 846 4
629 630 5
629 631 5
629 891 6
629 894 3
641 809 1
643 881 1
643 685 6
644 924 1
648 765 1
650 761 1
650 682 3
650 654 2
654 738 1
654 991 1
654 682 3
670 783 1
670 742 1
670 851 1
672 922 1
672 844 3
678 696 2
680 720 2
680 707 1
682 924 1
682 850 2
684 844 2
685 898 5
685 1001 2
685 724 1
687 923 1
692 769 1
692 746 1
692 775 1
696 731 1
698 840 1
698 873 1
698 764 1
700 812 1
700 790 1
702 842 3
702 924 1
703 835 1
703 784 1
708 718 1
712 714 2
716 980 2
716 718 1
718 866 5
718 904 1
718 777 1
718 754 1
718 724 6
718 980 3
720 855 1
720 731 1
722 927 4
723 758 1
724 843 1
724 1001 1
737 849 1
738 761 1
738 923 1
738 783 2
740 832 2
742 900 3
743 912 2
746 935 2
758 956 1
765 868 1
765 859 2
771 784 2
772 993 1
772 775 1
772 812 1
773 955 1
776 890 3
780 950 1
789 987 2
790 812 3
795 978 1
804 850 1
808 898 1
823 927 2
832 879 1
837 924 1
840 987 1
854 927 1
862 976 2
868 912 1
890 1003 1
924 1001 1
925 955 1
933 966 1
935 966 1
955 987 1
