0
1
2
3
4
5
6
7
8
9
10
11
12
13
14
15
16
17
18
19
20
21
22
23
24
25
26
27
28
29
30
31
32
33
34
35
36
37
38
39
40
41
42
43
44
45
46
47
48
49
50
51
52
53
54
55
56
57
58
59
60
61
62
63
64
65
66
67
68
69
70
71
72
73
74
75
76
77
78
79
80
81
82
83
84
85
86
87
88
89
90
91
92
93
94
95
96
97
98
99
100
101
102
103
104
105
106
107
108
109
110
111
112
113
114
115
116
117
118
119
120
121
122
123
124
125
126
127
128
129
130
131
132
133
134
135
136
137
138
139
141
142
143
144
145
146
147
148
149
150
151
152
153
154
155
157
158
159
160
161
162
163
164
165
166
167
168
169
170
171
172
173
174
175
176
177
178
179
180
181
182
183
184
185
186
187
188
189
190
191
192
193
194
195
196
197
198
199
200
201
202
203
204
205
206
207
208
209
210
211
212
213
214
215
216
217
218
219
220
221
222
223
224
225
226
227
228
229
230
231
232
233
235
236
237
238
239
240
241
242
243
244
245
246
247
248
249
250
251
252
253
254
255
256
257
259
260
262
263
264
265
266
267
268
269
270
271
272
273
274
275
276
277
278
279
280
281
282
283
284
285
286
287
288
289
290
291
292
293
294
295
296
297
299
300
301
302
303
304
305
306
307
308
309
310
311
312
313
314
315
316
317
318
319
320
321
322
323
324
325
326
327
328
329
330
331
332
333
334
335
336
337
338
339
340
341
343
344
345
346
347
348
349
350
351
352
353
355
356
357
358
359
360
361
362
364
365
366
367
368
369
370
371
372
373
374
375
376
377
378
379
380
381
382
383
384
385
386
387
388
389
390
391
392
393
394
395
396
397
398
399
400
401
402
403
404
405
406
407
408
409
410
411
412
413
414
415
416
418
419
420
421
422
423
424
425
426
427
428
429
430
431
432
433
434
435
436
437
438
439
440
441
442
443
444
445
446
447
448
449
450
451
452
453
454
455
456
457
458
459
460
461
462
464
465
466
467
468
469
470
471
472
473
474
475
476
477
478
479
480
481
482
483
484
485
486
487
488
489
490
491
492
493
495
496
497
498
499
500
501
502
503
504
505
506
507
508
509
510
511
512
513
514
515
516
517
518
519
520
521
522
523
524
525
526
527
528
530
531
532
533
534
535
536
537
538
539
540
541
542
543
544
545
546
547
548
549
550
551
552
553
554
556
557
558
559
560
561
562
563
564
565
566
567
568
569
570
571
572
573
574
575
576
577
578
579
580
581
582
583
584
585
586
587
588
589
590
591
592
593
594
595
596
597
598
599
600
601
602
603
604
605
606
607
609
610
611
612
613
614
615
616
617
618
619
621
622
623
624
625
626
627
628
629
630
631
632
633
634
635
636
637
638
639
640
641
642
643
644
645
646
647
648
649
650
651
652
653
654
655
656
657
658
659
660
661
662
663
664
665
666
667
668
669
670
671
672
673
674
675
676
677
678
679
680
681
682
683
684
685
686
687
688
689
690
691
692
693
694
695
696
697
698
699
700
701
702
703
704
705
706
707
708
709
710
711
712
713
714
715
716
717
718
719
720
721
722
723
724
725
726
727
728
729
730
731
732
733
734
735
736
737
738
739
740
741
742
743
744
745
746
747
748
749
750
751
752
753
754
756
757
758
759
760
761
762
763
764
765
767
768
769
770
771
772
773
774
775
776
777
778
779
780
781
782
783
784
785
786
787
788
789
790
791
792
793
794
795
796
797
798
799
800
801
802
803
804
805
806
807
808
809
810
811
812
813
814
815
816
817
818
819
820
821
822
823
824
825
826
827
828
829
830
831
832
833
834
835
836
837
838
839
840
841
842
843
844
845
846
847
848
849
850
851
852
853
854
855
856
857
858
859
860
861
862
863
864
865
866
867
868
869
870
871
872
873
874
875
876
877
878
879
880
881
882
883
884
885
886
887
888
889
890
891
892
893
894
895
896
897
898
899
900
901
902
903
904
905
906
907
908
909
910
911
912
913
914
915
916
917
918
919
920
921
922
923
924
925
926
927
928
929
930
931
932
933
934
935
936
937
938
939
940
941
942
943
944
945
946
947
948
949
950
951
952
953
954
955
956
957
958
960
961
962
963
964
965
966
967
968
969
970
971
972
973
974
975
976
977
978
979
980
981
982
983
984
985
986
987
988
989
990
991
992
993
994
995
996
997
998
999
1000
1001
1002
1003
1004
0 249 1
0 178 2
2 32 1
2 484 2
2 997 1
2 231 1
2 586 2
2 812 5
2 749 1
2 638 1
2 790 7
2 119 1
2 126 2
2 885 2
3 988 1
4 371 2
4 628 1
4 951 7
5 491 2
5 808 1
5 553 1
5 107 3
5 381 1
5 464 1
5 980 2
5 118 1
5 605 1
5 29 1
5 670 3
6 249 1
6 178 1
6 236 1
6 772 1
8 772 2
13 772 1
13 850 2
13 532 1
14 611 2
14 796 1
14 1001 11
14 783 1
14 724 1
14 506 5
14 924 4
14 90 1
15 680 2
15 731 8
15 422 3
16 772 4
16 1004 2
16 718 2
17 316 4
21 353 1
21 782 1
24 902 3
24 530 4
24 750 1
24 658 1
24 629 3
24 630 3
24 280 4
24 891 3
25 386 1
25 844 1
28 738 1
28 987 5
29 808 3
29 107 1
29 670 1
29 335 2
30 704 7
30 868 1
30 765 3
31 428 2
31 165 9
32 197 1
32 749 1
32 718 1
32 178 1
32 53 1
32 214 2
32 791 3
32 280 2
32 90 1
32 189 1
35 547 2
35 167 1
35 817 1
35 978 1
35 469 1
35 280 1
38 832 3
38 70 1
38 309 1
38 534 3
38 919 1
38 474 1
38 90 5
39 923 2
39 772 1
40 290 8
40 196 1
40 198 2
40 488 1
40 75 2
40 712 1
40 367 2
40 272 1
40 120 1
40 662 1
40 568 1
40 187 3
41 499 3
41 684 1
41 565 1
41 758 3
41 723 1
42 534 2
45 66 1
45 52 2
45 782 2
45 966 1
46 369 1
48 216 1
48 321 4
48 458 1
48 684 2
48 558 1
52 66 2
52 356 5
52 689 1
52 104 3
52 521 1
52 912 5
52 232 6
52 948 3
52 790 1
52 439 3
52 472 4
52 868 4
52 602 5
52 168 3
52 765 4
52 126 2
53 640 2
53 609 1
53 738 1
53 739 2
53 772 2
53 870 1
53 742 2
53 586 1
53 364 1
53 321 1
53 783 1
53 274 1
53 851 1
53 502 1
53 951 1
53 923 4
53 534 1
53 926 2
53 517 1
56 383 1
56 329 2
56 587 2
56 987 9
56 239 1
58 909 4
60 187 1
61 388 2
61 450 1
61 772 1
61 502 5
61 742 4
61 135 1
61 586 1
61 716 2
61 718 10
61 687 1
61 851 1
61 692 1
61 278 3
61 120 3
61 356 1
61 90 3
61 591 2
61 915 2
61 517 2
61 542 1
61 991 4
62 800 1
62 163 3
62 500 1
62 646 4
64 534 2
65 220 2
65 243 1
65 147 1
65 367 1
66 782 4
66 966 2
67 963 2
67 165 5
67 391 2
67 846 2
67 207 2
67 181 1
67 344 1
68 987 5
70 322 1
70 103 1
70 334 3
70 943 2
70 752 1
70 534 2
70 120 5
70 367 2
70 638 3
70 415 1
71 595 5
72 443 4
72 662 1
73 458 1
74 166 8
74 294 7
74 648 2
74 586 6
74 974 5
74 112 1
74 104 10
74 948 5
74 885 4
74 984 2
74 313 1
74 573 2
75 868 2
75 517 2
75 454 1
75 940 2
75 749 2
75 334 3
75 687 1
75 272 2
75 306 1
75 147 1
75 662 2
75 248 3
75 772 2
75 220 4
77 521 1
77 168 6
77 425 3
77 266 1
77 556 1
77 912 1
77 949 1
77 439 1
77 699 2
78 249 1
78 178 1
78 502 1
82 628 1
83 784 1
83 152 1
84 534 2
86 152 2
86 90 1
86 443 1
86 662 2
88 343 1
88 950 1
88 663 1
90 772 2
90 518 3
90 648 7
90 685 3
90 147 9
90 662 4
90 923 5
90 668 1
90 133 4
90 547 1
90 813 6
90 948 5
90 443 2
90 188 4
90 190 2
90 205 1
90 720 3
90 721 4
90 850 1
90 854 1
90 472 2
90 602 5
90 987 1
90 220 1
90 356 4
90 361 1
90 746 2
90 978 1
90 629 1
91 120 1
92 915 3
92 349 1
95 329 1
95 987 5
95 239 2
96 299 1
96 638 5
98 707 7
98 454 4
98 134 7
98 713 8
98 107 7
98 268 7
98 429 1
98 401 10
98 117 7
98 278 7
99 249 1
99 178 1
101 246 6
101 423 1
102 534 2
103 950 1
104 416 4
104 294 1
104 168 3
104 425 16
104 948 2
104 790 3
104 126 1
105 418 5
105 374 2
106 740 1
106 534 2
107 192 1
107 898 2
107 643 2
107 772 1
107 393 2
107 138 1
107 652 1
107 899 1
107 532 3
107 664 2
107 537 2
107 670 3
107 289 1
107 808 1
107 553 2
107 810 2
107 175 1
107 688 1
107 236 1
107 320 10
107 327 2
107 201 3
107 335 3
107 464 2
107 468 2
107 985 2
107 208 1
107 1004 2
107 367 1
107 118 1
107 120 2
107 980 3
107 381 4
107 383 5
109 721 2
111 790 2
111 294 1
111 166 1
111 935 1
112 803 1
112 356 2
112 646 1
112 392 1
112 313 2
113 518 1
114 275 1
114 772 1
114 718 4
115 536 1
118 335 1
118 732 1
118 365 1
119 700 2
120 772 18
120 518 1
120 135 2
120 909 2
120 530 2
120 147 2
120 534 2
120 923 4
120 544 1
120 731 2
120 987 1
120 425 1
120 178 1
120 435 2
120 948 5
120 316 2
120 190 2
120 196 1
120 915 1
120 718 1
120 591 1
120 978 1
120 220 3
120 865 2
120 997 2
120 614 1
120 850 1
120 499 1
120 629 2
120 633 1
120 127 4
122 772 1
122 837 1
122 142 1
122 275 1
122 167 1
122 428 3
122 718 4
122 915 4
122 980 5
122 469 1
122 857 3
125 206 1
125 676 1
125 622 3
125 534 3
126 356 2
126 133 2
126 521 1
126 586 4
126 782 5
126 984 2
126 948 1
126 700 1
126 573 2
127 772 1
127 716 1
127 718 1
127 367 1
127 149 1
129 926 2
132 369 2
133 648 3
133 521 2
133 313 7
133 765 1
135 772 2
135 581 2
135 742 1
135 942 1
135 337 1
135 628 1
136 200 1
136 428 1
136 915 4
136 316 9
136 857 2
137 306 1
138 528 1
138 383 4
139 323 1
139 534 4
141 280 1
141 978 1
141 851 1
141 188 1
141 469 1
142 280 2
142 915 2
143 544 1
143 193 2
143 739 1
143 580 1
143 178 1
143 951 1
147 277 3
147 285 2
147 926 19
147 415 1
147 416 4
147 546 1
147 933 2
147 550 1
147 171 6
147 813 2
147 686 2
147 577 6
147 962 1
147 196 1
147 454 1
147 715 2
147 972 2
147 590 3
147 720 3
147 347 4
147 355 2
147 748 2
147 367 2
149 866 1
149 643 2
149 849 1
149 779 1
149 977 1
149 275 1
149 246 1
149 327 1
149 377 1
149 573 1
150 471 1
151 923 5
151 196 2
151 253 1
153 977 10
153 418 3
153 996 1
154 534 2
155 784 1
157 517 1
157 926 1
157 718 1
157 367 1
159 923 2
159 220 3
160 280 1
160 658 1
160 507 1
160 629 1
161 784 3
161 235 2
163 646 1
163 518 3
163 799 2
164 322 2
164 638 1
164 343 1
165 838 1
165 401 13
165 344 4
165 316 6
166 517 1
166 294 6
166 232 1
166 586 11
166 782 1
166 240 1
166 435 2
166 885 2
166 573 1
167 547 3
167 301 1
167 978 2
167 851 2
167 469 2
167 630 1
167 988 2
168 425 3
168 356 9
168 966 1
168 744 6
168 521 7
168 266 1
168 556 1
168 912 38
168 232 1
168 946 1
168 648 1
168 984 4
168 949 5
168 790 6
168 439 2
168 472 18
168 699 1
168 575 2
169 934 1
170 581 2
170 742 2
170 231 2
170 855 2
170 697 2
170 703 1
171 347 1
171 926 2
173 506 5
175 275 1
178 772 1
178 409 1
178 538 2
178 929 1
178 295 1
178 693 3
178 569 1
178 314 1
178 710 1
178 333 2
178 976 2
178 339 1
178 470 11
178 599 1
178 605 41
178 862 10
178 991 1
178 228 2
178 359 1
178 367 2
178 502 9
178 249 2
178 767 1
181 189 1
181 190 2
182 425 1
184 225 1
184 907 1
184 711 2
184 779 1
184 843 1
184 1004 2
184 754 1
184 883 2
184 407 1
185 915 2
185 686 1
185 535 1
187 802 1
187 900 1
187 272 1
187 662 1
188 547 4
188 614 3
188 301 2
188 280 2
188 978 1
188 851 3
188 469 1
188 951 1
188 920 2
189 772 2
189 718 3
189 977 2
189 595 2
189 502 1
189 281 3
189 377 1
189 410 3
190 353 2
190 962 1
190 614 2
190 486 1
190 367 1
190 656 3
190 920 1
190 274 5
190 373 2
190 890 1
190 316 2
191 752 2
191 220 2
192 506 1
193 994 2
193 772 2
193 550 1
193 316 2
193 338 2
193 851 1
193 214 1
193 633 1
193 954 1
193 923 4
193 540 1
196 454 1
196 873 1
196 429 1
196 401 1
196 731 1
199 644 1
199 772 1
199 921 1
199 506 1
199 924 4
199 863 1
200 971 1
200 344 1
200 915 6
200 952 5
200 316 4
200 351 1
203 772 2
205 772 2
205 997 1
206 534 2
207 547 1
207 424 1
207 978 1
207 469 4
207 954 1
208 537 1
214 772 1
214 784 2
214 277 1
214 662 4
214 367 2
214 290 3
214 923 3
214 940 3
214 813 6
214 687 1
214 443 2
214 712 1
214 586 1
214 983 4
214 220 1
214 614 1
214 746 1
214 239 1
214 502 4
214 248 2
216 321 1
216 558 3
216 319 1
218 948 1
220 749 1
220 334 3
220 367 1
223 343 1
224 428 1
225 883 1
228 464 2
228 249 1
228 605 2
228 502 10
229 421 3
229 293 1
231 994 2
231 840 1
231 873 2
231 749 2
231 338 1
231 415 1
231 245 3
231 987 5
231 540 2
231 874 1
231 863 1
232 984 2
232 744 4
232 425 5
232 586 1
232 782 3
232 946 6
232 648 1
232 472 9
233 367 1
233 746 3
233 835 2
233 692 8
233 935 5
235 772 4
235 923 4
235 316 1
236 320 2
236 537 2
239 251 2
239 772 1
239 613 1
239 951 1
239 923 3
241 280 1
241 469 1
243 454 1
243 718 2
245 736 1
245 873 1
245 874 1
245 334 1
245 591 1
245 951 1
245 987 5
245 764 1
246 572 2
246 423 7
247 534 2
248 450 1
248 772 2
248 586 3
248 687 1
248 530 4
248 915 8
248 506 1
248 923 4
249 643 2
249 519 1
249 409 1
249 538 1
249 929 1
249 693 1
249 314 1
249 710 1
249 333 1
249 976 1
249 470 2
249 599 1
249 605 2
249 862 1
249 991 1
249 491 2
249 502 1
249 767 1
250 948 9
250 586 1
250 356 1
250 782 1
250 854 1
251 482 1
251 987 7
256 425 1
256 356 2
256 721 2
264 617 1
266 425 3
266 912 1
266 949 2
266 439 4
267 517 4
267 648 6
267 586 5
267 751 4
267 392 1
267 435 6
267 948 1
267 984 1
267 891 8
267 478 9
269 987 2
272 900 2
272 742 3
273 951 8
274 920 1
274 951 2
275 369 2
275 849 1
275 857 1
277 746 2
277 926 1
278 923 3
278 454 1
278 566 2
280 772 2
280 902 3
280 647 2
280 656 2
280 920 2
280 530 4
280 915 4
280 281 4
280 547 4
280 421 1
280 422 1
280 428 1
280 301 1
280 561 3
280 953 6
280 846 5
280 851 2
280 526 4
280 990 1
280 293 1
280 739 1
280 360 2
280 658 1
280 629 4
280 631 3
280 891 1
280 469 1
281 491 1
281 772 1
281 718 2
283 772 2
284 680 6
284 731 10
284 422 3
285 926 1
288 610 10
288 484 9
288 773 4
288 391 10
288 846 11
288 629 11
288 630 2
289 506 1
289 810 1
290 321 2
290 367 1
290 923 3
290 687 1
292 772 1
293 772 1
293 718 2
293 568 1
293 697 4
294 814 1
294 586 9
294 974 3
294 573 2
294 948 1
294 885 5
294 759 2
294 984 3
299 624 1
300 784 3
301 547 1
301 552 1
301 978 3
301 469 1
301 957 1
302 428 1
306 742 2
306 784 3
306 570 1
306 703 2
309 534 2
310 337 4
310 343 2
311 987 5
311 955 2
313 912 5
313 356 5
313 425 1
313 721 2
313 946 1
313 948 2
313 472 1
313 730 10
316 806 5
316 428 10
316 367 5
316 915 22
316 857 4
316 543 1
318 704 1
318 684 2
318 918 1
319 458 1
319 844 1
319 386 1
321 684 1
322 420 1
322 879 2
322 534 4
322 343 3
322 740 2
322 943 1
322 638 7
323 534 2
323 951 2
324 367 1
327 414 2
327 702 1
329 994 1
329 910 1
329 624 1
329 338 1
329 789 2
329 343 1
332 984 2
332 586 1
332 435 2
332 948 1
332 759 1
333 470 1
333 749 1
333 502 1
333 605 1
333 767 3
334 776 1
334 367 1
334 607 1
335 643 2
335 772 1
335 810 1
335 670 1
336 926 1
337 581 2
337 528 3
337 919 1
337 505 1
338 720 1
338 849 3
338 624 2
338 987 5
338 540 1
340 772 1
343 534 2
343 399 3
343 853 2
343 950 3
343 663 4
344 373 4
347 926 1
349 428 2
351 952 2
351 428 2
353 656 2
353 391 5
355 926 1
356 602 3
356 721 2
356 425 3
356 586 1
356 782 1
356 765 4
356 912 15
356 744 2
356 472 12
356 730 11
356 948 4
356 517 1
360 454 1
360 629 1
360 526 2
361 987 5
364 582 1
365 866 4
365 732 1
367 772 2
367 776 1
367 684 1
367 534 1
367 923 3
367 927 1
367 544 1
367 940 2
367 557 1
367 435 1
367 569 1
367 963 1
367 712 1
367 720 1
367 850 1
367 472 1
367 987 1
367 865 1
367 997 1
367 978 1
367 499 2
367 629 2
367 502 1
367 946 1
369 832 1
369 513 1
369 823 1
369 913 8
369 535 1
369 444 2
371 628 1
371 581 4
373 391 1
374 400 1
374 742 1
376 832 3
377 724 1
377 718 4
377 687 1
379 466 1
379 454 1
381 532 8
381 670 3
383 736 2
383 769 3
383 900 1
383 873 1
383 586 3
383 844 1
383 589 2
384 790 1
387 978 1
387 676 1
388 832 2
388 534 4
388 591 1
388 502 1
388 634 1
388 638 1
390 784 12
391 610 1
391 484 1
391 750 3
391 891 1
391 445 1
392 674 2
393 754 3
397 671 1
397 975 1
399 663 1
401 454 10
401 429 9
401 415 8
402 649 2
402 634 3
402 788 3
404 595 1
407 883 1
409 790 1
410 650 1
410 719 1
410 663 4
410 837 1
414 891 9
414 772 1
415 416 1
415 586 1
415 811 1
415 718 1
415 987 1
416 425 8
416 586 1
416 946 1
416 948 5
416 790 12
418 977 14
418 996 5
421 978 1
421 469 1
422 680 1
422 731 3
423 832 3
423 849 1
423 977 1
424 547 1
424 552 1
424 978 2
424 469 1
424 795 2
425 790 4
425 912 1
425 946 2
425 435 2
425 948 8
425 949 3
425 765 2
427 955 3
428 806 4
428 952 2
428 978 1
428 915 26
428 953 5
428 857 3
429 454 1
433 994 2
433 987 11
433 796 1
433 789 3
435 586 6
435 974 1
435 500 1
435 782 3
435 984 1
435 948 2
435 762 1
439 912 2
439 949 3
439 730 1
440 737 1
443 962 1
443 662 9
443 742 1
445 891 1
450 900 2
450 712 2
450 586 2
450 530 1
450 915 1
450 695 1
451 469 1
454 707 1
454 772 1
454 471 1
454 904 1
454 648 2
454 1003 6
454 909 2
454 948 2
454 857 1
454 990 1
454 865 1
458 577 1
458 679 1
458 844 1
458 956 3
460 534 2
465 812 1
468 643 1
469 547 3
469 614 1
469 957 1
469 817 1
469 978 2
469 795 1
469 954 1
470 789 8
470 502 2
470 569 2
470 538 1
470 693 2
471 752 2
472 912 9
472 744 4
472 946 6
472 948 1
472 949 2
472 730 2
472 575 1
474 534 2
476 923 2
476 772 1
477 534 2
480 506 1
480 987 5
482 987 5
484 610 1
485 823 1
486 656 3
486 700 1
489 534 2
490 586 1
499 684 5
499 565 3
500 814 1
502 506 1
502 749 2
502 538 3
502 605 2
503 704 2
506 644 3
506 745 1
506 1004 1
506 850 1
506 1001 13
506 921 1
506 828 2
506 670 2
507 782 1
509 634 2
509 638 1
510 534 2
512 978 1
514 977 1
516 881 1
516 850 3
516 828 2
517 674 2
517 803 1
517 586 1
517 814 1
517 765 1
517 948 2
517 854 1
517 602 1
517 542 1
517 565 1
518 823 1
518 854 8
518 535 1
518 799 1
518 895 2
521 868 2
521 912 4
521 946 1
522 746 1
522 546 2
522 718 1
526 547 1
526 772 1
526 902 7
526 550 1
526 561 1
526 629 6
527 720 1
527 710 3
527 870 1
528 742 1
528 585 2
528 980 1
528 922 1
530 772 3
530 586 3
530 658 1
530 915 2
530 629 17
530 891 14
531 987 9
532 1001 3
534 649 4
534 906 2
534 788 2
534 919 2
534 879 2
534 676 2
534 939 3
534 562 2
534 822 1
534 893 2
534 591 3
534 601 2
534 740 2
534 622 3
534 638 1
540 736 2
540 720 1
540 994 3
540 955 4
540 840 3
540 873 2
540 624 3
540 692 1
540 855 2
540 641 4
540 987 5
540 874 1
541 850 1
542 772 1
542 854 1
544 772 1
544 669 1
546 738 2
547 988 1
547 978 2
547 851 4
547 957 1
550 640 1
550 746 1
550 629 1
551 823 2
551 895 1
552 978 1
553 772 1
553 670 2
558 684 1
558 844 4
561 629 3
565 772 1
565 844 1
565 684 1
565 723 1
572 724 2
573 586 4
573 948 1
573 885 2
577 926 1
580 669 1
580 791 1
580 686 4
580 582 2
581 742 3
581 942 2
581 628 2
581 855 4
582 987 5
582 790 2
584 731 2
586 772 1
586 782 10
586 915 3
586 948 2
586 696 3
586 974 8
586 984 8
586 617 3
586 885 16
587 833 1
587 789 2
590 772 1
590 926 1
591 746 1
591 915 2
591 692 1
591 980 1
595 772 1
595 934 2
595 718 4
595 923 4
602 648 7
602 912 2
602 721 6
602 948 2
605 1001 1
605 685 1
605 700 1
605 670 1
607 696 2
607 749 2
609 923 2
609 772 3
614 978 1
614 991 1
617 987 1
617 776 2
617 811 1
617 948 1
617 923 5
617 746 1
621 718 1
624 840 2
624 873 2
624 789 6
624 696 1
628 870 1
629 772 1
629 902 1
629 685 1
629 658 1
629 891 5
630 978 1
630 772 1
633 890 1
633 923 2
633 772 3
634 832 1
638 832 1
638 950 3
638 790 10
638 663 3
638 700 2
638 862 1
641 987 6
643 685 4
644 850 3
644 924 6
644 702 11
648 762 1
648 721 11
648 885 3
648 765 6
650 682 3
654 682 1
654 783 1
654 738 1
654 991 7
656 920 2
657 772 1
658 891 2
663 935 1
663 950 5
668 746 4
668 935 5
669 772 1
670 688 1
670 980 5
671 772 1
676 730 1
678 997 1
679 684 1
680 707 2
680 731 2
682 738 1
682 772 1
682 783 1
682 850 3
684 704 1
684 718 1
684 844 2
684 918 1
685 1001 3
686 926 1
687 775 1
687 746 2
687 812 1
687 915 1
687 980 1
687 923 5
692 994 1
692 935 1
692 746 2
692 775 2
692 910 1
696 812 1
696 851 5
696 891 1
697 925 2
697 855 8
698 987 5
700 746 1
700 812 4
700 749 1
700 782 1
700 790 8
703 784 3
703 951 1
703 863 4
704 765 3
706 951 4
707 923 4
707 772 1
708 718 1
711 951 1
715 926 6
716 772 1
716 718 4
718 904 2
718 777 1
718 915 10
718 883 1
718 841 2
718 969 1
718 843 1
718 724 6
718 732 1
718 866 6
718 742 6
718 746 1
718 754 3
718 980 1
719 828 1
719 837 1
720 935 6
720 746 8
721 743 2
721 765 5
722 740 6
723 758 1
724 772 1
724 951 2
730 912 10
730 984 2
731 746 2
738 837 1
738 745 2
738 783 1
738 923 2
739 951 1
740 879 1
740 863 1
742 784 6
742 772 1
744 912 7
744 946 11
746 935 14
746 812 1
746 813 21
746 841 1
746 923 1
748 926 2
749 783 1
754 883 1
758 956 1
758 844 3
758 918 1
762 912 1
763 772 1
764 874 1
764 987 5
764 790 1
765 912 2
765 772 1
772 898 1
772 875 1
772 920 1
772 923 5
772 883 1
772 951 2
772 834 1
772 969 1
772 970 1
772 931 1
772 880 2
772 881 1
772 787 3
772 890 2
772 980 1
772 784 1
779 883 1
780 977 1
782 835 1
782 948 4
782 885 2
782 790 6
782 984 1
789 987 5
790 868 5
790 812 7
790 866 3
790 885 4
790 948 1
795 978 4
795 851 1
796 977 1
796 987 8
808 899 1
809 987 6
810 881 1
813 935 5
813 912 4
817 978 1
823 890 3
823 895 1
838 915 2
840 955 3
840 874 1
840 987 5
843 883 1
844 918 1
849 987 5
851 920 2
851 978 12
851 954 1
857 915 10
857 951 1
857 953 2
861 934 1
863 994 1
868 974 1
868 948 1
870 935 1
872 987 6
873 874 1
873 987 5
875 923 2
880 946 1
880 923 4
883 907 1
885 974 3
890 962 5
890 923 11
891 995 2
912 946 4
912 949 4
912 984 1
912 948 1
915 923 1
915 952 2
915 953 5
920 978 1
923 951 6
925 955 2
925 951 1
926 933 1
926 972 1
926 931 1
935 971 1
939 951 3
946 948 3
950 977 1
951 978 1
954 978 2
955 987 8
957 978 1
962 987 1
974 984 2
977 996 2
977 1004 9
978 988 1
987 994 9
