0
1
2
3
4
5
6
7
8
9
10
11
12
13
14
15
16
17
18
19
20
21
22
23
24
25
26
27
28
29
30
31
32
33
34
35
36
37
38
39
40
41
42
43
44
45
46
47
48
49
50
51
52
53
54
55
56
57
58
59
60
61
62
63
64
65
66
67
68
69
70
71
72
73
74
75
76
77
78
79
80
81
82
83
84
85
86
87
88
89
90
91
92
93
94
95
96
97
98
99
100
101
102
103
104
105
106
107
108
109
110
111
112
113
114
115
116
117
118
119
120
121
122
123
124
125
126
127
128
129
130
131
132
133
134
135
136
137
138
139
141
142
143
144
145
146
147
148
149
150
151
152
153
154
155
157
158
159
160
161
162
163
164
165
166
167
168
169
170
171
172
173
174
175
176
177
178
179
180
181
182
183
184
185
186
187
188
189
190
191
192
193
194
195
196
197
198
199
200
201
202
203
204
205
206
207
208
209
210
211
212
213
214
215
216
217
218
219
220
221
222
223
224
225
226
227
228
229
230
231
232
233
235
236
237
238
239
240
241
242
243
244
245
246
247
248
249
250
251
252
253
254
255
256
257
259
260
262
263
264
265
266
267
268
269
270
271
272
273
274
275
276
277
278
279
280
281
282
283
284
285
286
287
288
289
290
291
292
293
294
295
296
297
299
300
301
302
303
304
305
306
307
308
309
310
311
312
313
314
315
316
317
318
319
320
321
322
323
324
325
326
327
328
329
330
331
332
333
334
335
336
337
338
339
340
341
343
344
345
346
347
348
349
350
351
352
353
355
356
357
358
359
360
361
362
364
365
366
367
368
369
370
371
372
373
374
375
376
377
378
379
380
381
382
383
384
385
386
387
388
389
390
391
392
393
394
395
396
397
398
399
400
401
402
403
404
405
406
407
408
409
410
411
412
413
414
415
416
418
419
420
421
422
423
424
425
426
427
428
429
430
431
432
433
434
435
436
437
438
439
440
441
442
443
444
445
446
447
448
449
450
451
452
453
454
455
456
457
458
459
460
461
462
464
465
466
467
468
469
470
471
472
473
474
475
476
477
478
479
480
481
482
483
484
485
486
487
488
489
490
491
492
493
495
496
497
498
499
500
501
502
503
504
505
506
507
508
509
510
511
512
513
514
515
516
517
518
519
520
521
522
523
524
525
526
527
528
530
531
532
533
534
535
536
537
538
539
540
541
542
543
544
545
546
547
548
549
550
551
552
553
554
556
557
558
559
560
561
562
563
564
565
566
567
568
569
570
571
572
573
574
575
576
577
578
579
580
581
582
583
584
585
586
587
588
589
590
591
592
593
594
595
596
597
598
599
600
601
602
603
604
605
606
607
609
610
611
612
613
614
615
616
617
618
619
621
622
623
624
625
626
627
628
629
630
631
632
633
634
635
636
637
638
639
640
641
642
643
644
645
646
647
648
649
650
651
652
653
654
655
656
657
658
659
660
661
662
663
664
665
666
667
668
669
670
671
672
673
674
675
676
677
678
679
680
681
682
683
684
685
686
687
688
689
690
691
692
693
694
695
696
697
698
699
700
701
702
703
704
705
706
707
708
709
710
711
712
713
714
715
716
717
718
719
720
721
722
723
724
725
726
727
728
729
730
731
732
733
734
735
736
737
738
739
740
741
742
743
744
745
746
747
748
749
750
751
752
753
754
756
757
758
759
760
761
762
763
764
765
767
768
769
770
771
772
773
774
775
776
777
778
779
780
781
782
783
784
785
786
787
788
789
790
791
792
793
794
795
796
797
798
799
800
801
802
803
804
805
806
807
808
809
810
811
812
813
814
815
816
817
818
819
820
821
822
823
824
825
826
827
828
829
830
831
832
833
834
835
836
837
838
839
840
841
842
843
844
845
846
847
848
849
850
851
852
853
854
855
856
857
858
859
860
861
862
863
864
865
866
867
868
869
870
871
872
873
874
875
876
877
878
879
880
881
882
883
884
885
886
887
888
889
890
891
892
893
894
895
896
897
898
899
900
901
902
903
904
905
906
907
908
909
910
911
912
913
914
915
916
917
918
919
920
921
922
923
924
925
926
927
928
929
930
931
932
933
934
935
936
937
938
939
940
941
942
943
944
945
946
947
948
949
950
951
952
953
954
955
956
957
958
960
961
962
963
964
965
966
967
968
969
970
971
972
973
974
975
976
977
978
979
980
981
982
983
984
985
986
987
988
989
990
991
992
993
994
995
996
997
998
999
1000
1001
1002
1003
1004
0 569 2
0 732 1
1 324 1
2 77 6
2 790 2
4 720 1
4 135 1
5 275 2
5 609 1
5 491 1
6 569 1
6 506 1
6 249 1
10 506 1
11 619 1
11 662 1
12 680 1
13 532 2
13 173 1
14 921 1
14 924 1
15 680 5
15 422 3
15 406 1
16 410 1
16 541 2
17 857 4
17 915 1
17 165 1
24 280 3
24 160 1
24 629 3
25 844 1
25 383 2
30 313 3
30 356 1
30 765 1
30 942 2
31 915 1
31 92 1
31 165 3
31 142 1
32 862 2
32 143 1
34 997 2
35 280 3
35 978 2
35 167 1
36 120 1
38 324 1
40 193 2
40 290 1
40 927 1
40 566 1
40 662 1
40 499 1
40 53 2
40 214 1
40 471 1
40 633 1
40 90 2
40 159 2
40 415 2
41 499 1
41 565 2
46 322 1
48 499 1
49 248 2
53 724 1
53 997 2
53 927 1
61 900 1
61 181 2
61 718 6
61 383 2
62 159 3
62 485 3
62 542 5
62 646 3
64 322 1
65 739 2
65 356 1
65 165 2
65 776 2
65 107 3
65 718 2
65 687 1
65 850 1
65 771 1
65 415 1
65 534 3
65 920 1
65 569 4
65 591 1
65 915 4
65 157 1
65 927 2
67 344 1
67 963 3
67 165 3
67 207 2
69 324 2
69 879 1
75 609 1
75 772 2
75 165 1
75 107 1
75 334 1
75 415 1
75 927 1
75 127 3
75 997 1
77 168 1
77 260 3
77 575 1
78 569 1
82 135 1
83 769 1
83 771 2
86 769 1
86 771 1
86 703 2
87 160 1
90 865 1
90 997 1
90 201 2
90 107 1
90 248 2
90 220 1
90 885 1
90 502 1
90 841 1
90 920 1
90 569 2
90 924 1
90 927 1
91 220 1
91 607 1
92 207 2
92 165 1
92 647 1
92 142 2
92 847 1
92 658 1
92 915 1
92 953 1
92 731 1
95 769 1
98 449 1
98 707 3
98 454 2
98 134 4
98 713 2
98 107 5
98 268 4
98 429 2
98 592 7
98 401 1
98 291 2
98 117 4
98 278 1
98 927 1
101 377 1
101 246 1
101 457 2
103 1001 4
103 514 3
103 423 4
103 303 2
104 765 1
105 774 1
106 337 1
106 402 1
106 780 1
106 788 1
107 772 1
107 808 1
107 201 1
107 713 1
107 334 1
107 335 1
107 553 6
107 120 2
107 569 1
107 127 3
112 674 1
114 609 2
116 159 2
118 335 2
120 416 1
120 769 2
120 997 1
120 865 1
120 743 2
120 850 1
120 499 1
120 609 1
120 569 2
120 356 1
120 927 1
120 220 2
120 190 1
120 127 2
122 410 1
122 716 1
124 854 1
125 322 1
125 324 1
125 622 5
126 602 3
126 356 2
127 866 1
127 259 1
127 843 1
127 334 2
127 569 1
127 732 2
127 415 1
132 139 1
132 388 1
133 585 2
134 592 10
134 291 6
134 660 3
134 454 6
135 292 4
135 581 4
135 870 1
135 936 2
135 942 4
135 337 1
135 371 1
135 628 6
135 405 2
135 703 3
136 142 1
136 207 2
136 915 1
136 629 1
136 280 2
136 542 1
137 771 1
139 322 1
139 323 1
139 1001 2
139 780 2
139 477 1
139 510 2
141 978 2
141 188 1
142 952 1
142 344 1
142 165 1
142 647 1
142 200 2
142 971 1
142 428 1
142 302 1
142 408 1
142 915 2
142 953 1
142 280 3
142 857 1
142 990 1
143 658 1
143 563 1
143 422 1
146 326 1
147 416 1
147 499 1
147 415 1
147 277 1
147 214 5
147 927 1
147 157 6
147 159 6
149 275 2
149 716 1
150 415 1
152 769 1
152 771 1
153 977 5
153 410 1
157 718 2
157 591 1
157 248 2
157 542 3
158 716 4
159 769 1
159 290 3
159 927 1
159 502 1
159 865 1
159 776 2
159 586 1
159 940 1
159 334 2
159 629 2
159 278 1
159 609 1
159 569 1
159 923 1
159 671 2
160 846 1
160 561 1
160 360 1
160 631 1
160 685 1
160 526 2
160 658 1
160 530 4
160 629 4
160 630 1
160 280 4
160 858 1
164 548 3
164 638 1
164 879 1
165 200 1
165 428 2
165 401 15
165 915 2
165 857 2
165 316 2
166 586 1
166 356 3
166 573 2
166 294 1
167 280 3
167 274 2
167 716 1
167 978 3
168 416 4
168 356 6
168 232 2
168 586 2
168 912 4
168 260 4
171 277 1
171 590 1
173 506 3
173 924 1
175 410 1
176 704 2
181 189 1
184 393 1
184 883 1
184 423 2
185 586 3
188 280 2
188 978 3
189 977 1
189 609 2
189 585 2
190 656 5
190 274 4
190 891 4
190 630 1
191 927 2
193 997 2
193 550 3
193 714 3
193 443 1
193 927 1
195 595 1
196 569 1
199 506 2
199 924 2
200 952 3
200 971 1
200 915 3
202 629 3
207 978 2
207 469 2
207 280 2
207 953 3
208 236 1
209 356 3
209 573 2
214 609 1
214 290 3
214 900 1
214 230 2
214 746 2
214 662 1
214 569 1
216 321 2
216 499 1
219 448 3
220 772 1
220 720 2
220 499 1
220 471 2
220 890 1
220 927 1
223 853 2
223 638 2
223 879 1
226 249 1
228 569 1
229 769 1
229 607 1
231 840 1
231 769 1
235 569 1
235 890 1
235 997 1
235 927 1
236 537 2
236 716 1
239 609 1
239 927 1
239 599 1
243 393 2
243 793 1
248 550 1
248 364 1
248 530 1
248 506 1
249 409 1
249 359 1
249 716 3
249 1004 2
249 569 2
249 921 1
251 410 1
252 506 1
253 290 1
253 566 1
256 356 1
257 415 1
257 927 1
260 912 2
260 575 1
267 944 6
267 586 3
267 971 1
267 662 1
268 401 1
270 532 2
272 900 1
272 662 1
274 280 2
274 631 1
275 377 1
275 613 1
278 591 1
278 592 1
278 499 1
278 569 1
280 647 2
280 493 2
280 656 3
280 915 4
280 408 3
280 547 3
280 424 1
280 561 2
280 301 2
280 817 3
280 658 5
280 953 2
280 954 1
280 526 4
280 990 3
280 360 2
280 530 3
280 920 2
280 851 2
280 629 2
280 631 2
280 469 1
291 401 10
293 605 2
294 817 1
294 586 3
294 313 1
295 569 1
301 978 2
302 915 1
302 428 1
305 859 3
305 782 1
306 769 1
306 771 1
306 660 1
311 697 2
311 955 1
313 416 2
313 765 2
313 885 1
316 915 2
319 499 1
321 618 1
321 499 1
322 548 2
322 879 1
322 788 1
322 622 1
322 534 1
322 399 1
322 509 1
322 638 1
324 832 1
324 706 1
324 612 2
324 460 1
324 334 1
324 591 2
324 402 1
324 343 2
324 676 1
324 638 2
327 381 5
327 702 1
329 769 1
332 435 1
332 500 1
333 569 1
334 609 3
334 997 1
334 776 1
334 687 1
334 915 2
334 415 1
334 591 2
335 532 2
337 853 1
338 987 1
343 388 1
344 915 1
347 966 1
356 515 1
356 772 2
356 743 3
356 586 3
356 912 5
356 500 2
356 602 1
356 854 2
356 472 4
356 762 3
356 573 5
360 629 4
361 987 1
362 765 1
362 383 4
364 506 1
364 764 1
365 716 1
368 879 1
369 535 1
371 857 1
371 915 1
377 866 1
377 422 5
377 423 1
377 457 1
377 716 1
377 528 1
377 630 2
380 712 1
381 643 1
388 612 1
388 638 1
388 534 2
392 674 1
398 712 1
400 769 1
401 454 10
401 429 10
401 415 17
404 595 2
404 934 1
406 527 1
407 843 1
409 569 2
410 482 1
410 837 1
410 1001 1
410 650 1
410 777 1
410 994 1
410 433 1
410 969 2
410 924 1
410 541 1
414 891 1
415 416 2
415 546 1
415 683 1
415 940 2
415 435 1
415 569 7
415 720 1
415 987 1
415 607 1
415 865 1
415 612 2
415 997 1
415 499 1
415 630 5
416 586 2
416 927 1
418 977 5
420 879 1
421 978 2
422 563 1
423 977 5
423 710 5
424 978 2
427 955 1
428 716 1
428 915 2
428 857 4
428 543 1
435 500 9
435 997 1
443 769 1
443 771 1
443 742 1
443 662 1
444 551 3
450 568 2
450 754 1
450 915 3
450 662 2
454 609 1
454 592 4
454 927 1
456 720 1
469 978 2
469 630 1
470 569 5
482 569 19
482 987 1
485 542 1
493 629 4
493 630 2
497 977 4
499 679 1
499 618 1
499 844 1
499 720 1
499 558 1
499 723 1
499 758 1
499 609 1
499 956 2
500 515 1
500 586 1
500 782 3
500 790 2
502 569 1
505 853 1
506 576 2
506 996 2
506 924 1
506 657 2
506 692 1
506 508 1
506 541 3
510 548 1
510 622 3
510 534 1
513 823 1
516 532 1
516 790 1
526 629 4
528 763 2
530 658 4
530 629 4
530 891 2
530 542 2
531 987 1
532 812 2
532 783 1
534 612 1
534 550 3
535 542 2
535 823 1
538 569 1
540 840 2
540 697 4
540 764 2
540 830 2
540 855 3
541 921 1
542 646 1
542 927 1
543 915 1
547 978 3
548 638 2
548 879 1
552 978 2
561 629 3
561 631 1
565 723 2
565 679 1
568 771 2
569 693 1
569 951 3
569 710 2
569 609 1
569 976 1
569 599 4
569 605 3
569 862 4
569 991 1
569 720 1
569 752 1
569 890 1
572 596 1
573 586 8
573 868 2
573 762 2
580 669 2
581 936 2
581 765 1
581 942 1
582 994 1
585 980 1
586 912 1
586 854 2
586 984 2
586 868 8
586 762 1
591 915 1
592 713 2
592 927 5
602 743 3
605 921 3
605 789 2
605 693 2
607 696 1
609 866 1
609 707 1
609 772 1
609 807 1
609 716 2
609 951 1
609 927 1
612 740 1
612 633 1
612 927 1
614 978 2
617 720 3
622 676 1
626 873 1
629 658 3
629 846 3
629 685 3
629 630 3
629 631 3
629 891 9
629 894 3
630 920 6
633 997 1
633 927 3
643 685 11
644 924 1
645 978 1
647 915 1
650 682 1
650 686 1
654 738 1
654 783 1
659 769 1
659 771 1
662 900 1
662 802 2
670 808 1
674 803 1
678 696 1
679 844 2
680 720 3
680 707 1
682 924 1
682 783 1
685 1001 2
685 724 2
687 776 1
687 915 2
687 692 2
687 891 2
692 769 2
692 900 1
692 997 1
692 775 1
692 746 3
697 720 1
697 855 2
697 925 2
700 790 1
702 921 1
702 924 1
704 844 1
704 743 2
706 735 1
708 866 1
712 714 2
713 927 1
714 890 2
716 1004 1
716 876 1
716 890 2
716 718 3
716 851 1
716 980 1
716 915 1
716 866 2
718 866 5
718 843 2
720 833 1
720 855 1
720 942 2
720 927 1
724 921 1
724 1001 2
735 879 1
738 761 2
738 923 2
738 783 1
740 879 1
742 900 1
743 854 2
746 812 2
746 935 6
752 850 2
752 927 1
758 844 1
762 765 1
764 840 2
764 994 2
765 868 1
765 942 2
765 936 1
769 771 1
769 772 1
769 901 1
769 774 1
769 951 1
769 835 1
769 863 1
769 993 1
769 873 1
771 993 1
771 901 1
771 784 1
771 863 1
772 997 1
773 955 2
775 854 2
782 790 4
790 881 1
795 978 2
796 921 1
817 978 2
828 1001 1
841 931 1
849 987 1
851 978 2
851 858 1
857 915 1
861 896 3
881 921 1
890 997 1
890 927 1
915 952 1
915 953 1
915 971 1
915 990 1
921 1004 3
924 1001 1
925 955 2
926 933 1
927 951 1
936 942 1
954 978 2
955 987 2
957 978 2
969 977 4
977 1001 4
977 1004 4
978 988 2
