0
1
2
3
4
5
6
7
8
9
10
11
12
13
14
15
16
17
18
19
20
21
22
23
24
25
26
27
28
29
30
31
32
33
34
35
36
37
38
39
40
41
42
43
44
45
46
47
48
49
50
51
52
53
54
55
56
57
58
59
60
61
62
63
64
65
66
67
68
69
70
71
72
73
74
75
76
77
78
79
80
81
82
83
84
85
86
87
88
89
90
91
92
93
94
95
96
97
98
99
100
101
102
103
104
105
106
107
108
109
110
111
112
113
114
115
116
117
118
119
120
121
122
123
124
125
126
127
128
129
130
131
132
133
134
135
136
137
138
139
141
142
143
144
145
146
147
148
149
150
151
152
153
154
155
157
158
159
160
161
162
163
164
165
166
167
168
169
170
171
172
173
174
175
176
177
178
179
180
181
182
183
184
185
186
187
188
189
190
191
192
193
194
195
196
197
198
199
200
201
202
203
204
205
206
207
208
209
210
211
212
213
214
215
216
217
218
219
220
221
222
223
224
225
226
227
228
229
230
231
232
233
235
236
237
238
239
240
241
242
243
244
245
246
247
248
249
250
251
252
253
254
255
256
257
259
260
262
263
264
265
266
267
268
269
270
271
272
273
274
275
276
277
278
279
280
281
282
283
284
285
286
287
288
289
290
291
292
293
294
295
296
297
299
300
301
302
303
304
305
306
307
308
309
310
311
312
313
314
315
316
317
318
319
320
321
322
323
324
325
326
327
328
329
330
331
332
333
334
335
336
337
338
339
340
341
343
344
345
346
347
348
349
350
351
352
353
355
356
357
358
359
360
361
362
364
365
366
367
368
369
370
371
372
373
374
375
376
377
378
379
380
381
382
383
384
385
386
387
388
389
390
391
392
393
394
395
396
397
398
399
400
401
402
403
404
405
406
407
408
409
410
411
412
413
414
415
416
418
419
420
421
422
423
424
425
426
427
428
429
430
431
432
433
434
435
436
437
438
439
440
441
442
443
444
445
446
447
448
449
450
451
452
453
454
455
456
457
458
459
460
461
462
464
465
466
467
468
469
470
471
472
473
474
475
476
477
478
479
480
481
482
483
484
485
486
487
488
489
490
491
492
493
495
496
497
498
499
500
501
502
503
504
505
506
507
508
509
510
511
512
513
514
515
516
517
518
519
520
521
522
523
524
525
526
527
528
530
531
532
533
534
535
536
537
538
539
540
541
542
543
544
545
546
547
548
549
550
551
552
553
554
556
557
558
559
560
561
562
563
564
565
566
567
568
569
570
571
572
573
574
575
576
577
578
579
580
581
582
583
584
585
586
587
588
589
590
591
592
593
594
595
596
597
598
599
600
601
602
603
604
605
606
607
609
610
611
612
613
614
615
616
617
618
619
621
622
623
624
625
626
627
628
629
630
631
632
633
634
635
636
637
638
639
640
641
642
643
644
645
646
647
648
649
650
651
652
653
654
655
656
657
658
659
660
661
662
663
664
665
666
667
668
669
670
671
672
673
674
675
676
677
678
679
680
681
682
683
684
685
686
687
688
689
690
691
692
693
694
695
696
697
698
699
700
701
702
703
704
705
706
707
708
709
710
711
712
713
714
715
716
717
718
719
720
721
722
723
724
725
726
727
728
729
730
731
732
733
734
735
736
737
738
739
740
741
742
743
744
745
746
747
748
749
750
751
752
753
754
756
757
758
759
760
761
762
763
764
765
767
768
769
770
771
772
773
774
775
776
777
778
779
780
781
782
783
784
785
786
787
788
789
790
791
792
793
794
795
796
797
798
799
800
801
802
803
804
805
806
807
808
809
810
811
812
813
814
815
816
817
818
819
820
821
822
823
824
825
826
827
828
829
830
831
832
833
834
835
836
837
838
839
840
841
842
843
844
845
846
847
848
849
850
851
852
853
854
855
856
857
858
859
860
861
862
863
864
865
866
867
868
869
870
871
872
873
874
875
876
877
878
879
880
881
882
883
884
885
886
887
888
889
890
891
892
893
894
895
896
897
898
899
900
901
902
903
904
905
906
907
908
909
910
911
912
913
914
915
916
917
918
919
920
921
922
923
924
925
926
927
928
929
930
931
932
933
934
935
936
937
938
939
940
941
942
943
944
945
946
947
948
949
950
951
952
953
954
955
956
957
958
960
961
962
963
964
965
966
967
968
969
970
971
972
973
974
975
976
977
978
979
980
981
982
983
984
985
986
987
988
989
990
991
992
993
994
995
996
997
998
999
1000
1001
1002
1003
1004
0 409 2
0 6 2
0 228 2
0 502 3
0 710 2
0 295 2
0 599 2
0 333 2
0 78 2
0 976 2
0 178 5
0 693 2
0 470 2
0 249 2
0 569 1
0 538 2
0 767 2
0 732 5
0 605 2
0 862 2
0 991 2
1 337 1
1 663 1
2 66 2
2 812 1
2 45 1
4 304 1
4 585 1
4 371 2
4 771 1
5 107 3
5 175 1
6 569 1
6 178 4
6 772 1
8 772 1
12 720 1
14 881 1
14 738 1
14 644 1
14 724 1
14 702 5
15 680 4
15 731 8
16 410 1
16 772 1
16 541 4
16 718 2
17 316 1
18 896 2
19 333 1
19 718 2
24 891 1
24 530 3
24 143 1
24 629 13
24 647 1
25 458 1
28 987 4
29 107 3
29 159 1
30 313 2
30 908 2
31 915 2
31 316 1
31 165 10
32 337 2
32 118 1
32 214 1
32 791 1
35 978 1
38 474 1
38 939 2
39 923 2
40 450 1
40 187 1
40 572 1
40 159 2
41 723 1
41 565 1
42 337 1
42 402 1
42 510 1
44 499 1
45 66 2
46 676 1
48 216 1
48 90 2
48 684 1
48 458 1
50 559 2
53 987 1
53 923 2
53 614 2
56 994 1
56 987 4
56 159 1
61 450 7
61 393 1
61 522 2
61 843 1
61 718 8
61 530 4
61 243 2
61 334 1
61 181 2
61 696 4
62 646 9
62 214 1
62 823 1
62 571 3
62 542 12
62 159 2
65 607 1
67 963 15
67 165 9
67 846 15
67 207 11
67 561 9
67 344 8
68 987 4
68 383 1
69 939 1
69 343 1
72 772 1
72 135 3
74 586 1
74 260 1
75 178 3
75 334 2
75 607 1
77 416 1
77 260 5
77 168 2
77 782 1
77 912 2
77 232 1
78 178 4
78 569 1
78 731 1
78 605 2
78 862 1
83 771 2
83 772 1
84 97 3
84 337 1
86 152 1
86 443 6
86 662 2
90 416 1
90 161 2
90 923 2
90 135 1
90 233 1
90 220 5
90 843 2
90 191 3
90 718 2
90 178 1
90 915 1
90 692 2
90 830 1
90 535 1
90 248 6
90 283 2
90 316 2
90 765 1
90 199 1
90 927 2
91 315 1
91 607 1
92 316 1
92 207 2
95 987 5
96 388 1
98 707 12
98 134 9
98 454 4
98 713 9
98 107 12
98 268 11
98 429 6
98 592 18
98 401 7
98 291 3
98 117 12
98 278 4
101 377 1
101 718 2
101 246 3
101 423 1
102 139 1
102 534 1
103 832 1
103 514 1
103 780 1
103 950 1
103 423 2
104 765 2
104 126 2
105 418 8
107 320 4
107 898 3
107 236 3
107 652 1
107 532 3
107 664 5
107 537 3
107 670 3
107 415 1
107 808 3
107 553 3
107 810 3
107 175 3
107 688 3
107 192 4
107 201 3
107 335 4
107 208 3
107 850 1
107 468 3
107 985 1
107 737 3
107 1004 3
107 464 5
107 118 3
107 980 3
107 381 4
112 674 1
112 267 3
112 517 1
112 646 1
113 927 1
114 189 1
118 502 1
118 862 1
119 700 1
119 812 3
120 994 1
120 707 1
120 135 2
120 272 1
120 338 1
120 915 1
120 343 1
120 923 2
120 443 1
120 927 1
122 410 1
122 772 1
122 693 1
125 139 1
126 356 2
126 782 1
126 648 2
126 885 1
126 790 2
126 232 2
127 716 1
127 595 1
127 772 2
127 607 1
134 592 11
134 178 2
134 850 2
135 161 2
135 292 4
135 581 14
135 742 3
135 170 3
135 942 4
135 337 1
135 692 5
135 462 1
135 628 2
135 703 2
135 549 5
136 200 3
136 915 2
136 316 1
137 936 6
137 692 5
138 867 1
138 499 1
139 323 1
139 324 1
139 487 1
139 939 1
139 524 1
139 206 1
139 402 1
139 174 1
139 534 1
139 154 1
139 477 1
139 510 1
141 978 2
141 188 1
141 469 1
142 915 1
142 316 1
142 207 1
143 696 1
147 277 1
151 253 2
152 362 1
152 443 4
153 410 1
157 277 2
159 544 1
159 290 3
159 251 1
159 214 4
159 776 1
159 233 1
159 940 4
159 844 1
159 687 1
159 707 3
159 963 1
159 502 3
159 923 5
159 607 1
160 857 1
160 530 1
160 571 6
160 629 4
160 838 1
161 994 1
161 771 1
161 900 1
161 581 1
161 239 1
161 272 1
161 835 1
161 662 2
161 571 1
161 443 3
161 863 1
164 368 1
165 401 11
165 316 4
166 416 3
166 586 4
166 573 1
166 517 2
166 743 2
167 630 3
167 978 2
167 274 3
167 851 3
167 181 3
167 214 2
168 416 1
168 868 1
168 782 5
168 472 3
168 260 9
169 372 1
169 934 1
170 697 7
170 855 2
170 405 1
171 277 1
173 506 1
175 423 1
175 849 6
175 275 10
175 410 1
178 772 1
178 409 4
178 538 5
178 415 5
178 295 2
178 565 1
178 991 2
178 693 5
178 710 4
178 969 2
178 333 4
178 976 4
178 470 4
178 599 5
178 605 4
178 862 4
178 607 1
178 228 4
178 231 1
178 502 11
178 249 4
178 762 2
178 767 4
181 274 2
181 724 1
181 696 2
181 537 1
181 190 2
184 377 2
184 201 1
185 833 1
185 502 1
186 648 2
186 256 2
186 267 2
186 517 2
187 450 3
187 596 1
188 978 2
188 851 1
188 274 1
188 630 1
189 969 1
189 236 3
189 718 6
189 977 2
189 915 3
189 724 4
189 920 1
189 410 3
190 353 2
190 772 2
190 267 4
190 656 2
190 274 2
190 373 2
190 920 2
191 607 1
191 752 1
191 499 1
191 927 2
192 381 4
192 335 1
193 707 1
193 923 4
194 951 1
196 318 1
199 924 1
199 644 1
200 952 3
200 915 2
200 316 3
200 971 1
203 772 1
207 424 4
207 988 1
207 428 5
207 493 4
207 847 1
207 469 2
207 953 1
207 795 2
208 506 1
208 236 1
208 783 1
214 290 3
214 923 2
214 233 2
214 278 1
214 951 1
214 283 2
216 321 1
216 956 1
216 565 1
220 752 2
220 483 1
220 772 1
223 322 2
223 343 1
228 569 1
228 605 1
228 502 1
229 607 1
230 277 1
231 624 1
231 698 2
231 987 4
231 540 1
231 607 1
232 356 1
232 966 1
232 472 2
232 313 3
233 329 7
233 692 16
233 245 1
233 540 1
235 923 2
236 1004 2
236 977 1
236 537 1
239 923 2
245 698 2
245 987 4
245 994 1
246 377 1
246 724 1
246 423 4
248 696 3
249 569 1
250 332 3
250 927 2
251 410 1
251 987 4
253 290 2
253 566 2
256 416 1
256 517 2
256 648 2
256 267 3
256 313 1
256 478 1
257 316 1
260 416 2
260 266 1
260 439 1
267 517 4
267 648 3
267 586 4
267 526 2
267 658 1
267 435 2
267 629 4
267 478 1
272 450 3
272 900 1
272 568 1
272 595 1
272 443 3
274 647 4
274 656 2
274 817 3
275 849 6
275 327 1
277 577 1
277 931 1
277 933 1
277 972 1
277 748 1
277 686 3
277 285 2
277 355 1
277 308 1
277 590 1
277 347 1
277 571 2
277 926 1
277 715 2
278 713 1
280 530 1
280 630 2
280 629 1
280 614 1
280 658 1
284 731 4
285 571 2
290 923 1
290 687 1
291 401 4
291 429 1
293 724 2
294 817 1
294 586 3
295 569 1
301 978 2
301 795 1
301 493 2
302 428 1
302 316 1
306 807 4
306 659 1
306 742 2
306 607 1
310 612 1
311 987 4
311 540 1
313 416 1
313 356 1
313 648 3
313 472 3
316 344 1
316 647 8
316 971 1
316 428 4
316 915 6
316 415 2
316 629 4
316 952 1
316 857 1
316 543 1
316 990 3
317 692 1
318 840 1
318 499 2
318 684 4
321 499 2
321 684 1
322 879 1
322 388 2
322 740 1
322 343 3
327 1001 2
327 738 1
329 624 1
329 849 1
329 692 1
329 910 1
332 586 1
332 782 6
332 435 1
332 539 1
332 700 2
332 575 3
333 502 2
333 569 1
333 767 1
334 696 7
334 940 1
334 607 6
335 537 4
335 607 3
337 832 3
337 514 1
337 936 4
337 586 1
337 822 1
337 505 1
337 634 1
338 994 1
338 987 4
338 540 2
343 706 1
343 399 1
343 950 1
343 663 1
347 966 2
360 530 1
360 891 3
360 629 2
361 987 5
362 585 1
362 383 1
364 987 4
364 582 1
369 513 2
369 535 2
369 927 1
371 585 1
372 404 1
372 934 1
374 953 1
377 866 1
377 423 4
377 457 3
377 716 2
377 718 6
377 729 2
379 568 2
383 720 7
383 586 2
394 571 6
399 663 1
401 454 3
401 683 1
401 429 10
401 415 9
402 950 1
402 559 1
409 569 1
410 482 1
410 837 1
410 1001 1
410 650 1
410 777 1
410 994 1
410 433 1
410 969 1
410 924 1
410 541 1
413 746 2
413 927 1
413 935 1
415 522 4
416 586 4
416 752 1
416 472 5
416 602 1
416 927 2
418 996 3
418 541 1
418 977 1
421 424 6
421 978 1
423 866 3
423 977 1
423 849 1
424 795 3
424 990 2
427 955 2
428 838 2
428 915 10
428 857 1
429 454 8
432 433 1
432 987 4
433 641 1
433 482 1
433 994 1
433 738 1
433 789 1
433 987 9
435 586 4
435 500 3
435 633 1
440 537 1
441 628 3
443 546 2
443 900 1
443 550 1
443 742 2
443 662 4
444 927 1
445 891 1
447 586 1
448 692 1
450 802 2
450 900 3
450 947 3
450 466 1
450 754 1
450 595 2
450 596 1
450 662 1
450 568 1
450 571 3
450 572 1
453 595 1
454 713 2
454 592 11
454 927 1
458 684 1
458 704 2
459 517 1
462 833 2
465 812 2
466 662 2
468 664 1
469 978 1
469 851 2
470 569 1
471 483 1
472 782 14
472 912 4
476 923 2
478 648 1
478 517 1
482 987 4
483 569 1
483 607 2
485 927 1
485 823 4
488 568 1
493 561 2
493 838 1
493 629 4
495 568 1
499 704 1
499 684 3
499 687 1
499 758 1
499 607 1
499 956 1
500 542 3
500 586 1
500 782 1
500 814 5
502 710 2
502 591 1
502 724 1
502 569 1
502 607 1
506 996 1
506 1004 1
506 783 1
506 644 1
506 541 1
513 927 1
514 603 1
514 780 3
514 612 1
517 803 1
517 648 2
526 530 4
526 629 9
528 867 2
528 685 2
530 629 8
530 891 9
531 987 4
531 607 2
534 571 1
534 772 1
534 607 1
538 569 1
538 724 1
540 994 1
540 987 6
540 697 1
540 698 3
540 955 6
540 925 1
542 571 1
542 823 2
544 772 1
546 692 1
546 550 4
547 978 1
547 851 1
550 692 4
550 743 1
552 951 2
558 684 1
558 844 2
558 758 1
559 622 1
561 846 7
561 629 2
565 684 1
566 772 1
568 585 2
568 947 1
569 710 1
569 599 1
569 976 1
569 607 1
569 693 1
569 767 1
569 605 1
569 862 1
569 991 1
571 900 6
571 742 7
571 870 2
571 935 2
571 776 5
571 684 2
571 910 1
571 663 3
571 885 1
572 731 1
573 586 4
580 582 2
581 936 4
581 855 4
582 994 3
582 674 3
582 987 4
582 764 1
584 731 4
585 954 1
586 868 2
586 984 3
587 720 5
589 752 1
591 746 1
591 607 2
592 713 7
592 927 9
595 772 1
595 934 2
595 718 2
602 743 2
607 802 1
607 687 2
607 692 2
607 696 7
607 718 1
607 612 1
607 742 1
609 1003 1
609 927 1
612 772 1
614 858 1
614 891 2
614 988 1
617 720 1
617 923 1
624 692 1
628 720 1
629 658 2
629 685 2
629 846 2
629 630 4
629 631 2
629 891 4
630 915 11
630 891 1
633 923 2
633 927 1
638 832 1
638 951 1
641 987 4
647 915 1
647 838 2
648 765 2
648 869 1
650 783 1
650 738 3
650 654 1
650 682 2
654 738 4
654 682 1
654 991 3
656 772 1
658 838 1
659 771 1
659 807 1
663 950 6
672 844 1
679 684 1
680 720 1
680 731 2
682 738 4
682 783 1
684 704 1
684 935 1
684 844 1
684 918 1
685 1001 1
685 724 1
687 754 1
692 736 2
692 742 2
692 746 4
698 840 2
698 873 2
698 764 2
700 867 2
700 812 3
700 761 1
700 956 1
703 771 4
704 743 2
707 951 2
707 923 2
715 926 1
716 772 1
716 718 3
718 866 7
718 754 6
718 724 4
718 883 2
720 833 1
720 855 1
722 927 1
723 933 2
723 758 3
724 866 1
724 796 1
738 783 4
738 828 1
740 879 1
743 868 1
743 908 1
746 935 12
752 850 1
758 956 3
758 918 5
764 987 4
765 868 2
765 908 8
770 927 1
771 784 1
772 807 2
772 883 1
772 923 2
773 955 2
774 947 32
782 868 1
783 837 1
783 979 3
784 807 1
789 994 1
789 987 4
790 812 5
796 921 1
809 987 4
817 978 1
833 940 1
838 857 2
840 987 4
844 956 4
849 987 6
850 924 3
850 996 1
851 978 4
854 927 1
857 915 15
862 909 1
872 987 7
873 987 4
875 923 2
880 923 2
890 923 2
923 951 2
955 987 7
977 1001 1
978 988 3
987 994 4
