0
1
2
3
4
5
6
7
8
9
10
11
12
13
14
15
16
17
18
19
20
21
22
23
24
25
26
27
28
29
30
31
32
33
34
35
36
37
38
39
40
41
42
43
44
45
46
47
48
49
50
51
52
53
54
55
56
57
58
59
60
61
62
63
64
65
66
67
68
69
70
71
72
73
74
75
76
77
78
79
80
81
82
83
84
85
86
87
88
89
90
91
92
93
94
95
96
97
98
99
100
101
102
103
104
105
106
107
108
109
110
111
112
113
114
115
116
117
118
119
120
121
122
123
124
125
126
127
128
129
130
131
132
133
134
135
136
137
138
139
141
142
143
144
145
146
147
148
149
150
151
152
153
154
155
157
158
159
160
161
162
163
164
165
166
167
168
169
170
171
172
173
174
175
176
177
178
179
180
181
182
183
184
185
186
187
188
189
190
191
192
193
194
195
196
197
198
199
200
201
202
203
204
205
206
207
208
209
210
211
212
213
214
215
216
217
218
219
220
221
222
223
224
225
226
227
228
229
230
231
232
233
235
236
237
238
239
240
241
242
243
244
245
246
247
248
249
250
251
252
253
254
255
256
257
259
260
262
263
264
265
266
267
268
269
270
271
272
273
274
275
276
277
278
279
280
281
282
283
284
285
286
287
288
289
290
291
292
293
294
295
296
297
299
300
301
302
303
304
305
306
307
308
309
310
311
312
313
314
315
316
317
318
319
320
321
322
323
324
325
326
327
328
329
330
331
332
333
334
335
336
337
338
339
340
341
343
344
345
346
347
348
349
350
351
352
353
355
356
357
358
359
360
361
362
364
365
366
367
368
369
370
371
372
373
374
375
376
377
378
379
380
381
382
383
384
385
386
387
388
389
390
391
392
393
394
395
396
397
398
399
400
401
402
403
404
405
406
407
408
409
410
411
412
413
414
415
416
418
419
420
421
422
423
424
425
426
427
428
429
430
431
432
433
434
435
436
437
438
439
440
441
442
443
444
445
446
447
448
449
450
451
452
453
454
455
456
457
458
459
460
461
462
464
465
466
467
468
469
470
471
472
473
474
475
476
477
478
479
480
481
482
483
484
485
486
487
488
489
490
491
492
493
495
496
497
498
499
500
501
502
503
504
505
506
507
508
509
510
511
512
513
514
515
516
517
518
519
520
521
522
523
524
525
526
527
528
530
531
532
533
534
535
536
537
538
539
540
541
542
543
544
545
546
547
548
549
550
551
552
553
554
556
557
558
559
560
561
562
563
564
565
566
567
568
569
570
571
572
573
574
575
576
577
578
579
580
581
582
583
584
585
586
587
588
589
590
591
592
593
594
595
596
597
598
599
600
601
602
603
604
605
606
607
609
610
611
612
613
614
615
616
617
618
619
621
622
623
624
625
626
627
628
629
630
631
632
633
634
635
636
637
638
639
640
641
642
643
644
645
646
647
648
649
650
651
652
653
654
655
656
657
658
659
660
661
662
663
664
665
666
667
668
669
670
671
672
673
674
675
676
677
678
679
680
681
682
683
684
685
686
687
688
689
690
691
692
693
694
695
696
697
698
699
700
701
702
703
704
705
706
707
708
709
710
711
712
713
714
715
716
717
718
719
720
721
722
723
724
725
726
727
728
729
730
731
732
733
734
735
736
737
738
739
740
741
742
743
744
745
746
747
748
749
750
751
752
753
754
756
757
758
759
760
761
762
763
764
765
767
768
769
770
771
772
773
774
775
776
777
778
779
780
781
782
783
784
785
786
787
788
789
790
791
792
793
794
795
796
797
798
799
800
801
802
803
804
805
806
807
808
809
810
811
812
813
814
815
816
817
818
819
820
821
822
823
824
825
826
827
828
829
830
831
832
833
834
835
836
837
838
839
840
841
842
843
844
845
846
847
848
849
850
851
852
853
854
855
856
857
858
859
860
861
862
863
864
865
866
867
868
869
870
871
872
873
874
875
876
877
878
879
880
881
882
883
884
885
886
887
888
889
890
891
892
893
894
895
896
897
898
899
900
901
902
903
904
905
906
907
908
909
910
911
912
913
914
915
916
917
918
919
920
921
922
923
924
925
926
927
928
929
930
931
932
933
934
935
936
937
938
939
940
941
942
943
944
945
946
947
948
949
950
951
952
953
954
955
956
957
958
960
961
962
963
964
965
966
967
968
969
970
971
972
973
974
975
976
977
978
979
980
981
982
983
984
985
986
987
988
989
990
991
992
993
994
995
996
997
998
999
1000
1001
1002
1003
1004
0 178 2
2 812 1
2 749 3
2 82 1
2 692 4
2 790 4
2 628 1
2 700 3
4 304 3
4 371 3
5 175 2
6 178 1
8 544 2
13 850 1
13 443 1
14 996 1
14 199 1
14 924 1
14 173 1
14 783 1
14 881 1
14 850 1
14 724 2
14 410 1
14 796 1
14 506 4
15 731 6
15 943 1
16 293 2
17 915 1
19 293 2
24 528 1
24 891 1
24 630 1
24 750 1
28 987 2
29 724 1
29 670 2
30 104 2
30 908 1
30 362 3
30 356 1
30 765 1
31 428 1
31 915 1
31 316 2
31 165 11
31 990 3
32 197 2
32 862 1
32 791 1
35 954 1
35 978 2
38 638 1
38 951 1
40 802 2
40 187 3
40 900 1
40 450 1
40 53 2
42 638 2
42 534 1
46 399 2
48 1000 1
48 956 1
50 559 2
52 356 3
52 267 2
52 912 1
52 721 1
52 765 3
52 126 2
53 609 1
53 866 1
53 518 1
53 166 1
53 850 1
53 633 1
53 443 2
53 316 1
56 987 2
56 772 1
61 742 1
61 166 1
61 782 3
61 178 5
61 915 1
61 502 2
62 513 1
62 485 2
62 646 3
62 535 1
62 250 3
62 542 5
62 799 1
65 963 3
65 196 2
65 997 1
65 135 2
65 75 1
65 435 1
65 687 1
65 752 3
65 147 5
65 220 7
67 963 11
67 165 9
67 391 2
67 846 5
67 207 2
67 344 2
68 987 2
69 879 1
74 392 5
74 912 1
74 573 1
75 772 5
75 220 1
77 500 2
77 935 1
78 832 1
78 929 1
78 178 1
78 502 1
84 534 2
86 443 2
88 638 1
89 127 1
90 736 1
90 832 1
90 850 1
90 891 1
90 356 3
90 101 2
90 742 3
90 233 4
90 791 1
90 178 2
90 143 4
90 765 2
90 946 1
90 948 1
90 105 1
90 912 1
90 283 2
90 541 1
90 669 1
90 134 1
90 671 3
91 499 1
92 915 1
92 838 1
92 990 2
95 987 2
96 634 2
96 388 1
96 509 2
98 707 4
98 454 3
98 134 4
98 713 4
98 107 5
98 268 4
98 429 2
98 401 6
98 117 4
98 278 4
99 178 1
99 502 1
99 207 1
101 790 1
101 246 2
101 423 2
104 416 1
104 425 5
104 648 1
104 765 5
105 418 7
106 638 3
107 320 1
107 643 1
107 335 1
107 464 1
107 724 1
107 367 1
107 670 6
109 913 7
112 472 2
112 948 7
112 267 3
112 356 6
113 646 1
114 980 1
118 732 2
120 198 1
120 290 1
120 772 6
120 742 3
120 454 7
120 752 5
120 433 2
120 948 2
120 196 2
120 566 1
120 633 1
120 190 1
120 191 3
122 693 1
125 676 1
125 622 1
126 356 2
126 133 2
126 648 1
126 586 8
126 332 4
126 782 1
126 721 2
126 790 3
126 573 1
127 595 3
127 716 3
127 365 1
132 337 2
133 602 2
134 316 1
135 581 2
135 742 1
135 587 1
135 942 3
135 371 1
136 915 1
136 165 1
138 383 1
139 323 1
141 188 2
141 469 1
141 630 2
142 915 4
142 316 1
142 351 1
143 872 1
143 544 1
147 416 1
147 577 6
147 931 3
147 933 3
147 454 2
147 972 3
147 171 3
147 748 3
147 590 3
147 157 1
147 355 3
147 277 3
147 347 3
147 686 3
147 285 3
147 926 3
147 715 3
149 372 3
151 214 1
151 253 2
151 278 1
157 450 1
157 517 1
157 334 1
157 248 2
157 347 1
157 915 1
160 530 1
160 629 1
163 895 3
164 879 2
164 343 1
164 943 2
165 302 1
165 207 2
165 401 10
165 915 1
165 316 2
165 990 2
166 586 3
166 517 1
166 573 1
167 978 1
167 954 1
167 274 1
167 630 4
168 356 6
168 260 1
168 232 2
168 425 3
168 912 18
168 948 2
168 949 1
168 472 4
168 313 2
168 765 1
169 595 1
169 372 3
170 855 1
170 245 1
170 231 1
171 347 1
173 850 1
173 506 1
175 849 2
175 275 1
178 409 1
178 538 1
178 669 3
178 929 1
178 862 4
178 295 1
178 693 2
178 951 2
178 569 1
178 314 1
178 710 1
178 333 2
178 976 5
178 339 1
178 470 1
178 599 1
178 605 38
178 990 2
178 991 2
178 228 1
178 367 1
178 752 2
178 502 10
178 249 1
178 767 1
180 727 1
181 353 3
181 656 2
181 274 2
181 724 1
181 920 1
181 189 1
184 1004 2
184 951 1
185 833 1
185 987 1
187 450 1
188 824 1
188 954 1
188 851 2
188 502 1
189 497 1
189 883 2
189 724 4
189 502 1
189 249 2
193 633 1
194 587 1
195 934 1
196 401 1
196 731 1
196 220 1
197 850 1
199 850 1
199 644 1
200 915 4
200 316 1
200 971 2
200 351 2
206 622 2
207 428 2
207 469 1
207 630 2
207 953 1
207 795 1
207 988 2
207 990 3
214 609 1
214 290 4
214 841 1
214 887 2
214 367 1
214 912 3
214 595 2
214 951 1
214 662 4
214 890 6
214 923 3
214 316 2
216 1000 1
216 321 2
216 458 4
216 558 1
220 367 1
223 334 2
223 343 1
224 915 1
224 349 2
225 951 3
229 692 10
229 334 2
231 338 1
231 947 1
231 245 1
231 987 2
231 540 4
231 511 1
232 744 1
232 425 6
232 912 7
232 946 1
232 472 4
233 692 8
233 245 1
233 550 1
233 935 3
236 537 2
239 528 1
239 929 1
239 624 3
239 742 1
239 951 1
243 367 1
243 772 2
243 607 2
245 581 1
245 840 1
245 329 1
245 264 1
245 692 1
245 987 2
245 540 2
246 724 3
246 423 2
248 740 1
248 364 1
248 506 1
248 891 11
248 670 3
250 880 2
250 356 1
251 987 2
256 416 2
256 313 1
256 356 7
260 266 15
260 790 4
264 329 2
266 949 2
267 700 1
267 586 1
267 435 7
267 948 9
267 790 4
267 984 3
267 988 1
270 923 1
273 951 1
274 920 2
274 978 5
274 951 1
275 849 3
278 401 1
278 290 1
278 334 2
280 846 5
280 817 1
280 595 1
280 851 2
280 502 1
280 990 1
284 731 4
288 610 11
288 484 12
288 773 11
288 391 19
288 846 18
288 629 17
288 630 3
289 899 1
293 716 2
293 724 3
293 568 2
293 697 8
293 572 1
293 862 9
294 586 1
299 559 1
302 915 1
306 450 1
306 334 1
306 784 1
306 659 1
306 915 1
306 703 1
308 418 1
309 474 1
310 524 2
310 343 1
311 633 1
311 987 2
311 955 2
313 356 7
313 648 3
313 946 12
313 472 4
313 765 2
314 929 1
316 806 1
316 428 4
316 367 1
316 978 1
316 915 3
316 857 1
316 351 2
316 990 1
318 472 1
318 499 2
318 684 1
319 1000 2
321 499 1
322 879 3
323 706 1
323 399 1
323 951 1
324 337 1
324 367 1
327 341 1
327 414 2
329 624 1
329 819 4
329 910 1
332 674 1
332 356 1
332 648 1
332 586 1
332 782 1
332 362 1
332 435 3
332 500 5
332 573 1
333 538 1
333 767 3
334 450 1
334 995 2
334 772 1
334 742 1
334 586 1
334 684 1
334 718 2
334 687 3
334 367 1
334 692 3
334 696 3
334 890 1
334 923 2
334 915 1
335 790 1
337 603 2
337 919 2
338 987 2
338 540 1
343 950 6
343 534 1
343 587 1
343 399 2
343 663 5
344 915 1
347 472 2
349 976 3
349 915 1
351 838 2
351 915 1
351 857 3
353 891 3
353 391 12
356 517 8
356 912 11
356 915 1
356 542 2
356 730 3
356 425 10
356 946 1
356 948 12
356 949 1
356 450 1
356 586 1
356 721 3
356 472 21
356 868 2
356 743 1
356 744 1
356 765 16
360 526 4
361 987 2
362 383 12
365 377 2
367 776 1
367 940 1
367 530 1
367 835 1
367 920 1
367 923 1
367 544 1
367 987 1
367 809 1
367 684 1
367 435 1
367 692 1
367 951 2
367 963 1
367 812 1
367 844 1
367 720 1
367 852 1
367 731 1
367 865 1
367 738 1
367 743 1
367 371 1
367 629 1
372 934 1
372 716 1
372 404 3
372 951 3
373 391 10
374 659 1
376 731 1
377 866 1
377 772 1
377 685 2
378 603 1
381 506 1
383 720 3
383 913 1
383 887 3
383 810 2
388 742 2
388 534 4
390 784 3
391 610 6
391 484 2
391 750 6
392 948 2
393 907 1
400 813 2
401 454 5
401 429 5
401 415 8
402 474 1
402 788 1
404 595 3
410 719 1
414 891 9
414 995 2
415 833 3
415 811 2
415 429 3
416 425 7
416 948 3
418 977 5
418 996 11
420 559 2
421 424 1
421 978 1
421 795 1
422 731 2
423 849 2
424 978 1
424 795 1
424 990 3
425 721 1
425 765 4
425 912 7
425 946 1
425 948 4
425 472 2
427 955 2
427 540 1
428 838 1
428 915 10
428 953 1
429 454 2
432 987 2
433 987 3
435 586 7
435 782 6
435 500 1
435 984 3
435 948 6
437 850 1
440 737 1
443 945 1
443 662 5
445 891 4
450 802 1
450 742 1
450 586 1
450 684 1
450 530 1
450 718 1
450 912 1
450 915 2
451 988 1
454 609 2
454 713 2
458 956 8
466 947 3
469 978 1
469 851 2
469 630 2
469 954 1
471 752 1
472 912 14
472 765 1
472 744 2
472 946 1
474 832 1
474 951 2
479 980 4
480 987 2
482 531 5
482 987 2
482 990 1
484 838 1
484 630 4
485 646 1
499 704 1
499 833 1
499 1000 1
499 558 1
499 723 2
499 503 3
500 790 2
500 814 5
502 710 3
502 976 1
502 693 2
502 862 1
503 704 1
503 1000 2
503 723 5
505 603 1
506 644 5
506 850 1
506 783 1
506 924 5
506 541 3
509 603 1
509 939 1
510 622 2
510 534 2
514 603 1
516 850 1
516 790 1
517 674 1
517 586 2
517 565 1
517 854 1
517 602 1
517 765 4
517 542 1
518 799 8
518 542 2
518 895 7
526 530 1
527 720 2
528 531 2
528 772 2
530 658 1
530 851 1
530 920 1
530 891 3
530 915 1
531 987 2
534 622 1
534 862 5
540 641 2
540 546 2
540 955 7
540 581 2
540 840 1
540 873 1
540 587 2
540 819 1
540 697 2
540 987 3
541 738 1
541 850 3
542 646 9
542 586 3
542 948 3
542 765 3
543 915 1
544 669 2
544 741 1
546 609 1
547 954 1
547 851 1
547 862 8
550 920 1
551 895 1
551 799 2
553 688 1
553 670 1
558 1000 1
559 622 3
563 731 1
565 704 3
565 723 1
566 713 1
566 772 1
573 586 4
575 912 1
576 850 1
577 926 1
577 935 1
581 936 1
581 851 1
581 855 1
581 703 1
582 994 1
582 987 2
584 731 3
585 922 1
585 822 1
586 648 3
586 782 14
586 912 1
586 915 1
586 790 2
586 812 1
586 948 2
586 700 1
586 587 1
586 984 5
587 807 2
591 923 4
595 718 1
595 696 1
595 951 3
599 693 5
599 878 2
602 765 9
603 780 1
603 822 1
603 735 1
605 670 2
607 696 1
607 765 2
607 687 1
609 772 4
609 951 2
609 633 1
609 923 2
611 850 1
613 772 1
614 954 1
622 676 3
629 978 1
630 685 2
630 790 9
633 707 1
633 772 1
638 740 1
638 790 3
638 906 1
638 788 1
638 853 2
638 950 1
638 663 3
638 700 2
638 862 2
641 987 2
643 670 1
644 850 1
644 702 2
647 915 1
648 721 4
648 948 1
649 951 1
650 738 1
650 850 1
650 682 2
650 654 1
650 783 1
654 682 1
654 783 1
654 738 1
654 991 4
656 920 2
656 978 1
657 850 1
659 703 2
662 900 2
663 950 1
668 746 2
668 813 1
668 935 3
671 692 1
674 948 1
674 751 1
680 731 1
682 738 1
682 850 1
682 783 1
684 1000 1
684 915 1
686 926 1
687 923 3
692 835 1
692 775 1
692 749 6
692 700 2
693 862 1
697 771 1
697 873 1
697 784 3
697 855 7
697 925 3
698 987 2
700 812 4
700 749 1
700 790 3
700 862 3
702 850 1
703 784 1
704 844 3
707 951 1
718 915 2
719 921 1
719 850 1
719 837 1
720 833 5
720 935 3
720 746 1
720 855 1
721 908 1
721 765 5
723 1000 1
724 1004 2
724 921 4
737 849 2
738 850 1
740 879 2
742 765 3
744 912 2
745 850 1
746 813 4
746 935 3
748 926 1
761 850 1
764 994 1
764 987 2
765 912 6
765 948 3
765 868 3
772 993 1
772 812 1
772 783 1
772 775 2
772 915 2
779 843 1
782 912 1
782 790 2
783 881 2
789 987 2
789 951 1
790 812 6
790 956 1
796 987 2
799 895 1
804 850 1
806 857 2
806 915 2
809 987 2
813 935 4
817 954 1
823 895 2
828 850 1
832 976 1
833 987 1
833 915 1
837 850 1
840 873 1
840 987 2
843 907 2
848 860 1
849 987 2
850 921 1
850 924 1
850 996 1
850 1001 1
850 881 1
851 978 1
851 915 1
851 920 2
851 954 2
857 915 1
872 987 2
873 987 2
878 929 1
885 912 1
891 995 1
912 915 1
912 984 3
912 949 3
912 948 6
915 920 1
915 952 1
915 953 1
915 971 1
915 990 1
920 978 1
921 1001 1
923 935 1
923 951 6
946 948 2
953 957 1
954 957 1
955 987 5
957 990 1
969 977 2
977 1004 1
987 994 2
