0
1
2
3
4
5
6
7
8
9
10
11
12
13
14
15
16
17
18
19
20
21
22
23
24
25
26
27
28
29
30
31
32
33
34
35
36
37
38
39
40
41
42
43
44
45
46
47
48
49
50
51
52
53
54
55
56
57
58
59
60
61
62
63
64
65
66
67
68
69
70
71
72
73
74
75
76
77
78
79
80
81
82
83
84
85
86
87
88
89
90
91
92
93
94
95
96
97
98
99
100
101
102
103
104
105
106
107
108
109
110
111
112
113
114
115
116
117
118
119
120
121
122
123
124
125
126
127
128
129
130
131
132
133
134
135
136
137
138
139
141
142
143
144
145
146
147
148
149
150
151
152
153
154
155
157
158
159
160
161
162
163
164
165
166
167
168
169
170
171
172
173
174
175
176
177
178
179
180
181
182
183
184
185
186
187
188
189
190
191
192
193
194
195
196
197
198
199
200
201
202
203
204
205
206
207
208
209
210
211
212
213
214
215
216
217
218
219
220
221
222
223
224
225
226
227
228
229
230
231
232
233
235
236
237
238
239
240
241
242
243
244
245
246
247
248
249
250
251
252
253
254
255
256
257
259
260
262
263
264
265
266
267
268
269
270
271
272
273
274
275
276
277
278
279
280
281
282
283
284
285
286
287
288
289
290
291
292
293
294
295
296
297
299
300
301
302
303
304
305
306
307
308
309
310
311
312
313
314
315
316
317
318
319
320
321
322
323
324
325
326
327
328
329
330
331
332
333
334
335
336
337
338
339
340
341
343
344
345
346
347
348
349
350
351
352
353
355
356
357
358
359
360
361
362
364
365
366
367
368
369
370
371
372
373
374
375
376
377
378
379
380
381
382
383
384
385
386
387
388
389
390
391
392
393
394
395
396
397
398
399
400
401
402
403
404
405
406
407
408
409
410
411
412
413
414
415
416
418
419
420
421
422
423
424
425
426
427
428
429
430
431
432
433
434
435
436
437
438
439
440
441
442
443
444
445
446
447
448
449
450
451
452
453
454
455
456
457
458
459
460
461
462
464
465
466
467
468
469
470
471
472
473
474
475
476
477
478
479
480
481
482
483
484
485
486
487
488
489
490
491
492
493
495
496
497
498
499
500
501
502
503
504
505
506
507
508
509
510
511
512
513
514
515
516
517
518
519
520
521
522
523
524
525
526
527
528
530
531
532
533
534
535
536
537
538
539
540
541
542
543
544
545
546
547
548
549
550
551
552
553
554
556
557
558
559
560
561
562
563
564
565
566
567
568
569
570
571
572
573
574
575
576
577
578
579
580
581
582
583
584
585
586
587
588
589
590
591
592
593
594
595
596
597
598
599
600
601
602
603
604
605
606
607
609
610
611
612
613
614
615
616
617
618
619
621
622
623
624
625
626
627
628
629
630
631
632
633
634
635
636
637
638
639
640
641
642
643
644
645
646
647
648
649
650
651
652
653
654
655
656
657
658
659
660
661
662
663
664
665
666
667
668
669
670
671
672
673
674
675
676
677
678
679
680
681
682
683
684
685
686
687
688
689
690
691
692
693
694
695
696
697
698
699
700
701
702
703
704
705
706
707
708
709
710
711
712
713
714
715
716
717
718
719
720
721
722
723
724
725
726
727
728
729
730
731
732
733
734
735
736
737
738
739
740
741
742
743
744
745
746
747
748
749
750
751
752
753
754
756
757
758
759
760
761
762
763
764
765
767
768
769
770
771
772
773
774
775
776
777
778
779
780
781
782
783
784
785
786
787
788
789
790
791
792
793
794
795
796
797
798
799
800
801
802
803
804
805
806
807
808
809
810
811
812
813
814
815
816
817
818
819
820
821
822
823
824
825
826
827
828
829
830
831
832
833
834
835
836
837
838
839
840
841
842
843
844
845
846
847
848
849
850
851
852
853
854
855
856
857
858
859
860
861
862
863
864
865
866
867
868
869
870
871
872
873
874
875
876
877
878
879
880
881
882
883
884
885
886
887
888
889
890
891
892
893
894
895
896
897
898
899
900
901
902
903
904
905
906
907
908
909
910
911
912
913
914
915
916
917
918
919
920
921
922
923
924
925
926
927
928
929
930
931
932
933
934
935
936
937
938
939
940
941
942
943
944
945
946
947
948
949
950
951
952
953
954
955
956
957
958
960
961
962
963
964
965
966
967
968
969
970
971
972
973
974
975
976
977
978
979
980
981
982
983
984
985
986
987
988
989
990
991
992
993
994
995
996
997
998
999
1000
1001
1002
1003
1004
0 6 1
0 228 1
0 502 2
0 710 1
0 295 1
0 118 1
0 599 1
0 333 1
0 78 1
0 976 1
0 178 7
0 693 1
0 470 1
0 409 1
0 249 2
0 538 1
0 767 1
0 732 1
0 605 2
0 862 1
0 991 1
2 790 2
2 267 1
2 812 2
2 142 2
2 500 2
2 118 2
2 318 1
4 993 1
4 771 2
4 293 1
4 135 2
4 304 1
4 187 1
4 862 1
4 863 1
5 553 2
5 175 1
5 29 2
5 670 2
5 335 1
6 609 1
6 178 4
8 414 1
13 609 1
13 506 1
13 532 1
13 14 2
14 468 2
14 506 6
14 924 4
14 1001 2
16 754 1
16 410 1
16 883 2
16 506 3
16 541 2
17 971 2
17 165 3
19 377 1
19 333 1
24 280 1
24 891 10
24 629 10
25 48 2
25 458 1
25 844 3
25 618 1
26 362 1
28 987 2
29 808 2
29 90 1
29 335 1
30 936 7
30 765 3
30 743 5
31 971 1
31 428 2
31 165 3
31 990 1
32 609 1
32 506 2
32 214 2
32 534 1
32 791 1
35 817 2
35 207 1
35 469 1
35 165 1
38 337 2
38 782 2
40 609 2
40 802 3
40 196 2
40 198 1
40 488 1
40 450 1
40 695 2
40 568 1
40 890 1
40 187 1
41 723 2
42 638 3
46 310 5
48 458 1
48 558 4
48 216 6
48 956 2
48 319 3
50 559 1
52 232 3
52 313 1
52 356 2
53 272 2
53 633 1
53 923 1
53 78 1
53 865 1
56 994 2
56 987 2
56 951 1
58 120 1
58 586 1
58 909 2
61 393 1
61 692 2
61 517 1
61 718 4
62 800 1
62 369 8
62 542 2
62 646 3
62 535 2
67 344 1
67 963 16
67 165 5
67 454 1
68 987 2
68 251 1
69 879 1
70 609 2
70 90 2
70 509 1
70 534 1
70 309 1
74 256 1
74 674 3
74 294 1
74 166 6
74 586 2
74 782 1
74 110 2
74 573 1
74 126 3
74 447 1
75 416 6
75 772 1
75 107 1
75 334 1
75 850 1
75 692 1
75 948 2
75 220 1
75 607 1
76 410 1
77 416 2
77 266 2
78 178 4
78 951 2
82 628 1
83 697 1
83 306 3
83 771 5
86 152 12
86 443 5
86 703 1
86 807 1
90 644 3
90 813 2
90 668 1
90 808 1
90 940 1
90 173 1
90 541 1
90 178 2
90 191 2
90 704 1
90 199 1
90 714 2
90 718 2
90 720 2
90 850 6
90 468 1
90 854 4
90 343 1
90 987 1
90 890 4
90 865 1
90 742 2
90 1001 2
90 107 1
90 883 1
90 628 3
90 980 1
90 506 3
91 416 1
91 607 1
92 971 1
92 990 1
95 987 2
96 420 2
98 707 6
98 454 3
98 134 7
98 713 7
98 107 7
98 268 7
98 429 4
98 592 11
98 401 5
98 291 3
98 117 6
98 278 7
101 246 5
101 423 3
103 977 1
103 943 2
103 310 3
103 423 2
104 648 3
104 721 2
104 908 2
104 765 4
104 425 4
105 418 9
105 996 1
107 609 1
107 718 2
107 175 1
107 464 1
107 468 1
107 214 2
107 335 2
107 381 1
107 670 1
111 586 2
111 573 3
112 416 1
112 674 19
112 517 1
112 746 2
112 267 6
112 948 7
112 472 1
112 313 2
113 250 1
114 506 2
117 268 1
118 365 2
118 335 1
118 732 2
118 670 2
119 812 1
120 196 1
120 586 1
120 274 1
120 923 1
120 796 1
120 191 1
122 410 1
122 693 1
122 479 1
126 294 4
126 648 2
126 586 7
126 782 6
126 573 4
126 232 2
126 500 2
126 790 7
126 984 2
126 889 2
126 250 3
127 890 3
127 843 1
128 765 1
132 509 1
133 648 1
134 592 6
134 912 1
134 738 1
135 742 7
135 936 1
135 137 2
135 362 2
135 942 5
135 337 6
135 371 1
135 692 3
135 405 4
135 855 1
135 248 3
135 628 6
135 700 3
136 200 2
136 971 1
136 838 1
136 142 1
136 990 1
139 402 1
139 477 1
141 512 2
142 971 2
142 647 1
142 200 1
142 267 13
142 428 2
142 915 6
142 214 2
142 952 1
142 857 1
142 316 1
142 990 1
142 543 1
143 872 1
143 422 2
147 577 2
147 931 3
147 196 1
147 933 3
147 230 2
147 171 3
147 972 2
147 590 2
147 355 2
147 277 2
147 214 2
147 890 1
147 347 2
147 285 2
147 926 2
147 686 2
149 849 3
150 322 1
150 415 1
151 253 4
152 443 9
153 410 1
153 322 2
157 746 1
157 586 2
157 933 1
157 334 2
157 591 1
158 506 2
159 776 1
159 915 2
159 334 3
159 214 3
160 280 1
160 586 1
160 915 1
160 629 3
161 586 1
164 638 2
165 586 1
165 971 1
165 401 3
165 344 6
165 990 1
166 743 2
166 602 1
166 674 1
166 383 1
167 920 1
167 362 1
167 851 1
167 469 1
168 416 5
168 266 3
168 868 5
168 966 1
168 294 2
168 648 14
168 586 5
168 759 1
168 556 4
168 912 18
168 232 15
168 949 8
168 790 35
168 439 6
168 472 18
168 356 17
168 762 1
168 260 1
168 730 1
168 575 1
170 697 1
171 933 2
171 590 1
173 506 1
173 428 3
175 423 3
175 335 1
175 849 4
175 275 7
175 410 1
176 586 1
178 214 1
178 409 4
178 538 4
178 295 4
178 693 12
178 569 4
178 188 1
178 189 5
178 710 4
178 333 6
178 976 4
178 339 4
178 470 5
178 599 4
178 605 4
178 862 6
178 991 4
178 228 6
178 502 14
178 249 4
178 767 4
180 727 1
181 537 1
181 189 1
181 190 1
185 762 1
185 850 1
185 830 2
187 802 1
188 978 4
188 851 1
188 724 1
188 469 1
189 724 1
189 915 2
189 428 1
190 353 3
190 656 1
190 274 2
190 373 1
190 471 2
190 752 1
191 692 1
192 381 6
194 951 2
196 291 2
196 454 2
196 268 1
196 429 2
196 850 1
197 923 1
199 738 1
199 996 2
199 541 1
199 506 2
199 924 1
200 739 1
200 971 5
200 428 1
200 915 8
200 341 1
200 952 5
200 857 1
200 383 1
200 543 1
201 335 1
207 421 2
207 424 9
207 558 1
207 469 3
207 953 1
207 795 4
207 373 2
208 977 1
208 335 1
209 912 2
209 868 1
209 356 4
214 290 2
214 931 2
214 278 1
214 935 2
214 776 1
214 233 1
214 746 9
214 695 1
214 912 2
214 306 2
214 502 2
214 951 1
214 633 1
214 923 2
214 703 1
216 844 1
216 319 1
220 752 2
220 890 1
221 746 1
223 746 2
223 879 1
225 407 3
228 605 7
228 502 2
228 335 1
229 807 1
229 742 6
229 607 1
230 577 3
230 933 1
230 951 1
231 738 3
231 624 2
231 245 1
231 698 2
231 987 3
231 830 2
231 607 2
232 356 1
232 294 5
232 782 3
232 946 6
232 790 3
232 472 13
232 250 3
233 752 1
233 692 4
236 537 9
236 335 1
239 609 1
239 335 1
239 951 1
241 469 1
245 329 1
245 873 1
245 698 2
245 987 2
245 764 3
245 830 2
246 724 2
246 423 7
248 591 1
248 687 1
248 334 1
249 393 1
249 506 3
249 605 1
250 609 1
250 770 1
250 485 1
250 646 1
250 551 1
250 535 1
250 369 3
250 722 1
250 513 1
250 854 1
250 823 4
250 444 1
250 542 2
251 410 1
251 987 2
251 506 3
253 290 3
253 566 3
256 416 2
256 356 1
256 294 1
256 648 1
256 854 3
256 313 1
256 602 2
257 586 1
260 762 1
264 586 1
266 912 1
266 416 1
267 517 2
267 614 1
267 586 13
267 685 5
267 530 4
267 435 14
267 948 5
267 790 3
267 891 8
268 291 1
268 454 1
268 713 1
268 683 1
268 592 1
268 633 1
272 802 1
272 595 1
272 900 1
273 951 2
274 920 1
274 614 1
275 849 3
275 487 1
275 479 1
277 700 1
277 933 1
278 776 1
280 288 1
280 739 3
280 614 2
280 360 1
280 658 1
280 685 1
280 526 1
280 493 1
280 561 1
280 530 1
280 851 1
280 846 2
280 630 1
280 631 1
280 891 1
280 445 1
280 629 6
281 905 3
281 506 3
281 586 1
283 362 2
284 680 1
285 933 1
288 391 3
288 493 5
288 561 5
288 629 10
288 445 4
290 669 1
291 401 2
292 364 1
293 605 1
294 416 1
294 817 5
294 648 2
294 946 3
294 984 4
294 313 4
294 573 3
294 447 2
299 634 1
299 509 1
301 469 1
302 316 1
302 971 1
302 428 2
302 454 1
302 990 1
304 441 2
305 425 1
306 771 3
306 742 1
306 807 1
306 362 1
306 784 1
306 659 1
306 374 1
306 703 1
308 418 2
310 586 1
310 343 1
310 477 11
310 638 2
311 987 2
313 416 1
313 356 3
313 472 2
313 447 1
315 423 1
316 609 1
316 971 1
316 428 2
316 915 2
318 684 3
318 332 2
318 565 1
319 1002 1
322 343 1
322 334 2
322 591 1
322 663 1
327 849 1
327 381 3
327 921 2
329 624 2
329 819 1
332 586 2
332 782 3
332 435 1
332 500 4
332 759 1
332 447 1
333 605 1
334 416 1
334 772 1
334 776 3
334 746 1
334 343 2
335 643 1
335 1004 1
335 664 5
335 537 1
335 670 1
335 808 1
335 553 1
335 810 1
335 688 1
335 737 1
335 464 1
335 468 3
335 985 1
335 609 2
335 980 1
335 381 1
337 870 1
337 854 2
337 505 2
337 509 1
338 987 2
341 915 5
343 534 2
343 879 1
343 950 3
343 663 2
344 952 1
344 838 1
344 971 1
347 933 4
349 976 4
349 971 1
349 428 4
349 990 1
353 920 2
353 891 13
355 933 1
356 609 1
356 868 9
356 743 1
356 648 3
356 762 1
356 912 14
356 416 2
356 948 3
356 586 5
356 472 9
356 730 8
356 765 1
356 447 2
360 891 1
360 629 4
360 526 1
361 987 2
362 771 1
362 870 2
362 528 1
362 371 2
362 922 1
362 383 9
364 987 2
365 528 1
365 866 3
369 535 2
369 423 2
371 585 1
372 595 2
372 404 1
377 422 2
377 423 2
377 457 2
377 685 2
377 718 2
377 951 1
377 696 2
377 729 2
377 506 2
381 532 6
381 468 3
381 506 1
381 924 3
383 517 1
383 528 1
383 628 3
383 891 1
383 586 7
391 891 1
392 948 4
397 738 1
398 712 1
399 402 1
400 807 1
401 454 4
401 429 12
401 415 2
402 788 1
402 634 1
402 603 2
407 843 1
409 923 1
409 724 1
410 482 1
410 837 1
410 1001 2
410 650 2
410 663 1
410 994 3
410 433 1
410 777 1
410 969 1
410 924 1
410 541 1
414 506 1
415 454 1
416 648 3
416 782 8
416 912 3
416 556 3
416 946 5
416 948 5
416 439 1
416 586 6
416 721 3
416 854 2
416 602 1
416 759 3
416 765 2
418 996 30
418 977 6
420 559 1
421 424 5
421 795 1
421 469 1
422 731 1
423 832 3
423 513 3
423 646 2
423 977 1
423 563 2
423 849 1
424 469 1
424 795 6
424 990 2
425 721 2
425 946 5
425 765 6
428 971 1
428 915 15
428 857 3
428 953 1
428 851 1
428 990 4
429 454 3
432 987 2
432 468 3
433 994 1
433 849 2
433 890 1
433 987 2
433 572 1
435 586 3
435 500 2
435 782 2
439 912 1
440 737 1
440 537 1
443 742 1
443 743 3
443 807 1
443 687 1
443 602 3
444 535 1
445 629 1
447 586 1
447 782 1
447 885 1
447 984 1
450 609 1
450 802 1
454 544 1
454 609 2
454 592 4
454 948 3
454 629 1
454 706 1
454 752 1
458 956 4
458 844 5
465 812 1
468 810 1
469 512 3
469 547 1
469 614 1
469 817 1
469 851 1
469 954 1
469 795 1
469 957 1
469 990 1
470 605 1
472 648 3
472 912 3
472 946 2
472 790 1
472 575 2
479 586 1
480 987 2
482 531 2
482 987 2
484 629 1
485 854 1
488 568 2
493 629 5
493 630 4
499 609 1
499 684 1
500 586 1
500 782 2
500 687 1
502 609 2
502 718 1
502 976 2
502 851 1
502 724 4
502 693 1
502 951 1
502 605 3
502 862 1
506 644 3
506 775 1
506 783 1
506 924 5
506 541 2
506 682 4
506 951 2
506 605 1
506 996 3
506 1001 2
514 977 2
516 881 4
516 532 1
517 803 2
517 746 5
517 948 6
522 546 1
526 629 3
528 776 1
528 589 1
528 670 1
530 685 1
530 718 2
530 915 1
530 629 9
530 630 3
530 891 3
531 987 6
531 994 2
532 804 2
534 609 2
534 746 2
534 939 1
535 609 1
540 698 2
540 987 2
540 955 1
540 830 1
541 738 3
541 923 1
542 595 2
542 746 2
542 823 1
543 971 1
546 844 1
546 550 1
547 614 1
550 746 1
556 912 1
557 609 1
559 622 1
561 614 1
561 629 5
561 846 6
563 696 3
565 684 1
568 947 3
569 718 1
572 614 2
573 984 4
573 586 1
575 912 2
576 654 1
577 933 2
580 791 1
581 855 1
582 849 2
582 987 2
582 764 1
585 862 1
586 782 13
586 912 7
586 684 1
586 687 3
586 947 5
586 948 5
586 735 1
586 837 1
586 854 3
586 602 1
586 609 1
586 869 3
586 759 1
586 762 2
587 720 8
589 607 1
590 933 1
591 746 4
591 663 1
591 607 1
592 609 6
592 948 2
595 915 2
596 628 1
597 738 1
599 710 1
602 743 4
602 648 1
605 710 1
605 862 1
607 742 1
607 718 2
607 915 1
607 702 3
609 776 2
609 684 1
609 783 2
609 915 3
609 923 15
609 802 1
609 940 1
609 951 1
609 956 1
609 850 1
609 980 1
609 854 2
609 857 1
609 731 1
609 994 1
609 746 1
613 718 1
614 647 1
614 685 1
614 656 1
614 954 1
624 738 4
629 658 4
629 685 4
629 846 3
629 915 2
629 630 6
629 631 3
629 891 14
630 685 1
630 718 1
633 809 1
633 923 3
634 788 1
638 788 2
638 853 1
638 700 1
641 987 2
643 685 1
644 850 1
644 738 1
647 971 1
647 990 1
648 868 12
648 721 1
648 782 1
648 946 1
648 765 1
650 738 1
650 682 3
650 654 1
650 783 2
654 738 2
654 682 1
659 742 3
659 807 1
663 951 12
663 706 1
668 720 4
668 746 17
668 813 2
668 935 4
674 948 7
682 738 1
682 783 1
684 844 4
685 718 1
686 933 1
687 776 2
687 915 1
687 746 2
692 736 1
692 769 1
692 834 2
692 807 1
692 746 14
693 808 1
693 700 1
696 915 4
697 771 2
697 855 1
698 764 2
698 840 2
698 873 2
698 987 2
700 812 2
700 790 2
700 956 1
703 771 5
704 743 1
707 951 1
710 767 1
715 933 1
716 724 1
716 718 2
718 866 1
718 1004 3
718 883 3
718 724 4
718 851 1
718 915 5
719 738 4
719 837 1
719 783 1
720 935 9
720 746 9
720 813 4
721 765 3
724 796 1
724 862 1
730 912 2
730 868 2
735 879 1
737 1004 1
738 783 1
738 1001 1
738 979 1
738 873 1
738 921 4
738 923 3
739 915 3
742 900 4
746 803 5
746 900 1
746 935 23
746 813 19
746 923 1
748 933 1
764 840 8
764 987 2
765 868 1
769 830 1
769 807 1
770 880 1
771 863 2
772 923 1
774 947 202
776 900 1
782 912 1
782 885 1
782 984 1
784 807 1
789 987 2
790 812 4
794 854 1
796 977 1
803 948 8
804 881 3
807 993 1
807 901 1
807 835 1
807 863 1
808 898 1
809 987 2
813 900 1
813 935 5
817 851 1
828 881 1
833 850 1
838 952 1
840 873 1
840 987 3
849 921 3
849 987 2
851 920 3
857 971 1
857 915 6
857 990 1
862 909 2
868 912 3
868 948 1
872 987 2
873 987 2
880 951 1
881 924 1
883 915 1
890 923 1
890 948 1
890 987 1
891 920 1
898 980 1
907 912 1
912 966 1
912 948 2
912 949 1
915 971 1
918 946 2
921 923 1
925 987 2
926 933 1
931 933 1
933 966 1
933 972 1
950 977 2
951 957 3
952 971 1
953 971 1
953 990 1
955 987 2
971 990 1
977 1004 2
987 994 2
