0
1
2
3
4
5
6
7
8
9
10
11
12
13
14
15
16
17
18
19
20
21
22
23
24
25
26
27
28
29
30
31
32
33
34
35
36
37
38
39
40
41
42
43
44
45
46
47
48
49
50
51
52
53
54
55
56
57
58
59
60
61
62
63
64
65
66
67
68
69
70
71
72
73
74
75
76
77
78
79
80
81
82
83
84
85
86
87
88
89
90
91
92
93
94
95
96
97
98
99
100
101
102
103
104
105
106
107
108
109
110
111
112
113
114
115
116
117
118
119
120
121
122
123
124
125
126
127
128
129
130
131
132
133
134
135
136
137
138
139
141
142
143
144
145
146
147
148
149
150
151
152
153
154
155
157
158
159
160
161
162
163
164
165
166
167
168
169
170
171
172
173
174
175
176
177
178
179
180
181
182
183
184
185
186
187
188
189
190
191
192
193
194
195
196
197
198
199
200
201
202
203
204
205
206
207
208
209
210
211
212
213
214
215
216
217
218
219
220
221
222
223
224
225
226
227
228
229
230
231
232
233
235
236
237
238
239
240
241
242
243
244
245
246
247
248
249
250
251
252
253
254
255
256
257
259
260
262
263
264
265
266
267
268
269
270
271
272
273
274
275
276
277
278
279
280
281
282
283
284
285
286
287
288
289
290
291
292
293
294
295
296
297
299
300
301
302
303
304
305
306
307
308
309
310
311
312
313
314
315
316
317
318
319
320
321
322
323
324
325
326
327
328
329
330
331
332
333
334
335
336
337
338
339
340
341
343
344
345
346
347
348
349
350
351
352
353
355
356
357
358
359
360
361
362
364
365
366
367
368
369
370
371
372
373
374
375
376
377
378
379
380
381
382
383
384
385
386
387
388
389
390
391
392
393
394
395
396
397
398
399
400
401
402
403
404
405
406
407
408
409
410
411
412
413
414
415
416
418
419
420
421
422
423
424
425
426
427
428
429
430
431
432
433
434
435
436
437
438
439
440
441
442
443
444
445
446
447
448
449
450
451
452
453
454
455
456
457
458
459
460
461
462
464
465
466
467
468
469
470
471
472
473
474
475
476
477
478
479
480
481
482
483
484
485
486
487
488
489
490
491
492
493
495
496
497
498
499
500
501
502
503
504
505
506
507
508
509
510
511
512
513
514
515
516
517
518
519
520
521
522
523
524
525
526
527
528
530
531
532
533
534
535
536
537
538
539
540
541
542
543
544
545
546
547
548
549
550
551
552
553
554
556
557
558
559
560
561
562
563
564
565
566
567
568
569
570
571
572
573
574
575
576
577
578
579
580
581
582
583
584
585
586
587
588
589
590
591
592
593
594
595
596
597
598
599
600
601
602
603
604
605
606
607
609
610
611
612
613
614
615
616
617
618
619
621
622
623
624
625
626
627
628
629
630
631
632
633
634
635
636
637
638
639
640
641
642
643
644
645
646
647
648
649
650
651
652
653
654
655
656
657
658
659
660
661
662
663
664
665
666
667
668
669
670
671
672
673
674
675
676
677
678
679
680
681
682
683
684
685
686
687
688
689
690
691
692
693
694
695
696
697
698
699
700
701
702
703
704
705
706
707
708
709
710
711
712
713
714
715
716
717
718
719
720
721
722
723
724
725
726
727
728
729
730
731
732
733
734
735
736
737
738
739
740
741
742
743
744
745
746
747
748
749
750
751
752
753
754
756
757
758
759
760
761
762
763
764
765
767
768
769
770
771
772
773
774
775
776
777
778
779
780
781
782
783
784
785
786
787
788
789
790
791
792
793
794
795
796
797
798
799
800
801
802
803
804
805
806
807
808
809
810
811
812
813
814
815
816
817
818
819
820
821
822
823
824
825
826
827
828
829
830
831
832
833
834
835
836
837
838
839
840
841
842
843
844
845
846
847
848
849
850
851
852
853
854
855
856
857
858
859
860
861
862
863
864
865
866
867
868
869
870
871
872
873
874
875
876
877
878
879
880
881
882
883
884
885
886
887
888
889
890
891
892
893
894
895
896
897
898
899
900
901
902
903
904
905
906
907
908
909
910
911
912
913
914
915
916
917
918
919
920
921
922
923
924
925
926
927
928
929
930
931
932
933
934
935
936
937
938
939
940
941
942
943
944
945
946
947
948
949
950
951
952
953
954
955
956
957
958
960
961
962
963
964
965
966
967
968
969
970
971
972
973
974
975
976
977
978
979
980
981
982
983
984
985
986
987
988
989
990
991
992
993
994
995
996
997
998
999
1000
1001
1002
1003
1004
0 178 1
0 333 1
0 6 1
1 309 1
1 310 3
2 168 5
2 119 2
2 334 2
2 790 3
2 231 3
5 553 1
5 890 2
5 483 1
5 506 1
5 670 1
6 506 1
6 178 1
6 333 2
6 767 1
13 14 2
14 576 1
14 738 1
14 199 1
14 270 1
14 783 1
14 945 1
14 506 2
14 189 1
14 702 15
15 680 1
15 731 1
17 200 1
17 316 1
17 165 1
19 333 2
24 530 2
24 629 4
29 808 1
29 506 1
30 256 1
30 356 13
30 260 1
30 232 7
30 313 2
30 765 2
30 868 1
31 200 1
31 316 1
31 92 1
31 165 4
32 280 1
32 90 1
32 214 1
32 534 1
32 791 1
35 614 1
38 309 1
40 272 1
40 900 1
40 572 1
46 603 1
46 622 1
48 458 1
50 559 1
52 912 1
52 868 1
52 356 3
52 126 1
53 633 1
53 607 1
56 641 1
61 718 1
62 542 3
62 159 2
67 963 5
68 189 1
73 319 1
74 166 2
74 743 1
75 334 1
77 260 1
77 168 2
77 782 1
77 912 1
77 949 1
77 313 1
78 178 1
78 333 1
84 97 2
90 416 1
90 720 2
90 898 1
90 581 1
90 935 1
90 200 1
90 135 1
90 428 1
90 144 5
90 915 1
90 853 1
90 356 1
90 283 2
90 316 1
90 701 1
90 830 1
90 997 1
91 483 1
92 207 2
92 165 2
92 647 1
92 200 1
92 428 1
92 142 1
92 847 1
92 915 2
92 731 1
92 316 1
95 987 1
97 309 1
98 401 3
98 291 1
98 454 5
101 866 2
101 423 1
101 716 2
101 718 2
101 246 3
101 127 4
102 622 1
102 534 2
105 418 3
107 810 1
112 168 4
112 392 1
112 267 2
114 127 1
118 335 1
119 812 1
120 923 1
120 612 1
120 687 1
120 334 1
120 191 1
122 428 4
125 622 2
126 416 1
126 356 2
126 984 2
127 718 2
132 388 1
134 291 1
135 292 1
135 581 5
135 742 1
135 942 2
135 692 2
136 200 4
136 316 1
136 165 1
139 622 1
141 978 2
142 200 1
142 428 2
142 165 2
142 316 1
147 890 1
147 715 1
147 171 2
147 926 1
147 277 1
150 415 1
157 686 1
159 544 1
159 546 1
159 739 1
159 214 1
159 776 2
159 233 4
159 940 1
159 738 2
159 334 1
159 502 11
159 731 1
159 765 1
159 607 2
160 629 3
164 420 1
165 344 1
165 971 1
165 200 2
165 316 5
165 647 1
165 428 1
165 401 3
165 915 2
165 302 1
165 953 1
165 952 1
165 857 2
165 543 1
165 990 1
166 416 5
166 356 1
166 586 5
166 765 2
166 573 1
167 274 1
167 181 1
168 699 1
168 356 5
168 260 10
168 232 10
168 266 3
168 782 4
168 765 1
168 912 8
168 472 1
168 557 2
168 949 10
168 439 10
168 984 3
168 868 1
168 575 1
168 313 1
168 447 1
171 277 1
173 428 1
175 849 6
175 275 6
175 737 2
178 228 1
178 502 1
178 710 1
178 295 1
178 599 1
178 333 1
178 334 2
178 976 1
178 415 1
178 693 1
178 470 1
178 409 1
178 249 1
178 538 1
178 767 1
178 605 1
178 862 1
178 991 1
180 958 1
180 727 2
181 696 1
185 833 1
187 568 1
187 596 1
189 546 1
189 718 1
189 506 2
189 605 1
191 692 1
191 415 1
193 633 1
193 230 1
199 506 2
199 996 1
200 344 1
200 647 1
200 971 1
200 428 1
200 915 2
200 302 1
200 953 1
200 952 2
200 857 1
200 543 1
200 316 2
200 990 1
206 622 1
207 795 2
208 506 1
209 472 1
209 868 1
209 356 7
209 765 1
214 609 1
214 923 1
214 765 1
216 558 1
223 343 1
226 506 1
228 333 1
228 502 1
229 696 1
229 742 3
231 698 1
232 356 8
232 782 2
232 790 2
232 868 1
232 472 1
232 260 1
232 313 3
233 692 4
233 540 1
245 698 1
246 724 1
246 423 4
248 506 2
249 506 1
249 333 1
250 886 1
250 542 1
251 641 1
251 506 2
256 416 1
256 313 2
256 356 4
260 416 2
260 356 1
260 912 2
260 949 6
260 439 4
260 868 1
266 949 1
267 891 2
267 629 1
272 450 3
273 581 2
274 920 1
274 614 1
275 849 2
277 700 2
278 607 3
291 454 6
291 713 1
291 429 1
291 401 5
294 313 1
302 316 1
305 356 1
306 374 1
306 742 1
309 832 1
311 697 1
311 955 2
312 333 1
313 416 1
313 356 7
313 885 1
313 984 1
313 765 2
313 447 1
316 344 1
316 647 3
316 971 1
316 428 1
316 915 2
316 953 1
316 952 1
316 857 1
316 543 1
316 990 1
318 684 1
319 458 1
319 558 1
322 460 1
322 343 1
323 622 2
324 622 1
327 381 3
329 849 1
332 700 1
332 435 3
332 500 1
332 782 4
333 502 1
333 710 1
333 599 1
333 569 1
333 693 1
333 470 1
333 409 1
333 538 1
333 605 1
333 862 1
333 767 1
334 586 1
334 607 1
335 810 1
335 867 1
338 987 1
341 915 1
344 543 2
347 590 2
353 891 1
356 416 2
356 648 2
356 718 1
356 912 8
356 868 1
356 472 7
356 730 4
356 765 13
360 629 2
364 418 1
369 535 1
374 742 1
377 506 1
377 422 1
377 718 2
381 881 1
381 506 1
383 720 2
388 617 1
388 923 1
401 454 9
401 429 3
401 415 5
413 746 2
413 935 3
415 833 1
415 522 1
415 752 2
416 586 4
416 912 1
416 472 1
416 573 1
418 977 1
418 531 4
418 996 2
421 424 6
421 795 2
422 731 1
422 613 1
424 795 2
424 990 2
427 955 2
428 915 4
429 454 5
432 915 1
435 500 1
439 949 1
442 506 1
443 908 1
443 662 1
444 535 4
447 984 4
447 586 1
450 900 1
450 802 3
450 572 4
450 662 1
454 609 1
454 713 2
457 724 1
458 577 1
458 956 1
458 558 1
462 833 1
465 783 1
471 483 1
472 782 2
472 912 2
472 868 1
477 622 1
479 718 1
482 641 1
482 531 1
493 561 1
493 978 2
493 629 3
499 956 1
502 532 1
506 643 1
506 644 2
506 775 3
506 783 1
506 921 1
506 796 1
506 670 1
506 808 1
506 541 3
506 605 1
506 996 4
506 1004 1
506 881 1
510 622 1
516 881 4
516 761 1
524 622 1
526 629 2
530 891 2
530 915 1
530 629 5
531 641 1
532 688 3
534 746 1
534 612 1
534 622 1
538 724 1
540 697 1
540 698 1
540 987 1
540 955 5
541 996 2
542 854 1
543 971 2
546 550 2
547 851 1
553 980 1
557 912 2
561 629 2
573 586 1
575 949 1
581 742 2
582 764 1
585 764 1
586 617 1
586 984 2
587 720 1
591 696 3
591 915 1
591 923 1
591 607 1
595 718 1
596 695 1
602 868 1
607 742 1
607 696 6
613 890 1
614 858 1
614 851 1
617 833 1
622 676 2
622 939 1
629 658 2
629 685 2
629 846 2
629 630 2
629 631 2
629 891 5
633 920 1
633 923 4
633 772 1
641 809 1
643 685 2
644 1001 2
644 924 2
644 996 1
644 702 2
650 881 1
659 742 1
663 950 1
670 808 1
684 844 1
684 956 1
685 838 3
687 923 1
697 855 1
697 925 1
698 840 1
698 873 1
698 764 1
700 881 1
700 812 1
700 790 3
704 743 1
711 724 1
711 718 2
716 883 1
716 724 1
716 718 1
718 866 5
718 904 1
718 754 1
718 724 3
718 980 1
737 849 1
738 850 2
738 783 1
746 935 4
761 881 3
765 868 1
765 890 1
772 923 2
773 955 3
774 947 5
779 843 2
790 812 8
809 987 1
851 988 1
857 971 1
868 912 1
912 949 1
925 955 2
935 966 1
955 987 1
