0
1
2
3
4
5
6
7
8
9
10
11
12
13
14
15
16
17
18
19
20
21
22
23
24
25
26
27
28
29
30
31
32
33
34
35
36
37
38
39
40
41
42
43
44
45
46
47
48
49
50
51
52
53
54
55
56
57
58
59
60
61
62
63
64
65
66
67
68
69
70
71
72
73
74
75
76
77
78
79
80
81
82
83
84
85
86
87
88
89
90
91
92
93
94
95
96
97
98
99
100
101
102
103
104
105
106
107
108
109
110
111
112
113
114
115
116
117
118
119
120
121
122
123
124
125
126
127
128
129
130
131
132
133
134
135
136
137
138
139
141
142
143
144
145
146
147
148
149
150
151
152
153
154
155
157
158
159
160
161
162
163
164
165
166
167
168
169
170
171
172
173
174
175
176
177
178
179
180
181
182
183
184
185
186
187
188
189
190
191
192
193
194
195
196
197
198
199
200
201
202
203
204
205
206
207
208
209
210
211
212
213
214
215
216
217
218
219
220
221
222
223
224
225
226
227
228
229
230
231
232
233
235
236
237
238
239
240
241
242
243
244
245
246
247
248
249
250
251
252
253
254
255
256
257
259
260
262
263
264
265
266
267
268
269
270
271
272
273
274
275
276
277
278
279
280
281
282
283
284
285
286
287
288
289
290
291
292
293
294
295
296
297
299
300
301
302
303
304
305
306
307
308
309
310
311
312
313
314
315
316
317
318
319
320
321
322
323
324
325
326
327
328
329
330
331
332
333
334
335
336
337
338
339
340
341
343
344
345
346
347
348
349
350
351
352
353
355
356
357
358
359
360
361
362
364
365
366
367
368
369
370
371
372
373
374
375
376
377
378
379
380
381
382
383
384
385
386
387
388
389
390
391
392
393
394
395
396
397
398
399
400
401
402
403
404
405
406
407
408
409
410
411
412
413
414
415
416
418
419
420
421
422
423
424
425
426
427
428
429
430
431
432
433
434
435
436
437
438
439
440
441
442
443
444
445
446
447
448
449
450
451
452
453
454
455
456
457
458
459
460
461
462
464
465
466
467
468
469
470
471
472
473
474
475
476
477
478
479
480
481
482
483
484
485
486
487
488
489
490
491
492
493
495
496
497
498
499
500
501
502
503
504
505
506
507
508
509
510
511
512
513
514
515
516
517
518
519
520
521
522
523
524
525
526
527
528
530
531
532
533
534
535
536
537
538
539
540
541
542
543
544
545
546
547
548
549
550
551
552
553
554
556
557
558
559
560
561
562
563
564
565
566
567
568
569
570
571
572
573
574
575
576
577
578
579
580
581
582
583
584
585
586
587
588
589
590
591
592
593
594
595
596
597
598
599
600
601
602
603
604
605
606
607
609
610
611
612
613
614
615
616
617
618
619
621
622
623
624
625
626
627
628
629
630
631
632
633
634
635
636
637
638
639
640
641
642
643
644
645
646
647
648
649
650
651
652
653
654
655
656
657
658
659
660
661
662
663
664
665
666
667
668
669
670
671
672
673
674
675
676
677
678
679
680
681
682
683
684
685
686
687
688
689
690
691
692
693
694
695
696
697
698
699
700
701
702
703
704
705
706
707
708
709
710
711
712
713
714
715
716
717
718
719
720
721
722
723
724
725
726
727
728
729
730
731
732
733
734
735
736
737
738
739
740
741
742
743
744
745
746
747
748
749
750
751
752
753
754
756
757
758
759
760
761
762
763
764
765
767
768
769
770
771
772
773
774
775
776
777
778
779
780
781
782
783
784
785
786
787
788
789
790
791
792
793
794
795
796
797
798
799
800
801
802
803
804
805
806
807
808
809
810
811
812
813
814
815
816
817
818
819
820
821
822
823
824
825
826
827
828
829
830
831
832
833
834
835
836
837
838
839
840
841
842
843
844
845
846
847
848
849
850
851
852
853
854
855
856
857
858
859
860
861
862
863
864
865
866
867
868
869
870
871
872
873
874
875
876
877
878
879
880
881
882
883
884
885
886
887
888
889
890
891
892
893
894
895
896
897
898
899
900
901
902
903
904
905
906
907
908
909
910
911
912
913
914
915
916
917
918
919
920
921
922
923
924
925
926
927
928
929
930
931
932
933
934
935
936
937
938
939
940
941
942
943
944
945
946
947
948
949
950
951
952
953
954
955
956
957
958
960
961
962
963
964
965
966
967
968
969
970
971
972
973
974
975
976
977
978
979
980
981
982
983
984
985
986
987
988
989
990
991
992
993
994
995
996
997
998
999
1000
1001
1002
1003
1004
0 6 2
0 228 2
0 502 2
0 710 2
0 295 2
0 599 2
0 333 2
0 78 2
0 605 2
0 976 2
0 178 6
0 693 2
0 470 2
0 409 2
0 249 4
0 538 2
0 767 2
0 189 4
0 862 2
0 991 2
1 309 2
2 322 2
2 334 6
2 335 4
2 500 2
2 629 2
2 790 8
2 377 2
2 700 2
5 506 4
6 881 2
6 506 2
6 178 8
8 120 2
11 633 2
13 738 2
13 516 2
13 14 2
14 131 2
14 516 4
14 650 2
14 270 2
14 783 2
14 16 6
14 657 2
14 921 2
14 644 8
14 924 22
14 541 2
14 682 2
14 173 10
14 945 2
14 700 2
14 702 6
14 576 2
14 837 2
14 199 8
14 719 2
14 724 10
14 761 2
14 738 4
14 996 2
14 1001 6
14 365 2
14 881 2
14 249 6
14 506 8
14 508 2
14 382 2
15 680 4
15 731 6
15 422 2
16 907 1
16 783 2
16 249 12
16 410 2
16 541 4
17 316 2
24 891 2
24 647 16
24 530 6
24 629 6
24 91 2
24 189 2
25 956 2
25 499 4
25 684 2
25 318 2
25 918 2
28 987 3
29 506 2
29 107 2
29 178 2
30 356 12
30 936 12
30 908 2
30 912 2
30 52 4
30 313 2
30 765 6
31 316 2
31 165 8
31 990 2
32 197 4
32 872 2
32 143 4
32 178 2
32 915 2
32 214 2
32 862 2
32 159 4
38 907 1
38 324 2
38 70 2
38 939 8
38 474 4
38 91 4
38 61 4
40 450 6
40 196 4
40 454 4
40 712 2
40 316 2
40 572 2
40 159 2
41 73 2
42 402 4
42 139 2
42 534 2
45 66 2
45 966 2
45 126 2
46 399 2
48 458 6
48 499 10
48 684 2
48 565 2
52 356 18
52 166 2
52 168 2
52 267 4
52 912 10
52 472 14
52 868 2
52 765 4
52 126 4
53 193 2
53 61 2
53 609 2
56 987 12
58 909 10
61 416 4
61 193 2
61 450 4
61 356 6
61 517 4
61 522 2
61 718 18
61 243 6
61 534 4
61 535 2
61 472 2
61 602 2
61 991 24
61 794 1
61 229 6
62 794 1
62 542 2
66 227 2
66 126 4
67 344 4
67 561 2
67 963 6
67 165 12
67 207 2
68 987 3
69 950 2
69 879 2
70 388 2
70 178 4
70 343 2
70 90 2
70 91 2
71 595 4
74 166 4
74 294 2
74 168 2
74 266 6
74 76 2
74 912 6
74 885 2
74 984 4
74 586 8
74 447 2
75 833 2
75 178 2
75 772 4
76 410 4
76 399 10
77 912 2
77 762 4
78 178 6
82 771 10
82 628 2
83 784 2
86 662 52
90 416 4
90 193 2
90 923 4
90 356 2
90 166 2
90 609 4
90 648 4
90 809 2
90 170 2
90 935 2
90 850 2
90 987 2
90 433 4
90 530 2
90 388 2
90 561 2
90 120 2
90 761 2
90 891 4
90 223 4
91 388 2
91 901 2
91 534 2
91 169 2
91 810 2
91 939 4
91 684 2
91 178 2
91 307 2
91 693 2
91 184 2
91 316 2
91 581 2
91 595 4
91 343 2
91 866 4
91 740 2
91 613 6
91 742 2
91 107 2
91 499 4
91 629 2
91 127 2
95 987 3
98 609 2
98 707 2
98 134 2
98 268 2
98 592 8
98 401 8
98 291 2
101 423 4
103 514 14
103 164 2
103 423 10
103 1001 2
103 780 2
103 943 2
103 977 4
103 950 6
103 378 2
104 425 2
104 126 6
104 765 12
104 790 6
104 133 4
105 418 14
107 192 6
107 898 2
107 236 2
107 652 2
107 208 2
107 664 2
107 537 2
107 670 2
107 808 2
107 553 2
107 810 4
107 175 2
107 688 2
107 393 2
107 316 2
107 320 2
107 201 2
107 335 2
107 464 2
107 980 2
107 985 2
107 737 2
107 1004 2
107 118 2
107 381 10
110 674 2
111 794 2
111 586 4
112 256 2
112 416 2
112 674 4
112 392 4
112 586 2
112 267 4
112 782 2
112 232 2
112 313 2
112 186 2
112 478 2
113 586 2
114 716 2
114 479 2
115 843 2
117 120 2
117 291 2
117 268 2
119 790 2
120 193 2
120 291 2
120 196 4
120 454 4
120 268 2
120 629 4
120 752 2
120 772 4
120 633 2
120 923 2
120 191 2
122 410 2
126 416 2
126 356 6
126 166 2
126 586 16
126 232 4
126 790 6
126 868 2
126 602 4
127 316 2
133 294 2
134 592 10
134 738 2
134 291 4
134 454 4
135 594 2
135 942 2
136 647 2
136 915 4
136 883 2
136 629 2
136 952 8
136 316 2
137 771 2
139 832 2
139 513 2
141 630 2
142 915 6
142 316 2
142 647 2
143 580 4
143 669 2
147 577 4
147 196 2
147 715 4
147 686 2
147 347 4
147 316 2
147 157 2
149 716 2
150 415 8
151 609 4
151 290 4
151 253 2
153 977 10
153 410 2
153 996 2
153 418 2
153 1001 2
157 715 2
157 718 10
159 833 2
159 707 2
159 807 2
159 712 6
159 233 4
159 586 16
159 334 4
159 499 2
159 214 4
159 951 2
160 794 1
160 915 8
160 428 4
160 629 10
160 838 2
161 794 1
161 863 4
165 401 12
165 344 6
165 858 2
165 316 6
166 416 4
166 356 12
166 743 6
166 232 2
166 586 14
166 782 6
166 602 4
166 765 2
166 574 2
167 362 2
168 260 4
168 232 4
168 266 2
168 912 32
168 949 4
168 984 2
168 356 4
168 794 1
168 586 6
170 855 2
171 715 2
175 491 4
175 849 2
175 275 2
175 532 2
175 410 2
176 586 6
178 388 8
178 519 6
178 280 2
178 409 6
178 538 8
178 572 2
178 295 6
178 693 10
178 569 6
178 188 2
178 189 2
178 710 6
178 969 2
178 716 2
178 333 6
178 976 6
178 339 6
178 724 2
178 718 2
178 470 6
178 599 6
178 605 6
178 862 12
178 991 6
178 228 6
178 316 2
178 1004 2
178 502 22
178 249 8
178 767 6
181 537 2
181 724 2
181 189 2
181 190 6
184 907 1
184 423 2
185 833 2
185 213 6
186 256 4
186 648 2
186 267 6
186 517 2
187 450 2
187 267 6
188 502 2
188 862 6
189 546 4
189 716 2
189 428 4
189 1004 4
189 915 2
189 502 2
189 249 2
189 281 2
189 410 6
189 862 6
190 353 8
190 656 6
190 274 6
190 373 6
190 920 4
190 316 2
191 752 4
191 413 2
191 415 8
192 327 2
193 290 2
193 707 2
193 807 4
193 617 2
193 823 2
196 454 2
196 268 2
196 429 2
196 850 2
197 546 2
199 996 2
199 506 10
199 644 4
200 857 2
200 794 1
200 915 8
200 428 6
201 907 1
207 795 2
207 469 2
208 977 4
209 356 4
214 833 2
214 707 2
214 940 6
214 951 2
214 857 6
216 319 2
220 607 2
223 696 2
223 322 4
227 966 2
229 742 6
231 738 4
231 338 2
231 245 2
231 698 2
231 987 5
231 540 14
232 256 4
232 356 6
232 912 14
232 790 8
232 439 8
232 472 4
233 692 6
235 609 2
235 454 2
236 977 6
236 364 2
236 537 2
239 854 2
239 951 2
245 692 4
245 951 2
245 698 2
245 987 3
245 540 8
246 724 4
246 293 2
246 423 6
248 364 2
248 746 4
248 692 2
248 718 4
249 537 4
250 485 4
250 886 2
251 410 2
251 987 5
251 671 2
253 752 2
253 290 2
256 416 2
256 356 8
256 517 2
256 294 10
256 648 2
256 267 10
256 313 2
256 765 2
256 478 6
257 592 2
257 833 2
259 907 1
260 266 2
260 356 2
260 949 2
266 912 2
266 294 2
267 517 12
267 648 6
267 586 10
267 530 10
267 915 12
267 629 4
267 854 6
267 700 2
267 478 16
268 291 4
268 454 2
268 713 2
268 633 2
272 700 4
272 692 2
277 700 2
278 609 4
278 454 2
279 907 1
280 547 2
280 388 4
280 647 2
280 530 2
280 629 12
280 502 2
280 862 14
284 731 8
285 794 1
285 715 2
286 891 4
288 629 8
288 630 4
290 454 4
290 589 4
290 566 2
291 609 2
291 454 2
291 713 2
291 1003 2
291 429 2
291 401 12
293 547 6
293 613 2
293 718 2
293 724 10
293 377 2
294 416 2
294 648 2
294 586 16
294 332 2
294 885 4
294 984 10
294 313 6
294 447 4
297 454 2
299 509 8
299 559 2
301 978 2
302 316 2
306 769 4
306 771 2
306 742 2
306 374 4
310 477 2
310 399 2
311 987 3
311 540 2
311 955 2
313 356 4
313 885 2
313 765 2
316 647 2
316 915 22
316 927 2
316 416 2
316 987 2
316 428 8
316 543 2
316 544 2
316 838 2
316 720 2
316 978 2
316 344 2
316 857 2
316 990 2
316 483 2
316 612 2
316 997 2
316 850 2
316 499 2
316 629 6
318 684 8
318 458 2
318 844 4
318 558 2
318 499 4
318 565 2
318 918 2
318 956 2
318 319 2
319 832 6
319 386 2
319 723 2
319 758 2
320 843 8
320 907 1
320 1004 2
321 618 2
321 499 2
321 684 4
322 388 2
322 663 4
322 399 2
322 368 2
322 343 4
324 534 4
327 381 12
329 692 2
329 582 2
330 818 2
332 435 4
332 782 2
333 605 2
334 742 2
334 617 2
334 450 4
334 687 2
334 696 2
335 737 4
335 810 6
337 505 6
337 634 8
337 695 2
338 511 2
338 987 3
341 794 1
343 950 2
343 663 6
347 715 2
347 966 4
349 428 4
353 891 2
356 515 2
356 517 10
356 648 4
356 912 12
356 794 1
356 730 22
356 416 10
356 557 2
356 435 6
356 586 12
356 718 2
356 472 14
356 602 2
356 743 2
356 362 2
356 765 16
360 629 6
361 987 3
362 870 2
362 428 2
362 371 4
362 854 4
362 759 6
362 637 2
364 994 2
364 987 3
364 582 6
371 441 4
372 595 4
377 506 2
377 718 2
381 643 2
388 742 2
388 915 2
388 534 4
388 634 4
388 638 4
393 907 2
399 480 4
399 1001 2
401 454 12
401 429 38
401 415 20
407 843 2
407 907 1
409 767 2
410 482 2
410 837 2
410 1001 2
410 650 2
410 777 2
410 994 2
410 541 2
410 433 2
410 969 2
410 696 4
410 924 2
410 862 2
412 794 1
413 752 2
413 746 16
413 935 6
414 891 2
415 833 8
415 772 2
415 429 4
416 586 12
416 912 4
416 435 2
416 949 2
416 765 2
418 977 8
418 996 6
420 879 2
421 424 4
421 795 4
422 731 16
423 866 4
423 977 6
424 547 2
424 795 8
425 765 2
426 907 1
427 955 2
427 540 2
428 647 12
428 530 6
428 915 48
428 990 4
428 857 8
428 883 6
428 862 2
429 454 6
432 987 3
433 482 2
433 738 4
433 789 2
433 987 7
435 586 8
435 782 4
439 912 6
443 662 14
444 535 6
445 629 4
447 984 2
447 586 36
447 782 4
450 802 2
450 712 8
450 695 4
454 880 2
454 706 2
454 772 4
454 681 2
454 713 4
454 592 10
454 499 2
454 916 2
458 684 2
458 844 2
458 558 2
458 956 2
472 912 14
472 575 4
473 1004 6
478 648 2
478 517 4
480 482 2
482 531 6
482 987 5
485 542 4
485 646 2
485 823 2
490 907 1
491 977 4
493 530 8
493 629 6
497 977 2
497 773 2
499 704 2
499 833 2
499 844 2
499 618 6
499 558 4
499 565 2
499 918 2
499 956 6
499 607 2
502 530 2
502 915 2
502 724 2
502 696 4
502 851 6
502 862 12
506 996 8
506 1001 6
506 644 6
506 921 2
506 783 2
506 541 8
511 915 2
513 832 2
513 535 2
514 977 12
514 950 6
516 532 4
517 586 4
517 794 1
522 546 4
522 907 1
526 561 2
526 629 6
528 854 4
530 685 6
530 915 8
530 629 22
530 630 14
530 891 6
531 994 2
531 789 2
531 983 2
531 987 3
531 796 2
532 700 4
534 546 2
534 591 2
534 915 2
534 696 2
535 722 10
535 854 4
538 976 2
540 987 11
540 840 4
540 873 8
540 624 4
540 698 2
540 955 4
540 700 8
541 738 4
541 996 2
541 979 2
541 761 2
542 546 4
542 586 2
542 854 4
542 823 8
546 772 2
546 742 2
546 679 2
546 841 4
546 550 6
546 920 4
546 900 2
546 923 6
547 862 4
550 704 4
550 746 6
550 743 2
552 858 2
552 951 6
557 912 2
558 844 4
558 684 2
558 956 2
561 629 6
565 684 2
568 678 2
571 794 1
575 912 2
577 715 2
577 686 8
582 994 6
582 987 5
582 764 4
584 731 4
586 782 16
586 912 12
586 984 34
586 885 4
586 762 6
586 765 8
587 720 2
590 715 2
591 746 6
591 718 2
591 692 2
591 696 2
591 794 2
592 609 8
592 713 8
595 934 6
597 738 2
599 605 8
599 670 2
600 956 2
602 743 16
605 789 2
605 693 2
607 696 8
607 700 2
607 629 2
609 772 2
609 617 4
609 687 4
609 850 2
609 633 2
609 890 2
609 923 2
615 907 1
617 833 2
617 923 6
624 692 2
628 720 2
629 658 6
629 685 6
629 838 10
629 846 6
629 630 8
629 631 6
629 891 10
630 971 4
630 685 2
630 851 4
630 954 10
633 923 2
635 907 1
638 742 2
641 987 3
643 685 4
644 738 4
647 915 6
647 990 6
648 908 1
648 765 2
652 907 1
654 738 2
654 991 20
656 920 2
656 862 2
659 790 4
660 794 2
662 900 2
663 794 2
663 950 2
671 738 2
671 692 4
680 731 2
684 844 2
684 918 2
684 956 12
685 1001 2
685 724 2
686 715 2
687 746 6
687 912 4
687 718 2
687 696 2
687 923 2
692 834 2
692 742 2
692 775 2
692 746 28
692 718 4
692 696 4
692 830 4
695 951 4
696 742 2
696 718 2
697 855 2
698 764 2
698 840 2
698 873 2
698 987 3
700 935 2
702 923 2
704 794 1
704 743 4
707 880 12
707 951 2
711 907 1
712 794 1
715 931 2
715 933 2
715 972 2
715 748 2
715 926 2
716 1004 2
716 718 12
716 724 2
718 746 8
718 907 1
718 754 2
718 915 4
719 921 2
719 738 4
719 819 2
719 828 4
720 833 4
723 758 2
724 796 2
731 739 2
731 915 2
731 794 1
732 907 1
736 769 2
738 975 2
738 1001 2
738 783 6
738 996 2
738 979 2
738 921 4
738 923 6
739 915 2
742 769 8
742 771 2
742 900 30
742 915 4
742 794 1
742 863 6
746 763 2
746 775 2
746 935 58
754 907 1
758 956 2
758 918 2
762 984 4
762 794 2
764 987 3
765 908 2
771 901 2
771 863 2
772 833 2
772 890 2
772 923 4
774 947 88
777 907 1
779 907 1
780 950 2
782 984 14
783 850 2
784 863 4
789 987 3
791 862 2
794 900 1
794 910 1
794 912 1
794 915 1
794 803 1
794 841 1
794 854 2
794 868 1
794 870 1
796 977 2
809 987 13
817 851 4
832 936 4
832 950 2
840 987 3
843 907 1
844 935 4
844 956 16
849 987 3
850 996 8
851 978 4
851 920 2
851 954 2
857 883 2
857 915 20
858 991 2
863 900 6
872 987 3
873 987 3
883 907 1
883 915 8
884 907 1
885 984 4
907 999 1
908 936 5
912 984 8
912 949 6
915 952 8
925 987 3
925 955 2
934 951 2
936 951 2
950 1001 2
950 977 4
951 996 4
955 987 5
977 996 8
977 1001 10
977 1004 6
987 994 3
