0
1
2
3
4
5
6
7
8
9
10
11
12
13
14
15
16
17
18
19
20
21
22
23
24
25
26
27
28
29
30
31
32
33
34
35
36
37
38
39
40
41
42
43
44
45
46
47
48
49
50
51
52
53
54
55
56
57
58
59
60
61
62
63
64
65
66
67
68
69
70
71
72
73
74
75
76
77
78
79
80
81
82
83
84
85
86
87
88
89
90
91
92
93
94
95
96
97
98
99
100
101
102
103
104
105
106
107
108
109
110
111
112
113
114
115
116
117
118
119
120
121
122
123
124
125
126
127
128
129
130
131
132
133
134
135
136
137
138
139
141
142
143
144
145
146
147
148
149
150
151
152
153
154
155
157
158
159
160
161
162
163
164
165
166
167
168
169
170
171
172
173
174
175
176
177
178
179
180
181
182
183
184
185
186
187
188
189
190
191
192
193
194
195
196
197
198
199
200
201
202
203
204
205
206
207
208
209
210
211
212
213
214
215
216
217
218
219
220
221
222
223
224
225
226
227
228
229
230
231
232
233
235
236
237
238
239
240
241
242
243
244
245
246
247
248
249
250
251
252
253
254
255
256
257
259
260
262
263
264
265
266
267
268
269
270
271
272
273
274
275
276
277
278
279
280
281
282
283
284
285
286
287
288
289
290
291
292
293
294
295
296
297
299
300
301
302
303
304
305
306
307
308
309
310
311
312
313
314
315
316
317
318
319
320
321
322
323
324
325
326
327
328
329
330
331
332
333
334
335
336
337
338
339
340
341
343
344
345
346
347
348
349
350
351
352
353
355
356
357
358
359
360
361
362
364
365
366
367
368
369
370
371
372
373
374
375
376
377
378
379
380
381
382
383
384
385
386
387
388
389
390
391
392
393
394
395
396
397
398
399
400
401
402
403
404
405
406
407
408
409
410
411
412
413
414
415
416
418
419
420
421
422
423
424
425
426
427
428
429
430
431
432
433
434
435
436
437
438
439
440
441
442
443
444
445
446
447
448
449
450
451
452
453
454
455
456
457
458
459
460
461
462
464
465
466
467
468
469
470
471
472
473
474
475
476
477
478
479
480
481
482
483
484
485
486
487
488
489
490
491
492
493
495
496
497
498
499
500
501
502
503
504
505
506
507
508
509
510
511
512
513
514
515
516
517
518
519
520
521
522
523
524
525
526
527
528
530
531
532
533
534
535
536
537
538
539
540
541
542
543
544
545
546
547
548
549
550
551
552
553
554
556
557
558
559
560
561
562
563
564
565
566
567
568
569
570
571
572
573
574
575
576
577
578
579
580
581
582
583
584
585
586
587
588
589
590
591
592
593
594
595
596
597
598
599
600
601
602
603
604
605
606
607
609
610
611
612
613
614
615
616
617
618
619
621
622
623
624
625
626
627
628
629
630
631
632
633
634
635
636
637
638
639
640
641
642
643
644
645
646
647
648
649
650
651
652
653
654
655
656
657
658
659
660
661
662
663
664
665
666
667
668
669
670
671
672
673
674
675
676
677
678
679
680
681
682
683
684
685
686
687
688
689
690
691
692
693
694
695
696
697
698
699
700
701
702
703
704
705
706
707
708
709
710
711
712
713
714
715
716
717
718
719
720
721
722
723
724
725
726
727
728
729
730
731
732
733
734
735
736
737
738
739
740
741
742
743
744
745
746
747
748
749
750
751
752
753
754
756
757
758
759
760
761
762
763
764
765
767
768
769
770
771
772
773
774
775
776
777
778
779
780
781
782
783
784
785
786
787
788
789
790
791
792
793
794
795
796
797
798
799
800
801
802
803
804
805
806
807
808
809
810
811
812
813
814
815
816
817
818
819
820
821
822
823
824
825
826
827
828
829
830
831
832
833
834
835
836
837
838
839
840
841
842
843
844
845
846
847
848
849
850
851
852
853
854
855
856
857
858
859
860
861
862
863
864
865
866
867
868
869
870
871
872
873
874
875
876
877
878
879
880
881
882
883
884
885
886
887
888
889
890
891
892
893
894
895
896
897
898
899
900
901
902
903
904
905
906
907
908
909
910
911
912
913
914
915
916
917
918
919
920
921
922
923
924
925
926
927
928
929
930
931
932
933
934
935
936
937
938
939
940
941
942
943
944
945
946
947
948
949
950
951
952
953
954
955
956
957
958
960
961
962
963
964
965
966
967
968
969
970
971
972
973
974
975
976
977
978
979
980
981
982
983
984
985
986
987
988
989
990
991
992
993
994
995
996
997
998
999
1000
1001
1002
1003
1004
0 32 2
0 569 2
0 732 1
0 605 2
0 333 1
1 309 1
2 17 3
2 749 3
2 231 2
4 135 1
5 506 1
5 175 1
6 569 3
6 410 1
6 333 1
6 470 1
6 881 1
10 381 1
12 870 1
13 516 1
13 772 1
13 239 1
14 924 1
14 702 1
15 680 5
15 731 4
16 541 2
16 718 2
17 915 1
19 32 2
19 127 4
24 891 5
24 267 7
24 629 4
25 458 9
27 147 1
28 789 1
29 192 1
30 416 1
30 168 1
30 762 1
30 765 1
30 104 1
31 428 2
31 165 10
32 418 2
32 197 2
32 777 2
32 170 2
32 843 2
32 236 2
32 365 2
32 718 1
32 143 1
32 432 2
32 977 2
32 502 1
32 791 1
32 249 2
32 380 2
32 381 2
32 862 2
34 855 3
35 547 1
35 978 5
35 851 1
40 712 1
40 450 2
40 187 3
40 572 1
40 546 1
41 723 5
41 565 4
41 499 1
42 402 1
45 66 1
45 227 4
48 704 4
48 458 2
48 499 2
48 684 2
50 788 1
52 168 1
52 868 4
53 193 3
53 290 2
53 540 1
56 482 3
56 789 1
58 120 1
58 585 2
58 909 1
60 187 1
61 718 2
61 802 2
61 900 1
61 742 1
61 450 1
61 334 4
61 272 2
61 181 1
61 602 2
61 991 3
62 823 1
62 646 4
62 542 9
62 159 1
64 534 1
65 927 1
65 220 1
65 135 1
65 687 1
66 227 7
67 344 2
67 963 13
67 165 3
67 207 5
68 772 1
68 789 1
73 499 1
75 609 2
75 772 2
75 742 1
75 135 3
75 107 1
75 334 4
75 850 1
75 120 3
75 607 2
75 220 5
75 191 2
77 912 5
77 168 1
77 439 4
77 575 1
78 569 1
78 149 2
82 720 1
82 628 3
82 870 4
82 135 2
83 784 1
83 771 2
84 939 1
86 703 1
90 416 1
90 865 1
90 236 3
90 915 2
90 248 1
90 506 1
90 220 1
90 927 1
91 415 1
92 847 2
92 428 2
92 142 1
92 207 3
95 789 1
98 592 7
98 291 1
98 107 2
98 268 1
98 429 5
101 377 5
101 866 2
101 724 3
101 246 3
101 423 3
102 139 1
102 548 1
103 1001 6
104 765 2
105 418 2
106 740 2
106 788 1
107 553 2
107 810 1
107 898 1
107 713 1
107 201 2
107 381 1
107 127 2
111 602 2
112 517 1
113 823 1
113 542 2
113 927 1
114 718 1
117 268 3
120 772 1
120 454 2
120 135 2
120 305 1
120 980 1
120 214 1
120 923 2
120 927 1
122 275 1
122 693 1
122 718 1
124 823 1
125 139 1
125 534 1
126 790 3
126 447 1
127 907 1
127 904 1
127 777 1
127 334 2
127 754 2
127 595 1
127 569 1
127 696 3
127 377 1
127 410 1
127 189 4
127 607 2
133 602 3
134 592 7
134 291 3
134 454 5
135 581 9
135 870 2
135 292 4
135 936 2
135 749 1
135 942 26
135 720 2
135 742 1
135 371 1
135 628 13
135 469 2
135 772 4
135 703 3
136 915 6
136 428 5
136 629 2
136 159 1
137 771 1
139 324 1
139 487 1
139 939 1
139 524 1
139 206 1
139 174 1
139 534 1
139 154 1
139 477 1
139 510 1
141 978 7
141 547 1
141 469 2
141 614 4
142 915 2
142 469 4
142 838 2
142 159 1
143 872 1
143 580 1
143 796 1
143 159 7
146 326 2
147 416 1
147 577 7
147 686 1
147 931 1
147 933 1
147 454 4
147 171 1
147 972 1
147 230 1
147 334 1
147 308 1
147 277 1
147 214 2
147 347 1
147 590 1
147 285 1
147 926 1
147 159 5
149 866 1
149 275 3
149 716 1
149 599 2
151 278 2
153 977 7
157 577 1
157 586 2
157 334 3
157 607 3
159 416 2
159 290 5
159 923 4
159 713 1
159 306 1
159 940 1
159 866 1
159 912 1
159 209 1
159 274 2
159 214 6
159 251 2
159 920 2
159 731 2
159 915 8
160 530 1
160 629 5
164 420 2
165 683 2
165 838 1
165 267 3
165 428 1
165 401 14
165 344 1
165 316 2
165 990 1
166 416 5
166 515 1
166 356 5
166 168 2
166 586 3
166 782 1
166 765 1
166 762 1
166 573 1
167 547 1
167 978 5
167 851 2
167 469 3
167 630 2
168 416 7
168 356 6
168 966 3
168 912 16
168 885 1
168 472 3
168 868 2
168 260 8
168 765 1
168 575 6
171 347 1
174 510 1
175 737 1
175 423 3
175 849 4
175 275 8
175 246 2
180 215 1
184 883 1
184 393 1
184 607 1
184 423 2
184 599 1
185 830 1
187 450 1
188 978 5
188 547 1
188 469 1
188 431 1
189 607 1
189 772 1
191 927 1
191 334 1
191 415 1
192 335 2
193 546 1
193 963 2
193 454 3
193 714 4
193 940 1
193 290 1
193 784 1
193 500 5
193 923 1
196 850 1
196 220 1
197 789 1
199 644 2
199 924 4
200 952 2
200 696 1
200 915 6
200 838 4
200 971 2
202 629 4
207 424 4
207 988 1
207 847 3
207 978 7
207 547 1
207 469 2
207 953 1
207 795 1
208 410 1
208 236 1
209 765 1
214 776 1
214 940 1
214 530 1
214 920 1
214 923 2
214 544 1
214 684 1
214 305 1
214 951 2
214 569 2
214 577 2
214 835 1
214 712 1
214 844 1
214 334 1
214 720 1
214 852 1
214 787 1
214 987 1
214 220 1
214 865 1
214 738 1
214 743 1
214 371 1
214 629 2
214 502 1
215 727 1
216 321 3
216 499 1
218 772 1
220 450 1
220 364 1
220 482 1
220 692 1
220 764 1
220 607 3
223 534 1
226 440 2
227 966 1
228 569 4
228 502 2
228 605 3
228 333 1
228 693 1
229 568 3
229 901 1
229 607 3
231 462 1
231 789 1
231 502 2
231 698 4
231 540 1
231 607 1
233 692 2
235 923 1
236 410 1
236 537 3
239 324 3
241 547 1
242 769 1
245 698 4
245 764 2
245 789 1
246 724 2
246 423 6
248 923 3
248 506 3
249 569 3
249 506 1
249 605 2
249 333 1
250 823 1
250 886 5
250 927 1
251 789 1
253 752 2
256 648 1
256 416 3
256 472 2
256 294 2
260 912 4
267 586 13
267 526 3
267 674 1
268 291 2
268 454 1
268 713 1
268 592 2
268 633 2
272 450 3
272 900 2
272 754 2
272 595 1
272 662 2
272 379 1
274 920 2
274 469 1
275 849 6
275 737 1
278 566 1
280 658 1
280 731 1
280 629 5
280 631 3
290 416 2
290 687 1
291 454 4
291 429 5
291 401 4
293 569 1
293 724 2
293 605 2
294 313 1
295 569 3
299 322 1
299 788 1
301 978 5
301 547 1
305 416 4
305 356 3
305 743 1
306 771 1
306 742 3
306 784 2
306 659 1
306 660 2
306 703 2
307 692 1
310 343 1
311 697 2
311 955 1
311 540 1
311 789 1
313 472 1
316 915 5
316 428 3
319 499 1
321 618 1
321 499 1
322 706 1
322 343 1
324 534 1
324 509 1
324 638 2
326 772 1
327 381 2
329 624 1
332 500 4
333 409 1
333 502 1
333 710 1
333 599 1
333 470 1
333 569 4
333 538 1
333 605 7
333 862 1
334 612 3
334 534 3
334 772 2
334 607 1
335 664 4
335 532 2
337 505 2
337 638 2
337 646 4
338 433 1
338 789 1
343 534 1
343 663 2
344 543 2
344 373 2
347 966 5
353 891 8
356 416 2
356 515 1
356 772 1
356 550 3
356 743 2
356 586 2
356 912 2
356 535 1
356 472 8
356 868 1
356 762 3
356 765 2
360 629 4
361 789 1
362 383 1
364 624 1
364 764 1
364 789 1
365 718 1
368 879 1
369 823 1
369 927 1
371 720 1
371 772 1
372 595 1
372 572 2
377 423 1
377 457 1
377 716 1
377 607 3
379 662 1
380 712 3
381 553 1
381 537 1
383 428 3
383 589 1
388 534 3
394 823 1
401 429 20
401 454 8
401 415 13
409 470 1
409 569 3
409 710 1
410 969 1
410 652 1
410 718 2
410 977 1
414 891 3
415 833 1
415 587 1
415 940 1
415 630 2
415 569 5
416 859 1
416 648 2
416 912 3
416 948 1
416 765 1
416 927 2
418 977 17
421 547 1
421 424 4
421 978 11
421 469 1
421 630 2
421 795 1
423 866 2
423 710 2
423 650 3
423 718 1
423 977 2
424 547 1
424 978 7
424 795 4
427 955 3
428 915 6
428 469 1
428 857 3
428 543 4
429 454 11
432 789 1
433 789 1
433 582 2
435 500 4
435 782 2
440 537 2
441 528 1
443 771 1
443 662 4
443 742 2
443 703 1
444 823 1
444 927 1
447 984 1
450 900 1
450 572 4
450 712 2
450 920 2
450 754 1
450 595 1
450 568 3
452 772 1
454 609 4
454 772 2
454 592 8
456 936 1
458 704 1
458 844 1
458 684 1
458 499 1
459 517 2
462 833 1
469 512 1
469 547 1
469 817 1
469 978 6
469 851 1
469 630 1
470 789 3
470 569 3
470 605 2
472 743 2
472 912 2
472 535 1
472 868 1
472 602 2
472 575 2
482 569 17
482 531 2
482 789 1
485 823 1
485 927 1
493 561 1
493 795 1
493 629 5
495 568 2
495 862 4
497 977 2
499 684 2
499 758 2
499 679 1
499 618 1
499 844 1
499 558 3
499 723 1
499 918 2
499 956 1
500 546 1
500 550 5
500 782 2
501 772 1
502 569 3
502 538 4
502 605 2
502 607 1
506 644 7
506 682 1
506 951 3
506 921 6
506 924 1
506 541 2
506 702 1
511 789 1
512 547 1
513 823 3
513 927 1
515 927 1
516 761 2
516 532 1
516 790 8
517 803 1
517 772 1
522 716 1
523 692 2
526 530 1
526 629 4
528 568 1
528 629 1
528 549 1
530 685 3
530 629 10
530 630 6
530 631 2
530 633 4
530 891 11
531 987 1
531 789 1
532 650 2
534 591 1
534 692 2
534 772 1
534 890 1
535 823 3
535 927 2
538 569 3
538 862 1
538 693 1
540 840 4
540 855 3
540 697 3
540 698 5
540 955 7
540 925 1
540 789 1
541 783 1
541 951 4
542 823 1
542 646 1
542 927 2
544 772 1
546 920 1
546 550 1
547 614 1
547 552 1
547 817 2
547 978 6
547 851 1
547 824 1
547 954 1
547 795 1
547 988 2
547 709 1
550 671 2
550 743 3
551 823 1
551 927 1
552 978 5
552 951 1
553 687 1
556 823 1
557 912 1
558 565 1
561 629 5
561 846 8
561 631 2
565 704 1
565 679 2
565 723 3
565 956 1
568 784 2
568 771 1
568 742 1
568 712 1
568 947 3
568 596 1
569 693 2
569 607 1
569 710 3
569 976 2
569 599 5
569 605 2
569 862 4
569 991 3
569 749 10
577 966 2
577 936 2
577 748 2
581 720 1
581 936 2
581 703 1
582 690 2
582 789 1
586 803 1
586 782 1
586 687 2
586 772 3
586 762 1
587 720 1
588 789 1
591 923 2
592 713 5
592 927 8
599 710 2
602 743 1
605 710 2
605 862 2
607 833 2
607 738 1
607 900 1
607 996 1
607 915 3
607 692 1
607 696 3
609 707 4
609 772 7
609 807 1
609 633 4
614 978 5
627 890 1
628 720 2
628 870 3
629 630 4
629 658 4
629 685 4
629 846 4
629 631 6
629 891 6
629 894 4
630 954 10
631 891 1
634 788 1
638 700 1
638 706 1
639 1004 2
641 789 1
643 685 3
644 1001 4
644 850 2
644 977 3
646 823 1
646 927 1
647 915 1
648 984 2
648 765 3
650 977 1
654 738 2
654 991 1
654 783 2
662 900 2
663 898 1
663 879 1
670 702 2
672 844 1
680 731 4
682 783 1
684 956 1
687 772 3
687 915 1
687 923 3
692 746 3
692 749 2
697 925 3
697 855 5
698 840 4
698 873 4
698 764 4
700 1001 3
700 812 1
700 881 1
702 842 3
703 771 1
707 951 1
711 880 1
716 718 1
718 866 2
718 772 1
718 969 2
718 977 1
718 754 2
718 883 1
718 724 1
718 777 1
718 732 1
719 738 1
720 870 1
720 942 1
720 731 3
722 823 3
722 927 3
723 758 3
724 796 1
738 996 1
738 979 1
739 772 1
740 788 3
742 771 2
742 772 2
743 868 1
743 859 1
758 956 1
758 844 2
758 918 1
761 881 1
764 789 1
765 868 1
765 942 1
770 927 1
772 783 1
772 915 2
772 923 2
772 822 1
772 836 2
772 993 1
772 870 1
773 955 1
774 947 25
789 809 1
789 955 1
789 840 1
789 994 1
789 849 1
789 987 1
789 872 1
789 873 1
790 881 1
790 901 2
795 978 6
796 977 1
817 978 7
821 823 1
823 854 1
823 927 2
833 850 1
850 987 1
851 978 11
854 927 3
855 936 2
857 915 1
858 991 1
861 896 1
868 912 1
880 890 1
881 921 1
890 923 2
911 1004 1
915 971 1
915 952 5
921 923 1
925 955 1
954 978 5
955 987 1
957 978 4
969 977 2
977 1001 14
977 1004 6
978 988 5
