0
1
2
3
4
5
6
7
8
9
10
11
12
13
14
15
16
17
18
19
20
21
22
23
24
25
26
27
28
29
30
31
32
33
34
35
36
37
38
39
40
41
42
43
44
45
46
47
48
49
50
51
52
53
54
55
56
57
58
59
60
61
62
63
64
65
66
67
68
69
70
71
72
73
74
75
76
77
78
79
80
81
82
83
84
85
86
87
88
89
90
91
92
93
94
95
96
97
98
99
100
101
102
103
104
105
106
107
108
109
110
111
112
113
114
115
116
117
118
119
120
121
122
123
124
125
126
127
128
129
130
131
132
133
134
135
136
137
138
139
141
142
143
144
145
146
147
148
149
150
151
152
153
154
155
157
158
159
160
161
162
163
164
165
166
167
168
169
170
171
172
173
174
175
176
177
178
179
180
181
182
183
184
185
186
187
188
189
190
191
192
193
194
195
196
197
198
199
200
201
202
203
204
205
206
207
208
209
210
211
212
213
214
215
216
217
218
219
220
221
222
223
224
225
226
227
228
229
230
231
232
233
235
236
237
238
239
240
241
242
243
244
245
246
247
248
249
250
251
252
253
254
255
256
257
259
260
262
263
264
265
266
267
268
269
270
271
272
273
274
275
276
277
278
279
280
281
282
283
284
285
286
287
288
289
290
291
292
293
294
295
296
297
299
300
301
302
303
304
305
306
307
308
309
310
311
312
313
314
315
316
317
318
319
320
321
322
323
324
325
326
327
328
329
330
331
332
333
334
335
336
337
338
339
340
341
343
344
345
346
347
348
349
350
351
352
353
355
356
357
358
359
360
361
362
364
365
366
367
368
369
370
371
372
373
374
375
376
377
378
379
380
381
382
383
384
385
386
387
388
389
390
391
392
393
394
395
396
397
398
399
400
401
402
403
404
405
406
407
408
409
410
411
412
413
414
415
416
418
419
420
421
422
423
424
425
426
427
428
429
430
431
432
433
434
435
436
437
438
439
440
441
442
443
444
445
446
447
448
449
450
451
452
453
454
455
456
457
458
459
460
461
462
464
465
466
467
468
469
470
471
472
473
474
475
476
477
478
479
480
481
482
483
484
485
486
487
488
489
490
491
492
493
495
496
497
498
499
500
501
502
503
504
505
506
507
508
509
510
511
512
513
514
515
516
517
518
519
520
521
522
523
524
525
526
527
528
530
531
532
533
534
535
536
537
538
539
540
541
542
543
544
545
546
547
548
549
550
551
552
553
554
556
557
558
559
560
561
562
563
564
565
566
567
568
569
570
571
572
573
574
575
576
577
578
579
580
581
582
583
584
585
586
587
588
589
590
591
592
593
594
595
596
597
598
599
600
601
602
603
604
605
606
607
609
610
611
612
613
614
615
616
617
618
619
621
622
623
624
625
626
627
628
629
630
631
632
633
634
635
636
637
638
639
640
641
642
643
644
645
646
647
648
649
650
651
652
653
654
655
656
657
658
659
660
661
662
663
664
665
666
667
668
669
670
671
672
673
674
675
676
677
678
679
680
681
682
683
684
685
686
687
688
689
690
691
692
693
694
695
696
697
698
699
700
701
702
703
704
705
706
707
708
709
710
711
712
713
714
715
716
717
718
719
720
721
722
723
724
725
726
727
728
729
730
731
732
733
734
735
736
737
738
739
740
741
742
743
744
745
746
747
748
749
750
751
752
753
754
756
757
758
759
760
761
762
763
764
765
767
768
769
770
771
772
773
774
775
776
777
778
779
780
781
782
783
784
785
786
787
788
789
790
791
792
793
794
795
796
797
798
799
800
801
802
803
804
805
806
807
808
809
810
811
812
813
814
815
816
817
818
819
820
821
822
823
824
825
826
827
828
829
830
831
832
833
834
835
836
837
838
839
840
841
842
843
844
845
846
847
848
849
850
851
852
853
854
855
856
857
858
859
860
861
862
863
864
865
866
867
868
869
870
871
872
873
874
875
876
877
878
879
880
881
882
883
884
885
886
887
888
889
890
891
892
893
894
895
896
897
898
899
900
901
902
903
904
905
906
907
908
909
910
911
912
913
914
915
916
917
918
919
920
921
922
923
924
925
926
927
928
929
930
931
932
933
934
935
936
937
938
939
940
941
942
943
944
945
946
947
948
949
950
951
952
953
954
955
956
957
958
960
961
962
963
964
965
966
967
968
969
970
971
972
973
974
975
976
977
978
979
980
981
982
983
984
985
986
987
988
989
990
991
992
993
994
995
996
997
998
999
1000
1001
1002
1003
1004
0 178 1
0 189 3
0 502 1
0 423 1
1 322 2
1 309 1
1 310 3
4 720 1
4 90 1
4 187 3
4 135 1
5 107 3
5 189 2
5 175 1
6 249 2
6 178 1
6 716 2
6 189 2
6 333 1
7 810 3
12 720 1
13 738 1
14 410 1
14 738 1
15 680 3
15 731 1
15 422 4
16 410 1
16 127 4
17 915 1
19 333 2
24 629 2
25 386 1
25 458 2
25 684 2
25 558 1
25 48 1
25 216 1
25 319 1
28 987 3
28 955 1
29 506 2
29 107 3
29 333 2
29 670 1
30 356 1
30 868 1
30 765 1
31 316 1
31 915 1
31 428 4
31 165 13
32 718 1
35 817 1
35 978 1
40 752 1
40 802 1
40 379 1
40 86 1
40 712 3
40 272 2
40 488 1
40 947 1
40 596 1
40 662 3
40 568 1
40 90 1
40 187 3
40 572 1
40 254 1
41 499 2
41 723 1
42 402 2
42 612 1
46 310 1
48 672 1
48 458 2
48 684 2
48 499 1
48 765 1
50 402 3
50 559 10
52 356 2
53 542 1
56 531 1
56 410 1
56 987 3
56 159 1
58 909 1
61 517 1
61 522 5
61 127 2
61 334 1
61 591 2
61 718 2
61 991 4
61 607 1
62 513 1
62 485 2
62 646 3
62 551 1
62 369 2
62 854 2
62 542 7
67 344 2
67 561 2
67 963 3
67 846 3
67 207 2
68 987 3
68 189 1
68 733 1
70 334 1
72 692 1
73 499 1
73 684 1
74 356 4
74 166 1
75 633 1
75 178 1
75 772 3
75 220 1
75 517 1
77 416 1
77 356 1
77 168 2
77 266 2
77 912 8
77 699 1
77 575 2
78 178 1
82 720 2
82 135 1
83 951 2
84 97 1
86 90 1
86 443 3
86 662 1
90 662 1
90 141 1
90 657 2
90 530 1
90 534 3
90 281 1
90 283 2
90 541 1
90 542 1
90 166 1
90 682 3
90 939 1
90 306 1
90 201 1
90 440 2
90 316 1
90 841 1
90 335 2
90 978 1
90 469 1
90 996 1
90 220 2
90 865 2
90 356 4
90 742 1
90 107 2
90 850 3
90 629 1
90 248 3
90 506 3
90 763 1
90 765 2
91 885 1
91 415 3
92 428 1
92 915 1
92 316 1
95 987 3
96 324 1
97 337 1
98 707 2
98 454 1
98 134 3
98 713 2
98 107 3
98 268 2
98 429 5
98 592 1
98 401 3
98 117 2
101 866 1
101 718 1
101 246 2
101 423 2
102 125 1
103 514 3
103 423 1
103 950 1
103 343 2
104 256 1
104 648 1
104 356 3
104 765 4
104 425 1
106 612 1
107 320 1
107 898 2
107 236 3
107 652 1
107 664 2
107 537 5
107 175 1
107 208 2
107 670 2
107 808 2
107 553 2
107 810 3
107 688 1
107 393 1
107 192 1
107 201 2
107 335 2
107 464 3
107 468 2
107 214 1
107 985 2
107 737 1
107 1004 2
107 118 2
107 980 2
107 381 3
111 586 2
112 356 3
112 517 1
112 166 1
112 232 3
112 782 2
112 383 1
118 502 1
118 862 1
119 812 2
119 790 2
120 772 2
120 743 1
120 235 1
120 500 1
120 629 2
120 280 1
120 356 2
120 191 1
120 703 1
122 426 1
122 915 1
125 324 1
125 487 1
125 939 1
125 524 1
125 206 1
125 622 9
125 534 1
125 154 1
125 477 1
125 510 1
126 416 2
126 633 1
126 356 2
127 883 1
127 724 3
127 189 1
132 388 1
133 416 1
133 602 2
133 166 2
134 738 1
134 963 2
134 454 2
134 683 1
134 291 1
135 581 6
135 870 1
135 936 2
135 170 2
135 178 1
135 942 7
135 733 1
135 720 2
135 337 2
135 371 3
135 628 8
135 334 3
135 214 1
135 292 1
135 362 3
136 165 1
136 838 1
136 200 5
136 207 2
136 915 3
136 952 1
136 316 1
137 936 2
137 581 2
138 528 2
139 534 2
141 817 1
141 978 1
141 851 2
141 469 1
141 630 3
142 915 2
142 316 5
150 415 2
151 290 2
151 253 3
152 443 4
157 577 1
159 290 3
159 731 2
159 356 2
159 278 1
159 742 1
159 844 3
159 718 2
159 851 2
159 500 1
159 334 1
159 214 1
159 407 2
159 315 1
160 530 1
160 629 2
161 626 1
165 401 9
165 344 4
165 857 1
165 316 5
166 416 2
166 232 2
166 762 1
166 586 3
166 782 2
166 765 1
167 817 2
167 978 1
167 851 7
167 988 3
167 469 2
168 416 1
168 260 1
168 966 2
168 356 2
168 266 3
168 782 1
168 912 2
168 949 2
168 790 1
168 472 3
168 313 1
169 372 1
170 720 2
170 951 1
173 506 1
173 541 1
175 737 2
175 1004 1
175 849 3
175 275 5
175 532 8
178 530 1
178 915 1
178 534 1
178 409 1
178 538 1
178 295 1
178 693 1
178 189 1
178 710 1
178 333 3
178 976 1
178 851 1
178 470 2
178 599 1
178 605 1
178 862 1
178 991 1
178 482 1
178 228 1
178 890 1
178 502 7
178 249 1
178 250 1
178 767 1
181 190 3
183 688 1
184 710 2
185 762 1
187 596 1
188 817 1
188 978 2
188 988 1
189 236 2
189 716 7
189 718 2
189 783 1
189 433 2
189 595 1
189 201 1
189 410 3
189 381 2
189 605 2
190 656 4
190 353 4
190 274 3
190 373 3
191 416 1
191 692 7
191 415 2
193 338 1
193 923 2
193 454 1
193 230 1
196 731 2
196 413 2
200 971 2
200 428 6
200 344 2
200 915 18
200 952 5
200 316 5
207 428 3
207 817 1
207 978 1
207 469 1
207 891 1
208 335 4
208 249 2
208 410 3
208 977 1
209 356 6
209 765 1
214 290 3
214 923 1
214 356 2
214 614 2
214 586 1
214 994 1
214 718 1
214 239 1
214 978 1
214 915 3
214 951 1
214 851 4
214 443 1
214 316 4
214 765 2
216 321 1
220 692 1
220 334 1
223 343 5
228 605 4
228 502 1
229 306 1
231 738 2
231 987 3
231 693 1
231 338 1
231 245 1
231 502 1
231 698 2
231 923 1
231 511 2
232 266 1
232 332 4
232 782 1
232 313 2
232 699 1
232 575 1
233 692 2
236 977 1
236 537 5
237 716 1
239 568 1
243 718 1
245 698 2
245 987 3
245 671 1
245 733 1
246 377 1
246 423 3
248 692 2
248 506 1
248 415 1
249 716 1
250 332 6
251 531 1
251 987 3
253 290 3
253 566 4
256 313 1
256 885 1
266 416 1
266 912 2
266 439 7
267 803 2
267 517 3
267 586 3
267 971 1
267 530 2
267 435 1
272 450 1
272 662 2
274 469 1
275 849 2
275 327 1
280 530 1
280 629 3
281 491 1
283 483 1
284 422 2
288 629 2
291 401 3
291 429 5
291 454 1
292 942 2
294 313 1
294 586 1
294 885 1
301 817 1
301 362 1
301 978 1
302 428 1
302 316 1
304 720 1
306 742 1
306 659 2
306 374 3
310 368 2
310 334 3
310 943 1
311 697 1
311 987 3
311 955 1
311 582 1
313 416 1
313 356 4
313 885 1
316 344 1
316 838 1
316 647 1
316 971 1
316 428 5
316 915 12
316 953 1
316 952 1
316 857 1
316 543 1
316 990 1
318 684 1
318 332 1
318 558 1
321 684 1
321 558 1
322 368 1
322 343 6
322 943 2
324 362 1
324 591 2
324 534 1
324 638 4
327 381 2
329 421 2
329 692 2
329 733 1
329 582 1
329 343 1
332 416 1
332 782 6
332 500 4
332 575 1
333 502 1
333 767 1
334 416 1
334 388 1
334 534 1
334 502 1
334 522 3
334 746 1
334 915 6
334 692 1
334 356 1
334 612 2
334 607 3
334 586 1
335 810 5
335 464 2
335 664 1
337 505 1
337 514 2
337 942 1
338 987 3
343 950 4
343 663 3
349 428 3
353 891 1
355 686 1
356 517 2
356 912 1
356 535 1
356 730 5
356 416 2
356 687 1
356 586 3
356 472 18
356 868 1
356 743 2
356 765 4
360 891 1
360 629 2
361 987 3
362 528 1
362 538 3
362 795 1
362 765 1
362 383 9
364 987 3
365 393 1
369 513 2
369 535 1
369 444 2
369 407 1
371 720 1
372 404 1
377 866 3
377 423 1
377 457 5
377 530 2
377 729 1
380 440 1
381 506 1
383 909 1
383 720 6
383 528 1
383 922 1
388 534 3
388 742 1
398 712 1
401 454 4
401 683 1
401 429 18
401 415 6
402 559 6
404 595 1
405 936 1
406 527 1
407 843 2
407 724 1
408 915 1
410 969 1
410 716 1
410 719 1
410 977 2
413 692 4
415 587 3
415 692 6
415 890 1
416 454 1
416 912 3
416 885 1
416 868 1
418 977 6
418 996 10
420 559 1
421 424 1
421 817 1
421 978 1
422 680 2
422 696 1
422 731 2
423 646 4
423 977 4
423 537 7
424 817 1
424 978 1
424 795 1
427 955 1
428 802 5
428 647 1
428 915 15
428 953 2
428 952 1
428 857 2
429 454 11
432 987 3
433 987 3
435 500 4
435 782 1
439 912 2
440 537 1
440 843 1
442 899 2
443 742 5
443 662 1
444 483 1
447 586 1
448 692 1
454 772 4
458 577 2
458 844 2
458 684 3
458 558 2
458 956 1
459 517 1
465 890 2
465 812 1
469 978 1
469 817 1
472 782 3
472 743 3
477 534 2
482 531 1
482 987 3
482 733 1
485 542 1
493 685 3
493 629 2
499 704 1
499 844 1
499 558 4
499 723 1
499 918 1
499 890 1
502 519 1
502 718 1
502 851 1
502 693 1
502 538 1
502 991 1
502 511 1
506 576 1
506 1001 1
506 599 2
506 783 1
510 622 1
510 534 1
511 849 1
512 817 1
512 978 1
514 832 1
514 950 4
516 881 2
516 738 1
516 804 2
516 761 2
526 629 2
527 720 1
527 785 1
528 890 1
530 629 6
530 891 4
531 809 1
531 987 3
531 671 1
532 553 6
532 804 1
532 790 1
534 591 1
535 823 1
538 547 2
538 572 2
540 698 2
540 987 3
541 1001 1
541 738 2
542 646 3
546 586 1
547 817 1
547 978 1
550 746 1
552 817 1
552 978 1
552 901 1
553 670 1
558 844 1
558 684 2
558 565 1
558 956 2
559 634 3
559 622 14
561 629 2
565 684 1
573 586 3
575 782 1
577 936 2
581 742 1
581 936 5
581 720 1
581 855 7
581 733 1
582 987 5
586 885 3
586 984 2
586 762 4
586 687 1
587 720 5
587 890 1
588 733 1
591 915 1
592 923 1
595 934 1
597 738 1
599 693 3
599 710 2
599 767 1
602 743 2
605 693 2
605 789 2
607 890 1
607 843 1
609 772 2
609 686 1
612 832 1
612 939 1
614 817 1
614 978 1
622 676 9
624 692 1
628 720 1
629 658 2
629 685 2
629 978 2
629 846 2
629 630 2
629 631 2
629 891 2
633 923 2
634 788 1
638 700 3
641 994 2
641 987 3
643 685 1
644 738 1
647 915 2
648 762 1
648 765 1
648 885 1
654 738 1
654 991 5
656 838 1
662 900 1
671 738 1
672 844 1
680 731 1
682 850 3
684 844 3
684 956 1
685 1001 1
685 724 1
687 718 1
687 742 1
692 935 1
692 746 1
692 733 1
692 787 1
692 798 4
697 720 1
697 925 1
697 855 3
698 764 2
698 840 2
698 873 2
698 987 3
700 812 3
704 743 2
708 718 1
716 866 1
716 718 1
716 754 1
718 866 2
718 724 3
720 870 1
720 936 2
720 855 1
720 731 4
731 890 1
733 769 1
733 995 1
733 836 1
733 746 1
733 855 1
733 764 1
738 923 2
738 996 1
738 1001 1
738 783 5
738 979 1
738 921 2
738 761 2
738 975 1
742 769 1
742 771 3
742 915 2
743 794 2
762 765 1
764 987 3
765 908 5
771 951 2
773 955 1
774 947 24
780 950 3
782 885 1
783 923 1
783 850 1
789 987 3
790 812 4
790 885 3
790 863 3
795 817 1
795 978 1
809 987 3
817 978 3
817 851 6
817 954 1
817 988 1
817 957 1
840 987 4
843 883 1
849 987 3
850 890 1
851 978 2
851 858 1
857 915 4
858 991 1
867 909 2
872 987 3
873 987 3
885 984 1
890 987 1
890 923 2
890 963 1
912 949 2
915 971 2
915 953 2
915 952 2
921 923 1
925 987 3
925 955 1
950 1001 4
954 978 1
955 987 3
957 978 1
977 1001 9
977 1004 3
978 988 3
987 994 3
