0
1
2
3
4
5
6
7
8
9
10
11
12
13
14
15
16
17
18
19
20
21
22
23
24
25
26
27
28
29
30
31
32
33
34
35
36
37
38
39
40
41
42
43
44
45
46
47
48
49
50
51
52
53
54
55
56
57
58
59
60
61
62
63
64
65
66
67
68
69
70
71
72
73
74
75
76
77
78
79
80
81
82
83
84
85
86
87
88
89
90
91
92
93
94
95
96
97
98
99
100
101
102
103
104
105
106
107
108
109
110
111
112
113
114
115
116
117
118
119
120
121
122
123
124
125
126
127
128
129
130
131
132
133
134
135
136
137
138
139
141
142
143
144
145
146
147
148
149
150
151
152
153
154
155
157
158
159
160
161
162
163
164
165
166
167
168
169
170
171
172
173
174
175
176
177
178
179
180
181
182
183
184
185
186
187
188
189
190
191
192
193
194
195
196
197
198
199
200
201
202
203
204
205
206
207
208
209
210
211
212
213
214
215
216
217
218
219
220
221
222
223
224
225
226
227
228
229
230
231
232
233
235
236
237
238
239
240
241
242
243
244
245
246
247
248
249
250
251
252
253
254
255
256
257
259
260
262
263
264
265
266
267
268
269
270
271
272
273
274
275
276
277
278
279
280
281
282
283
284
285
286
287
288
289
290
291
292
293
294
295
296
297
299
300
301
302
303
304
305
306
307
308
309
310
311
312
313
314
315
316
317
318
319
320
321
322
323
324
325
326
327
328
329
330
331
332
333
334
335
336
337
338
339
340
341
343
344
345
346
347
348
349
350
351
352
353
355
356
357
358
359
360
361
362
364
365
366
367
368
369
370
371
372
373
374
375
376
377
378
379
380
381
382
383
384
385
386
387
388
389
390
391
392
393
394
395
396
397
398
399
400
401
402
403
404
405
406
407
408
409
410
411
412
413
414
415
416
418
419
420
421
422
423
424
425
426
427
428
429
430
431
432
433
434
435
436
437
438
439
440
441
442
443
444
445
446
447
448
449
450
451
452
453
454
455
456
457
458
459
460
461
462
464
465
466
467
468
469
470
471
472
473
474
475
476
477
478
479
480
481
482
483
484
485
486
487
488
489
490
491
492
493
495
496
497
498
499
500
501
502
503
504
505
506
507
508
509
510
511
512
513
514
515
516
517
518
519
520
521
522
523
524
525
526
527
528
530
531
532
533
534
535
536
537
538
539
540
541
542
543
544
545
546
547
548
549
550
551
552
553
554
556
557
558
559
560
561
562
563
564
565
566
567
568
569
570
571
572
573
574
575
576
577
578
579
580
581
582
583
584
585
586
587
588
589
590
591
592
593
594
595
596
597
598
599
600
601
602
603
604
605
606
607
609
610
611
612
613
614
615
616
617
618
619
621
622
623
624
625
626
627
628
629
630
631
632
633
634
635
636
637
638
639
640
641
642
643
644
645
646
647
648
649
650
651
652
653
654
655
656
657
658
659
660
661
662
663
664
665
666
667
668
669
670
671
672
673
674
675
676
677
678
679
680
681
682
683
684
685
686
687
688
689
690
691
692
693
694
695
696
697
698
699
700
701
702
703
704
705
706
707
708
709
710
711
712
713
714
715
716
717
718
719
720
721
722
723
724
725
726
727
728
729
730
731
732
733
734
735
736
737
738
739
740
741
742
743
744
745
746
747
748
749
750
751
752
753
754
756
757
758
759
760
761
762
763
764
765
767
768
769
770
771
772
773
774
775
776
777
778
779
780
781
782
783
784
785
786
787
788
789
790
791
792
793
794
795
796
797
798
799
800
801
802
803
804
805
806
807
808
809
810
811
812
813
814
815
816
817
818
819
820
821
822
823
824
825
826
827
828
829
830
831
832
833
834
835
836
837
838
839
840
841
842
843
844
845
846
847
848
849
850
851
852
853
854
855
856
857
858
859
860
861
862
863
864
865
866
867
868
869
870
871
872
873
874
875
876
877
878
879
880
881
882
883
884
885
886
887
888
889
890
891
892
893
894
895
896
897
898
899
900
901
902
903
904
905
906
907
908
909
910
911
912
913
914
915
916
917
918
919
920
921
922
923
924
925
926
927
928
929
930
931
932
933
934
935
936
937
938
939
940
941
942
943
944
945
946
947
948
949
950
951
952
953
954
955
956
957
958
960
961
962
963
964
965
966
967
968
969
970
971
972
973
974
975
976
977
978
979
980
981
982
983
984
985
986
987
988
989
990
991
992
993
994
995
996
997
998
999
1000
1001
1002
1003
1004
0 6 1
0 519 1
0 409 1
0 538 1
0 929 1
0 178 4
0 693 1
0 314 1
0 118 2
0 710 1
0 333 1
0 78 1
0 976 1
0 470 2
0 599 1
0 732 2
0 605 1
0 862 1
0 991 1
0 99 1
0 228 1
0 365 1
0 502 1
0 249 1
0 767 1
2 700 3
2 58 1
2 812 2
2 790 4
5 506 1
5 491 1
5 1004 1
5 381 1
5 175 2
6 506 1
6 178 2
6 333 1
6 120 1
7 810 1
8 544 2
8 546 1
8 731 1
8 414 1
10 173 1
13 516 1
14 924 17
14 506 1
14 611 2
14 644 1
14 173 1
15 731 1
15 422 2
16 718 7
17 952 1
22 663 4
24 160 3
24 561 1
24 200 1
24 428 3
24 658 1
24 750 3
24 629 2
24 360 1
24 530 7
24 526 1
24 631 1
24 280 4
24 953 2
24 891 8
24 31 2
26 662 1
28 987 3
29 808 1
29 506 3
29 899 1
30 868 2
30 946 1
30 356 3
30 765 1
30 790 1
31 952 1
31 428 2
31 165 10
32 365 1
32 214 2
32 791 1
32 921 1
32 923 2
32 189 3
35 978 1
35 851 2
35 902 2
35 207 2
38 184 3
38 42 1
38 324 4
38 474 1
38 638 1
40 193 2
40 450 1
40 229 1
40 802 1
40 367 2
40 662 1
40 415 1
41 1000 1
41 73 1
41 618 1
41 499 1
41 723 3
41 565 1
41 503 5
43 232 1
46 164 1
46 310 1
48 1000 3
48 458 1
48 499 1
48 844 1
50 559 2
52 868 2
52 356 6
52 765 1
52 790 2
53 193 1
53 491 1
53 609 1
53 311 1
53 850 1
53 951 1
53 633 2
53 923 3
53 540 1
56 329 1
56 994 2
56 987 8
56 692 1
60 568 1
60 187 1
60 662 2
60 695 1
61 450 1
61 900 1
61 517 1
61 742 6
61 393 1
61 546 2
61 718 11
61 591 1
61 337 2
61 915 1
61 334 1
61 819 2
61 90 1
61 991 1
61 157 1
61 166 1
62 800 11
62 513 1
62 163 2
62 518 3
62 646 6
62 113 4
62 542 1
62 485 2
64 139 2
65 356 1
65 75 1
65 367 1
65 784 1
65 687 2
65 415 1
67 963 12
67 165 7
67 391 7
67 846 7
67 207 6
67 344 6
68 987 3
70 772 1
70 534 4
70 334 1
70 943 1
70 367 1
70 566 1
70 399 2
70 638 2
71 595 6
72 443 1
72 662 1
73 704 1
73 499 1
74 166 2
74 294 10
74 586 4
74 974 1
74 885 5
74 984 1
74 313 1
75 749 4
75 617 1
77 232 2
77 168 1
77 356 1
78 289 2
78 951 1
78 178 2
78 693 3
78 599 1
78 185 1
82 870 1
84 638 1
86 152 1
86 443 2
88 906 1
90 644 4
90 518 1
90 136 1
90 266 2
90 784 2
90 414 1
90 923 1
90 542 2
90 134 1
90 935 1
90 685 1
90 558 1
90 948 3
90 949 2
90 439 2
90 443 1
90 865 1
90 720 1
90 912 5
90 866 2
90 356 3
90 742 1
90 361 2
90 883 1
90 500 3
90 629 1
90 233 2
90 890 1
91 849 1
91 193 1
92 952 1
92 658 1
92 915 1
95 994 1
95 987 3
96 832 2
96 132 1
96 634 1
96 299 1
96 388 1
96 346 1
96 509 2
96 638 6
98 707 4
98 454 5
98 134 3
98 713 3
98 107 3
98 268 3
98 429 3
98 401 4
98 117 3
98 278 3
99 178 1
99 669 1
99 862 5
99 207 1
101 377 6
101 718 4
101 246 2
101 423 3
104 425 4
104 356 2
104 294 1
105 418 1
105 374 6
106 740 1
106 559 1
107 643 1
107 810 3
107 367 2
107 664 1
107 537 1
107 381 2
111 356 2
111 294 3
111 166 1
111 743 1
111 586 2
111 435 2
111 602 1
111 765 1
112 1000 1
112 674 2
112 267 3
112 517 3
112 166 1
113 163 3
114 718 2
118 585 2
118 365 2
118 502 1
119 812 5
120 160 1
120 547 1
120 772 2
120 454 1
120 518 2
120 200 1
120 629 1
120 566 2
120 823 2
120 280 1
120 762 1
120 188 1
120 893 8
120 190 2
120 703 1
122 904 1
122 977 4
122 915 1
122 428 7
122 857 1
125 139 2
125 676 1
125 622 3
126 984 4
126 435 1
126 868 2
126 790 1
127 281 1
127 229 1
127 367 2
130 599 4
132 337 3
133 356 1
133 648 1
133 948 1
133 313 5
133 602 1
133 765 1
134 742 2
135 371 1
135 581 1
135 870 1
135 367 1
136 952 1
136 915 1
136 316 1
136 207 2
138 383 3
139 322 2
139 323 2
139 676 2
139 487 2
139 939 2
139 206 2
139 622 2
139 534 2
139 601 2
139 154 2
139 477 2
139 510 2
141 241 1
141 978 1
141 851 1
141 469 1
141 167 1
142 952 1
143 544 2
143 976 1
143 658 1
143 731 1
147 416 1
147 577 1
147 355 1
147 933 1
147 715 1
147 972 1
147 171 1
147 748 1
147 590 1
147 367 1
147 229 1
147 277 1
147 347 1
147 285 1
147 926 3
147 686 1
148 486 2
149 372 2
150 471 6
151 253 1
152 443 2
153 977 18
153 410 2
153 996 5
153 418 7
154 324 1
154 950 1
157 577 1
157 546 1
157 931 1
157 740 1
157 229 2
157 193 2
157 171 2
157 590 2
157 285 1
157 277 2
157 248 1
157 347 3
157 926 3
157 933 2
160 550 1
160 360 1
160 526 1
160 280 4
160 658 4
160 507 1
161 626 1
163 542 2
163 895 3
164 420 1
164 943 4
164 402 1
164 893 3
164 223 2
165 207 1
165 401 7
165 952 1
165 316 6
166 356 3
166 392 1
166 573 3
166 435 3
166 762 1
166 586 5
167 229 4
167 552 2
167 188 1
167 207 3
167 817 1
167 978 3
167 851 4
167 181 1
167 630 2
167 988 3
167 957 1
167 469 1
168 260 4
168 966 2
168 232 1
168 332 1
168 912 4
168 948 1
168 313 2
168 472 2
168 356 3
169 595 2
169 372 2
170 784 2
170 581 1
170 703 1
173 506 6
173 428 1
175 849 3
175 275 3
175 423 1
178 409 1
178 538 1
178 415 1
178 929 1
178 546 2
178 295 1
178 693 6
178 569 1
178 314 1
178 710 4
178 333 2
178 976 1
178 339 1
178 470 3
178 599 3
178 605 21
178 862 13
178 991 1
178 228 1
178 367 4
178 502 1
178 249 4
178 767 1
180 958 1
180 727 1
181 353 1
181 486 1
181 656 3
181 274 1
181 724 1
181 920 1
181 189 1
181 190 3
184 843 1
185 762 1
185 532 1
185 199 1
187 450 2
187 572 1
187 662 2
187 695 1
188 978 3
188 851 1
189 229 4
189 491 1
189 749 2
189 718 6
189 365 1
189 977 2
189 692 1
189 410 3
189 923 2
190 353 5
190 486 2
190 367 1
190 656 3
190 274 3
190 373 3
191 749 1
192 506 1
192 381 1
193 290 5
193 581 1
193 264 2
193 718 1
193 214 1
193 633 1
193 540 1
193 542 2
195 934 1
195 951 1
197 923 1
198 662 1
199 738 3
199 996 2
199 837 3
199 924 2
199 541 1
200 344 1
200 806 2
200 971 2
200 952 5
200 530 1
200 469 1
200 857 4
200 316 1
206 324 1
207 484 4
207 424 7
207 891 1
207 428 1
207 558 2
207 978 1
207 373 3
207 953 1
207 954 1
207 795 5
207 988 2
207 469 3
208 236 1
214 290 2
214 228 4
214 502 2
214 316 2
214 940 1
214 813 2
214 334 1
214 784 5
214 500 3
214 662 2
214 983 1
214 923 1
214 700 1
214 765 2
216 1000 1
216 321 2
216 458 4
216 558 2
216 318 3
220 367 1
220 415 1
220 749 1
220 229 2
224 952 1
224 915 1
225 951 1
226 506 1
228 502 2
228 314 1
228 605 1
229 388 1
229 518 2
229 775 1
229 776 1
229 684 1
229 783 1
229 534 1
229 428 6
229 692 7
229 450 1
229 812 3
229 329 1
229 586 1
229 718 2
229 850 1
229 851 1
229 334 1
229 343 5
229 472 2
229 356 1
229 731 2
229 739 1
229 612 1
229 997 1
229 743 2
229 749 1
229 499 2
229 248 1
229 637 1
231 738 1
231 264 1
231 873 2
231 874 4
231 994 1
231 245 2
231 987 6
231 540 1
232 416 1
232 868 1
232 425 2
232 744 2
232 790 1
232 472 4
233 540 1
233 692 16
233 746 3
233 935 21
235 638 2
236 320 1
236 1004 1
236 537 2
239 538 1
239 706 1
239 951 1
245 994 1
245 264 1
245 329 1
245 874 4
245 840 1
245 873 2
245 987 3
245 540 4
246 724 1
246 718 1
246 423 3
248 740 1
248 718 1
248 530 1
248 506 3
248 891 9
249 929 1
249 643 1
249 409 1
249 506 1
250 886 3
250 749 2
250 518 1
250 535 2
251 987 7
254 662 1
256 648 1
256 313 1
256 356 5
262 810 1
264 540 2
266 912 3
267 517 6
267 648 2
267 586 2
267 751 2
267 392 3
267 948 3
267 790 1
267 984 1
267 891 1
267 478 2
268 633 2
272 450 3
272 662 1
273 581 2
273 951 7
274 951 1
275 849 2
275 423 1
275 1004 2
275 710 1
277 546 2
277 813 1
278 1003 1
278 290 1
278 687 2
278 923 9
278 866 2
280 978 1
280 610 2
280 902 1
280 561 2
280 360 2
280 530 2
280 526 4
280 658 2
280 629 8
280 631 2
281 491 2
281 365 1
284 584 2
284 680 1
284 731 2
284 422 2
288 750 1
288 610 19
288 484 19
288 391 24
288 846 19
288 629 19
288 630 1
289 810 5
290 866 2
290 617 1
290 566 1
293 568 1
293 697 5
293 546 1
293 724 2
294 586 18
294 332 1
294 974 1
294 885 7
294 790 1
294 759 2
294 984 1
294 762 1
294 447 1
299 624 1
299 893 3
301 978 1
302 952 1
302 428 1
304 441 2
304 317 7
306 374 1
306 659 1
306 790 4
306 742 7
306 703 3
310 343 4
311 994 1
311 987 3
311 955 2
311 540 2
311 925 3
313 356 26
313 425 1
313 912 7
313 946 11
313 598 5
313 472 1
313 730 4
314 929 2
314 710 2
314 693 3
316 962 2
316 428 12
316 367 2
316 915 2
316 952 5
316 857 3
318 704 2
318 400 1
319 458 1
321 618 4
321 499 2
321 684 2
322 768 2
322 324 2
322 534 1
322 943 3
324 388 1
324 460 1
324 367 1
324 337 2
324 534 2
324 601 1
324 591 2
324 638 1
329 582 1
329 587 2
329 624 1
329 338 1
329 819 3
329 343 1
329 890 1
329 540 7
332 353 1
332 586 2
332 782 3
332 435 2
332 500 6
332 558 1
333 693 1
333 605 1
334 423 1
334 586 1
334 749 1
334 367 1
334 692 4
334 381 1
334 500 1
335 664 2
335 1004 2
336 926 2
337 935 2
337 919 1
337 510 1
338 624 1
338 994 1
338 987 3
338 540 1
343 388 2
343 950 2
343 534 2
343 399 6
343 853 2
343 663 1
343 740 1
344 952 1
347 355 1
347 933 2
347 912 2
347 790 7
349 976 2
349 952 1
349 428 1
351 952 2
351 915 1
351 782 1
353 391 7
356 517 2
356 648 2
356 912 22
356 416 1
356 425 8
356 687 1
356 435 1
356 948 17
356 730 4
356 586 3
356 472 5
356 602 5
356 868 4
356 743 2
356 367 1
356 500 1
356 765 7
360 891 2
361 987 3
364 764 1
365 866 1
365 522 1
365 595 1
365 410 1
367 518 1
367 783 1
367 923 1
367 671 1
367 544 2
367 731 1
367 425 1
367 940 1
367 946 5
367 435 2
367 948 1
367 833 1
367 569 1
367 927 1
367 834 1
367 963 3
367 836 1
367 586 2
367 720 3
367 850 2
367 987 4
367 557 1
367 865 2
367 739 1
367 997 2
367 978 1
367 499 1
367 629 1
367 502 1
369 913 3
369 518 1
369 535 8
371 415 2
372 595 2
372 404 4
372 934 1
373 391 8
374 400 1
374 742 3
377 718 6
377 422 2
378 514 1
379 662 1
381 810 4
381 591 1
381 670 1
383 528 1
383 720 4
383 909 1
387 730 1
387 676 1
388 634 1
388 509 1
390 784 8
391 610 5
391 484 3
391 750 3
391 445 1
393 754 1
393 843 1
397 891 5
401 415 3
401 429 9
401 454 8
402 634 1
402 788 1
402 943 1
404 595 2
405 581 1
407 843 2
410 923 1
414 995 4
414 563 1
414 891 25
414 445 1
415 546 1
415 997 1
415 617 1
415 811 1
415 429 3
415 718 3
415 595 1
415 558 2
415 850 2
416 803 1
416 586 1
416 946 2
416 948 1
416 629 4
416 790 5
418 996 23
418 977 14
420 879 2
421 978 1
421 795 1
422 613 1
422 680 4
422 527 1
422 731 2
423 832 2
423 977 1
423 718 3
423 849 2
424 978 1
424 795 4
425 912 3
425 948 4
425 790 2
425 472 2
425 868 1
427 955 3
428 806 4
428 952 2
428 915 6
428 692 1
428 857 1
429 454 12
432 789 1
433 994 1
433 987 5
435 518 2
435 586 4
435 948 2
435 885 1
435 500 2
439 912 4
439 949 1
443 962 1
443 742 4
444 518 3
444 535 4
450 662 1
450 572 3
454 772 1
458 577 1
458 1000 2
458 558 1
458 499 1
458 758 1
458 956 1
466 662 2
468 712 1
468 643 1
469 512 1
469 614 1
469 978 1
470 789 15
470 605 1
472 743 3
472 912 3
472 946 2
478 517 1
480 506 1
480 987 3
482 987 3
484 750 1
485 895 1
488 662 1
491 546 1
491 977 3
499 704 1
499 833 1
499 1000 1
499 684 3
499 844 1
499 558 1
499 918 1
499 723 1
499 758 1
499 618 1
500 550 1
500 586 7
500 814 5
500 687 1
500 948 2
502 976 1
502 693 1
502 506 1
503 704 1
503 723 4
503 1000 1
506 644 1
506 1001 5
506 921 1
506 923 1
509 638 2
510 601 1
512 978 1
513 518 1
514 832 1
514 1001 1
514 780 1
514 977 3
514 950 1
516 881 1
517 674 2
517 803 5
517 648 1
517 546 1
517 751 1
518 772 1
518 646 2
518 854 2
518 535 5
518 895 5
522 718 2
523 765 1
526 546 4
526 902 2
526 561 1
526 978 3
528 742 2
528 585 1
528 589 1
528 687 1
528 638 4
530 629 9
530 891 7
531 987 8
534 591 2
534 692 2
534 638 2
535 913 8
535 722 3
540 736 1
540 994 3
540 955 5
540 840 1
540 873 1
540 874 4
540 987 5
541 738 2
542 546 1
542 646 2
542 722 1
543 952 1
544 739 3
544 669 1
545 946 1
546 784 1
546 920 1
546 550 3
546 684 1
546 669 2
546 843 1
546 844 1
546 590 1
546 738 2
546 629 2
546 764 1
547 978 1
547 851 1
551 895 2
552 978 1
558 1000 1
558 844 2
558 565 1
559 622 3
565 704 1
565 723 1
565 926 1
568 802 1
568 660 1
568 662 1
572 802 2
572 662 1
573 586 3
575 966 2
577 926 1
580 669 1
581 742 1
581 942 2
581 692 2
582 987 3
585 909 1
586 782 2
586 662 2
586 687 1
586 948 1
586 974 4
586 885 11
586 759 1
586 762 1
587 784 6
587 617 2
589 909 1
590 700 1
591 692 3
595 934 1
595 718 3
595 790 1
599 732 1
601 634 1
601 638 1
602 648 4
602 721 2
602 765 2
605 1001 3
605 685 1
607 816 1
609 951 1
609 909 1
611 924 11
611 644 1
614 978 1
614 858 1
614 629 3
617 811 1
617 784 1
622 676 4
629 685 2
629 891 2
629 978 2
633 772 1
638 832 4
638 853 1
638 700 2
641 987 3
643 685 5
644 783 1
647 952 1
648 721 8
648 765 2
654 991 5
657 921 2
659 742 2
662 900 1
662 782 3
662 802 1
662 947 1
662 695 1
662 712 2
663 879 1
668 813 1
671 995 6
680 707 2
680 731 3
682 850 3
684 1000 1
684 844 1
685 1001 4
686 926 2
687 923 8
692 994 1
692 995 1
692 935 1
692 749 3
692 915 1
692 718 3
692 819 1
692 997 1
693 862 9
693 991 1
697 784 1
697 771 1
697 925 6
697 855 6
698 987 3
700 812 1
700 881 1
701 728 1
703 784 1
704 743 1
706 951 3
707 880 2
707 951 2
708 718 3
710 767 1
715 926 10
715 951 1
716 866 2
716 718 4
718 904 3
718 843 2
718 724 3
718 866 7
718 742 1
718 752 2
718 754 4
718 883 2
719 738 1
719 828 1
720 935 9
720 746 2
720 813 1
721 765 3
723 1000 1
724 866 2
724 883 1
730 912 1
730 868 2
731 739 1
732 977 2
737 849 1
738 761 1
740 788 2
742 784 11
744 912 1
746 813 6
746 935 1
748 926 4
749 834 1
749 835 1
749 854 3
749 997 1
752 948 1
754 843 1
758 1000 2
758 844 1
759 984 2
759 974 3
764 994 1
764 840 1
764 874 4
764 987 3
765 868 2
775 891 1
775 995 3
779 843 1
780 977 2
782 838 1
782 806 1
789 849 4
789 987 7
790 868 7
790 881 1
790 812 6
790 977 3
795 978 3
796 987 4
799 895 4
804 881 1
804 850 2
806 952 3
809 987 5
813 996 2
813 935 2
817 978 1
823 895 1
832 977 2
840 873 1
840 874 4
840 987 3
843 883 1
844 918 2
845 946 1
849 987 3
850 924 8
851 978 6
851 920 2
857 952 1
858 991 1
861 934 1
862 909 1
868 889 1
868 948 1
872 987 4
873 874 4
873 880 1
873 987 3
873 925 2
883 951 2
885 962 1
885 974 1
890 923 6
890 962 2
891 995 9
896 972 1
912 948 6
912 949 4
915 952 1
923 979 1
926 951 1
946 948 1
950 977 2
952 953 1
952 971 1
952 990 1
954 978 1
955 987 5
957 978 1
969 977 1
977 996 12
977 1004 3
978 988 1
987 994 3
