0
1
2
3
4
5
6
7
8
9
10
11
12
13
14
15
16
17
18
19
20
21
22
23
24
25
26
27
28
29
30
31
32
33
34
35
36
37
38
39
40
41
42
43
44
45
46
47
48
49
50
51
52
53
54
55
56
57
58
59
60
61
62
63
64
65
66
67
68
69
70
71
72
73
74
75
76
77
78
79
80
81
82
83
84
85
86
87
88
89
90
91
92
93
94
95
96
97
98
99
100
101
102
103
104
105
106
107
108
109
110
111
112
113
114
115
116
117
118
119
120
121
122
123
124
125
126
127
128
129
130
131
132
133
134
135
136
137
138
139
141
142
143
144
145
146
147
148
149
150
151
152
153
154
155
157
158
159
160
161
162
163
164
165
166
167
168
169
170
171
172
173
174
175
176
177
178
179
180
181
182
183
184
185
186
187
188
189
190
191
192
193
194
195
196
197
198
199
200
201
202
203
204
205
206
207
208
209
210
211
212
213
214
215
216
217
218
219
220
221
222
223
224
225
226
227
228
229
230
231
232
233
235
236
237
238
239
240
241
242
243
244
245
246
247
248
249
250
251
252
253
254
255
256
257
259
260
262
263
264
265
266
267
268
269
270
271
272
273
274
275
276
277
278
279
280
281
282
283
284
285
286
287
288
289
290
291
292
293
294
295
296
297
299
300
301
302
303
304
305
306
307
308
309
310
311
312
313
314
315
316
317
318
319
320
321
322
323
324
325
326
327
328
329
330
331
332
333
334
335
336
337
338
339
340
341
343
344
345
346
347
348
349
350
351
352
353
355
356
357
358
359
360
361
362
364
365
366
367
368
369
370
371
372
373
374
375
376
377
378
379
380
381
382
383
384
385
386
387
388
389
390
391
392
393
394
395
396
397
398
399
400
401
402
403
404
405
406
407
408
409
410
411
412
413
414
415
416
418
419
420
421
422
423
424
425
426
427
428
429
430
431
432
433
434
435
436
437
438
439
440
441
442
443
444
445
446
447
448
449
450
451
452
453
454
455
456
457
458
459
460
461
462
464
465
466
467
468
469
470
471
472
473
474
475
476
477
478
479
480
481
482
483
484
485
486
487
488
489
490
491
492
493
495
496
497
498
499
500
501
502
503
504
505
506
507
508
509
510
511
512
513
514
515
516
517
518
519
520
521
522
523
524
525
526
527
528
530
531
532
533
534
535
536
537
538
539
540
541
542
543
544
545
546
547
548
549
550
551
552
553
554
556
557
558
559
560
561
562
563
564
565
566
567
568
569
570
571
572
573
574
575
576
577
578
579
580
581
582
583
584
585
586
587
588
589
590
591
592
593
594
595
596
597
598
599
600
601
602
603
604
605
606
607
609
610
611
612
613
614
615
616
617
618
619
621
622
623
624
625
626
627
628
629
630
631
632
633
634
635
636
637
638
639
640
641
642
643
644
645
646
647
648
649
650
651
652
653
654
655
656
657
658
659
660
661
662
663
664
665
666
667
668
669
670
671
672
673
674
675
676
677
678
679
680
681
682
683
684
685
686
687
688
689
690
691
692
693
694
695
696
697
698
699
700
701
702
703
704
705
706
707
708
709
710
711
712
713
714
715
716
717
718
719
720
721
722
723
724
725
726
727
728
729
730
731
732
733
734
735
736
737
738
739
740
741
742
743
744
745
746
747
748
749
750
751
752
753
754
756
757
758
759
760
761
762
763
764
765
767
768
769
770
771
772
773
774
775
776
777
778
779
780
781
782
783
784
785
786
787
788
789
790
791
792
793
794
795
796
797
798
799
800
801
802
803
804
805
806
807
808
809
810
811
812
813
814
815
816
817
818
819
820
821
822
823
824
825
826
827
828
829
830
831
832
833
834
835
836
837
838
839
840
841
842
843
844
845
846
847
848
849
850
851
852
853
854
855
856
857
858
859
860
861
862
863
864
865
866
867
868
869
870
871
872
873
874
875
876
877
878
879
880
881
882
883
884
885
886
887
888
889
890
891
892
893
894
895
896
897
898
899
900
901
902
903
904
905
906
907
908
909
910
911
912
913
914
915
916
917
918
919
920
921
922
923
924
925
926
927
928
929
930
931
932
933
934
935
936
937
938
939
940
941
942
943
944
945
946
947
948
949
950
951
952
953
954
955
956
957
958
960
961
962
963
964
965
966
967
968
969
970
971
972
973
974
975
976
977
978
979
980
981
982
983
984
985
986
987
988
989
990
991
992
993
994
995
996
997
998
999
1000
1001
1002
1003
1004
0 178 2
2 790 2
5 808 1
5 491 1
6 178 1
8 809 1
8 414 2
13 1001 2
14 1001 2
14 410 1
14 924 5
15 680 3
15 731 4
15 422 1
16 410 1
24 136 1
24 587 1
24 142 1
24 629 1
24 280 2
24 891 2
25 216 1
25 458 1
25 918 1
28 987 2
29 249 4
30 765 1
30 743 2
31 316 1
31 165 4
32 280 1
32 197 1
32 214 2
35 280 1
35 167 2
38 324 2
40 214 1
41 48 1
41 73 1
41 216 1
48 216 1
48 458 1
48 956 1
48 558 2
50 559 1
52 356 1
52 868 1
53 120 1
53 193 1
53 147 1
53 731 1
56 482 1
56 987 2
56 410 1
61 356 1
61 948 2
61 765 1
61 718 5
62 571 4
62 823 2
62 542 2
62 646 1
62 535 1
65 193 1
67 344 2
67 963 2
67 165 3
68 987 2
69 879 1
70 120 1
73 216 1
74 294 1
77 168 1
77 416 1
78 178 1
90 866 1
90 547 1
90 997 1
90 307 1
90 718 3
90 144 1
90 920 2
90 787 3
90 190 3
90 248 2
90 220 2
90 414 1
95 873 1
95 987 2
98 429 1
103 514 1
104 425 6
104 946 1
104 133 2
107 737 1
112 674 1
112 915 8
112 948 1
112 782 1
120 388 1
120 197 2
120 586 1
120 850 3
120 752 1
120 530 1
120 948 2
120 190 1
120 356 1
120 765 1
120 542 1
122 980 1
126 648 1
126 294 1
126 573 1
126 790 3
127 415 2
134 592 3
135 746 1
136 200 2
136 316 1
136 857 1
136 647 1
139 323 1
141 214 1
142 280 1
142 200 1
142 267 2
142 316 3
147 416 3
147 577 1
147 171 3
147 454 2
149 585 2
149 716 1
151 253 1
152 443 1
157 746 1
159 577 1
159 738 1
159 940 1
159 718 2
159 214 3
160 200 1
160 530 3
160 571 8
160 629 1
161 571 2
165 207 4
165 401 4
165 707 1
165 344 5
165 543 1
165 316 2
165 990 1
166 586 2
166 883 3
167 552 1
167 188 1
167 957 1
168 416 2
168 260 6
168 966 2
168 232 2
168 782 1
168 912 10
168 472 14
168 949 19
168 439 9
168 984 2
168 762 1
168 730 1
168 575 1
170 697 1
173 1001 2
173 506 3
173 924 1
175 849 4
178 214 1
178 280 1
178 409 1
178 538 1
178 295 1
178 693 3
178 569 1
178 710 1
178 333 1
178 976 1
178 977 1
178 339 1
178 470 1
178 599 1
178 605 2
178 862 1
178 991 1
178 482 3
178 228 1
178 616 1
178 628 1
178 502 7
178 249 1
178 767 1
181 953 2
181 915 3
181 190 2
188 280 1
188 585 1
188 502 1
188 862 1
189 193 1
189 362 3
189 428 1
189 629 1
189 502 1
189 731 3
190 353 1
190 530 2
190 656 2
190 274 1
190 373 1
191 692 1
192 381 1
193 416 2
193 776 3
193 782 1
193 633 1
195 595 1
196 401 3
197 746 1
197 586 1
197 782 1
199 996 1
199 506 1
199 924 2
199 541 1
199 1001 2
200 344 1
200 530 2
200 915 2
200 952 5
200 316 1
214 515 1
214 775 1
214 776 1
214 783 1
214 530 1
214 531 1
214 920 1
214 290 1
214 935 2
214 692 1
214 569 1
214 316 1
214 577 2
214 963 1
214 324 1
214 586 1
214 738 1
214 720 1
214 544 1
214 857 1
214 994 1
214 356 1
214 742 1
214 746 2
214 239 1
214 371 1
214 629 1
216 672 1
216 321 1
216 618 1
216 558 1
216 723 1
216 956 1
216 458 1
216 319 1
220 609 2
220 471 2
223 746 1
225 883 1
228 502 1
229 993 1
229 769 1
231 738 1
231 987 3
231 607 1
232 416 2
233 692 1
235 890 2
236 537 2
239 731 2
239 951 2
245 987 2
246 423 1
248 609 1
248 746 1
250 332 4
251 531 1
251 482 1
251 987 2
253 290 1
253 566 1
256 356 1
260 762 1
260 575 1
266 439 2
267 435 2
267 948 1
270 1001 2
273 769 1
273 951 6
275 849 4
277 571 3
278 923 1
280 547 3
280 502 1
280 647 2
280 360 1
280 915 4
280 526 1
280 920 2
280 851 2
280 561 1
280 658 1
280 631 1
280 953 1
280 530 2
280 629 1
281 718 1
284 731 2
285 571 3
288 484 14
288 391 9
288 493 12
288 846 12
288 561 12
288 629 12
288 630 1
288 445 10
290 589 1
291 429 1
293 862 1
294 817 1
294 885 4
294 313 1
294 586 4
299 388 1
299 509 1
306 771 1
306 790 1
306 374 1
311 697 1
311 987 2
313 472 3
313 912 1
313 356 3
316 971 1
316 428 1
316 915 3
316 953 6
316 952 1
316 857 1
317 769 1
318 844 1
318 332 2
319 844 3
319 918 1
324 586 1
324 782 1
324 638 3
326 586 1
326 782 1
327 921 2
327 381 2
327 1001 2
329 540 1
329 692 1
329 775 1
332 586 4
332 500 3
333 383 1
334 607 1
335 664 1
335 810 3
335 381 1
337 603 1
338 987 2
341 915 1
343 943 1
343 399 1
343 950 1
343 663 2
356 416 2
356 868 2
356 517 1
356 721 1
356 743 1
356 684 1
356 718 2
356 912 4
356 948 3
356 472 1
356 602 1
356 765 1
360 629 1
361 987 2
362 695 1
369 646 1
377 729 2
377 724 1
377 718 2
378 514 1
378 603 1
379 568 2
383 531 2
388 534 1
392 948 1
394 571 8
399 663 1
401 429 3
407 843 4
410 976 2
410 719 1
414 891 3
415 429 3
416 868 8
416 586 2
416 782 4
416 912 1
416 790 2
416 602 1
418 977 1
418 996 1
422 680 2
422 731 6
423 849 5
425 472 1
425 946 1
429 454 1
432 987 2
433 738 1
433 987 2
435 586 1
440 537 5
444 535 1
447 586 2
450 746 1
450 571 5
458 684 1
458 704 1
471 617 1
472 912 7
472 949 4
472 575 3
479 696 1
480 987 2
482 987 2
485 513 1
493 629 1
493 630 1
499 844 1
500 746 1
500 782 2
500 687 1
502 772 2
502 746 2
502 693 2
502 538 1
502 923 1
502 605 2
502 862 2
505 603 1
506 996 1
506 1001 3
506 783 1
506 924 1
509 603 1
513 646 1
514 832 1
514 1001 1
514 780 1
514 977 1
514 950 1
514 603 1
516 532 6
516 1001 2
516 924 2
516 761 5
517 952 1
517 948 1
522 746 1
522 546 1
526 629 1
527 720 1
530 746 1
530 629 2
530 571 10
531 738 1
531 987 2
532 761 1
532 804 1
534 649 2
534 746 1
534 571 1
534 862 1
540 624 3
540 697 1
540 987 2
540 855 1
541 657 3
541 1001 2
541 924 1
541 996 1
542 746 1
542 571 1
544 580 1
546 844 1
546 550 1
547 851 2
547 862 1
549 687 1
550 746 2
552 858 1
553 670 1
558 956 1
561 629 1
561 846 1
565 684 2
565 679 1
568 695 1
571 900 10
571 742 7
571 870 3
571 935 2
571 776 6
571 684 4
571 813 25
571 910 1
571 663 3
571 731 1
571 885 2
572 695 1
573 586 2
576 1001 2
580 791 1
582 849 1
582 987 2
584 731 2
585 954 1
586 868 1
586 617 2
586 782 8
586 762 2
587 833 1
591 746 2
592 609 1
592 948 2
595 746 1
595 934 2
602 718 3
602 782 1
603 780 1
603 822 1
603 735 2
607 926 2
609 772 2
609 633 1
609 923 1
629 658 1
629 685 1
629 846 1
629 630 1
629 891 3
634 788 1
638 788 2
641 987 2
643 810 1
644 1001 3
644 924 1
650 1001 2
654 1001 2
657 1001 2
657 996 1
663 951 3
663 950 1
668 720 1
668 746 5
668 935 1
674 948 1
680 720 2
680 731 1
682 924 1
684 746 2
684 844 1
687 746 1
692 746 1
696 935 1
697 855 2
697 925 1
698 987 2
700 790 1
702 1001 2
702 924 1
706 951 1
715 926 1
718 742 1
718 746 1
718 883 1
718 724 1
719 1001 2
719 738 1
720 935 8
720 746 5
720 813 1
731 746 1
737 849 4
738 1001 2
738 783 1
738 850 1
739 746 1
740 788 1
742 746 1
742 900 1
745 1001 2
746 776 3
746 920 1
746 923 1
746 935 9
746 775 1
746 813 3
746 834 1
746 980 1
746 994 1
746 851 1
762 984 1
764 987 2
765 946 1
771 901 1
772 870 1
774 947 7
782 912 1
782 868 1
782 854 1
782 887 2
783 1001 2
789 987 2
790 812 1
803 948 1
804 850 1
809 994 2
809 987 6
813 935 2
828 1001 2
837 1001 2
838 952 2
840 987 2
844 918 1
849 987 2
850 1001 3
851 978 1
853 951 4
854 918 1
857 915 4
857 990 1
872 987 2
873 987 2
881 1001 2
883 936 3
912 948 1
912 949 1
915 953 3
918 946 1
918 956 1
921 1001 2
924 996 1
924 1001 3
925 987 2
939 951 2
952 971 1
955 987 2
979 1001 2
987 994 3
996 1001 2
