0
1
2
3
4
5
6
7
8
9
10
11
12
13
14
15
16
17
18
19
20
21
22
23
24
25
26
27
28
29
30
31
32
33
34
35
36
37
38
39
40
41
42
43
44
45
46
47
48
49
50
51
52
53
54
55
56
57
58
59
60
61
62
63
64
65
66
67
68
69
70
71
72
73
74
75
76
77
78
79
80
81
82
83
84
85
86
87
88
89
90
91
92
93
94
95
96
97
98
99
100
101
102
103
104
105
106
107
108
109
110
111
112
113
114
115
116
117
118
119
120
121
122
123
124
125
126
127
128
129
130
131
132
133
134
135
136
137
138
139
141
142
143
144
145
146
147
148
149
150
151
152
153
154
155
157
158
159
160
161
162
163
164
165
166
167
168
169
170
171
172
173
174
175
176
177
178
179
180
181
182
183
184
185
186
187
188
189
190
191
192
193
194
195
196
197
198
199
200
201
202
203
204
205
206
207
208
209
210
211
212
213
214
215
216
217
218
219
220
221
222
223
224
225
226
227
228
229
230
231
232
233
235
236
237
238
239
240
241
242
243
244
245
246
247
248
249
250
251
252
253
254
255
256
257
259
260
262
263
264
265
266
267
268
269
270
271
272
273
274
275
276
277
278
279
280
281
282
283
284
285
286
287
288
289
290
291
292
293
294
295
296
297
299
300
301
302
303
304
305
306
307
308
309
310
311
312
313
314
315
316
317
318
319
320
321
322
323
324
325
326
327
328
329
330
331
332
333
334
335
336
337
338
339
340
341
343
344
345
346
347
348
349
350
351
352
353
355
356
357
358
359
360
361
362
364
365
366
367
368
369
370
371
372
373
374
375
376
377
378
379
380
381
382
383
384
385
386
387
388
389
390
391
392
393
394
395
396
397
398
399
400
401
402
403
404
405
406
407
408
409
410
411
412
413
414
415
416
418
419
420
421
422
423
424
425
426
427
428
429
430
431
432
433
434
435
436
437
438
439
440
441
442
443
444
445
446
447
448
449
450
451
452
453
454
455
456
457
458
459
460
461
462
464
465
466
467
468
469
470
471
472
473
474
475
476
477
478
479
480
481
482
483
484
485
486
487
488
489
490
491
492
493
495
496
497
498
499
500
501
502
503
504
505
506
507
508
509
510
511
512
513
514
515
516
517
518
519
520
521
522
523
524
525
526
527
528
530
531
532
533
534
535
536
537
538
539
540
541
542
543
544
545
546
547
548
549
550
551
552
553
554
556
557
558
559
560
561
562
563
564
565
566
567
568
569
570
571
572
573
574
575
576
577
578
579
580
581
582
583
584
585
586
587
588
589
590
591
592
593
594
595
596
597
598
599
600
601
602
603
604
605
606
607
609
610
611
612
613
614
615
616
617
618
619
621
622
623
624
625
626
627
628
629
630
631
632
633
634
635
636
637
638
639
640
641
642
643
644
645
646
647
648
649
650
651
652
653
654
655
656
657
658
659
660
661
662
663
664
665
666
667
668
669
670
671
672
673
674
675
676
677
678
679
680
681
682
683
684
685
686
687
688
689
690
691
692
693
694
695
696
697
698
699
700
701
702
703
704
705
706
707
708
709
710
711
712
713
714
715
716
717
718
719
720
721
722
723
724
725
726
727
728
729
730
731
732
733
734
735
736
737
738
739
740
741
742
743
744
745
746
747
748
749
750
751
752
753
754
756
757
758
759
760
761
762
763
764
765
767
768
769
770
771
772
773
774
775
776
777
778
779
780
781
782
783
784
785
786
787
788
789
790
791
792
793
794
795
796
797
798
799
800
801
802
803
804
805
806
807
808
809
810
811
812
813
814
815
816
817
818
819
820
821
822
823
824
825
826
827
828
829
830
831
832
833
834
835
836
837
838
839
840
841
842
843
844
845
846
847
848
849
850
851
852
853
854
855
856
857
858
859
860
861
862
863
864
865
866
867
868
869
870
871
872
873
874
875
876
877
878
879
880
881
882
883
884
885
886
887
888
889
890
891
892
893
894
895
896
897
898
899
900
901
902
903
904
905
906
907
908
909
910
911
912
913
914
915
916
917
918
919
920
921
922
923
924
925
926
927
928
929
930
931
932
933
934
935
936
937
938
939
940
941
942
943
944
945
946
947
948
949
950
951
952
953
954
955
956
957
958
960
961
962
963
964
965
966
967
968
969
970
971
972
973
974
975
976
977
978
979
980
981
982
983
984
985
986
987
988
989
990
991
992
993
994
995
996
997
998
999
1000
1001
1002
1003
1004
0 178 3
0 189 2
0 6 1
1 832 2
2 868 1
2 38 2
2 872 2
2 790 18
2 952 1
2 126 1
4 304 1
4 771 1
4 135 4
5 491 1
5 553 1
5 107 2
5 718 1
5 246 2
5 670 1
6 178 3
6 189 2
7 810 2
8 414 1
13 516 1
13 693 2
14 1001 12
14 506 10
14 924 2
14 644 6
14 702 3
15 680 6
15 731 8
15 422 3
16 506 3
16 407 1
17 857 2
17 990 1
24 267 1
24 493 1
24 530 2
24 629 2
24 658 1
24 280 1
24 891 5
25 558 1
25 918 1
29 107 2
29 335 4
30 91 1
30 765 1
31 990 1
32 280 1
32 977 1
32 214 1
35 280 1
35 469 2
35 207 2
37 256 1
37 313 2
37 730 1
37 356 2
38 197 1
40 802 1
40 214 1
40 712 2
40 272 1
40 662 1
40 695 1
40 568 1
40 187 1
40 572 1
41 499 1
41 723 1
45 227 3
45 52 6
46 510 1
50 402 4
52 416 1
52 66 13
52 356 5
52 648 1
52 912 1
52 472 1
52 868 2
52 91 1
52 765 3
53 193 3
53 581 4
53 910 1
53 629 2
53 633 1
53 923 3
56 90 1
56 987 1
56 482 1
56 214 1
56 159 1
58 586 1
58 909 3
61 450 1
61 356 2
61 522 2
61 915 2
61 718 9
61 591 1
61 243 3
61 340 2
61 565 1
61 696 3
61 692 3
61 700 1
61 157 1
61 819 1
61 991 3
62 542 1
66 227 4
67 344 5
67 561 3
67 963 5
67 207 3
70 90 1
70 509 2
70 534 2
70 950 1
70 343 3
73 723 1
74 416 3
74 294 1
75 220 3
75 629 1
76 1001 7
77 912 1
77 313 1
77 356 3
77 439 1
78 178 3
78 502 1
82 572 1
82 135 3
83 771 2
86 152 1
86 443 3
90 416 5
90 832 1
90 356 3
90 613 2
90 742 1
90 421 1
90 509 1
90 978 1
90 629 1
90 923 1
90 765 5
90 191 1
91 416 2
91 647 1
91 716 1
91 301 1
91 915 1
91 693 1
91 220 2
91 629 1
92 990 1
96 700 1
98 592 1
98 401 5
98 429 1
101 246 4
101 423 1
103 977 3
104 648 1
104 416 1
104 523 2
104 765 2
104 126 1
106 402 1
106 229 1
107 320 2
107 226 1
107 553 4
107 464 1
107 980 3
107 201 2
107 335 2
107 381 6
107 670 3
110 674 1
111 885 1
112 256 2
112 674 1
112 517 1
112 166 1
112 267 5
112 186 2
113 542 1
114 275 2
114 189 2
118 365 1
119 979 1
119 812 1
120 416 1
120 586 4
120 915 1
120 500 2
120 629 1
120 731 1
120 572 1
120 542 2
122 428 1
124 722 1
125 534 2
125 139 1
125 206 1
125 622 2
126 356 4
126 240 1
126 232 2
126 790 1
126 765 2
127 293 1
127 159 1
132 510 1
133 602 4
133 908 6
134 592 2
134 850 1
134 644 1
134 454 1
135 581 11
135 870 3
135 743 1
135 170 3
135 942 3
135 720 1
135 371 4
135 692 2
135 718 2
135 790 3
135 628 4
135 549 1
136 200 1
136 428 1
136 915 8
136 857 2
136 953 1
136 990 2
137 771 2
139 832 2
139 676 1
139 939 1
139 780 2
139 622 1
139 402 2
139 477 2
139 510 3
141 469 1
141 214 1
142 280 1
142 915 1
142 990 1
143 862 3
147 416 1
147 577 1
147 715 1
147 933 1
147 230 1
147 171 1
147 972 1
147 590 1
147 355 1
147 277 1
147 235 1
147 347 1
147 686 1
147 285 1
147 926 1
147 159 4
149 249 2
151 923 2
151 253 1
152 443 16
153 1001 1
153 891 1
157 577 2
157 740 3
157 718 2
157 926 1
157 415 2
159 416 2
159 866 4
159 963 2
159 900 1
159 742 2
159 807 2
159 712 4
159 171 1
159 923 1
159 565 1
159 319 2
159 500 3
159 629 1
159 214 11
159 951 1
159 572 2
159 542 2
159 607 1
160 586 1
160 915 1
160 428 4
160 629 3
161 586 1
164 879 1
165 857 1
165 586 1
165 990 1
165 207 1
166 586 1
167 547 1
167 207 1
167 851 1
167 469 1
167 630 3
167 951 2
168 356 4
168 966 1
168 232 1
168 266 1
168 334 1
168 209 1
168 949 2
168 439 2
168 472 4
168 260 2
169 404 1
169 595 2
169 372 1
170 581 3
171 590 1
173 506 2
175 275 4
175 532 1
175 670 1
175 246 3
175 423 1
176 546 1
178 214 1
178 519 2
178 409 3
178 538 3
178 418 6
178 862 3
178 295 3
178 693 4
178 569 3
178 188 1
178 710 3
178 333 3
178 976 3
178 339 3
178 334 1
178 470 3
178 599 3
178 605 3
178 990 2
178 991 3
178 228 3
178 502 12
178 249 3
178 767 3
181 537 1
181 724 1
181 189 1
185 915 1
185 684 1
185 502 1
186 256 4
186 648 2
186 267 7
186 517 2
188 614 1
188 301 1
188 718 1
188 469 2
188 502 1
188 280 1
189 1004 2
189 502 1
189 904 2
189 652 2
189 716 2
189 365 2
189 718 6
189 977 1
189 595 2
189 236 3
189 470 2
189 201 2
189 249 3
189 410 2
189 862 1
190 267 1
190 629 1
191 332 1
191 692 1
192 381 1
194 626 1
195 595 1
196 629 1
197 923 1
199 850 7
199 924 3
200 952 2
200 915 1
200 990 1
201 249 1
204 586 1
207 424 4
207 891 2
207 428 1
207 493 1
207 558 3
207 547 1
207 469 6
207 795 5
207 988 2
207 990 2
207 373 4
208 977 1
208 236 1
209 356 4
209 765 3
214 515 1
214 775 1
214 776 1
214 783 1
214 530 1
214 531 1
214 278 3
214 920 1
214 923 4
214 544 1
214 290 3
214 940 3
214 687 3
214 692 1
214 569 1
214 316 1
214 963 1
214 324 1
214 712 2
214 586 1
214 738 1
214 464 1
214 720 1
214 994 1
214 356 1
214 742 3
214 746 1
214 371 1
214 629 2
216 319 1
220 546 1
220 334 1
223 399 1
223 415 3
223 534 1
223 879 2
225 779 1
225 407 1
228 605 1
228 502 1
229 832 2
229 334 1
229 784 1
229 306 1
229 696 2
230 951 1
230 239 2
231 698 3
231 540 4
231 738 1
231 502 1
232 260 2
232 912 1
232 439 2
232 472 2
236 249 1
239 866 1
241 280 1
241 469 2
245 698 3
246 423 3
246 724 3
246 293 2
248 546 1
248 923 3
248 364 1
248 506 4
248 415 2
249 977 1
249 410 2
250 886 1
256 416 4
256 356 7
256 517 2
256 294 1
256 648 2
256 267 10
256 885 1
256 478 2
260 912 1
260 949 1
260 790 1
260 472 1
264 586 3
266 439 1
267 353 5
267 674 2
267 517 10
267 648 5
267 586 9
267 978 2
267 662 1
267 530 13
267 629 5
267 630 6
267 535 2
267 478 7
267 443 1
267 316 2
272 450 2
272 900 1
275 849 1
277 355 1
278 923 1
278 415 2
280 647 1
280 656 1
280 920 1
280 530 1
280 915 1
280 421 1
280 422 1
280 561 3
280 953 1
280 547 1
280 526 1
280 990 1
280 293 1
280 360 1
280 851 1
280 629 2
280 502 3
280 631 1
281 491 1
284 731 5
288 629 1
291 401 5
291 429 1
293 724 1
294 416 1
294 586 13
294 332 1
294 817 6
294 500 1
294 885 2
294 984 1
294 313 1
294 447 1
299 634 1
301 469 1
302 990 1
302 428 1
302 629 1
302 838 1
306 771 2
310 586 1
311 955 1
313 416 3
313 356 7
313 472 1
316 428 3
316 915 1
316 629 1
316 990 1
317 374 4
318 684 2
318 319 8
319 832 3
319 386 1
319 423 3
319 458 1
321 458 3
322 879 1
324 706 1
324 415 1
327 381 3
329 582 1
332 586 5
332 782 1
332 765 1
332 500 2
332 885 1
332 984 1
332 573 1
332 447 2
333 506 2
334 416 1
334 388 1
334 742 1
334 586 3
334 591 2
334 530 1
334 629 1
334 502 1
334 415 5
335 516 2
335 899 2
337 505 2
337 939 2
337 509 2
337 718 1
338 987 1
338 415 2
343 368 1
343 633 1
343 388 1
343 663 5
344 990 1
347 966 2
347 935 1
349 976 2
349 428 1
349 990 1
353 891 1
356 517 1
356 912 3
356 790 4
356 602 1
356 542 1
356 416 4
356 730 3
356 718 1
356 472 12
356 500 2
356 762 1
356 765 6
360 629 1
362 812 1
362 854 1
362 759 1
368 879 3
369 535 3
372 404 1
377 718 1
379 568 2
381 1001 4
381 643 5
383 528 1
383 586 4
383 531 1
383 887 5
388 832 1
388 718 1
388 534 2
388 509 1
398 712 1
398 450 5
399 1001 2
399 510 1
401 429 14
401 454 7
401 415 5
402 788 1
407 843 1
407 779 1
407 907 1
407 754 1
407 883 1
408 990 1
413 746 1
414 530 1
414 891 1
415 517 2
415 783 2
415 923 2
415 542 2
415 429 1
415 687 2
415 692 2
415 670 2
415 462 5
415 450 3
415 718 2
415 591 2
415 851 2
415 742 3
415 617 2
416 586 4
416 439 2
416 890 2
416 984 2
416 500 2
416 885 2
416 759 1
418 1001 1
418 996 65
418 977 14
420 879 1
421 469 2
422 680 1
422 696 1
422 731 5
423 866 1
423 977 3
423 988 1
424 795 1
424 469 1
424 630 3
428 530 1
428 915 4
428 629 2
428 953 3
428 857 4
428 990 1
429 454 4
435 686 1
439 912 1
443 742 3
443 662 1
444 535 4
447 586 5
450 802 4
450 900 3
450 742 7
450 776 5
450 712 1
450 568 1
454 592 3
458 844 2
458 684 5
458 558 1
458 565 1
461 586 1
464 980 4
469 512 4
469 614 1
469 817 1
469 957 1
469 547 2
469 851 1
469 795 1
469 954 1
469 990 2
471 629 1
472 912 1
474 510 1
479 586 1
480 1001 3
482 990 2
483 696 1
485 542 5
493 629 1
493 630 4
497 773 1
499 704 1
499 684 1
499 558 2
499 723 3
499 758 1
500 515 1
500 550 1
500 586 3
500 814 18
502 692 1
502 724 1
502 718 2
502 538 1
502 862 1
506 576 3
506 1001 12
506 850 1
509 832 3
509 510 1
510 977 4
516 761 2
517 546 1
522 843 1
522 718 1
526 629 1
530 685 7
530 915 1
530 629 7
530 630 11
530 591 1
530 891 17
530 542 1
534 591 3
535 722 1
535 823 1
538 700 1
538 693 1
540 546 2
540 955 6
540 698 3
540 582 1
541 738 1
541 923 1
542 718 1
542 823 3
543 990 1
543 991 2
546 550 1
546 684 1
546 687 1
546 923 2
547 978 1
548 879 1
552 817 1
558 844 1
558 684 4
558 565 1
559 622 2
561 658 1
561 629 1
565 844 1
565 684 1
568 660 1
568 947 1
572 609 1
572 731 2
573 868 2
575 814 1
581 936 4
581 594 1
582 994 3
584 731 4
586 690 1
586 947 1
586 948 1
586 837 1
586 718 1
586 984 3
586 617 2
586 885 3
586 762 2
586 765 1
591 742 1
591 718 3
591 696 1
592 609 1
595 718 1
602 868 1
602 743 4
603 780 2
607 696 3
607 700 1
609 629 1
617 923 3
622 676 2
622 780 2
626 703 1
629 772 1
629 880 1
629 685 1
629 658 1
629 978 1
629 846 1
629 752 1
629 630 1
629 631 1
629 890 1
629 891 5
630 685 11
633 923 2
634 950 1
638 706 1
638 700 1
638 790 2
643 685 5
644 738 1
644 996 9
644 1001 2
644 977 1
644 924 2
644 702 1
647 990 1
648 868 1
648 765 2
654 991 3
659 798 1
662 900 1
662 838 1
663 832 3
663 951 1
663 950 1
670 688 1
671 746 1
672 844 6
680 731 1
684 844 1
684 718 1
685 1001 2
687 923 1
687 718 1
692 742 2
692 746 3
698 840 3
698 873 3
698 764 3
700 838 1
700 812 1
700 790 1
702 977 1
716 1004 2
716 724 3
716 718 1
718 904 1
718 915 6
718 724 2
718 754 2
718 851 2
718 980 2
738 783 3
738 921 1
738 923 2
740 879 1
742 771 7
742 900 11
742 951 3
752 850 1
758 844 1
761 928 2
761 790 1
761 783 1
762 912 1
765 908 3
765 936 1
771 901 1
771 951 1
771 863 2
774 947 57
790 812 4
801 1001 2
832 936 1
844 918 3
844 956 4
851 978 1
851 891 1
857 915 4
857 990 1
858 991 1
862 909 3
883 915 2
885 889 1
890 923 2
915 990 1
915 952 1
921 923 1
924 1001 1
925 955 1
933 966 2
935 966 2
950 977 3
951 957 2
952 990 1
952 971 2
953 990 1
969 977 1
971 990 1
977 1001 5
977 1004 3
978 988 1
996 1001 1
