0
1
2
3
4
5
6
7
8
9
10
11
12
13
14
15
16
17
18
19
20
21
22
23
24
25
26
27
28
29
30
31
32
33
34
35
36
37
38
39
40
41
42
43
44
45
46
47
48
49
50
51
52
53
54
55
56
57
58
59
60
61
62
63
64
65
66
67
68
69
70
71
72
73
74
75
76
77
78
79
80
81
82
83
84
85
86
87
88
89
90
91
92
93
94
95
96
97
98
99
100
101
102
103
104
105
106
107
108
109
110
111
112
113
114
115
116
117
118
119
120
121
122
123
124
125
126
127
128
129
130
131
132
133
134
135
136
137
138
139
141
142
143
144
145
146
147
148
149
150
151
152
153
154
155
157
158
159
160
161
162
163
164
165
166
167
168
169
170
171
172
173
174
175
176
177
178
179
180
181
182
183
184
185
186
187
188
189
190
191
192
193
194
195
196
197
198
199
200
201
202
203
204
205
206
207
208
209
210
211
212
213
214
215
216
217
218
219
220
221
222
223
224
225
226
227
228
229
230
231
232
233
235
236
237
238
239
240
241
242
243
244
245
246
247
248
249
250
251
252
253
254
255
256
257
259
260
262
263
264
265
266
267
268
269
270
271
272
273
274
275
276
277
278
279
280
281
282
283
284
285
286
287
288
289
290
291
292
293
294
295
296
297
299
300
301
302
303
304
305
306
307
308
309
310
311
312
313
314
315
316
317
318
319
320
321
322
323
324
325
326
327
328
329
330
331
332
333
334
335
336
337
338
339
340
341
343
344
345
346
347
348
349
350
351
352
353
355
356
357
358
359
360
361
362
364
365
366
367
368
369
370
371
372
373
374
375
376
377
378
379
380
381
382
383
384
385
386
387
388
389
390
391
392
393
394
395
396
397
398
399
400
401
402
403
404
405
406
407
408
409
410
411
412
413
414
415
416
418
419
420
421
422
423
424
425
426
427
428
429
430
431
432
433
434
435
436
437
438
439
440
441
442
443
444
445
446
447
448
449
450
451
452
453
454
455
456
457
458
459
460
461
462
464
465
466
467
468
469
470
471
472
473
474
475
476
477
478
479
480
481
482
483
484
485
486
487
488
489
490
491
492
493
495
496
497
498
499
500
501
502
503
504
505
506
507
508
509
510
511
512
513
514
515
516
517
518
519
520
521
522
523
524
525
526
527
528
530
531
532
533
534
535
536
537
538
539
540
541
542
543
544
545
546
547
548
549
550
551
552
553
554
556
557
558
559
560
561
562
563
564
565
566
567
568
569
570
571
572
573
574
575
576
577
578
579
580
581
582
583
584
585
586
587
588
589
590
591
592
593
594
595
596
597
598
599
600
601
602
603
604
605
606
607
609
610
611
612
613
614
615
616
617
618
619
621
622
623
624
625
626
627
628
629
630
631
632
633
634
635
636
637
638
639
640
641
642
643
644
645
646
647
648
649
650
651
652
653
654
655
656
657
658
659
660
661
662
663
664
665
666
667
668
669
670
671
672
673
674
675
676
677
678
679
680
681
682
683
684
685
686
687
688
689
690
691
692
693
694
695
696
697
698
699
700
701
702
703
704
705
706
707
708
709
710
711
712
713
714
715
716
717
718
719
720
721
722
723
724
725
726
727
728
729
730
731
732
733
734
735
736
737
738
739
740
741
742
743
744
745
746
747
748
749
750
751
752
753
754
756
757
758
759
760
761
762
763
764
765
767
768
769
770
771
772
773
774
775
776
777
778
779
780
781
782
783
784
785
786
787
788
789
790
791
792
793
794
795
796
797
798
799
800
801
802
803
804
805
806
807
808
809
810
811
812
813
814
815
816
817
818
819
820
821
822
823
824
825
826
827
828
829
830
831
832
833
834
835
836
837
838
839
840
841
842
843
844
845
846
847
848
849
850
851
852
853
854
855
856
857
858
859
860
861
862
863
864
865
866
867
868
869
870
871
872
873
874
875
876
877
878
879
880
881
882
883
884
885
886
887
888
889
890
891
892
893
894
895
896
897
898
899
900
901
902
903
904
905
906
907
908
909
910
911
912
913
914
915
916
917
918
919
920
921
922
923
924
925
926
927
928
929
930
931
932
933
934
935
936
937
938
939
940
941
942
943
944
945
946
947
948
949
950
951
952
953
954
955
956
957
958
960
961
962
963
964
965
966
967
968
969
970
971
972
973
974
975
976
977
978
979
980
981
982
983
984
985
986
987
988
989
990
991
992
993
994
995
996
997
998
999
1000
1001
1002
1003
1004
0 249 1
0 178 1
0 118 3
2 790 2
2 812 1
2 318 1
2 118 2
4 371 1
4 135 1
5 553 1
5 29 2
5 670 1
5 175 2
6 249 1
6 178 1
13 516 1
13 14 1
14 1001 2
14 881 1
14 850 1
14 506 7
14 924 4
16 754 1
16 883 3
16 541 3
17 200 1
17 165 3
19 377 1
24 280 1
24 891 6
25 48 1
25 458 1
28 987 2
29 808 2
30 936 7
30 765 1
31 200 1
31 428 1
31 165 2
32 214 2
32 791 1
35 469 1
35 207 1
38 337 1
38 782 2
38 591 2
40 802 2
40 196 2
40 198 1
40 488 1
40 712 1
40 568 2
40 890 1
40 187 2
41 723 5
42 638 3
45 52 1
46 310 8
48 458 1
48 558 1
48 216 7
48 956 1
48 319 1
50 559 8
52 416 1
52 66 1
52 326 1
52 201 1
52 948 2
52 313 1
53 609 1
53 865 1
53 272 1
53 343 2
53 633 1
53 923 1
56 994 2
56 987 3
56 692 1
56 951 1
58 818 1
61 900 1
61 502 1
61 393 1
61 718 5
61 272 1
61 692 2
61 662 1
62 800 2
62 646 13
62 551 1
62 369 3
62 722 1
62 542 7
66 966 1
67 963 5
67 165 3
67 454 1
68 987 2
68 251 1
70 324 3
70 509 1
70 534 1
70 309 1
74 256 1
74 674 1
74 166 1
74 294 4
74 586 2
74 110 4
74 112 2
74 782 1
74 126 2
75 416 1
75 609 1
75 772 2
75 107 1
75 334 2
75 850 1
75 948 1
75 220 1
75 607 1
77 168 1
78 178 1
78 951 1
83 306 2
83 771 1
86 152 5
86 443 4
86 662 1
86 703 1
90 850 1
90 644 2
90 742 6
90 714 2
90 107 2
90 940 1
90 813 2
90 718 3
90 720 2
90 178 3
90 883 1
90 980 2
90 502 1
90 628 4
90 987 1
90 668 1
90 509 1
91 607 1
92 200 1
95 987 2
96 638 1
98 707 7
98 454 4
98 134 7
98 713 7
98 107 7
98 268 7
98 429 5
98 592 9
98 401 4
98 291 3
98 117 6
98 278 8
101 246 3
101 423 2
103 977 1
103 950 3
103 310 5
103 423 7
104 256 2
104 416 1
104 648 1
104 425 2
104 908 2
104 721 3
104 790 2
104 765 1
105 418 12
105 996 1
107 718 1
107 464 1
107 670 2
112 416 1
112 674 7
112 803 4
112 517 2
112 746 2
112 267 2
112 948 2
112 313 2
113 722 1
113 854 2
117 268 1
118 790 1
118 365 2
118 502 1
119 812 1
120 772 1
120 274 1
120 196 1
124 722 1
126 294 3
126 648 2
126 586 5
126 573 2
126 500 6
126 790 7
126 984 4
126 889 2
126 250 3
127 890 2
127 334 1
128 765 1
132 638 1
134 592 7
134 168 1
134 923 1
135 581 3
135 742 6
135 137 1
135 942 2
135 337 2
135 628 8
135 405 3
135 855 2
135 517 1
136 200 1
136 344 1
137 306 1
139 477 1
142 200 4
142 344 1
142 915 3
142 214 2
142 267 4
147 416 1
147 931 1
147 196 1
147 214 2
147 607 3
149 849 1
151 253 1
152 443 6
153 977 4
153 322 2
157 248 1
157 586 4
157 746 3
157 334 2
157 591 1
159 776 1
159 724 1
159 214 1
159 334 4
160 280 1
160 915 1
164 638 5
165 200 1
165 401 6
165 344 3
166 674 1
166 743 2
166 232 1
166 782 2
166 602 2
166 586 3
167 920 1
167 274 2
167 851 1
167 469 1
168 260 5
168 648 11
168 266 1
168 782 4
168 912 26
168 472 8
168 790 20
168 416 3
168 556 1
168 949 9
168 439 2
168 313 1
168 699 1
168 575 1
168 966 1
168 598 2
168 984 3
168 356 7
168 232 8
168 759 3
168 765 2
170 855 1
173 881 1
173 850 1
175 849 6
175 275 3
175 423 3
178 470 2
178 409 1
178 538 1
178 415 1
178 295 1
178 693 4
178 569 1
178 607 1
178 189 3
178 710 1
178 333 3
178 976 1
178 339 1
178 718 1
178 214 2
178 599 1
178 605 1
178 862 1
178 991 1
178 464 6
178 228 1
178 502 6
178 249 1
178 250 1
178 767 1
185 833 2
185 850 1
185 830 2
188 851 1
188 469 1
188 502 1
189 249 1
189 724 1
189 410 2
190 274 1
191 692 2
191 415 1
192 381 5
193 923 1
194 951 3
196 291 2
196 454 2
196 268 1
196 429 2
196 850 1
197 881 1
197 850 2
197 923 1
199 738 1
199 996 3
199 881 1
199 850 1
199 506 1
199 923 1
199 924 1
199 541 2
200 428 1
200 971 2
200 647 1
200 344 4
200 915 7
200 302 2
200 953 1
200 543 1
200 952 3
200 857 1
200 316 1
200 349 1
200 990 1
200 383 1
205 841 1
205 763 1
207 421 2
207 424 5
207 373 2
207 795 2
207 469 2
209 356 1
214 290 2
214 278 1
214 746 12
214 940 2
214 912 2
214 306 1
214 502 11
214 951 1
214 633 1
214 738 4
216 844 1
221 746 1
223 746 1
223 879 2
225 407 3
228 605 3
228 502 3
228 333 1
230 577 1
231 738 1
231 338 1
231 245 1
231 698 1
231 987 2
231 540 1
231 830 1
232 782 1
232 946 4
232 790 1
232 472 2
232 250 2
233 692 1
233 245 1
235 923 1
236 537 4
239 530 1
239 923 2
239 951 2
241 469 1
245 329 2
245 624 1
245 264 1
245 540 1
245 873 1
245 698 1
245 987 2
245 764 2
245 830 1
246 724 2
246 423 4
248 506 1
248 364 1
248 334 3
248 591 1
251 506 2
251 987 2
253 290 1
253 566 1
256 416 3
256 854 3
256 313 2
257 876 1
260 912 5
260 790 4
260 313 3
266 416 1
266 313 1
267 517 2
267 530 7
267 435 28
267 948 1
268 291 1
268 454 1
268 713 1
268 683 1
268 592 1
268 633 1
270 881 1
270 850 1
273 951 2
274 920 1
274 841 3
275 849 5
275 479 2
277 746 4
277 700 1
280 288 1
280 739 2
280 502 1
280 614 1
280 360 1
280 658 1
280 685 1
280 526 1
280 493 1
280 561 2
280 530 1
280 851 1
280 846 1
280 630 1
280 631 1
280 891 1
280 445 1
280 629 1
281 905 3
281 586 1
288 391 2
288 493 4
288 561 4
288 629 4
288 445 2
290 669 1
291 429 1
291 401 1
292 364 1
294 573 2
294 817 5
294 586 1
294 447 1
299 634 2
299 509 1
299 638 1
299 559 2
301 469 1
302 454 1
305 425 1
306 771 1
306 742 3
306 362 2
306 784 1
308 418 1
310 586 2
310 343 1
310 477 9
310 638 2
311 987 2
311 955 3
313 416 2
313 356 3
313 949 1
313 439 1
316 915 4
316 428 2
322 663 1
322 334 2
322 591 1
324 638 3
326 586 3
329 819 1
329 540 1
332 586 1
332 500 2
332 782 1
333 767 1
334 772 2
334 776 3
334 746 1
334 522 1
334 692 3
334 534 1
334 343 2
335 664 5
335 553 2
337 870 2
337 854 2
337 505 1
337 603 1
337 509 1
338 987 3
341 915 1
343 609 1
343 388 1
343 879 4
344 952 1
346 638 1
347 933 1
349 976 3
353 920 1
356 416 1
356 743 2
356 586 1
356 912 2
356 648 1
356 633 2
356 472 4
356 730 4
360 891 1
360 629 1
360 526 1
361 987 2
362 528 2
362 909 1
362 383 6
364 987 2
365 866 3
369 444 1
371 585 1
372 595 2
372 404 1
377 422 2
377 423 1
377 457 2
377 685 1
377 718 2
377 951 1
377 410 3
378 603 1
378 950 1
379 568 1
381 532 4
381 924 3
381 468 2
383 720 3
383 517 1
383 528 2
383 586 5
388 534 1
388 638 1
391 891 1
392 948 1
401 454 3
401 429 8
401 415 2
407 951 2
409 724 1
410 994 2
415 429 1
415 454 1
416 912 1
416 949 2
416 586 3
416 556 3
416 782 3
416 721 2
416 946 5
416 648 2
416 948 8
416 439 1
416 765 1
418 996 15
418 977 3
421 424 2
421 795 1
421 469 1
423 832 3
423 849 1
424 469 1
424 795 3
425 946 2
425 908 2
425 765 5
427 955 3
428 851 1
428 857 1
428 915 8
428 990 1
429 454 2
432 809 1
432 987 2
432 468 1
433 890 1
433 987 5
433 572 1
433 994 1
438 818 1
439 912 1
440 737 1
444 722 1
444 854 2
444 535 1
447 586 2
454 544 1
454 609 2
454 713 2
454 706 1
454 592 3
454 948 3
454 629 1
454 772 1
454 752 1
458 844 1
458 558 2
468 643 1
469 512 2
469 547 2
469 614 1
469 817 1
469 954 1
469 795 1
469 957 1
472 782 1
472 946 2
472 790 1
478 818 1
480 987 2
482 987 3
485 722 1
488 568 2
493 530 1
493 629 2
493 630 10
493 795 3
499 684 3
500 814 2
500 782 1
500 687 1
502 546 1
502 690 1
502 687 1
502 976 1
502 851 1
502 724 4
502 923 1
505 603 1
505 509 1
506 576 1
506 923 2
506 644 1
506 1001 3
506 682 3
506 881 1
506 850 1
506 996 1
506 924 1
506 541 1
509 603 1
509 638 1
510 534 3
514 977 1
514 603 1
514 950 1
516 804 1
516 881 1
516 532 1
516 790 1
516 761 1
516 700 1
517 803 2
517 746 5
517 948 1
522 546 1
528 909 1
528 589 2
528 922 1
528 670 1
530 685 1
530 718 1
530 915 1
530 724 4
530 629 12
530 630 4
530 891 3
531 994 2
531 987 16
532 804 1
534 746 1
534 939 4
535 722 1
540 955 4
540 774 1
540 698 1
540 987 2
541 881 1
541 850 1
541 923 3
542 746 1
542 595 1
542 722 1
542 823 1
546 550 1
550 854 2
553 808 1
558 684 2
559 622 6
561 846 1
563 696 4
565 684 1
568 947 3
568 695 1
569 718 1
572 614 1
573 984 2
573 586 5
576 881 1
576 850 1
581 609 1
581 855 1
582 987 2
585 862 1
586 782 7
586 687 1
586 948 2
586 854 1
587 720 7
591 746 2
591 593 1
591 663 1
591 607 3
592 609 5
592 713 1
592 948 4
592 923 1
593 712 1
593 718 1
593 687 1
595 668 1
595 915 1
602 984 1
602 743 2
603 780 1
603 822 1
603 735 1
605 693 1
607 987 1
607 718 1
607 915 1
609 772 1
609 923 4
613 718 1
614 954 1
624 738 3
629 915 2
629 890 1
629 891 1
630 685 2
633 743 1
634 638 1
638 832 1
638 788 2
638 853 1
638 700 1
641 987 2
643 685 1
644 850 1
646 722 1
648 946 1
648 765 1
650 682 4
650 738 1
650 654 1
650 783 2
654 881 1
654 682 2
654 850 1
657 881 1
657 850 1
663 706 1
663 951 12
666 881 1
668 935 1
668 746 10
668 813 2
668 720 1
669 951 1
671 752 1
674 948 1
680 707 1
682 738 2
682 783 2
684 704 2
684 844 4
687 870 1
687 776 1
687 923 3
688 898 1
692 834 2
692 742 1
692 775 1
692 746 5
692 994 1
693 700 1
696 915 1
697 855 1
698 764 1
698 840 1
698 873 1
698 987 2
700 812 2
700 790 2
700 956 2
702 881 1
702 850 1
704 743 2
707 951 1
716 724 1
718 866 2
718 843 1
718 1004 3
718 883 1
718 724 5
719 881 1
719 738 3
719 850 1
720 833 1
720 935 2
720 746 6
720 813 1
721 765 2
722 854 1
722 823 1
724 796 1
730 912 2
737 849 3
738 881 1
738 850 1
738 921 1
740 832 1
742 900 9
742 890 1
743 765 1
745 881 1
745 850 1
746 803 5
746 935 14
746 813 19
761 804 4
764 840 4
764 994 2
764 987 2
765 946 3
769 830 2
771 784 1
773 955 3
774 947 138
776 900 1
780 977 1
782 912 1
782 854 2
783 881 1
783 923 1
783 850 1
789 987 2
790 812 2
796 977 1
803 948 4
804 881 3
804 850 1
809 987 2
813 935 2
817 851 1
832 950 1
833 850 1
837 881 1
837 850 1
838 952 1
840 873 1
840 987 2
849 921 3
849 987 2
850 921 1
850 979 1
850 996 1
850 1001 1
850 881 2
851 920 3
857 915 2
862 909 4
872 987 2
873 955 1
873 987 2
879 939 2
881 921 1
881 928 1
881 979 1
881 996 1
881 1001 1
883 915 1
890 923 1
912 923 1
918 946 2
921 923 2
923 951 2
925 987 2
925 955 3
933 966 1
950 1001 4
950 977 2
951 957 2
955 987 2
977 1004 3
983 987 1
987 994 3
