0
1
2
3
4
5
6
7
8
9
10
11
12
13
14
15
16
17
18
19
20
21
22
23
24
25
26
27
28
29
30
31
32
33
34
35
36
37
38
39
40
41
42
43
44
45
46
47
48
49
50
51
52
53
54
55
56
57
58
59
60
61
62
63
64
65
66
67
68
69
70
71
72
73
74
75
76
77
78
79
80
81
82
83
84
85
86
87
88
89
90
91
92
93
94
95
96
97
98
99
100
101
102
103
104
105
106
107
108
109
110
111
112
113
114
115
116
117
118
119
120
121
122
123
124
125
126
127
128
129
130
131
132
133
134
135
136
137
138
139
141
142
143
144
145
146
147
148
149
150
151
152
153
154
155
157
158
159
160
161
162
163
164
165
166
167
168
169
170
171
172
173
174
175
176
177
178
179
180
181
182
183
184
185
186
187
188
189
190
191
192
193
194
195
196
197
198
199
200
201
202
203
204
205
206
207
208
209
210
211
212
213
214
215
216
217
218
219
220
221
222
223
224
225
226
227
228
229
230
231
232
233
235
236
237
238
239
240
241
242
243
244
245
246
247
248
249
250
251
252
253
254
255
256
257
259
260
262
263
264
265
266
267
268
269
270
271
272
273
274
275
276
277
278
279
280
281
282
283
284
285
286
287
288
289
290
291
292
293
294
295
296
297
299
300
301
302
303
304
305
306
307
308
309
310
311
312
313
314
315
316
317
318
319
320
321
322
323
324
325
326
327
328
329
330
331
332
333
334
335
336
337
338
339
340
341
343
344
345
346
347
348
349
350
351
352
353
355
356
357
358
359
360
361
362
364
365
366
367
368
369
370
371
372
373
374
375
376
377
378
379
380
381
382
383
384
385
386
387
388
389
390
391
392
393
394
395
396
397
398
399
400
401
402
403
404
405
406
407
408
409
410
411
412
413
414
415
416
418
419
420
421
422
423
424
425
426
427
428
429
430
431
432
433
434
435
436
437
438
439
440
441
442
443
444
445
446
447
448
449
450
451
452
453
454
455
456
457
458
459
460
461
462
464
465
466
467
468
469
470
471
472
473
474
475
476
477
478
479
480
481
482
483
484
485
486
487
488
489
490
491
492
493
495
496
497
498
499
500
501
502
503
504
505
506
507
508
509
510
511
512
513
514
515
516
517
518
519
520
521
522
523
524
525
526
527
528
530
531
532
533
534
535
536
537
538
539
540
541
542
543
544
545
546
547
548
549
550
551
552
553
554
556
557
558
559
560
561
562
563
564
565
566
567
568
569
570
571
572
573
574
575
576
577
578
579
580
581
582
583
584
585
586
587
588
589
590
591
592
593
594
595
596
597
598
599
600
601
602
603
604
605
606
607
609
610
611
612
613
614
615
616
617
618
619
621
622
623
624
625
626
627
628
629
630
631
632
633
634
635
636
637
638
639
640
641
642
643
644
645
646
647
648
649
650
651
652
653
654
655
656
657
658
659
660
661
662
663
664
665
666
667
668
669
670
671
672
673
674
675
676
677
678
679
680
681
682
683
684
685
686
687
688
689
690
691
692
693
694
695
696
697
698
699
700
701
702
703
704
705
706
707
708
709
710
711
712
713
714
715
716
717
718
719
720
721
722
723
724
725
726
727
728
729
730
731
732
733
734
735
736
737
738
739
740
741
742
743
744
745
746
747
748
749
750
751
752
753
754
756
757
758
759
760
761
762
763
764
765
767
768
769
770
771
772
773
774
775
776
777
778
779
780
781
782
783
784
785
786
787
788
789
790
791
792
793
794
795
796
797
798
799
800
801
802
803
804
805
806
807
808
809
810
811
812
813
814
815
816
817
818
819
820
821
822
823
824
825
826
827
828
829
830
831
832
833
834
835
836
837
838
839
840
841
842
843
844
845
846
847
848
849
850
851
852
853
854
855
856
857
858
859
860
861
862
863
864
865
866
867
868
869
870
871
872
873
874
875
876
877
878
879
880
881
882
883
884
885
886
887
888
889
890
891
892
893
894
895
896
897
898
899
900
901
902
903
904
905
906
907
908
909
910
911
912
913
914
915
916
917
918
919
920
921
922
923
924
925
926
927
928
929
930
931
932
933
934
935
936
937
938
939
940
941
942
943
944
945
946
947
948
949
950
951
952
953
954
955
956
957
958
960
961
962
963
964
965
966
967
968
969
970
971
972
973
974
975
976
977
978
979
980
981
982
983
984
985
986
987
988
989
990
991
992
993
994
995
996
997
998
999
1000
1001
1002
1003
1004
0 249 1
0 178 1
0 502 1
2 700 1
2 500 2
2 77 4
2 334 1
2 465 1
4 371 4
4 135 1
5 506 3
5 107 4
5 29 1
6 249 1
6 178 2
13 738 1
13 443 1
13 516 1
13 951 1
14 611 10
14 1001 1
14 881 3
14 702 16
14 506 4
14 924 4
14 382 1
15 680 1
17 915 1
17 316 2
24 280 2
24 891 8
24 629 1
24 630 3
25 956 1
28 624 1
28 987 1
29 808 1
29 107 2
29 670 2
30 704 1
30 416 3
30 356 5
30 790 4
30 472 1
30 868 4
30 765 1
31 428 1
31 316 2
31 165 2
32 921 1
32 923 2
32 197 1
32 134 2
32 791 3
35 978 2
35 167 1
38 832 1
38 322 1
38 324 1
38 939 1
38 591 1
38 534 1
38 388 1
38 638 4
40 193 1
40 731 1
40 978 1
40 629 1
40 214 1
40 569 1
40 187 1
40 572 1
40 190 1
42 832 2
42 534 1
45 126 2
48 1000 1
52 232 2
52 648 1
52 472 1
52 790 4
52 126 2
53 120 1
53 633 1
53 193 1
56 329 1
56 987 2
56 214 1
58 909 4
61 450 1
61 356 1
61 517 1
61 742 1
61 135 1
61 522 3
61 716 1
61 718 1
61 591 1
61 178 1
61 851 1
61 692 1
61 502 3
61 388 1
61 122 2
61 915 1
61 542 1
62 800 6
62 120 5
62 542 1
62 646 1
65 193 4
65 220 3
65 435 2
65 948 1
65 278 1
65 316 2
66 126 4
67 963 8
67 165 2
67 391 2
67 846 2
67 207 2
67 344 3
68 987 1
70 415 1
70 388 2
70 334 1
70 383 1
73 314 1
73 926 1
74 674 2
74 166 3
74 294 8
74 392 1
74 782 1
74 112 9
74 948 2
74 214 1
75 220 2
75 415 1
75 772 3
75 193 1
77 260 1
77 168 3
77 912 5
77 232 1
77 948 1
77 759 1
77 472 2
77 126 2
78 249 1
78 178 1
78 951 1
82 628 1
82 135 1
84 474 2
88 106 1
88 950 3
88 879 3
90 107 2
90 260 3
90 742 2
90 199 1
90 361 1
90 651 1
90 940 1
90 980 1
90 334 1
90 335 1
90 464 1
90 625 1
90 178 1
90 948 3
90 953 1
90 356 3
90 316 2
91 833 1
92 953 1
92 915 2
92 316 5
92 349 9
95 987 1
96 388 1
96 638 1
98 429 1
99 249 1
99 178 1
99 786 1
99 862 1
99 502 1
101 724 1
101 246 1
103 977 1
103 943 2
105 418 1
107 192 1
107 898 1
107 899 1
107 236 1
107 652 1
107 643 2
107 532 1
107 664 2
107 537 1
107 670 5
107 289 1
107 808 2
107 553 4
107 810 1
107 175 1
107 688 2
107 393 1
107 696 1
107 320 3
107 962 1
107 327 2
107 201 4
107 335 3
107 464 1
107 980 2
107 985 2
107 208 2
107 1004 2
107 118 2
107 468 1
107 381 3
109 913 2
109 356 3
111 790 1
112 674 3
112 356 4
112 166 1
112 392 3
112 267 2
113 163 2
114 479 1
118 502 2
120 196 2
120 752 1
120 948 2
120 772 4
125 139 1
125 622 1
126 168 1
126 586 5
126 435 1
126 948 2
126 573 2
127 866 3
127 595 1
127 732 2
127 718 2
129 926 1
130 178 1
133 356 3
134 738 1
134 948 5
135 581 1
135 870 3
135 292 1
135 936 1
135 334 2
135 371 1
135 628 2
135 153 1
135 692 2
135 383 3
136 200 4
136 915 1
136 316 2
141 978 2
141 915 1
141 469 1
141 614 1
142 915 1
142 316 2
143 410 2
147 416 3
147 577 1
147 546 3
147 931 2
147 933 1
147 715 4
147 454 3
147 972 1
147 171 3
147 748 1
147 590 2
147 255 2
147 355 1
147 277 3
147 347 1
147 383 1
147 285 1
147 926 4
147 686 1
150 752 2
150 833 1
150 191 1
150 471 1
151 923 2
151 566 2
151 278 3
152 443 1
153 482 1
153 995 1
153 836 1
153 581 1
153 329 1
153 746 1
153 1004 2
153 588 1
153 418 4
153 977 9
153 969 1
153 1001 1
153 692 1
153 245 1
153 855 1
153 996 3
153 764 1
155 784 2
157 740 2
157 277 2
157 686 2
160 629 1
163 646 1
164 879 2
165 207 1
165 401 2
165 344 1
165 316 2
166 674 1
166 782 1
166 500 6
166 951 1
166 586 4
167 978 4
167 851 2
167 547 1
168 260 4
168 966 2
168 232 2
168 425 6
168 332 5
168 912 44
168 744 1
168 949 1
168 439 1
168 472 2
168 356 5
168 730 2
168 313 1
168 868 1
168 575 1
170 840 1
170 581 1
170 231 1
171 590 1
171 926 1
173 506 4
175 335 1
178 409 1
178 538 1
178 415 1
178 929 1
178 295 1
178 693 1
178 569 1
178 314 1
178 710 1
178 333 1
178 976 1
178 339 1
178 470 3
178 599 1
178 605 3
178 862 1
178 991 1
178 228 3
178 359 3
178 362 1
178 749 5
178 502 10
178 249 2
178 767 1
184 843 1
188 920 1
188 978 2
188 851 1
189 994 5
189 546 1
189 718 2
189 595 2
189 980 1
189 410 1
191 948 2
193 546 1
193 454 1
193 935 1
193 850 1
193 500 3
193 633 2
193 629 1
196 429 1
199 506 9
199 541 1
199 654 1
200 971 4
200 344 1
200 915 1
200 952 2
200 543 1
200 316 4
200 351 4
206 622 1
207 428 2
207 978 2
207 469 2
207 630 1
207 349 1
207 373 1
214 609 3
214 450 1
214 518 1
214 776 3
214 712 1
214 334 1
214 912 6
214 595 2
214 500 12
214 951 2
214 948 1
214 923 1
214 316 1
214 586 2
214 542 1
216 321 2
224 316 2
224 349 6
228 249 1
228 502 1
229 293 2
231 736 2
231 994 2
231 749 2
231 987 1
231 540 2
231 874 2
232 356 2
232 425 3
232 744 1
232 472 6
232 313 2
233 692 1
235 948 1
243 995 1
245 874 2
245 987 1
245 540 2
246 423 1
248 550 1
248 334 1
249 519 1
249 409 1
249 538 1
249 929 1
249 693 2
249 314 1
249 710 1
249 333 1
249 976 1
249 470 1
249 599 1
249 605 1
249 862 1
249 991 1
249 502 1
249 767 1
250 425 1
250 948 3
251 987 1
256 356 1
257 948 1
260 948 2
263 369 4
264 955 3
266 912 2
267 984 1
267 586 8
267 891 2
267 435 2
272 443 1
274 920 1
274 851 3
278 316 2
278 923 2
278 500 2
280 902 3
280 658 1
280 846 1
280 530 1
280 851 2
280 629 1
280 920 1
280 731 1
280 915 3
281 329 1
281 497 2
284 731 3
288 610 6
288 484 6
288 773 6
288 391 9
288 846 8
288 629 9
288 630 1
293 568 3
293 538 1
293 724 1
293 550 1
294 586 3
294 782 1
300 784 1
301 978 2
302 316 2
306 784 1
306 863 1
306 659 1
306 742 2
306 703 2
310 943 1
310 343 1
311 840 3
311 987 1
311 955 1
313 356 5
313 425 1
313 912 5
313 948 2
313 472 1
313 730 2
314 929 2
314 605 1
316 647 2
316 915 24
316 920 1
316 543 2
316 428 5
316 952 2
316 953 3
316 962 1
316 971 2
316 344 2
316 857 4
316 349 4
316 990 2
316 351 2
316 888 2
318 704 2
318 684 3
319 499 2
319 956 1
320 337 2
320 1004 1
321 618 1
321 499 1
321 684 2
321 558 1
322 638 1
322 879 1
323 649 1
326 587 1
329 471 1
329 427 1
329 910 1
329 624 2
329 819 1
332 912 8
332 500 8
332 356 1
332 951 1
333 767 1
334 772 2
334 586 1
334 687 1
334 435 1
334 692 1
334 500 2
334 746 1
334 638 1
335 643 3
336 926 5
337 505 2
337 581 2
337 479 1
338 849 1
338 987 2
343 399 1
343 950 2
343 663 1
347 926 1
349 953 2
353 391 3
356 602 3
356 721 2
356 744 2
356 912 10
356 472 19
356 730 5
356 948 1
360 629 1
361 987 2
364 670 1
365 732 1
369 936 1
369 535 2
369 518 2
371 870 1
372 700 1
373 391 3
377 457 2
377 718 2
378 977 3
378 514 1
379 568 1
379 813 1
381 532 7
381 670 1
383 581 1
383 720 5
383 433 1
383 629 2
387 978 1
388 832 2
390 784 9
391 610 2
392 674 1
401 429 2
401 415 2
407 538 3
407 732 1
414 891 5
414 746 1
414 995 1
415 811 1
415 429 5
416 425 11
416 912 1
416 948 6
416 790 8
418 977 5
418 996 3
421 978 2
422 731 1
423 832 2
424 978 2
425 868 2
425 721 1
425 912 6
425 946 8
425 948 9
425 472 3
425 602 1
425 765 4
427 955 1
428 915 10
428 857 1
428 953 9
429 454 2
433 482 2
433 987 3
433 994 2
435 782 1
435 586 3
435 500 6
435 885 1
435 951 1
435 948 3
439 912 1
443 662 3
443 742 1
444 535 5
454 772 3
458 1000 1
458 956 10
458 503 1
464 980 1
466 782 1
469 978 2
469 851 2
470 789 4
471 587 1
471 617 1
472 744 3
472 721 2
472 912 6
472 535 1
472 602 5
472 730 1
472 575 1
474 939 1
480 987 1
482 987 2
482 540 2
484 493 1
484 629 1
485 542 1
493 629 1
499 704 2
499 684 1
499 844 1
499 723 2
499 758 2
500 586 11
500 687 3
500 948 1
500 814 3
500 951 2
500 923 1
502 854 1
502 749 1
502 528 2
502 786 2
502 978 1
502 851 1
502 693 5
502 538 2
502 605 1
503 704 1
506 1001 2
506 850 1
506 828 1
506 541 1
512 978 3
512 630 2
513 518 1
514 832 1
514 1001 1
514 780 1
514 977 4
514 950 3
516 828 3
518 854 3
518 752 1
518 722 3
518 895 2
518 799 1
526 629 1
527 870 2
528 909 1
530 891 4
530 629 7
530 630 1
531 987 1
535 542 1
535 854 1
540 641 2
540 987 1
540 874 2
540 994 1
540 624 9
540 855 1
540 633 2
540 698 1
540 955 4
541 644 1
541 996 1
541 850 2
542 823 1
542 895 1
546 715 1
547 978 2
552 858 1
552 978 2
553 670 1
558 704 1
558 1000 1
558 565 1
559 622 2
561 629 5
565 684 2
565 926 1
572 696 1
572 749 2
574 948 1
575 966 2
577 926 4
582 994 1
582 987 1
582 790 1
586 687 2
586 782 2
586 984 3
586 730 1
586 923 1
586 915 1
590 933 1
591 638 1
595 718 1
599 693 1
602 721 3
602 948 2
607 687 1
609 923 1
609 772 2
613 738 1
614 978 2
614 991 1
617 811 1
617 923 2
622 676 1
628 870 1
629 658 1
629 685 7
629 846 1
629 630 4
629 631 1
629 891 4
629 750 1
633 772 2
641 987 1
643 1004 1
643 685 2
644 1001 6
644 996 2
644 924 2
644 783 1
647 915 1
648 721 1
648 948 1
648 765 2
648 790 1
650 682 4
654 738 2
654 783 1
654 991 1
657 921 1
658 902 2
659 703 1
662 813 1
662 782 2
663 950 1
668 746 2
672 946 2
680 707 1
680 870 1
681 951 1
684 844 2
687 923 1
696 995 1
698 987 1
699 948 1
700 790 1
700 991 2
703 784 3
704 844 2
704 765 1
707 923 1
711 718 1
715 926 7
718 904 1
718 754 2
719 738 1
720 935 8
721 743 1
721 948 1
721 765 2
724 1004 4
730 912 4
738 837 2
738 745 1
738 783 1
738 828 1
743 948 1
743 782 1
744 912 3
744 946 2
746 935 5
746 813 7
748 926 1
749 854 1
752 833 1
752 786 1
754 907 1
761 850 1
762 984 2
764 874 2
764 987 1
765 948 1
772 951 2
772 923 4
774 947 6
778 881 1
779 843 1
780 977 2
782 915 9
786 862 1
789 987 1
790 868 7
790 812 2
790 948 1
795 978 2
796 987 1
809 987 2
817 978 2
817 851 1
823 895 1
832 977 3
832 951 1
840 874 2
840 925 1
840 987 1
843 883 1
843 907 1
849 987 1
851 978 3
851 920 1
857 915 4
863 994 1
866 951 1
867 909 1
868 948 3
872 987 1
873 874 2
873 987 1
874 925 2
878 929 1
880 946 3
890 962 1
890 923 2
890 948 1
891 995 2
912 948 3
912 949 1
915 917 1
925 955 1
946 948 2
950 977 4
954 978 2
955 987 2
957 978 3
969 977 3
977 996 3
977 1004 5
977 1001 1
978 988 2
987 994 1
