0
1
2
3
4
5
6
7
8
9
10
11
12
13
14
15
16
17
18
19
20
21
22
23
24
25
26
27
28
29
30
31
32
33
34
35
36
37
38
39
40
41
42
43
44
45
46
47
48
49
50
51
52
53
54
55
56
57
58
59
60
61
62
63
64
65
66
67
68
69
70
71
72
73
74
75
76
77
78
79
80
81
82
83
84
85
86
87
88
89
90
91
92
93
94
95
96
97
98
99
100
101
102
103
104
105
106
107
108
109
110
111
112
113
114
115
116
117
118
119
120
121
122
123
124
125
126
127
128
129
130
131
132
133
134
135
136
137
138
139
141
142
143
144
145
146
147
148
149
150
151
152
153
154
155
157
158
159
160
161
162
163
164
165
166
167
168
169
170
171
172
173
174
175
176
177
178
179
180
181
182
183
184
185
186
187
188
189
190
191
192
193
194
195
196
197
198
199
200
201
202
203
204
205
206
207
208
209
210
211
212
213
214
215
216
217
218
219
220
221
222
223
224
225
226
227
228
229
230
231
232
233
235
236
237
238
239
240
241
242
243
244
245
246
247
248
249
250
251
252
253
254
255
256
257
259
260
262
263
264
265
266
267
268
269
270
271
272
273
274
275
276
277
278
279
280
281
282
283
284
285
286
287
288
289
290
291
292
293
294
295
296
297
299
300
301
302
303
304
305
306
307
308
309
310
311
312
313
314
315
316
317
318
319
320
321
322
323
324
325
326
327
328
329
330
331
332
333
334
335
336
337
338
339
340
341
343
344
345
346
347
348
349
350
351
352
353
355
356
357
358
359
360
361
362
364
365
366
367
368
369
370
371
372
373
374
375
376
377
378
379
380
381
382
383
384
385
386
387
388
389
390
391
392
393
394
395
396
397
398
399
400
401
402
403
404
405
406
407
408
409
410
411
412
413
414
415
416
418
419
420
421
422
423
424
425
426
427
428
429
430
431
432
433
434
435
436
437
438
439
440
441
442
443
444
445
446
447
448
449
450
451
452
453
454
455
456
457
458
459
460
461
462
464
465
466
467
468
469
470
471
472
473
474
475
476
477
478
479
480
481
482
483
484
485
486
487
488
489
490
491
492
493
495
496
497
498
499
500
501
502
503
504
505
506
507
508
509
510
511
512
513
514
515
516
517
518
519
520
521
522
523
524
525
526
527
528
530
531
532
533
534
535
536
537
538
539
540
541
542
543
544
545
546
547
548
549
550
551
552
553
554
556
557
558
559
560
561
562
563
564
565
566
567
568
569
570
571
572
573
574
575
576
577
578
579
580
581
582
583
584
585
586
587
588
589
590
591
592
593
594
595
596
597
598
599
600
601
602
603
604
605
606
607
609
610
611
612
613
614
615
616
617
618
619
621
622
623
624
625
626
627
628
629
630
631
632
633
634
635
636
637
638
639
640
641
642
643
644
645
646
647
648
649
650
651
652
653
654
655
656
657
658
659
660
661
662
663
664
665
666
667
668
669
670
671
672
673
674
675
676
677
678
679
680
681
682
683
684
685
686
687
688
689
690
691
692
693
694
695
696
697
698
699
700
701
702
703
704
705
706
707
708
709
710
711
712
713
714
715
716
717
718
719
720
721
722
723
724
725
726
727
728
729
730
731
732
733
734
735
736
737
738
739
740
741
742
743
744
745
746
747
748
749
750
751
752
753
754
756
757
758
759
760
761
762
763
764
765
767
768
769
770
771
772
773
774
775
776
777
778
779
780
781
782
783
784
785
786
787
788
789
790
791
792
793
794
795
796
797
798
799
800
801
802
803
804
805
806
807
808
809
810
811
812
813
814
815
816
817
818
819
820
821
822
823
824
825
826
827
828
829
830
831
832
833
834
835
836
837
838
839
840
841
842
843
844
845
846
847
848
849
850
851
852
853
854
855
856
857
858
859
860
861
862
863
864
865
866
867
868
869
870
871
872
873
874
875
876
877
878
879
880
881
882
883
884
885
886
887
888
889
890
891
892
893
894
895
896
897
898
899
900
901
902
903
904
905
906
907
908
909
910
911
912
913
914
915
916
917
918
919
920
921
922
923
924
925
926
927
928
929
930
931
932
933
934
935
936
937
938
939
940
941
942
943
944
945
946
947
948
949
950
951
952
953
954
955
956
957
958
960
961
962
963
964
965
966
967
968
969
970
971
972
973
974
975
976
977
978
979
980
981
982
983
984
985
986
987
988
989
990
991
992
993
994
995
996
997
998
999
1000
1001
1002
1003
1004
2 61 1
2 700 3
2 77 2
2 231 2
4 585 1
4 135 2
5 275 1
5 609 1
5 491 1
14 924 2
15 680 1
15 731 2
17 915 4
24 136 3
24 280 1
24 739 2
24 629 2
24 143 1
25 458 1
30 256 1
30 936 1
30 581 1
30 313 1
31 915 1
32 143 1
34 936 1
34 692 1
38 324 1
40 290 1
41 956 1
48 458 1
56 746 1
58 120 2
58 577 1
58 909 2
61 356 1
61 718 4
61 591 1
61 915 1
61 687 3
62 394 1
62 159 1
62 214 1
62 646 1
62 927 1
65 720 1
65 771 3
65 196 1
65 997 1
65 609 1
65 746 1
65 940 1
65 592 1
65 850 1
65 147 1
65 692 2
65 127 1
65 220 2
65 586 1
65 415 2
67 344 1
67 963 2
71 595 1
75 248 1
75 220 1
75 196 1
77 556 1
77 575 1
82 135 2
83 742 1
86 443 3
86 742 1
90 416 1
90 612 1
90 595 1
90 885 1
90 924 2
90 223 2
92 915 2
92 165 1
92 207 1
96 832 1
96 132 1
96 299 1
96 388 1
96 634 1
96 509 1
96 638 1
97 936 2
97 456 1
98 707 1
98 134 1
98 713 1
98 107 1
98 268 1
98 429 1
98 117 1
101 149 1
101 246 2
101 423 1
103 423 2
107 335 1
112 459 2
114 585 1
114 1004 3
120 416 1
120 326 1
120 850 1
120 629 2
120 607 1
126 416 1
126 356 2
126 790 1
126 260 5
126 602 1
126 447 1
127 546 1
127 843 1
127 687 2
127 471 1
127 415 2
134 997 2
134 863 2
135 581 3
135 870 2
135 746 2
135 371 2
135 812 1
135 337 1
135 531 1
135 628 4
135 214 1
135 851 1
135 700 1
135 607 1
136 915 1
136 629 1
137 443 1
139 402 1
139 780 1
141 851 1
141 469 1
142 915 1
142 188 1
142 831 1
147 196 1
147 629 1
147 214 1
147 415 1
147 607 1
152 742 1
153 977 1
157 746 1
157 542 2
159 920 1
159 214 1
159 595 1
159 190 1
160 629 2
165 344 2
165 257 1
165 683 2
165 915 1
166 586 1
166 883 2
166 294 1
167 188 1
167 469 1
167 607 2
168 472 1
168 912 1
168 260 1
173 506 1
173 186 1
173 541 2
176 887 1
186 325 1
186 975 1
186 528 1
186 783 1
186 671 1
189 1004 2
191 415 1
196 997 1
196 609 1
196 940 1
196 401 3
196 629 1
196 220 1
199 506 1
200 952 1
200 915 2
201 362 1
202 629 2
208 537 1
208 652 1
214 776 1
214 940 1
214 530 1
214 920 1
214 544 1
214 684 1
214 835 1
214 324 1
214 844 1
214 334 1
214 720 1
214 595 1
214 852 1
214 987 1
214 220 1
214 865 1
214 738 1
214 743 1
214 371 1
214 629 1
216 458 1
217 815 1
220 749 1
220 334 1
220 629 1
220 607 1
221 746 1
229 742 1
229 319 1
231 810 1
231 910 1
231 698 1
231 987 1
231 607 3
232 472 1
236 537 1
239 595 1
242 769 1
245 698 1
245 836 1
248 530 2
248 746 1
248 334 2
248 591 1
250 886 2
256 356 1
267 944 4
267 586 2
267 459 2
272 450 1
272 900 1
280 526 1
280 920 1
280 530 1
280 851 1
280 629 2
280 915 1
281 971 2
291 401 1
292 581 2
294 817 2
294 586 2
294 313 1
302 915 1
303 663 1
306 585 2
306 374 1
306 742 2
308 926 1
313 765 1
318 595 1
319 736 1
319 458 1
319 423 2
320 883 1
321 458 1
322 534 1
324 402 1
324 638 1
327 381 1
330 841 1
337 581 1
344 915 1
356 416 1
356 684 2
356 912 3
356 542 1
356 762 1
360 629 2
371 936 1
377 457 2
377 423 1
379 568 1
381 643 1
389 640 1
393 883 1
400 742 1
401 429 1
401 454 1
401 415 2
404 595 1
407 883 1
408 428 1
410 924 1
414 891 1
415 997 1
415 940 1
415 499 1
415 720 1
415 569 1
416 586 3
416 573 1
418 977 1
421 585 1
423 832 2
423 977 2
428 857 1
428 915 1
428 630 2
443 742 3
443 662 2
443 703 2
447 586 2
450 900 1
450 746 1
450 595 1
450 662 1
450 695 1
450 568 1
452 595 1
454 927 1
456 936 1
458 558 1
459 803 3
459 674 3
459 517 2
469 630 2
472 575 1
482 569 3
485 692 1
493 561 3
493 685 4
493 630 3
493 629 4
497 977 1
499 607 2
500 586 1
502 746 1
502 693 1
502 599 1
506 644 1
506 996 1
514 832 2
517 746 1
526 629 2
530 746 1
530 629 4
530 891 2
534 746 1
540 698 1
542 746 1
543 915 1
550 595 1
561 629 3
561 846 2
565 684 2
569 693 2
573 586 1
581 585 1
581 951 1
581 765 1
585 695 2
586 984 1
586 762 1
592 863 1
595 934 1
595 915 2
595 790 1
595 951 1
595 700 1
597 863 1
607 843 1
607 720 1
609 716 1
629 772 1
629 658 2
629 685 2
629 846 2
629 720 1
629 630 2
629 631 2
629 891 2
629 894 2
630 656 2
638 951 1
644 1001 1
647 915 1
650 682 2
659 742 1
692 746 3
692 742 1
697 936 1
698 840 1
698 873 1
698 764 1
700 790 1
702 842 3
716 915 2
716 1004 1
718 746 1
720 936 2
723 753 1
731 746 1
739 915 1
742 993 1
742 901 1
742 769 1
742 746 1
742 771 1
742 835 2
742 863 1
743 746 1
746 776 1
746 783 1
746 915 1
746 920 1
746 775 1
746 834 1
746 836 1
746 851 1
746 980 1
753 758 1
761 866 1
761 804 1
765 936 1
790 812 2
835 900 1
851 915 2
855 936 2
857 915 2
915 952 1
915 953 1
915 971 1
915 990 1
969 977 1
977 1004 1
977 1001 1
