0
1
2
3
4
5
6
7
8
9
10
11
12
13
14
15
16
17
18
19
20
21
22
23
24
25
26
27
28
29
30
31
32
33
34
35
36
37
38
39
40
41
42
43
44
45
46
47
48
49
50
51
52
53
54
55
56
57
58
59
60
61
62
63
64
65
66
67
68
69
70
71
72
73
74
75
76
77
78
79
80
81
82
83
84
85
86
87
88
89
90
91
92
93
94
95
96
97
98
99
100
101
102
103
104
105
106
107
108
109
110
111
112
113
114
115
116
117
118
119
120
121
122
123
124
125
126
127
128
129
130
131
132
133
134
135
136
137
138
139
141
142
143
144
145
146
147
148
149
150
151
152
153
154
155
157
158
159
160
161
162
163
164
165
166
167
168
169
170
171
172
173
174
175
176
177
178
179
180
181
182
183
184
185
186
187
188
189
190
191
192
193
194
195
196
197
198
199
200
201
202
203
204
205
206
207
208
209
210
211
212
213
214
215
216
217
218
219
220
221
222
223
224
225
226
227
228
229
230
231
232
233
235
236
237
238
239
240
241
242
243
244
245
246
247
248
249
250
251
252
253
254
255
256
257
259
260
262
263
264
265
266
267
268
269
270
271
272
273
274
275
276
277
278
279
280
281
282
283
284
285
286
287
288
289
290
291
292
293
294
295
296
297
299
300
301
302
303
304
305
306
307
308
309
310
311
312
313
314
315
316
317
318
319
320
321
322
323
324
325
326
327
328
329
330
331
332
333
334
335
336
337
338
339
340
341
343
344
345
346
347
348
349
350
351
352
353
355
356
357
358
359
360
361
362
364
365
366
367
368
369
370
371
372
373
374
375
376
377
378
379
380
381
382
383
384
385
386
387
388
389
390
391
392
393
394
395
396
397
398
399
400
401
402
403
404
405
406
407
408
409
410
411
412
413
414
415
416
418
419
420
421
422
423
424
425
426
427
428
429
430
431
432
433
434
435
436
437
438
439
440
441
442
443
444
445
446
447
448
449
450
451
452
453
454
455
456
457
458
459
460
461
462
464
465
466
467
468
469
470
471
472
473
474
475
476
477
478
479
480
481
482
483
484
485
486
487
488
489
490
491
492
493
495
496
497
498
499
500
501
502
503
504
505
506
507
508
509
510
511
512
513
514
515
516
517
518
519
520
521
522
523
524
525
526
527
528
530
531
532
533
534
535
536
537
538
539
540
541
542
543
544
545
546
547
548
549
550
551
552
553
554
556
557
558
559
560
561
562
563
564
565
566
567
568
569
570
571
572
573
574
575
576
577
578
579
580
581
582
583
584
585
586
587
588
589
590
591
592
593
594
595
596
597
598
599
600
601
602
603
604
605
606
607
609
610
611
612
613
614
615
616
617
618
619
621
622
623
624
625
626
627
628
629
630
631
632
633
634
635
636
637
638
639
640
641
642
643
644
645
646
647
648
649
650
651
652
653
654
655
656
657
658
659
660
661
662
663
664
665
666
667
668
669
670
671
672
673
674
675
676
677
678
679
680
681
682
683
684
685
686
687
688
689
690
691
692
693
694
695
696
697
698
699
700
701
702
703
704
705
706
707
708
709
710
711
712
713
714
715
716
717
718
719
720
721
722
723
724
725
726
727
728
729
730
731
732
733
734
735
736
737
738
739
740
741
742
743
744
745
746
747
748
749
750
751
752
753
754
756
757
758
759
760
761
762
763
764
765
767
768
769
770
771
772
773
774
775
776
777
778
779
780
781
782
783
784
785
786
787
788
789
790
791
792
793
794
795
796
797
798
799
800
801
802
803
804
805
806
807
808
809
810
811
812
813
814
815
816
817
818
819
820
821
822
823
824
825
826
827
828
829
830
831
832
833
834
835
836
837
838
839
840
841
842
843
844
845
846
847
848
849
850
851
852
853
854
855
856
857
858
859
860
861
862
863
864
865
866
867
868
869
870
871
872
873
874
875
876
877
878
879
880
881
882
883
884
885
886
887
888
889
890
891
892
893
894
895
896
897
898
899
900
901
902
903
904
905
906
907
908
909
910
911
912
913
914
915
916
917
918
919
920
921
922
923
924
925
926
927
928
929
930
931
932
933
934
935
936
937
938
939
940
941
942
943
944
945
946
947
948
949
950
951
952
953
954
955
956
957
958
960
961
962
963
964
965
966
967
968
969
970
971
972
973
974
975
976
977
978
979
980
981
982
983
984
985
986
987
988
989
990
991
992
993
994
995
996
997
998
999
1000
1001
1002
1003
1004
0 249 4
0 178 10
0 189 4
0 6 2
2 322 2
2 812 2
2 334 6
2 335 4
2 500 2
2 629 4
2 790 6
2 700 2
4 720 2
4 371 2
5 506 4
6 881 2
6 178 12
6 506 4
7 810 4
12 720 2
13 704 2
13 738 2
13 516 2
13 14 2
14 131 2
14 516 4
14 650 2
14 270 2
14 783 2
14 16 2
14 657 2
14 921 2
14 644 8
14 796 2
14 541 2
14 924 24
14 682 2
14 173 10
14 945 2
14 700 2
14 702 6
14 576 2
14 837 2
14 199 8
14 719 2
14 724 2
14 761 2
14 738 4
14 996 2
14 1001 6
14 881 4
14 249 2
14 506 10
14 508 2
14 382 2
15 680 6
15 422 4
16 907 1
16 783 2
16 249 4
16 410 2
16 541 4
17 316 2
24 891 4
24 647 14
24 530 10
24 629 8
24 91 2
24 189 2
25 318 2
25 499 4
25 684 4
25 918 2
25 558 2
28 987 9
29 506 4
29 107 2
30 356 12
30 936 8
30 912 2
30 52 6
30 313 2
30 765 6
31 316 2
32 214 2
32 862 4
32 534 4
32 197 4
38 939 2
38 91 2
38 907 1
38 324 2
38 61 4
40 572 2
40 267 2
40 196 4
41 73 2
42 402 4
42 139 2
42 534 2
45 66 2
45 126 2
46 399 2
48 458 6
48 499 12
48 684 2
48 565 2
52 356 18
52 168 2
52 267 4
52 912 10
52 472 16
52 868 2
52 765 4
52 126 4
53 193 4
53 61 2
53 609 2
56 987 18
58 818 2
58 909 6
61 193 2
61 356 8
61 517 4
61 522 2
61 718 12
61 176 4
61 243 4
61 535 2
61 472 2
61 602 2
61 991 30
61 229 6
62 485 2
66 227 2
66 126 4
67 344 2
67 561 2
67 963 2
67 165 2
68 531 2
68 987 9
70 178 4
70 388 2
70 534 2
70 343 2
71 595 4
74 256 6
74 133 6
74 294 8
74 648 6
74 76 4
74 266 14
74 332 6
74 885 6
74 984 6
74 313 8
74 586 4
74 447 6
75 833 2
75 178 2
75 772 4
76 769 2
76 410 4
76 399 2
77 912 2
77 762 2
77 260 2
78 178 10
82 720 2
83 784 4
83 161 2
83 771 2
86 443 20
86 662 35
90 193 2
90 923 2
90 609 4
90 809 2
90 170 2
90 935 4
90 850 2
90 987 2
90 433 4
90 530 4
90 629 2
90 120 2
90 761 2
90 891 4
91 866 2
91 356 2
91 613 4
91 595 2
91 169 2
91 810 2
91 107 2
91 684 2
91 629 2
91 178 2
91 499 4
91 693 2
91 901 2
91 987 2
91 415 2
95 987 9
98 609 2
98 707 2
98 454 2
98 713 2
98 268 2
98 592 6
98 401 2
98 291 2
101 246 4
101 423 6
103 514 2
103 164 2
103 423 10
103 1001 2
103 780 2
103 399 2
103 977 4
103 950 4
103 378 2
103 943 2
104 126 4
104 765 8
104 790 6
105 418 4
107 192 6
107 898 2
107 236 2
107 652 2
107 208 2
107 664 2
107 537 2
107 670 2
107 808 2
107 553 2
107 810 4
107 175 2
107 688 2
107 393 2
107 320 2
107 201 2
107 334 2
107 335 2
107 464 2
107 980 4
107 985 2
107 737 2
107 1004 2
107 118 2
107 381 16
112 256 2
112 674 6
112 392 4
112 267 6
112 232 2
112 313 8
112 186 2
112 478 2
113 586 2
114 716 2
117 120 2
117 291 2
117 268 2
118 502 2
118 862 2
119 812 4
119 790 2
120 193 2
120 291 2
120 196 4
120 268 2
120 752 2
120 772 4
120 633 2
122 410 2
124 551 2
126 356 6
126 586 16
126 232 4
126 790 6
126 868 2
126 602 4
133 294 2
134 592 8
134 738 4
134 291 2
135 594 2
135 628 2
135 942 2
136 200 4
136 316 2
136 883 2
136 629 2
136 952 8
136 915 4
137 742 8
137 703 4
139 513 2
141 630 2
142 915 6
142 316 2
142 647 4
147 347 4
147 715 2
147 196 2
147 686 2
149 716 2
150 415 6
151 253 6
153 977 8
153 410 2
153 996 2
153 418 2
153 1001 2
157 696 2
157 746 2
157 715 2
157 718 6
159 833 2
159 290 2
159 707 2
159 233 4
159 586 6
159 214 2
159 951 2
160 200 2
160 428 8
160 629 10
160 838 2
161 784 2
161 771 8
161 863 4
165 401 2
165 316 4
165 838 2
166 674 4
166 356 10
166 743 10
166 392 2
166 586 8
166 782 4
166 602 2
166 765 2
166 574 2
167 469 2
168 260 6
168 232 4
168 585 2
168 266 2
168 912 18
168 949 4
168 472 2
168 356 4
168 586 4
170 720 2
171 715 2
175 423 4
175 553 2
175 491 4
175 849 2
175 275 2
175 532 6
175 410 2
176 704 4
176 586 6
176 718 6
178 388 8
178 519 10
178 409 10
178 538 12
178 295 10
178 693 12
178 569 10
178 607 2
178 710 10
178 333 10
178 976 10
178 339 10
178 470 10
178 599 10
178 605 10
178 862 14
178 991 10
178 228 10
178 231 2
178 502 20
178 249 12
178 767 10
181 552 2
181 338 2
181 724 2
181 537 2
181 189 2
181 190 10
184 907 1
184 710 2
184 423 2
185 833 2
185 762 2
185 915 4
186 256 4
186 648 2
186 267 6
186 517 2
187 450 2
188 862 6
189 546 4
189 716 2
189 428 12
189 1004 4
189 530 2
189 595 2
189 281 2
189 696 2
189 249 4
189 410 12
189 915 6
189 862 6
190 353 10
190 656 10
190 274 12
190 373 10
190 920 4
191 752 4
191 413 2
191 415 8
192 381 4
192 327 2
193 290 2
193 707 2
193 617 2
193 823 2
193 540 2
194 769 2
194 863 2
194 901 2
194 229 2
196 454 2
196 268 2
196 429 2
196 850 2
197 546 2
199 644 4
199 506 10
199 924 4
200 428 8
200 530 2
200 595 2
200 857 4
200 883 2
200 915 8
201 907 1
207 795 2
208 977 2
209 356 4
214 833 2
214 290 2
214 707 2
214 951 2
216 956 2
216 319 2
220 607 2
223 696 2
223 322 4
227 966 2
228 605 2
231 738 6
231 338 2
231 245 4
231 987 11
231 540 2
232 356 4
232 912 4
232 790 8
232 472 6
233 692 4
235 609 2
236 977 10
236 364 2
236 537 2
239 854 2
245 692 4
245 987 9
245 540 6
245 951 2
246 724 2
246 423 6
248 692 2
249 537 4
249 410 4
250 485 2
251 410 2
251 531 2
251 987 11
251 671 2
253 290 2
253 566 2
256 356 6
256 517 2
256 294 10
256 648 2
256 267 10
256 313 4
256 478 6
257 592 2
257 833 2
259 907 1
260 912 6
260 266 2
260 356 2
266 912 2
266 294 2
267 517 12
267 586 10
267 648 6
267 530 10
267 915 12
267 854 6
267 700 2
267 478 16
268 291 4
268 454 2
268 713 2
268 633 2
272 692 4
272 900 2
279 907 1
280 547 4
280 388 4
280 647 4
280 656 2
280 561 2
280 530 2
280 629 8
280 862 14
285 715 2
288 493 2
288 629 8
290 566 2
291 609 2
291 454 4
291 713 2
291 1003 2
291 429 2
291 401 4
292 769 2
293 724 4
293 862 8
294 416 2
294 648 2
294 332 2
294 885 4
294 984 4
294 313 6
294 586 2
294 447 4
299 509 6
302 316 2
304 720 2
306 696 2
306 769 4
310 477 2
310 399 4
311 987 9
311 955 2
313 356 6
313 885 6
313 472 2
313 765 2
313 447 4
316 483 2
316 838 2
316 647 2
316 428 8
316 915 10
316 953 2
316 344 2
316 857 8
316 543 2
316 990 2
318 684 4
318 458 2
318 844 2
318 558 4
318 499 4
318 565 2
318 918 2
318 956 2
319 832 6
319 386 2
319 758 2
320 907 1
320 1004 4
321 618 2
321 499 2
321 684 4
322 343 2
322 399 2
322 663 6
327 381 12
329 624 2
329 582 2
330 818 2
332 435 4
332 586 2
332 782 2
334 994 2
334 388 2
334 742 2
334 718 2
334 980 2
334 534 2
334 696 2
334 987 2
337 505 2
337 634 8
337 695 2
337 735 2
338 624 2
338 987 9
338 511 2
343 950 2
343 663 4
347 715 2
347 966 2
349 428 4
353 891 2
356 515 2
356 517 10
356 648 4
356 912 12
356 730 20
356 416 8
356 557 2
356 435 6
356 586 12
356 718 2
356 472 20
356 602 2
356 765 14
360 629 6
361 987 9
362 371 2
362 759 6
362 870 2
362 383 2
364 987 9
364 582 6
371 720 2
371 441 4
372 595 6
377 450 2
377 506 2
377 718 2
381 506 2
381 643 2
383 528 2
383 909 2
383 589 2
388 742 4
388 534 2
388 634 4
388 509 2
388 638 4
393 907 2
399 480 4
399 663 2
401 454 6
401 429 30
401 415 10
402 634 2
404 595 4
407 843 4
407 907 1
409 767 2
410 482 2
410 837 2
410 1001 2
410 650 2
410 777 2
410 994 2
410 541 2
410 433 2
410 969 2
410 883 2
410 696 6
410 924 2
410 862 2
413 752 2
413 746 14
413 935 14
414 891 2
415 833 6
415 772 2
415 429 4
416 912 2
416 586 6
416 949 2
418 977 36
418 996 12
420 879 2
421 424 2
421 795 4
422 731 4
423 866 2
423 710 2
423 977 6
424 795 6
425 908 2
425 765 2
426 907 1
427 955 2
428 647 8
428 530 12
428 915 42
428 862 2
428 857 8
428 883 6
428 990 2
429 454 8
432 987 9
433 482 2
433 738 4
433 531 2
433 789 2
433 987 13
435 586 8
435 782 2
438 818 2
439 912 4
443 662 13
444 535 10
447 984 2
447 586 14
450 712 4
450 695 4
454 592 4
454 772 2
458 684 2
458 844 2
458 558 4
458 956 4
461 531 2
465 812 2
472 912 14
472 575 2
473 1004 6
478 648 2
478 517 4
480 482 2
482 531 6
482 987 11
485 542 2
485 646 2
490 907 1
491 977 4
491 506 4
493 530 10
493 629 6
493 630 6
499 704 2
499 833 2
499 618 6
499 684 2
499 558 4
499 918 2
499 956 6
499 607 2
500 782 2
502 696 6
502 862 8
505 735 2
506 996 2
506 1001 4
506 783 4
506 921 2
506 761 2
506 541 4
506 670 2
511 978 2
513 832 2
513 535 2
514 977 16
514 950 2
514 735 2
516 761 2
516 532 2
517 586 2
522 546 4
522 907 1
526 561 4
526 629 8
527 720 2
528 854 2
530 685 4
530 629 18
530 630 2
530 857 4
530 891 6
531 994 2
531 987 9
531 809 2
531 789 4
531 983 2
531 796 4
532 761 4
532 979 2
532 700 4
534 546 2
534 696 4
535 722 8
535 854 4
540 955 4
540 641 4
540 840 4
540 873 8
540 624 4
540 987 25
540 700 8
541 738 6
541 783 2
541 761 2
542 546 2
542 854 2
542 823 4
546 772 2
546 550 14
546 742 2
546 679 2
546 841 4
546 586 2
546 920 4
546 900 4
546 923 2
547 656 2
547 988 2
547 862 10
550 704 6
550 746 6
550 900 6
550 743 2
552 858 4
552 951 6
557 912 4
558 684 2
558 844 6
558 565 2
558 918 2
558 956 4
561 629 6
565 684 2
568 678 4
575 912 2
577 715 2
577 686 2
582 994 4
582 987 11
582 764 2
586 782 4
586 912 6
586 984 18
586 885 4
586 762 2
586 765 6
587 720 2
590 715 2
591 696 4
591 746 2
591 692 2
591 718 2
592 738 4
592 609 4
592 713 2
595 934 8
595 883 8
597 738 4
602 743 10
605 789 2
607 700 2
607 629 2
609 772 2
609 633 2
609 890 2
615 907 1
617 833 2
617 923 2
628 720 2
629 838 10
629 658 6
629 685 6
629 846 6
629 630 6
629 631 6
629 891 16
630 971 2
630 851 4
630 954 12
633 923 2
634 788 2
635 907 1
638 771 2
638 742 2
641 987 9
643 685 4
644 738 4
646 854 2
647 915 2
647 990 6
652 907 1
654 738 2
654 991 24
656 920 2
656 862 2
670 702 2
671 738 2
671 692 4
682 1004 2
684 844 4
684 918 2
684 956 4
685 1001 4
685 724 2
686 715 2
687 803 4
687 746 2
687 718 2
687 912 4
687 696 4
687 923 2
692 834 2
692 742 2
692 775 2
692 746 4
692 718 4
692 696 6
692 830 4
695 951 4
696 742 4
696 718 8
697 720 2
697 855 4
698 987 9
700 935 2
700 812 2
702 923 4
703 771 2
704 743 4
707 880 12
707 951 2
711 907 1
715 931 2
715 933 2
715 972 2
715 748 2
715 926 2
716 1004 2
716 724 4
718 746 2
718 907 1
718 754 2
718 732 2
719 738 4
719 819 2
719 828 4
720 833 2
720 870 2
720 855 2
720 731 2
723 758 2
724 1001 2
732 907 1
735 822 2
736 769 2
738 783 6
738 1001 2
738 996 2
738 979 2
738 921 6
738 923 6
738 975 2
742 769 2
742 771 2
742 901 4
742 784 4
742 900 38
742 863 10
746 935 36
746 775 4
754 907 1
758 956 2
758 918 2
762 984 2
764 994 2
764 987 9
765 908 2
771 901 2
771 784 2
771 863 4
772 833 2
772 890 2
772 923 6
777 907 1
779 907 1
782 984 2
783 850 2
784 863 4
789 987 9
790 868 2
790 812 6
791 862 2
796 977 2
809 987 19
817 851 2
832 936 4
840 987 9
843 907 1
844 935 4
844 918 6
844 956 6
849 987 9
850 996 2
851 920 2
851 978 4
851 954 2
857 915 10
857 883 10
858 991 2
863 900 6
872 987 9
873 987 9
883 907 1
884 907 1
885 984 2
907 999 1
912 984 2
912 949 4
915 952 12
921 923 2
925 987 9
925 955 2
934 951 2
950 977 4
951 996 2
955 987 11
977 996 6
977 1001 12
977 1004 6
987 994 9
