0
1
2
3
4
5
6
7
8
9
10
11
12
13
14
15
16
17
18
19
20
21
22
23
24
25
26
27
28
29
30
31
32
33
34
35
36
37
38
39
40
41
42
43
44
45
46
47
48
49
50
51
52
53
54
55
56
57
58
59
60
61
62
63
64
65
66
67
68
69
70
71
72
73
74
75
76
77
78
79
80
81
82
83
84
85
86
87
88
89
90
91
92
93
94
95
96
97
98
99
100
101
102
103
104
105
106
107
108
109
110
111
112
113
114
115
116
117
118
119
120
121
122
123
124
125
126
127
128
129
130
131
132
133
134
135
136
137
138
139
141
142
143
144
145
146
147
148
149
150
151
152
153
154
155
157
158
159
160
161
162
163
164
165
166
167
168
169
170
171
172
173
174
175
176
177
178
179
180
181
182
183
184
185
186
187
188
189
190
191
192
193
194
195
196
197
198
199
200
201
202
203
204
205
206
207
208
209
210
211
212
213
214
215
216
217
218
219
220
221
222
223
224
225
226
227
228
229
230
231
232
233
235
236
237
238
239
240
241
242
243
244
245
246
247
248
249
250
251
252
253
254
255
256
257
259
260
262
263
264
265
266
267
268
269
270
271
272
273
274
275
276
277
278
279
280
281
282
283
284
285
286
287
288
289
290
291
292
293
294
295
296
297
299
300
301
302
303
304
305
306
307
308
309
310
311
312
313
314
315
316
317
318
319
320
321
322
323
324
325
326
327
328
329
330
331
332
333
334
335
336
337
338
339
340
341
343
344
345
346
347
348
349
350
351
352
353
355
356
357
358
359
360
361
362
364
365
366
367
368
369
370
371
372
373
374
375
376
377
378
379
380
381
382
383
384
385
386
387
388
389
390
391
392
393
394
395
396
397
398
399
400
401
402
403
404
405
406
407
408
409
410
411
412
413
414
415
416
418
419
420
421
422
423
424
425
426
427
428
429
430
431
432
433
434
435
436
437
438
439
440
441
442
443
444
445
446
447
448
449
450
451
452
453
454
455
456
457
458
459
460
461
462
464
465
466
467
468
469
470
471
472
473
474
475
476
477
478
479
480
481
482
483
484
485
486
487
488
489
490
491
492
493
495
496
497
498
499
500
501
502
503
504
505
506
507
508
509
510
511
512
513
514
515
516
517
518
519
520
521
522
523
524
525
526
527
528
530
531
532
533
534
535
536
537
538
539
540
541
542
543
544
545
546
547
548
549
550
551
552
553
554
556
557
558
559
560
561
562
563
564
565
566
567
568
569
570
571
572
573
574
575
576
577
578
579
580
581
582
583
584
585
586
587
588
589
590
591
592
593
594
595
596
597
598
599
600
601
602
603
604
605
606
607
609
610
611
612
613
614
615
616
617
618
619
621
622
623
624
625
626
627
628
629
630
631
632
633
634
635
636
637
638
639
640
641
642
643
644
645
646
647
648
649
650
651
652
653
654
655
656
657
658
659
660
661
662
663
664
665
666
667
668
669
670
671
672
673
674
675
676
677
678
679
680
681
682
683
684
685
686
687
688
689
690
691
692
693
694
695
696
697
698
699
700
701
702
703
704
705
706
707
708
709
710
711
712
713
714
715
716
717
718
719
720
721
722
723
724
725
726
727
728
729
730
731
732
733
734
735
736
737
738
739
740
741
742
743
744
745
746
747
748
749
750
751
752
753
754
756
757
758
759
760
761
762
763
764
765
767
768
769
770
771
772
773
774
775
776
777
778
779
780
781
782
783
784
785
786
787
788
789
790
791
792
793
794
795
796
797
798
799
800
801
802
803
804
805
806
807
808
809
810
811
812
813
814
815
816
817
818
819
820
821
822
823
824
825
826
827
828
829
830
831
832
833
834
835
836
837
838
839
840
841
842
843
844
845
846
847
848
849
850
851
852
853
854
855
856
857
858
859
860
861
862
863
864
865
866
867
868
869
870
871
872
873
874
875
876
877
878
879
880
881
882
883
884
885
886
887
888
889
890
891
892
893
894
895
896
897
898
899
900
901
902
903
904
905
906
907
908
909
910
911
912
913
914
915
916
917
918
919
920
921
922
923
924
925
926
927
928
929
930
931
932
933
934
935
936
937
938
939
940
941
942
943
944
945
946
947
948
949
950
951
952
953
954
955
956
957
958
960
961
962
963
964
965
966
967
968
969
970
971
972
973
974
975
976
977
978
979
980
981
982
983
984
985
986
987
988
989
990
991
992
993
994
995
996
997
998
999
1000
1001
1002
1003
1004
0 178 1
2 790 2
6 178 2
10 657 1
14 1001 1
14 506 4
14 924 12
14 850 2
14 702 6
15 680 1
15 731 1
15 422 2
16 832 1
16 843 1
16 407 1
17 915 2
24 160 1
24 280 1
24 700 1
25 48 1
25 918 1
26 362 1
30 936 1
30 416 1
30 890 2
30 765 2
30 104 3
31 165 3
31 838 1
31 428 2
31 142 1
31 915 3
31 190 1
32 280 1
32 197 1
32 791 3
35 978 1
35 207 2
38 832 4
38 700 1
38 324 2
38 309 2
40 264 3
40 120 1
40 568 1
40 159 1
41 565 7
42 951 4
46 310 1
48 458 2
48 558 3
48 216 1
48 956 1
48 319 1
53 443 2
53 700 1
53 343 1
56 752 1
58 909 1
61 991 1
61 293 1
61 718 2
61 909 1
62 416 1
62 513 1
62 250 1
62 646 1
62 542 3
67 344 1
67 561 1
67 165 3
67 846 1
67 207 1
70 334 1
70 534 1
70 343 1
72 120 1
74 912 5
74 166 2
74 294 1
74 392 24
74 586 2
74 112 11
74 168 8
74 885 2
74 984 5
74 447 2
75 220 1
76 705 1
77 912 2
77 168 2
77 260 5
78 178 1
83 784 1
84 324 1
90 388 1
90 316 1
92 915 3
92 428 1
92 142 1
96 638 1
98 592 1
98 401 1
98 134 1
101 246 2
103 977 2
103 423 2
104 721 4
104 126 3
105 374 6
107 898 2
107 134 2
107 201 1
107 810 1
107 335 1
107 381 1
112 392 6
112 803 2
112 267 3
113 854 1
114 718 2
119 812 2
119 790 1
119 335 3
120 326 1
120 687 1
120 189 1
120 190 1
124 250 1
125 534 1
126 416 1
126 868 1
126 168 2
126 586 1
126 790 1
127 607 2
134 592 5
134 291 1
134 454 1
135 292 2
135 581 6
135 362 2
135 334 1
135 371 1
135 692 1
135 405 1
135 951 1
136 200 3
136 915 4
136 428 1
136 142 1
141 280 1
141 978 1
141 469 1
142 344 1
142 971 1
142 165 1
142 647 2
142 200 1
142 267 9
142 428 5
142 302 1
142 915 5
142 547 1
142 953 1
142 952 1
142 857 1
142 543 1
142 990 1
143 144 1
143 362 1
143 739 1
143 741 1
150 343 1
153 977 3
159 321 1
159 651 1
159 712 1
159 233 2
159 696 1
159 334 1
159 784 3
159 469 2
159 472 3
159 316 5
159 415 1
160 915 3
161 239 1
164 780 1
164 638 2
165 424 1
165 428 1
165 401 4
165 915 2
165 316 4
165 990 3
166 602 1
166 759 3
166 743 1
167 964 3
167 274 1
167 920 1
167 978 1
167 851 2
167 469 1
167 502 1
167 280 1
167 188 1
167 181 1
168 416 2
168 356 1
168 232 6
168 912 19
168 586 3
168 949 7
168 984 6
168 260 16
168 447 3
168 266 6
168 885 4
169 372 4
170 855 1
171 577 1
173 657 1
173 506 1
175 246 2
175 423 2
178 519 1
178 409 1
178 538 1
178 295 1
178 693 5
178 569 1
178 700 2
178 710 1
178 333 4
178 976 1
178 339 1
178 470 1
178 599 1
178 605 1
178 862 1
178 991 1
178 228 5
178 502 6
178 249 1
178 890 1
178 767 1
181 249 1
181 274 1
181 190 2
188 280 1
188 978 1
188 851 1
189 915 1
190 353 3
190 373 2
190 656 2
190 920 1
190 274 2
190 890 1
190 629 1
191 850 1
191 692 1
192 381 1
193 890 2
193 443 1
193 546 2
195 595 1
199 506 4
199 996 1
199 541 15
200 428 5
200 915 6
200 952 2
200 316 6
207 424 2
207 493 1
207 978 1
207 469 3
207 954 2
207 795 1
207 988 1
207 990 1
207 373 3
209 356 1
209 765 1
214 784 1
214 233 1
214 746 2
214 595 1
216 321 1
216 558 3
220 334 1
223 663 1
223 343 1
225 883 1
228 693 1
228 502 2
228 605 6
229 790 1
229 469 2
229 742 1
229 343 1
231 698 1
231 540 2
231 245 4
232 260 2
232 912 1
232 700 1
232 439 1
233 617 1
233 692 2
233 245 1
239 951 2
245 764 1
245 264 1
245 329 1
245 624 1
245 698 1
245 540 1
245 830 1
246 423 2
248 746 2
250 332 2
250 886 1
250 542 1
260 912 4
260 439 5
260 472 3
266 912 3
266 949 5
267 517 1
267 988 4
267 405 1
267 891 3
267 700 5
268 454 1
272 754 1
274 656 1
275 479 1
278 401 1
280 915 1
280 547 1
280 360 1
280 647 1
280 526 1
280 920 1
280 658 1
280 851 1
280 561 1
280 631 1
280 281 1
280 890 2
280 530 1
281 905 1
283 483 1
288 561 1
288 445 1
288 493 1
291 401 1
293 700 1
293 716 5
294 817 3
294 586 1
294 447 1
301 978 1
302 915 2
302 428 2
304 456 1
306 784 8
306 790 3
306 374 1
306 742 1
310 477 1
313 765 2
316 428 3
316 392 3
316 915 7
318 684 4
318 558 2
319 684 1
319 558 4
319 918 1
321 565 3
321 558 1
327 921 1
327 381 4
329 624 1
329 819 1
329 910 1
329 775 2
332 586 2
332 435 1
334 450 1
334 742 1
334 910 1
334 534 2
334 607 1
335 810 3
335 700 1
337 505 8
337 479 1
341 915 1
343 853 1
343 663 6
344 915 2
347 577 1
347 966 1
349 915 1
349 428 2
356 416 1
356 746 1
356 912 5
356 435 2
356 472 5
356 730 5
360 936 2
362 866 1
362 854 1
362 695 1
369 646 2
372 595 4
372 404 4
372 572 2
377 580 1
381 921 1
383 586 1
388 832 2
388 843 1
388 634 1
401 454 2
401 429 2
401 415 1
407 843 3
409 599 1
410 650 1
410 663 1
413 746 3
413 900 2
413 935 6
415 833 1
421 424 9
421 978 1
422 680 3
422 731 4
422 527 1
423 977 3
424 978 1
424 795 8
424 990 1
428 647 4
428 971 1
428 915 12
428 953 1
428 952 1
428 857 2
428 543 1
428 990 4
429 454 6
435 586 4
435 949 2
439 912 1
443 662 2
447 912 1
447 984 3
447 586 1
454 592 2
458 499 1
458 558 1
468 810 3
468 890 1
469 978 1
469 851 1
469 630 7
472 912 4
472 782 1
479 890 2
483 696 1
485 513 1
493 685 1
493 630 3
502 746 1
502 718 1
502 605 3
506 1001 1
506 541 2
509 634 2
509 780 1
510 534 1
512 978 1
513 646 2
516 924 4
522 854 1
530 891 5
530 915 4
530 630 4
532 743 1
534 843 1
534 746 1
534 939 1
534 591 1
535 854 1
540 994 1
540 698 1
541 738 1
541 657 1
541 979 1
541 951 1
542 746 1
542 854 2
543 915 3
546 850 1
546 550 3
547 978 1
547 851 1
550 746 2
552 978 1
552 851 1
558 684 5
558 956 1
561 846 4
569 718 1
573 586 1
577 933 1
581 936 10
581 890 1
581 951 1
585 719 1
586 912 1
586 885 1
586 984 6
586 762 3
586 746 2
591 746 4
591 843 1
591 910 1
592 609 3
600 956 1
602 743 3
607 700 2
607 718 1
612 740 1
614 978 1
614 954 1
617 890 1
630 685 6
630 951 3
633 641 1
634 638 2
643 685 2
647 920 2
647 915 3
648 946 6
648 765 1
650 738 1
650 682 2
650 654 1
650 783 1
650 850 1
654 682 1
658 990 1
659 784 1
662 900 2
672 918 1
682 738 1
682 783 1
684 746 1
684 918 1
687 746 2
687 843 1
692 746 8
692 910 1
696 851 2
696 844 2
698 840 1
698 873 1
698 764 1
699 912 1
700 866 2
700 812 1
700 790 1
707 1003 1
711 843 1
715 926 1
718 866 2
718 843 2
718 915 1
723 758 1
730 912 2
738 921 1
738 923 1
742 746 1
742 769 1
746 834 2
746 935 16
746 775 3
746 812 1
746 900 1
746 923 2
748 926 1
758 956 1
758 918 1
761 866 2
764 840 2
765 946 1
771 784 1
780 950 1
782 984 1
784 901 6
784 863 2
789 863 1
790 812 5
795 978 1
817 978 1
832 951 1
837 924 1
844 918 1
851 978 2
853 890 1
854 918 1
855 951 1
857 915 6
858 991 1
883 915 3
885 984 4
885 912 1
890 915 6
910 995 1
912 984 4
912 949 1
915 952 3
915 953 3
915 971 3
915 990 3
918 956 1
924 1001 3
935 966 1
936 951 2
950 977 2
954 978 1
957 978 1
977 1004 2
978 988 1
987 994 1
