0
1
2
3
4
5
6
7
8
9
10
11
12
13
14
15
16
17
18
19
20
21
22
23
24
25
26
27
28
29
30
31
32
33
34
35
36
37
38
39
40
41
42
43
44
45
46
47
48
49
50
51
52
53
54
55
56
57
58
59
60
61
62
63
64
65
66
67
68
69
70
71
72
73
74
75
76
77
78
79
80
81
82
83
84
85
86
87
88
89
90
91
92
93
94
95
96
97
98
99
100
101
102
103
104
105
106
107
108
109
110
111
112
113
114
115
116
117
118
119
120
121
122
123
124
125
126
127
128
129
130
131
132
133
134
135
136
137
138
139
141
142
143
144
145
146
147
148
149
150
151
152
153
154
155
157
158
159
160
161
162
163
164
165
166
167
168
169
170
171
172
173
174
175
176
177
178
179
180
181
182
183
184
185
186
187
188
189
190
191
192
193
194
195
196
197
198
199
200
201
202
203
204
205
206
207
208
209
210
211
212
213
214
215
216
217
218
219
220
221
222
223
224
225
226
227
228
229
230
231
232
233
235
236
237
238
239
240
241
242
243
244
245
246
247
248
249
250
251
252
253
254
255
256
257
259
260
262
263
264
265
266
267
268
269
270
271
272
273
274
275
276
277
278
279
280
281
282
283
284
285
286
287
288
289
290
291
292
293
294
295
296
297
299
300
301
302
303
304
305
306
307
308
309
310
311
312
313
314
315
316
317
318
319
320
321
322
323
324
325
326
327
328
329
330
331
332
333
334
335
336
337
338
339
340
341
343
344
345
346
347
348
349
350
351
352
353
355
356
357
358
359
360
361
362
364
365
366
367
368
369
370
371
372
373
374
375
376
377
378
379
380
381
382
383
384
385
386
387
388
389
390
391
392
393
394
395
396
397
398
399
400
401
402
403
404
405
406
407
408
409
410
411
412
413
414
415
416
418
419
420
421
422
423
424
425
426
427
428
429
430
431
432
433
434
435
436
437
438
439
440
441
442
443
444
445
446
447
448
449
450
451
452
453
454
455
456
457
458
459
460
461
462
464
465
466
467
468
469
470
471
472
473
474
475
476
477
478
479
480
481
482
483
484
485
486
487
488
489
490
491
492
493
495
496
497
498
499
500
501
502
503
504
505
506
507
508
509
510
511
512
513
514
515
516
517
518
519
520
521
522
523
524
525
526
527
528
530
531
532
533
534
535
536
537
538
539
540
541
542
543
544
545
546
547
548
549
550
551
552
553
554
556
557
558
559
560
561
562
563
564
565
566
567
568
569
570
571
572
573
574
575
576
577
578
579
580
581
582
583
584
585
586
587
588
589
590
591
592
593
594
595
596
597
598
599
600
601
602
603
604
605
606
607
609
610
611
612
613
614
615
616
617
618
619
621
622
623
624
625
626
627
628
629
630
631
632
633
634
635
636
637
638
639
640
641
642
643
644
645
646
647
648
649
650
651
652
653
654
655
656
657
658
659
660
661
662
663
664
665
666
667
668
669
670
671
672
673
674
675
676
677
678
679
680
681
682
683
684
685
686
687
688
689
690
691
692
693
694
695
696
697
698
699
700
701
702
703
704
705
706
707
708
709
710
711
712
713
714
715
716
717
718
719
720
721
722
723
724
725
726
727
728
729
730
731
732
733
734
735
736
737
738
739
740
741
742
743
744
745
746
747
748
749
750
751
752
753
754
756
757
758
759
760
761
762
763
764
765
767
768
769
770
771
772
773
774
775
776
777
778
779
780
781
782
783
784
785
786
787
788
789
790
791
792
793
794
795
796
797
798
799
800
801
802
803
804
805
806
807
808
809
810
811
812
813
814
815
816
817
818
819
820
821
822
823
824
825
826
827
828
829
830
831
832
833
834
835
836
837
838
839
840
841
842
843
844
845
846
847
848
849
850
851
852
853
854
855
856
857
858
859
860
861
862
863
864
865
866
867
868
869
870
871
872
873
874
875
876
877
878
879
880
881
882
883
884
885
886
887
888
889
890
891
892
893
894
895
896
897
898
899
900
901
902
903
904
905
906
907
908
909
910
911
912
913
914
915
916
917
918
919
920
921
922
923
924
925
926
927
928
929
930
931
932
933
934
935
936
937
938
939
940
941
942
943
944
945
946
947
948
949
950
951
952
953
954
955
956
957
958
960
961
962
963
964
965
966
967
968
969
970
971
972
973
974
975
976
977
978
979
980
981
982
983
984
985
986
987
988
989
990
991
992
993
994
995
996
997
998
999
1000
1001
1002
1003
1004
2 768 1
2 868 1
2 236 2
2 77 2
2 500 1
2 629 1
2 790 2
2 119 1
4 784 6
13 828 1
14 1001 6
14 506 2
14 828 1
14 410 1
14 702 6
16 410 2
18 622 1
25 48 1
25 216 1
25 319 1
28 231 1
30 936 1
30 765 4
31 165 1
32 197 3
35 978 1
45 66 1
46 676 1
48 558 1
48 319 1
52 868 1
52 782 1
53 443 1
56 410 1
58 909 3
61 568 1
61 843 1
61 522 1
61 659 1
61 718 1
62 800 1
62 485 1
62 214 1
62 646 2
62 159 1
70 324 1
76 410 1
77 908 2
82 784 1
83 784 11
90 113 2
90 898 4
90 479 1
90 313 2
92 838 1
95 951 1
98 401 2
104 425 2
104 765 1
113 854 2
113 535 1
122 410 1
122 716 1
125 622 2
126 984 3
126 294 1
136 207 1
139 634 2
141 978 1
149 716 1
153 410 1
160 915 1
160 629 4
165 344 1
165 401 2
165 207 1
167 978 1
168 416 1
168 260 6
168 966 1
168 648 1
168 266 2
168 557 1
168 912 8
168 721 1
168 984 1
168 949 4
168 214 1
168 439 2
168 472 2
168 313 1
168 765 2
169 372 1
173 828 1
175 410 1
178 530 7
178 693 2
178 502 1
178 629 5
188 978 1
191 692 1
193 443 1
197 828 1
199 506 3
199 828 1
206 622 1
207 428 3
207 302 1
207 978 1
207 953 2
207 349 1
209 912 1
214 912 1
214 306 1
214 940 1
216 558 1
231 540 2
231 245 2
233 692 1
239 978 1
239 951 3
245 951 2
250 854 1
251 410 1
256 313 1
260 266 1
260 790 2
266 912 1
266 416 2
267 530 2
267 629 1
270 828 1
272 450 1
285 844 1
288 561 2
288 493 2
288 445 2
288 630 2
288 629 2
291 401 1
293 724 1
293 711 1
301 978 1
302 802 1
306 784 14
306 790 2
313 648 1
313 765 1
315 936 2
316 392 7
316 857 1
316 915 4
316 772 1
319 558 1
323 622 1
327 828 1
327 381 1
343 950 2
353 920 1
353 891 4
356 912 1
362 660 1
364 582 1
369 646 1
372 404 1
383 742 1
401 429 2
401 415 2
405 581 1
407 843 2
410 482 1
410 837 1
410 1001 1
410 650 1
410 994 1
410 719 1
410 433 1
410 777 1
410 969 1
410 924 1
410 541 1
413 746 1
413 935 1
416 912 2
416 949 1
416 598 1
416 472 3
416 586 4
421 978 1
424 978 1
424 990 1
435 500 3
435 782 1
437 828 1
440 737 1
447 586 1
447 885 1
458 956 1
469 978 1
472 912 4
482 531 1
482 951 2
490 586 1
493 629 1
500 586 3
500 814 3
500 542 1
506 644 1
506 1001 9
506 951 1
506 923 1
506 828 1
510 622 2
512 978 1
513 646 1
516 761 1
526 629 1
530 630 6
530 851 1
530 629 10
530 790 1
530 696 1
530 891 4
532 700 1
532 828 1
535 854 4
541 828 1
542 854 1
547 978 1
552 978 1
558 956 1
559 622 1
565 684 1
576 828 1
581 932 2
581 628 1
581 951 1
585 660 1
586 782 3
586 854 1
586 984 1
602 868 1
614 978 1
622 676 2
626 784 3
629 891 3
630 891 1
633 951 1
634 676 2
644 828 1
648 765 1
650 828 1
654 738 1
654 828 1
657 828 1
681 951 1
682 828 1
684 844 1
692 746 7
692 932 1
692 742 1
693 767 2
693 791 1
697 784 1
702 828 1
703 784 1
707 951 2
716 980 1
716 876 1
716 718 1
719 828 1
721 765 2
738 828 1
742 769 1
745 828 1
746 935 2
752 997 1
757 932 1
761 828 1
765 936 1
782 984 1
783 828 1
784 863 1
790 868 2
795 978 1
817 978 1
828 921 1
828 923 1
828 924 1
828 945 1
828 837 1
828 850 1
828 979 1
828 996 1
828 1001 1
828 881 1
851 920 1
851 978 1
851 915 1
868 889 1
870 951 1
912 949 2
954 978 1
957 978 1
978 988 1
