0
1
2
3
4
5
6
7
8
9
10
11
12
13
14
15
16
17
18
19
20
21
22
23
24
25
26
27
28
29
30
31
32
33
34
35
36
37
38
39
40
41
42
43
44
45
46
47
48
49
50
51
52
53
54
55
56
57
58
59
60
61
62
63
64
65
66
67
68
69
70
71
72
73
74
75
76
77
78
79
80
81
82
83
84
85
86
87
88
89
90
91
92
93
94
95
96
97
98
99
100
101
102
103
104
105
106
107
108
109
110
111
112
113
114
115
116
117
118
119
120
121
122
123
124
125
126
127
128
129
130
131
132
133
134
135
136
137
138
139
141
142
143
144
145
146
147
148
149
150
151
152
153
154
155
157
158
159
160
161
162
163
164
165
166
167
168
169
170
171
172
173
174
175
176
177
178
179
180
181
182
183
184
185
186
187
188
189
190
191
192
193
194
195
196
197
198
199
200
201
202
203
204
205
206
207
208
209
210
211
212
213
214
215
216
217
218
219
220
221
222
223
224
225
226
227
228
229
230
231
232
233
235
236
237
238
239
240
241
242
243
244
245
246
247
248
249
250
251
252
253
254
255
256
257
259
260
262
263
264
265
266
267
268
269
270
271
272
273
274
275
276
277
278
279
280
281
282
283
284
285
286
287
288
289
290
291
292
293
294
295
296
297
299
300
301
302
303
304
305
306
307
308
309
310
311
312
313
314
315
316
317
318
319
320
321
322
323
324
325
326
327
328
329
330
331
332
333
334
335
336
337
338
339
340
341
343
344
345
346
347
348
349
350
351
352
353
355
356
357
358
359
360
361
362
364
365
366
367
368
369
370
371
372
373
374
375
376
377
378
379
380
381
382
383
384
385
386
387
388
389
390
391
392
393
394
395
396
397
398
399
400
401
402
403
404
405
406
407
408
409
410
411
412
413
414
415
416
418
419
420
421
422
423
424
425
426
427
428
429
430
431
432
433
434
435
436
437
438
439
440
441
442
443
444
445
446
447
448
449
450
451
452
453
454
455
456
457
458
459
460
461
462
464
465
466
467
468
469
470
471
472
473
474
475
476
477
478
479
480
481
482
483
484
485
486
487
488
489
490
491
492
493
495
496
497
498
499
500
501
502
503
504
505
506
507
508
509
510
511
512
513
514
515
516
517
518
519
520
521
522
523
524
525
526
527
528
530
531
532
533
534
535
536
537
538
539
540
541
542
543
544
545
546
547
548
549
550
551
552
553
554
556
557
558
559
560
561
562
563
564
565
566
567
568
569
570
571
572
573
574
575
576
577
578
579
580
581
582
583
584
585
586
587
588
589
590
591
592
593
594
595
596
597
598
599
600
601
602
603
604
605
606
607
609
610
611
612
613
614
615
616
617
618
619
621
622
623
624
625
626
627
628
629
630
631
632
633
634
635
636
637
638
639
640
641
642
643
644
645
646
647
648
649
650
651
652
653
654
655
656
657
658
659
660
661
662
663
664
665
666
667
668
669
670
671
672
673
674
675
676
677
678
679
680
681
682
683
684
685
686
687
688
689
690
691
692
693
694
695
696
697
698
699
700
701
702
703
704
705
706
707
708
709
710
711
712
713
714
715
716
717
718
719
720
721
722
723
724
725
726
727
728
729
730
731
732
733
734
735
736
737
738
739
740
741
742
743
744
745
746
747
748
749
750
751
752
753
754
756
757
758
759
760
761
762
763
764
765
767
768
769
770
771
772
773
774
775
776
777
778
779
780
781
782
783
784
785
786
787
788
789
790
791
792
793
794
795
796
797
798
799
800
801
802
803
804
805
806
807
808
809
810
811
812
813
814
815
816
817
818
819
820
821
822
823
824
825
826
827
828
829
830
831
832
833
834
835
836
837
838
839
840
841
842
843
844
845
846
847
848
849
850
851
852
853
854
855
856
857
858
859
860
861
862
863
864
865
866
867
868
869
870
871
872
873
874
875
876
877
878
879
880
881
882
883
884
885
886
887
888
889
890
891
892
893
894
895
896
897
898
899
900
901
902
903
904
905
906
907
908
909
910
911
912
913
914
915
916
917
918
919
920
921
922
923
924
925
926
927
928
929
930
931
932
933
934
935
936
937
938
939
940
941
942
943
944
945
946
947
948
949
950
951
952
953
954
955
956
957
958
960
961
962
963
964
965
966
967
968
969
970
971
972
973
974
975
976
977
978
979
980
981
982
983
984
985
986
987
988
989
990
991
992
993
994
995
996
997
998
999
1000
1001
1002
1003
1004
0 6 1
0 228 1
0 502 2
0 710 1
0 295 1
0 599 1
0 333 1
0 78 1
0 976 1
0 693 1
0 470 1
0 409 1
0 249 1
0 538 1
0 767 1
0 732 2
0 605 1
0 862 1
0 991 1
1 337 3
2 231 2
2 812 1
2 908 1
2 365 1
2 790 1
2 700 1
2 638 1
4 371 1
4 304 2
4 90 1
4 771 2
5 107 4
5 670 1
5 599 1
6 249 1
6 189 1
6 670 1
6 767 1
13 738 1
14 738 1
14 644 1
14 189 1
14 702 14
15 680 7
15 731 2
15 159 2
16 293 1
17 990 1
18 896 2
19 333 1
24 280 1
24 160 1
24 656 1
24 629 18
28 987 1
29 506 2
29 107 3
30 256 1
30 868 1
30 104 2
30 648 1
30 168 2
30 313 1
30 356 2
30 765 1
31 990 2
31 915 1
31 316 1
31 165 2
31 838 1
32 772 1
32 197 1
32 862 1
35 469 2
38 832 4
38 939 1
39 923 2
40 772 1
40 450 1
40 187 1
40 572 1
40 159 1
41 458 1
42 337 3
42 402 1
42 322 1
46 612 1
46 622 6
48 216 1
48 684 1
48 319 1
52 168 1
53 193 1
53 923 3
56 994 1
56 987 2
56 772 1
58 586 1
61 866 1
61 550 2
61 843 1
61 754 1
61 718 3
61 591 1
61 595 1
61 243 3
61 692 2
61 696 5
61 724 1
61 883 1
61 189 1
61 127 1
62 646 3
62 542 13
67 963 7
67 165 2
67 846 4
67 207 6
67 561 3
67 344 4
68 987 1
68 189 1
72 443 1
72 662 1
72 135 4
73 499 1
75 633 1
75 178 1
75 334 1
75 607 1
77 912 1
77 260 3
78 605 3
78 862 1
83 784 1
83 771 2
83 772 1
83 807 1
84 97 2
86 443 5
90 161 3
90 912 1
90 843 1
90 551 1
90 124 1
90 651 1
90 940 1
90 178 2
90 718 1
90 144 1
90 850 1
90 692 2
90 927 1
90 761 1
90 923 2
90 767 1
90 830 1
90 191 2
92 990 1
92 207 2
95 251 1
95 772 1
95 987 1
96 832 2
96 132 1
96 634 1
96 299 1
96 388 3
96 346 1
96 509 1
96 638 1
97 337 1
98 707 20
98 454 3
98 134 14
98 713 17
98 107 22
98 268 21
98 429 11
98 592 18
98 401 9
98 291 3
98 117 22
98 278 6
101 246 1
101 423 3
102 139 1
103 832 2
103 423 4
104 313 1
105 233 2
105 418 6
107 192 3
107 898 3
107 236 3
107 652 1
107 532 3
107 664 3
107 537 3
107 175 3
107 208 3
107 670 3
107 415 1
107 808 3
107 553 6
107 810 3
107 688 3
107 320 3
107 201 3
107 335 3
107 464 5
107 468 3
107 985 1
107 737 3
107 1004 3
107 118 3
107 980 3
107 381 4
111 794 1
112 267 1
112 517 1
112 166 2
113 854 3
113 927 2
118 732 4
119 700 2
119 812 1
120 338 1
120 923 2
120 586 1
120 443 1
122 915 1
122 428 1
122 693 3
122 165 1
125 603 1
125 139 1
125 622 7
126 232 3
126 356 3
127 866 3
127 772 3
127 716 1
127 718 1
127 595 1
127 377 1
133 168 1
133 602 2
133 765 1
134 592 5
134 291 1
134 316 2
135 161 3
135 292 1
135 581 13
135 942 9
135 936 4
135 628 4
135 772 2
135 692 4
136 200 2
136 915 1
136 428 1
136 990 1
139 324 1
139 487 1
139 939 1
139 524 1
139 206 1
139 174 1
139 534 1
139 154 1
139 477 1
139 510 1
141 188 3
142 267 1
142 990 1
142 647 1
147 416 1
147 577 2
147 454 1
147 833 1
147 277 2
147 214 1
147 159 1
152 362 1
153 432 1
157 577 1
157 277 2
159 544 1
159 290 1
159 739 1
159 324 2
159 742 2
159 334 3
159 214 3
159 787 2
159 923 2
159 607 1
160 530 1
160 586 1
160 629 1
160 658 1
161 272 2
161 994 2
161 835 2
161 900 2
161 581 2
161 540 2
161 586 1
161 239 1
161 784 2
161 338 2
161 662 2
161 443 2
161 572 3
161 863 3
165 586 1
165 401 4
165 990 3
166 586 2
166 759 1
166 565 3
166 743 3
167 547 1
167 469 5
168 416 2
168 260 3
168 232 6
168 362 1
168 557 2
168 782 7
168 912 7
168 949 3
168 472 5
168 356 7
168 607 1
170 697 4
171 577 1
171 347 2
171 277 1
173 506 1
173 738 1
175 849 3
175 275 2
175 710 1
175 423 2
178 772 1
178 231 1
178 969 1
178 693 1
178 565 1
178 502 1
178 762 1
178 607 1
178 605 6
178 767 4
181 696 1
181 537 1
181 724 2
184 754 1
185 684 3
185 915 5
185 502 3
185 248 4
185 762 3
185 605 1
185 670 3
187 337 1
187 450 3
187 596 2
188 978 1
188 469 2
189 506 1
189 236 3
189 716 1
189 718 4
189 977 2
189 883 1
189 724 1
189 969 2
189 410 1
189 605 1
189 670 1
190 267 4
190 772 3
191 332 1
191 692 1
191 927 2
193 633 1
193 923 3
194 951 1
196 429 3
199 772 1
199 506 2
199 644 2
199 738 1
200 952 6
200 915 2
200 990 1
207 424 1
207 428 2
207 493 1
207 469 3
207 795 5
207 988 1
209 356 6
214 321 1
214 290 1
214 935 1
214 233 3
214 746 1
214 940 1
214 334 1
214 531 2
214 951 1
214 923 4
217 899 2
220 752 2
220 772 4
223 322 2
223 343 1
228 605 1
228 502 2
229 607 4
230 577 2
230 277 1
231 264 4
231 624 1
231 840 1
231 502 3
231 698 1
231 987 1
232 356 1
232 966 1
232 472 3
232 313 4
232 607 1
233 329 2
233 692 2
233 772 1
235 923 2
236 537 1
236 1004 2
236 977 1
238 899 2
239 324 1
239 528 1
239 596 1
239 951 1
239 923 2
241 469 2
245 994 1
245 987 1
245 772 1
245 698 1
246 724 2
246 423 4
248 696 3
250 332 1
250 927 3
251 987 1
256 416 5
256 313 1
256 356 4
260 472 1
260 912 2
260 416 2
264 586 1
264 454 1
266 416 1
270 738 1
272 443 1
272 572 1
274 614 1
275 849 2
277 577 2
277 931 1
277 933 1
277 972 1
277 748 1
277 590 1
277 285 2
277 355 1
277 308 1
277 686 1
277 347 1
277 926 1
277 715 2
278 776 1
280 614 2
280 658 1
280 629 1
280 630 2
280 631 1
285 577 1
291 401 3
291 429 2
293 866 1
293 716 1
294 416 1
294 586 1
301 978 1
301 795 2
301 493 1
301 469 2
302 428 1
302 990 1
306 784 1
306 771 1
306 659 1
306 660 2
306 807 2
308 577 1
310 586 1
310 612 1
311 697 1
311 987 1
311 540 1
313 416 4
313 765 1
316 838 1
316 428 3
316 915 4
316 990 1
319 386 1
321 458 1
322 420 1
322 879 1
322 343 3
322 388 2
324 612 1
324 638 2
327 738 2
327 381 2
329 624 1
332 782 13
332 435 2
332 500 2
332 539 1
332 575 4
333 767 1
334 607 3
335 899 2
335 607 3
337 832 2
337 936 6
338 994 1
338 987 1
343 706 1
343 663 2
344 990 1
347 577 1
355 577 1
356 416 3
356 557 1
356 912 2
356 472 3
356 765 5
360 891 1
360 526 1
361 987 1
362 585 1
362 371 1
364 994 1
364 987 1
369 535 1
369 407 1
369 927 1
377 393 1
377 866 1
381 532 1
381 670 1
383 528 2
383 720 3
383 586 1
388 528 1
388 638 2
399 612 1
401 429 7
401 415 9
408 990 1
410 719 1
413 746 1
414 891 1
414 772 1
415 416 1
415 784 1
416 912 2
416 447 11
416 949 1
416 439 1
416 602 1
416 927 5
418 977 6
418 996 12
421 424 2
421 795 4
421 469 2
423 977 1
424 469 2
424 953 1
424 795 4
424 990 2
427 955 1
428 838 1
428 915 2
428 857 1
428 990 1
429 454 1
432 915 1
432 987 1
433 738 1
433 987 1
433 994 1
435 500 2
435 782 1
437 738 1
443 662 1
445 891 2
450 802 1
450 900 2
450 466 1
450 947 2
450 596 1
450 568 1
450 772 1
453 595 2
454 592 4
458 723 1
458 565 2
459 517 2
462 687 1
465 812 1
469 512 1
469 547 2
469 817 2
469 954 2
469 795 2
469 957 2
472 743 1
472 782 15
472 912 1
472 575 1
476 923 2
479 586 1
482 987 1
483 607 3
485 823 1
485 542 1
485 927 1
495 568 1
495 862 1
499 704 1
499 956 1
500 586 1
500 542 2
500 814 5
502 724 2
502 687 1
502 532 1
502 605 2
502 511 1
506 738 1
506 644 2
506 1004 1
506 951 1
506 996 1
506 783 1
506 541 2
506 670 2
513 927 1
514 603 1
514 612 1
516 738 1
517 772 1
526 891 1
526 772 1
528 867 3
528 685 1
528 537 1
528 765 2
530 891 4
530 629 1
530 630 5
531 987 2
532 738 1
532 700 1
535 854 2
538 605 2
540 994 1
540 987 1
540 772 1
540 698 2
540 955 5
540 925 1
540 863 1
541 996 1
541 738 1
542 646 2
543 990 1
544 772 1
546 586 1
546 692 1
546 550 2
549 994 3
549 772 1
550 743 1
551 854 2
552 951 1
558 956 1
558 844 1
558 565 1
559 622 8
561 846 1
565 704 1
568 947 1
572 772 1
572 862 1
573 586 3
575 782 4
576 738 1
577 931 1
577 933 1
577 972 1
577 748 2
577 590 1
577 686 1
577 926 1
577 715 2
581 772 1
581 936 5
581 720 1
581 855 4
582 987 1
586 947 1
586 837 1
586 984 1
586 948 1
591 746 1
591 739 1
591 915 1
592 713 5
592 927 4
595 687 2
595 718 3
596 695 1
599 767 2
602 743 2
603 612 1
607 646 1
607 696 4
612 649 1
612 780 1
612 772 1
622 676 7
628 720 1
629 772 1
629 752 1
630 891 2
630 658 1
630 915 11
633 923 2
638 832 1
638 951 3
641 987 1
643 685 1
644 738 1
646 890 1
647 990 1
647 838 1
648 765 1
649 663 1
650 682 4
650 738 2
650 654 2
650 783 1
654 738 8
654 783 3
654 682 3
654 991 3
656 772 1
657 738 1
658 838 1
659 807 4
663 950 3
674 803 1
680 790 1
682 772 1
682 738 3
682 783 2
684 956 1
687 776 1
687 915 1
692 746 7
697 855 1
697 925 1
698 840 1
698 873 1
698 764 1
700 867 2
700 812 2
700 790 1
702 738 1
703 771 2
704 743 2
707 880 1
707 923 2
707 951 1
711 843 1
711 718 2
718 866 7
718 754 1
718 724 3
718 883 1
719 738 1
720 936 3
720 772 1
722 854 1
723 933 3
723 758 2
724 866 1
724 843 1
731 772 1
738 783 1
738 772 1
738 921 1
738 923 2
738 924 1
738 945 1
738 828 1
738 837 1
738 850 1
738 979 1
738 996 1
738 1001 1
738 881 1
738 745 1
738 761 1
740 879 1
742 772 1
743 868 2
746 935 17
746 923 1
758 956 1
758 918 3
761 783 1
762 794 2
762 765 1
764 987 1
765 908 4
770 927 3
772 776 1
772 923 2
772 809 1
772 803 1
772 834 1
772 805 1
772 850 1
772 987 3
772 862 1
772 994 1
772 997 2
772 891 1
774 947 31
774 951 1
780 832 1
783 881 1
783 979 3
784 807 1
789 994 1
789 987 1
790 812 1
795 978 1
796 921 1
809 987 1
832 950 1
838 857 2
838 990 1
840 987 1
844 956 1
849 987 1
851 978 1
854 927 3
857 915 11
857 990 1
861 934 1
862 909 1
872 987 2
873 987 1
875 923 2
880 923 2
890 923 2
915 952 1
915 990 1
921 923 1
923 951 2
952 990 1
953 990 1
955 987 2
971 990 1
977 1001 1
987 994 1
