0
1
2
3
4
5
6
7
8
9
10
11
12
13
14
15
16
17
18
19
20
21
22
23
24
25
26
27
28
29
30
31
32
33
34
35
36
37
38
39
40
41
42
43
44
45
46
47
48
49
50
51
52
53
54
55
56
57
58
59
60
61
62
63
64
65
66
67
68
69
70
71
72
73
74
75
76
77
78
79
80
81
82
83
84
85
86
87
88
89
90
91
92
93
94
95
96
97
98
99
100
101
102
103
104
105
106
107
108
109
110
111
112
113
114
115
116
117
118
119
120
121
122
123
124
125
126
127
128
129
130
131
132
133
134
135
136
137
138
139
141
142
143
144
145
146
147
148
149
150
151
152
153
154
155
157
158
159
160
161
162
163
164
165
166
167
168
169
170
171
172
173
174
175
176
177
178
179
180
181
182
183
184
185
186
187
188
189
190
191
192
193
194
195
196
197
198
199
200
201
202
203
204
205
206
207
208
209
210
211
212
213
214
215
216
217
218
219
220
221
222
223
224
225
226
227
228
229
230
231
232
233
235
236
237
238
239
240
241
242
243
244
245
246
247
248
249
250
251
252
253
254
255
256
257
259
260
262
263
264
265
266
267
268
269
270
271
272
273
274
275
276
277
278
279
280
281
282
283
284
285
286
287
288
289
290
291
292
293
294
295
296
297
299
300
301
302
303
304
305
306
307
308
309
310
311
312
313
314
315
316
317
318
319
320
321
322
323
324
325
326
327
328
329
330
331
332
333
334
335
336
337
338
339
340
341
343
344
345
346
347
348
349
350
351
352
353
355
356
357
358
359
360
361
362
364
365
366
367
368
369
370
371
372
373
374
375
376
377
378
379
380
381
382
383
384
385
386
387
388
389
390
391
392
393
394
395
396
397
398
399
400
401
402
403
404
405
406
407
408
409
410
411
412
413
414
415
416
418
419
420
421
422
423
424
425
426
427
428
429
430
431
432
433
434
435
436
437
438
439
440
441
442
443
444
445
446
447
448
449
450
451
452
453
454
455
456
457
458
459
460
461
462
464
465
466
467
468
469
470
471
472
473
474
475
476
477
478
479
480
481
482
483
484
485
486
487
488
489
490
491
492
493
495
496
497
498
499
500
501
502
503
504
505
506
507
508
509
510
511
512
513
514
515
516
517
518
519
520
521
522
523
524
525
526
527
528
530
531
532
533
534
535
536
537
538
539
540
541
542
543
544
545
546
547
548
549
550
551
552
553
554
556
557
558
559
560
561
562
563
564
565
566
567
568
569
570
571
572
573
574
575
576
577
578
579
580
581
582
583
584
585
586
587
588
589
590
591
592
593
594
595
596
597
598
599
600
601
602
603
604
605
606
607
609
610
611
612
613
614
615
616
617
618
619
621
622
623
624
625
626
627
628
629
630
631
632
633
634
635
636
637
638
639
640
641
642
643
644
645
646
647
648
649
650
651
652
653
654
655
656
657
658
659
660
661
662
663
664
665
666
667
668
669
670
671
672
673
674
675
676
677
678
679
680
681
682
683
684
685
686
687
688
689
690
691
692
693
694
695
696
697
698
699
700
701
702
703
704
705
706
707
708
709
710
711
712
713
714
715
716
717
718
719
720
721
722
723
724
725
726
727
728
729
730
731
732
733
734
735
736
737
738
739
740
741
742
743
744
745
746
747
748
749
750
751
752
753
754
756
757
758
759
760
761
762
763
764
765
767
768
769
770
771
772
773
774
775
776
777
778
779
780
781
782
783
784
785
786
787
788
789
790
791
792
793
794
795
796
797
798
799
800
801
802
803
804
805
806
807
808
809
810
811
812
813
814
815
816
817
818
819
820
821
822
823
824
825
826
827
828
829
830
831
832
833
834
835
836
837
838
839
840
841
842
843
844
845
846
847
848
849
850
851
852
853
854
855
856
857
858
859
860
861
862
863
864
865
866
867
868
869
870
871
872
873
874
875
876
877
878
879
880
881
882
883
884
885
886
887
888
889
890
891
892
893
894
895
896
897
898
899
900
901
902
903
904
905
906
907
908
909
910
911
912
913
914
915
916
917
918
919
920
921
922
923
924
925
926
927
928
929
930
931
932
933
934
935
936
937
938
939
940
941
942
943
944
945
946
947
948
949
950
951
952
953
954
955
956
957
958
960
961
962
963
964
965
966
967
968
969
970
971
972
973
974
975
976
977
978
979
980
981
982
983
984
985
986
987
988
989
990
991
992
993
994
995
996
997
998
999
1000
1001
1002
1003
1004
0 184 2
0 595 1
0 951 1
2 528 1
2 700 1
2 790 1
2 638 3
5 107 2
6 249 1
13 719 1
14 1001 1
14 719 1
14 657 1
14 506 1
14 90 1
14 410 1
15 680 2
15 731 2
15 422 2
16 410 1
24 561 1
24 891 1
24 629 2
24 750 2
24 953 1
28 987 3
29 107 1
30 356 1
31 316 1
31 165 1
32 921 1
32 915 3
32 580 2
35 978 1
38 832 2
38 939 1
38 388 2
38 534 1
40 450 1
40 379 1
40 196 1
40 712 1
40 60 1
40 802 1
40 947 1
40 695 1
40 187 2
40 572 1
40 415 1
45 66 2
52 168 1
52 648 1
52 267 1
52 126 3
53 120 1
53 746 1
53 844 1
56 410 1
56 987 3
61 393 2
61 522 2
61 782 2
61 718 1
61 742 1
62 120 1
62 800 1
65 239 1
67 963 1
67 165 1
67 391 1
68 987 3
69 343 1
70 416 1
70 890 1
70 388 1
74 974 3
75 633 1
75 915 2
77 168 1
77 912 1
78 409 2
78 502 1
82 771 1
83 771 1
86 443 4
86 765 1
86 662 1
88 906 3
88 343 1
90 485 1
90 1001 2
90 850 2
90 948 1
90 765 1
90 997 1
95 873 8
95 987 3
98 707 1
98 429 1
98 454 1
99 502 2
101 275 1
104 721 2
104 765 3
104 425 19
107 192 1
107 898 1
107 899 1
107 1004 1
107 664 1
107 537 2
107 670 1
107 289 1
107 553 1
107 810 1
107 175 1
107 688 1
107 320 1
107 201 1
107 208 1
107 980 1
107 985 1
107 464 2
107 236 2
107 118 1
107 381 1
112 267 5
114 977 1
118 502 1
119 812 1
120 416 2
120 707 1
120 196 1
120 454 2
120 198 1
120 870 2
120 752 2
120 502 1
120 772 2
120 542 4
120 671 1
125 323 1
125 534 1
126 586 2
126 812 1
126 435 1
126 790 5
126 948 2
127 923 1
133 168 1
133 765 1
134 416 1
134 923 1
135 834 1
135 580 2
135 581 1
135 742 1
135 233 2
135 586 1
135 450 2
135 942 7
135 530 1
135 157 1
136 316 1
137 936 2
139 322 1
139 323 1
141 978 1
142 920 1
142 915 1
142 316 1
143 951 1
147 931 1
147 196 1
147 171 1
147 590 1
147 720 1
147 471 2
147 926 1
149 275 1
149 716 1
151 290 1
151 253 2
153 418 1
157 746 1
157 740 1
157 933 1
160 280 1
160 629 2
165 401 1
165 316 1
165 838 1
166 883 1
166 782 1
166 759 2
167 978 1
167 851 3
167 188 1
167 469 1
168 356 4
168 232 3
168 266 1
168 557 1
168 912 19
168 948 3
168 949 3
168 790 4
168 439 9
168 472 19
168 260 7
168 607 2
168 699 3
168 868 1
169 595 2
170 840 1
170 771 4
173 719 1
175 849 1
175 275 8
178 605 5
178 502 3
181 249 1
181 724 1
181 189 1
184 977 1
187 450 1
188 978 1
189 410 1
189 214 1
193 707 1
196 749 1
199 719 1
200 344 1
200 316 3
206 534 1
207 978 1
207 469 2
214 472 1
214 713 1
214 746 1
214 334 4
226 283 1
229 334 1
229 687 1
229 851 2
229 692 1
229 534 2
229 248 2
229 607 1
231 987 4
231 923 1
232 472 3
236 1004 1
236 671 3
236 975 1
239 656 1
239 547 2
239 280 1
239 951 1
245 264 1
245 624 1
245 987 3
246 275 4
246 724 1
246 423 1
247 323 1
248 696 1
248 364 1
248 334 2
248 607 1
250 962 1
250 518 6
250 551 1
250 913 1
250 854 2
250 535 2
251 987 3
253 290 2
256 721 1
264 540 1
266 912 1
266 439 2
267 517 2
267 648 2
267 586 1
267 751 1
267 478 1
270 719 1
272 568 1
272 900 5
272 662 3
274 469 1
275 737 1
275 977 1
275 710 1
275 327 1
275 423 1
275 1004 2
275 849 2
275 409 1
275 293 1
280 360 1
280 658 1
280 846 1
280 561 1
280 530 3
280 629 2
280 631 1
280 281 1
280 526 1
284 731 1
288 629 2
288 846 2
288 391 2
289 810 1
290 589 1
290 566 1
292 936 1
293 568 4
293 862 1
294 817 1
301 978 1
302 316 1
304 848 2
304 441 1
306 864 1
306 659 1
306 981 1
306 742 4
306 703 1
310 343 1
311 987 3
314 605 2
316 971 1
316 428 3
316 915 7
316 953 1
316 952 1
316 857 1
316 702 4
316 990 1
319 832 3
323 676 1
323 622 1
323 402 1
323 601 1
323 474 1
323 510 1
327 719 1
332 435 1
332 500 5
333 605 1
334 742 1
334 746 1
334 718 1
335 664 1
335 553 1
338 987 3
343 388 1
343 399 3
343 740 1
344 838 1
353 750 1
353 391 6
356 416 1
356 425 4
356 912 2
356 721 1
356 946 2
356 472 8
360 629 2
361 987 3
362 719 1
369 513 1
369 407 1
373 391 2
377 457 3
377 718 1
381 532 9
383 500 2
383 887 1
386 758 1
390 771 6
391 484 1
392 674 1
401 429 2
401 454 1
401 415 2
402 788 1
407 977 1
407 843 2
410 719 3
414 506 2
415 762 1
415 429 1
416 707 1
416 425 1
416 586 2
416 749 1
416 629 1
416 573 1
418 761 1
418 996 10
418 977 3
421 978 1
422 731 1
423 832 1
423 849 1
424 978 1
425 948 2
425 435 1
428 857 2
428 915 4
428 838 2
429 454 2
432 987 3
433 987 3
435 500 1
437 719 1
439 912 5
443 602 1
443 662 3
443 743 1
450 802 1
450 900 1
450 712 1
454 592 1
468 643 1
469 978 1
472 912 3
472 946 1
472 949 2
474 534 2
478 517 1
480 987 3
482 987 3
484 630 2
493 629 2
500 586 2
500 814 1
502 772 1
502 742 1
502 687 1
502 915 2
502 591 1
502 923 1
502 538 4
502 862 1
506 657 1
506 1001 1
506 719 1
512 978 1
516 804 3
516 532 3
516 719 1
517 648 1
517 746 1
517 751 1
518 951 2
518 542 1
518 646 1
518 551 1
526 629 2
527 720 1
527 710 6
530 629 2
531 987 3
532 804 1
532 761 1
532 719 1
534 676 1
534 939 1
534 862 1
538 605 1
540 994 3
540 955 1
540 840 1
540 855 1
540 697 1
540 987 3
541 921 1
541 850 2
541 719 1
542 746 1
542 646 1
542 951 1
546 704 1
547 978 1
547 862 1
550 704 1
552 978 1
558 704 2
558 723 1
558 758 1
561 629 3
561 846 3
565 1000 1
570 765 1
576 719 1
580 739 1
582 987 3
584 731 1
585 937 1
585 767 1
586 984 2
591 915 1
602 721 1
607 718 1
609 707 1
609 923 1
614 978 1
629 750 2
629 658 2
629 685 2
629 846 2
629 630 2
629 631 2
629 891 2
630 685 1
633 707 1
633 823 1
634 788 1
638 700 1
638 790 1
641 987 3
644 719 1
648 721 1
650 719 1
654 719 1
654 991 6
657 921 2
657 719 1
668 720 3
668 746 2
680 731 3
680 707 1
682 719 1
684 704 1
684 746 1
687 915 1
692 746 1
692 749 4
696 718 1
697 771 1
698 987 3
700 812 1
702 719 1
703 771 8
704 743 2
704 844 2
704 765 1
707 951 1
707 923 1
718 724 1
718 742 1
718 904 1
718 915 1
718 980 1
719 783 1
719 921 1
719 923 1
719 924 1
719 945 1
719 828 1
719 837 1
719 850 1
719 979 1
719 738 1
719 996 1
719 1001 1
719 881 1
719 745 1
719 761 1
720 935 2
720 746 4
720 813 2
721 743 1
721 790 1
721 868 2
721 765 2
724 883 2
737 849 1
738 923 1
742 900 1
742 915 1
746 935 8
746 813 3
752 946 1
758 956 1
761 804 1
761 881 1
761 996 1
762 984 2
764 987 3
782 890 1
789 987 3
790 812 1
795 978 1
796 987 3
809 987 5
813 935 1
817 978 1
838 857 1
840 987 3
848 860 1
849 987 3
851 978 5
858 991 3
868 912 2
872 987 3
873 987 3
885 951 1
890 923 2
910 923 4
915 923 1
921 923 1
925 987 3
936 942 1
950 1001 4
954 978 1
955 987 3
957 978 1
977 1004 3
978 988 1
987 994 3
