0
1
2
3
4
5
6
7
8
9
10
11
12
13
14
15
16
17
18
19
20
21
22
23
24
25
26
27
28
29
30
31
32
33
34
35
36
37
38
39
40
41
42
43
44
45
46
47
48
49
50
51
52
53
54
55
56
57
58
59
60
61
62
63
64
65
66
67
68
69
70
71
72
73
74
75
76
77
78
79
80
81
82
83
84
85
86
87
88
89
90
91
92
93
94
95
96
97
98
99
100
101
102
103
104
105
106
107
108
109
110
111
112
113
114
115
116
117
118
119
120
121
122
123
124
125
126
127
128
129
130
131
132
133
134
135
136
137
138
139
141
142
143
144
145
146
147
148
149
150
151
152
153
154
155
157
158
159
160
161
162
163
164
165
166
167
168
169
170
171
172
173
174
175
176
177
178
179
180
181
182
183
184
185
186
187
188
189
190
191
192
193
194
195
196
197
198
199
200
201
202
203
204
205
206
207
208
209
210
211
212
213
214
215
216
217
218
219
220
221
222
223
224
225
226
227
228
229
230
231
232
233
235
236
237
238
239
240
241
242
243
244
245
246
247
248
249
250
251
252
253
254
255
256
257
259
260
262
263
264
265
266
267
268
269
270
271
272
273
274
275
276
277
278
279
280
281
282
283
284
285
286
287
288
289
290
291
292
293
294
295
296
297
299
300
301
302
303
304
305
306
307
308
309
310
311
312
313
314
315
316
317
318
319
320
321
322
323
324
325
326
327
328
329
330
331
332
333
334
335
336
337
338
339
340
341
343
344
345
346
347
348
349
350
351
352
353
355
356
357
358
359
360
361
362
364
365
366
367
368
369
370
371
372
373
374
375
376
377
378
379
380
381
382
383
384
385
386
387
388
389
390
391
392
393
394
395
396
397
398
399
400
401
402
403
404
405
406
407
408
409
410
411
412
413
414
415
416
418
419
420
421
422
423
424
425
426
427
428
429
430
431
432
433
434
435
436
437
438
439
440
441
442
443
444
445
446
447
448
449
450
451
452
453
454
455
456
457
458
459
460
461
462
464
465
466
467
468
469
470
471
472
473
474
475
476
477
478
479
480
481
482
483
484
485
486
487
488
489
490
491
492
493
495
496
497
498
499
500
501
502
503
504
505
506
507
508
509
510
511
512
513
514
515
516
517
518
519
520
521
522
523
524
525
526
527
528
530
531
532
533
534
535
536
537
538
539
540
541
542
543
544
545
546
547
548
549
550
551
552
553
554
556
557
558
559
560
561
562
563
564
565
566
567
568
569
570
571
572
573
574
575
576
577
578
579
580
581
582
583
584
585
586
587
588
589
590
591
592
593
594
595
596
597
598
599
600
601
602
603
604
605
606
607
609
610
611
612
613
614
615
616
617
618
619
621
622
623
624
625
626
627
628
629
630
631
632
633
634
635
636
637
638
639
640
641
642
643
644
645
646
647
648
649
650
651
652
653
654
655
656
657
658
659
660
661
662
663
664
665
666
667
668
669
670
671
672
673
674
675
676
677
678
679
680
681
682
683
684
685
686
687
688
689
690
691
692
693
694
695
696
697
698
699
700
701
702
703
704
705
706
707
708
709
710
711
712
713
714
715
716
717
718
719
720
721
722
723
724
725
726
727
728
729
730
731
732
733
734
735
736
737
738
739
740
741
742
743
744
745
746
747
748
749
750
751
752
753
754
756
757
758
759
760
761
762
763
764
765
767
768
769
770
771
772
773
774
775
776
777
778
779
780
781
782
783
784
785
786
787
788
789
790
791
792
793
794
795
796
797
798
799
800
801
802
803
804
805
806
807
808
809
810
811
812
813
814
815
816
817
818
819
820
821
822
823
824
825
826
827
828
829
830
831
832
833
834
835
836
837
838
839
840
841
842
843
844
845
846
847
848
849
850
851
852
853
854
855
856
857
858
859
860
861
862
863
864
865
866
867
868
869
870
871
872
873
874
875
876
877
878
879
880
881
882
883
884
885
886
887
888
889
890
891
892
893
894
895
896
897
898
899
900
901
902
903
904
905
906
907
908
909
910
911
912
913
914
915
916
917
918
919
920
921
922
923
924
925
926
927
928
929
930
931
932
933
934
935
936
937
938
939
940
941
942
943
944
945
946
947
948
949
950
951
952
953
954
955
956
957
958
960
961
962
963
964
965
966
967
968
969
970
971
972
973
974
975
976
977
978
979
980
981
982
983
984
985
986
987
988
989
990
991
992
993
994
995
996
997
998
999
1000
1001
1002
1003
1004
0 569 1
0 732 1
0 605 1
0 470 1
1 106 1
1 309 2
2 700 3
2 75 1
2 532 1
2 629 1
2 790 7
2 956 2
5 107 3
5 175 4
6 569 1
6 75 1
6 470 1
8 159 2
11 633 1
12 406 1
13 532 2
13 719 1
14 644 7
14 1001 1
14 365 3
14 506 1
14 924 1
14 702 1
15 680 2
15 731 4
15 406 2
15 422 1
16 410 1
16 716 2
17 200 1
19 457 1
24 547 3
24 530 2
24 629 6
24 280 1
24 891 2
24 31 2
25 458 2
26 40 1
30 936 3
30 313 1
30 356 8
30 765 3
30 135 2
31 200 1
31 165 4
31 990 1
32 569 4
32 90 1
32 189 1
32 502 1
32 693 2
34 997 3
34 855 4
35 978 6
35 469 1
38 159 8
39 707 1
40 450 3
40 712 6
40 272 2
40 147 1
40 695 1
40 187 1
40 159 1
41 499 1
41 565 1
48 672 1
48 546 1
48 458 3
48 684 4
48 558 1
48 499 2
48 723 1
52 948 1
53 193 2
53 290 1
53 443 1
53 75 1
53 377 4
53 569 1
53 923 3
56 329 1
56 531 1
56 692 1
56 749 2
56 193 5
58 586 1
58 818 1
58 909 2
61 674 1
61 772 1
61 517 3
61 457 1
61 718 1
61 854 3
61 356 1
61 122 2
61 991 1
62 800 1
62 513 1
62 485 2
62 646 1
62 551 1
62 369 1
62 854 3
62 542 3
64 322 1
64 612 1
64 534 1
65 546 2
65 334 2
65 784 1
65 948 3
65 220 2
65 191 1
72 159 2
73 499 1
73 679 1
75 772 4
75 915 1
75 535 1
75 923 2
75 670 1
75 550 1
75 945 1
75 607 2
75 189 1
75 334 4
75 850 1
75 462 1
75 91 1
75 220 3
75 223 1
75 617 1
75 107 1
75 879 3
75 127 1
77 912 2
77 260 8
77 168 3
77 556 3
78 538 1
78 862 1
90 609 1
90 802 1
90 742 2
90 865 1
90 749 1
90 978 1
90 692 1
90 660 1
90 569 1
90 189 1
90 702 3
91 607 1
92 953 2
98 707 4
98 454 4
98 134 4
98 713 12
98 107 16
98 268 6
98 429 1
98 592 8
98 291 5
98 117 4
98 278 5
101 457 2
101 149 1
101 423 1
102 174 1
103 832 2
103 514 4
103 950 5
103 303 3
105 418 2
105 582 9
106 740 4
106 229 2
106 1001 3
106 139 1
106 780 1
106 309 1
106 634 1
106 702 1
107 201 1
107 687 1
107 980 3
107 118 3
107 553 5
107 440 2
107 670 2
111 586 1
112 256 1
112 674 3
112 517 1
112 267 2
112 948 2
112 631 1
113 854 2
113 927 1
114 275 3
117 268 1
118 716 2
120 546 1
120 291 1
120 772 3
120 454 5
120 752 1
120 948 1
120 854 3
122 410 1
122 718 2
125 174 1
126 416 1
126 948 2
126 586 2
126 356 1
126 166 2
127 193 1
132 842 5
132 879 2
133 416 1
134 515 1
134 454 3
134 592 9
134 850 1
134 291 2
135 936 5
135 248 1
135 692 1
135 581 4
136 200 3
136 857 1
136 915 3
136 428 3
136 629 2
137 443 3
139 174 1
141 978 6
141 188 2
141 469 1
142 344 2
142 200 1
142 915 1
142 267 1
143 872 1
143 580 2
143 796 2
147 214 1
147 926 1
150 415 2
153 977 15
153 410 1
157 775 1
157 684 1
157 586 5
157 844 1
157 915 7
157 248 12
157 542 6
159 776 1
159 712 4
159 660 2
159 923 3
159 669 1
159 290 2
159 940 4
159 565 7
159 695 1
159 450 2
159 713 1
159 586 1
159 844 1
159 334 4
159 720 1
159 978 1
159 851 1
159 214 4
159 609 1
159 495 1
159 500 3
159 629 2
160 586 1
160 630 1
160 629 7
160 526 1
164 548 2
164 420 4
164 174 1
165 200 1
165 207 4
165 401 5
165 915 1
165 948 2
165 847 1
166 586 3
166 772 1
167 817 1
167 978 8
167 274 1
167 469 1
167 862 1
168 416 2
168 260 7
168 966 1
168 232 2
168 912 2
168 915 1
168 790 2
168 439 1
168 472 2
171 933 1
171 966 1
173 541 1
174 832 3
174 534 1
174 505 1
174 510 1
175 423 1
175 849 5
175 275 2
175 410 1
175 670 2
179 887 1
180 217 1
180 829 1
180 958 2
184 393 1
184 607 1
184 423 1
185 353 3
185 458 1
185 850 1
185 762 1
186 256 1
186 267 7
186 517 1
187 802 1
188 421 1
188 301 1
188 431 1
188 978 6
188 469 1
188 630 3
189 969 1
189 716 2
189 1004 5
189 236 5
189 569 1
189 862 2
190 353 1
190 656 1
190 274 1
190 373 1
190 471 1
190 891 3
190 629 1
191 752 1
191 948 4
191 749 1
191 415 5
192 532 2
192 381 2
193 290 1
193 707 1
193 714 4
193 910 2
193 629 1
193 443 1
193 830 2
196 586 1
197 609 1
197 923 5
199 592 1
199 644 1
199 506 1
199 924 2
200 344 1
200 647 1
200 971 1
200 428 1
200 915 1
200 302 1
200 953 1
200 952 3
200 857 1
200 543 1
200 316 2
200 990 1
202 629 4
207 424 1
207 558 3
207 847 2
207 817 1
207 978 5
207 469 2
207 953 1
207 954 2
208 537 1
208 236 1
209 356 2
214 609 1
214 290 1
214 742 6
214 586 1
214 223 1
214 272 2
214 885 1
214 951 1
214 923 3
214 765 1
216 321 1
216 558 1
220 749 2
220 334 1
220 415 1
223 322 2
223 663 3
228 569 1
228 605 3
228 470 1
228 693 2
229 769 3
229 483 2
229 742 4
229 306 1
229 469 2
231 810 1
231 698 3
231 607 3
232 575 1
235 609 1
236 977 2
236 537 5
236 506 1
236 670 1
239 609 2
243 457 1
245 624 3
245 698 3
246 457 4
246 724 4
246 718 2
246 423 1
248 450 1
248 581 1
248 550 3
248 586 1
248 492 1
248 595 1
248 502 1
248 762 1
248 915 4
249 569 1
249 605 1
249 470 2
250 854 2
250 927 1
251 410 1
251 987 1
253 290 1
253 566 2
256 416 3
256 356 2
256 517 2
256 648 1
256 267 5
256 313 1
256 478 1
260 416 3
260 790 2
260 575 2
263 369 1
264 586 1
267 869 1
267 648 4
267 586 10
267 658 1
267 944 2
267 530 2
267 948 2
267 662 6
267 891 4
267 478 9
267 517 9
268 291 2
268 454 1
268 713 1
268 633 1
272 900 1
273 951 2
274 920 1
275 849 3
275 737 2
280 360 1
280 462 1
280 920 1
280 530 2
280 851 2
280 629 10
280 569 1
281 569 1
281 491 1
281 731 1
284 731 3
291 609 2
291 454 3
291 1003 2
291 429 4
291 401 6
292 857 2
293 569 1
293 605 2
294 416 2
294 817 1
295 569 1
299 634 1
301 656 1
301 978 4
301 469 1
301 630 3
303 950 1
303 343 2
306 659 1
308 748 1
308 926 1
311 697 2
311 955 3
313 948 2
313 885 5
313 984 1
313 765 3
316 915 3
316 428 2
318 672 1
318 684 1
318 558 1
319 499 1
319 558 1
320 843 1
321 704 11
321 618 1
321 499 2
321 558 2
322 879 3
324 700 1
326 587 1
327 381 3
329 624 1
329 789 3
329 334 1
331 418 3
332 500 3
333 470 2
333 569 1
333 605 2
333 502 1
334 923 2
334 776 1
334 749 1
334 718 2
334 687 3
334 530 1
334 995 2
334 692 1
334 607 3
335 464 1
335 532 2
335 790 1
338 849 1
338 951 2
343 587 2
343 663 3
344 373 2
347 577 1
347 933 2
347 966 3
356 416 5
356 868 2
356 743 2
356 574 1
356 586 1
356 684 1
356 765 1
356 915 1
356 472 4
356 762 1
356 859 1
360 696 1
360 629 5
360 526 2
362 808 1
362 993 1
362 922 1
362 547 1
362 381 1
364 624 1
366 972 1
368 879 1
369 556 1
369 854 2
369 927 1
372 595 4
372 572 1
372 415 2
377 423 2
377 457 2
377 530 1
377 630 3
377 696 1
377 731 1
377 605 1
377 607 7
379 568 1
380 528 1
380 712 1
380 664 1
380 440 1
381 506 1
381 643 1
383 586 1
388 612 1
388 951 1
392 948 2
392 838 3
397 671 1
397 975 1
398 712 4
401 429 26
401 454 8
401 415 8
404 718 1
406 696 2
407 843 2
409 569 1
409 506 1
409 470 3
410 482 1
410 837 1
410 1001 1
410 650 1
410 777 1
410 994 1
410 433 1
410 969 1
410 924 1
410 541 1
410 719 2
415 833 3
415 630 2
415 435 1
415 569 6
416 912 1
416 948 2
416 602 1
416 868 1
416 472 1
416 633 1
416 762 2
416 573 1
418 977 15
418 996 28
421 424 1
421 817 1
421 978 6
421 469 1
421 630 2
421 795 3
422 680 5
422 731 4
422 540 4
423 866 1
423 710 2
423 457 2
423 779 1
423 716 1
424 817 1
424 978 5
424 469 1
424 795 5
424 990 2
427 955 3
428 915 3
429 925 1
429 454 7
433 693 1
435 500 3
435 782 1
438 818 3
440 537 6
443 546 1
443 742 1
443 550 1
443 662 2
444 854 2
444 927 1
450 802 1
450 712 3
454 609 1
454 772 7
454 592 4
457 866 2
457 777 1
457 522 1
457 716 1
457 687 1
457 696 2
458 704 5
458 684 1
458 558 1
458 499 1
459 948 2
462 833 3
462 530 1
462 629 1
466 712 3
466 662 2
469 512 1
469 547 1
469 614 1
469 552 1
469 988 1
469 817 1
469 978 7
469 851 1
469 630 3
469 954 2
469 795 1
470 569 2
470 710 1
470 599 1
470 789 5
470 502 1
470 538 1
470 605 3
470 862 1
470 693 1
472 743 1
472 915 1
472 859 2
478 517 1
479 586 1
482 569 7
483 607 1
485 854 2
485 927 1
491 497 1
491 569 1
493 978 6
493 629 5
493 630 1
497 977 3
499 684 2
499 918 1
499 618 1
499 844 3
499 558 5
499 687 1
499 723 1
499 948 2
499 758 1
499 607 1
499 956 1
500 782 2
500 948 2
500 890 4
500 923 1
502 718 2
502 951 2
502 569 5
502 538 2
502 605 1
502 862 1
506 644 3
506 657 2
506 996 1
512 978 1
513 854 2
513 927 1
516 532 1
516 790 6
517 648 1
517 684 1
517 948 2
517 854 2
526 629 5
526 631 1
528 542 1
530 718 1
530 920 2
530 915 2
530 630 3
530 569 1
530 851 1
530 891 7
530 629 11
531 641 1
532 881 1
532 790 1
532 761 1
532 700 2
535 684 1
535 854 2
535 646 1
535 927 1
537 737 1
538 569 2
540 987 2
540 697 2
540 698 3
540 955 3
540 830 1
541 977 4
541 923 1
541 586 1
542 646 1
542 684 1
542 915 1
542 854 4
542 927 1
546 772 1
546 550 2
546 609 1
546 844 1
547 846 1
547 847 2
547 978 8
550 743 1
551 854 2
551 927 1
552 978 3
558 844 1
558 684 1
558 956 2
561 629 5
561 846 3
561 631 2
565 723 2
568 784 1
569 915 1
569 808 1
569 685 1
569 951 2
569 693 1
569 710 1
569 976 1
569 851 1
569 599 2
569 605 4
569 862 11
569 991 1
569 749 16
569 631 4
572 662 1
573 868 4
573 586 5
573 772 1
577 926 1
577 686 3
580 976 1
580 791 1
581 936 3
581 692 1
582 764 5
584 680 2
585 870 1
586 772 1
586 684 1
586 854 3
586 984 2
586 868 2
586 885 3
586 762 3
587 720 1
588 987 1
591 765 1
591 718 2
591 607 3
592 713 1
592 948 2
592 927 5
599 710 1
602 743 2
605 710 1
605 693 2
605 789 2
605 862 1
607 687 2
607 927 1
609 833 1
609 772 5
609 707 4
609 951 3
609 633 2
609 890 1
609 923 1
609 927 1
612 832 1
614 978 7
617 720 3
617 714 3
624 692 1
628 871 10
629 658 5
629 915 1
629 685 5
629 948 3
629 846 4
629 630 5
629 631 5
629 891 3
629 894 4
630 838 2
630 790 3
630 891 3
634 788 1
634 638 1
638 788 2
638 862 1
643 685 5
644 650 3
644 977 1
644 702 2
646 927 1
646 854 3
647 915 1
648 885 6
648 762 1
648 765 1
654 991 2
656 920 1
658 870 3
658 838 3
659 742 5
660 784 1
663 706 1
663 950 3
670 702 2
674 948 2
680 707 2
680 731 1
684 704 3
684 743 1
684 844 1
684 915 1
685 1001 2
685 724 1
687 718 2
692 769 1
697 855 4
697 925 2
698 840 3
698 873 3
698 764 3
700 790 1
700 812 1
702 842 6
703 951 7
704 723 2
704 743 1
707 713 1
707 1003 1
707 880 3
707 951 1
708 718 2
714 890 3
715 926 1
716 718 1
718 866 2
718 916 1
718 915 3
718 724 1
718 980 1
719 738 1
719 783 1
720 731 3
722 854 2
722 927 1
723 933 3
731 915 8
737 849 1
739 772 1
742 769 2
742 784 1
743 912 1
743 859 4
745 996 1
749 987 2
752 850 2
758 956 1
758 844 1
758 918 2
762 868 1
762 984 1
762 915 2
765 936 14
765 915 1
770 927 1
772 823 1
773 955 2
774 947 16
788 832 1
790 812 7
790 912 2
791 862 1
795 978 5
803 948 2
817 978 5
823 854 2
823 927 1
833 850 1
851 920 1
851 978 6
854 927 1
857 915 1
859 948 2
862 977 2
872 987 1
873 955 1
880 923 1
890 923 1
912 915 1
915 920 1
915 980 1
921 977 4
925 955 3
927 948 2
933 966 5
935 966 2
954 978 6
955 987 3
957 978 2
969 977 1
977 1004 4
977 996 2
977 1001 3
978 988 3
