0
1
2
3
4
5
6
7
8
9
10
11
12
13
14
15
16
17
18
19
20
21
22
23
24
25
26
27
28
29
30
31
32
33
34
35
36
37
38
39
40
41
42
43
44
45
46
47
48
49
50
51
52
53
54
55
56
57
58
59
60
61
62
63
64
65
66
67
68
69
70
71
72
73
74
75
76
77
78
79
80
81
82
83
84
85
86
87
88
89
90
91
92
93
94
95
96
97
98
99
100
101
102
103
104
105
106
107
108
109
110
111
112
113
114
115
116
117
118
119
120
121
122
123
124
125
126
127
128
129
130
131
132
133
134
135
136
137
138
139
141
142
143
144
145
146
147
148
149
150
151
152
153
154
155
157
158
159
160
161
162
163
164
165
166
167
168
169
170
171
172
173
174
175
176
177
178
179
180
181
182
183
184
185
186
187
188
189
190
191
192
193
194
195
196
197
198
199
200
201
202
203
204
205
206
207
208
209
210
211
212
213
214
215
216
217
218
219
220
221
222
223
224
225
226
227
228
229
230
231
232
233
235
236
237
238
239
240
241
242
243
244
245
246
247
248
249
250
251
252
253
254
255
256
257
259
260
262
263
264
265
266
267
268
269
270
271
272
273
274
275
276
277
278
279
280
281
282
283
284
285
286
287
288
289
290
291
292
293
294
295
296
297
299
300
301
302
303
304
305
306
307
308
309
310
311
312
313
314
315
316
317
318
319
320
321
322
323
324
325
326
327
328
329
330
331
332
333
334
335
336
337
338
339
340
341
343
344
345
346
347
348
349
350
351
352
353
355
356
357
358
359
360
361
362
364
365
366
367
368
369
370
371
372
373
374
375
376
377
378
379
380
381
382
383
384
385
386
387
388
389
390
391
392
393
394
395
396
397
398
399
400
401
402
403
404
405
406
407
408
409
410
411
412
413
414
415
416
418
419
420
421
422
423
424
425
426
427
428
429
430
431
432
433
434
435
436
437
438
439
440
441
442
443
444
445
446
447
448
449
450
451
452
453
454
455
456
457
458
459
460
461
462
464
465
466
467
468
469
470
471
472
473
474
475
476
477
478
479
480
481
482
483
484
485
486
487
488
489
490
491
492
493
495
496
497
498
499
500
501
502
503
504
505
506
507
508
509
510
511
512
513
514
515
516
517
518
519
520
521
522
523
524
525
526
527
528
530
531
532
533
534
535
536
537
538
539
540
541
542
543
544
545
546
547
548
549
550
551
552
553
554
556
557
558
559
560
561
562
563
564
565
566
567
568
569
570
571
572
573
574
575
576
577
578
579
580
581
582
583
584
585
586
587
588
589
590
591
592
593
594
595
596
597
598
599
600
601
602
603
604
605
606
607
609
610
611
612
613
614
615
616
617
618
619
621
622
623
624
625
626
627
628
629
630
631
632
633
634
635
636
637
638
639
640
641
642
643
644
645
646
647
648
649
650
651
652
653
654
655
656
657
658
659
660
661
662
663
664
665
666
667
668
669
670
671
672
673
674
675
676
677
678
679
680
681
682
683
684
685
686
687
688
689
690
691
692
693
694
695
696
697
698
699
700
701
702
703
704
705
706
707
708
709
710
711
712
713
714
715
716
717
718
719
720
721
722
723
724
725
726
727
728
729
730
731
732
733
734
735
736
737
738
739
740
741
742
743
744
745
746
747
748
749
750
751
752
753
754
756
757
758
759
760
761
762
763
764
765
767
768
769
770
771
772
773
774
775
776
777
778
779
780
781
782
783
784
785
786
787
788
789
790
791
792
793
794
795
796
797
798
799
800
801
802
803
804
805
806
807
808
809
810
811
812
813
814
815
816
817
818
819
820
821
822
823
824
825
826
827
828
829
830
831
832
833
834
835
836
837
838
839
840
841
842
843
844
845
846
847
848
849
850
851
852
853
854
855
856
857
858
859
860
861
862
863
864
865
866
867
868
869
870
871
872
873
874
875
876
877
878
879
880
881
882
883
884
885
886
887
888
889
890
891
892
893
894
895
896
897
898
899
900
901
902
903
904
905
906
907
908
909
910
911
912
913
914
915
916
917
918
919
920
921
922
923
924
925
926
927
928
929
930
931
932
933
934
935
936
937
938
939
940
941
942
943
944
945
946
947
948
949
950
951
952
953
954
955
956
957
958
960
961
962
963
964
965
966
967
968
969
970
971
972
973
974
975
976
977
978
979
980
981
982
983
984
985
986
987
988
989
990
991
992
993
994
995
996
997
998
999
1000
1001
1002
1003
1004
0 6 2
0 228 2
0 502 2
0 710 2
0 295 2
0 599 2
0 333 2
0 78 2
0 976 2
0 178 6
0 693 2
0 470 2
0 409 2
0 249 2
0 538 2
0 767 2
0 605 2
0 862 2
0 991 2
1 309 2
2 377 4
2 700 2
2 629 2
2 790 8
6 178 6
8 120 2
11 633 2
13 738 2
13 516 2
13 550 2
13 14 2
14 131 2
14 644 2
14 650 2
14 270 2
14 783 4
14 16 6
14 657 2
14 921 2
14 516 2
14 924 4
14 541 2
14 796 2
14 682 2
14 173 10
14 945 2
14 702 2
14 576 2
14 837 2
14 199 4
14 719 2
14 724 16
14 249 4
14 738 4
14 996 2
14 1001 4
14 365 8
14 881 6
14 761 2
14 506 8
14 508 2
14 382 2
15 680 8
15 731 16
15 422 4
16 249 10
16 843 1
16 541 4
16 783 2
17 915 2
17 316 4
24 647 6
24 493 6
24 530 10
24 629 10
24 280 4
24 891 6
24 189 2
25 956 2
25 386 2
25 684 2
25 558 1
25 318 2
28 987 3
29 178 2
29 107 2
29 506 2
29 159 4
30 936 14
30 52 2
30 908 2
30 356 2
31 178 2
31 915 2
31 316 4
31 165 16
31 990 2
32 739 2
32 872 2
32 143 4
32 178 2
32 915 2
32 214 4
32 280 4
32 862 4
32 159 4
35 978 2
35 207 2
38 939 8
38 70 2
38 843 1
38 474 4
38 91 4
38 61 4
40 450 6
40 454 4
40 712 4
40 214 2
40 316 2
40 159 4
41 73 4
41 723 4
41 558 1
42 402 2
42 139 2
42 534 2
45 966 2
48 499 4
48 565 2
48 558 1
50 106 2
50 402 2
52 356 10
52 166 2
52 912 4
52 472 12
52 868 2
52 765 4
53 609 2
53 940 6
56 531 6
56 994 2
56 987 4
56 540 2
58 909 8
61 416 4
61 450 4
61 356 6
61 517 6
61 718 28
61 687 2
61 243 10
61 692 2
61 534 4
61 794 1
61 991 2
62 794 1
62 500 2
62 646 4
62 542 12
66 227 2
67 344 12
67 561 8
67 963 16
67 165 24
67 207 8
68 987 3
69 950 2
69 879 2
70 388 2
70 178 2
70 534 2
70 343 2
70 90 2
70 91 2
71 595 4
74 133 4
74 256 10
74 294 18
74 166 12
74 168 6
74 332 2
74 586 14
74 76 2
74 573 2
74 912 8
74 648 2
74 885 8
74 984 10
74 313 4
74 266 2
74 447 8
76 1001 4
76 410 4
76 399 12
77 912 6
77 762 4
77 790 6
78 178 6
82 771 10
82 628 2
83 784 2
86 662 62
90 416 4
90 609 4
90 863 2
90 923 4
90 356 2
90 166 2
90 561 2
90 648 4
90 809 2
90 388 4
90 987 2
90 993 2
90 433 4
90 850 2
90 534 4
90 120 2
90 761 2
90 891 4
90 223 4
91 866 4
91 939 4
91 388 2
91 613 6
91 307 4
91 127 2
91 915 2
91 581 2
91 742 4
91 595 2
91 534 2
91 343 4
91 184 2
91 740 2
91 570 2
91 316 2
91 638 2
91 901 2
92 915 2
92 316 2
95 987 3
96 638 2
98 609 2
98 291 2
98 134 2
98 268 2
98 592 4
98 401 8
101 246 2
101 423 4
103 514 12
103 423 4
103 310 2
103 950 4
103 943 2
104 425 4
104 126 2
104 765 8
104 790 2
104 133 4
105 418 16
106 740 2
107 192 6
107 898 2
107 236 2
107 652 2
107 664 2
107 537 2
107 208 2
107 670 2
107 808 2
107 553 2
107 810 2
107 175 2
107 688 2
107 393 2
107 316 2
107 320 2
107 201 2
107 335 2
107 464 2
107 980 2
107 985 2
107 737 2
107 1004 2
107 118 2
107 381 2
110 674 2
111 794 2
111 586 4
112 416 2
112 674 4
112 232 2
112 586 2
112 267 4
112 782 2
112 478 2
113 586 2
114 479 2
115 843 2
117 120 2
117 291 2
117 268 2
118 335 4
119 465 2
119 790 2
120 193 2
120 291 2
120 196 2
120 454 4
120 268 2
120 629 4
120 752 2
120 693 2
120 772 2
120 633 2
120 923 2
120 220 2
120 191 2
125 832 2
125 622 6
126 416 6
126 868 6
126 166 2
126 232 4
126 790 4
127 316 2
127 423 2
133 294 2
134 738 2
134 291 4
134 356 2
134 454 4
134 592 6
134 214 2
136 915 2
136 316 4
136 647 2
137 771 2
139 832 6
139 477 2
141 978 2
141 421 2
141 630 2
141 469 4
142 275 8
142 915 6
142 316 4
143 580 4
143 669 4
147 577 4
147 347 4
147 316 2
147 157 2
147 715 2
150 415 8
151 609 4
151 290 4
153 977 6
157 718 4
159 290 4
159 807 2
159 712 8
159 233 4
159 586 14
159 334 4
159 912 2
159 499 2
159 214 8
159 251 4
160 794 1
160 915 10
160 428 2
160 629 10
161 794 1
161 900 2
165 267 2
165 401 16
165 915 2
165 344 8
165 857 6
165 858 2
165 316 16
166 416 6
166 356 8
166 743 4
166 232 2
166 586 20
166 782 6
166 883 2
166 602 4
166 447 2
166 765 2
166 574 2
166 885 2
167 362 2
167 851 2
167 978 2
168 260 4
168 966 2
168 232 6
168 586 8
168 557 4
168 912 50
168 209 2
168 949 6
168 439 6
168 984 2
168 356 2
168 794 1
169 595 2
170 855 2
173 541 2
175 832 8
175 491 2
175 849 2
175 275 2
175 532 2
176 586 6
178 388 4
178 519 4
178 953 2
178 281 2
178 280 2
178 409 6
178 538 6
178 572 4
178 710 4
178 422 2
178 295 4
178 685 2
178 693 8
178 569 4
178 188 4
178 189 2
178 580 2
178 969 2
178 716 2
178 333 4
178 976 4
178 977 2
178 339 4
178 724 2
178 718 2
178 470 4
178 599 6
178 605 4
178 862 10
178 991 4
178 228 4
178 293 2
178 360 2
178 316 2
178 491 2
178 1004 2
178 502 34
178 631 2
178 249 8
178 767 4
181 537 2
181 190 4
184 843 1
184 423 6
185 554 4
185 213 6
186 267 2
187 267 18
188 656 4
188 920 4
188 978 2
188 502 4
188 280 4
188 862 4
189 731 2
189 428 2
189 530 2
189 883 2
189 502 10
189 410 2
189 595 2
189 915 2
189 862 2
190 353 8
190 656 4
190 274 4
190 373 4
190 920 2
190 316 2
191 752 2
191 692 2
191 415 8
191 413 2
191 671 2
192 327 2
193 633 6
193 807 4
193 823 2
194 769 2
194 863 2
194 901 2
194 229 2
196 268 2
197 546 4
197 923 2
199 996 2
199 1001 2
199 850 4
199 979 2
199 644 4
199 506 6
199 541 2
200 857 2
200 794 1
200 915 10
200 428 4
201 843 1
207 978 2
207 469 4
207 795 8
207 373 4
208 977 2
214 609 2
214 290 2
214 707 2
214 940 8
214 239 2
214 712 4
214 951 2
214 857 10
214 316 6
216 832 2
216 558 1
223 696 2
223 343 2
229 483 2
229 742 6
231 416 6
231 738 2
231 582 2
231 994 2
231 245 2
231 698 4
231 987 5
231 540 12
231 863 2
232 256 4
232 912 10
232 356 6
232 332 4
232 790 8
232 439 8
232 472 2
233 692 10
235 609 2
235 454 2
236 977 6
236 537 2
239 854 2
239 951 2
241 302 2
245 692 2
245 698 4
245 987 3
245 540 6
246 724 8
246 293 2
246 423 8
248 364 4
248 746 6
248 692 2
248 506 6
248 718 4
250 485 10
250 886 4
251 987 5
253 752 2
253 290 2
256 416 2
256 356 2
256 294 12
256 267 4
256 759 4
256 765 2
256 478 4
256 447 2
259 843 1
260 912 4
260 356 2
260 949 2
264 698 2
266 912 2
266 949 2
266 294 2
267 891 4
267 517 6
267 648 4
267 586 4
267 915 4
267 629 4
267 630 10
267 700 2
267 478 14
268 291 4
268 454 2
268 713 2
268 633 2
272 700 4
272 692 2
277 700 2
278 609 4
278 915 2
278 454 2
279 843 1
280 915 2
280 547 12
280 388 6
280 647 4
280 360 4
280 530 8
280 526 4
280 561 4
280 851 8
280 629 18
280 502 4
280 631 4
280 920 2
280 862 2
284 731 8
285 794 1
286 891 4
288 629 12
288 630 4
290 454 4
290 589 4
290 566 4
291 609 2
291 454 2
291 713 2
291 1003 2
291 429 2
291 401 12
293 547 8
293 613 2
293 718 2
293 724 6
293 377 2
293 862 2
294 416 8
294 648 2
294 586 16
294 332 2
294 885 8
294 984 16
294 313 10
294 447 12
297 454 2
299 388 2
299 509 6
299 559 2
301 978 4
302 915 2
302 316 4
306 771 2
306 742 2
306 374 4
310 477 2
311 987 3
311 540 2
311 955 2
313 356 2
316 772 2
316 647 4
316 915 24
316 927 2
316 416 2
316 987 2
316 428 12
316 392 2
316 543 4
316 544 2
316 838 6
316 720 2
316 978 2
316 344 4
316 857 10
316 990 4
316 483 2
316 612 2
316 997 2
316 850 2
316 499 2
316 629 6
318 684 8
318 458 2
318 844 4
318 558 5
318 499 4
318 565 2
318 918 2
318 956 2
318 319 2
319 832 2
319 723 2
319 558 1
320 843 11
321 618 2
321 684 2
321 558 1
322 368 10
322 388 2
322 343 2
322 663 4
322 399 2
324 534 8
329 624 4
329 692 2
330 818 2
332 782 2
333 605 2
334 450 4
334 742 2
334 617 2
334 687 2
334 415 2
335 737 4
335 810 6
335 980 4
337 505 4
337 634 4
337 638 2
337 695 2
338 987 3
338 415 2
341 794 1
343 663 6
344 915 2
347 966 8
353 891 6
356 648 4
356 912 2
356 794 1
356 730 8
356 416 4
356 435 2
356 586 6
356 472 4
356 743 2
356 362 2
356 765 10
360 629 10
361 987 3
362 428 2
362 371 6
362 854 4
362 637 2
364 994 2
364 987 3
364 582 2
366 558 1
372 595 2
377 729 2
379 568 4
381 643 2
383 732 4
383 421 4
388 900 2
388 742 2
388 502 4
388 915 2
388 534 2
388 951 2
388 634 2
388 638 2
393 843 2
399 1001 2
401 454 16
401 429 24
401 415 20
404 688 2
404 772 2
405 628 2
407 843 5
409 977 2
410 696 2
412 794 1
413 752 2
413 746 12
413 935 8
414 891 2
414 572 2
415 833 6
415 772 2
415 617 2
415 429 4
416 912 6
416 586 10
416 435 2
416 949 2
416 765 2
418 977 12
418 996 4
421 424 6
421 978 2
421 795 4
422 731 26
423 832 8
423 866 4
423 977 4
424 547 2
424 978 2
424 795 8
425 765 4
426 843 1
427 955 2
427 540 2
428 647 6
428 849 4
428 530 4
428 883 4
428 857 8
428 915 40
428 990 6
429 454 4
432 987 3
433 482 2
433 987 7
433 789 2
434 558 1
435 500 2
435 586 4
435 782 2
439 912 8
443 662 22
444 535 2
445 629 4
447 546 2
447 586 38
447 782 4
447 984 2
450 802 2
450 712 6
450 595 4
454 880 2
454 706 2
454 772 4
454 681 2
454 713 4
454 592 8
454 499 2
454 916 2
458 684 8
458 558 1
464 980 6
469 978 2
472 912 6
472 575 4
473 808 2
478 648 2
478 517 4
480 482 2
482 531 6
482 987 5
483 629 2
485 542 18
485 823 2
487 832 2
490 843 1
491 977 4
491 644 2
493 530 2
493 629 12
493 685 2
497 977 2
497 773 2
499 618 4
499 844 2
499 558 3
499 565 2
502 530 6
502 718 6
502 915 2
502 724 2
502 696 2
502 851 6
502 862 10
506 644 6
506 1001 12
506 783 2
506 850 2
506 996 8
506 541 6
511 915 2
512 978 2
513 832 4
514 832 2
514 950 6
516 532 4
517 586 4
517 794 1
522 843 1
526 629 10
528 854 4
530 685 4
530 915 10
530 629 20
530 630 14
530 851 2
530 891 10
531 809 4
531 987 3
531 983 2
532 700 4
534 746 2
534 591 4
534 915 2
534 862 2
535 722 10
535 854 2
538 976 2
538 862 2
540 987 9
540 873 8
540 698 4
540 955 2
540 700 4
541 738 2
541 996 6
541 1001 2
541 979 4
542 546 2
542 586 2
542 854 4
542 823 10
543 915 2
546 609 2
546 550 6
546 841 2
546 920 2
546 923 6
547 978 2
547 851 2
547 862 6
550 704 2
550 746 6
552 978 2
552 851 2
552 951 4
558 918 1
558 672 1
558 679 1
558 684 3
558 565 1
558 956 1
558 704 1
558 844 3
558 723 1
558 618 1
558 758 1
559 622 6
561 629 12
565 684 2
568 678 4
571 794 1
575 912 2
577 686 10
582 764 2
582 994 4
582 987 3
584 731 4
586 782 16
586 912 12
586 854 4
586 984 28
586 617 2
586 885 4
586 762 6
586 765 6
591 746 4
591 843 1
591 718 2
591 692 2
591 794 2
592 609 8
592 713 6
595 883 2
597 738 2
599 605 10
599 670 2
600 956 2
602 743 18
605 789 2
605 693 2
607 696 12
607 629 2
609 880 2
609 772 2
609 617 4
609 687 4
609 850 2
609 633 2
609 890 2
609 923 2
614 978 2
615 843 1
617 923 6
622 832 2
622 676 6
624 692 4
628 720 4
629 658 10
629 685 10
629 838 10
629 846 10
629 630 12
629 631 10
629 891 18
630 971 2
630 685 2
630 851 4
630 954 4
633 890 2
633 923 2
635 843 1
638 951 4
641 987 3
644 738 2
644 1001 2
647 915 10
648 908 1
648 765 2
650 1001 2
652 843 1
659 790 4
660 794 2
662 900 2
663 794 2
663 950 2
671 738 2
671 692 4
680 731 2
680 707 2
684 844 2
684 918 2
684 956 10
685 1001 4
685 724 6
687 746 4
687 915 2
692 834 2
692 742 2
692 775 2
692 746 26
692 718 4
692 696 2
692 830 4
693 772 6
696 935 2
697 925 2
698 764 4
698 840 4
698 873 4
698 987 3
700 935 2
702 1001 2
704 794 1
707 880 4
710 832 4
711 843 1
711 718 2
712 794 1
716 724 4
716 1004 2
716 718 20
718 746 8
718 843 1
718 915 4
718 724 2
719 921 2
719 738 4
719 819 2
720 833 2
722 854 2
723 758 2
724 1001 2
724 951 2
724 796 4
731 739 2
731 915 2
731 794 1
732 843 1
738 783 6
738 996 2
738 1001 2
738 975 2
738 979 2
738 921 2
738 923 4
739 915 2
740 788 2
740 879 2
742 769 8
742 771 2
742 900 6
742 915 4
742 794 1
742 863 2
745 1001 2
746 763 2
746 935 46
754 843 1
762 984 4
762 912 2
762 794 2
764 987 3
764 994 6
765 908 8
771 900 2
772 833 2
772 915 2
772 890 2
772 923 2
774 947 168
779 843 1
780 832 2
780 950 2
782 984 14
783 850 2
789 987 5
790 812 2
794 900 1
794 910 1
794 912 1
794 915 1
794 803 1
794 841 1
794 854 2
794 868 1
794 870 1
795 978 2
796 977 2
809 987 7
817 978 2
817 851 4
828 1001 2
832 936 4
832 977 4
832 950 2
837 1001 2
840 987 3
843 907 1
843 999 1
843 883 1
843 884 1
844 956 22
849 987 3
850 996 8
851 978 4
851 954 2
857 915 20
857 883 2
857 990 2
872 987 3
873 987 3
883 915 10
885 984 10
908 936 5
912 949 6
912 984 6
915 923 2
915 952 2
915 953 2
915 971 2
915 990 2
923 951 2
924 1001 2
925 987 3
925 955 2
936 951 2
950 1001 2
950 977 2
951 996 2
954 978 2
955 987 5
957 978 2
977 996 6
977 1001 6
977 1004 8
978 988 8
979 1001 2
987 994 3
996 1001 2
