0
1
2
3
4
5
6
7
8
9
10
11
12
13
14
15
16
17
18
19
20
21
22
23
24
25
26
27
28
29
30
31
32
33
34
35
36
37
38
39
40
41
42
43
44
45
46
47
48
49
50
51
52
53
54
55
56
57
58
59
60
61
62
63
64
65
66
67
68
69
70
71
72
73
74
75
76
77
78
79
80
81
82
83
84
85
86
87
88
89
90
91
92
93
94
95
96
97
98
99
100
101
102
103
104
105
106
107
108
109
110
111
112
113
114
115
116
117
118
119
120
121
122
123
124
125
126
127
128
129
130
131
132
133
134
135
136
137
138
139
141
142
143
144
145
146
147
148
149
150
151
152
153
154
155
157
158
159
160
161
162
163
164
165
166
167
168
169
170
171
172
173
174
175
176
177
178
179
180
181
182
183
184
185
186
187
188
189
190
191
192
193
194
195
196
197
198
199
200
201
202
203
204
205
206
207
208
209
210
211
212
213
214
215
216
217
218
219
220
221
222
223
224
225
226
227
228
229
230
231
232
233
235
236
237
238
239
240
241
242
243
244
245
246
247
248
249
250
251
252
253
254
255
256
257
259
260
262
263
264
265
266
267
268
269
270
271
272
273
274
275
276
277
278
279
280
281
282
283
284
285
286
287
288
289
290
291
292
293
294
295
296
297
299
300
301
302
303
304
305
306
307
308
309
310
311
312
313
314
315
316
317
318
319
320
321
322
323
324
325
326
327
328
329
330
331
332
333
334
335
336
337
338
339
340
341
343
344
345
346
347
348
349
350
351
352
353
355
356
357
358
359
360
361
362
364
365
366
367
368
369
370
371
372
373
374
375
376
377
378
379
380
381
382
383
384
385
386
387
388
389
390
391
392
393
394
395
396
397
398
399
400
401
402
403
404
405
406
407
408
409
410
411
412
413
414
415
416
418
419
420
421
422
423
424
425
426
427
428
429
430
431
432
433
434
435
436
437
438
439
440
441
442
443
444
445
446
447
448
449
450
451
452
453
454
455
456
457
458
459
460
461
462
464
465
466
467
468
469
470
471
472
473
474
475
476
477
478
479
480
481
482
483
484
485
486
487
488
489
490
491
492
493
495
496
497
498
499
500
501
502
503
504
505
506
507
508
509
510
511
512
513
514
515
516
517
518
519
520
521
522
523
524
525
526
527
528
530
531
532
533
534
535
536
537
538
539
540
541
542
543
544
545
546
547
548
549
550
551
552
553
554
556
557
558
559
560
561
562
563
564
565
566
567
568
569
570
571
572
573
574
575
576
577
578
579
580
581
582
583
584
585
586
587
588
589
590
591
592
593
594
595
596
597
598
599
600
601
602
603
604
605
606
607
609
610
611
612
613
614
615
616
617
618
619
621
622
623
624
625
626
627
628
629
630
631
632
633
634
635
636
637
638
639
640
641
642
643
644
645
646
647
648
649
650
651
652
653
654
655
656
657
658
659
660
661
662
663
664
665
666
667
668
669
670
671
672
673
674
675
676
677
678
679
680
681
682
683
684
685
686
687
688
689
690
691
692
693
694
695
696
697
698
699
700
701
702
703
704
705
706
707
708
709
710
711
712
713
714
715
716
717
718
719
720
721
722
723
724
725
726
727
728
729
730
731
732
733
734
735
736
737
738
739
740
741
742
743
744
745
746
747
748
749
750
751
752
753
754
756
757
758
759
760
761
762
763
764
765
767
768
769
770
771
772
773
774
775
776
777
778
779
780
781
782
783
784
785
786
787
788
789
790
791
792
793
794
795
796
797
798
799
800
801
802
803
804
805
806
807
808
809
810
811
812
813
814
815
816
817
818
819
820
821
822
823
824
825
826
827
828
829
830
831
832
833
834
835
836
837
838
839
840
841
842
843
844
845
846
847
848
849
850
851
852
853
854
855
856
857
858
859
860
861
862
863
864
865
866
867
868
869
870
871
872
873
874
875
876
877
878
879
880
881
882
883
884
885
886
887
888
889
890
891
892
893
894
895
896
897
898
899
900
901
902
903
904
905
906
907
908
909
910
911
912
913
914
915
916
917
918
919
920
921
922
923
924
925
926
927
928
929
930
931
932
933
934
935
936
937
938
939
940
941
942
943
944
945
946
947
948
949
950
951
952
953
954
955
956
957
958
960
961
962
963
964
965
966
967
968
969
970
971
972
973
974
975
976
977
978
979
980
981
982
983
984
985
986
987
988
989
990
991
992
993
994
995
996
997
998
999
1000
1001
1002
1003
1004
0 569 1
0 6 2
0 470 1
0 249 1
2 700 1
2 923 4
2 236 2
2 790 2
2 983 1
4 135 3
5 491 1
6 569 2
6 670 1
6 470 1
11 923 2
12 680 1
14 199 1
14 796 2
14 173 1
14 719 1
14 724 4
14 506 4
14 924 1
14 410 1
14 702 3
15 680 3
16 777 1
17 915 1
17 316 2
24 629 4
24 31 2
25 48 1
27 147 1
28 56 3
28 987 3
28 231 1
29 898 1
29 335 1
31 165 6
31 422 3
31 428 1
31 847 1
31 915 1
31 316 2
31 990 1
32 90 2
34 855 1
38 410 1
38 790 1
40 696 1
40 187 2
42 402 1
45 66 1
48 458 1
48 684 1
48 558 1
48 499 3
48 216 1
48 956 1
48 319 1
53 633 1
53 443 1
53 629 4
56 641 3
56 482 3
56 746 1
56 847 1
56 987 3
58 586 3
61 568 4
61 522 5
61 843 2
61 718 7
61 127 1
62 646 1
62 542 3
64 322 1
65 586 1
65 927 2
66 227 3
67 344 3
67 963 4
67 165 2
67 207 2
68 176 1
68 987 3
74 232 1
74 586 1
74 782 2
74 447 1
75 633 1
75 772 3
75 220 4
75 334 1
75 687 2
77 168 2
78 569 2
82 772 2
82 135 4
83 901 1
86 443 6
90 771 1
90 612 1
90 662 2
90 742 1
90 553 1
90 428 3
90 693 1
90 534 1
90 663 1
90 763 2
90 927 1
92 915 1
92 316 2
92 142 1
95 531 1
95 987 3
98 592 9
98 401 4
98 291 1
98 429 1
98 454 5
101 377 1
101 423 2
102 534 1
103 514 1
103 139 2
103 378 1
103 310 2
103 423 1
104 305 1
104 126 1
104 765 3
104 742 4
105 374 3
106 322 1
106 740 2
107 553 1
107 980 3
107 214 1
107 607 1
111 935 1
112 166 1
113 927 2
117 592 1
117 454 2
119 790 4
120 586 3
122 693 1
125 622 2
126 416 3
127 843 2
127 732 1
127 718 2
127 483 1
133 602 1
134 592 10
134 738 3
134 454 6
135 692 1
135 176 1
135 292 1
135 581 6
135 870 4
135 936 2
135 746 1
135 594 3
135 942 14
135 720 1
135 371 5
135 628 9
135 214 1
135 170 4
135 703 2
136 200 2
136 408 1
136 915 1
136 316 2
137 936 3
139 638 1
141 469 1
141 630 2
142 915 1
142 316 2
147 416 2
147 577 1
147 933 2
147 454 2
147 171 2
147 972 1
147 686 1
147 590 2
147 308 1
147 277 1
147 347 1
147 230 1
147 285 2
147 926 2
147 927 1
150 772 2
151 253 1
152 443 2
153 977 1
157 746 1
157 462 1
157 915 2
157 926 2
157 248 1
157 586 1
157 542 2
159 865 2
159 278 1
159 742 1
159 841 6
159 718 4
159 783 1
159 214 3
159 923 4
160 586 3
160 629 3
160 607 2
161 586 3
164 402 1
165 586 3
165 401 9
165 274 1
165 915 2
165 629 1
165 344 3
165 857 1
165 920 1
165 316 3
165 190 1
166 416 1
166 674 1
166 743 1
166 586 2
166 290 1
166 762 1
167 891 2
167 954 1
167 851 1
167 630 3
168 416 2
168 868 3
168 232 2
168 586 1
168 557 2
170 697 1
170 855 1
171 590 1
173 506 2
175 849 4
175 275 1
175 670 1
175 737 1
176 769 1
176 482 1
176 995 1
176 836 1
176 581 1
176 329 1
176 588 1
176 692 1
176 245 1
176 855 1
176 641 1
176 764 1
181 383 2
184 710 1
184 423 1
187 802 1
187 450 2
187 712 1
187 596 1
187 568 1
188 858 1
188 547 1
188 469 1
189 506 2
189 1004 1
189 718 1
189 214 3
189 607 1
191 607 1
191 415 1
191 927 1
193 290 1
193 923 1
193 338 1
193 214 1
193 633 1
193 987 1
193 443 1
193 830 2
197 850 1
197 923 1
197 718 1
199 506 4
199 541 3
200 952 4
200 915 5
200 428 1
200 316 2
207 424 1
207 795 1
207 469 3
208 236 2
209 880 1
214 776 1
214 684 1
214 530 1
214 662 1
214 920 1
214 923 2
214 544 1
214 987 1
214 428 2
214 306 2
214 692 1
214 569 1
214 316 2
214 835 1
214 324 1
214 940 1
214 844 3
214 334 1
214 720 1
214 852 1
214 731 1
214 220 1
214 865 1
214 738 1
214 743 1
214 882 1
214 371 1
214 629 1
214 765 1
215 639 1
216 558 1
220 334 3
220 383 3
221 746 1
223 462 1
228 569 3
228 605 4
229 306 2
229 483 1
229 742 1
229 607 1
231 698 1
231 987 4
231 540 1
231 338 1
232 699 1
236 537 5
236 506 1
236 393 2
239 609 1
239 538 1
245 698 1
245 987 3
246 724 3
246 423 1
248 746 1
248 462 1
249 569 2
249 506 1
249 470 4
250 886 3
250 927 4
251 987 3
256 416 2
256 313 1
260 416 1
264 586 3
267 392 2
267 674 1
267 435 3
268 454 2
272 450 2
272 595 1
272 662 1
274 656 2
274 631 1
275 849 5
275 718 1
278 617 1
278 290 1
280 362 1
280 629 2
280 846 1
284 680 1
291 401 6
291 429 1
291 454 8
291 713 2
295 569 2
302 915 1
302 316 2
305 472 1
305 765 1
306 771 3
306 659 3
306 742 1
306 790 2
306 531 4
306 660 2
306 633 1
310 586 3
311 987 3
311 633 1
311 855 1
311 697 1
311 955 5
311 540 1
316 344 2
316 647 2
316 971 2
316 428 2
316 915 3
316 953 2
316 952 2
316 857 2
316 543 2
316 990 2
318 332 3
318 558 1
320 843 1
321 499 1
322 706 1
322 879 2
322 337 1
322 343 3
327 381 1
329 427 1
329 660 1
329 910 1
332 435 1
333 569 2
333 470 2
333 767 1
334 586 1
334 607 1
335 700 1
338 987 3
343 663 1
344 915 1
347 933 1
356 586 1
360 629 1
360 526 2
361 987 3
362 984 2
362 428 1
362 561 1
364 506 1
364 987 3
369 700 2
369 927 2
372 934 1
374 659 1
377 422 3
377 423 1
377 716 3
377 718 4
377 696 3
377 607 7
378 514 1
379 568 2
380 712 2
381 541 1
383 586 2
388 638 2
388 534 2
392 674 2
393 907 1
398 712 1
401 454 16
401 429 13
401 415 6
402 649 1
404 595 1
407 779 1
407 843 1
408 428 1
408 847 1
409 569 2
409 599 2
410 650 1
410 663 1
414 629 1
415 630 3
415 569 5
416 648 2
416 586 1
416 602 1
416 927 2
416 447 3
418 977 6
421 424 1
421 978 1
422 680 2
423 832 3
423 710 3
423 779 1
423 977 3
424 585 1
424 795 1
424 951 1
427 955 11
428 915 8
428 857 4
429 454 15
432 512 2
432 987 3
432 540 2
433 987 3
433 951 1
435 586 3
435 500 1
435 782 1
440 537 1
443 662 2
443 742 3
444 927 3
447 586 1
450 802 2
450 900 1
450 742 1
450 746 1
450 462 1
450 947 2
450 596 2
450 662 2
450 695 1
450 568 1
450 572 1
453 595 1
454 609 4
454 772 3
454 713 5
454 592 12
458 956 1
458 790 2
462 833 1
462 517 1
462 742 1
462 718 1
462 783 1
462 687 1
462 851 2
462 670 1
462 591 1
462 542 1
469 512 1
469 954 1
470 569 3
470 538 1
471 752 1
479 586 3
482 531 2
482 569 3
482 987 3
482 540 1
485 927 3
488 568 1
493 685 2
493 629 2
497 977 1
499 679 1
499 618 1
499 844 1
499 918 1
499 607 2
500 586 3
502 569 1
502 746 4
502 599 1
506 644 2
506 1001 1
506 541 1
506 850 1
506 702 1
506 921 3
506 924 1
506 670 3
509 612 1
510 622 1
510 534 1
511 987 3
513 927 3
514 832 3
514 780 1
514 950 1
515 602 1
515 927 1
516 761 2
516 881 1
517 746 1
517 564 1
522 718 1
526 629 5
530 746 1
530 891 1
530 629 2
531 641 1
531 994 1
531 987 10
532 790 1
534 649 1
534 746 1
535 927 2
538 569 3
538 951 2
538 862 4
540 987 3
540 855 2
540 697 2
540 698 2
540 955 9
540 925 1
541 586 3
541 951 1
541 921 2
542 743 1
542 746 1
542 927 2
543 915 1
546 607 1
547 978 1
550 746 1
550 607 2
551 927 2
552 978 1
561 629 1
561 846 3
563 731 1
568 935 1
568 572 2
569 693 2
569 991 2
569 710 2
569 847 1
569 976 1
569 599 2
569 605 1
569 862 2
569 607 1
569 767 2
581 936 2
581 909 2
581 720 2
581 855 4
582 987 3
585 957 1
586 947 3
586 948 3
586 692 3
586 984 1
588 987 3
591 746 5
591 910 1
591 607 1
592 713 5
592 746 1
592 927 13
595 718 1
597 738 1
599 693 1
599 710 1
602 743 2
603 951 1
605 693 2
607 1004 1
607 716 3
607 687 1
609 742 1
609 915 1
609 857 1
609 927 2
612 663 1
614 978 1
617 720 2
622 676 2
628 720 2
629 658 1
629 685 2
629 630 5
629 631 1
629 891 1
630 851 2
638 700 2
638 862 1
641 987 3
643 685 1
646 927 2
647 915 1
650 738 1
654 738 2
654 858 2
656 891 1
662 900 1
680 707 1
680 720 4
682 738 1
682 850 1
684 704 1
684 844 1
685 1001 3
685 724 1
687 746 1
687 754 1
692 742 1
692 746 11
692 910 1
692 923 1
696 731 2
697 771 1
697 873 1
697 855 4
697 925 1
698 840 1
698 873 1
698 764 1
700 746 1
700 790 4
702 738 3
704 743 3
706 951 1
710 832 2
710 779 3
716 724 1
716 718 1
718 991 1
718 904 1
718 746 4
718 843 1
718 754 2
718 724 2
720 855 1
720 731 1
722 927 3
724 1001 2
727 951 3
731 809 1
731 746 1
737 849 2
738 837 1
738 783 5
738 923 1
740 788 2
742 746 1
743 746 1
743 923 4
746 776 1
746 783 1
746 915 1
746 920 1
746 923 3
746 935 7
746 775 1
746 834 1
746 836 1
746 966 2
746 851 1
746 980 1
762 765 1
764 994 4
764 987 3
769 830 2
770 927 2
773 955 7
774 947 60
782 923 1
789 987 3
790 812 3
809 987 3
821 927 1
823 927 2
832 950 2
838 971 2
840 987 3
849 987 3
851 891 3
854 927 4
857 915 1
861 896 1
872 987 3
873 987 3
880 963 2
911 1004 2
915 971 1
915 953 1
915 952 1
915 990 1
923 994 1
925 955 5
933 966 3
954 978 1
955 987 12
977 1001 4
977 1004 6
978 988 1
987 994 3
