0
1
2
3
4
5
6
7
8
9
10
11
12
13
14
15
16
17
18
19
20
21
22
23
24
25
26
27
28
29
30
31
32
33
34
35
36
37
38
39
40
41
42
43
44
45
46
47
48
49
50
51
52
53
54
55
56
57
58
59
60
61
62
63
64
65
66
67
68
69
70
71
72
73
74
75
76
77
78
79
80
81
82
83
84
85
86
87
88
89
90
91
92
93
94
95
96
97
98
99
100
101
102
103
104
105
106
107
108
109
110
111
112
113
114
115
116
117
118
119
120
121
122
123
124
125
126
127
128
129
130
131
132
133
134
135
136
137
138
139
141
142
143
144
145
146
147
148
149
150
151
152
153
154
155
157
158
159
160
161
162
163
164
165
166
167
168
169
170
171
172
173
174
175
176
177
178
179
180
181
182
183
184
185
186
187
188
189
190
191
192
193
194
195
196
197
198
199
200
201
202
203
204
205
206
207
208
209
210
211
212
213
214
215
216
217
218
219
220
221
222
223
224
225
226
227
228
229
230
231
232
233
235
236
237
238
239
240
241
242
243
244
245
246
247
248
249
250
251
252
253
254
255
256
257
259
260
262
263
264
265
266
267
268
269
270
271
272
273
274
275
276
277
278
279
280
281
282
283
284
285
286
287
288
289
290
291
292
293
294
295
296
297
299
300
301
302
303
304
305
306
307
308
309
310
311
312
313
314
315
316
317
318
319
320
321
322
323
324
325
326
327
328
329
330
331
332
333
334
335
336
337
338
339
340
341
343
344
345
346
347
348
349
350
351
352
353
355
356
357
358
359
360
361
362
364
365
366
367
368
369
370
371
372
373
374
375
376
377
378
379
380
381
382
383
384
385
386
387
388
389
390
391
392
393
394
395
396
397
398
399
400
401
402
403
404
405
406
407
408
409
410
411
412
413
414
415
416
418
419
420
421
422
423
424
425
426
427
428
429
430
431
432
433
434
435
436
437
438
439
440
441
442
443
444
445
446
447
448
449
450
451
452
453
454
455
456
457
458
459
460
461
462
464
465
466
467
468
469
470
471
472
473
474
475
476
477
478
479
480
481
482
483
484
485
486
487
488
489
490
491
492
493
495
496
497
498
499
500
501
502
503
504
505
506
507
508
509
510
511
512
513
514
515
516
517
518
519
520
521
522
523
524
525
526
527
528
530
531
532
533
534
535
536
537
538
539
540
541
542
543
544
545
546
547
548
549
550
551
552
553
554
556
557
558
559
560
561
562
563
564
565
566
567
568
569
570
571
572
573
574
575
576
577
578
579
580
581
582
583
584
585
586
587
588
589
590
591
592
593
594
595
596
597
598
599
600
601
602
603
604
605
606
607
609
610
611
612
613
614
615
616
617
618
619
621
622
623
624
625
626
627
628
629
630
631
632
633
634
635
636
637
638
639
640
641
642
643
644
645
646
647
648
649
650
651
652
653
654
655
656
657
658
659
660
661
662
663
664
665
666
667
668
669
670
671
672
673
674
675
676
677
678
679
680
681
682
683
684
685
686
687
688
689
690
691
692
693
694
695
696
697
698
699
700
701
702
703
704
705
706
707
708
709
710
711
712
713
714
715
716
717
718
719
720
721
722
723
724
725
726
727
728
729
730
731
732
733
734
735
736
737
738
739
740
741
742
743
744
745
746
747
748
749
750
751
752
753
754
756
757
758
759
760
761
762
763
764
765
767
768
769
770
771
772
773
774
775
776
777
778
779
780
781
782
783
784
785
786
787
788
789
790
791
792
793
794
795
796
797
798
799
800
801
802
803
804
805
806
807
808
809
810
811
812
813
814
815
816
817
818
819
820
821
822
823
824
825
826
827
828
829
830
831
832
833
834
835
836
837
838
839
840
841
842
843
844
845
846
847
848
849
850
851
852
853
854
855
856
857
858
859
860
861
862
863
864
865
866
867
868
869
870
871
872
873
874
875
876
877
878
879
880
881
882
883
884
885
886
887
888
889
890
891
892
893
894
895
896
897
898
899
900
901
902
903
904
905
906
907
908
909
910
911
912
913
914
915
916
917
918
919
920
921
922
923
924
925
926
927
928
929
930
931
932
933
934
935
936
937
938
939
940
941
942
943
944
945
946
947
948
949
950
951
952
953
954
955
956
957
958
960
961
962
963
964
965
966
967
968
969
970
971
972
973
974
975
976
977
978
979
980
981
982
983
984
985
986
987
988
989
990
991
992
993
994
995
996
997
998
999
1000
1001
1002
1003
1004
0 178 1
2 322 3
2 517 2
2 486 2
2 840 1
2 790 2
2 923 3
4 135 1
5 107 3
5 29 1
5 175 1
6 178 1
8 544 1
13 850 1
13 516 1
14 924 1
14 850 1
14 516 1
15 680 1
15 584 1
15 284 1
15 951 1
16 696 2
17 200 1
24 891 3
28 987 2
29 192 1
29 898 1
29 899 2
29 236 1
29 643 1
29 664 1
29 537 1
29 670 1
29 289 1
29 553 1
29 810 1
29 175 1
29 688 1
29 393 1
29 320 1
29 327 1
29 718 1
29 335 1
29 464 1
29 850 1
29 980 1
29 985 1
29 220 1
29 208 1
29 107 4
29 1004 1
29 118 1
29 249 2
29 381 1
30 356 1
31 200 1
32 921 1
32 293 1
32 687 1
35 978 1
35 915 2
38 337 1
38 388 1
38 591 1
40 450 1
42 832 1
45 227 2
45 966 2
45 782 1
48 458 1
53 193 3
56 987 2
58 909 1
61 388 2
61 718 1
62 113 4
62 485 1
62 646 6
62 542 1
62 535 1
65 193 1
65 220 1
65 134 2
66 227 3
66 966 5
66 782 1
67 963 3
67 846 3
68 987 2
70 474 1
70 323 1
70 334 5
74 104 1
74 294 5
74 166 3
75 220 1
75 772 2
77 168 2
77 912 3
77 266 1
78 178 2
82 135 1
90 613 1
90 422 1
90 841 3
90 142 1
90 915 1
90 334 1
90 853 2
90 316 2
90 220 1
90 189 1
90 245 1
92 200 1
92 915 1
95 987 2
99 178 1
102 534 1
104 425 11
105 418 4
106 788 1
107 192 3
107 898 3
107 899 3
107 236 3
107 643 3
107 664 3
107 537 3
107 670 3
107 415 1
107 289 3
107 553 3
107 810 3
107 175 3
107 688 3
107 393 3
107 320 3
107 327 3
107 335 3
107 464 5
107 980 3
107 985 3
107 208 3
107 1004 3
107 118 3
107 381 3
112 1000 1
113 542 1
113 646 5
114 275 4
119 812 1
119 790 1
120 193 1
120 290 1
120 772 1
120 454 1
120 425 3
120 752 1
120 948 1
122 693 1
125 832 1
125 534 1
126 166 1
127 866 1
135 450 3
135 581 3
135 870 1
135 170 1
135 942 2
135 371 1
135 628 1
135 334 2
135 851 1
136 200 3
136 971 2
136 207 1
136 383 1
139 534 1
141 978 1
142 200 1
142 267 1
142 428 2
142 915 3
142 316 3
143 544 1
147 416 1
147 577 2
147 290 1
147 683 1
147 454 1
147 193 1
147 715 1
147 257 1
147 720 1
147 277 1
147 347 1
147 157 1
147 415 1
150 978 1
150 316 1
150 629 1
150 190 1
157 530 1
159 500 1
159 214 1
160 629 1
161 901 2
163 913 1
164 420 2
164 943 1
165 200 1
165 316 1
165 207 2
166 974 1
167 978 1
167 988 2
167 469 1
167 630 1
168 416 1
168 260 1
168 966 6
168 232 2
168 425 6
168 266 7
168 356 3
168 912 31
168 949 2
168 790 6
168 472 7
168 313 1
169 376 1
170 697 1
173 850 1
173 516 1
175 275 2
178 214 1
178 409 1
178 538 1
178 415 1
178 929 1
178 295 1
178 990 1
178 693 1
178 569 1
178 314 1
178 710 1
178 333 1
178 976 1
178 339 1
178 470 1
178 599 1
178 605 1
178 862 3
178 991 1
178 228 1
178 502 3
178 249 1
178 767 1
185 617 2
185 762 1
185 220 4
185 854 1
188 978 1
188 547 1
188 301 1
189 696 2
189 506 3
189 718 2
193 633 1
196 609 1
197 850 1
199 850 1
199 516 1
199 506 1
200 647 1
200 915 1
200 543 1
200 428 2
200 302 1
200 952 1
200 953 1
200 316 1
200 971 1
200 344 1
200 857 1
200 349 1
200 990 1
200 351 1
200 224 1
200 888 1
205 248 1
206 534 1
207 424 2
207 978 1
207 469 1
207 795 4
207 373 1
214 776 2
214 425 1
214 940 1
214 912 1
214 502 1
214 887 4
214 923 1
214 316 1
220 752 1
229 696 4
231 736 1
231 987 2
232 984 1
232 472 2
232 790 1
232 782 1
233 692 1
233 550 1
239 624 2
239 280 1
243 716 1
245 736 2
245 987 2
245 764 1
248 530 1
248 506 1
248 550 2
250 886 1
251 987 2
256 356 2
260 912 1
260 948 1
266 912 4
266 416 1
270 850 1
270 516 1
274 920 3
275 327 1
278 609 2
278 540 2
278 429 1
280 547 1
280 902 2
280 526 1
280 978 1
280 846 1
280 502 3
281 718 3
288 773 3
288 484 3
288 629 4
288 846 6
288 391 5
293 568 3
293 697 3
294 586 2
299 788 1
299 309 1
301 978 4
302 428 1
302 543 1
304 441 1
306 659 1
306 742 1
306 374 2
306 703 2
309 832 1
309 322 2
311 987 2
313 356 1
314 376 1
314 929 1
315 658 1
316 428 3
316 392 1
316 915 6
316 349 1
318 400 1
318 840 1
318 499 1
319 832 1
322 460 1
322 534 1
322 343 3
322 601 2
324 638 2
324 534 1
327 849 1
327 516 1
329 624 1
329 692 1
332 500 2
333 605 1
333 767 1
334 772 1
334 746 1
334 692 3
334 534 3
334 696 7
334 923 1
334 586 1
334 638 1
337 919 1
338 987 2
343 663 1
346 559 3
347 748 1
349 428 1
349 376 2
351 806 1
353 391 3
356 416 2
356 868 1
356 517 1
356 743 4
356 425 1
356 912 7
356 648 1
356 472 7
356 602 1
356 730 2
361 987 2
365 377 1
365 732 2
367 923 1
369 913 2
369 535 1
373 391 4
374 742 1
376 676 1
376 976 1
376 919 1
376 601 1
377 866 2
377 630 2
377 423 1
379 568 2
383 913 1
390 784 4
401 454 1
402 788 2
404 595 2
407 843 2
410 696 2
410 977 2
415 833 1
416 425 4
416 586 1
416 912 1
416 790 2
418 996 4
418 804 5
421 424 2
421 978 1
421 795 3
422 731 1
424 978 1
424 795 5
424 990 1
425 912 3
425 946 1
425 948 1
425 472 1
428 838 1
428 857 2
428 543 2
429 454 4
432 987 2
433 987 4
435 500 1
437 516 1
439 912 2
439 885 2
440 737 2
443 662 3
445 891 1
450 586 1
454 772 1
464 980 5
465 700 1
469 512 2
469 978 1
469 851 1
472 912 3
477 534 1
480 987 2
482 987 2
483 935 1
484 630 3
487 832 1
487 534 1
489 534 1
500 586 1
500 814 1
500 782 1
502 878 1
502 976 1
502 696 2
506 996 1
506 541 1
506 850 1
506 516 1
506 644 1
509 788 1
510 534 1
512 978 1
513 542 1
514 950 1
516 644 1
516 650 1
516 783 1
516 657 1
516 532 1
516 921 1
516 923 1
516 924 1
516 541 1
516 682 1
516 945 1
516 828 1
516 654 1
516 576 1
516 837 1
516 719 1
516 850 2
516 979 1
516 738 1
516 996 1
516 1001 1
516 881 1
516 702 1
516 745 1
516 761 1
518 854 1
518 895 2
527 720 1
527 870 1
530 891 2
530 630 5
530 629 2
531 987 2
534 939 2
534 562 1
534 622 1
534 696 2
534 638 1
535 913 1
540 840 1
540 697 6
540 987 2
540 692 2
541 850 1
544 669 1
547 978 1
551 895 1
552 978 1
559 634 1
576 850 1
581 855 1
582 987 2
582 764 1
586 776 2
586 617 2
586 782 2
586 974 1
591 923 1
591 638 1
595 696 1
595 718 1
602 912 1
602 743 1
603 832 1
605 693 1
607 696 2
611 850 1
611 644 2
614 978 1
617 633 1
624 692 1
629 902 2
633 707 1
633 963 1
634 788 2
641 987 2
643 685 2
644 850 1
644 924 2
644 702 1
648 765 1
649 832 1
650 850 1
654 738 1
654 991 2
654 783 1
657 921 1
657 850 1
659 703 2
662 900 1
668 746 1
668 935 1
671 692 1
680 720 1
682 850 1
687 696 2
687 923 2
692 873 2
692 696 4
696 742 3
696 718 2
697 962 1
697 855 2
697 925 1
698 987 2
700 812 1
702 850 1
703 784 1
706 939 1
710 832 1
716 866 1
716 718 1
718 754 2
718 883 1
718 724 1
719 850 1
720 833 2
720 935 3
720 746 1
721 908 1
738 837 1
738 783 2
738 850 2
738 923 1
740 788 1
740 879 1
742 784 2
742 900 1
743 912 2
743 868 2
745 850 1
746 813 1
746 935 6
748 933 1
761 850 1
762 984 1
764 840 1
764 987 2
765 868 2
779 843 1
780 977 1
782 912 1
783 850 1
784 863 1
789 849 2
789 987 2
795 978 1
796 987 2
799 895 2
804 850 1
809 987 2
813 935 2
817 978 1
828 850 1
832 936 1
837 850 1
840 987 2
849 987 2
850 921 1
850 924 1
850 996 1
850 1001 1
850 881 1
851 978 1
857 951 1
858 991 1
862 909 3
863 901 1
872 987 2
873 987 2
891 978 1
912 949 2
919 1000 1
921 923 1
925 987 2
950 977 1
954 978 1
955 987 2
957 978 1
977 1004 5
977 996 2
978 988 3
987 994 2
