0
1
2
3
4
5
6
7
8
9
10
11
12
13
14
15
16
17
18
19
20
21
22
23
24
25
26
27
28
29
30
31
32
33
34
35
36
37
38
39
40
41
42
43
44
45
46
47
48
49
50
51
52
53
54
55
56
57
58
59
60
61
62
63
64
65
66
67
68
69
70
71
72
73
74
75
76
77
78
79
80
81
82
83
84
85
86
87
88
89
90
91
92
93
94
95
96
97
98
99
100
101
102
103
104
105
106
107
108
109
110
111
112
113
114
115
116
117
118
119
120
121
122
123
124
125
126
127
128
129
130
131
132
133
134
135
136
137
138
139
141
142
143
144
145
146
147
148
149
150
151
152
153
154
155
157
158
159
160
161
162
163
164
165
166
167
168
169
170
171
172
173
174
175
176
177
178
179
180
181
182
183
184
185
186
187
188
189
190
191
192
193
194
195
196
197
198
199
200
201
202
203
204
205
206
207
208
209
210
211
212
213
214
215
216
217
218
219
220
221
222
223
224
225
226
227
228
229
230
231
232
233
235
236
237
238
239
240
241
242
243
244
245
246
247
248
249
250
251
252
253
254
255
256
257
259
260
262
263
264
265
266
267
268
269
270
271
272
273
274
275
276
277
278
279
280
281
282
283
284
285
286
287
288
289
290
291
292
293
294
295
296
297
299
300
301
302
303
304
305
306
307
308
309
310
311
312
313
314
315
316
317
318
319
320
321
322
323
324
325
326
327
328
329
330
331
332
333
334
335
336
337
338
339
340
341
343
344
345
346
347
348
349
350
351
352
353
355
356
357
358
359
360
361
362
364
365
366
367
368
369
370
371
372
373
374
375
376
377
378
379
380
381
382
383
384
385
386
387
388
389
390
391
392
393
394
395
396
397
398
399
400
401
402
403
404
405
406
407
408
409
410
411
412
413
414
415
416
418
419
420
421
422
423
424
425
426
427
428
429
430
431
432
433
434
435
436
437
438
439
440
441
442
443
444
445
446
447
448
449
450
451
452
453
454
455
456
457
458
459
460
461
462
464
465
466
467
468
469
470
471
472
473
474
475
476
477
478
479
480
481
482
483
484
485
486
487
488
489
490
491
492
493
495
496
497
498
499
500
501
502
503
504
505
506
507
508
509
510
511
512
513
514
515
516
517
518
519
520
521
522
523
524
525
526
527
528
530
531
532
533
534
535
536
537
538
539
540
541
542
543
544
545
546
547
548
549
550
551
552
553
554
556
557
558
559
560
561
562
563
564
565
566
567
568
569
570
571
572
573
574
575
576
577
578
579
580
581
582
583
584
585
586
587
588
589
590
591
592
593
594
595
596
597
598
599
600
601
602
603
604
605
606
607
609
610
611
612
613
614
615
616
617
618
619
621
622
623
624
625
626
627
628
629
630
631
632
633
634
635
636
637
638
639
640
641
642
643
644
645
646
647
648
649
650
651
652
653
654
655
656
657
658
659
660
661
662
663
664
665
666
667
668
669
670
671
672
673
674
675
676
677
678
679
680
681
682
683
684
685
686
687
688
689
690
691
692
693
694
695
696
697
698
699
700
701
702
703
704
705
706
707
708
709
710
711
712
713
714
715
716
717
718
719
720
721
722
723
724
725
726
727
728
729
730
731
732
733
734
735
736
737
738
739
740
741
742
743
744
745
746
747
748
749
750
751
752
753
754
756
757
758
759
760
761
762
763
764
765
767
768
769
770
771
772
773
774
775
776
777
778
779
780
781
782
783
784
785
786
787
788
789
790
791
792
793
794
795
796
797
798
799
800
801
802
803
804
805
806
807
808
809
810
811
812
813
814
815
816
817
818
819
820
821
822
823
824
825
826
827
828
829
830
831
832
833
834
835
836
837
838
839
840
841
842
843
844
845
846
847
848
849
850
851
852
853
854
855
856
857
858
859
860
861
862
863
864
865
866
867
868
869
870
871
872
873
874
875
876
877
878
879
880
881
882
883
884
885
886
887
888
889
890
891
892
893
894
895
896
897
898
899
900
901
902
903
904
905
906
907
908
909
910
911
912
913
914
915
916
917
918
919
920
921
922
923
924
925
926
927
928
929
930
931
932
933
934
935
936
937
938
939
940
941
942
943
944
945
946
947
948
949
950
951
952
953
954
955
956
957
958
960
961
962
963
964
965
966
967
968
969
970
971
972
973
974
975
976
977
978
979
980
981
982
983
984
985
986
987
988
989
990
991
992
993
994
995
996
997
998
999
1000
1001
1002
1003
1004
0 432 4
0 512 3
2 648 3
2 790 4
2 231 2
5 118 1
8 544 1
10 541 2
13 532 1
13 516 3
14 924 2
15 680 1
15 731 1
16 393 1
16 718 2
17 316 1
24 280 1
24 530 1
24 493 1
24 630 1
28 987 1
30 765 1
31 316 1
31 165 2
31 142 1
31 493 3
32 280 1
32 921 1
35 280 1
38 832 1
38 586 1
38 324 2
45 66 1
45 782 2
46 310 2
48 319 1
50 420 1
50 69 1
50 70 1
50 943 1
50 559 3
50 879 1
52 912 1
53 772 1
53 214 1
53 951 1
56 587 1
56 987 1
58 909 2
61 696 2
61 915 1
61 332 1
61 718 2
66 227 2
66 782 2
67 344 2
67 963 6
67 165 4
68 987 1
70 633 1
70 324 1
70 90 1
74 416 1
74 586 1
75 772 1
75 220 1
75 334 1
75 718 1
77 168 1
86 662 1
90 193 1
90 996 2
90 188 1
90 554 2
90 978 1
90 720 2
90 850 1
90 851 1
90 388 2
90 923 1
90 220 1
90 746 2
90 670 1
90 260 1
92 316 1
95 987 1
98 707 11
98 454 8
98 134 10
98 713 11
98 107 13
98 268 12
98 429 11
98 592 10
98 401 11
98 291 8
98 117 12
98 278 12
101 149 1
102 939 1
103 310 1
104 425 10
104 765 1
104 721 1
105 418 1
107 808 1
107 468 1
107 980 3
111 586 2
112 948 3
113 513 1
113 854 3
114 718 1
118 553 2
118 732 2
118 532 3
120 160 1
120 865 1
120 834 1
120 963 1
120 772 2
120 997 1
120 742 4
120 200 1
120 316 1
120 977 1
120 178 1
120 915 1
120 629 1
120 502 1
120 823 1
120 857 3
120 923 2
120 188 1
120 189 1
120 862 1
120 671 1
122 718 1
125 939 1
125 622 2
126 232 1
126 885 1
126 790 12
132 842 2
132 399 1
134 291 1
135 936 2
135 746 1
135 628 1
135 581 2
136 200 4
136 428 1
136 302 1
136 952 1
136 857 1
136 316 1
138 383 1
139 402 1
139 939 1
141 188 2
142 647 1
142 274 2
142 915 3
142 280 1
142 543 2
142 316 1
143 544 1
147 577 1
149 866 1
149 716 1
157 356 2
157 517 5
157 746 1
157 586 4
157 684 4
157 765 3
157 542 2
159 920 1
159 940 3
159 214 1
160 857 1
160 629 1
160 561 1
165 344 4
165 401 2
165 316 8
166 416 2
166 586 1
166 573 1
166 743 1
167 817 1
168 356 4
168 232 4
168 586 4
168 912 32
168 362 1
168 949 11
168 790 17
168 439 9
168 472 13
168 260 1
168 266 5
168 765 1
169 595 1
170 771 1
171 933 1
173 428 1
178 502 6
181 189 1
184 225 1
184 423 2
188 280 1
188 988 1
189 200 1
189 502 2
189 951 2
189 280 1
191 692 4
192 381 2
193 890 1
193 923 3
195 595 7
196 291 1
196 429 1
199 644 1
199 506 1
199 924 7
199 541 1
200 977 2
200 971 1
200 428 2
200 344 1
200 952 2
200 857 2
200 316 1
200 543 1
206 939 1
207 424 3
207 558 1
209 356 1
214 577 1
214 502 1
214 940 3
214 428 2
214 813 1
214 912 2
214 662 4
214 951 1
214 255 1
216 558 1
216 319 1
220 383 1
223 746 1
225 362 1
231 769 1
231 742 1
231 840 2
231 874 1
231 239 1
231 624 1
231 245 1
231 987 1
231 541 1
231 607 1
232 425 2
232 912 2
232 949 3
232 790 4
232 472 5
232 765 1
233 692 1
235 425 1
235 997 1
239 595 1
239 772 1
239 951 2
245 769 2
245 742 2
245 840 2
245 874 1
245 525 1
245 624 2
245 798 1
245 987 1
245 830 1
248 329 1
248 746 1
248 334 1
248 591 2
248 915 4
248 692 1
248 607 2
249 409 2
249 693 3
250 369 3
251 987 1
260 266 2
260 762 1
264 329 1
264 540 4
264 581 1
266 439 1
267 936 1
267 948 3
273 951 1
275 849 1
275 479 2
277 746 1
280 547 1
280 846 1
280 647 1
280 915 1
280 658 1
280 561 2
280 530 3
280 851 1
280 629 3
280 502 3
280 920 1
280 862 1
280 373 1
284 731 1
284 422 2
288 561 1
289 899 2
291 454 1
291 1003 1
291 429 1
293 724 2
294 416 1
294 586 1
299 509 2
302 316 1
306 659 1
306 863 1
310 943 2
311 987 1
311 773 1
313 912 1
313 472 2
316 952 1
316 344 1
316 838 1
316 647 1
316 971 1
316 428 6
316 915 1
316 953 1
316 857 1
316 543 1
316 349 1
316 990 1
318 587 1
318 934 1
319 386 1
319 558 1
319 918 1
321 499 1
321 558 1
322 368 1
322 343 3
323 337 1
323 939 1
323 622 1
324 939 1
324 460 1
324 591 1
326 587 1
329 624 1
332 416 1
332 435 2
332 500 1
332 782 2
334 586 1
335 899 2
337 505 1
338 987 1
343 663 1
353 656 1
356 416 1
356 517 1
356 586 1
356 765 1
356 912 2
356 946 2
356 948 3
360 629 1
361 987 1
362 909 1
362 383 4
364 764 1
365 866 1
377 718 1
379 568 2
383 589 1
383 720 6
383 887 2
388 534 1
392 674 2
392 948 4
401 429 1
401 454 1
401 415 1
410 663 1
415 978 1
415 587 1
416 586 4
416 782 1
416 435 1
416 948 2
416 885 1
416 759 1
416 984 1
416 447 1
418 977 3
418 996 1
421 424 1
421 630 2
422 731 3
424 795 3
425 633 2
425 946 2
427 955 1
427 540 1
428 915 1
428 977 1
428 530 1
428 851 1
428 920 1
432 987 1
433 987 1
439 912 4
439 949 8
443 662 1
447 586 2
447 573 1
450 746 1
450 662 1
458 956 1
458 558 2
464 980 7
468 643 1
472 912 1
472 949 2
472 765 2
477 939 1
480 987 1
482 531 1
482 987 1
487 939 1
491 724 3
497 977 1
497 773 1
499 758 1
500 550 1
500 814 2
502 772 2
502 746 1
502 605 2
502 724 2
502 693 2
502 951 2
506 644 2
506 996 1
506 541 1
510 939 1
516 828 2
516 881 3
516 532 1
516 804 9
517 586 2
517 684 1
517 948 3
517 542 1
525 769 1
525 742 1
527 720 4
527 870 3
530 857 1
530 746 1
531 987 3
534 746 1
534 939 2
534 935 1
534 591 2
537 664 1
540 840 2
540 874 1
540 987 1
541 738 1
541 921 1
541 923 1
542 746 1
542 586 1
544 791 1
544 563 1
544 669 1
558 956 1
559 622 6
561 846 1
563 731 1
568 947 2
573 586 1
582 987 1
582 764 1
582 686 1
584 731 1
585 673 1
586 912 1
586 915 3
586 684 1
586 687 1
586 948 9
586 854 2
586 984 1
586 602 3
586 868 2
586 762 1
586 765 1
587 936 2
587 731 1
591 746 1
591 607 1
599 976 1
599 710 2
605 685 1
607 692 1
607 718 1
609 905 1
622 676 3
624 692 1
629 977 3
629 857 2
638 790 1
641 987 1
644 1001 2
648 765 3
650 682 1
650 738 1
650 654 1
650 783 1
657 921 1
662 900 1
665 746 2
668 746 3
674 948 3
676 939 1
680 720 2
680 731 1
684 746 1
687 746 1
687 772 1
692 775 1
692 746 2
692 718 1
693 791 2
695 802 1
698 987 1
716 866 1
716 718 2
718 724 3
718 746 1
718 883 2
720 746 3
721 765 4
724 890 1
731 739 1
731 746 1
739 746 1
742 769 2
742 830 1
742 772 9
742 746 1
742 798 1
746 775 2
746 776 1
746 920 1
746 935 5
746 813 2
746 834 1
746 851 1
746 980 1
746 994 1
752 994 2
752 987 2
758 844 2
761 866 1
764 874 1
764 987 1
765 948 2
769 830 1
769 798 1
771 870 1
772 866 1
772 951 1
772 857 1
772 890 1
772 923 3
774 947 18
783 921 1
789 987 1
790 863 1
803 948 3
804 881 4
809 987 1
813 935 3
819 955 1
840 874 1
840 987 1
844 918 1
849 987 1
850 996 1
851 978 3
851 920 1
854 918 1
857 915 5
857 951 2
862 909 1
872 987 1
873 874 1
873 987 1
883 951 3
912 948 1
915 923 2
924 996 2
925 955 1
925 987 1
955 987 1
979 996 1
987 994 1
