0
1
2
3
4
5
6
7
8
9
10
11
12
13
14
15
16
17
18
19
20
21
22
23
24
25
26
27
28
29
30
31
32
33
34
35
36
37
38
39
40
41
42
43
44
45
46
47
48
49
50
51
52
53
54
55
56
57
58
59
60
61
62
63
64
65
66
67
68
69
70
71
72
73
74
75
76
77
78
79
80
81
82
83
84
85
86
87
88
89
90
91
92
93
94
95
96
97
98
99
100
101
102
103
104
105
106
107
108
109
110
111
112
113
114
115
116
117
118
119
120
121
122
123
124
125
126
127
128
129
130
131
132
133
134
135
136
137
138
139
141
142
143
144
145
146
147
148
149
150
151
152
153
154
155
157
158
159
160
161
162
163
164
165
166
167
168
169
170
171
172
173
174
175
176
177
178
179
180
181
182
183
184
185
186
187
188
189
190
191
192
193
194
195
196
197
198
199
200
201
202
203
204
205
206
207
208
209
210
211
212
213
214
215
216
217
218
219
220
221
222
223
224
225
226
227
228
229
230
231
232
233
235
236
237
238
239
240
241
242
243
244
245
246
247
248
249
250
251
252
253
254
255
256
257
259
260
262
263
264
265
266
267
268
269
270
271
272
273
274
275
276
277
278
279
280
281
282
283
284
285
286
287
288
289
290
291
292
293
294
295
296
297
299
300
301
302
303
304
305
306
307
308
309
310
311
312
313
314
315
316
317
318
319
320
321
322
323
324
325
326
327
328
329
330
331
332
333
334
335
336
337
338
339
340
341
343
344
345
346
347
348
349
350
351
352
353
355
356
357
358
359
360
361
362
364
365
366
367
368
369
370
371
372
373
374
375
376
377
378
379
380
381
382
383
384
385
386
387
388
389
390
391
392
393
394
395
396
397
398
399
400
401
402
403
404
405
406
407
408
409
410
411
412
413
414
415
416
418
419
420
421
422
423
424
425
426
427
428
429
430
431
432
433
434
435
436
437
438
439
440
441
442
443
444
445
446
447
448
449
450
451
452
453
454
455
456
457
458
459
460
461
462
464
465
466
467
468
469
470
471
472
473
474
475
476
477
478
479
480
481
482
483
484
485
486
487
488
489
490
491
492
493
495
496
497
498
499
500
501
502
503
504
505
506
507
508
509
510
511
512
513
514
515
516
517
518
519
520
521
522
523
524
525
526
527
528
530
531
532
533
534
535
536
537
538
539
540
541
542
543
544
545
546
547
548
549
550
551
552
553
554
556
557
558
559
560
561
562
563
564
565
566
567
568
569
570
571
572
573
574
575
576
577
578
579
580
581
582
583
584
585
586
587
588
589
590
591
592
593
594
595
596
597
598
599
600
601
602
603
604
605
606
607
609
610
611
612
613
614
615
616
617
618
619
621
622
623
624
625
626
627
628
629
630
631
632
633
634
635
636
637
638
639
640
641
642
643
644
645
646
647
648
649
650
651
652
653
654
655
656
657
658
659
660
661
662
663
664
665
666
667
668
669
670
671
672
673
674
675
676
677
678
679
680
681
682
683
684
685
686
687
688
689
690
691
692
693
694
695
696
697
698
699
700
701
702
703
704
705
706
707
708
709
710
711
712
713
714
715
716
717
718
719
720
721
722
723
724
725
726
727
728
729
730
731
732
733
734
735
736
737
738
739
740
741
742
743
744
745
746
747
748
749
750
751
752
753
754
756
757
758
759
760
761
762
763
764
765
767
768
769
770
771
772
773
774
775
776
777
778
779
780
781
782
783
784
785
786
787
788
789
790
791
792
793
794
795
796
797
798
799
800
801
802
803
804
805
806
807
808
809
810
811
812
813
814
815
816
817
818
819
820
821
822
823
824
825
826
827
828
829
830
831
832
833
834
835
836
837
838
839
840
841
842
843
844
845
846
847
848
849
850
851
852
853
854
855
856
857
858
859
860
861
862
863
864
865
866
867
868
869
870
871
872
873
874
875
876
877
878
879
880
881
882
883
884
885
886
887
888
889
890
891
892
893
894
895
896
897
898
899
900
901
902
903
904
905
906
907
908
909
910
911
912
913
914
915
916
917
918
919
920
921
922
923
924
925
926
927
928
929
930
931
932
933
934
935
936
937
938
939
940
941
942
943
944
945
946
947
948
949
950
951
952
953
954
955
956
957
958
960
961
962
963
964
965
966
967
968
969
970
971
972
973
974
975
976
977
978
979
980
981
982
983
984
985
986
987
988
989
990
991
992
993
994
995
996
997
998
999
1000
1001
1002
1003
1004
0 512 5
0 6 1
0 409 1
0 538 1
0 295 1
0 432 5
0 178 5
0 693 1
0 710 1
0 333 2
0 78 1
0 976 1
0 470 1
0 599 1
0 732 2
0 605 1
0 862 1
0 991 1
0 228 1
0 502 1
0 249 1
0 767 1
2 700 1
2 52 1
2 790 1
4 371 1
4 135 1
5 335 3
6 178 2
6 333 2
7 810 2
13 516 1
13 738 1
13 532 10
13 506 1
13 719 1
14 410 2
14 506 2
15 680 1
15 422 1
16 777 1
16 410 2
16 716 2
16 541 2
17 857 1
17 915 1
19 333 1
24 647 3
24 656 4
24 530 2
24 629 5
24 891 4
24 189 1
24 990 2
25 48 5
25 684 1
25 918 1
29 381 5
29 335 3
30 313 1
30 908 1
30 356 3
30 765 12
31 915 1
31 165 7
32 534 2
32 143 1
32 197 1
32 214 2
32 791 6
35 207 4
38 832 3
38 322 1
38 388 3
38 522 1
38 324 7
38 586 2
40 568 2
40 196 1
40 187 1
40 572 1
41 723 1
48 458 5
48 684 1
48 558 5
48 216 5
48 956 5
48 319 5
52 232 1
52 868 2
52 356 2
52 765 1
53 193 1
53 90 1
53 220 1
56 410 1
56 951 1
61 388 1
61 771 6
61 243 1
61 517 2
61 742 4
61 231 2
61 356 1
61 522 1
61 718 2
61 591 3
61 272 2
61 120 1
61 883 3
61 948 3
61 502 1
61 280 1
61 724 2
61 122 5
61 915 1
62 800 1
62 746 3
62 542 3
62 646 5
62 854 3
67 963 12
67 165 11
67 391 2
67 846 5
67 207 5
67 561 5
67 344 8
67 239 3
68 338 1
69 950 1
69 879 2
70 890 2
70 343 1
73 723 1
74 416 1
74 112 3
74 674 2
74 294 2
74 166 4
74 168 5
74 586 5
74 912 3
74 885 1
74 984 1
74 447 3
75 220 2
75 178 2
75 772 2
75 334 2
75 415 1
76 410 1
77 168 5
77 416 1
77 575 2
77 790 1
77 439 5
78 976 1
78 178 2
78 333 1
78 599 2
82 135 1
83 769 2
84 534 1
86 152 1
86 443 1
90 233 1
90 771 1
90 915 1
90 235 1
91 166 1
92 915 1
95 951 2
98 592 1
98 401 7
98 107 1
103 514 1
103 423 1
103 1001 1
103 780 1
103 977 7
103 950 4
104 648 1
104 425 3
104 313 1
104 765 4
104 721 3
105 418 11
106 740 1
107 192 2
107 810 1
107 718 2
107 464 2
107 468 2
107 381 4
110 674 1
110 166 2
112 344 1
112 267 2
112 674 1
112 166 2
113 854 4
118 335 3
119 812 1
119 700 1
120 416 1
120 505 1
120 572 1
120 629 1
122 656 1
122 742 2
122 167 1
122 428 1
122 272 2
122 306 2
122 629 1
122 280 1
122 410 2
122 862 2
122 693 1
124 854 3
124 551 1
126 984 1
126 586 1
126 294 2
126 885 1
126 782 3
127 724 2
127 214 1
127 607 1
133 602 1
134 592 1
134 738 1
135 546 1
135 549 3
135 742 4
135 936 11
135 137 2
135 170 1
135 942 1
135 337 2
135 371 1
135 628 1
135 870 1
135 855 3
135 700 1
135 746 1
136 915 4
136 316 2
136 629 1
141 512 5
141 614 2
142 267 11
142 915 6
143 422 2
147 416 3
147 355 2
147 890 1
147 171 1
147 214 1
150 415 3
151 253 3
152 443 5
153 410 1
157 577 1
157 586 1
157 607 1
159 214 5
159 741 1
159 742 1
159 940 1
159 334 1
159 687 2
159 854 1
159 540 2
160 165 1
160 838 1
160 360 2
160 526 2
160 658 3
160 629 4
160 630 2
164 638 2
164 559 1
165 647 2
165 586 2
165 401 8
165 915 3
165 344 11
165 857 1
166 416 2
166 609 2
166 674 1
166 586 1
166 517 1
166 214 1
166 356 1
166 602 2
166 890 1
167 851 1
168 416 7
168 356 1
168 232 15
168 266 2
168 782 2
168 912 6
168 984 3
168 756 1
168 949 5
168 790 16
168 439 10
168 472 12
168 260 4
168 575 3
169 372 1
169 595 1
169 404 1
170 337 5
170 855 1
171 277 1
171 590 2
173 428 6
173 506 8
173 644 5
175 410 1
175 670 1
175 335 3
176 586 1
178 409 2
178 538 2
178 295 2
178 693 4
178 569 2
178 710 2
178 333 3
178 464 2
178 339 2
178 470 2
178 599 2
178 605 4
178 862 7
178 991 2
178 976 2
178 228 3
178 502 9
178 249 2
178 767 2
180 829 1
180 958 1
180 727 3
181 190 2
184 1004 1
185 915 2
187 450 1
187 198 1
187 947 1
187 662 1
187 695 2
188 614 1
189 236 1
189 428 1
189 718 3
189 687 2
189 977 1
189 410 7
189 670 1
189 607 1
190 353 3
190 614 2
190 267 1
190 656 3
190 274 2
190 373 2
191 471 1
192 381 6
193 214 1
193 540 1
193 334 2
196 949 1
197 586 1
199 506 2
199 996 3
200 952 1
200 344 1
200 915 2
200 428 2
200 543 1
201 506 1
201 335 2
205 890 2
207 424 5
207 558 3
207 373 5
207 954 1
207 795 6
207 988 3
207 469 4
208 783 1
208 537 1
208 335 3
208 1004 2
208 977 5
214 776 1
214 923 1
214 931 3
214 292 2
214 935 1
214 428 1
214 306 1
214 948 2
214 951 2
214 531 1
214 787 1
214 220 1
214 742 3
214 746 1
214 371 1
214 500 1
216 684 1
220 334 5
220 752 1
220 890 1
223 746 1
223 822 1
223 735 1
225 718 1
228 333 2
228 502 3
228 605 6
229 771 3
229 374 2
230 577 8
231 738 3
231 772 2
231 624 1
231 338 2
231 951 1
231 698 3
231 540 5
231 541 1
231 607 1
232 416 1
232 425 5
232 782 1
232 946 1
232 790 5
232 472 13
232 313 1
232 575 2
232 607 2
233 692 1
233 890 2
235 890 1
236 537 7
236 335 3
239 609 1
239 716 4
239 854 1
239 951 2
239 857 1
239 703 1
245 698 3
245 764 3
245 951 2
248 334 2
249 506 1
249 333 2
250 886 1
250 485 2
250 854 5
250 535 1
251 410 1
253 290 1
253 566 2
256 416 2
256 313 1
256 356 3
256 294 4
257 731 1
260 762 1
260 949 2
260 790 5
267 838 1
267 586 3
267 435 1
267 629 1
267 790 1
267 891 6
272 306 2
272 742 1
273 951 2
274 614 1
277 890 2
278 776 1
280 739 1
280 718 1
280 629 4
280 890 1
284 680 1
284 731 1
288 391 9
288 493 10
288 561 11
288 629 8
288 630 1
288 445 9
291 401 7
292 890 1
294 416 4
294 868 2
294 648 2
294 817 4
294 790 2
294 313 2
294 890 2
294 447 2
302 915 1
306 771 4
306 742 4
306 374 1
310 324 2
310 477 4
311 955 2
311 925 1
312 333 1
313 416 4
313 356 1
313 885 2
313 472 1
316 915 2
318 332 2
321 499 1
321 684 1
322 534 2
322 334 3
324 832 2
324 586 3
324 591 1
324 402 1
324 534 1
324 474 2
324 638 1
326 586 1
327 849 2
327 381 4
329 819 1
332 435 3
332 500 5
332 854 2
333 502 1
333 710 1
333 599 1
333 569 1
333 693 1
333 470 1
333 409 1
333 538 1
333 605 1
333 862 1
333 767 1
334 772 1
334 776 2
334 720 1
334 502 1
334 926 4
334 607 1
335 643 3
335 664 3
335 537 7
335 670 3
335 808 3
335 553 3
335 810 3
335 941 1
335 688 3
335 468 3
335 985 5
335 737 3
335 1004 3
335 464 5
335 980 3
335 381 3
337 505 4
337 663 1
338 540 1
343 607 1
349 976 3
349 428 1
353 891 1
356 416 1
356 868 6
356 517 4
356 586 1
356 718 1
356 948 6
356 472 5
356 889 1
356 602 2
356 447 2
356 765 3
356 574 1
356 607 1
360 891 1
360 629 1
362 383 1
364 764 3
369 535 3
369 646 1
369 485 3
369 854 3
369 407 5
371 581 1
372 404 1
378 977 1
379 568 3
381 810 8
381 468 4
381 761 9
381 532 16
381 670 7
383 720 7
388 502 2
394 854 3
397 738 1
401 454 8
401 429 22
401 415 5
407 843 1
409 710 1
410 777 1
410 650 1
410 924 1
410 541 1
410 433 1
410 837 1
410 969 1
410 994 2
410 719 2
410 977 5
410 482 1
410 1001 1
410 1004 1
415 718 1
415 629 1
415 540 2
416 648 1
416 782 3
416 435 3
416 948 6
416 951 2
416 586 7
416 447 2
416 984 2
416 868 10
416 573 1
416 885 6
418 977 8
418 996 25
421 424 3
421 795 1
422 680 2
422 527 2
422 731 13
423 977 6
423 849 1
424 795 2
424 951 1
425 946 4
425 908 1
425 890 1
427 540 1
428 658 2
428 915 10
428 857 1
428 990 1
429 454 6
432 512 2
432 468 1
433 987 2
433 738 4
435 500 3
435 782 1
440 737 4
442 506 1
443 602 3
443 662 2
443 743 2
444 948 1
444 854 3
447 782 3
447 885 1
447 586 2
450 802 1
450 947 1
454 592 1
461 716 1
464 502 1
468 898 1
468 810 1
469 512 8
471 752 2
472 782 3
477 534 2
481 565 2
482 531 1
482 606 1
482 951 1
485 854 4
485 513 1
491 497 1
491 644 1
493 629 1
495 568 1
499 684 1
499 558 2
499 607 2
500 586 1
500 948 1
500 542 2
502 542 1
502 710 1
502 718 2
502 591 1
502 976 2
502 790 2
502 791 1
502 772 2
502 538 2
502 687 1
502 605 15
502 862 1
506 576 1
506 738 2
506 996 1
506 682 1
506 783 2
506 921 1
506 951 1
506 541 1
506 890 1
513 535 1
513 854 3
513 646 1
514 977 6
516 881 2
516 532 8
517 565 2
517 718 1
517 948 3
517 602 1
517 854 3
517 890 1
517 542 2
517 607 1
526 530 1
526 629 1
527 720 1
530 891 3
530 629 1
530 630 2
532 804 6
532 688 7
532 881 2
532 537 7
532 761 5
532 700 6
534 649 3
534 746 2
535 854 4
540 873 1
540 697 1
540 698 3
540 955 8
540 925 2
541 738 2
541 923 3
542 586 1
542 752 1
542 854 6
542 746 1
542 607 1
546 581 2
546 550 4
547 851 2
550 834 1
551 854 3
552 614 1
556 854 3
557 951 1
558 684 1
561 629 1
561 846 4
565 684 1
565 743 3
568 947 2
569 718 1
582 764 1
584 731 1
586 885 4
586 948 2
586 607 1
587 720 6
591 746 2
591 607 2
592 609 1
597 738 1
599 710 7
599 605 2
599 767 1
602 743 9
605 789 4
605 693 1
607 742 2
607 684 1
607 718 3
607 687 1
624 994 1
629 707 1
629 658 2
629 685 1
629 846 1
629 630 7
629 631 1
629 891 9
630 838 2
633 923 1
643 685 1
644 738 1
646 854 3
647 915 1
650 682 1
654 738 1
654 682 1
656 920 5
656 838 1
662 900 1
668 720 1
668 746 21
674 948 2
680 707 1
680 720 3
680 731 5
682 738 1
682 783 1
684 844 9
684 956 1
685 1001 3
685 724 1
687 742 1
687 746 1
692 746 9
692 718 1
693 710 1
697 925 1
698 840 3
698 873 3
698 764 3
700 812 2
700 881 2
700 790 12
703 936 1
703 771 1
704 891 2
704 743 1
707 880 1
707 951 1
716 718 3
717 731 1
718 915 4
719 738 1
719 837 1
719 745 1
719 783 1
719 921 1
719 828 1
720 746 7
720 890 3
721 908 2
721 765 3
722 854 3
723 758 2
724 1001 1
730 868 1
731 739 3
731 746 2
731 915 3
738 783 2
738 772 2
738 979 1
738 921 2
738 923 1
742 771 10
742 900 3
742 923 1
746 801 1
746 900 3
746 935 18
746 812 2
746 813 11
752 854 4
759 984 1
761 881 1
761 804 1
764 840 1
765 868 6
765 908 2
765 948 2
771 870 1
771 784 1
771 890 1
773 838 1
774 947 120
780 977 4
783 837 1
783 890 1
789 890 3
790 868 4
790 812 13
796 977 1
803 948 2
804 881 2
817 851 7
821 854 3
823 854 6
837 924 1
837 850 1
838 952 6
850 996 1
851 978 1
851 920 2
851 890 1
851 988 1
857 915 5
862 909 6
868 889 1
885 889 1
890 915 1
890 997 1
890 1001 1
915 952 2
915 953 2
915 971 2
915 990 1
925 955 3
925 987 1
950 977 10
953 990 1
955 987 2
977 1004 5
