0
1
2
3
4
5
6
7
8
9
10
11
12
13
14
15
16
17
18
19
20
21
22
23
24
25
26
27
28
29
30
31
32
33
34
35
36
37
38
39
40
41
42
43
44
45
46
47
48
49
50
51
52
53
54
55
56
57
58
59
60
61
62
63
64
65
66
67
68
69
70
71
72
73
74
75
76
77
78
79
80
81
82
83
84
85
86
87
88
89
90
91
92
93
94
95
96
97
98
99
100
101
102
103
104
105
106
107
108
109
110
111
112
113
114
115
116
117
118
119
120
121
122
123
124
125
126
127
128
129
130
131
132
133
134
135
136
137
138
139
141
142
143
144
145
146
147
148
149
150
151
152
153
154
155
157
158
159
160
161
162
163
164
165
166
167
168
169
170
171
172
173
174
175
176
177
178
179
180
181
182
183
184
185
186
187
188
189
190
191
192
193
194
195
196
197
198
199
200
201
202
203
204
205
206
207
208
209
210
211
212
213
214
215
216
217
218
219
220
221
222
223
224
225
226
227
228
229
230
231
232
233
235
236
237
238
239
240
241
242
243
244
245
246
247
248
249
250
251
252
253
254
255
256
257
259
260
262
263
264
265
266
267
268
269
270
271
272
273
274
275
276
277
278
279
280
281
282
283
284
285
286
287
288
289
290
291
292
293
294
295
296
297
299
300
301
302
303
304
305
306
307
308
309
310
311
312
313
314
315
316
317
318
319
320
321
322
323
324
325
326
327
328
329
330
331
332
333
334
335
336
337
338
339
340
341
343
344
345
346
347
348
349
350
351
352
353
355
356
357
358
359
360
361
362
364
365
366
367
368
369
370
371
372
373
374
375
376
377
378
379
380
381
382
383
384
385
386
387
388
389
390
391
392
393
394
395
396
397
398
399
400
401
402
403
404
405
406
407
408
409
410
411
412
413
414
415
416
418
419
420
421
422
423
424
425
426
427
428
429
430
431
432
433
434
435
436
437
438
439
440
441
442
443
444
445
446
447
448
449
450
451
452
453
454
455
456
457
458
459
460
461
462
464
465
466
467
468
469
470
471
472
473
474
475
476
477
478
479
480
481
482
483
484
485
486
487
488
489
490
491
492
493
495
496
497
498
499
500
501
502
503
504
505
506
507
508
509
510
511
512
513
514
515
516
517
518
519
520
521
522
523
524
525
526
527
528
530
531
532
533
534
535
536
537
538
539
540
541
542
543
544
545
546
547
548
549
550
551
552
553
554
556
557
558
559
560
561
562
563
564
565
566
567
568
569
570
571
572
573
574
575
576
577
578
579
580
581
582
583
584
585
586
587
588
589
590
591
592
593
594
595
596
597
598
599
600
601
602
603
604
605
606
607
609
610
611
612
613
614
615
616
617
618
619
621
622
623
624
625
626
627
628
629
630
631
632
633
634
635
636
637
638
639
640
641
642
643
644
645
646
647
648
649
650
651
652
653
654
655
656
657
658
659
660
661
662
663
664
665
666
667
668
669
670
671
672
673
674
675
676
677
678
679
680
681
682
683
684
685
686
687
688
689
690
691
692
693
694
695
696
697
698
699
700
701
702
703
704
705
706
707
708
709
710
711
712
713
714
715
716
717
718
719
720
721
722
723
724
725
726
727
728
729
730
731
732
733
734
735
736
737
738
739
740
741
742
743
744
745
746
747
748
749
750
751
752
753
754
756
757
758
759
760
761
762
763
764
765
767
768
769
770
771
772
773
774
775
776
777
778
779
780
781
782
783
784
785
786
787
788
789
790
791
792
793
794
795
796
797
798
799
800
801
802
803
804
805
806
807
808
809
810
811
812
813
814
815
816
817
818
819
820
821
822
823
824
825
826
827
828
829
830
831
832
833
834
835
836
837
838
839
840
841
842
843
844
845
846
847
848
849
850
851
852
853
854
855
856
857
858
859
860
861
862
863
864
865
866
867
868
869
870
871
872
873
874
875
876
877
878
879
880
881
882
883
884
885
886
887
888
889
890
891
892
893
894
895
896
897
898
899
900
901
902
903
904
905
906
907
908
909
910
911
912
913
914
915
916
917
918
919
920
921
922
923
924
925
926
927
928
929
930
931
932
933
934
935
936
937
938
939
940
941
942
943
944
945
946
947
948
949
950
951
952
953
954
955
956
957
958
960
961
962
963
964
965
966
967
968
969
970
971
972
973
974
975
976
977
978
979
980
981
982
983
984
985
986
987
988
989
990
991
992
993
994
995
996
997
998
999
1000
1001
1002
1003
1004
0 409 1
0 6 1
0 228 1
0 502 2
0 710 1
0 599 1
0 333 2
0 78 1
0 976 1
0 178 1
0 693 1
0 470 1
0 249 1
0 569 2
0 538 1
0 605 1
0 862 1
0 767 1
2 790 2
4 720 1
5 599 3
6 569 1
6 718 1
13 921 1
13 804 1
14 921 1
14 644 1
14 924 11
14 1001 1
15 680 3
17 316 1
24 891 10
24 700 1
24 61 1
24 718 1
28 987 1
29 553 1
30 948 1
30 765 1
31 316 1
31 165 2
31 990 2
32 921 1
32 214 4
38 309 1
38 718 3
40 450 1
41 73 2
41 723 2
46 310 3
48 684 1
48 956 2
50 559 1
53 193 2
53 633 1
56 482 1
56 987 1
61 771 1
61 742 1
61 718 4
61 112 1
61 700 1
62 800 2
62 120 1
62 542 1
62 646 2
65 617 1
67 344 1
67 561 2
67 963 2
67 165 2
67 846 1
68 987 1
70 120 1
71 595 1
73 216 1
73 723 1
74 586 2
74 782 3
74 166 1
75 220 1
75 607 1
75 948 2
75 334 1
75 772 1
77 168 1
78 569 1
82 628 1
90 356 1
90 613 1
90 178 2
90 948 1
90 502 1
90 920 1
90 628 3
90 190 1
92 316 1
95 987 1
98 429 1
101 377 2
101 246 1
101 423 2
103 514 1
103 423 1
104 648 2
104 721 1
104 946 4
104 765 1
107 201 1
111 586 2
111 782 1
112 803 1
112 166 1
112 267 1
112 782 1
112 149 1
114 718 2
118 502 4
119 790 1
120 388 1
120 141 1
120 920 1
120 530 2
120 280 1
120 542 2
120 160 1
120 547 1
120 178 2
120 948 1
120 823 1
120 443 1
120 188 1
120 189 1
120 326 1
120 718 1
120 190 1
120 978 3
120 857 1
120 742 2
120 316 2
120 883 3
120 629 4
120 127 1
122 915 1
122 428 1
122 718 2
126 416 1
126 700 1
126 602 1
126 948 1
126 782 1
135 746 1
135 718 2
136 316 1
136 165 1
136 838 3
142 316 1
149 716 1
151 617 1
151 923 1
151 278 1
152 443 2
153 977 3
153 418 1
157 356 3
157 517 2
157 746 1
157 684 1
157 239 1
157 586 6
159 940 1
161 626 1
164 638 5
164 879 1
165 401 2
165 344 2
165 857 1
165 316 2
165 990 2
166 517 2
166 782 1
166 718 1
166 885 1
167 188 1
167 469 1
167 207 3
168 782 1
168 260 2
168 232 11
168 425 4
168 586 1
168 356 2
168 912 6
168 949 2
168 472 11
168 313 2
168 575 1
170 720 3
173 921 1
173 924 2
175 849 1
175 423 2
178 502 11
178 569 1
178 990 4
184 407 2
187 947 3
188 920 1
188 207 1
189 506 1
192 381 3
193 633 1
193 338 1
193 739 1
199 644 2
199 433 2
199 850 1
199 921 1
199 924 2
199 541 1
200 971 2
200 316 2
207 421 1
207 424 1
207 241 1
207 978 1
207 851 1
207 469 4
207 795 2
207 990 2
208 236 2
214 940 2
216 956 2
220 334 1
223 746 2
228 569 1
231 874 1
231 987 1
231 383 1
232 472 14
232 575 1
232 332 1
232 447 1
233 718 1
239 577 1
239 951 1
245 873 1
245 874 1
245 987 1
246 377 1
246 423 3
248 746 1
249 569 1
250 369 1
250 332 1
250 485 1
250 662 2
250 646 1
251 987 1
256 267 3
256 356 3
260 416 1
266 439 6
267 586 4
267 891 5
270 921 1
272 568 1
272 450 3
272 900 1
272 662 1
277 746 1
277 700 1
277 813 1
284 680 1
284 731 1
288 484 2
288 391 2
288 493 2
288 846 3
288 561 3
288 629 2
288 445 2
289 335 1
291 429 1
293 585 1
293 410 1
293 724 1
293 862 1
295 569 1
302 795 1
302 316 1
306 718 1
310 735 1
310 343 1
311 987 1
311 540 1
313 356 1
315 951 1
316 952 1
316 344 1
316 971 1
316 428 1
316 915 2
316 629 4
316 953 1
316 857 1
316 543 1
316 349 1
316 990 1
318 956 1
319 558 2
324 460 1
324 638 1
324 591 1
327 921 1
327 381 2
332 416 1
332 586 3
332 782 2
332 435 1
332 500 1
333 569 1
337 505 2
337 853 4
337 870 1
338 987 1
339 569 1
349 976 4
356 765 1
356 868 2
356 648 2
356 425 1
356 718 2
356 912 2
356 472 5
356 730 5
361 987 1
362 377 2
362 613 1
362 854 1
366 972 2
369 646 1
377 866 1
377 393 1
377 729 3
378 514 1
379 568 1
379 662 1
383 720 1
388 742 1
388 718 1
399 951 1
401 429 4
402 788 2
404 595 1
409 569 1
414 891 8
415 429 1
415 607 3
416 832 1
416 868 3
416 586 7
416 782 14
416 629 2
416 607 1
418 977 4
421 795 1
422 613 1
422 718 1
423 977 1
423 849 2
424 795 1
424 990 1
425 472 1
429 454 2
432 987 1
433 994 1
433 987 1
435 586 3
435 782 3
437 921 1
439 912 1
440 537 1
443 662 1
447 586 2
447 782 2
450 595 1
450 742 1
450 718 2
468 643 1
469 978 1
470 569 1
472 912 2
472 535 1
480 987 1
482 801 1
482 987 1
485 513 1
491 731 2
500 948 1
502 746 1
502 718 2
502 976 1
502 724 3
502 569 1
506 644 2
506 1001 1
506 921 1
506 924 2
506 541 1
506 670 4
509 832 1
513 646 1
514 832 1
514 1001 1
514 780 1
514 977 1
514 950 1
516 921 1
516 532 4
516 790 4
516 804 1
517 586 3
517 718 3
517 591 1
517 948 1
517 565 1
527 720 2
530 746 1
530 891 4
530 629 1
530 630 1
531 746 1
531 987 4
532 921 2
532 761 1
534 746 2
534 862 1
534 742 1
538 569 1
540 955 1
540 873 1
540 874 1
540 855 1
540 890 1
540 987 2
540 925 1
541 921 1
541 924 2
541 996 1
542 746 1
542 646 1
546 550 1
547 978 1
547 862 1
550 746 1
552 858 1
559 634 1
561 846 1
569 710 1
569 599 1
569 976 1
569 693 1
569 767 1
569 605 1
569 862 1
569 991 1
573 885 2
573 782 1
576 921 1
581 936 2
582 987 1
585 822 3
585 695 2
586 648 2
586 782 11
586 885 5
586 984 3
586 602 3
586 607 4
591 742 1
591 746 2
591 718 2
592 948 1
600 956 1
602 782 1
602 718 1
605 685 4
607 833 1
607 782 1
626 703 1
629 946 2
630 685 1
638 700 1
641 987 1
644 921 1
644 924 3
648 946 1
648 782 3
650 921 1
650 682 2
650 738 1
650 654 1
650 783 1
654 921 1
654 682 1
657 921 2
659 742 4
663 950 1
663 951 1
668 746 2
668 813 1
668 935 3
670 688 1
674 782 1
674 718 3
680 880 1
680 720 1
680 731 4
682 738 1
682 783 1
682 921 1
682 924 2
684 746 1
687 746 1
692 746 1
692 742 1
692 718 2
697 855 1
698 987 1
700 891 1
700 988 2
702 921 1
702 924 2
704 743 2
716 718 4
718 915 2
718 830 1
718 851 1
718 724 1
718 742 2
718 746 1
719 921 1
720 935 1
720 813 1
720 855 1
720 746 1
723 758 1
730 868 5
731 746 1
737 849 1
738 921 1
742 900 4
742 746 1
743 782 1
745 921 1
745 837 3
746 900 2
746 935 6
746 775 1
746 813 4
746 834 1
746 841 1
746 870 1
758 844 1
758 918 1
761 921 1
761 804 6
764 874 1
764 987 1
765 948 2
774 947 3
782 912 1
782 854 1
782 984 7
782 868 1
782 885 3
783 921 1
789 987 1
795 957 1
809 987 1
813 935 2
817 988 4
828 921 1
837 921 1
837 924 1
840 874 1
840 987 1
849 987 1
850 921 1
850 924 2
851 891 3
851 988 1
857 915 1
858 991 1
872 987 1
873 874 1
873 987 1
881 921 1
921 924 1
921 945 1
921 979 1
921 996 1
921 1001 1
924 996 2
924 1001 2
925 987 1
926 951 1
951 996 1
952 971 1
955 987 1
977 996 1
977 1001 1
987 994 1
