0
1
2
3
4
5
6
7
8
9
10
11
12
13
14
15
16
17
18
19
20
21
22
23
24
25
26
27
28
29
30
31
32
33
34
35
36
37
38
39
40
41
42
43
44
45
46
47
48
49
50
51
52
53
54
55
56
57
58
59
60
61
62
63
64
65
66
67
68
69
70
71
72
73
74
75
76
77
78
79
80
81
82
83
84
85
86
87
88
89
90
91
92
93
94
95
96
97
98
99
100
101
102
103
104
105
106
107
108
109
110
111
112
113
114
115
116
117
118
119
120
121
122
123
124
125
126
127
128
129
130
131
132
133
134
135
136
137
138
139
141
142
143
144
145
146
147
148
149
150
151
152
153
154
155
157
158
159
160
161
162
163
164
165
166
167
168
169
170
171
172
173
174
175
176
177
178
179
180
181
182
183
184
185
186
187
188
189
190
191
192
193
194
195
196
197
198
199
200
201
202
203
204
205
206
207
208
209
210
211
212
213
214
215
216
217
218
219
220
221
222
223
224
225
226
227
228
229
230
231
232
233
235
236
237
238
239
240
241
242
243
244
245
246
247
248
249
250
251
252
253
254
255
256
257
259
260
262
263
264
265
266
267
268
269
270
271
272
273
274
275
276
277
278
279
280
281
282
283
284
285
286
287
288
289
290
291
292
293
294
295
296
297
299
300
301
302
303
304
305
306
307
308
309
310
311
312
313
314
315
316
317
318
319
320
321
322
323
324
325
326
327
328
329
330
331
332
333
334
335
336
337
338
339
340
341
343
344
345
346
347
348
349
350
351
352
353
355
356
357
358
359
360
361
362
364
365
366
367
368
369
370
371
372
373
374
375
376
377
378
379
380
381
382
383
384
385
386
387
388
389
390
391
392
393
394
395
396
397
398
399
400
401
402
403
404
405
406
407
408
409
410
411
412
413
414
415
416
418
419
420
421
422
423
424
425
426
427
428
429
430
431
432
433
434
435
436
437
438
439
440
441
442
443
444
445
446
447
448
449
450
451
452
453
454
455
456
457
458
459
460
461
462
464
465
466
467
468
469
470
471
472
473
474
475
476
477
478
479
480
481
482
483
484
485
486
487
488
489
490
491
492
493
495
496
497
498
499
500
501
502
503
504
505
506
507
508
509
510
511
512
513
514
515
516
517
518
519
520
521
522
523
524
525
526
527
528
530
531
532
533
534
535
536
537
538
539
540
541
542
543
544
545
546
547
548
549
550
551
552
553
554
556
557
558
559
560
561
562
563
564
565
566
567
568
569
570
571
572
573
574
575
576
577
578
579
580
581
582
583
584
585
586
587
588
589
590
591
592
593
594
595
596
597
598
599
600
601
602
603
604
605
606
607
609
610
611
612
613
614
615
616
617
618
619
621
622
623
624
625
626
627
628
629
630
631
632
633
634
635
636
637
638
639
640
641
642
643
644
645
646
647
648
649
650
651
652
653
654
655
656
657
658
659
660
661
662
663
664
665
666
667
668
669
670
671
672
673
674
675
676
677
678
679
680
681
682
683
684
685
686
687
688
689
690
691
692
693
694
695
696
697
698
699
700
701
702
703
704
705
706
707
708
709
710
711
712
713
714
715
716
717
718
719
720
721
722
723
724
725
726
727
728
729
730
731
732
733
734
735
736
737
738
739
740
741
742
743
744
745
746
747
748
749
750
751
752
753
754
756
757
758
759
760
761
762
763
764
765
767
768
769
770
771
772
773
774
775
776
777
778
779
780
781
782
783
784
785
786
787
788
789
790
791
792
793
794
795
796
797
798
799
800
801
802
803
804
805
806
807
808
809
810
811
812
813
814
815
816
817
818
819
820
821
822
823
824
825
826
827
828
829
830
831
832
833
834
835
836
837
838
839
840
841
842
843
844
845
846
847
848
849
850
851
852
853
854
855
856
857
858
859
860
861
862
863
864
865
866
867
868
869
870
871
872
873
874
875
876
877
878
879
880
881
882
883
884
885
886
887
888
889
890
891
892
893
894
895
896
897
898
899
900
901
902
903
904
905
906
907
908
909
910
911
912
913
914
915
916
917
918
919
920
921
922
923
924
925
926
927
928
929
930
931
932
933
934
935
936
937
938
939
940
941
942
943
944
945
946
947
948
949
950
951
952
953
954
955
956
957
958
960
961
962
963
964
965
966
967
968
969
970
971
972
973
974
975
976
977
978
979
980
981
982
983
984
985
986
987
988
989
990
991
992
993
994
995
996
997
998
999
1000
1001
1002
1003
1004
0 178 3
0 732 1
0 365 1
2 700 1
2 61 2
2 782 3
4 771 1
4 135 5
5 553 2
5 236 1
5 118 1
5 670 1
6 178 3
11 633 1
12 527 2
13 532 1
13 743 2
14 924 2
14 666 2
14 724 5
14 365 2
14 796 1
15 680 9
15 731 3
15 422 5
15 943 1
16 184 1
16 832 2
16 541 1
16 423 1
24 530 1
24 629 4
24 280 1
24 891 11
24 540 1
24 189 2
25 704 1
25 48 1
28 987 1
28 540 1
30 868 1
30 912 1
30 209 1
30 790 2
30 356 1
30 765 2
31 316 2
31 165 6
31 990 2
32 280 1
32 197 1
32 61 1
32 214 4
32 791 2
35 978 1
38 939 1
40 568 1
40 90 2
40 802 1
40 450 3
40 415 1
41 48 1
41 723 1
45 66 1
46 622 1
48 321 6
48 458 2
48 558 1
48 499 2
48 216 1
48 956 1
48 319 1
50 559 1
53 629 2
56 987 1
61 450 2
61 356 3
61 534 1
61 742 1
61 243 1
61 718 2
61 591 1
61 851 1
61 502 1
61 472 2
61 915 2
61 189 1
61 517 2
62 542 2
62 485 4
62 646 3
62 823 2
67 344 1
67 561 2
67 963 2
67 165 3
67 207 2
68 987 1
69 879 1
70 633 1
70 343 1
74 256 4
74 133 3
74 294 5
74 648 3
74 332 4
74 266 5
74 76 3
74 885 4
74 984 3
74 313 3
74 586 2
74 447 5
75 220 5
75 700 1
76 1001 3
76 399 3
77 356 2
77 575 1
78 178 3
83 697 1
86 443 4
90 771 1
90 997 1
90 493 3
90 712 1
90 947 1
90 629 1
90 187 2
90 220 1
90 733 1
90 414 1
95 987 1
96 324 1
98 401 2
101 184 1
101 423 1
103 164 1
103 423 4
104 648 5
104 356 1
104 765 4
105 233 1
107 464 1
111 586 3
111 602 1
111 885 1
113 823 1
122 200 1
124 823 1
125 622 3
126 790 2
133 256 1
133 759 1
134 923 1
135 292 2
135 581 11
135 549 3
135 942 9
135 720 5
135 692 1
135 628 2
135 923 1
135 703 2
136 200 1
136 857 1
136 316 2
137 771 1
141 978 1
143 410 1
147 157 1
147 926 2
149 423 1
153 769 1
153 482 1
153 996 1
153 418 1
153 977 1
153 411 1
157 933 4
157 926 1
159 290 1
159 356 1
159 765 1
159 214 2
159 239 1
160 629 1
165 344 1
165 401 3
165 316 7
166 586 2
166 883 1
166 356 2
167 978 1
168 416 4
168 260 4
168 966 1
168 586 1
168 782 1
168 912 2
168 472 2
168 949 1
168 439 1
168 984 1
171 926 1
173 924 3
175 849 1
175 423 1
178 519 1
178 409 3
178 538 3
178 295 2
178 990 1
178 693 3
178 569 3
178 710 3
178 333 4
178 976 3
178 339 3
178 334 2
178 470 3
178 599 3
178 605 3
178 862 3
178 991 2
178 228 3
178 502 4
178 249 3
178 767 3
181 190 1
184 225 1
184 907 1
184 423 2
184 710 1
184 711 1
184 779 1
184 599 1
184 843 2
184 754 1
184 883 1
184 246 1
184 407 1
185 617 1
187 568 1
188 280 1
188 978 1
189 731 3
189 365 1
189 595 4
189 410 2
189 883 3
189 796 1
190 353 1
190 1003 1
190 656 1
190 274 1
190 373 1
190 920 1
191 629 2
191 415 1
192 381 2
193 633 1
193 850 2
194 769 2
194 229 2
194 863 2
197 923 1
199 924 1
199 923 1
199 996 1
200 316 4
200 629 3
207 978 1
207 469 1
207 990 1
208 783 1
209 356 2
213 374 2
214 290 1
214 935 1
214 746 1
214 464 2
214 534 2
223 853 1
223 879 1
228 605 2
230 926 1
231 624 1
231 923 1
231 987 2
231 540 1
231 245 1
232 256 1
232 313 1
232 472 3
232 782 1
239 713 1
245 624 1
245 338 1
245 987 1
246 423 1
249 670 1
250 886 1
250 823 1
251 987 1
253 607 1
256 356 3
256 294 1
256 332 1
256 648 1
256 885 1
256 984 1
256 313 1
256 266 1
256 765 1
256 447 1
260 790 2
264 454 5
266 912 1
267 586 5
267 443 1
267 517 2
267 662 1
270 923 1
273 306 2
275 849 1
277 723 1
277 926 1
280 547 1
280 388 1
280 647 1
280 360 1
280 915 1
280 526 1
280 920 3
280 530 1
280 851 1
280 561 1
280 631 1
280 629 3
285 926 1
288 629 1
291 401 3
293 547 1
293 862 1
294 586 1
294 885 4
301 978 1
302 316 2
306 659 1
306 356 1
306 334 1
307 454 1
311 697 2
311 987 1
311 540 1
311 955 2
313 356 1
316 454 1
316 971 2
316 428 1
316 952 2
316 953 2
316 543 2
316 990 2
317 374 4
318 499 1
318 684 1
321 499 1
322 343 6
324 638 3
329 540 2
332 435 1
332 782 2
332 575 1
333 767 2
334 356 2
334 502 1
334 742 1
334 775 1
334 776 1
334 687 1
334 629 1
334 534 1
334 696 4
334 923 2
334 607 3
335 532 1
337 505 2
338 987 1
338 540 2
343 950 1
347 926 1
349 976 1
356 775 1
356 912 1
356 534 1
356 416 1
356 687 1
356 696 1
356 586 4
356 472 1
356 730 5
356 607 1
356 742 1
356 502 1
356 765 4
360 629 2
361 987 1
364 506 1
364 987 1
364 764 1
365 716 1
368 879 1
369 823 2
377 866 1
377 883 1
381 666 2
388 863 1
394 823 1
399 977 3
401 454 6
401 429 9
401 415 3
402 950 3
407 843 1
413 746 1
413 935 4
415 416 4
415 850 1
415 987 2
415 927 1
416 586 1
416 790 1
416 439 1
416 472 2
416 633 1
418 996 7
421 424 2
421 978 1
422 696 1
422 613 1
423 866 1
423 710 1
423 650 1
423 779 1
423 630 2
423 849 1
423 724 1
424 978 2
424 891 1
424 990 1
427 955 3
432 987 1
433 987 2
439 912 3
443 742 1
444 535 1
444 823 1
450 920 2
450 746 1
450 695 1
469 978 1
471 752 1
472 782 1
472 912 1
472 765 2
472 575 1
481 752 1
481 565 1
482 531 3
482 987 1
485 823 1
488 568 1
493 530 1
493 629 1
495 568 1
499 704 1
499 679 1
499 844 1
499 684 2
499 558 1
499 565 1
499 918 1
500 782 1
500 575 1
502 528 6
502 572 2
506 996 1
506 923 1
506 924 2
506 670 1
510 514 1
510 534 1
512 978 1
513 823 1
517 586 1
526 629 1
527 870 1
530 629 7
530 630 3
530 891 1
531 987 1
532 702 2
532 541 1
534 862 1
535 823 1
540 641 2
540 994 1
540 955 3
540 773 1
540 987 2
540 543 1
541 924 1
541 738 2
541 923 1
542 823 1
547 978 1
550 629 1
551 823 1
552 817 2
552 858 1
552 978 1
552 951 3
556 823 1
558 684 1
558 565 2
559 622 1
561 629 4
572 858 1
572 596 1
572 862 2
576 923 1
581 936 1
581 942 1
582 994 2
582 987 1
586 782 1
586 687 1
586 885 1
586 762 1
586 923 2
586 765 2
587 720 2
590 926 1
591 746 2
592 923 1
592 927 1
595 883 2
595 716 1
595 934 2
605 789 3
607 696 2
607 700 2
614 978 1
622 676 3
624 692 1
629 658 1
629 685 1
629 846 1
629 630 1
629 631 1
629 891 2
630 978 2
633 923 1
638 879 2
641 987 1
644 924 1
646 823 2
648 765 1
650 682 1
650 738 1
650 783 1
654 991 3
656 920 1
659 790 1
662 996 1
666 761 2
672 844 1
680 720 3
680 731 1
682 924 1
684 743 4
684 844 2
684 956 1
685 1001 1
685 724 2
686 926 2
692 769 1
692 775 2
692 746 4
692 935 1
692 830 1
696 775 1
697 771 1
697 855 3
697 925 3
698 987 1
698 925 1
702 1001 2
702 924 1
711 843 1
712 991 1
715 926 1
716 883 1
720 936 4
722 823 1
723 758 1
724 1001 2
724 883 3
737 849 1
738 923 1
742 771 3
742 746 1
746 900 1
746 935 4
746 844 1
748 926 1
758 956 1
758 918 1
759 762 1
761 881 1
764 994 2
764 987 1
765 908 1
765 868 3
771 900 3
773 955 2
774 947 26
779 843 1
783 923 1
784 863 1
789 987 1
790 868 6
795 978 1
809 987 1
817 978 1
821 823 1
823 854 1
823 927 1
837 850 1
840 987 1
843 883 1
844 918 1
849 987 1
851 978 1
854 927 2
863 900 1
872 987 1
873 987 1
873 955 1
912 949 1
921 923 1
924 996 1
924 1001 1
925 987 1
925 955 2
926 931 1
926 933 1
926 972 1
954 978 1
955 987 5
957 978 1
977 1001 2
978 988 1
987 994 1
