0
1
2
3
4
5
6
7
8
9
10
11
12
13
14
15
16
17
18
19
20
21
22
23
24
25
26
27
28
29
30
31
32
33
34
35
36
37
38
39
40
41
42
43
44
45
46
47
48
49
50
51
52
53
54
55
56
57
58
59
60
61
62
63
64
65
66
67
68
69
70
71
72
73
74
75
76
77
78
79
80
81
82
83
84
85
86
87
88
89
90
91
92
93
94
95
96
97
98
99
100
101
102
103
104
105
106
107
108
109
110
111
112
113
114
115
116
117
118
119
120
121
122
123
124
125
126
127
128
129
130
131
132
133
134
135
136
137
138
139
141
142
143
144
145
146
147
148
149
150
151
152
153
154
155
157
158
159
160
161
162
163
164
165
166
167
168
169
170
171
172
173
174
175
176
177
178
179
180
181
182
183
184
185
186
187
188
189
190
191
192
193
194
195
196
197
198
199
200
201
202
203
204
205
206
207
208
209
210
211
212
213
214
215
216
217
218
219
220
221
222
223
224
225
226
227
228
229
230
231
232
233
235
236
237
238
239
240
241
242
243
244
245
246
247
248
249
250
251
252
253
254
255
256
257
259
260
262
263
264
265
266
267
268
269
270
271
272
273
274
275
276
277
278
279
280
281
282
283
284
285
286
287
288
289
290
291
292
293
294
295
296
297
299
300
301
302
303
304
305
306
307
308
309
310
311
312
313
314
315
316
317
318
319
320
321
322
323
324
325
326
327
328
329
330
331
332
333
334
335
336
337
338
339
340
341
343
344
345
346
347
348
349
350
351
352
353
355
356
357
358
359
360
361
362
364
365
366
367
368
369
370
371
372
373
374
375
376
377
378
379
380
381
382
383
384
385
386
387
388
389
390
391
392
393
394
395
396
397
398
399
400
401
402
403
404
405
406
407
408
409
410
411
412
413
414
415
416
418
419
420
421
422
423
424
425
426
427
428
429
430
431
432
433
434
435
436
437
438
439
440
441
442
443
444
445
446
447
448
449
450
451
452
453
454
455
456
457
458
459
460
461
462
464
465
466
467
468
469
470
471
472
473
474
475
476
477
478
479
480
481
482
483
484
485
486
487
488
489
490
491
492
493
495
496
497
498
499
500
501
502
503
504
505
506
507
508
509
510
511
512
513
514
515
516
517
518
519
520
521
522
523
524
525
526
527
528
530
531
532
533
534
535
536
537
538
539
540
541
542
543
544
545
546
547
548
549
550
551
552
553
554
556
557
558
559
560
561
562
563
564
565
566
567
568
569
570
571
572
573
574
575
576
577
578
579
580
581
582
583
584
585
586
587
588
589
590
591
592
593
594
595
596
597
598
599
600
601
602
603
604
605
606
607
609
610
611
612
613
614
615
616
617
618
619
621
622
623
624
625
626
627
628
629
630
631
632
633
634
635
636
637
638
639
640
641
642
643
644
645
646
647
648
649
650
651
652
653
654
655
656
657
658
659
660
661
662
663
664
665
666
667
668
669
670
671
672
673
674
675
676
677
678
679
680
681
682
683
684
685
686
687
688
689
690
691
692
693
694
695
696
697
698
699
700
701
702
703
704
705
706
707
708
709
710
711
712
713
714
715
716
717
718
719
720
721
722
723
724
725
726
727
728
729
730
731
732
733
734
735
736
737
738
739
740
741
742
743
744
745
746
747
748
749
750
751
752
753
754
756
757
758
759
760
761
762
763
764
765
767
768
769
770
771
772
773
774
775
776
777
778
779
780
781
782
783
784
785
786
787
788
789
790
791
792
793
794
795
796
797
798
799
800
801
802
803
804
805
806
807
808
809
810
811
812
813
814
815
816
817
818
819
820
821
822
823
824
825
826
827
828
829
830
831
832
833
834
835
836
837
838
839
840
841
842
843
844
845
846
847
848
849
850
851
852
853
854
855
856
857
858
859
860
861
862
863
864
865
866
867
868
869
870
871
872
873
874
875
876
877
878
879
880
881
882
883
884
885
886
887
888
889
890
891
892
893
894
895
896
897
898
899
900
901
902
903
904
905
906
907
908
909
910
911
912
913
914
915
916
917
918
919
920
921
922
923
924
925
926
927
928
929
930
931
932
933
934
935
936
937
938
939
940
941
942
943
944
945
946
947
948
949
950
951
952
953
954
955
956
957
958
960
961
962
963
964
965
966
967
968
969
970
971
972
973
974
975
976
977
978
979
980
981
982
983
984
985
986
987
988
989
990
991
992
993
994
995
996
997
998
999
1000
1001
1002
1003
1004
0 442 1
0 6 1
0 519 1
0 409 1
0 538 1
0 929 1
0 178 2
0 693 1
0 314 1
0 118 4
0 710 1
0 333 1
0 78 1
0 976 1
0 470 3
0 599 1
0 732 1
0 605 1
0 862 1
0 991 1
0 99 1
0 228 1
0 365 1
0 502 1
0 249 1
0 767 1
2 812 2
2 590 1
2 790 3
2 58 1
2 891 1
2 700 5
5 107 1
5 506 2
5 491 1
5 381 1
5 175 1
6 506 2
6 178 1
6 333 1
6 120 1
8 544 2
8 546 1
8 731 1
8 414 1
13 951 1
13 516 2
13 783 2
14 611 1
14 644 1
14 173 1
14 506 1
14 924 8
14 410 1
15 731 2
15 422 2
16 410 2
16 772 1
16 101 2
16 718 10
17 952 1
17 857 2
17 428 1
17 316 1
22 663 4
24 160 4
24 360 1
24 428 2
24 658 1
24 526 1
24 629 3
24 561 1
24 530 8
24 750 1
24 631 1
24 280 2
24 891 8
24 31 1
25 684 1
26 662 1
28 987 3
28 540 1
29 192 2
29 506 4
29 899 2
30 545 4
30 356 1
30 912 1
30 946 3
30 790 1
30 868 2
30 765 1
31 952 1
31 316 1
31 165 12
31 990 2
32 90 1
32 791 1
32 365 1
32 214 2
32 189 3
35 978 2
35 851 2
35 469 1
35 902 2
35 207 4
38 832 2
38 324 4
38 42 1
38 184 3
38 388 1
38 474 1
38 638 1
40 193 2
40 450 1
40 229 1
40 712 1
40 367 2
40 662 1
40 415 1
41 1000 1
41 73 1
41 618 1
41 499 1
41 723 2
41 565 1
41 503 2
42 323 1
46 310 1
48 1000 3
48 684 1
48 458 3
48 499 1
48 844 1
50 559 2
52 868 1
52 948 1
52 356 3
53 193 2
53 609 1
53 491 1
53 367 1
53 850 1
53 311 1
53 633 1
53 90 1
53 923 3
53 540 1
56 329 1
56 994 2
56 987 8
56 692 1
56 410 1
60 568 1
60 187 1
60 662 2
60 695 1
61 546 2
61 517 1
61 742 5
61 243 1
61 522 1
61 718 7
61 337 1
61 819 2
61 89 1
61 157 3
61 991 2
62 800 15
62 513 2
62 163 2
62 485 3
62 646 7
62 518 1
62 113 3
64 139 2
65 356 1
65 367 1
65 784 1
65 687 2
65 220 2
65 415 2
67 963 8
67 165 11
67 391 10
67 846 8
67 207 9
67 344 9
68 987 3
70 772 2
70 334 1
70 367 1
70 752 1
70 566 1
70 943 1
70 638 2
70 415 2
71 595 4
72 443 1
72 662 1
73 499 1
74 166 5
74 294 10
74 648 1
74 586 3
74 974 1
74 104 1
74 885 5
74 759 1
74 984 2
74 313 2
74 447 1
75 617 1
75 687 1
75 220 5
75 334 1
75 772 3
76 410 1
77 912 1
77 356 1
78 599 1
78 239 1
78 693 2
78 951 1
78 185 1
83 752 1
86 152 1
86 443 2
90 912 5
90 644 4
90 134 1
90 136 3
90 266 2
90 141 1
90 784 2
90 542 2
90 414 1
90 518 1
90 935 1
90 685 1
90 558 1
90 433 1
90 948 3
90 439 2
90 316 2
90 949 2
90 720 3
90 987 1
90 865 1
90 356 5
90 233 2
90 500 3
90 629 1
91 849 1
91 948 1
91 220 1
91 718 1
91 193 1
92 952 1
92 658 1
92 915 1
95 994 1
95 987 3
96 832 3
96 132 1
96 634 1
96 324 2
96 299 1
96 388 1
96 346 1
96 509 2
96 638 6
98 707 8
98 134 8
98 454 5
98 713 8
98 107 8
98 268 8
98 429 3
98 401 4
98 117 8
98 278 8
99 710 1
99 207 2
99 178 2
99 502 1
99 599 1
99 669 1
99 862 3
101 377 6
101 246 1
101 718 3
101 423 2
104 356 3
105 374 3
106 740 2
106 559 1
107 320 3
107 643 1
107 810 1
107 367 1
107 537 1
107 381 1
109 356 1
111 356 1
111 294 3
111 166 1
111 743 1
111 586 2
111 435 2
111 602 1
111 765 1
112 674 2
112 356 1
112 517 4
112 166 2
112 392 2
112 267 3
112 1000 2
113 163 3
113 854 1
113 646 2
114 372 2
114 716 1
114 718 6
114 977 1
118 585 3
118 365 3
118 335 1
119 812 4
120 772 3
120 454 1
120 762 1
120 893 8
120 190 2
120 703 1
122 904 1
122 428 2
122 718 3
122 977 1
122 915 1
122 857 2
122 410 1
125 139 2
125 676 1
125 622 3
126 356 5
126 586 3
126 435 1
126 790 1
126 984 3
126 868 2
127 229 1
127 367 2
129 577 2
130 599 4
133 313 8
133 602 2
133 948 1
133 765 1
133 356 2
134 742 2
135 528 1
135 371 1
135 581 1
135 870 1
135 367 1
136 165 1
136 142 2
136 207 2
136 915 3
136 952 1
136 857 3
136 316 4
138 528 2
138 383 7
139 322 2
139 323 2
139 676 2
139 487 2
139 939 2
139 206 2
139 622 2
139 534 2
139 601 2
139 154 2
139 477 2
139 510 2
141 167 1
141 241 2
141 978 1
141 851 1
141 469 1
141 383 1
142 952 1
142 428 1
142 316 1
142 857 4
143 544 2
143 422 1
143 976 1
143 658 1
143 731 1
143 669 1
147 416 1
147 229 1
147 926 2
147 367 1
148 486 1
149 372 2
149 293 1
150 471 5
151 290 2
151 923 1
152 443 3
153 977 18
153 418 8
153 411 1
153 996 6
153 410 1
154 324 2
154 950 1
157 577 1
157 546 1
157 931 1
157 740 1
157 229 2
157 193 2
157 171 1
157 590 1
157 285 1
157 277 2
157 347 3
157 926 1
157 933 2
160 360 1
160 526 1
160 280 2
160 658 6
160 629 1
161 626 1
163 542 2
163 895 2
164 324 2
164 943 4
164 402 1
164 853 1
164 893 3
164 223 2
165 207 3
165 401 11
165 952 1
165 857 1
165 316 8
166 912 2
166 674 1
166 356 1
166 392 2
166 586 7
166 435 2
166 762 1
166 573 3
167 552 1
167 188 1
167 207 1
167 817 1
167 978 3
167 851 3
167 181 1
167 630 2
167 988 3
167 469 3
168 356 4
168 332 1
168 912 2
168 984 1
168 949 1
168 472 1
168 313 2
168 868 1
169 595 2
169 372 1
170 784 3
170 581 1
170 703 1
171 577 2
173 506 4
175 849 5
175 410 1
175 275 2
175 737 1
178 546 1
178 228 2
178 710 3
178 502 1
178 333 1
178 367 4
178 976 1
178 693 4
178 470 1
178 599 1
178 249 3
178 605 34
178 862 10
180 958 1
180 727 1
181 656 1
181 920 1
181 190 1
184 843 2
184 1004 2
184 977 1
184 754 1
184 410 1
184 732 1
185 762 1
185 532 1
187 450 3
187 662 2
188 547 2
188 301 1
188 207 1
188 978 4
188 851 1
188 469 1
189 749 1
189 365 1
189 718 9
189 229 5
190 353 3
190 367 2
190 656 1
190 274 1
190 373 1
191 692 3
191 607 2
192 506 1
192 381 1
193 290 5
193 772 1
193 264 2
193 718 3
193 660 2
193 214 1
193 633 2
193 540 1
193 542 2
195 934 1
195 951 1
197 923 2
198 662 1
199 506 3
199 924 2
199 837 3
200 952 6
200 915 1
200 316 5
200 806 2
200 971 1
206 324 2
207 387 1
207 451 2
207 795 5
207 424 4
207 428 1
207 301 1
207 558 2
207 817 1
207 953 1
207 954 2
207 957 1
207 978 1
207 547 2
207 469 5
207 988 3
207 990 1
207 421 1
207 484 3
207 614 1
207 241 1
207 373 3
207 891 1
213 951 1
214 290 1
214 228 4
214 662 2
214 316 2
214 940 1
214 813 2
214 784 5
214 500 3
214 502 2
214 983 1
214 700 1
214 765 1
216 1000 1
216 458 2
216 558 2
216 318 2
220 229 2
220 367 2
220 415 1
224 952 1
224 915 1
225 951 1
228 502 2
228 314 2
228 605 1
229 388 2
229 518 2
229 775 1
229 776 1
229 812 3
229 783 1
229 534 1
229 684 1
229 371 1
229 692 3
229 428 6
229 450 1
229 329 1
229 586 1
229 718 2
229 850 1
229 334 1
229 343 5
229 472 2
229 356 1
229 731 2
229 739 1
229 612 1
229 997 1
229 743 2
229 499 2
229 248 1
229 637 1
231 840 1
231 873 1
231 874 3
231 946 1
231 245 2
231 987 3
231 540 1
232 416 1
232 868 1
232 744 2
232 946 1
232 790 1
232 472 2
232 356 1
233 692 16
233 746 3
233 935 19
235 638 2
236 537 2
239 951 1
241 512 1
241 469 1
245 994 1
245 840 3
245 873 2
245 874 3
245 987 3
245 540 3
246 293 1
246 724 7
246 423 2
248 891 4
248 718 1
248 367 1
249 409 1
249 643 1
249 506 1
250 356 3
250 886 2
250 535 3
251 410 1
251 987 7
254 662 1
256 648 1
256 313 1
256 356 6
264 540 2
266 356 1
267 517 6
267 648 2
267 586 4
267 751 2
267 392 3
267 948 7
267 984 1
267 891 7
267 478 2
272 450 3
272 662 1
273 581 2
273 951 9
274 920 1
274 445 2
274 951 4
275 849 2
277 577 1
277 546 2
277 813 2
278 923 9
278 1003 1
278 687 2
280 978 1
280 902 2
280 360 1
280 658 1
280 526 2
280 561 1
280 530 2
280 629 6
280 631 1
281 905 1
281 491 2
281 365 1
284 584 1
284 680 1
284 731 1
284 422 2
285 577 1
288 750 1
288 610 26
288 484 26
288 391 29
288 846 30
288 629 31
288 630 1
289 810 4
290 589 1
290 566 1
290 923 1
293 866 1
293 718 1
293 724 2
293 568 2
293 697 10
294 586 14
294 332 1
294 974 1
294 500 1
294 885 4
294 759 2
294 762 1
299 893 3
300 784 1
301 978 1
301 469 1
302 952 1
302 316 1
302 428 2
304 441 1
304 317 6
306 790 6
306 742 6
306 659 1
306 660 2
306 374 2
306 703 3
310 343 3
311 987 3
311 329 1
311 955 2
311 540 3
311 925 4
313 356 18
313 912 3
313 946 12
313 472 1
313 730 2
313 602 1
314 929 3
314 693 3
314 710 2
316 971 2
316 647 1
316 428 7
316 367 3
316 915 4
316 543 1
316 952 4
316 857 3
316 351 1
316 953 1
316 990 1
318 704 1
318 400 1
318 684 1
319 458 1
320 617 2
320 980 1
321 618 1
321 499 2
322 768 2
322 324 2
322 943 3
322 752 1
322 534 1
322 591 1
324 388 3
324 460 1
324 591 2
324 337 4
324 367 1
329 582 1
329 343 1
329 624 1
329 338 1
329 819 2
329 692 2
329 540 7
332 353 1
332 356 1
332 586 3
332 782 1
332 435 1
332 500 4
333 693 1
333 605 3
334 423 1
334 586 2
334 367 1
334 500 1
334 381 1
335 664 2
335 951 3
336 926 3
337 935 2
337 904 1
337 591 2
337 919 1
338 624 1
338 994 1
338 987 3
343 740 1
343 399 5
343 853 1
343 388 2
344 952 1
347 912 1
347 577 1
347 933 1
349 976 3
349 952 1
351 952 1
351 915 1
351 782 1
353 391 3
356 648 3
356 782 3
356 912 17
356 530 2
356 730 5
356 416 1
356 602 4
356 425 7
356 687 1
356 435 2
356 949 1
356 439 1
356 948 25
356 586 5
356 472 9
356 868 5
356 743 1
356 744 1
356 500 2
356 765 5
360 891 1
360 629 1
361 987 3
364 764 1
365 866 1
365 522 1
365 595 1
365 410 1
367 518 1
367 783 1
367 530 1
367 920 1
367 927 1
367 544 2
367 425 1
367 940 1
367 946 6
367 435 2
367 692 1
367 833 1
367 569 1
367 671 1
367 834 1
367 963 3
367 915 1
367 720 4
367 850 3
367 851 1
367 987 3
367 557 1
367 865 2
367 739 1
367 997 2
367 742 1
367 978 2
367 499 1
367 629 1
367 502 1
369 913 2
369 535 9
371 909 1
371 415 2
372 404 5
372 934 1
373 391 6
374 400 1
374 742 3
377 718 14
377 716 2
377 422 3
378 514 1
379 568 1
379 662 2
381 810 4
381 591 1
381 670 1
383 720 4
383 851 1
383 518 1
388 832 1
388 634 1
390 784 6
390 851 1
391 610 3
391 750 1
391 445 1
393 754 1
393 522 1
397 891 2
397 687 1
401 429 5
401 454 8
401 415 3
402 634 1
402 788 1
402 943 1
404 595 2
407 977 1
407 1004 5
410 777 1
410 650 1
410 924 1
410 541 1
410 929 1
410 433 1
410 837 1
410 994 1
410 719 1
410 482 1
410 977 1
410 1001 1
410 767 1
414 891 34
414 995 4
415 546 1
415 997 1
415 617 1
415 811 1
415 429 3
415 558 2
415 850 2
415 718 3
415 762 1
415 946 1
416 803 1
416 586 1
416 946 3
416 948 2
416 629 4
416 790 6
416 868 2
418 977 14
418 996 17
420 879 1
421 978 1
421 469 1
422 731 1
422 613 1
422 680 3
422 527 1
423 832 2
423 591 1
423 849 2
424 978 1
424 795 3
424 469 1
424 990 1
425 912 1
425 946 5
425 948 3
425 790 12
425 472 2
425 868 1
427 955 3
428 806 4
428 952 2
428 915 5
428 857 4
429 454 11
432 789 1
433 994 3
433 987 10
433 789 1
435 518 2
435 586 5
435 500 2
435 948 3
435 573 1
439 949 1
443 962 1
443 742 4
444 542 1
444 518 3
444 535 6
450 712 2
450 947 1
450 662 1
450 695 1
450 572 3
451 469 1
454 772 1
458 704 1
458 577 1
458 1000 2
458 558 1
458 499 1
458 956 1
466 662 3
468 712 1
469 512 1
469 547 1
469 614 2
469 817 1
469 978 2
469 954 1
469 795 1
469 957 1
470 605 1
470 789 1
472 912 2
472 946 2
478 517 1
479 718 2
480 987 3
482 987 3
484 629 1
484 750 1
485 513 1
488 662 1
491 546 1
491 977 1
493 629 1
499 833 1
499 1000 1
499 684 5
499 844 1
499 558 1
499 918 1
499 723 1
499 758 1
499 618 1
500 550 1
500 586 11
500 814 5
500 687 2
500 948 3
502 976 2
502 506 1
503 704 1
503 723 3
503 1000 1
506 644 1
506 1001 5
506 783 1
506 921 2
506 702 1
509 638 2
510 601 2
512 978 1
513 518 1
514 832 1
514 1001 1
514 780 2
514 977 3
514 950 1
516 881 2
516 700 1
517 674 2
517 803 2
517 648 1
517 546 1
517 751 1
517 948 1
518 772 1
518 646 1
518 551 1
518 535 3
518 895 5
522 718 5
523 765 1
526 902 4
526 978 3
526 629 1
527 720 1
527 710 6
528 638 4
528 589 1
528 742 2
530 629 13
530 891 8
531 987 6
534 601 1
535 913 7
535 722 9
535 854 3
540 736 5
540 994 2
540 987 5
540 641 2
540 874 3
540 840 4
540 955 9
540 925 1
540 830 1
542 722 1
542 823 3
543 952 1
544 739 3
544 669 1
545 946 2
546 550 3
546 669 2
546 920 1
547 978 2
547 851 1
551 895 6
552 978 1
558 1000 1
558 844 2
558 565 1
559 622 3
561 629 1
565 704 1
565 723 1
565 684 1
568 662 1
572 802 2
572 662 1
573 586 2
577 933 2
577 590 1
577 926 1
580 669 2
581 742 1
581 692 4
581 855 2
581 703 2
582 987 3
585 909 1
586 782 1
586 662 2
586 687 1
586 948 3
586 974 4
586 868 1
586 885 8
586 759 1
587 784 1
589 909 1
590 700 1
591 692 2
595 934 1
595 1004 2
595 718 4
595 754 1
599 693 1
599 951 2
599 732 1
601 634 1
602 765 1
605 1001 3
605 685 1
607 816 1
607 946 1
609 951 1
611 924 2
614 978 2
614 858 1
614 629 2
617 784 1
617 811 1
622 676 4
629 658 1
629 685 2
629 846 1
629 978 2
629 750 1
629 630 1
629 631 1
629 891 5
633 772 1
638 832 7
638 853 1
638 700 2
641 987 3
643 685 7
647 952 1
648 721 1
648 948 1
648 885 1
654 991 7
657 837 1
659 742 4
660 951 1
662 900 1
662 782 3
662 802 1
662 947 1
662 695 1
662 712 2
663 879 1
668 813 1
671 995 6
671 692 1
671 749 1
680 731 3
680 707 2
682 850 3
684 1000 1
684 844 1
685 1001 4
686 926 1
687 923 4
692 994 1
692 997 1
692 935 1
692 746 1
692 775 1
692 749 1
692 819 1
692 718 1
692 987 2
693 862 6
693 991 1
697 784 1
697 855 7
697 771 1
697 925 11
698 987 3
700 790 3
700 812 1
700 881 1
701 728 1
704 743 2
706 951 3
707 880 1
707 951 1
708 718 6
710 849 1
710 767 1
711 718 1
715 926 10
715 951 1
716 866 6
716 718 8
718 904 8
718 754 5
718 843 3
718 724 6
718 866 22
718 742 1
718 883 3
719 828 1
720 935 10
720 746 2
720 813 3
721 765 2
723 1000 1
724 866 2
730 868 1
731 739 1
732 977 2
737 849 2
740 788 2
742 784 15
743 868 2
744 912 1
745 837 2
746 813 6
746 935 2
748 926 4
749 834 1
749 997 1
754 883 1
758 844 1
759 984 5
764 840 3
764 874 3
764 987 3
764 994 1
765 948 1
765 868 2
775 995 3
780 977 2
782 838 1
782 806 1
782 790 1
789 987 7
790 868 11
790 881 1
790 812 8
790 977 5
795 978 1
796 987 4
799 895 3
804 881 1
804 850 2
806 952 3
806 838 1
809 987 5
810 881 1
813 996 2
813 935 1
817 978 1
817 954 1
823 895 1
832 976 1
832 977 2
840 874 3
840 987 3
844 918 1
845 946 1
849 987 3
850 924 1
851 978 6
851 920 2
857 915 1
857 952 4
858 991 3
862 909 1
866 883 4
868 912 1
868 948 3
868 984 1
868 889 1
870 951 1
872 987 4
873 874 3
873 880 1
873 987 3
873 925 3
874 925 1
883 951 2
890 923 4
891 995 7
909 935 4
912 948 2
912 949 3
915 952 1
926 951 2
946 948 1
950 977 2
952 953 1
952 971 1
952 990 1
954 978 2
955 987 5
957 978 1
969 977 2
977 996 12
977 1004 4
978 988 2
987 994 5
