0
1
2
3
4
5
6
7
8
9
10
11
12
13
14
15
16
17
18
19
20
21
22
23
24
25
26
27
28
29
30
31
32
33
34
35
36
37
38
39
40
41
42
43
44
45
46
47
48
49
50
51
52
53
54
55
56
57
58
59
60
61
62
63
64
65
66
67
68
69
70
71
72
73
74
75
76
77
78
79
80
81
82
83
84
85
86
87
88
89
90
91
92
93
94
95
96
97
98
99
100
101
102
103
104
105
106
107
108
109
110
111
112
113
114
115
116
117
118
119
120
121
122
123
124
125
126
127
128
129
130
131
132
133
134
135
136
137
138
139
141
142
143
144
145
146
147
148
149
150
151
152
153
154
155
157
158
159
160
161
162
163
164
165
166
167
168
169
170
171
172
173
174
175
176
177
178
179
180
181
182
183
184
185
186
187
188
189
190
191
192
193
194
195
196
197
198
199
200
201
202
203
204
205
206
207
208
209
210
211
212
213
214
215
216
217
218
219
220
221
222
223
224
225
226
227
228
229
230
231
232
233
235
236
237
238
239
240
241
242
243
244
245
246
247
248
249
250
251
252
253
254
255
256
257
259
260
262
263
264
265
266
267
268
269
270
271
272
273
274
275
276
277
278
279
280
281
282
283
284
285
286
287
288
289
290
291
292
293
294
295
296
297
299
300
301
302
303
304
305
306
307
308
309
310
311
312
313
314
315
316
317
318
319
320
321
322
323
324
325
326
327
328
329
330
331
332
333
334
335
336
337
338
339
340
341
343
344
345
346
347
348
349
350
351
352
353
355
356
357
358
359
360
361
362
364
365
366
367
368
369
370
371
372
373
374
375
376
377
378
379
380
381
382
383
384
385
386
387
388
389
390
391
392
393
394
395
396
397
398
399
400
401
402
403
404
405
406
407
408
409
410
411
412
413
414
415
416
418
419
420
421
422
423
424
425
426
427
428
429
430
431
432
433
434
435
436
437
438
439
440
441
442
443
444
445
446
447
448
449
450
451
452
453
454
455
456
457
458
459
460
461
462
464
465
466
467
468
469
470
471
472
473
474
475
476
477
478
479
480
481
482
483
484
485
486
487
488
489
490
491
492
493
495
496
497
498
499
500
501
502
503
504
505
506
507
508
509
510
511
512
513
514
515
516
517
518
519
520
521
522
523
524
525
526
527
528
530
531
532
533
534
535
536
537
538
539
540
541
542
543
544
545
546
547
548
549
550
551
552
553
554
556
557
558
559
560
561
562
563
564
565
566
567
568
569
570
571
572
573
574
575
576
577
578
579
580
581
582
583
584
585
586
587
588
589
590
591
592
593
594
595
596
597
598
599
600
601
602
603
604
605
606
607
609
610
611
612
613
614
615
616
617
618
619
621
622
623
624
625
626
627
628
629
630
631
632
633
634
635
636
637
638
639
640
641
642
643
644
645
646
647
648
649
650
651
652
653
654
655
656
657
658
659
660
661
662
663
664
665
666
667
668
669
670
671
672
673
674
675
676
677
678
679
680
681
682
683
684
685
686
687
688
689
690
691
692
693
694
695
696
697
698
699
700
701
702
703
704
705
706
707
708
709
710
711
712
713
714
715
716
717
718
719
720
721
722
723
724
725
726
727
728
729
730
731
732
733
734
735
736
737
738
739
740
741
742
743
744
745
746
747
748
749
750
751
752
753
754
756
757
758
759
760
761
762
763
764
765
767
768
769
770
771
772
773
774
775
776
777
778
779
780
781
782
783
784
785
786
787
788
789
790
791
792
793
794
795
796
797
798
799
800
801
802
803
804
805
806
807
808
809
810
811
812
813
814
815
816
817
818
819
820
821
822
823
824
825
826
827
828
829
830
831
832
833
834
835
836
837
838
839
840
841
842
843
844
845
846
847
848
849
850
851
852
853
854
855
856
857
858
859
860
861
862
863
864
865
866
867
868
869
870
871
872
873
874
875
876
877
878
879
880
881
882
883
884
885
886
887
888
889
890
891
892
893
894
895
896
897
898
899
900
901
902
903
904
905
906
907
908
909
910
911
912
913
914
915
916
917
918
919
920
921
922
923
924
925
926
927
928
929
930
931
932
933
934
935
936
937
938
939
940
941
942
943
944
945
946
947
948
949
950
951
952
953
954
955
956
957
958
960
961
962
963
964
965
966
967
968
969
970
971
972
973
974
975
976
977
978
979
980
981
982
983
984
985
986
987
988
989
990
991
992
993
994
995
996
997
998
999
1000
1001
1002
1003
1004
0 249 1
0 178 1
0 189 2
1 337 1
2 700 3
2 790 4
2 119 1
4 135 1
5 586 4
5 724 1
6 1004 1
6 178 1
6 716 2
11 890 1
12 680 1
13 738 2
13 743 1
14 738 2
14 516 2
14 1001 1
14 724 4
14 90 1
14 796 2
15 680 3
15 731 3
15 422 2
16 843 1
17 857 2
17 428 1
17 316 1
24 280 1
24 629 3
25 704 2
25 844 1
25 684 2
28 987 2
28 955 1
30 356 8
30 294 1
30 648 1
30 942 1
30 313 1
30 765 3
30 126 1
31 316 1
31 915 4
31 428 1
31 165 12
31 990 2
32 388 2
32 293 1
32 428 1
32 534 2
32 791 1
32 61 1
32 862 2
35 188 1
35 207 1
37 232 5
37 313 20
37 126 4
38 939 1
38 324 1
38 309 1
40 712 2
40 450 2
40 196 1
40 890 1
40 159 1
42 337 1
42 323 1
46 399 1
48 600 1
48 956 2
48 319 1
50 402 3
50 559 2
52 232 1
52 356 11
52 765 2
53 193 1
53 365 1
56 987 4
56 423 3
58 769 1
58 586 1
58 909 1
61 772 1
61 517 6
61 141 1
61 398 2
61 272 1
61 900 1
61 157 1
61 674 2
61 428 2
61 306 1
61 991 1
61 802 1
61 718 10
61 591 2
61 851 1
61 334 1
61 472 3
61 730 1
61 607 6
61 356 5
61 243 6
62 485 1
62 214 2
62 159 2
67 963 1
67 165 3
67 846 1
67 207 1
68 987 2
69 950 1
70 890 1
70 534 1
70 607 1
74 416 1
74 256 1
74 294 3
74 104 1
74 648 1
74 885 1
74 759 1
74 984 1
74 313 1
74 232 1
74 447 1
75 612 1
75 334 1
75 550 1
77 266 1
78 178 1
78 404 2
78 710 1
82 870 1
82 135 1
84 534 1
86 152 2
86 443 1
86 662 1
90 798 2
90 315 1
90 997 1
90 201 1
90 746 1
90 107 1
90 236 1
90 783 1
90 850 2
90 147 1
90 692 2
90 606 1
90 953 1
90 248 1
90 500 2
90 891 1
90 316 1
90 413 1
90 414 1
91 97 1
91 423 1
92 316 1
95 987 2
96 420 2
97 337 1
98 707 3
98 134 1
98 454 1
98 713 2
98 107 2
98 268 1
98 429 1
98 401 1
98 117 1
98 278 1
101 377 1
101 729 1
101 246 2
101 718 1
101 423 3
102 534 1
103 322 1
103 423 2
103 1001 2
103 780 2
103 514 4
103 950 2
104 356 1
104 765 1
104 294 1
105 418 11
107 808 2
107 201 1
107 980 1
107 381 1
112 168 1
112 267 3
112 607 1
113 535 3
114 718 1
119 700 1
119 812 1
120 609 1
120 772 13
120 534 2
120 586 1
120 364 1
120 718 1
120 752 1
120 338 1
120 566 6
120 987 3
120 316 2
122 718 1
126 416 2
126 356 3
126 648 1
126 586 1
126 790 1
126 730 2
127 772 1
127 189 1
127 718 2
132 842 6
133 356 2
134 178 1
134 356 1
134 738 1
135 581 4
135 870 1
135 170 1
135 942 13
135 531 1
135 371 1
135 628 2
135 692 4
135 189 1
136 200 1
136 428 1
136 207 1
136 915 2
136 629 1
136 953 1
136 857 1
136 316 2
137 771 1
137 581 1
139 206 1
141 614 2
142 428 3
142 316 4
142 207 1
143 544 1
144 544 1
147 577 3
147 355 3
147 196 1
147 933 3
147 230 3
147 454 2
147 171 3
147 972 3
147 590 3
147 277 3
147 890 1
147 347 3
147 285 3
147 926 3
147 686 3
149 716 1
151 617 1
151 923 1
151 278 1
151 687 1
152 443 1
153 977 1
153 482 1
157 577 2
157 931 2
157 356 1
157 517 1
157 171 1
157 590 2
157 277 2
157 542 1
157 285 2
157 926 1
159 802 1
159 707 1
159 290 3
159 334 2
159 450 1
159 712 2
159 629 1
159 214 2
159 343 1
159 443 1
160 280 1
160 586 1
160 267 3
160 629 7
161 586 1
164 638 1
165 586 1
165 401 7
165 344 1
165 316 8
165 990 1
166 356 3
166 168 1
166 586 5
166 765 1
166 648 1
166 759 1
166 762 2
166 573 1
167 817 1
167 988 1
168 356 15
168 912 6
168 209 1
168 472 4
169 595 1
169 372 1
170 697 1
171 590 2
173 738 1
173 924 1
175 849 3
175 275 3
178 409 1
178 538 1
178 295 1
178 693 3
178 607 1
178 710 1
178 333 1
178 976 1
178 470 1
178 599 1
178 605 1
178 862 1
178 991 1
178 482 1
178 228 1
178 502 4
178 249 3
178 762 1
178 767 1
181 249 1
184 907 1
184 423 2
187 802 1
187 900 1
187 272 1
187 662 1
187 695 1
187 568 2
187 572 1
188 534 1
188 547 1
188 920 1
188 851 1
188 502 1
188 280 2
189 293 1
189 883 1
189 716 3
189 236 1
189 365 4
189 718 4
189 530 2
189 595 2
189 502 2
189 280 1
189 410 2
189 731 1
189 915 1
191 752 1
191 692 14
192 381 3
193 707 1
193 776 1
193 940 1
193 338 1
193 245 1
193 633 1
193 890 1
193 923 1
195 410 2
197 586 1
198 568 1
199 924 1
199 738 1
199 996 1
199 541 2
200 952 5
200 362 1
200 915 3
200 316 5
206 939 1
206 477 1
206 534 1
206 950 1
207 428 1
207 847 1
207 953 1
207 795 2
207 349 1
207 990 1
209 356 2
214 609 1
214 290 5
214 707 1
214 614 1
214 648 1
214 316 5
214 940 3
214 687 1
214 851 3
214 629 3
214 278 1
214 472 1
214 923 2
214 220 2
214 765 3
216 704 1
216 321 1
220 752 1
220 772 1
223 322 3
223 343 5
223 415 1
228 605 7
229 306 2
231 738 2
231 264 1
231 873 1
231 245 1
231 698 1
231 987 3
231 607 2
232 294 1
232 439 2
232 472 3
233 692 3
236 537 2
236 532 3
241 851 1
245 736 1
245 698 1
245 987 2
245 671 1
246 423 3
249 280 1
250 890 2
250 607 1
250 886 2
250 535 1
251 482 2
251 987 2
253 290 3
253 566 2
256 313 1
256 362 1
256 356 7
256 294 1
260 439 2
264 586 1
267 674 3
267 517 2
267 838 2
267 392 2
267 586 1
267 526 8
267 435 2
267 891 3
267 947 1
270 738 1
270 783 1
272 900 1
272 772 1
274 920 1
275 849 1
278 334 1
280 388 1
280 502 2
280 360 1
280 846 1
280 658 1
280 685 1
280 526 1
280 493 1
280 561 1
280 530 2
280 595 1
280 629 6
280 630 1
280 631 1
280 891 1
280 445 1
281 905 1
281 586 1
281 491 1
284 731 1
288 629 1
291 401 1
291 429 1
291 454 1
293 718 1
293 724 1
293 502 1
293 862 6
294 416 2
294 586 19
294 573 1
294 648 1
294 885 3
294 630 3
294 759 1
294 984 3
294 313 2
294 762 1
294 447 2
302 316 1
302 428 4
306 771 1
306 383 1
308 418 1
310 586 1
311 697 2
311 987 2
313 416 1
313 356 4
313 765 1
313 447 1
316 647 3
316 915 11
316 543 1
316 428 6
316 952 2
316 953 1
316 971 2
316 344 2
316 857 2
316 990 1
316 752 1
318 472 1
318 684 1
319 704 1
321 771 1
321 684 1
322 663 1
322 879 2
322 534 1
322 343 5
324 586 1
324 638 1
324 477 1
326 586 1
327 737 1
327 738 1
327 381 1
329 624 1
329 819 1
332 435 4
332 500 6
332 782 4
332 575 1
333 969 1
333 767 1
334 550 1
334 712 1
334 617 1
334 718 1
334 591 1
334 687 4
334 692 1
334 762 1
334 923 3
334 607 4
335 737 1
337 514 1
337 780 3
337 942 1
337 854 1
337 505 1
337 634 1
338 801 1
338 987 2
338 540 1
338 415 1
343 388 1
343 950 1
343 534 2
343 663 2
344 971 2
347 933 3
347 966 1
349 428 3
353 891 2
356 772 1
356 648 4
356 912 4
356 535 1
356 542 2
356 517 4
356 416 2
356 674 2
356 684 2
356 586 2
356 718 1
356 472 8
356 730 9
356 868 1
356 743 3
356 762 1
356 765 10
360 629 3
360 526 3
361 987 2
362 909 1
362 371 2
362 695 4
362 664 1
364 987 2
364 764 2
364 582 1
366 972 1
369 392 8
369 535 1
372 595 3
372 404 3
372 934 1
377 729 1
377 738 1
377 883 1
377 718 1
379 568 2
381 664 2
381 810 1
383 720 2
388 742 3
388 746 1
388 843 1
393 907 1
401 454 2
401 429 3
401 415 4
407 843 1
410 977 2
410 650 1
410 663 1
413 746 1
413 935 3
414 891 1
415 772 1
415 462 2
415 692 2
416 586 2
416 912 2
416 607 1
418 996 3
418 977 5
420 559 2
421 795 1
422 680 1
422 731 7
423 710 2
423 779 2
423 977 2
424 795 2
428 802 4
428 647 3
428 915 9
428 857 1
428 990 4
429 454 2
432 987 2
433 987 2
435 515 1
435 586 5
435 782 1
437 738 1
437 532 2
440 737 2
440 843 1
443 662 1
447 573 2
447 759 1
447 984 1
447 586 4
448 692 1
450 712 4
450 695 1
454 772 1
454 890 1
459 517 2
466 712 1
466 947 1
472 517 1
472 743 1
472 782 4
479 586 1
482 987 2
488 568 1
491 644 1
493 530 1
493 847 1
493 658 1
493 629 3
493 630 2
493 990 1
495 568 1
500 782 1
500 814 4
500 687 1
502 915 1
502 724 1
502 538 1
502 862 3
502 607 1
506 738 1
506 772 1
510 692 1
510 534 2
514 780 1
514 950 6
516 881 1
516 738 1
516 532 23
516 761 3
517 674 2
517 743 1
517 586 1
517 684 1
517 535 1
517 542 2
517 607 2
526 867 2
526 629 3
530 915 1
530 629 11
530 630 2
530 891 9
531 607 4
531 987 2
532 945 1
532 738 1
534 939 2
534 843 1
534 862 2
534 607 1
535 542 1
540 987 3
540 698 1
541 738 3
541 951 5
542 743 1
542 586 1
542 684 1
543 890 1
543 971 1
544 580 1
544 741 1
544 563 1
544 791 1
544 890 2
544 669 1
547 851 2
547 862 3
550 712 1
550 746 1
552 614 1
553 670 1
558 618 1
558 684 1
558 565 1
561 990 1
561 838 1
561 846 1
561 629 3
565 684 2
565 723 1
565 956 4
566 772 1
572 862 2
573 617 1
575 782 5
576 738 1
577 936 2
581 936 2
581 609 2
581 692 2
582 832 1
582 994 1
582 987 2
586 648 2
586 837 1
586 947 1
586 948 1
586 984 2
586 885 3
586 762 7
587 720 3
591 712 1
591 746 1
591 843 1
591 692 2
591 923 1
591 607 1
595 738 1
595 716 2
595 687 1
595 790 2
595 696 5
596 802 2
597 738 1
599 693 1
599 710 2
600 956 1
602 743 8
605 789 4
605 693 2
607 948 1
607 718 1
607 915 1
609 772 1
609 854 3
613 738 1
614 630 4
614 851 2
624 873 4
627 890 1
629 772 2
629 838 1
629 658 3
629 685 9
629 846 2
629 630 3
629 631 3
629 890 1
629 891 14
630 719 2
634 788 1
641 987 3
643 685 2
644 738 3
644 924 1
644 702 1
646 823 1
647 920 1
648 765 2
650 738 1
650 654 2
654 738 1
654 991 4
657 738 1
661 692 1
663 853 1
665 746 1
671 738 1
671 692 2
672 844 2
680 720 5
680 731 1
682 738 1
684 743 1
684 844 5
684 956 4
686 966 1
687 742 1
687 843 1
692 736 1
692 742 1
692 746 6
692 935 4
692 775 1
692 830 1
697 855 2
697 925 2
698 764 1
698 840 1
698 873 1
698 987 2
700 761 1
700 812 1
702 738 1
704 743 1
707 880 1
707 951 1
711 843 1
716 718 1
716 883 2
718 904 1
718 843 1
718 754 1
718 915 2
718 724 1
718 883 1
719 738 1
720 833 1
724 883 3
724 796 2
730 912 2
738 783 7
738 921 3
738 923 4
738 924 1
738 945 1
738 828 1
738 837 1
738 975 1
738 850 3
738 979 2
738 996 2
738 1001 2
738 881 1
738 745 1
738 761 1
742 771 3
742 746 1
742 784 1
742 900 3
742 863 1
746 935 18
746 923 3
748 926 1
761 881 2
764 987 2
765 908 3
765 942 1
769 830 1
772 920 1
772 978 1
774 947 42
780 950 1
789 987 2
790 812 2
790 966 4
795 851 1
796 977 1
809 987 2
817 851 1
833 987 2
840 987 2
843 907 2
844 935 1
844 918 1
844 956 4
849 987 2
851 978 4
851 954 1
857 915 5
868 912 1
872 987 2
873 987 2
881 928 1
883 907 1
883 915 1
885 984 1
890 923 5
891 920 3
910 923 1
912 1003 1
921 923 1
923 987 1
925 987 2
933 966 1
953 990 2
955 987 2
977 996 1
977 1001 1
978 988 1
987 994 2
