0
1
2
3
4
5
6
7
8
9
10
11
12
13
14
15
16
17
18
19
20
21
22
23
24
25
26
27
28
29
30
31
32
33
34
35
36
37
38
39
40
41
42
43
44
45
46
47
48
49
50
51
52
53
54
55
56
57
58
59
60
61
62
63
64
65
66
67
68
69
70
71
72
73
74
75
76
77
78
79
80
81
82
83
84
85
86
87
88
89
90
91
92
93
94
95
96
97
98
99
100
101
102
103
104
105
106
107
108
109
110
111
112
113
114
115
116
117
118
119
120
121
122
123
124
125
126
127
128
129
130
131
132
133
134
135
136
137
138
139
141
142
143
144
145
146
147
148
149
150
151
152
153
154
155
157
158
159
160
161
162
163
164
165
166
167
168
169
170
171
172
173
174
175
176
177
178
179
180
181
182
183
184
185
186
187
188
189
190
191
192
193
194
195
196
197
198
199
200
201
202
203
204
205
206
207
208
209
210
211
212
213
214
215
216
217
218
219
220
221
222
223
224
225
226
227
228
229
230
231
232
233
235
236
237
238
239
240
241
242
243
244
245
246
247
248
249
250
251
252
253
254
255
256
257
259
260
262
263
264
265
266
267
268
269
270
271
272
273
274
275
276
277
278
279
280
281
282
283
284
285
286
287
288
289
290
291
292
293
294
295
296
297
299
300
301
302
303
304
305
306
307
308
309
310
311
312
313
314
315
316
317
318
319
320
321
322
323
324
325
326
327
328
329
330
331
332
333
334
335
336
337
338
339
340
341
343
344
345
346
347
348
349
350
351
352
353
355
356
357
358
359
360
361
362
364
365
366
367
368
369
370
371
372
373
374
375
376
377
378
379
380
381
382
383
384
385
386
387
388
389
390
391
392
393
394
395
396
397
398
399
400
401
402
403
404
405
406
407
408
409
410
411
412
413
414
415
416
418
419
420
421
422
423
424
425
426
427
428
429
430
431
432
433
434
435
436
437
438
439
440
441
442
443
444
445
446
447
448
449
450
451
452
453
454
455
456
457
458
459
460
461
462
464
465
466
467
468
469
470
471
472
473
474
475
476
477
478
479
480
481
482
483
484
485
486
487
488
489
490
491
492
493
495
496
497
498
499
500
501
502
503
504
505
506
507
508
509
510
511
512
513
514
515
516
517
518
519
520
521
522
523
524
525
526
527
528
530
531
532
533
534
535
536
537
538
539
540
541
542
543
544
545
546
547
548
549
550
551
552
553
554
556
557
558
559
560
561
562
563
564
565
566
567
568
569
570
571
572
573
574
575
576
577
578
579
580
581
582
583
584
585
586
587
588
589
590
591
592
593
594
595
596
597
598
599
600
601
602
603
604
605
606
607
609
610
611
612
613
614
615
616
617
618
619
621
622
623
624
625
626
627
628
629
630
631
632
633
634
635
636
637
638
639
640
641
642
643
644
645
646
647
648
649
650
651
652
653
654
655
656
657
658
659
660
661
662
663
664
665
666
667
668
669
670
671
672
673
674
675
676
677
678
679
680
681
682
683
684
685
686
687
688
689
690
691
692
693
694
695
696
697
698
699
700
701
702
703
704
705
706
707
708
709
710
711
712
713
714
715
716
717
718
719
720
721
722
723
724
725
726
727
728
729
730
731
732
733
734
735
736
737
738
739
740
741
742
743
744
745
746
747
748
749
750
751
752
753
754
756
757
758
759
760
761
762
763
764
765
767
768
769
770
771
772
773
774
775
776
777
778
779
780
781
782
783
784
785
786
787
788
789
790
791
792
793
794
795
796
797
798
799
800
801
802
803
804
805
806
807
808
809
810
811
812
813
814
815
816
817
818
819
820
821
822
823
824
825
826
827
828
829
830
831
832
833
834
835
836
837
838
839
840
841
842
843
844
845
846
847
848
849
850
851
852
853
854
855
856
857
858
859
860
861
862
863
864
865
866
867
868
869
870
871
872
873
874
875
876
877
878
879
880
881
882
883
884
885
886
887
888
889
890
891
892
893
894
895
896
897
898
899
900
901
902
903
904
905
906
907
908
909
910
911
912
913
914
915
916
917
918
919
920
921
922
923
924
925
926
927
928
929
930
931
932
933
934
935
936
937
938
939
940
941
942
943
944
945
946
947
948
949
950
951
952
953
954
955
956
957
958
960
961
962
963
964
965
966
967
968
969
970
971
972
973
974
975
976
977
978
979
980
981
982
983
984
985
986
987
988
989
990
991
992
993
994
995
996
997
998
999
1000
1001
1002
1003
1004
0 569 1
0 6 1
0 470 2
2 416 2
2 322 2
2 891 1
2 38 1
2 236 2
2 500 2
2 790 3
2 983 1
2 923 2
2 700 1
4 135 1
5 553 1
5 107 7
5 335 2
6 569 2
6 189 1
6 470 2
8 544 1
8 739 2
12 704 1
12 680 3
12 405 1
12 870 2
13 772 2
13 532 1
13 14 1
13 743 2
14 131 1
14 516 1
14 650 1
14 270 1
14 783 1
14 657 1
14 921 1
14 644 1
14 410 1
14 796 2
14 541 2
14 924 3
14 682 1
14 173 2
14 702 3
14 576 1
14 837 1
14 199 2
14 719 2
14 724 3
14 738 1
14 996 1
14 1001 1
14 881 1
14 761 1
14 506 2
15 680 6
15 731 3
15 422 3
16 541 4
17 857 2
17 428 1
24 647 1
24 656 1
24 530 4
24 629 14
24 280 1
24 891 4
24 31 1
25 48 2
25 216 1
25 458 1
25 585 1
25 319 1
28 56 2
28 987 4
29 90 1
30 256 1
31 165 16
31 990 1
31 847 2
32 280 1
32 977 2
32 90 2
32 680 1
32 791 1
35 978 1
35 167 2
38 410 2
40 696 1
40 633 1
40 187 1
40 383 1
42 402 1
42 939 1
42 663 1
48 684 1
48 558 1
52 790 2
53 56 1
53 193 2
53 90 1
53 629 3
56 641 2
56 482 2
56 987 5
58 909 2
61 522 1
61 843 4
61 718 11
61 214 1
61 568 5
61 90 1
61 159 1
61 991 7
62 214 1
62 571 4
62 646 1
62 542 4
62 485 1
64 322 1
64 509 1
65 927 2
67 344 9
67 963 13
67 165 7
67 207 8
68 987 4
68 772 2
74 232 1
74 447 1
74 782 1
74 759 2
75 633 2
75 687 2
75 220 1
75 607 1
77 782 1
78 569 2
82 772 2
82 135 2
83 901 1
83 742 1
86 152 1
86 742 1
86 662 1
90 898 1
90 771 4
90 662 1
90 904 2
90 270 1
90 783 1
90 784 1
90 534 2
90 663 1
90 927 1
90 428 4
90 569 1
90 443 3
90 191 2
90 850 1
90 479 2
90 612 2
90 107 2
90 502 1
90 122 2
91 415 1
91 607 1
92 142 1
92 207 4
95 531 2
95 364 1
95 923 1
95 987 6
96 420 1
98 707 1
98 454 4
98 713 1
98 107 4
98 268 1
98 429 1
98 592 9
98 401 2
98 291 1
98 117 1
101 377 1
101 246 3
101 423 4
102 534 1
103 514 11
103 950 1
103 423 1
104 523 1
104 765 8
105 374 3
106 1001 1
106 322 3
106 828 1
106 740 2
106 788 1
107 393 1
107 808 1
107 553 4
107 652 1
107 236 2
107 880 1
107 532 1
107 201 1
107 537 1
107 980 2
112 674 1
112 267 2
112 166 2
113 927 4
117 592 1
117 454 1
122 428 3
122 693 1
122 479 1
124 551 1
126 416 2
127 281 4
127 843 2
127 718 2
133 648 2
133 602 1
134 592 13
134 738 3
134 291 2
134 454 6
135 692 1
135 581 3
135 870 2
135 530 2
135 942 10
135 720 2
135 371 2
135 628 5
135 772 1
135 292 3
135 594 2
135 923 1
136 200 1
136 428 1
136 207 1
137 936 1
141 978 1
141 469 1
141 167 1
143 544 1
144 544 1
147 416 3
147 933 1
147 171 1
147 590 1
147 926 1
147 927 1
149 246 1
149 423 1
151 290 1
151 923 1
151 253 3
152 443 4
152 742 1
153 977 4
157 740 1
157 775 3
157 586 2
157 686 1
157 915 3
157 926 2
157 248 1
157 462 1
157 542 3
158 576 1
158 719 2
159 214 4
159 865 1
159 290 1
159 923 4
159 278 1
159 718 2
159 841 8
159 334 2
159 783 2
159 912 2
159 209 2
159 787 4
159 692 2
159 853 1
159 534 4
159 987 1
159 607 2
160 571 14
160 629 3
161 571 1
161 214 1
164 402 1
164 548 2
165 552 1
165 207 3
165 401 11
165 344 4
165 990 1
166 416 1
166 674 2
166 743 1
166 586 1
166 762 1
167 512 1
167 547 1
167 421 1
167 614 1
167 552 1
167 188 1
167 301 1
167 207 1
167 424 1
167 817 1
167 978 2
167 851 2
167 469 2
167 954 2
167 795 1
167 988 2
167 957 1
168 472 1
170 231 2
171 590 2
173 506 4
173 924 1
175 849 7
175 670 1
175 423 1
181 190 4
184 423 1
185 248 2
185 762 1
185 684 1
187 802 1
187 900 1
187 272 1
187 596 1
187 662 1
187 695 1
187 568 2
187 572 1
188 280 1
188 978 1
188 547 1
189 506 3
189 607 1
189 1004 1
189 951 1
190 656 4
190 353 3
190 274 4
190 920 2
191 607 1
191 415 1
191 927 3
192 506 2
193 290 1
193 987 2
193 230 2
193 782 1
193 338 1
193 923 1
193 540 1
197 850 1
197 923 1
199 506 1
199 924 2
199 541 3
200 952 4
200 971 1
200 915 5
200 428 2
207 424 2
207 558 2
207 847 1
207 978 1
207 469 3
207 795 2
208 236 2
208 1004 1
209 765 1
214 290 1
214 844 2
214 765 1
214 306 1
214 923 1
216 704 1
216 558 1
216 321 1
220 334 1
220 383 3
223 322 6
223 462 1
228 569 3
228 605 1
228 470 1
229 306 2
229 742 4
229 607 4
231 245 3
231 698 1
231 987 4
231 540 2
231 863 1
232 699 1
233 692 1
233 746 2
233 772 2
236 393 1
236 1004 6
236 537 9
236 383 3
239 609 1
239 742 1
245 698 1
245 987 4
245 540 3
245 951 1
246 724 6
246 572 4
246 423 7
248 684 1
248 462 1
248 591 1
248 915 1
248 502 1
248 762 1
248 670 1
249 569 2
249 470 8
250 886 2
250 927 6
251 987 4
253 566 1
256 416 4
256 313 3
256 356 1
264 454 2
267 609 1
267 674 1
267 392 3
267 586 18
267 435 2
267 891 3
268 592 1
272 450 1
272 662 1
274 656 2
275 849 6
277 571 10
278 923 1
280 547 1
280 647 1
280 360 1
280 561 1
280 915 1
280 526 1
280 920 1
280 530 1
280 851 1
280 629 4
280 631 1
280 891 2
280 991 1
284 680 2
285 571 10
291 401 4
291 454 6
293 569 3
294 313 2
294 586 1
295 569 2
299 388 3
301 978 1
305 472 3
305 765 1
305 743 3
306 374 1
306 742 12
306 790 4
306 531 5
306 659 3
306 660 2
310 368 1
311 697 2
311 987 4
311 540 1
311 955 5
313 416 3
316 915 1
316 428 2
318 499 1
318 332 2
318 758 1
319 618 1
319 1002 1
319 558 1
320 980 1
320 843 1
320 1004 1
321 704 1
321 499 1
321 558 1
322 323 1
322 740 3
322 706 1
322 879 2
322 337 1
322 853 2
322 534 1
322 343 3
322 591 1
325 595 1
326 772 2
327 381 2
329 624 1
329 660 1
329 427 1
329 540 1
329 910 1
333 569 3
333 470 2
333 767 3
334 692 1
334 607 4
334 591 1
337 548 1
338 987 4
341 942 1
343 950 2
343 663 3
347 966 2
347 933 4
347 686 1
353 891 6
356 586 2
360 629 4
360 526 2
361 987 4
362 909 1
362 609 1
362 383 1
362 957 2
362 695 4
364 482 1
364 789 1
364 506 2
364 987 4
364 764 2
368 950 2
369 700 2
369 927 4
372 595 3
372 404 5
372 934 3
374 659 1
374 742 1
377 422 6
377 423 2
377 716 3
377 696 1
377 607 5
379 568 1
380 712 8
383 644 1
383 887 2
383 586 5
388 427 1
388 534 2
392 674 2
393 907 1
394 571 17
398 712 1
398 450 1
400 742 1
401 454 12
401 429 15
401 415 8
402 649 1
402 634 1
404 688 3
409 569 2
409 599 2
414 891 1
415 569 6
416 782 3
416 912 1
416 435 3
416 885 2
416 759 1
416 984 1
416 447 3
416 927 4
418 977 30
421 424 2
421 978 2
421 795 2
422 680 4
422 731 5
423 866 1
423 710 2
423 779 1
423 716 1
423 977 7
424 585 2
424 978 1
424 951 1
424 795 5
424 990 4
424 709 1
427 849 1
427 596 1
427 955 11
427 510 1
428 915 4
428 857 3
429 454 12
432 987 4
433 987 5
433 772 2
433 951 1
435 586 12
435 500 2
443 742 4
443 662 1
444 535 2
444 927 5
450 900 1
450 742 1
450 712 2
450 530 2
450 947 1
450 596 1
450 462 1
450 662 1
450 695 1
450 571 8
453 595 2
454 609 7
454 772 4
454 713 3
454 592 11
456 720 1
458 684 2
458 499 1
458 565 1
458 790 1
458 956 1
462 833 2
462 517 1
462 742 1
462 718 1
462 783 1
462 687 1
462 851 2
462 670 1
462 762 1
462 591 1
462 542 1
464 980 1
466 802 1
469 585 2
469 978 2
469 988 1
470 789 6
470 569 3
470 538 2
470 605 1
470 862 1
470 693 1
472 575 1
481 565 2
482 531 2
482 569 5
482 987 4
485 542 4
485 927 5
493 795 2
493 629 4
493 630 6
493 685 2
497 977 1
499 704 1
499 679 1
499 844 1
499 558 1
499 918 1
499 607 2
502 693 2
502 951 1
502 569 2
502 538 3
506 541 1
506 1001 2
506 783 2
506 921 2
506 924 1
506 670 1
509 612 1
510 955 3
510 534 1
511 987 4
512 978 1
513 927 5
514 832 2
514 950 1
515 602 1
515 927 1
516 761 3
516 790 2
517 564 1
522 718 3
526 530 1
526 629 5
528 923 2
530 742 1
530 700 3
530 851 1
530 629 12
530 630 3
530 891 3
530 915 1
531 641 1
531 659 1
531 987 8
534 939 1
534 607 2
535 927 4
538 569 2
538 862 1
540 955 9
540 840 3
540 855 1
540 692 3
540 697 2
540 698 2
540 987 4
540 925 1
541 921 2
542 646 1
542 571 1
542 927 4
544 739 1
544 580 1
544 741 1
544 563 1
544 791 1
544 669 1
546 662 2
546 607 1
547 978 2
548 780 1
548 853 1
550 607 2
551 927 4
552 978 2
552 614 1
561 629 3
561 846 3
565 704 1
565 679 2
568 572 1
568 935 2
569 693 2
569 710 2
569 847 1
569 976 1
569 599 2
569 605 1
569 862 2
569 991 2
569 767 2
571 900 12
571 742 5
571 870 3
571 935 2
571 776 5
571 684 12
571 910 1
571 663 1
571 731 1
571 885 2
573 759 1
581 936 7
581 720 1
581 855 5
581 692 1
582 987 4
582 764 1
585 990 1
585 957 1
586 782 3
586 655 1
586 984 2
588 987 4
590 595 2
591 742 1
591 910 1
591 607 5
592 713 3
592 927 12
597 738 1
599 693 1
599 710 3
599 767 1
602 743 1
605 693 2
605 951 1
607 783 1
607 716 3
607 718 1
607 687 1
607 915 1
607 692 1
607 1004 1
607 851 1
609 772 1
609 783 1
609 850 2
609 951 1
609 633 1
609 923 2
609 927 3
612 663 1
612 879 2
614 978 1
617 720 2
617 923 1
628 720 3
629 658 3
629 685 6
629 846 1
629 630 14
629 631 3
629 891 13
630 891 3
630 685 1
638 700 2
638 862 2
641 809 1
641 987 4
643 685 9
644 996 1
644 924 1
646 927 4
647 915 3
648 765 4
650 738 2
650 682 2
650 654 4
650 783 1
654 738 2
654 858 2
654 682 1
654 991 5
656 851 1
659 742 2
660 951 3
663 950 1
669 791 1
680 707 2
680 720 9
680 731 3
682 738 2
682 783 1
682 850 1
682 924 1
684 844 1
685 838 3
685 1001 7
685 724 3
687 923 1
690 849 1
692 994 3
692 742 3
692 746 10
692 910 1
696 731 2
697 925 2
697 855 4
698 840 1
698 873 1
698 764 1
700 812 1
700 790 2
702 738 3
702 924 1
710 779 1
718 843 3
720 833 1
720 855 1
720 731 3
722 927 5
724 1001 4
731 739 2
731 809 2
731 915 2
735 822 3
737 849 2
738 837 1
738 783 3
738 951 1
738 921 1
738 923 1
739 772 2
739 915 1
740 788 1
742 769 1
742 771 1
742 901 1
742 835 1
742 863 1
742 993 1
746 966 3
746 935 22
758 956 1
758 918 2
761 783 1
762 765 1
764 987 6
764 994 5
769 830 2
770 927 4
772 870 2
773 955 8
774 947 80
779 843 1
780 950 1
783 850 1
789 987 7
790 812 2
795 978 2
796 977 1
808 898 1
809 987 4
809 951 1
817 978 1
821 927 1
823 927 4
832 950 6
838 857 1
840 987 4
849 987 4
850 881 5
851 978 1
851 920 2
851 891 2
854 927 6
857 915 1
858 991 4
861 896 1
866 951 1
872 987 4
873 987 4
915 953 1
915 990 1
924 1001 1
925 955 5
933 966 2
935 966 4
936 942 1
954 978 2
955 987 10
957 978 1
969 977 2
977 1001 6
977 1004 7
978 988 3
987 994 4
