0
1
2
3
4
5
6
7
8
9
10
11
12
13
14
15
16
17
18
19
20
21
22
23
24
25
26
27
28
29
30
31
32
33
34
35
36
37
38
39
40
41
42
43
44
45
46
47
48
49
50
51
52
53
54
55
56
57
58
59
60
61
62
63
64
65
66
67
68
69
70
71
72
73
74
75
76
77
78
79
80
81
82
83
84
85
86
87
88
89
90
91
92
93
94
95
96
97
98
99
100
101
102
103
104
105
106
107
108
109
110
111
112
113
114
115
116
117
118
119
120
121
122
123
124
125
126
127
128
129
130
131
132
133
134
135
136
137
138
139
141
142
143
144
145
146
147
148
149
150
151
152
153
154
155
157
158
159
160
161
162
163
164
165
166
167
168
169
170
171
172
173
174
175
176
177
178
179
180
181
182
183
184
185
186
187
188
189
190
191
192
193
194
195
196
197
198
199
200
201
202
203
204
205
206
207
208
209
210
211
212
213
214
215
216
217
218
219
220
221
222
223
224
225
226
227
228
229
230
231
232
233
235
236
237
238
239
240
241
242
243
244
245
246
247
248
249
250
251
252
253
254
255
256
257
259
260
262
263
264
265
266
267
268
269
270
271
272
273
274
275
276
277
278
279
280
281
282
283
284
285
286
287
288
289
290
291
292
293
294
295
296
297
299
300
301
302
303
304
305
306
307
308
309
310
311
312
313
314
315
316
317
318
319
320
321
322
323
324
325
326
327
328
329
330
331
332
333
334
335
336
337
338
339
340
341
343
344
345
346
347
348
349
350
351
352
353
355
356
357
358
359
360
361
362
364
365
366
367
368
369
370
371
372
373
374
375
376
377
378
379
380
381
382
383
384
385
386
387
388
389
390
391
392
393
394
395
396
397
398
399
400
401
402
403
404
405
406
407
408
409
410
411
412
413
414
415
416
418
419
420
421
422
423
424
425
426
427
428
429
430
431
432
433
434
435
436
437
438
439
440
441
442
443
444
445
446
447
448
449
450
451
452
453
454
455
456
457
458
459
460
461
462
464
465
466
467
468
469
470
471
472
473
474
475
476
477
478
479
480
481
482
483
484
485
486
487
488
489
490
491
492
493
495
496
497
498
499
500
501
502
503
504
505
506
507
508
509
510
511
512
513
514
515
516
517
518
519
520
521
522
523
524
525
526
527
528
530
531
532
533
534
535
536
537
538
539
540
541
542
543
544
545
546
547
548
549
550
551
552
553
554
556
557
558
559
560
561
562
563
564
565
566
567
568
569
570
571
572
573
574
575
576
577
578
579
580
581
582
583
584
585
586
587
588
589
590
591
592
593
594
595
596
597
598
599
600
601
602
603
604
605
606
607
609
610
611
612
613
614
615
616
617
618
619
621
622
623
624
625
626
627
628
629
630
631
632
633
634
635
636
637
638
639
640
641
642
643
644
645
646
647
648
649
650
651
652
653
654
655
656
657
658
659
660
661
662
663
664
665
666
667
668
669
670
671
672
673
674
675
676
677
678
679
680
681
682
683
684
685
686
687
688
689
690
691
692
693
694
695
696
697
698
699
700
701
702
703
704
705
706
707
708
709
710
711
712
713
714
715
716
717
718
719
720
721
722
723
724
725
726
727
728
729
730
731
732
733
734
735
736
737
738
739
740
741
742
743
744
745
746
747
748
749
750
751
752
753
754
756
757
758
759
760
761
762
763
764
765
767
768
769
770
771
772
773
774
775
776
777
778
779
780
781
782
783
784
785
786
787
788
789
790
791
792
793
794
795
796
797
798
799
800
801
802
803
804
805
806
807
808
809
810
811
812
813
814
815
816
817
818
819
820
821
822
823
824
825
826
827
828
829
830
831
832
833
834
835
836
837
838
839
840
841
842
843
844
845
846
847
848
849
850
851
852
853
854
855
856
857
858
859
860
861
862
863
864
865
866
867
868
869
870
871
872
873
874
875
876
877
878
879
880
881
882
883
884
885
886
887
888
889
890
891
892
893
894
895
896
897
898
899
900
901
902
903
904
905
906
907
908
909
910
911
912
913
914
915
916
917
918
919
920
921
922
923
924
925
926
927
928
929
930
931
932
933
934
935
936
937
938
939
940
941
942
943
944
945
946
947
948
949
950
951
952
953
954
955
956
957
958
960
961
962
963
964
965
966
967
968
969
970
971
972
973
974
975
976
977
978
979
980
981
982
983
984
985
986
987
988
989
990
991
992
993
994
995
996
997
998
999
1000
1001
1002
1003
1004
5 29 4
6 189 1
14 644 2
14 702 1
16 843 1
16 883 1
17 857 1
24 280 1
28 987 1
29 898 2
29 899 1
30 936 1
31 165 9
32 891 1
35 851 1
35 469 1
37 313 1
38 832 2
38 324 1
38 70 2
38 395 1
38 337 4
38 663 1
40 120 1
42 323 3
45 782 1
48 558 1
61 90 1
61 318 1
61 742 3
61 718 3
62 646 1
62 823 2
64 139 1
66 227 1
66 782 1
70 120 1
70 322 1
70 334 1
74 392 9
74 112 3
74 166 1
77 266 2
86 443 1
90 865 1
90 506 1
91 499 1
98 401 2
98 429 1
98 278 1
101 246 1
102 139 1
103 977 1
103 310 1
104 721 3
104 126 2
104 425 1
105 418 9
107 393 1
107 810 1
107 980 1
107 537 1
111 759 1
112 952 1
112 392 2
113 535 1
118 732 1
119 812 2
119 700 2
120 865 1
120 291 1
120 720 2
120 850 1
120 147 1
120 500 1
120 190 3
120 127 1
125 139 1
126 500 1
126 362 1
126 332 2
126 790 1
132 388 1
133 765 2
134 291 1
135 703 1
136 344 1
136 857 1
136 915 1
136 316 3
136 142 1
139 323 1
139 676 1
139 487 1
139 939 1
139 206 1
139 174 1
139 534 1
139 324 1
139 154 1
139 477 1
139 510 1
141 316 1
141 188 1
142 165 4
142 200 1
142 267 1
142 301 1
142 915 6
142 857 1
142 316 1
143 796 1
143 790 1
147 347 3
149 208 4
149 377 2
149 293 2
153 977 8
153 418 2
153 996 4
159 322 1
159 388 1
159 214 2
159 551 3
159 776 4
159 586 2
159 912 1
159 168 1
159 307 1
159 662 1
164 638 3
165 401 5
165 344 6
165 857 1
165 316 10
166 743 1
167 547 1
167 469 1
167 614 1
168 416 1
168 266 1
168 439 1
168 586 1
170 697 1
171 933 1
173 506 2
173 738 1
178 502 2
181 249 3
181 274 1
184 272 1
188 988 1
188 469 2
188 614 1
189 977 1
189 410 2
189 236 1
193 595 1
193 500 2
199 506 1
199 644 3
199 381 1
207 614 2
207 795 1
207 469 1
207 558 1
208 977 1
209 765 4
214 306 1
214 290 1
214 746 5
214 662 3
216 321 2
216 558 2
216 319 1
228 605 2
228 502 1
228 693 2
231 840 1
231 764 1
231 738 1
231 540 2
231 698 1
233 692 1
235 472 1
235 598 1
239 951 1
241 469 1
245 698 1
245 540 1
246 423 1
250 332 1
250 646 1
250 886 1
250 535 2
256 356 2
266 416 1
272 595 3
275 849 2
277 458 1
278 936 2
278 415 2
280 561 1
280 658 1
280 629 3
280 281 1
288 561 3
288 493 3
288 445 3
288 630 1
288 629 3
291 609 1
291 713 1
291 429 1
291 401 2
293 700 1
301 614 1
301 469 1
304 936 1
306 742 1
306 790 1
310 477 1
311 955 1
313 472 1
313 765 2
316 392 4
316 915 2
316 857 3
319 386 1
319 558 3
321 704 2
321 844 1
321 458 1
321 684 1
321 558 1
321 499 1
321 565 1
321 918 1
321 618 1
322 534 1
322 591 2
324 591 2
327 381 1
332 435 1
332 500 1
332 586 1
334 746 2
334 851 2
334 692 1
334 607 3
334 700 2
334 383 1
337 505 7
343 663 4
356 472 2
362 912 1
362 909 1
377 866 2
377 718 1
377 423 1
381 468 1
389 528 1
401 429 9
401 415 2
407 843 1
410 977 1
413 746 1
413 700 1
415 429 1
415 581 1
416 868 6
416 765 1
416 912 1
416 439 1
416 573 1
418 977 6
418 996 10
421 469 1
423 977 1
424 795 1
424 469 1
425 765 1
427 955 2
432 468 1
433 987 1
435 500 3
439 912 1
440 737 1
443 662 1
447 648 2
450 595 1
450 947 1
458 704 1
458 558 2
468 532 1
469 547 1
469 614 1
469 817 1
469 954 1
469 795 1
469 957 1
472 648 1
472 598 1
473 810 1
487 977 1
488 568 1
499 679 1
499 618 1
499 844 1
499 558 2
499 918 2
499 607 1
500 814 1
502 538 1
502 693 1
502 710 1
506 644 4
506 1001 2
506 850 1
506 951 1
509 832 1
514 977 1
514 780 1
516 532 1
530 891 1
530 629 1
532 761 1
532 804 2
535 854 2
540 987 1
540 624 1
540 697 2
540 698 1
540 955 4
541 738 2
547 795 1
550 854 1
558 844 4
558 956 1
565 704 1
565 684 1
581 757 2
582 832 3
586 648 1
586 782 2
586 912 1
586 984 1
591 746 1
614 851 1
614 954 1
629 846 4
629 630 3
629 891 1
644 1001 1
644 924 2
650 682 1
650 738 1
654 682 1
654 738 1
663 950 4
679 684 2
682 738 2
682 783 1
684 704 1
684 844 1
692 746 1
695 947 1
697 925 1
697 855 1
698 840 1
698 873 1
698 764 1
700 812 1
704 844 1
704 918 1
720 936 2
720 942 1
738 837 1
738 783 1
742 784 4
746 900 1
746 935 4
761 783 1
765 908 5
773 955 2
780 977 1
780 950 1
790 868 1
790 812 1
844 956 1
851 978 2
857 915 1
857 891 1
950 977 3
955 987 1
977 996 8
977 1004 2
