0
1
2
3
4
5
6
7
8
9
10
11
12
13
14
15
16
17
18
19
20
21
22
23
24
25
26
27
28
29
30
31
32
33
34
35
36
37
38
39
40
41
42
43
44
45
46
47
48
49
50
51
52
53
54
55
56
57
58
59
60
61
62
63
64
65
66
67
68
69
70
71
72
73
74
75
76
77
78
79
80
81
82
83
84
85
86
87
88
89
90
91
92
93
94
95
96
97
98
99
100
101
102
103
104
105
106
107
108
109
110
111
112
113
114
115
116
117
118
119
120
121
122
123
124
125
126
127
128
129
130
131
132
133
134
135
136
137
138
139
141
142
143
144
145
146
147
148
149
150
151
152
153
154
155
157
158
159
160
161
162
163
164
165
166
167
168
169
170
171
172
173
174
175
176
177
178
179
180
181
182
183
184
185
186
187
188
189
190
191
192
193
194
195
196
197
198
199
200
201
202
203
204
205
206
207
208
209
210
211
212
213
214
215
216
217
218
219
220
221
222
223
224
225
226
227
228
229
230
231
232
233
235
236
237
238
239
240
241
242
243
244
245
246
247
248
249
250
251
252
253
254
255
256
257
259
260
262
263
264
265
266
267
268
269
270
271
272
273
274
275
276
277
278
279
280
281
282
283
284
285
286
287
288
289
290
291
292
293
294
295
296
297
299
300
301
302
303
304
305
306
307
308
309
310
311
312
313
314
315
316
317
318
319
320
321
322
323
324
325
326
327
328
329
330
331
332
333
334
335
336
337
338
339
340
341
343
344
345
346
347
348
349
350
351
352
353
355
356
357
358
359
360
361
362
364
365
366
367
368
369
370
371
372
373
374
375
376
377
378
379
380
381
382
383
384
385
386
387
388
389
390
391
392
393
394
395
396
397
398
399
400
401
402
403
404
405
406
407
408
409
410
411
412
413
414
415
416
418
419
420
421
422
423
424
425
426
427
428
429
430
431
432
433
434
435
436
437
438
439
440
441
442
443
444
445
446
447
448
449
450
451
452
453
454
455
456
457
458
459
460
461
462
464
465
466
467
468
469
470
471
472
473
474
475
476
477
478
479
480
481
482
483
484
485
486
487
488
489
490
491
492
493
495
496
497
498
499
500
501
502
503
504
505
506
507
508
509
510
511
512
513
514
515
516
517
518
519
520
521
522
523
524
525
526
527
528
530
531
532
533
534
535
536
537
538
539
540
541
542
543
544
545
546
547
548
549
550
551
552
553
554
556
557
558
559
560
561
562
563
564
565
566
567
568
569
570
571
572
573
574
575
576
577
578
579
580
581
582
583
584
585
586
587
588
589
590
591
592
593
594
595
596
597
598
599
600
601
602
603
604
605
606
607
609
610
611
612
613
614
615
616
617
618
619
621
622
623
624
625
626
627
628
629
630
631
632
633
634
635
636
637
638
639
640
641
642
643
644
645
646
647
648
649
650
651
652
653
654
655
656
657
658
659
660
661
662
663
664
665
666
667
668
669
670
671
672
673
674
675
676
677
678
679
680
681
682
683
684
685
686
687
688
689
690
691
692
693
694
695
696
697
698
699
700
701
702
703
704
705
706
707
708
709
710
711
712
713
714
715
716
717
718
719
720
721
722
723
724
725
726
727
728
729
730
731
732
733
734
735
736
737
738
739
740
741
742
743
744
745
746
747
748
749
750
751
752
753
754
756
757
758
759
760
761
762
763
764
765
767
768
769
770
771
772
773
774
775
776
777
778
779
780
781
782
783
784
785
786
787
788
789
790
791
792
793
794
795
796
797
798
799
800
801
802
803
804
805
806
807
808
809
810
811
812
813
814
815
816
817
818
819
820
821
822
823
824
825
826
827
828
829
830
831
832
833
834
835
836
837
838
839
840
841
842
843
844
845
846
847
848
849
850
851
852
853
854
855
856
857
858
859
860
861
862
863
864
865
866
867
868
869
870
871
872
873
874
875
876
877
878
879
880
881
882
883
884
885
886
887
888
889
890
891
892
893
894
895
896
897
898
899
900
901
902
903
904
905
906
907
908
909
910
911
912
913
914
915
916
917
918
919
920
921
922
923
924
925
926
927
928
929
930
931
932
933
934
935
936
937
938
939
940
941
942
943
944
945
946
947
948
949
950
951
952
953
954
955
956
957
958
960
961
962
963
964
965
966
967
968
969
970
971
972
973
974
975
976
977
978
979
980
981
982
983
984
985
986
987
988
989
990
991
992
993
994
995
996
997
998
999
1000
1001
1002
1003
1004
0 6 1
0 228 1
0 502 2
0 710 1
0 295 1
0 599 1
0 333 1
0 78 1
0 976 1
0 178 7
0 693 1
0 470 1
0 409 1
0 249 2
0 538 1
0 767 1
0 732 1
0 605 2
0 862 1
0 991 1
2 166 2
2 267 1
2 812 1
2 142 2
2 500 2
2 790 3
4 771 2
4 135 4
4 530 1
4 293 1
4 170 1
4 428 1
4 304 1
4 441 4
4 607 1
4 187 1
4 450 1
4 581 1
4 82 1
4 851 1
4 862 1
4 863 1
4 993 1
4 742 1
4 870 2
4 231 2
4 371 1
4 628 1
4 502 1
5 553 1
5 29 2
5 670 1
5 335 1
6 609 1
6 178 3
8 544 1
8 414 1
13 609 1
13 738 1
13 14 2
13 532 1
13 693 1
13 506 1
14 738 1
14 90 1
14 468 2
14 506 8
14 924 5
14 410 2
16 410 1
16 506 3
16 541 1
17 857 1
17 915 2
17 165 1
17 971 2
19 333 4
24 280 2
24 530 1
24 891 11
24 629 13
24 647 2
25 48 4
25 458 1
25 844 3
25 618 1
26 362 1
28 987 1
29 808 2
29 90 1
29 236 1
29 335 1
30 936 11
30 313 1
30 765 8
30 743 5
31 915 1
31 428 2
31 165 6
31 990 2
31 971 1
32 609 1
32 534 3
32 214 2
32 791 3
32 506 2
32 862 1
35 817 2
35 547 1
35 469 3
35 165 1
35 207 4
38 337 2
40 609 2
40 802 1
40 450 1
40 695 2
41 723 9
41 758 1
45 66 1
46 310 4
46 399 1
48 458 4
48 558 5
48 216 5
48 956 4
48 319 5
50 402 1
50 559 7
52 313 1
52 868 2
52 765 1
52 356 2
53 272 1
53 923 1
53 78 1
56 987 1
58 120 1
58 586 1
58 909 6
61 522 2
61 742 2
61 718 4
61 517 1
62 800 1
62 369 8
62 646 3
62 535 2
67 963 13
67 165 7
67 846 4
67 207 2
67 561 1
67 344 4
68 987 1
69 879 1
70 609 2
70 90 2
70 534 1
73 723 1
73 758 1
74 416 1
74 674 3
74 133 2
74 166 9
74 586 3
74 782 2
74 313 1
74 573 1
74 126 1
74 447 1
75 120 3
75 948 1
75 416 5
75 220 1
75 692 1
76 410 1
77 912 1
77 416 2
77 266 2
78 178 3
78 951 1
82 628 1
83 784 1
83 697 1
83 306 1
83 771 4
84 324 1
86 152 7
86 443 3
86 317 3
86 807 1
90 644 2
90 789 1
90 920 1
90 808 1
90 173 1
90 541 1
90 190 2
90 191 2
90 704 1
90 199 1
90 850 6
90 468 2
90 910 2
90 854 4
90 343 1
90 506 3
90 865 1
90 233 3
90 107 1
90 628 2
90 1001 2
90 890 6
91 416 1
92 971 1
92 990 2
95 987 1
96 420 2
98 592 5
98 401 2
101 246 4
101 423 4
103 977 2
103 943 2
103 310 5
103 423 3
104 648 4
104 721 1
104 765 8
104 790 1
104 425 3
105 418 5
107 609 1
107 214 2
107 718 2
107 175 1
107 468 1
107 118 1
107 335 4
107 381 3
110 166 1
111 586 4
111 573 3
112 416 1
112 674 16
112 166 2
112 267 6
112 472 1
112 948 5
112 280 1
112 313 1
113 250 1
114 506 2
118 732 2
118 532 2
118 670 2
118 335 1
119 812 1
120 609 1
120 454 1
120 586 1
120 948 1
120 923 1
120 796 1
120 926 2
120 191 1
122 693 1
122 738 1
122 410 1
122 479 1
126 356 3
126 294 3
126 232 4
126 586 5
126 782 6
126 648 1
126 500 2
126 790 13
126 700 1
126 573 3
127 890 1
127 843 1
127 149 1
132 509 1
133 648 1
134 592 4
134 912 1
134 738 1
135 549 1
135 742 3
135 936 1
135 137 4
135 362 2
135 942 6
135 337 6
135 371 1
135 692 3
135 405 4
135 248 3
135 628 4
135 700 3
136 200 2
136 971 1
136 838 1
136 142 1
136 990 2
139 402 1
141 512 2
142 971 2
142 647 1
142 200 1
142 267 13
142 428 8
142 143 2
142 274 2
142 915 11
142 214 3
142 952 1
142 857 1
142 316 1
142 990 2
142 543 1
143 872 1
143 422 2
144 544 1
147 577 2
147 931 2
147 933 3
147 230 2
147 171 3
147 972 2
147 590 2
147 355 2
147 277 2
147 890 1
147 347 2
147 285 2
147 926 2
147 686 2
149 849 2
150 322 1
150 415 1
151 253 3
151 278 1
152 443 3
153 432 1
153 410 1
157 586 1
157 933 1
158 506 2
159 915 2
159 214 3
160 586 1
160 629 3
161 586 1
164 337 3
164 223 1
165 586 1
165 971 1
165 428 1
165 207 1
165 401 4
165 344 7
165 990 2
166 743 1
166 586 1
166 383 2
167 656 1
167 274 1
167 362 1
167 469 4
168 416 6
168 266 3
168 356 13
168 294 2
168 966 2
168 648 3
168 586 5
168 556 4
168 782 1
168 912 20
168 232 10
168 949 8
168 790 19
168 439 6
168 472 21
168 260 2
168 762 1
168 730 1
168 868 6
168 575 1
170 697 1
171 590 1
171 926 1
171 933 2
173 738 1
173 428 6
173 506 1
175 737 1
175 423 1
175 335 6
175 849 5
175 275 9
175 410 1
176 586 3
178 409 3
178 538 3
178 295 3
178 693 9
178 569 3
178 188 1
178 189 2
178 710 3
178 333 3
178 976 3
178 339 3
178 470 3
178 599 3
178 605 3
178 862 8
178 991 3
178 228 5
178 502 16
178 249 3
178 767 3
180 727 1
181 537 1
181 189 1
181 190 1
185 762 2
187 802 1
187 947 1
188 978 4
188 724 1
188 469 3
189 491 1
189 428 1
189 915 2
190 353 3
190 656 1
190 274 1
190 373 1
190 471 2
190 920 1
190 890 1
190 752 1
190 316 1
191 233 1
191 692 1
191 949 2
192 381 2
197 923 1
199 738 1
199 996 2
199 506 2
200 739 1
200 971 4
200 428 3
200 915 3
200 341 1
200 952 4
200 857 1
200 543 2
201 335 1
207 424 8
207 558 4
207 469 6
207 953 2
207 954 1
207 795 7
207 349 1
207 373 2
208 537 1
208 335 1
208 236 2
208 977 1
209 912 2
209 868 1
209 356 6
214 931 2
214 935 2
214 703 1
214 428 2
214 746 3
214 940 4
214 695 1
214 912 1
214 776 1
214 923 2
214 951 3
214 306 1
214 233 1
214 765 2
216 321 2
216 618 2
216 319 3
220 752 3
220 890 1
223 746 1
228 605 16
228 502 3
228 335 1
229 807 1
229 742 7
229 374 1
229 607 1
230 577 4
230 933 1
230 951 1
231 738 5
231 624 3
231 245 1
231 698 2
231 987 2
231 830 1
231 607 2
232 356 1
232 294 5
232 782 2
232 912 2
232 946 2
232 790 3
232 472 10
232 575 3
233 752 1
233 692 4
236 537 6
236 335 1
239 857 4
239 335 1
239 951 1
239 609 2
241 469 3
245 698 2
245 987 1
245 764 2
245 830 1
246 724 1
246 423 8
248 687 1
249 393 1
249 506 3
249 605 1
250 609 1
250 770 1
250 485 1
250 646 1
250 551 1
250 535 1
250 369 4
250 722 1
250 513 1
250 854 1
250 823 7
250 444 1
250 542 2
251 410 1
251 987 1
251 506 1
253 290 2
253 566 2
256 416 1
256 356 1
256 294 1
256 648 1
256 313 1
256 602 2
257 586 1
260 416 3
260 762 1
264 586 1
266 912 1
267 517 2
267 614 1
267 586 17
267 685 5
267 435 3
267 948 4
267 790 3
267 891 8
270 738 1
272 802 1
272 595 1
272 900 1
274 614 1
275 849 6
275 487 1
275 479 1
277 700 1
277 844 1
277 933 1
278 776 1
280 739 1
280 614 1
280 846 1
280 629 5
280 700 4
281 506 3
283 362 2
284 680 1
285 933 1
288 391 4
288 493 4
288 561 4
288 629 10
288 630 1
288 445 5
291 401 2
293 605 1
294 416 1
294 817 2
294 648 2
294 946 3
294 984 4
294 313 6
294 573 1
294 447 1
301 469 3
302 316 1
302 971 1
302 428 5
302 990 2
304 441 2
305 425 1
306 771 4
306 790 1
306 742 1
306 807 1
306 687 1
306 784 1
306 659 1
306 374 3
306 703 1
308 418 1
310 586 1
310 477 2
311 987 1
313 356 3
313 472 2
313 447 1
315 423 1
316 609 1
316 971 1
316 428 2
316 915 2
318 684 3
318 332 4
318 565 1
319 1002 1
319 758 1
322 343 1
323 977 1
327 849 2
327 738 1
327 381 3
327 921 2
329 624 2
332 416 4
332 586 4
332 782 3
332 435 3
332 500 17
332 759 1
332 447 1
333 605 1
333 767 1
334 416 1
334 746 1
335 643 2
335 1004 1
335 664 1
335 537 2
335 670 1
335 808 1
335 553 1
335 810 1
335 688 1
335 737 1
335 464 1
335 468 3
335 985 1
335 609 2
335 980 1
335 381 1
337 505 3
337 870 2
338 987 1
341 915 6
343 534 2
343 950 5
343 663 2
344 838 1
344 971 1
347 933 3
349 976 2
349 971 1
349 428 5
349 990 2
353 920 1
353 891 17
355 933 1
356 609 1
356 868 9
356 416 1
356 743 3
356 762 1
356 586 6
356 912 14
356 648 3
356 948 4
356 472 7
356 730 7
356 765 1
356 447 2
360 493 1
360 526 2
360 629 3
361 987 1
362 771 1
362 870 2
362 371 2
362 922 1
362 383 5
364 994 1
364 987 1
365 528 1
365 866 1
369 423 2
369 535 7
372 595 1
372 404 1
374 659 1
374 790 3
377 422 2
377 423 1
377 457 3
377 685 1
377 718 2
377 696 2
377 729 4
377 506 2
379 568 1
381 468 3
381 532 3
381 761 2
381 506 1
383 628 3
383 887 1
383 891 1
383 586 3
386 758 1
388 771 1
392 948 3
397 738 1
397 671 1
397 975 1
398 712 1
399 402 1
399 950 1
400 807 1
401 454 2
401 429 10
401 415 2
402 788 1
402 634 1
402 603 2
407 843 3
409 923 1
410 482 1
410 837 1
410 1001 2
410 650 2
410 663 1
410 994 1
410 433 1
410 777 1
410 969 1
410 924 2
410 541 1
414 506 1
416 648 3
416 782 9
416 912 3
416 946 1
416 948 4
416 573 1
416 586 8
416 721 1
416 854 2
416 602 1
416 759 3
416 765 1
418 996 23
418 977 4
420 559 3
421 424 5
421 469 3
422 731 1
422 652 1
423 832 1
423 513 3
423 710 1
423 646 2
423 977 1
423 563 2
424 469 3
424 795 5
424 990 3
425 946 6
425 765 8
425 721 2
428 971 1
428 915 10
428 953 1
428 857 3
428 990 5
429 454 5
432 987 2
432 468 2
433 849 2
433 987 2
433 994 1
435 500 3
435 586 7
435 782 3
437 738 1
439 912 1
440 737 1
440 537 1
443 742 1
443 743 4
443 807 1
443 687 1
443 662 1
443 602 3
444 528 1
444 535 1
445 629 1
447 586 1
447 782 1
447 885 1
447 984 1
450 609 1
450 802 1
454 592 4
458 956 4
458 844 5
458 758 1
464 980 2
465 812 1
468 810 1
469 512 3
469 547 3
469 614 3
469 817 3
469 851 2
469 954 3
469 795 3
469 957 3
469 990 2
470 605 1
472 912 5
472 648 3
472 946 2
472 575 2
479 586 1
480 987 1
482 531 2
482 987 1
483 718 2
484 629 1
485 854 1
491 808 2
493 629 5
493 630 2
497 773 1
499 700 1
499 684 2
499 609 1
500 586 8
500 782 9
500 687 3
500 951 1
502 609 2
502 862 1
502 718 2
502 687 1
502 976 1
502 724 1
502 693 1
502 951 1
502 605 8
502 542 2
506 644 3
506 775 1
506 783 1
506 924 5
506 541 2
506 682 1
506 951 6
506 576 1
506 605 1
506 738 1
506 996 4
514 977 3
516 881 5
516 738 1
516 532 2
517 948 5
526 629 5
528 776 1
530 585 2
530 718 1
530 629 4
530 630 1
530 891 1
531 987 1
532 738 1
532 804 1
532 700 5
534 609 2
534 746 1
535 609 1
540 698 2
540 955 3
540 830 1
540 987 1
541 738 4
542 595 1
542 746 1
543 952 1
543 971 2
544 580 1
544 741 1
544 563 1
544 791 1
544 669 1
546 844 2
547 614 1
550 746 1
550 923 2
553 670 2
556 912 1
557 609 1
558 684 3
559 622 6
561 614 1
561 846 7
561 658 1
561 629 6
563 696 1
565 684 1
565 844 1
568 947 3
569 718 1
572 614 1
573 586 2
573 984 2
575 912 4
576 738 1
576 654 1
577 936 1
577 933 2
580 791 1
582 849 2
582 987 1
582 764 8
585 771 3
585 645 1
585 695 3
585 953 1
585 990 1
586 648 3
586 782 28
586 912 7
586 947 5
586 684 1
586 687 3
586 948 3
586 735 1
586 837 1
586 854 2
586 868 6
586 602 1
586 609 1
586 869 3
586 759 1
586 762 3
587 720 3
589 607 1
590 933 1
590 926 1
591 746 2
591 607 2
592 609 6
592 948 1
595 915 1
596 628 1
597 738 1
599 710 1
602 743 5
602 648 1
602 721 1
605 710 1
605 862 1
607 742 2
607 843 2
607 718 2
607 702 3
609 776 2
609 684 1
609 783 2
609 915 3
609 923 15
609 927 1
609 802 1
609 940 1
609 951 2
609 956 1
609 850 1
609 980 1
609 854 2
609 857 1
609 731 1
609 994 1
609 746 1
609 633 1
609 890 1
614 647 1
614 685 1
614 656 1
614 954 1
624 738 1
629 658 4
629 685 5
629 846 3
629 630 9
629 631 3
629 891 16
629 700 1
630 718 1
630 685 1
630 891 1
633 923 3
633 809 1
634 788 1
641 987 1
643 685 1
644 738 2
647 971 1
647 990 2
648 868 14
648 782 3
648 721 2
648 765 1
650 761 3
650 738 1
654 738 4
657 738 1
659 742 3
659 807 1
663 950 1
663 951 5
668 720 4
668 746 13
668 935 3
674 803 2
674 948 6
682 738 1
684 844 2
685 838 1
685 718 1
686 933 1
687 776 1
687 915 1
687 746 2
692 736 1
692 769 1
692 807 1
692 746 10
693 808 1
696 915 3
697 771 2
697 855 1
698 840 2
698 873 2
698 987 1
698 764 2
700 812 1
700 790 5
700 988 1
702 738 1
703 771 9
704 743 2
707 951 1
710 767 2
715 933 1
716 718 2
718 851 1
718 724 1
718 883 2
718 915 5
719 738 4
719 837 1
719 783 1
720 746 7
720 813 3
720 935 11
721 908 1
721 765 3
723 758 1
724 862 1
730 912 4
730 868 3
735 879 1
737 849 1
737 1004 2
738 783 2
738 921 5
738 923 3
738 924 1
738 945 1
738 828 1
738 837 2
738 850 1
738 979 2
738 996 1
738 1001 2
738 873 1
738 881 1
738 745 1
738 761 1
739 915 3
742 900 1
746 900 1
746 935 25
746 813 10
746 923 1
748 933 1
758 956 1
762 765 1
764 840 5
764 987 1
765 790 2
765 868 1
769 807 1
770 880 1
771 863 3
772 923 1
774 947 191
782 868 1
782 912 1
782 885 1
782 984 3
784 807 1
789 987 1
790 868 12
790 812 3
794 854 1
803 948 4
804 881 8
807 993 1
807 901 1
807 835 1
807 863 1
808 898 1
809 987 1
813 900 1
813 935 3
828 881 1
838 952 2
840 873 1
840 987 2
849 987 1
857 971 1
857 915 7
857 990 2
862 909 4
868 912 3
868 948 1
872 987 1
873 987 1
880 951 1
881 924 1
890 948 1
890 987 1
891 920 1
898 980 1
907 912 1
912 966 1
912 948 2
912 949 1
915 971 1
924 969 1
925 987 1
926 931 1
926 933 1
931 933 1
933 972 1
950 977 4
951 957 1
952 971 1
953 971 1
953 990 2
955 987 1
971 990 1
977 1004 2
987 994 1
