0
1
2
3
4
5
6
7
8
9
10
11
12
13
14
15
16
17
18
19
20
21
22
23
24
25
26
27
28
29
30
31
32
33
34
35
36
37
38
39
40
41
42
43
44
45
46
47
48
49
50
51
52
53
54
55
56
57
58
59
60
61
62
63
64
65
66
67
68
69
70
71
72
73
74
75
76
77
78
79
80
81
82
83
84
85
86
87
88
89
90
91
92
93
94
95
96
97
98
99
100
101
102
103
104
105
106
107
108
109
110
111
112
113
114
115
116
117
118
119
120
121
122
123
124
125
126
127
128
129
130
131
132
133
134
135
136
137
138
139
141
142
143
144
145
146
147
148
149
150
151
152
153
154
155
157
158
159
160
161
162
163
164
165
166
167
168
169
170
171
172
173
174
175
176
177
178
179
180
181
182
183
184
185
186
187
188
189
190
191
192
193
194
195
196
197
198
199
200
201
202
203
204
205
206
207
208
209
210
211
212
213
214
215
216
217
218
219
220
221
222
223
224
225
226
227
228
229
230
231
232
233
235
236
237
238
239
240
241
242
243
244
245
246
247
248
249
250
251
252
253
254
255
256
257
259
260
262
263
264
265
266
267
268
269
270
271
272
273
274
275
276
277
278
279
280
281
282
283
284
285
286
287
288
289
290
291
292
293
294
295
296
297
299
300
301
302
303
304
305
306
307
308
309
310
311
312
313
314
315
316
317
318
319
320
321
322
323
324
325
326
327
328
329
330
331
332
333
334
335
336
337
338
339
340
341
343
344
345
346
347
348
349
350
351
352
353
355
356
357
358
359
360
361
362
364
365
366
367
368
369
370
371
372
373
374
375
376
377
378
379
380
381
382
383
384
385
386
387
388
389
390
391
392
393
394
395
396
397
398
399
400
401
402
403
404
405
406
407
408
409
410
411
412
413
414
415
416
418
419
420
421
422
423
424
425
426
427
428
429
430
431
432
433
434
435
436
437
438
439
440
441
442
443
444
445
446
447
448
449
450
451
452
453
454
455
456
457
458
459
460
461
462
464
465
466
467
468
469
470
471
472
473
474
475
476
477
478
479
480
481
482
483
484
485
486
487
488
489
490
491
492
493
495
496
497
498
499
500
501
502
503
504
505
506
507
508
509
510
511
512
513
514
515
516
517
518
519
520
521
522
523
524
525
526
527
528
530
531
532
533
534
535
536
537
538
539
540
541
542
543
544
545
546
547
548
549
550
551
552
553
554
556
557
558
559
560
561
562
563
564
565
566
567
568
569
570
571
572
573
574
575
576
577
578
579
580
581
582
583
584
585
586
587
588
589
590
591
592
593
594
595
596
597
598
599
600
601
602
603
604
605
606
607
609
610
611
612
613
614
615
616
617
618
619
621
622
623
624
625
626
627
628
629
630
631
632
633
634
635
636
637
638
639
640
641
642
643
644
645
646
647
648
649
650
651
652
653
654
655
656
657
658
659
660
661
662
663
664
665
666
667
668
669
670
671
672
673
674
675
676
677
678
679
680
681
682
683
684
685
686
687
688
689
690
691
692
693
694
695
696
697
698
699
700
701
702
703
704
705
706
707
708
709
710
711
712
713
714
715
716
717
718
719
720
721
722
723
724
725
726
727
728
729
730
731
732
733
734
735
736
737
738
739
740
741
742
743
744
745
746
747
748
749
750
751
752
753
754
756
757
758
759
760
761
762
763
764
765
767
768
769
770
771
772
773
774
775
776
777
778
779
780
781
782
783
784
785
786
787
788
789
790
791
792
793
794
795
796
797
798
799
800
801
802
803
804
805
806
807
808
809
810
811
812
813
814
815
816
817
818
819
820
821
822
823
824
825
826
827
828
829
830
831
832
833
834
835
836
837
838
839
840
841
842
843
844
845
846
847
848
849
850
851
852
853
854
855
856
857
858
859
860
861
862
863
864
865
866
867
868
869
870
871
872
873
874
875
876
877
878
879
880
881
882
883
884
885
886
887
888
889
890
891
892
893
894
895
896
897
898
899
900
901
902
903
904
905
906
907
908
909
910
911
912
913
914
915
916
917
918
919
920
921
922
923
924
925
926
927
928
929
930
931
932
933
934
935
936
937
938
939
940
941
942
943
944
945
946
947
948
949
950
951
952
953
954
955
956
957
958
960
961
962
963
964
965
966
967
968
969
970
971
972
973
974
975
976
977
978
979
980
981
982
983
984
985
986
987
988
989
990
991
992
993
994
995
996
997
998
999
1000
1001
1002
1003
1004
0 6 1
0 519 1
0 409 1
0 538 1
0 929 1
0 178 5
0 693 1
0 314 1
0 710 1
0 333 3
0 78 1
0 976 1
0 470 1
0 599 1
0 605 2
0 862 1
0 991 1
0 99 1
0 228 1
0 502 1
0 249 1
0 767 1
2 833 2
2 75 2
2 812 3
2 782 3
2 334 5
2 790 4
2 119 1
2 700 3
2 126 1
4 304 3
4 456 1
4 135 5
5 553 1
5 107 5
5 980 1
5 175 4
5 491 1
6 249 2
6 178 3
6 605 1
6 333 1
13 738 3
13 850 1
13 837 1
13 951 6
14 185 1
14 850 1
14 924 2
14 738 1
14 702 1
15 680 3
15 584 1
15 731 2
15 284 1
17 857 4
17 915 3
17 428 2
17 316 3
19 333 1
24 280 5
24 530 7
24 891 4
24 915 2
24 629 3
28 987 8
29 107 2
29 899 1
29 491 1
30 912 1
30 765 4
31 165 10
31 428 4
31 142 1
31 915 1
31 316 5
31 990 5
32 197 4
32 433 1
32 214 1
32 791 1
32 280 1
32 921 1
32 891 4
32 669 3
35 280 2
35 552 1
35 978 2
35 469 1
35 207 1
38 832 5
38 487 1
40 290 1
40 196 2
40 454 1
40 198 1
40 712 1
40 962 3
40 687 2
40 272 2
40 424 1
40 450 4
40 568 1
40 187 3
40 572 1
41 73 2
41 723 2
41 565 1
41 503 1
42 534 1
46 88 1
46 310 1
46 622 1
46 399 1
48 458 2
48 499 2
48 558 1
48 214 2
48 723 2
50 454 1
53 290 2
53 200 1
53 718 1
53 692 5
53 120 1
53 633 1
55 404 1
56 587 1
56 432 1
56 482 1
56 987 8
58 909 2
60 568 1
61 517 1
61 135 2
61 522 1
61 782 2
61 334 4
61 718 7
61 854 2
61 919 2
61 692 2
61 926 2
61 991 2
62 163 1
62 646 11
62 214 1
62 535 2
62 120 1
62 250 2
62 542 2
65 75 1
65 534 5
67 963 9
67 165 7
67 391 1
67 846 4
67 207 2
67 344 2
68 987 8
70 752 1
70 120 1
70 90 1
70 388 1
70 534 1
71 595 1
73 723 1
73 565 3
73 926 3
74 416 2
74 912 1
74 674 1
74 166 7
74 294 3
74 392 4
74 112 3
74 984 1
74 383 2
75 772 4
75 993 2
75 812 1
75 334 3
75 948 2
75 151 2
75 377 2
75 220 1
75 607 2
77 912 2
77 168 1
78 178 4
78 605 1
78 130 1
82 870 1
82 135 5
83 771 2
90 609 1
90 260 3
90 742 1
90 422 2
90 487 2
90 671 1
90 718 1
90 509 1
90 334 1
90 377 1
90 997 1
90 765 1
90 613 2
91 334 1
91 774 1
91 150 1
92 280 2
92 316 4
92 915 2
92 428 1
92 990 1
95 987 8
98 454 4
98 713 10
98 107 1
98 268 1
98 429 4
98 401 4
99 178 4
99 502 1
101 246 5
101 718 3
101 423 2
103 510 1
103 206 2
104 425 1
105 418 4
106 906 5
106 402 1
107 192 2
107 898 2
107 899 2
107 1004 3
107 652 1
107 643 1
107 532 1
107 664 3
107 537 4
107 670 2
107 289 2
107 808 1
107 553 2
107 810 2
107 175 2
107 688 2
107 393 3
107 320 3
107 327 1
107 201 2
107 334 1
107 335 4
107 208 2
107 468 7
107 985 2
107 737 2
107 236 3
107 464 3
107 118 3
107 980 2
107 381 3
109 730 1
112 674 3
112 517 11
112 166 4
112 392 2
112 948 3
112 730 1
113 535 1
114 718 1
117 268 1
118 365 1
118 502 3
119 465 1
119 700 1
120 609 1
120 290 1
120 772 5
120 198 1
120 454 8
120 775 1
120 334 1
120 752 2
120 660 4
120 948 4
120 534 2
120 196 1
120 923 6
120 865 2
122 693 1
125 622 3
126 256 1
126 133 1
126 232 1
126 586 3
126 812 1
126 790 4
126 602 1
126 700 1
127 150 1
129 926 3
130 599 1
133 602 2
134 168 3
134 738 1
134 454 2
135 549 2
135 581 7
135 870 7
135 405 5
135 170 7
135 530 1
135 942 10
135 371 13
135 628 11
135 629 1
135 662 1
135 692 2
135 334 1
135 746 2
135 703 1
136 200 2
136 428 1
136 915 1
136 316 5
141 552 1
141 978 3
141 750 1
142 712 2
142 428 1
142 915 7
142 280 2
142 953 1
142 316 5
147 577 3
147 355 4
147 196 1
147 933 3
147 715 2
147 748 3
147 171 7
147 972 3
147 590 4
147 157 1
147 336 1
147 931 2
147 277 5
147 214 1
147 890 1
147 347 3
147 720 1
147 285 3
147 926 8
147 686 3
149 404 1
149 362 1
149 716 1
149 372 3
149 293 1
150 772 1
150 191 2
150 752 2
150 415 1
150 471 2
150 316 1
151 280 3
151 253 1
153 418 1
153 996 1
153 432 2
153 977 1
153 532 1
153 761 1
157 926 1
160 280 4
160 530 3
160 629 5
164 322 1
164 420 1
164 649 1
164 879 1
164 740 1
164 223 2
165 428 1
165 207 4
165 401 11
165 915 1
165 857 1
165 344 8
165 953 1
165 316 10
166 416 3
166 674 4
166 743 1
166 392 4
166 573 2
166 759 2
166 762 1
166 586 4
167 547 2
167 552 1
167 817 2
167 978 2
167 851 2
167 469 1
167 280 2
168 416 3
168 260 7
168 232 4
168 912 31
168 984 2
168 949 3
168 472 17
168 868 1
169 969 1
169 595 1
169 372 2
169 281 1
169 314 1
169 189 1
171 347 1
171 933 1
171 590 1
171 926 1
173 738 1
173 506 2
173 428 1
173 850 1
173 582 1
175 327 1
175 423 1
175 335 2
175 849 2
175 275 3
178 470 3
178 409 3
178 538 4
178 929 3
178 862 6
178 295 3
178 693 3
178 569 3
178 314 3
178 193 1
178 710 3
178 333 6
178 976 3
178 339 3
178 214 2
178 599 6
178 605 13
178 990 2
178 991 3
178 482 4
178 228 3
178 231 1
178 243 2
178 502 10
178 249 3
178 767 3
180 897 1
181 724 2
181 190 1
184 393 1
184 843 1
184 767 1
184 407 1
184 607 1
185 657 1
185 854 1
185 334 1
187 568 2
188 229 1
188 552 1
188 301 1
188 978 3
188 851 1
188 469 1
188 280 1
189 280 2
189 724 2
189 502 3
189 977 2
190 920 1
190 267 4
190 629 1
191 334 1
192 381 2
193 416 2
193 546 1
193 454 2
193 714 2
193 633 3
193 443 1
196 429 1
196 401 1
196 850 1
197 850 2
199 644 1
199 850 1
199 996 1
199 738 1
199 654 1
200 971 5
200 915 2
200 952 5
200 316 6
205 692 2
206 509 2
206 622 2
207 424 3
207 558 1
207 428 1
207 302 1
207 552 1
207 978 1
207 373 2
207 954 2
207 795 2
207 988 1
207 990 3
207 469 2
214 776 1
214 912 1
214 662 1
214 920 1
214 923 2
214 290 2
214 809 1
214 940 4
214 558 1
214 499 1
214 692 1
214 951 1
214 316 5
214 586 1
214 802 1
214 334 1
214 595 1
214 718 1
214 854 3
214 472 1
214 915 3
214 742 3
214 787 1
214 500 1
214 763 1
214 765 1
220 383 3
223 638 1
223 343 1
224 976 1
224 915 1
224 316 3
224 349 1
225 407 1
225 951 2
228 314 1
228 605 2
228 693 1
229 987 3
229 421 1
229 374 1
231 738 3
231 874 3
231 338 1
231 789 3
231 987 9
232 294 3
232 425 4
232 782 5
232 912 1
232 472 2
232 946 1
232 984 4
232 575 1
233 692 1
235 454 1
236 537 1
241 469 1
243 718 5
245 329 1
245 874 3
245 987 8
245 764 1
246 377 1
246 724 1
246 423 7
248 696 8
249 929 1
249 491 1
249 693 1
249 409 3
249 605 1
250 886 1
250 895 1
250 854 1
250 415 1
251 849 3
251 482 6
251 987 13
251 789 1
253 290 1
256 416 1
256 721 1
257 334 1
260 912 11
266 912 2
267 984 3
267 586 4
267 948 3
267 674 1
268 291 1
268 454 1
268 713 1
268 633 1
269 432 1
270 850 1
270 923 1
270 738 1
272 450 1
272 595 1
275 849 2
277 746 1
277 926 1
277 590 1
278 776 1
278 454 1
278 423 2
280 647 2
280 656 2
280 658 2
280 915 6
280 408 2
280 281 2
280 547 3
280 293 1
280 424 3
280 817 2
280 954 2
280 712 2
280 846 1
280 526 4
280 990 2
280 739 2
280 316 1
280 530 8
280 920 4
280 851 7
280 629 8
280 469 2
281 491 1
281 905 1
284 731 2
284 951 4
285 926 1
285 590 1
288 750 2
288 484 4
288 773 3
288 391 8
288 846 9
288 629 5
290 566 3
290 454 1
293 547 2
293 585 1
293 568 2
293 724 1
293 697 4
294 416 1
294 586 4
294 782 1
294 817 4
297 454 1
299 712 1
299 424 1
299 346 1
301 552 1
301 656 3
301 978 2
301 469 1
301 988 1
302 316 3
302 915 1
302 428 1
304 936 2
304 441 2
306 771 3
306 585 2
306 400 3
306 523 1
306 659 1
310 415 1
310 534 1
310 343 3
311 987 8
314 929 3
314 710 2
314 333 1
314 976 1
314 693 1
316 647 4
316 392 2
316 915 19
316 543 3
316 923 3
316 415 1
316 428 7
316 948 2
316 952 4
316 953 6
316 971 4
316 344 3
316 857 10
316 349 3
316 990 4
316 888 3
317 771 2
318 956 1
318 684 1
318 934 1
318 566 1
320 1004 1
321 499 2
321 684 1
322 388 1
323 622 1
327 738 1
327 850 1
327 381 1
327 414 2
329 865 1
329 540 1
329 789 1
332 435 2
332 500 9
332 854 1
333 693 1
333 502 2
333 569 1
333 605 1
334 833 3
334 811 1
334 772 5
334 550 2
334 746 1
334 591 1
334 980 1
334 915 1
334 415 1
335 537 1
336 577 1
336 590 1
338 987 8
338 773 1
338 789 1
343 388 1
343 943 3
343 853 6
343 534 3
343 663 9
344 915 1
344 373 2
346 832 1
346 388 1
346 376 1
346 634 1
346 638 1
347 355 1
347 933 2
347 748 2
347 590 1
347 926 3
349 915 2
349 428 1
349 976 5
353 920 1
353 391 5
355 926 1
355 590 1
356 718 1
356 912 3
356 721 1
356 946 1
356 948 2
356 730 1
356 765 2
360 530 3
360 629 3
361 987 8
362 586 1
362 528 1
362 372 1
362 568 1
362 383 7
364 764 1
365 732 2
367 923 1
369 913 1
369 646 6
369 535 4
371 870 2
372 934 1
372 716 1
372 595 1
372 404 2
373 391 6
374 400 3
377 457 2
377 530 1
379 568 2
381 657 1
381 532 2
382 837 1
383 528 1
383 909 2
383 589 1
383 720 4
383 586 2
387 851 1
388 534 3
390 771 15
391 484 4
391 891 1
391 445 1
392 674 2
392 948 3
393 843 3
397 671 2
397 975 2
399 950 1
400 771 1
401 454 6
401 429 10
401 415 4
402 649 1
407 843 1
407 779 2
407 907 1
407 754 1
407 883 2
409 605 1
410 696 1
410 716 1
414 746 1
414 891 5
414 607 2
415 546 2
415 707 1
415 429 4
416 743 2
416 425 1
416 586 2
416 912 8
416 721 3
416 946 1
416 648 3
416 948 4
416 885 2
416 500 1
416 765 6
416 949 2
418 977 2
418 996 13
421 552 1
421 424 1
421 978 1
421 469 1
421 795 1
422 680 1
422 731 9
423 866 1
423 849 2
423 977 9
424 450 1
424 547 1
424 552 1
424 712 1
424 978 1
424 469 1
424 795 1
424 990 2
425 912 3
425 946 6
425 472 2
428 915 8
428 750 1
428 630 2
428 953 1
428 696 1
428 857 4
429 454 8
432 480 1
432 641 1
432 482 1
432 433 1
432 809 1
432 849 1
432 531 1
432 987 12
433 987 8
435 500 3
437 738 1
439 912 2
440 737 2
443 662 3
443 742 3
444 535 1
450 712 1
450 595 1
450 662 1
454 772 7
454 916 1
454 681 1
454 559 1
454 706 1
454 713 2
454 609 2
454 1003 1
454 499 1
458 577 2
465 962 1
469 547 1
469 614 1
469 817 1
469 552 1
469 978 2
469 954 1
469 795 1
469 957 1
470 605 1
471 711 1
472 912 5
472 946 3
472 949 1
480 987 9
482 987 8
482 990 1
484 630 1
485 542 2
485 854 1
485 646 4
490 586 1
491 905 1
493 530 1
493 629 3
499 684 5
499 844 3
499 558 2
500 586 4
500 782 3
500 814 3
502 854 2
502 605 1
502 976 1
502 599 2
502 542 3
503 1000 1
503 723 1
503 812 1
506 738 1
506 644 1
506 1004 2
506 657 1
506 850 1
512 552 1
512 978 1
513 646 6
514 977 1
516 850 3
516 738 1
516 837 1
517 935 1
517 746 2
517 782 2
517 948 4
517 854 1
526 530 3
526 629 4
527 720 1
527 710 13
528 585 1
528 531 1
530 630 2
530 920 2
530 685 4
530 658 2
530 915 4
530 629 7
530 662 2
530 851 5
530 891 8
531 987 10
532 738 1
532 761 1
534 546 3
534 822 2
534 649 1
534 951 1
534 591 3
534 638 2
535 542 1
538 605 2
538 862 1
540 962 2
540 840 1
540 874 3
540 994 10
540 624 2
540 692 5
540 855 2
540 987 15
540 863 3
541 850 6
541 738 2
542 674 3
542 646 1
542 765 1
543 915 1
546 962 1
546 550 1
546 873 3
546 595 2
546 617 1
546 671 1
547 552 1
547 712 1
547 656 1
547 978 1
547 851 1
549 866 3
550 746 1
551 799 1
551 646 4
551 895 5
552 614 1
552 817 1
552 978 1
552 851 1
552 951 1
552 954 1
552 795 1
552 988 1
552 957 1
556 912 1
558 704 1
559 622 1
561 629 5
565 684 1
565 956 2
565 926 2
566 713 1
568 947 1
569 605 1
573 617 1
575 912 1
575 966 1
576 850 1
576 738 1
577 715 1
577 590 2
577 926 4
581 855 2
581 628 1
581 742 1
582 987 8
582 764 1
584 951 1
584 731 1
586 974 1
586 912 1
586 915 6
586 782 3
586 885 1
586 984 8
587 720 1
590 933 1
590 720 1
590 926 2
591 718 1
591 746 1
595 934 5
595 718 5
599 710 3
599 872 2
599 693 1
599 605 1
602 721 3
605 710 1
605 685 2
605 976 1
605 789 14
605 767 1
605 862 1
605 693 3
607 696 4
609 707 1
609 772 6
609 854 1
609 633 1
614 978 2
617 923 2
622 676 3
624 819 1
628 870 3
629 750 3
629 658 3
629 978 2
629 685 3
629 846 3
629 630 4
629 631 3
629 891 9
633 772 3
633 789 1
641 987 8
643 685 2
644 738 1
644 1001 1
644 783 1
644 850 1
644 924 10
646 854 3
647 915 1
648 765 1
649 832 1
650 738 2
650 682 1
650 850 1
650 686 1
654 738 5
654 837 1
654 682 1
654 783 1
654 850 1
654 991 4
657 738 1
657 850 1
657 921 4
662 731 1
662 900 2
662 851 1
662 920 1
662 915 2
663 950 1
668 720 3
668 746 5
668 935 3
672 844 1
674 948 3
674 765 1
680 707 2
680 731 2
682 738 2
682 850 4
682 783 1
684 704 1
684 844 4
685 1001 1
686 926 1
687 746 1
687 812 1
692 746 3
697 873 1
697 925 2
697 855 4
698 987 8
698 789 1
699 912 2
700 812 1
702 850 1
702 738 1
703 784 1
703 771 5
706 951 2
710 929 1
715 926 1
718 866 1
718 754 1
718 772 1
718 915 1
719 738 3
719 850 1
719 837 1
720 935 1
720 746 7
720 813 1
720 951 1
721 765 9
723 758 1
724 951 1
730 912 4
730 868 1
730 854 1
731 739 3
735 962 2
737 849 1
738 783 4
738 921 3
738 923 3
738 924 1
738 945 1
738 828 2
738 837 5
738 850 3
738 979 1
738 996 2
738 745 3
738 881 1
738 1001 1
738 761 2
745 850 1
745 828 1
745 837 1
746 900 3
746 935 10
746 813 8
748 933 3
748 926 2
750 851 2
751 948 3
751 854 1
752 865 1
758 956 1
758 918 1
761 977 1
762 984 1
764 874 3
764 987 8
765 912 9
765 868 3
771 901 1
771 855 3
771 863 1
772 951 2
772 890 1
772 923 2
774 947 23
780 977 2
782 912 1
782 790 1
782 984 3
782 890 1
783 837 2
783 881 1
789 987 8
790 868 1
790 812 1
790 912 5
795 978 1
796 987 5
799 895 1
803 948 4
804 850 4
809 987 8
810 881 1
813 935 1
817 978 1
817 851 2
828 850 1
832 976 1
837 850 2
838 857 6
840 874 3
840 987 8
843 883 1
843 907 1
849 987 8
850 921 1
850 924 1
850 945 1
850 979 1
850 996 1
850 1001 2
850 881 4
851 920 3
851 978 4
851 915 5
854 948 1
855 955 1
857 915 1
858 991 4
865 923 2
866 951 3
868 912 1
872 987 8
873 874 3
873 987 8
874 925 1
883 951 2
885 912 1
888 990 1
895 913 4
910 923 1
912 984 2
912 949 5
915 952 1
915 953 2
915 971 1
915 990 1
915 920 4
923 951 2
925 987 8
926 931 1
926 933 1
926 972 1
950 977 4
954 978 2
955 987 8
957 978 1
977 1004 5
978 988 1
987 994 9
