0
1
2
3
4
5
6
7
8
9
10
11
12
13
14
15
16
17
18
19
20
21
22
23
24
25
26
27
28
29
30
31
32
33
34
35
36
37
38
39
40
41
42
43
44
45
46
47
48
49
50
51
52
53
54
55
56
57
58
59
60
61
62
63
64
65
66
67
68
69
70
71
72
73
74
75
76
77
78
79
80
81
82
83
84
85
86
87
88
89
90
91
92
93
94
95
96
97
98
99
100
101
102
103
104
105
106
107
108
109
110
111
112
113
114
115
116
117
118
119
120
121
122
123
124
125
126
127
128
129
130
131
132
133
134
135
136
137
138
139
141
142
143
144
145
146
147
148
149
150
151
152
153
154
155
157
158
159
160
161
162
163
164
165
166
167
168
169
170
171
172
173
174
175
176
177
178
179
180
181
182
183
184
185
186
187
188
189
190
191
192
193
194
195
196
197
198
199
200
201
202
203
204
205
206
207
208
209
210
211
212
213
214
215
216
217
218
219
220
221
222
223
224
225
226
227
228
229
230
231
232
233
235
236
237
238
239
240
241
242
243
244
245
246
247
248
249
250
251
252
253
254
255
256
257
259
260
262
263
264
265
266
267
268
269
270
271
272
273
274
275
276
277
278
279
280
281
282
283
284
285
286
287
288
289
290
291
292
293
294
295
296
297
299
300
301
302
303
304
305
306
307
308
309
310
311
312
313
314
315
316
317
318
319
320
321
322
323
324
325
326
327
328
329
330
331
332
333
334
335
336
337
338
339
340
341
343
344
345
346
347
348
349
350
351
352
353
355
356
357
358
359
360
361
362
364
365
366
367
368
369
370
371
372
373
374
375
376
377
378
379
380
381
382
383
384
385
386
387
388
389
390
391
392
393
394
395
396
397
398
399
400
401
402
403
404
405
406
407
408
409
410
411
412
413
414
415
416
418
419
420
421
422
423
424
425
426
427
428
429
430
431
432
433
434
435
436
437
438
439
440
441
442
443
444
445
446
447
448
449
450
451
452
453
454
455
456
457
458
459
460
461
462
464
465
466
467
468
469
470
471
472
473
474
475
476
477
478
479
480
481
482
483
484
485
486
487
488
489
490
491
492
493
495
496
497
498
499
500
501
502
503
504
505
506
507
508
509
510
511
512
513
514
515
516
517
518
519
520
521
522
523
524
525
526
527
528
530
531
532
533
534
535
536
537
538
539
540
541
542
543
544
545
546
547
548
549
550
551
552
553
554
556
557
558
559
560
561
562
563
564
565
566
567
568
569
570
571
572
573
574
575
576
577
578
579
580
581
582
583
584
585
586
587
588
589
590
591
592
593
594
595
596
597
598
599
600
601
602
603
604
605
606
607
609
610
611
612
613
614
615
616
617
618
619
621
622
623
624
625
626
627
628
629
630
631
632
633
634
635
636
637
638
639
640
641
642
643
644
645
646
647
648
649
650
651
652
653
654
655
656
657
658
659
660
661
662
663
664
665
666
667
668
669
670
671
672
673
674
675
676
677
678
679
680
681
682
683
684
685
686
687
688
689
690
691
692
693
694
695
696
697
698
699
700
701
702
703
704
705
706
707
708
709
710
711
712
713
714
715
716
717
718
719
720
721
722
723
724
725
726
727
728
729
730
731
732
733
734
735
736
737
738
739
740
741
742
743
744
745
746
747
748
749
750
751
752
753
754
756
757
758
759
760
761
762
763
764
765
767
768
769
770
771
772
773
774
775
776
777
778
779
780
781
782
783
784
785
786
787
788
789
790
791
792
793
794
795
796
797
798
799
800
801
802
803
804
805
806
807
808
809
810
811
812
813
814
815
816
817
818
819
820
821
822
823
824
825
826
827
828
829
830
831
832
833
834
835
836
837
838
839
840
841
842
843
844
845
846
847
848
849
850
851
852
853
854
855
856
857
858
859
860
861
862
863
864
865
866
867
868
869
870
871
872
873
874
875
876
877
878
879
880
881
882
883
884
885
886
887
888
889
890
891
892
893
894
895
896
897
898
899
900
901
902
903
904
905
906
907
908
909
910
911
912
913
914
915
916
917
918
919
920
921
922
923
924
925
926
927
928
929
930
931
932
933
934
935
936
937
938
939
940
941
942
943
944
945
946
947
948
949
950
951
952
953
954
955
956
957
958
960
961
962
963
964
965
966
967
968
969
970
971
972
973
974
975
976
977
978
979
980
981
982
983
984
985
986
987
988
989
990
991
992
993
994
995
996
997
998
999
1000
1001
1002
1003
1004
0 178 3
1 310 2
2 416 3
2 812 1
2 178 1
2 77 2
2 530 4
2 499 1
2 790 2
2 569 1
2 991 1
4 441 1
4 371 1
4 159 1
5 553 1
5 107 1
5 335 1
6 178 3
7 810 1
13 738 1
13 783 1
13 516 1
13 14 3
13 719 1
14 576 1
14 738 1
14 131 1
14 516 1
14 837 1
14 199 1
14 650 1
14 173 1
14 270 1
14 381 1
14 881 2
14 996 1
14 921 1
14 761 1
14 506 1
14 719 3
14 924 2
14 541 1
14 702 2
15 680 3
15 731 4
15 422 1
16 754 2
16 506 1
17 915 2
17 316 2
24 280 1
24 530 3
24 838 1
24 629 7
24 990 1
25 319 1
28 987 3
29 236 1
29 333 3
29 335 1
30 313 1
30 868 1
30 61 1
31 915 1
31 316 3
31 990 1
32 280 1
32 337 2
32 572 2
32 197 1
32 61 1
35 280 1
35 469 1
38 832 4
38 591 1
38 343 1
40 802 1
40 379 1
40 662 1
40 712 2
40 60 1
40 272 3
40 488 1
40 947 1
40 596 1
40 214 2
40 695 2
40 568 1
40 187 1
40 572 1
40 254 1
41 704 1
41 723 2
41 565 1
42 323 2
45 66 2
45 227 2
48 704 1
48 458 1
48 558 2
48 565 1
48 956 1
48 319 1
50 559 1
52 168 3
52 356 2
53 416 2
53 866 1
53 614 1
53 233 1
53 471 2
53 159 1
56 280 2
56 587 1
56 987 3
58 577 1
58 338 1
61 388 1
61 517 1
61 135 2
61 398 1
61 272 1
61 915 1
61 662 1
61 280 1
61 160 2
61 802 1
61 428 1
61 542 1
61 607 3
61 450 1
61 711 1
61 716 1
61 718 2
61 591 1
61 851 1
61 980 1
61 854 1
61 472 1
61 991 9
61 356 1
61 112 1
61 754 1
61 502 1
61 377 1
62 485 2
62 646 3
65 607 1
66 227 4
67 963 23
67 165 11
67 846 9
67 207 9
67 561 7
67 344 9
68 987 3
72 90 1
72 581 2
72 135 11
73 723 1
74 256 1
74 294 1
74 166 6
74 586 3
74 782 1
74 500 1
74 762 1
74 573 1
74 126 1
75 772 1
75 334 1
77 266 13
77 369 21
77 439 3
77 699 2
77 575 4
78 178 3
82 184 1
83 771 1
84 97 1
86 443 1
90 416 1
90 997 1
90 199 1
90 178 3
90 663 1
90 281 2
90 602 1
90 220 1
90 701 2
90 927 2
92 280 1
92 915 1
92 316 2
95 987 3
96 638 1
98 707 6
98 454 12
98 134 5
98 713 5
98 107 10
98 268 6
98 429 4
98 592 8
98 401 9
98 291 3
98 117 5
98 278 1
101 377 1
103 514 3
103 950 2
104 313 1
104 908 1
104 765 5
106 788 1
107 898 2
107 236 5
107 810 1
107 1004 1
107 532 1
107 713 1
107 537 1
107 670 1
107 159 1
111 794 1
111 586 2
112 186 1
112 267 2
112 166 1
112 674 1
118 532 2
118 502 2
118 335 1
119 790 1
125 676 1
125 622 3
126 356 2
126 166 1
126 586 5
126 782 1
126 984 1
126 313 2
126 730 1
127 629 1
127 334 1
127 607 1
134 592 6
134 454 1
135 581 5
135 936 2
135 329 2
135 141 1
135 942 3
135 720 1
135 692 3
135 405 1
135 628 1
136 160 1
136 200 1
136 915 12
136 629 1
136 280 1
136 857 1
136 316 3
139 832 2
141 241 2
141 362 1
141 469 2
141 302 1
142 280 1
142 915 9
142 316 4
142 165 1
143 696 2
143 410 2
146 326 2
147 230 1
147 159 1
149 849 1
150 416 3
150 415 1
151 471 2
152 443 1
152 422 1
157 166 2
159 517 2
159 663 7
159 542 1
159 927 1
159 290 1
159 167 1
159 220 1
159 940 2
159 433 1
159 178 1
159 692 1
159 671 1
159 188 5
159 209 1
159 978 7
159 659 1
159 343 1
159 915 1
159 866 2
159 742 2
159 233 1
159 746 1
159 499 1
159 316 2
159 502 2
159 377 1
160 280 1
160 629 2
164 638 1
165 207 3
165 401 14
165 915 1
165 344 5
165 857 2
165 316 13
165 990 1
166 704 1
166 674 1
166 294 2
166 743 5
166 586 8
166 332 1
166 557 1
166 782 3
166 573 1
166 500 1
166 984 1
166 447 1
167 547 2
167 851 1
167 469 2
167 630 4
167 280 1
167 988 1
168 966 1
168 782 2
168 912 4
168 949 1
168 439 2
168 313 1
168 575 2
169 372 3
170 697 1
170 405 1
170 855 3
173 506 1
173 924 1
175 423 3
175 335 1
175 849 8
175 275 8
175 532 1
175 246 2
178 409 3
178 538 3
178 646 1
178 295 3
178 693 4
178 710 3
178 969 1
178 333 5
178 976 6
178 334 3
178 470 3
178 599 3
178 605 3
178 862 3
178 991 3
178 482 2
178 228 3
178 502 9
178 249 3
178 767 3
181 656 1
184 393 1
184 423 1
184 607 1
185 987 1
185 471 1
186 256 1
186 517 1
186 648 1
186 267 2
186 313 1
187 596 1
188 421 3
188 978 2
188 469 1
188 280 1
188 988 1
189 880 2
189 249 1
189 236 2
190 920 1
190 656 1
190 629 1
191 927 1
191 334 1
191 415 2
192 362 1
193 633 1
193 290 2
193 607 1
199 924 1
199 506 1
199 644 3
200 971 3
200 428 1
200 344 1
200 915 4
200 341 1
200 952 3
200 316 4
200 543 1
201 335 1
207 424 11
207 558 1
207 978 1
207 851 1
207 469 4
207 280 1
207 795 5
208 537 1
208 236 2
208 335 1
214 290 1
214 742 3
214 617 1
214 912 1
214 629 1
214 765 1
216 321 3
216 956 2
216 558 2
217 357 1
223 322 2
223 638 1
223 343 1
228 333 1
228 502 2
229 306 2
231 448 1
231 738 1
231 264 1
231 233 4
231 624 3
231 245 3
231 987 3
231 540 2
232 416 5
232 260 1
232 966 4
232 782 1
232 912 1
232 472 1
233 245 1
236 320 2
236 1004 3
236 980 1
236 537 3
236 335 1
239 324 1
239 629 1
239 951 1
241 280 1
241 851 1
241 469 1
243 729 2
245 987 3
245 540 3
246 377 1
248 506 1
250 700 1
250 332 6
250 886 4
251 987 3
253 290 1
256 267 2
256 356 1
264 338 1
267 517 2
267 614 1
267 647 2
267 648 1
267 586 2
267 662 1
267 280 2
268 592 1
269 925 1
270 783 1
272 568 2
272 450 3
274 656 1
274 280 1
274 920 1
275 849 7
275 327 1
278 290 1
280 647 1
280 656 1
280 408 1
280 547 1
280 421 1
280 424 1
280 561 1
280 301 1
280 817 1
280 658 1
280 953 1
280 526 1
280 846 2
280 338 1
280 469 1
280 954 1
280 990 1
280 293 1
280 360 1
280 493 1
280 629 3
280 631 1
281 905 1
281 497 1
284 731 1
290 566 2
290 589 1
291 401 6
291 429 1
291 454 9
292 769 1
293 724 6
293 711 2
294 416 1
294 586 2
294 868 1
299 388 2
301 469 1
302 316 3
302 915 1
302 428 1
304 441 4
305 416 1
305 743 1
306 771 1
306 742 4
306 362 1
306 659 1
306 660 1
306 374 1
308 418 1
310 617 1
311 987 5
311 955 3
313 356 1
313 885 1
316 647 3
316 915 11
316 428 4
316 415 1
316 952 3
316 953 1
316 543 3
316 971 3
316 344 2
316 857 4
316 349 1
316 990 3
316 607 1
316 629 7
316 890 2
317 374 3
318 844 1
319 618 1
319 956 2
319 558 3
321 618 1
321 684 1
321 558 1
322 879 5
324 534 1
324 415 1
326 587 1
327 849 3
327 381 4
327 897 1
329 910 1
332 416 1
332 586 1
332 435 4
332 500 1
332 700 1
332 575 2
333 506 1
334 772 2
334 776 1
334 617 1
334 528 1
334 607 15
335 643 1
335 532 2
335 664 2
335 537 1
335 670 1
335 808 1
335 553 1
335 810 2
335 688 1
335 700 1
335 464 1
335 980 1
335 985 1
335 737 1
335 1004 1
335 468 1
335 381 1
337 505 5
338 624 1
338 987 4
341 739 1
341 915 1
343 663 10
344 915 1
346 559 1
347 966 1
353 656 1
353 891 6
356 912 1
356 472 1
356 602 1
360 629 2
361 987 3
362 485 1
362 421 1
362 464 1
362 561 1
362 758 1
362 383 4
364 506 1
364 987 3
372 595 1
372 404 3
372 934 1
373 656 1
377 422 1
377 393 1
377 630 2
377 731 3
378 514 2
379 568 3
383 720 6
383 732 2
383 589 1
392 674 1
393 907 2
401 454 20
401 683 1
401 429 14
401 415 7
402 634 2
402 559 1
407 843 4
410 719 1
413 927 1
415 416 2
415 752 2
416 586 2
416 912 3
416 439 1
416 927 1
418 977 7
418 996 3
421 424 14
421 469 1
421 795 3
422 731 3
423 832 3
423 977 3
424 469 1
424 795 14
424 990 5
427 955 3
428 838 2
428 647 1
428 915 10
428 857 3
429 454 18
432 512 1
432 987 3
433 738 2
433 987 3
436 991 1
440 537 1
443 662 2
444 471 2
444 535 3
445 629 1
447 984 1
447 586 4
450 546 2
450 754 2
450 595 3
450 572 1
454 772 5
454 713 1
454 592 15
457 724 3
458 956 2
458 918 1
458 558 2
464 980 1
466 662 1
469 547 1
469 817 1
469 630 2
469 954 1
469 795 1
469 957 1
471 617 2
471 987 1
472 782 3
472 912 1
472 575 1
481 565 3
482 531 1
482 987 3
482 606 1
483 607 1
491 644 1
491 532 1
493 629 2
497 977 1
499 684 1
499 565 1
499 558 2
500 586 5
500 782 2
502 951 2
502 569 2
502 607 1
502 862 5
505 612 1
506 644 2
506 1001 1
506 1004 1
506 783 3
506 670 1
506 921 1
506 996 1
506 924 1
506 541 1
510 939 1
510 534 1
514 780 2
514 950 2
516 790 1
526 629 2
528 607 2
530 891 15
530 629 17
530 630 2
531 994 1
531 987 5
531 607 4
532 553 4
532 790 2
534 607 1
534 638 1
534 591 1
537 674 1
538 951 1
540 832 1
540 641 2
540 994 1
540 987 5
540 955 11
541 1001 2
541 644 1
541 702 2
542 646 2
543 952 2
543 915 1
546 900 2
546 550 1
546 743 1
549 866 1
550 731 1
550 900 1
552 951 1
557 927 1
558 956 4
559 622 1
561 629 2
561 631 1
565 704 2
566 772 1
568 947 1
569 607 3
569 629 1
569 599 1
572 951 3
572 731 1
572 862 1
573 586 8
573 772 1
573 782 1
575 966 1
581 855 1
582 987 3
584 731 1
586 772 1
586 617 3
586 782 4
586 687 4
586 854 2
586 984 2
586 762 2
587 720 11
591 739 1
591 794 2
591 607 5
592 713 2
592 927 7
595 609 1
599 767 1
599 605 1
599 693 1
602 908 1
602 743 2
607 612 1
607 742 1
607 969 1
607 687 2
607 692 1
607 718 1
609 720 2
609 772 1
609 791 3
612 633 1
614 858 2
614 988 2
617 687 3
617 720 1
622 676 3
626 873 1
628 720 1
628 638 5
629 658 3
629 685 2
629 846 2
629 978 1
629 865 1
629 630 3
629 631 2
629 891 17
630 978 5
641 987 3
644 924 2
647 915 7
648 765 2
649 663 1
650 682 2
650 738 4
650 654 2
650 783 3
654 738 4
654 991 6
656 838 2
656 920 1
659 742 2
660 794 2
663 794 2
672 844 2
678 696 2
680 720 3
682 738 1
687 772 1
687 742 1
692 736 1
692 910 1
692 703 2
695 700 1
700 812 1
700 790 3
702 924 1
702 783 1
704 743 3
709 851 1
709 980 1
711 843 2
716 980 1
718 724 2
719 738 1
720 833 1
720 855 2
723 758 2
731 870 1
738 837 1
738 745 1
738 783 2
738 828 1
740 788 1
742 769 1
742 784 1
742 915 2
745 828 1
746 935 3
758 844 3
758 956 2
761 866 1
762 794 1
762 765 1
764 987 3
765 908 3
773 955 3
774 947 53
783 1001 1
789 987 3
790 956 1
790 812 5
809 987 3
817 851 1
832 955 3
838 857 1
838 988 1
840 987 3
844 956 1
844 918 1
849 987 3
851 978 10
851 980 1
854 927 1
857 915 7
858 991 2
872 987 3
873 987 3
912 949 2
915 952 2
915 953 1
915 971 1
915 990 1
924 1001 1
925 955 3
933 966 1
935 966 1
939 951 1
952 971 1
955 987 6
969 977 2
977 1004 6
977 1001 4
987 994 3
