0
1
2
3
4
5
6
7
8
9
10
11
12
13
14
15
16
17
18
19
20
21
22
23
24
25
26
27
28
29
30
31
32
33
34
35
36
37
38
39
40
41
42
43
44
45
46
47
48
49
50
51
52
53
54
55
56
57
58
59
60
61
62
63
64
65
66
67
68
69
70
71
72
73
74
75
76
77
78
79
80
81
82
83
84
85
86
87
88
89
90
91
92
93
94
95
96
97
98
99
100
101
102
103
104
105
106
107
108
109
110
111
112
113
114
115
116
117
118
119
120
121
122
123
124
125
126
127
128
129
130
131
132
133
134
135
136
137
138
139
141
142
143
144
145
146
147
148
149
150
151
152
153
154
155
157
158
159
160
161
162
163
164
165
166
167
168
169
170
171
172
173
174
175
176
177
178
179
180
181
182
183
184
185
186
187
188
189
190
191
192
193
194
195
196
197
198
199
200
201
202
203
204
205
206
207
208
209
210
211
212
213
214
215
216
217
218
219
220
221
222
223
224
225
226
227
228
229
230
231
232
233
235
236
237
238
239
240
241
242
243
244
245
246
247
248
249
250
251
252
253
254
255
256
257
259
260
262
263
264
265
266
267
268
269
270
271
272
273
274
275
276
277
278
279
280
281
282
283
284
285
286
287
288
289
290
291
292
293
294
295
296
297
299
300
301
302
303
304
305
306
307
308
309
310
311
312
313
314
315
316
317
318
319
320
321
322
323
324
325
326
327
328
329
330
331
332
333
334
335
336
337
338
339
340
341
343
344
345
346
347
348
349
350
351
352
353
355
356
357
358
359
360
361
362
364
365
366
367
368
369
370
371
372
373
374
375
376
377
378
379
380
381
382
383
384
385
386
387
388
389
390
391
392
393
394
395
396
397
398
399
400
401
402
403
404
405
406
407
408
409
410
411
412
413
414
415
416
418
419
420
421
422
423
424
425
426
427
428
429
430
431
432
433
434
435
436
437
438
439
440
441
442
443
444
445
446
447
448
449
450
451
452
453
454
455
456
457
458
459
460
461
462
464
465
466
467
468
469
470
471
472
473
474
475
476
477
478
479
480
481
482
483
484
485
486
487
488
489
490
491
492
493
495
496
497
498
499
500
501
502
503
504
505
506
507
508
509
510
511
512
513
514
515
516
517
518
519
520
521
522
523
524
525
526
527
528
530
531
532
533
534
535
536
537
538
539
540
541
542
543
544
545
546
547
548
549
550
551
552
553
554
556
557
558
559
560
561
562
563
564
565
566
567
568
569
570
571
572
573
574
575
576
577
578
579
580
581
582
583
584
585
586
587
588
589
590
591
592
593
594
595
596
597
598
599
600
601
602
603
604
605
606
607
609
610
611
612
613
614
615
616
617
618
619
621
622
623
624
625
626
627
628
629
630
631
632
633
634
635
636
637
638
639
640
641
642
643
644
645
646
647
648
649
650
651
652
653
654
655
656
657
658
659
660
661
662
663
664
665
666
667
668
669
670
671
672
673
674
675
676
677
678
679
680
681
682
683
684
685
686
687
688
689
690
691
692
693
694
695
696
697
698
699
700
701
702
703
704
705
706
707
708
709
710
711
712
713
714
715
716
717
718
719
720
721
722
723
724
725
726
727
728
729
730
731
732
733
734
735
736
737
738
739
740
741
742
743
744
745
746
747
748
749
750
751
752
753
754
756
757
758
759
760
761
762
763
764
765
767
768
769
770
771
772
773
774
775
776
777
778
779
780
781
782
783
784
785
786
787
788
789
790
791
792
793
794
795
796
797
798
799
800
801
802
803
804
805
806
807
808
809
810
811
812
813
814
815
816
817
818
819
820
821
822
823
824
825
826
827
828
829
830
831
832
833
834
835
836
837
838
839
840
841
842
843
844
845
846
847
848
849
850
851
852
853
854
855
856
857
858
859
860
861
862
863
864
865
866
867
868
869
870
871
872
873
874
875
876
877
878
879
880
881
882
883
884
885
886
887
888
889
890
891
892
893
894
895
896
897
898
899
900
901
902
903
904
905
906
907
908
909
910
911
912
913
914
915
916
917
918
919
920
921
922
923
924
925
926
927
928
929
930
931
932
933
934
935
936
937
938
939
940
941
942
943
944
945
946
947
948
949
950
951
952
953
954
955
956
957
958
960
961
962
963
964
965
966
967
968
969
970
971
972
973
974
975
976
977
978
979
980
981
982
983
984
985
986
987
988
989
990
991
992
993
994
995
996
997
998
999
1000
1001
1002
1003
1004
0 178 4
2 866 1
2 997 1
2 231 2
2 521 1
2 749 1
2 790 1
2 638 1
4 371 3
4 628 1
4 951 6
5 107 2
5 491 1
6 178 3
6 236 1
8 544 1
13 850 2
13 532 1
14 1001 2
14 506 4
14 611 1
14 924 2
14 382 1
15 680 2
15 731 2
15 422 2
16 843 1
16 716 3
17 316 2
24 293 1
24 902 3
24 530 2
24 658 2
24 629 2
24 280 1
28 738 1
28 987 2
28 540 1
29 808 2
29 107 3
29 899 2
29 335 2
30 704 4
30 133 1
30 765 1
31 428 1
31 316 1
31 165 7
31 990 1
32 293 1
32 749 1
32 53 1
32 791 2
32 280 1
32 669 1
32 197 1
35 547 2
35 293 1
35 207 1
35 817 1
35 978 1
35 280 1
38 832 4
38 474 1
38 309 2
38 638 1
38 919 1
39 609 1
39 923 2
40 450 1
40 196 1
40 712 3
40 802 1
40 367 1
40 214 1
40 187 1
40 572 2
41 723 1
41 684 1
41 565 2
41 758 1
41 499 3
45 966 1
46 310 1
46 663 1
48 321 3
48 458 4
48 684 2
50 559 2
52 356 2
52 104 5
52 912 1
52 232 3
52 948 1
52 602 3
52 765 1
53 640 2
53 609 2
53 739 1
53 870 1
53 742 2
53 364 1
53 586 1
53 332 2
53 783 1
53 851 1
53 502 1
53 951 1
53 923 2
53 534 1
53 926 2
53 517 1
56 696 1
56 987 4
56 540 4
56 383 1
58 909 2
61 674 2
61 772 1
61 517 6
61 522 2
61 718 8
61 120 1
61 90 2
61 157 3
61 991 4
62 646 1
62 518 1
65 784 1
65 75 1
65 220 1
65 243 1
66 966 2
67 963 3
67 165 3
67 391 3
67 846 5
67 207 3
67 344 1
68 987 2
68 540 1
70 322 1
70 103 2
70 75 1
70 334 3
70 943 2
70 752 1
70 534 2
70 120 2
70 638 1
70 415 1
71 595 3
72 443 2
72 662 1
73 458 1
74 912 1
74 435 3
74 948 1
74 294 5
74 759 1
75 772 1
75 609 1
75 617 1
75 749 5
75 687 1
75 692 1
75 278 1
75 923 1
75 220 1
77 168 10
77 425 1
77 912 1
77 699 1
78 178 3
78 506 1
82 784 1
82 628 1
83 784 2
83 697 1
86 152 3
86 90 1
86 443 8
86 662 2
88 343 1
88 950 1
88 663 1
90 736 3
90 609 1
90 987 1
90 710 3
90 742 2
90 923 4
90 361 2
90 428 1
90 178 3
90 662 1
90 978 1
90 915 2
90 629 1
90 280 1
90 443 1
90 316 4
90 188 1
91 120 1
92 915 6
92 316 1
95 873 1
95 987 2
95 540 2
96 299 1
96 638 2
98 707 3
98 454 1
98 134 3
98 713 3
98 107 3
98 268 3
98 429 2
98 401 10
98 117 3
98 278 3
99 929 2
99 178 4
99 314 1
99 862 1
101 246 4
101 423 2
103 950 5
104 416 1
104 294 1
104 168 2
104 425 16
104 908 1
105 418 5
107 192 2
107 898 2
107 899 2
107 393 4
107 652 3
107 643 2
107 532 3
107 664 3
107 537 2
107 687 1
107 670 4
107 289 2
107 808 3
107 553 2
107 810 3
107 175 2
107 688 2
107 320 5
107 327 3
107 201 3
107 1004 3
107 335 2
107 464 2
107 980 3
107 985 2
107 591 1
107 208 2
107 236 2
107 118 3
107 468 2
107 381 2
109 356 2
111 435 2
111 166 1
111 294 1
111 935 1
112 674 2
112 803 1
112 356 1
112 517 1
112 646 1
112 392 4
112 267 4
112 313 2
112 316 1
114 977 1
118 732 2
118 365 1
118 502 2
119 700 1
120 609 1
120 923 2
120 772 1
120 909 2
120 948 2
120 196 1
122 857 1
122 980 1
122 837 1
124 518 1
125 676 1
125 534 1
126 984 3
126 521 5
126 586 3
126 759 1
127 866 1
129 926 2
130 538 1
130 502 1
132 369 1
133 602 1
135 337 1
135 628 1
135 581 1
135 742 1
136 200 1
136 428 3
136 316 4
136 302 1
141 280 1
141 978 1
141 469 1
141 293 1
142 280 1
142 316 1
142 293 1
143 544 4
143 193 2
143 178 1
147 416 3
147 577 9
147 171 4
147 196 1
147 933 2
147 972 2
147 715 3
147 748 2
147 590 2
147 355 2
147 277 3
147 347 4
147 285 2
147 926 17
147 686 2
149 643 1
149 372 2
151 923 2
151 253 1
152 443 3
153 977 13
153 418 3
153 996 1
157 450 1
157 517 3
157 742 1
157 935 1
157 718 3
157 591 1
157 851 1
157 670 1
157 248 1
157 542 1
157 223 1
159 923 2
160 629 2
161 784 3
163 518 4
163 799 1
164 322 1
164 343 1
164 879 1
165 344 1
165 401 10
165 316 7
166 225 1
166 866 1
166 843 1
166 294 2
166 779 1
166 586 3
166 907 1
166 716 1
166 435 4
166 240 1
166 883 2
166 500 1
166 407 1
166 184 1
166 724 1
167 547 2
167 207 2
167 978 1
167 851 2
167 469 1
167 630 3
168 416 3
168 356 4
168 966 2
168 744 2
168 425 1
168 439 2
168 239 1
168 912 27
168 232 1
168 946 3
168 984 2
168 949 2
168 790 7
168 521 4
168 472 14
168 575 8
169 595 2
169 239 1
169 372 2
169 951 1
170 703 1
170 231 2
170 581 2
170 742 3
170 855 2
171 577 1
171 926 1
171 590 1
175 849 1
175 423 1
178 409 3
178 538 5
178 929 5
178 862 10
178 295 3
178 693 5
178 569 3
178 314 3
178 710 4
178 333 3
178 976 3
178 339 3
178 470 9
178 599 3
178 605 15
178 990 4
178 991 4
178 228 5
178 359 1
178 502 8
178 249 3
178 767 3
181 189 1
181 190 2
184 883 1
184 977 1
184 843 2
184 1004 2
185 915 1
185 686 1
188 547 2
188 293 1
188 614 3
188 301 2
188 207 1
188 920 1
188 978 1
188 851 1
188 469 2
188 951 1
188 280 1
189 377 1
189 410 1
189 915 2
189 749 1
190 353 2
190 486 1
190 656 3
190 274 4
190 373 2
192 506 3
193 609 1
193 332 1
193 851 1
193 214 1
193 633 1
193 954 1
193 923 2
196 454 1
196 873 1
196 429 1
196 401 1
196 731 1
199 921 1
199 506 4
199 644 2
200 428 1
200 915 2
200 952 1
200 857 1
200 316 3
200 351 1
205 997 1
207 547 3
207 421 1
207 424 1
207 387 1
207 301 1
207 241 1
207 978 1
207 851 1
207 469 4
207 954 2
207 795 2
207 990 1
214 609 2
214 450 1
214 614 2
214 586 3
214 290 2
214 813 5
214 367 2
214 912 1
214 712 3
214 662 2
214 923 4
216 321 1
216 558 1
220 587 3
220 334 1
224 316 1
225 883 1
228 314 1
228 502 5
228 605 1
229 421 3
229 343 1
231 873 3
231 338 1
231 245 2
231 987 2
231 540 4
231 863 1
232 545 1
232 744 2
232 425 8
232 912 4
232 946 4
232 790 7
232 472 5
232 575 1
233 746 6
233 835 1
233 692 11
233 749 1
233 935 3
235 609 1
235 923 3
236 537 4
239 609 1
239 923 3
240 435 1
241 280 1
241 293 1
245 764 1
245 987 2
245 540 2
246 724 1
246 423 6
248 450 1
248 530 4
248 586 3
248 915 3
250 356 1
250 948 3
250 854 1
250 782 1
251 987 4
251 540 1
264 329 1
266 912 1
266 425 2
267 517 6
267 648 5
267 586 3
267 751 3
267 948 2
267 891 5
267 316 2
267 478 3
272 595 1
272 900 1
273 951 4
274 920 3
274 978 1
275 849 1
278 454 1
278 290 1
278 566 1
278 923 1
280 647 1
280 656 2
280 920 1
280 530 3
280 915 2
280 281 2
280 547 2
280 421 1
280 422 1
280 301 1
280 561 1
280 953 7
280 846 2
280 526 2
280 990 1
280 293 2
280 360 1
280 851 1
280 629 5
280 631 1
280 891 1
280 469 1
281 491 2
284 680 2
284 731 2
285 577 1
288 610 6
288 484 7
288 773 6
288 391 6
288 846 10
288 629 8
288 630 1
289 506 3
290 923 1
293 647 1
293 526 1
293 656 1
293 530 1
293 915 1
293 421 1
293 422 1
293 301 1
293 561 1
293 697 5
293 547 2
293 953 1
293 990 1
293 360 1
293 920 1
293 851 1
293 631 1
293 469 1
294 435 3
294 885 1
294 762 1
294 586 1
299 624 1
301 547 1
301 614 2
301 552 1
301 978 3
301 851 2
301 957 1
302 428 1
302 316 1
306 784 2
306 742 1
306 703 1
310 343 2
311 987 2
311 540 5
311 955 1
312 752 1
313 356 12
313 912 6
313 946 6
313 948 3
313 730 9
314 929 1
314 710 2
314 599 1
314 767 1
316 647 1
316 392 2
316 915 10
316 806 1
316 428 13
316 952 1
316 953 1
316 543 1
316 971 1
316 344 1
316 857 1
316 349 1
316 990 1
316 351 1
316 888 1
318 400 2
318 704 1
318 684 1
318 934 1
319 844 1
319 684 1
321 383 1
322 740 2
322 943 2
322 534 2
322 343 2
322 420 1
322 879 4
322 638 1
327 414 1
329 624 2
329 789 2
329 910 1
329 343 1
332 517 1
332 425 1
332 586 6
332 558 1
332 435 3
332 500 3
332 472 1
332 573 1
333 767 1
334 749 1
334 534 1
334 607 1
335 643 1
337 528 3
337 879 1
337 919 3
338 720 1
338 849 4
338 987 2
338 540 1
343 534 3
343 749 3
343 399 3
343 624 1
343 853 2
343 950 2
343 663 4
344 373 1
349 953 3
349 428 1
351 428 2
353 391 4
355 577 1
356 517 1
356 912 15
356 744 3
356 472 7
356 730 17
356 765 3
360 629 2
361 987 2
361 540 1
367 712 1
367 609 1
367 923 3
369 913 4
369 513 1
369 535 1
371 628 1
371 581 2
372 716 2
372 404 2
372 934 3
374 400 1
374 742 2
376 832 3
377 866 3
377 422 2
377 423 4
377 687 1
377 724 2
379 900 1
380 440 1
381 532 3
383 736 2
383 900 1
383 769 1
383 586 2
383 844 1
387 978 1
388 832 2
388 634 1
388 843 1
388 534 3
388 638 3
390 784 7
391 750 1
392 674 2
393 754 1
399 663 1
401 454 9
401 429 13
401 415 9
404 506 1
407 883 1
407 977 1
407 843 3
409 790 1
410 837 1
414 891 1
415 946 1
415 987 1
415 429 1
416 425 5
416 586 2
416 435 1
416 948 6
416 790 5
418 996 9
418 977 10
421 978 1
421 795 2
422 680 2
422 731 2
423 977 2
423 849 1
424 547 1
424 978 3
424 795 2
424 990 2
425 517 1
425 521 2
425 912 2
425 946 2
425 435 1
425 948 6
425 949 1
425 439 2
425 472 1
427 955 1
428 978 1
428 915 18
428 953 1
428 888 2
428 857 9
429 454 2
433 987 5
433 540 1
435 515 1
435 762 1
435 586 5
435 974 2
435 573 2
435 500 2
435 782 5
435 759 1
435 984 1
435 825 1
435 869 1
435 885 1
439 912 1
440 737 1
443 962 1
443 742 1
443 662 5
444 535 2
445 891 1
450 900 2
450 965 1
450 586 2
450 712 3
450 530 1
450 595 1
450 695 1
454 772 1
454 1003 1
465 812 1
468 643 1
469 547 2
469 978 2
470 538 1
470 789 3
470 862 2
471 752 1
472 517 1
472 744 3
472 912 2
472 946 6
472 949 2
472 575 2
476 609 1
476 923 2
478 517 1
480 506 3
480 987 2
480 540 2
482 987 2
482 540 2
484 629 1
484 630 1
486 656 1
486 700 1
493 629 1
499 684 1
499 565 1
500 586 1
500 814 1
502 749 3
502 538 1
503 704 1
506 929 1
506 899 1
506 644 5
506 1001 5
506 688 1
506 850 1
506 745 3
506 921 1
506 828 4
506 767 1
507 782 3
509 634 2
512 978 1
513 799 1
514 977 4
516 828 1
516 850 4
516 532 1
517 648 1
517 586 1
517 718 1
517 948 1
517 814 1
517 751 1
518 646 2
518 551 1
518 913 2
518 854 5
518 535 1
518 799 6
518 895 4
521 912 6
521 946 1
522 546 1
522 746 1
522 891 1
523 863 2
526 550 1
526 629 3
526 902 4
527 731 2
527 870 2
527 710 1
528 922 1
528 742 1
528 687 1
530 586 3
530 658 1
530 915 1
530 629 18
530 891 7
531 987 7
531 540 1
533 784 1
534 843 1
534 622 1
540 641 2
540 789 1
540 925 3
540 809 1
540 698 1
540 955 8
540 582 1
540 840 1
540 720 1
540 849 2
540 987 2
540 736 2
540 994 2
540 796 1
540 872 1
540 873 7
540 624 6
540 764 1
541 738 7
541 850 1
542 823 1
544 669 3
547 978 1
547 851 1
547 957 1
550 640 1
550 746 1
551 895 1
551 799 1
552 978 1
553 670 2
558 844 1
561 629 1
565 723 1
573 948 1
575 966 1
577 715 1
577 926 2
581 870 1
581 742 3
581 628 1
581 703 1
582 987 2
582 764 1
582 790 2
586 648 4
586 782 7
586 912 1
586 915 2
586 948 1
586 696 2
586 984 2
586 885 7
587 784 1
587 789 1
591 609 2
591 843 1
591 910 1
591 692 2
591 980 1
591 607 1
595 790 5
602 648 1
602 765 1
605 1001 5
605 700 1
605 685 10
607 995 1
607 749 2
607 782 3
607 696 2
607 687 1
609 707 1
609 772 1
609 880 1
609 951 1
609 633 1
609 890 1
609 923 4
611 921 2
614 978 1
617 811 1
617 923 2
622 676 1
624 789 2
624 873 2
627 890 1
628 870 1
629 782 1
629 902 1
629 750 1
629 658 2
629 685 2
629 846 1
629 630 1
629 631 1
629 891 8
633 923 2
633 772 1
634 832 1
638 832 5
638 950 1
638 790 15
638 700 2
638 862 1
641 987 2
643 1004 2
643 685 1
644 783 1
644 850 4
644 924 8
644 702 11
648 721 1
648 765 2
650 745 1
650 682 1
654 682 1
654 991 1
656 920 3
657 921 1
663 950 3
668 720 1
668 746 2
668 935 1
670 980 3
678 997 1
680 731 1
680 707 1
682 738 1
682 850 3
682 783 1
684 844 1
684 918 1
685 1001 9
687 775 1
687 843 1
687 812 1
687 980 1
687 923 2
692 742 1
692 935 2
692 746 6
692 749 4
692 910 1
692 775 2
696 851 4
696 812 1
697 771 1
697 855 4
697 925 3
698 987 2
700 866 1
700 812 5
700 749 1
700 790 2
702 924 1
703 784 8
704 868 1
704 765 3
706 951 2
707 923 3
708 718 1
711 843 1
715 926 4
716 883 1
716 718 1
718 866 1
718 904 1
718 777 2
718 843 1
718 724 4
718 980 1
719 837 1
720 935 8
720 746 5
720 813 1
722 740 6
724 883 1
730 912 7
730 984 2
731 851 2
737 849 1
738 923 2
738 783 1
740 879 2
742 784 6
744 912 4
744 946 8
746 935 7
746 813 11
746 841 1
748 926 1
749 783 2
749 854 4
752 869 1
754 883 1
758 844 1
759 984 2
764 987 2
772 812 2
772 923 4
779 883 1
779 977 2
779 843 1
780 977 2
782 948 1
782 885 2
782 890 1
789 987 2
790 812 3
790 866 3
790 885 1
795 978 2
795 851 1
796 987 3
799 895 2
804 881 2
809 987 2
810 881 1
813 935 2
817 978 1
823 895 1
832 977 2
840 987 2
843 907 1
843 883 2
844 918 3
849 987 2
851 988 1
851 978 7
851 920 2
851 954 1
857 915 2
863 994 1
863 901 1
866 883 1
872 987 2
873 987 2
875 923 2
880 923 4
883 907 1
883 951 1
890 962 4
890 923 7
898 899 1
912 984 1
912 949 4
915 953 1
920 978 1
923 951 6
925 955 1
946 948 1
950 977 5
954 978 2
955 987 3
957 978 1
962 987 1
977 996 2
978 988 2
987 994 4
