0
1
2
3
4
5
6
7
8
9
10
11
12
13
14
15
16
17
18
19
20
21
22
23
24
25
26
27
28
29
30
31
32
33
34
35
36
37
38
39
40
41
42
43
44
45
46
47
48
49
50
51
52
53
54
55
56
57
58
59
60
61
62
63
64
65
66
67
68
69
70
71
72
73
74
75
76
77
78
79
80
81
82
83
84
85
86
87
88
89
90
91
92
93
94
95
96
97
98
99
100
101
102
103
104
105
106
107
108
109
110
111
112
113
114
115
116
117
118
119
120
121
122
123
124
125
126
127
128
129
130
131
132
133
134
135
136
137
138
139
141
142
143
144
145
146
147
148
149
150
151
152
153
154
155
157
158
159
160
161
162
163
164
165
166
167
168
169
170
171
172
173
174
175
176
177
178
179
180
181
182
183
184
185
186
187
188
189
190
191
192
193
194
195
196
197
198
199
200
201
202
203
204
205
206
207
208
209
210
211
212
213
214
215
216
217
218
219
220
221
222
223
224
225
226
227
228
229
230
231
232
233
235
236
237
238
239
240
241
242
243
244
245
246
247
248
249
250
251
252
253
254
255
256
257
259
260
262
263
264
265
266
267
268
269
270
271
272
273
274
275
276
277
278
279
280
281
282
283
284
285
286
287
288
289
290
291
292
293
294
295
296
297
299
300
301
302
303
304
305
306
307
308
309
310
311
312
313
314
315
316
317
318
319
320
321
322
323
324
325
326
327
328
329
330
331
332
333
334
335
336
337
338
339
340
341
343
344
345
346
347
348
349
350
351
352
353
355
356
357
358
359
360
361
362
364
365
366
367
368
369
370
371
372
373
374
375
376
377
378
379
380
381
382
383
384
385
386
387
388
389
390
391
392
393
394
395
396
397
398
399
400
401
402
403
404
405
406
407
408
409
410
411
412
413
414
415
416
418
419
420
421
422
423
424
425
426
427
428
429
430
431
432
433
434
435
436
437
438
439
440
441
442
443
444
445
446
447
448
449
450
451
452
453
454
455
456
457
458
459
460
461
462
464
465
466
467
468
469
470
471
472
473
474
475
476
477
478
479
480
481
482
483
484
485
486
487
488
489
490
491
492
493
495
496
497
498
499
500
501
502
503
504
505
506
507
508
509
510
511
512
513
514
515
516
517
518
519
520
521
522
523
524
525
526
527
528
530
531
532
533
534
535
536
537
538
539
540
541
542
543
544
545
546
547
548
549
550
551
552
553
554
556
557
558
559
560
561
562
563
564
565
566
567
568
569
570
571
572
573
574
575
576
577
578
579
580
581
582
583
584
585
586
587
588
589
590
591
592
593
594
595
596
597
598
599
600
601
602
603
604
605
606
607
609
610
611
612
613
614
615
616
617
618
619
621
622
623
624
625
626
627
628
629
630
631
632
633
634
635
636
637
638
639
640
641
642
643
644
645
646
647
648
649
650
651
652
653
654
655
656
657
658
659
660
661
662
663
664
665
666
667
668
669
670
671
672
673
674
675
676
677
678
679
680
681
682
683
684
685
686
687
688
689
690
691
692
693
694
695
696
697
698
699
700
701
702
703
704
705
706
707
708
709
710
711
712
713
714
715
716
717
718
719
720
721
722
723
724
725
726
727
728
729
730
731
732
733
734
735
736
737
738
739
740
741
742
743
744
745
746
747
748
749
750
751
752
753
754
756
757
758
759
760
761
762
763
764
765
767
768
769
770
771
772
773
774
775
776
777
778
779
780
781
782
783
784
785
786
787
788
789
790
791
792
793
794
795
796
797
798
799
800
801
802
803
804
805
806
807
808
809
810
811
812
813
814
815
816
817
818
819
820
821
822
823
824
825
826
827
828
829
830
831
832
833
834
835
836
837
838
839
840
841
842
843
844
845
846
847
848
849
850
851
852
853
854
855
856
857
858
859
860
861
862
863
864
865
866
867
868
869
870
871
872
873
874
875
876
877
878
879
880
881
882
883
884
885
886
887
888
889
890
891
892
893
894
895
896
897
898
899
900
901
902
903
904
905
906
907
908
909
910
911
912
913
914
915
916
917
918
919
920
921
922
923
924
925
926
927
928
929
930
931
932
933
934
935
936
937
938
939
940
941
942
943
944
945
946
947
948
949
950
951
952
953
954
955
956
957
958
960
961
962
963
964
965
966
967
968
969
970
971
972
973
974
975
976
977
978
979
980
981
982
983
984
985
986
987
988
989
990
991
992
993
994
995
996
997
998
999
1000
1001
1002
1003
1004
0 249 1
0 178 1
2 166 2
2 790 4
4 450 1
4 581 1
4 870 2
4 135 2
4 170 1
4 231 2
4 428 1
4 530 1
4 742 1
4 82 1
4 371 1
4 628 1
4 502 1
4 441 4
4 851 1
4 607 1
5 29 1
8 544 1
13 738 1
13 693 1
13 14 1
14 738 1
14 90 1
14 506 6
14 924 4
14 410 2
17 857 1
17 915 2
19 333 3
24 280 2
24 530 1
24 891 2
24 629 3
24 647 3
25 48 2
29 808 1
29 236 1
30 936 10
30 313 1
30 765 6
31 915 1
31 165 3
31 990 1
32 862 1
32 534 2
32 791 2
35 547 1
35 469 2
35 207 4
38 337 1
41 723 8
41 758 1
45 66 1
46 310 1
46 399 1
48 458 3
48 558 1
48 216 2
48 956 2
48 319 2
50 402 1
50 559 7
52 868 2
52 765 1
58 909 4
61 522 2
61 742 2
61 718 1
62 646 2
67 963 2
67 165 3
67 846 4
67 207 2
67 561 1
67 344 3
73 723 1
73 758 1
74 416 1
74 133 2
74 166 5
74 586 1
74 782 1
74 912 1
74 313 1
75 120 3
75 220 1
77 912 1
83 784 1
84 324 1
86 443 1
86 317 3
90 644 1
90 233 3
90 107 1
90 910 2
90 850 1
90 468 1
90 920 1
90 890 2
90 765 1
90 190 2
90 789 1
92 990 1
98 592 1
98 401 1
101 423 1
103 977 1
103 310 2
103 423 1
104 648 2
104 765 4
104 790 1
105 418 1
107 381 2
107 118 1
107 335 2
110 166 1
111 586 2
112 416 1
112 280 1
112 674 4
112 267 1
112 166 2
118 532 2
120 609 1
120 948 1
120 926 2
120 454 1
122 738 1
126 356 3
126 232 2
126 586 1
126 500 2
126 790 9
126 700 1
127 149 1
134 592 1
135 549 1
135 742 2
135 137 2
135 942 1
135 337 1
136 990 1
142 428 6
142 143 2
142 274 2
142 915 7
142 214 2
142 990 1
144 544 1
151 278 1
153 432 1
164 337 3
164 223 1
165 428 1
165 207 1
165 401 2
165 344 2
165 990 1
166 416 1
166 743 1
166 586 1
166 383 1
167 656 1
167 274 1
167 469 3
168 416 1
168 260 2
168 232 4
168 912 15
168 209 1
168 949 6
168 790 1
168 439 3
168 472 10
168 356 2
168 313 1
169 688 1
169 595 2
169 404 1
170 855 1
171 926 1
173 506 4
173 428 3
173 738 1
175 737 1
175 335 5
175 275 3
175 849 3
176 586 2
178 502 7
178 862 3
184 1004 1
185 762 1
185 765 1
187 947 1
188 469 2
189 491 1
190 920 1
190 890 1
190 316 1
191 233 1
191 949 2
197 923 1
199 996 2
199 738 1
199 644 1
199 506 1
200 428 2
200 543 1
207 424 3
207 558 3
207 469 4
207 953 1
207 954 1
207 795 5
207 349 1
207 373 2
208 537 1
208 236 2
209 912 2
209 356 2
214 940 4
214 428 2
214 765 2
214 951 2
216 321 2
216 618 2
216 319 2
220 752 1
228 605 9
228 502 2
229 742 1
229 374 1
230 577 1
231 624 1
231 738 2
231 698 1
232 912 2
232 790 1
232 472 5
232 575 3
236 537 1
239 857 4
239 609 1
241 469 2
245 698 1
246 423 1
250 369 2
250 823 3
260 416 4
267 586 4
267 435 2
267 517 1
270 738 1
275 849 3
277 844 1
280 700 3
288 391 3
288 493 3
288 561 3
288 629 4
288 630 1
288 445 3
291 401 1
294 313 2
301 469 2
302 428 3
302 990 1
305 425 1
306 771 1
306 374 2
306 790 2
306 687 1
311 697 1
313 356 1
316 428 1
318 332 2
319 758 1
323 977 1
327 849 1
327 738 1
332 416 4
332 586 2
332 782 1
332 435 2
332 500 14
333 767 1
335 537 1
335 643 1
335 790 1
337 505 2
337 870 2
341 915 1
343 950 2
349 428 1
349 990 1
353 891 5
356 743 2
356 586 1
356 912 1
356 948 1
356 472 1
356 730 1
360 493 1
360 526 2
362 383 2
364 994 1
369 535 5
374 659 2
374 790 3
377 729 2
377 422 2
377 457 2
379 568 1
381 761 2
381 532 1
381 468 2
383 586 1
383 887 1
386 758 1
388 771 1
397 671 1
397 975 1
399 950 1
401 454 1
401 429 1
401 415 1
407 843 2
410 924 1
416 782 4
416 573 1
416 912 2
416 948 3
416 586 4
418 996 6
418 977 1
420 559 2
421 424 1
421 469 2
422 731 1
422 652 1
423 710 1
424 469 2
424 795 1
424 990 1
425 946 2
425 765 4
428 915 2
428 857 1
428 990 1
429 454 2
432 987 1
433 987 1
435 500 1
435 586 4
435 782 1
437 738 1
443 662 2
443 743 1
444 528 1
447 912 1
454 592 1
458 758 1
464 980 2
469 547 2
469 614 2
469 817 2
469 851 2
469 954 2
469 795 2
469 957 2
469 990 1
472 912 2
483 718 2
491 808 2
497 773 1
499 700 1
499 684 1
500 586 7
500 782 7
500 687 2
500 951 1
502 718 1
502 687 1
502 605 5
502 542 2
506 576 1
506 738 1
506 644 2
506 951 4
506 996 1
506 924 1
506 541 1
514 977 1
516 881 1
516 738 1
516 532 3
526 629 2
530 585 2
530 629 1
530 630 1
530 891 3
532 738 1
532 761 2
532 700 5
540 698 1
540 955 2
541 738 1
543 952 1
543 971 1
544 580 1
544 741 1
544 563 1
544 791 1
544 669 1
546 844 1
550 923 2
553 670 2
558 684 3
559 622 6
561 658 1
561 629 1
561 846 2
563 696 1
565 844 1
568 947 1
573 586 1
575 912 2
576 738 1
577 936 1
582 764 7
585 771 3
585 645 1
585 695 3
585 953 1
585 990 1
586 648 3
586 782 15
586 687 1
586 912 1
586 868 6
586 762 1
587 720 1
590 926 1
591 607 1
592 609 2
592 948 1
595 716 1
602 721 1
602 743 1
607 843 2
607 742 1
609 951 1
609 633 1
609 890 1
609 927 1
614 851 1
629 685 1
629 630 3
629 891 3
629 700 1
630 891 3
644 738 1
647 990 1
648 721 1
648 868 2
648 782 2
650 761 3
650 738 1
654 738 2
657 738 1
663 950 1
663 951 2
668 746 3
674 803 2
682 738 1
685 838 1
692 746 1
697 855 1
697 925 1
698 840 1
698 873 1
698 764 1
700 790 3
700 988 1
702 738 1
703 771 4
704 743 1
710 767 1
719 738 1
720 746 1
720 935 4
721 908 1
721 765 2
723 758 1
730 912 2
730 868 1
737 849 1
737 1004 1
738 783 1
738 921 2
738 924 1
738 945 1
738 828 1
738 837 2
738 850 1
738 979 1
738 996 1
738 1001 1
738 881 1
738 745 1
738 761 1
742 900 1
746 935 8
758 956 1
762 765 1
764 840 1
765 790 2
771 863 1
774 947 71
782 868 1
782 984 2
790 868 12
790 812 1
804 881 5
838 952 1
857 915 3
857 990 1
862 909 2
885 912 1
912 984 1
924 969 1
926 931 1
950 977 2
953 990 1
