0
1
2
3
4
5
6
7
8
9
10
11
12
13
14
15
16
17
18
19
20
21
22
23
24
25
26
27
28
29
30
31
32
33
34
35
36
37
38
39
40
41
42
43
44
45
46
47
48
49
50
51
52
53
54
55
56
57
58
59
60
61
62
63
64
65
66
67
68
69
70
71
72
73
74
75
76
77
78
79
80
81
82
83
84
85
86
87
88
89
90
91
92
93
94
95
96
97
98
99
100
101
102
103
104
105
106
107
108
109
110
111
112
113
114
115
116
117
118
119
120
121
122
123
124
125
126
127
128
129
130
131
132
133
134
135
136
137
138
139
141
142
143
144
145
146
147
148
149
150
151
152
153
154
155
157
158
159
160
161
162
163
164
165
166
167
168
169
170
171
172
173
174
175
176
177
178
179
180
181
182
183
184
185
186
187
188
189
190
191
192
193
194
195
196
197
198
199
200
201
202
203
204
205
206
207
208
209
210
211
212
213
214
215
216
217
218
219
220
221
222
223
224
225
226
227
228
229
230
231
232
233
235
236
237
238
239
240
241
242
243
244
245
246
247
248
249
250
251
252
253
254
255
256
257
259
260
262
263
264
265
266
267
268
269
270
271
272
273
274
275
276
277
278
279
280
281
282
283
284
285
286
287
288
289
290
291
292
293
294
295
296
297
299
300
301
302
303
304
305
306
307
308
309
310
311
312
313
314
315
316
317
318
319
320
321
322
323
324
325
326
327
328
329
330
331
332
333
334
335
336
337
338
339
340
341
343
344
345
346
347
348
349
350
351
352
353
355
356
357
358
359
360
361
362
364
365
366
367
368
369
370
371
372
373
374
375
376
377
378
379
380
381
382
383
384
385
386
387
388
389
390
391
392
393
394
395
396
397
398
399
400
401
402
403
404
405
406
407
408
409
410
411
412
413
414
415
416
418
419
420
421
422
423
424
425
426
427
428
429
430
431
432
433
434
435
436
437
438
439
440
441
442
443
444
445
446
447
448
449
450
451
452
453
454
455
456
457
458
459
460
461
462
464
465
466
467
468
469
470
471
472
473
474
475
476
477
478
479
480
481
482
483
484
485
486
487
488
489
490
491
492
493
495
496
497
498
499
500
501
502
503
504
505
506
507
508
509
510
511
512
513
514
515
516
517
518
519
520
521
522
523
524
525
526
527
528
530
531
532
533
534
535
536
537
538
539
540
541
542
543
544
545
546
547
548
549
550
551
552
553
554
556
557
558
559
560
561
562
563
564
565
566
567
568
569
570
571
572
573
574
575
576
577
578
579
580
581
582
583
584
585
586
587
588
589
590
591
592
593
594
595
596
597
598
599
600
601
602
603
604
605
606
607
609
610
611
612
613
614
615
616
617
618
619
621
622
623
624
625
626
627
628
629
630
631
632
633
634
635
636
637
638
639
640
641
642
643
644
645
646
647
648
649
650
651
652
653
654
655
656
657
658
659
660
661
662
663
664
665
666
667
668
669
670
671
672
673
674
675
676
677
678
679
680
681
682
683
684
685
686
687
688
689
690
691
692
693
694
695
696
697
698
699
700
701
702
703
704
705
706
707
708
709
710
711
712
713
714
715
716
717
718
719
720
721
722
723
724
725
726
727
728
729
730
731
732
733
734
735
736
737
738
739
740
741
742
743
744
745
746
747
748
749
750
751
752
753
754
756
757
758
759
760
761
762
763
764
765
767
768
769
770
771
772
773
774
775
776
777
778
779
780
781
782
783
784
785
786
787
788
789
790
791
792
793
794
795
796
797
798
799
800
801
802
803
804
805
806
807
808
809
810
811
812
813
814
815
816
817
818
819
820
821
822
823
824
825
826
827
828
829
830
831
832
833
834
835
836
837
838
839
840
841
842
843
844
845
846
847
848
849
850
851
852
853
854
855
856
857
858
859
860
861
862
863
864
865
866
867
868
869
870
871
872
873
874
875
876
877
878
879
880
881
882
883
884
885
886
887
888
889
890
891
892
893
894
895
896
897
898
899
900
901
902
903
904
905
906
907
908
909
910
911
912
913
914
915
916
917
918
919
920
921
922
923
924
925
926
927
928
929
930
931
932
933
934
935
936
937
938
939
940
941
942
943
944
945
946
947
948
949
950
951
952
953
954
955
956
957
958
960
961
962
963
964
965
966
967
968
969
970
971
972
973
974
975
976
977
978
979
980
981
982
983
984
985
986
987
988
989
990
991
992
993
994
995
996
997
998
999
1000
1001
1002
1003
1004
2 998 1
5 553 1
5 29 1
5 175 1
7 810 1
8 731 1
14 1001 2
14 410 1
14 924 3
14 506 2
15 680 1
15 731 2
15 422 2
19 333 1
24 493 1
25 956 1
25 318 1
29 808 1
30 313 2
30 765 1
31 915 1
31 165 2
32 791 2
41 956 1
42 649 1
42 951 1
46 310 2
50 559 1
52 416 1
52 912 4
52 868 2
52 556 1
52 112 1
52 721 1
52 948 3
52 126 3
52 472 1
52 574 1
52 575 1
53 120 1
53 443 1
58 818 2
61 718 1
61 782 3
61 517 3
61 742 2
61 141 3
62 163 2
62 485 1
62 646 2
62 214 1
62 535 2
62 571 2
62 542 1
62 159 1
65 193 1
67 963 2
67 165 4
67 391 3
67 846 3
67 207 2
67 344 2
70 90 1
70 310 1
74 984 1
75 772 1
75 948 1
82 83 1
83 400 1
83 771 2
83 901 1
83 870 2
83 784 3
83 855 1
83 697 1
83 863 1
86 152 1
86 443 1
90 1003 1
90 530 1
90 692 1
90 629 1
90 891 1
90 125 2
90 191 1
91 292 1
99 599 1
101 685 1
103 663 2
104 425 34
105 418 4
106 322 2
106 740 2
106 950 2
107 951 2
111 586 1
114 275 1
114 716 1
120 196 1
120 198 1
120 948 4
120 923 2
120 190 1
126 166 3
126 294 2
126 782 1
126 790 5
126 948 2
127 754 1
133 416 2
133 602 2
134 232 1
134 592 1
135 936 3
135 628 1
135 742 1
136 344 1
136 952 2
138 383 1
141 188 1
141 469 1
142 915 1
143 731 1
147 752 1
151 290 1
153 977 3
153 418 4
157 577 2
157 347 1
159 920 1
159 577 1
159 746 2
160 571 3
160 165 2
160 629 1
161 571 1
163 913 2
163 646 2
165 344 2
165 316 2
165 990 1
166 294 2
166 803 2
166 765 2
166 759 1
167 851 2
168 416 2
168 256 1
168 356 1
168 232 2
168 266 21
168 912 8
168 949 19
168 790 5
168 439 11
168 472 13
173 428 1
178 693 2
178 415 1
180 897 2
180 829 1
184 832 1
184 843 1
184 407 2
184 710 1
184 423 1
188 851 1
188 614 1
189 969 1
189 316 1
193 923 1
193 443 1
199 506 1
199 541 1
200 344 3
200 316 1
200 971 3
200 915 1
200 952 1
207 630 3
214 577 1
214 746 1
214 742 2
214 951 3
223 343 1
224 316 1
229 306 1
231 874 1
232 425 6
232 946 2
232 949 4
232 790 1
232 472 3
233 692 4
235 923 1
239 951 1
243 517 1
243 742 2
245 874 1
245 951 1
255 577 1
262 810 1
267 530 1
272 450 1
272 662 1
274 817 2
290 671 1
291 1003 2
294 984 1
294 782 1
299 509 1
301 493 5
310 586 2
310 362 3
310 943 1
311 697 1
314 538 1
316 428 1
316 629 1
319 1002 1
321 565 1
322 638 3
322 534 1
329 624 1
332 782 2
333 767 2
334 742 1
335 643 1
335 381 2
337 617 1
337 505 1
338 540 2
343 943 1
343 950 1
343 663 1
347 933 1
349 976 2
353 391 1
356 984 1
356 602 2
362 371 1
362 491 1
362 383 3
369 913 1
377 457 3
378 514 1
379 947 1
388 832 2
388 634 3
388 638 1
388 718 1
394 571 1
407 779 1
409 605 1
410 832 1
410 719 1
415 462 2
415 742 1
416 617 2
416 426 1
416 946 1
416 948 4
416 949 4
416 586 1
418 977 2
418 996 10
421 424 1
421 795 1
422 731 2
423 977 1
425 946 4
425 765 1
432 468 1
433 849 3
438 818 2
443 662 1
444 535 1
450 712 1
450 571 1
450 900 2
450 662 1
469 851 1
472 984 1
472 782 3
478 818 2
481 565 1
482 987 1
485 854 1
493 629 3
497 773 2
499 558 1
500 782 2
502 915 1
502 862 1
503 956 2
506 872 1
506 1001 2
514 780 1
516 881 2
516 924 4
516 828 1
517 718 3
527 771 1
527 870 1
530 891 1
530 915 1
530 629 4
530 630 1
530 571 5
534 571 1
534 879 1
540 641 1
540 994 10
540 874 1
540 951 3
540 697 3
540 987 3
541 921 1
543 951 1
546 731 1
558 684 1
561 846 2
563 731 6
571 900 2
571 742 7
571 870 2
571 935 2
571 776 2
571 684 3
571 813 19
571 885 1
571 663 3
586 617 2
586 782 5
586 885 1
591 718 1
592 609 1
592 948 3
595 696 1
595 718 1
602 721 2
602 743 1
609 944 1
609 633 2
609 923 2
614 988 1
629 891 3
630 668 1
633 923 1
634 832 1
634 788 1
638 790 1
650 682 2
650 828 1
650 738 1
650 654 1
650 783 1
654 682 1
663 951 1
668 915 1
668 935 2
680 731 1
682 738 1
682 783 1
684 844 1
696 731 1
697 855 1
697 925 1
700 920 2
700 812 1
700 956 1
702 1001 1
703 771 9
703 935 2
704 743 5
707 923 1
718 742 3
718 851 1
720 915 1
720 935 10
721 765 2
730 868 1
731 739 1
731 870 1
731 789 4
731 797 1
740 788 1
746 935 2
746 915 1
746 813 1
764 994 1
764 874 1
765 868 1
774 947 32
782 868 1
782 984 2
787 909 5
790 868 1
790 812 1
790 956 2
791 862 2
813 915 1
813 935 2
817 851 5
840 874 1
849 925 1
850 996 1
854 948 1
873 874 1
880 923 1
915 935 1
915 920 1
921 977 2
924 996 3
948 949 2
953 957 1
977 996 1
