0
1
2
3
4
5
6
7
8
9
10
11
12
13
14
15
16
17
18
19
20
21
22
23
24
25
26
27
28
29
30
31
32
33
34
35
36
37
38
39
40
41
42
43
44
45
46
47
48
49
50
51
52
53
54
55
56
57
58
59
60
61
62
63
64
65
66
67
68
69
70
71
72
73
74
75
76
77
78
79
80
81
82
83
84
85
86
87
88
89
90
91
92
93
94
95
96
97
98
99
100
101
102
103
104
105
106
107
108
109
110
111
112
113
114
115
116
117
118
119
120
121
122
123
124
125
126
127
128
129
130
131
132
133
134
135
136
137
138
139
141
142
143
144
145
146
147
148
149
150
151
152
153
154
155
157
158
159
160
161
162
163
164
165
166
167
168
169
170
171
172
173
174
175
176
177
178
179
180
181
182
183
184
185
186
187
188
189
190
191
192
193
194
195
196
197
198
199
200
201
202
203
204
205
206
207
208
209
210
211
212
213
214
215
216
217
218
219
220
221
222
223
224
225
226
227
228
229
230
231
232
233
235
236
237
238
239
240
241
242
243
244
245
246
247
248
249
250
251
252
253
254
255
256
257
259
260
262
263
264
265
266
267
268
269
270
271
272
273
274
275
276
277
278
279
280
281
282
283
284
285
286
287
288
289
290
291
292
293
294
295
296
297
299
300
301
302
303
304
305
306
307
308
309
310
311
312
313
314
315
316
317
318
319
320
321
322
323
324
325
326
327
328
329
330
331
332
333
334
335
336
337
338
339
340
341
343
344
345
346
347
348
349
350
351
352
353
355
356
357
358
359
360
361
362
364
365
366
367
368
369
370
371
372
373
374
375
376
377
378
379
380
381
382
383
384
385
386
387
388
389
390
391
392
393
394
395
396
397
398
399
400
401
402
403
404
405
406
407
408
409
410
411
412
413
414
415
416
418
419
420
421
422
423
424
425
426
427
428
429
430
431
432
433
434
435
436
437
438
439
440
441
442
443
444
445
446
447
448
449
450
451
452
453
454
455
456
457
458
459
460
461
462
464
465
466
467
468
469
470
471
472
473
474
475
476
477
478
479
480
481
482
483
484
485
486
487
488
489
490
491
492
493
495
496
497
498
499
500
501
502
503
504
505
506
507
508
509
510
511
512
513
514
515
516
517
518
519
520
521
522
523
524
525
526
527
528
530
531
532
533
534
535
536
537
538
539
540
541
542
543
544
545
546
547
548
549
550
551
552
553
554
556
557
558
559
560
561
562
563
564
565
566
567
568
569
570
571
572
573
574
575
576
577
578
579
580
581
582
583
584
585
586
587
588
589
590
591
592
593
594
595
596
597
598
599
600
601
602
603
604
605
606
607
609
610
611
612
613
614
615
616
617
618
619
621
622
623
624
625
626
627
628
629
630
631
632
633
634
635
636
637
638
639
640
641
642
643
644
645
646
647
648
649
650
651
652
653
654
655
656
657
658
659
660
661
662
663
664
665
666
667
668
669
670
671
672
673
674
675
676
677
678
679
680
681
682
683
684
685
686
687
688
689
690
691
692
693
694
695
696
697
698
699
700
701
702
703
704
705
706
707
708
709
710
711
712
713
714
715
716
717
718
719
720
721
722
723
724
725
726
727
728
729
730
731
732
733
734
735
736
737
738
739
740
741
742
743
744
745
746
747
748
749
750
751
752
753
754
756
757
758
759
760
761
762
763
764
765
767
768
769
770
771
772
773
774
775
776
777
778
779
780
781
782
783
784
785
786
787
788
789
790
791
792
793
794
795
796
797
798
799
800
801
802
803
804
805
806
807
808
809
810
811
812
813
814
815
816
817
818
819
820
821
822
823
824
825
826
827
828
829
830
831
832
833
834
835
836
837
838
839
840
841
842
843
844
845
846
847
848
849
850
851
852
853
854
855
856
857
858
859
860
861
862
863
864
865
866
867
868
869
870
871
872
873
874
875
876
877
878
879
880
881
882
883
884
885
886
887
888
889
890
891
892
893
894
895
896
897
898
899
900
901
902
903
904
905
906
907
908
909
910
911
912
913
914
915
916
917
918
919
920
921
922
923
924
925
926
927
928
929
930
931
932
933
934
935
936
937
938
939
940
941
942
943
944
945
946
947
948
949
950
951
952
953
954
955
956
957
958
960
961
962
963
964
965
966
967
968
969
970
971
972
973
974
975
976
977
978
979
980
981
982
983
984
985
986
987
988
989
990
991
992
993
994
995
996
997
998
999
1000
1001
1002
1003
1004
0 178 4
2 768 2
2 517 1
2 231 2
2 817 2
2 790 2
2 700 2
4 784 2
5 491 2
5 175 1
6 178 1
8 544 1
8 739 1
13 850 3
13 532 2
14 611 8
15 680 4
15 731 6
17 915 2
17 316 2
17 806 1
19 333 1
24 280 2
24 630 3
24 891 8
24 629 8
24 750 2
25 458 1
25 918 1
28 264 1
28 738 1
28 540 1
29 808 2
29 899 1
29 670 2
29 335 4
30 744 1
30 425 1
30 908 1
30 946 1
30 948 5
30 790 1
30 765 1
31 214 1
31 316 2
31 165 8
31 806 1
31 951 3
32 669 2
32 280 1
32 580 3
32 197 1
32 791 1
35 280 1
35 978 5
35 469 1
35 207 1
38 832 2
38 322 1
38 638 1
40 802 1
40 900 2
40 712 1
40 749 1
40 272 2
40 662 2
42 509 1
42 638 1
46 601 1
46 323 1
46 132 1
46 399 3
48 499 1
52 912 1
52 232 1
52 356 1
52 765 1
52 790 4
53 609 1
53 90 1
53 923 1
53 901 1
53 186 1
56 540 2
58 909 2
61 517 1
61 742 1
61 522 5
61 843 1
61 718 10
61 178 2
61 502 1
61 122 1
61 157 2
61 991 3
62 800 2
62 485 1
62 518 3
62 369 1
62 113 4
62 90 1
62 542 1
64 70 1
65 280 2
65 178 2
65 75 4
65 220 1
65 749 1
67 963 5
67 165 5
67 391 2
67 846 2
67 207 2
67 920 1
67 344 3
68 540 1
70 609 1
70 75 2
70 388 1
70 102 1
70 103 3
70 649 1
70 299 1
70 399 2
71 595 1
74 674 1
74 166 1
74 294 2
74 392 1
74 586 5
74 112 3
74 214 4
74 313 1
75 718 1
75 546 2
75 517 1
75 776 1
75 749 1
75 662 1
75 272 1
75 742 2
75 915 2
75 948 1
75 334 2
75 502 2
75 248 2
75 220 1
75 607 1
77 425 1
77 168 3
77 521 2
77 266 1
77 439 1
77 556 1
77 912 1
77 949 2
77 759 1
77 699 1
78 178 1
78 502 1
78 239 1
82 628 2
83 855 1
86 443 4
86 662 3
88 879 3
90 609 2
90 644 3
90 518 1
90 742 4
90 657 1
90 220 1
90 107 1
90 173 1
90 464 1
90 113 1
90 850 3
90 244 2
90 214 1
90 260 1
90 923 1
90 316 1
90 997 1
92 953 4
92 658 2
92 316 2
92 349 1
92 806 1
95 540 3
96 624 1
98 707 25
98 454 7
98 134 29
98 713 30
98 107 31
98 268 29
98 429 9
98 401 11
98 117 26
98 278 24
99 178 2
99 502 2
99 862 5
101 246 1
104 425 6
104 294 1
104 790 4
107 327 3
107 1004 1
107 464 1
107 381 1
107 670 1
109 913 1
109 356 1
109 790 2
111 435 1
112 1000 1
112 948 2
112 517 1
112 674 4
118 732 1
118 365 1
119 812 3
120 707 3
120 923 2
120 742 1
120 454 1
122 980 2
125 323 2
125 676 1
125 622 1
126 435 2
126 948 1
126 573 2
126 790 1
126 166 1
127 866 3
127 716 1
130 502 1
133 602 3
133 765 1
133 294 1
135 581 6
135 870 1
136 806 1
136 838 1
136 200 6
136 142 1
136 915 5
136 857 1
136 316 2
136 165 1
139 977 1
139 323 1
139 601 1
141 280 1
141 188 2
141 978 4
141 772 1
141 469 3
142 280 1
142 915 2
142 316 7
142 806 1
143 544 1
143 739 1
143 669 2
144 739 1
147 290 1
147 454 3
147 171 1
147 590 1
147 277 1
147 951 5
147 157 1
149 716 2
149 718 1
150 178 2
150 587 1
150 940 1
150 318 2
151 923 4
151 253 1
153 969 1
153 418 1
153 996 1
153 1004 5
153 977 1
155 784 2
157 356 2
157 517 3
157 586 2
157 684 4
157 718 2
157 535 1
157 542 2
158 668 1
160 280 1
160 629 3
163 646 1
164 420 2
165 806 1
165 207 2
165 401 8
165 857 4
165 316 3
166 586 3
167 978 7
167 988 1
167 469 1
167 838 1
168 260 1
168 425 1
168 586 1
168 332 1
168 912 6
168 790 1
169 595 1
170 855 1
171 933 1
171 590 1
173 506 1
175 849 5
175 275 2
178 409 1
178 538 1
178 415 2
178 929 1
178 546 2
178 295 1
178 693 4
178 569 1
178 314 1
178 710 1
178 333 1
178 976 1
178 339 1
178 470 4
178 599 1
178 605 8
178 862 5
178 991 1
178 228 1
178 749 2
178 752 3
178 502 17
178 249 1
178 767 1
180 958 1
184 732 1
184 333 4
185 231 2
188 280 1
188 978 5
188 469 1
189 994 2
189 428 1
189 915 2
189 280 1
189 506 1
189 410 2
190 749 1
191 617 1
193 633 1
193 707 1
193 923 1
193 910 2
193 609 1
199 924 1
199 850 1
199 996 3
200 806 2
200 971 5
200 428 1
200 782 1
200 344 1
200 915 3
200 952 1
200 543 1
200 316 2
200 351 2
201 208 1
206 323 1
207 484 1
207 424 1
207 428 1
207 558 2
207 978 4
207 373 2
207 630 4
207 888 1
207 953 2
207 795 2
207 988 1
207 990 1
207 469 2
214 609 2
214 707 2
214 868 1
214 776 3
214 586 9
214 940 3
214 435 1
214 334 1
214 712 1
214 595 2
214 662 2
214 984 4
214 500 2
214 923 1
214 746 3
224 316 2
224 806 1
228 314 2
228 693 2
228 502 1
229 306 1
229 580 2
229 397 1
229 421 1
231 738 1
231 874 2
231 994 1
231 749 3
231 433 2
231 923 1
231 540 9
232 545 1
232 356 1
232 425 2
232 912 1
232 946 1
232 790 3
232 472 8
232 700 1
233 746 1
233 692 5
233 935 7
235 609 1
236 537 2
237 595 1
239 609 1
239 951 4
241 280 1
241 469 1
245 736 2
245 994 1
245 873 1
245 874 2
245 591 1
245 540 1
246 377 1
246 293 1
246 423 1
247 323 1
249 506 3
249 693 1
249 502 2
250 782 3
250 356 1
250 749 2
250 886 3
251 987 1
251 540 1
256 313 1
256 356 1
256 294 1
260 912 1
260 425 2
260 948 1
264 329 1
267 891 3
267 948 1
267 435 2
268 633 4
272 900 3
274 920 1
274 988 1
275 849 2
275 1004 1
277 746 1
278 923 2
280 647 1
280 656 1
280 920 1
280 530 1
280 915 1
280 281 2
280 547 1
280 421 1
280 422 1
280 301 1
280 687 1
280 561 1
280 953 1
280 838 1
280 978 1
280 851 1
280 526 3
280 990 1
280 293 1
280 739 1
280 360 1
280 629 3
280 631 1
280 469 1
281 497 1
281 491 1
281 905 1
284 680 3
284 584 1
284 731 7
284 951 1
288 610 8
288 484 7
288 773 7
288 838 1
288 391 8
288 846 8
288 629 10
289 335 3
290 923 2
293 724 2
293 547 4
293 572 3
294 868 2
294 332 5
294 817 10
294 885 2
294 759 1
294 984 1
294 313 2
294 586 2
294 447 1
300 784 2
301 978 4
301 469 1
301 954 1
302 316 2
302 806 1
304 317 1
306 769 1
306 963 1
306 742 6
306 659 1
306 374 2
309 832 1
309 474 1
311 955 1
311 540 1
311 925 1
313 416 1
313 356 8
313 912 5
313 948 3
313 885 1
313 790 2
313 472 2
313 730 6
314 929 2
314 693 2
314 599 1
314 538 1
314 605 1
314 767 1
316 647 2
316 915 20
316 806 2
316 428 4
316 952 2
316 953 8
316 543 2
316 838 2
316 971 2
316 344 2
316 857 2
316 349 2
316 990 2
316 351 3
316 749 1
316 629 1
316 888 2
317 441 1
318 934 3
319 832 1
321 704 3
321 618 1
321 383 3
322 343 1
323 676 1
323 622 1
323 601 1
323 474 1
323 510 1
329 832 1
329 587 1
329 540 1
332 868 2
332 517 1
332 425 8
332 586 2
332 974 7
332 573 1
332 912 2
332 948 1
332 782 1
332 472 3
332 356 2
332 765 1
333 470 1
333 506 3
333 605 1
334 776 2
334 696 2
337 603 2
337 919 2
337 638 1
337 663 1
338 624 1
338 849 2
338 994 1
338 540 1
343 624 1
343 663 1
343 749 5
343 399 5
344 806 1
346 634 1
346 509 3
349 976 1
349 806 1
349 953 1
351 915 2
351 782 2
353 891 1
353 838 1
353 391 3
356 517 2
356 912 3
356 790 1
356 535 1
356 542 2
356 416 3
356 425 2
356 684 2
356 948 3
356 586 1
356 472 7
356 730 2
356 868 2
356 765 3
360 629 2
361 540 1
367 923 1
367 951 1
368 943 2
369 485 1
369 646 2
369 551 1
369 913 3
369 535 1
373 391 4
374 400 2
374 957 1
376 832 2
376 634 1
377 738 10
377 422 3
377 718 3
377 530 2
377 630 6
377 731 1
378 514 1
378 603 1
379 568 1
381 532 8
383 720 2
383 586 1
383 444 2
383 918 1
388 832 1
388 634 2
390 784 7
391 610 2
397 671 1
397 975 1
399 943 2
401 415 2
401 454 2
401 429 5
402 788 1
404 595 2
410 977 1
414 891 2
414 995 1
415 940 1
415 429 1
415 454 1
416 707 2
416 425 6
416 948 13
416 472 1
418 977 24
418 996 16
421 978 4
421 469 1
422 613 1
422 680 1
422 563 1
422 731 4
423 849 1
423 977 1
424 978 4
424 795 2
424 469 1
425 721 1
425 946 3
425 499 1
425 948 7
425 790 5
425 472 1
427 955 1
428 806 1
428 915 17
428 953 1
429 609 1
429 454 2
433 994 2
433 540 2
433 738 1
435 586 1
435 974 3
435 880 1
435 782 2
443 662 8
444 535 3
445 838 1
450 695 1
451 469 1
454 772 1
454 1003 2
458 499 2
458 956 2
458 790 5
465 812 1
469 512 1
469 547 1
469 614 1
469 817 1
469 978 5
469 954 1
469 795 1
469 957 1
470 789 6
470 502 1
470 538 1
470 700 2
470 862 3
472 946 1
472 790 1
474 951 2
479 980 2
480 540 1
482 531 4
482 540 2
484 629 2
485 542 2
493 629 2
493 838 1
499 844 2
499 684 2
499 565 1
502 995 2
502 854 1
502 749 1
502 528 2
502 693 2
502 538 1
502 731 1
502 607 1
503 704 1
505 603 1
506 644 4
506 1001 3
506 850 1
507 750 1
509 603 1
509 634 3
512 978 4
513 977 1
513 646 2
514 832 1
514 1001 1
514 780 1
514 977 1
514 950 1
514 603 1
516 881 2
516 850 1
516 532 1
516 761 2
517 586 1
517 684 2
517 535 1
517 542 2
518 823 1
518 799 2
518 895 2
526 629 2
527 870 2
528 772 1
530 891 5
530 629 6
530 630 5
531 540 2
532 700 1
534 663 1
535 684 1
535 913 3
535 542 3
540 641 2
540 789 1
540 925 1
540 809 1
540 697 2
540 698 1
540 955 2
540 581 3
540 582 1
540 840 2
540 849 2
540 855 2
540 736 3
540 994 4
540 796 1
540 872 1
540 873 5
540 874 2
540 764 1
541 850 2
542 586 1
542 823 1
542 684 2
543 806 1
544 669 3
546 715 2
547 978 4
552 978 4
553 670 2
558 704 3
561 629 2
565 684 2
568 662 1
572 749 3
575 966 1
581 855 2
582 700 1
584 731 2
585 978 6
585 909 1
586 684 1
586 782 3
586 912 3
586 648 1
586 885 1
586 984 6
586 730 2
587 784 1
591 746 1
591 692 1
591 879 1
595 790 4
599 929 1
599 693 2
602 721 2
602 765 1
603 780 1
603 822 1
603 735 1
609 707 4
609 772 3
609 1003 1
609 951 1
609 633 1
609 890 1
614 978 6
617 923 4
628 870 2
629 750 2
629 658 2
629 749 1
629 685 6
629 846 2
629 630 5
629 631 2
629 891 11
630 838 2
631 838 1
633 946 3
633 707 2
638 832 1
638 853 1
638 700 1
644 1001 1
644 850 5
644 881 2
647 806 1
648 721 2
648 790 1
650 850 1
654 738 1
654 783 2
654 991 9
657 850 1
659 963 1
660 951 2
662 900 1
668 720 1
668 746 3
671 995 1
680 731 2
680 707 3
684 918 1
687 923 3
688 898 1
692 742 3
692 775 2
692 746 3
692 935 2
692 749 2
692 696 1
693 710 2
696 739 2
696 731 2
696 935 1
696 891 1
697 925 1
697 855 2
699 948 1
700 790 1
700 812 1
700 749 3
700 991 1
703 784 1
704 844 2
706 939 1
706 951 3
707 951 3
707 923 1
715 951 3
716 718 1
718 777 2
718 980 2
719 837 1
720 746 6
720 935 1
721 765 2
723 758 1
724 1004 4
730 912 1
738 783 1
738 921 1
738 923 2
742 784 1
744 946 4
745 828 3
746 935 11
746 813 15
749 978 1
750 838 1
752 948 1
758 918 2
762 984 4
764 874 2
764 994 1
765 868 2
765 790 1
772 923 2
774 947 3
780 832 1
782 838 7
782 806 5
782 915 4
782 948 1
782 790 4
784 963 3
784 855 4
789 951 5
790 868 1
790 812 1
790 881 3
792 997 1
795 978 5
796 977 1
806 915 5
806 952 1
806 953 1
806 838 1
806 971 1
806 857 1
806 990 1
806 888 1
810 881 2
813 935 5
817 978 4
819 955 1
819 909 3
837 850 1
838 915 2
838 891 1
840 874 2
840 955 1
843 907 2
850 881 1
850 921 1
851 920 1
851 978 6
857 915 7
858 991 1
868 948 1
873 874 2
873 925 1
878 929 1
880 946 1
881 1001 2
890 923 3
891 995 1
912 948 1
915 971 1
915 952 1
921 923 3
925 955 2
926 951 3
939 951 1
954 978 4
955 987 2
957 978 4
974 984 1
978 988 5
