0
1
2
3
4
5
6
7
8
9
10
11
12
13
14
15
16
17
18
19
20
21
22
23
24
25
26
27
28
29
30
31
32
33
34
35
36
37
38
39
40
41
42
43
44
45
46
47
48
49
50
51
52
53
54
55
56
57
58
59
60
61
62
63
64
65
66
67
68
69
70
71
72
73
74
75
76
77
78
79
80
81
82
83
84
85
86
87
88
89
90
91
92
93
94
95
96
97
98
99
100
101
102
103
104
105
106
107
108
109
110
111
112
113
114
115
116
117
118
119
120
121
122
123
124
125
126
127
128
129
130
131
132
133
134
135
136
137
138
139
141
142
143
144
145
146
147
148
149
150
151
152
153
154
155
157
158
159
160
161
162
163
164
165
166
167
168
169
170
171
172
173
174
175
176
177
178
179
180
181
182
183
184
185
186
187
188
189
190
191
192
193
194
195
196
197
198
199
200
201
202
203
204
205
206
207
208
209
210
211
212
213
214
215
216
217
218
219
220
221
222
223
224
225
226
227
228
229
230
231
232
233
235
236
237
238
239
240
241
242
243
244
245
246
247
248
249
250
251
252
253
254
255
256
257
259
260
262
263
264
265
266
267
268
269
270
271
272
273
274
275
276
277
278
279
280
281
282
283
284
285
286
287
288
289
290
291
292
293
294
295
296
297
299
300
301
302
303
304
305
306
307
308
309
310
311
312
313
314
315
316
317
318
319
320
321
322
323
324
325
326
327
328
329
330
331
332
333
334
335
336
337
338
339
340
341
343
344
345
346
347
348
349
350
351
352
353
355
356
357
358
359
360
361
362
364
365
366
367
368
369
370
371
372
373
374
375
376
377
378
379
380
381
382
383
384
385
386
387
388
389
390
391
392
393
394
395
396
397
398
399
400
401
402
403
404
405
406
407
408
409
410
411
412
413
414
415
416
418
419
420
421
422
423
424
425
426
427
428
429
430
431
432
433
434
435
436
437
438
439
440
441
442
443
444
445
446
447
448
449
450
451
452
453
454
455
456
457
458
459
460
461
462
464
465
466
467
468
469
470
471
472
473
474
475
476
477
478
479
480
481
482
483
484
485
486
487
488
489
490
491
492
493
495
496
497
498
499
500
501
502
503
504
505
506
507
508
509
510
511
512
513
514
515
516
517
518
519
520
521
522
523
524
525
526
527
528
530
531
532
533
534
535
536
537
538
539
540
541
542
543
544
545
546
547
548
549
550
551
552
553
554
556
557
558
559
560
561
562
563
564
565
566
567
568
569
570
571
572
573
574
575
576
577
578
579
580
581
582
583
584
585
586
587
588
589
590
591
592
593
594
595
596
597
598
599
600
601
602
603
604
605
606
607
609
610
611
612
613
614
615
616
617
618
619
621
622
623
624
625
626
627
628
629
630
631
632
633
634
635
636
637
638
639
640
641
642
643
644
645
646
647
648
649
650
651
652
653
654
655
656
657
658
659
660
661
662
663
664
665
666
667
668
669
670
671
672
673
674
675
676
677
678
679
680
681
682
683
684
685
686
687
688
689
690
691
692
693
694
695
696
697
698
699
700
701
702
703
704
705
706
707
708
709
710
711
712
713
714
715
716
717
718
719
720
721
722
723
724
725
726
727
728
729
730
731
732
733
734
735
736
737
738
739
740
741
742
743
744
745
746
747
748
749
750
751
752
753
754
756
757
758
759
760
761
762
763
764
765
767
768
769
770
771
772
773
774
775
776
777
778
779
780
781
782
783
784
785
786
787
788
789
790
791
792
793
794
795
796
797
798
799
800
801
802
803
804
805
806
807
808
809
810
811
812
813
814
815
816
817
818
819
820
821
822
823
824
825
826
827
828
829
830
831
832
833
834
835
836
837
838
839
840
841
842
843
844
845
846
847
848
849
850
851
852
853
854
855
856
857
858
859
860
861
862
863
864
865
866
867
868
869
870
871
872
873
874
875
876
877
878
879
880
881
882
883
884
885
886
887
888
889
890
891
892
893
894
895
896
897
898
899
900
901
902
903
904
905
906
907
908
909
910
911
912
913
914
915
916
917
918
919
920
921
922
923
924
925
926
927
928
929
930
931
932
933
934
935
936
937
938
939
940
941
942
943
944
945
946
947
948
949
950
951
952
953
954
955
956
957
958
960
961
962
963
964
965
966
967
968
969
970
971
972
973
974
975
976
977
978
979
980
981
982
983
984
985
986
987
988
989
990
991
992
993
994
995
996
997
998
999
1000
1001
1002
1003
1004
0 929 1
0 178 1
0 705 1
2 528 1
2 867 1
2 700 2
2 790 4
4 135 4
5 506 1
5 29 1
6 506 1
6 178 1
13 738 1
13 850 1
14 1001 2
14 738 1
14 850 1
15 584 1
15 422 1
16 832 2
24 280 2
24 838 1
28 987 1
29 506 2
29 899 1
32 280 1
32 178 1
35 280 1
38 337 1
38 309 1
40 940 1
40 415 1
52 868 1
53 633 3
53 518 2
55 767 1
56 987 1
58 338 1
58 909 2
61 718 1
62 800 5
62 485 4
62 646 3
62 551 1
62 535 1
62 895 1
68 987 1
70 193 1
70 940 1
70 334 1
70 415 1
74 294 2
75 544 1
75 772 1
75 940 1
75 220 1
75 415 1
77 356 1
77 949 1
78 929 1
78 178 1
82 135 4
83 771 1
90 850 1
90 923 1
90 381 1
90 173 1
91 716 1
91 580 1
95 987 1
96 388 2
98 1003 1
98 707 1
99 929 1
99 178 2
101 246 1
102 705 1
103 164 2
105 482 1
105 582 2
107 940 1
107 415 1
112 948 1
118 178 1
119 812 2
120 865 1
120 707 4
120 772 3
120 997 1
120 923 2
120 893 2
122 857 1
122 915 3
122 428 1
126 812 1
126 573 2
126 790 15
126 166 2
127 940 1
127 415 1
130 502 1
133 294 2
135 581 5
135 870 4
135 292 1
135 170 4
135 813 1
135 371 4
135 628 4
135 471 1
135 692 1
135 923 1
136 316 1
136 341 1
137 936 1
142 280 1
142 267 1
142 316 1
143 580 1
147 577 3
147 931 1
147 933 1
147 715 1
147 972 1
147 171 1
147 748 1
147 565 2
147 590 1
147 355 1
147 415 1
147 277 1
147 940 1
147 347 1
147 285 1
147 926 1
147 686 1
150 617 1
157 740 2
160 280 1
160 915 1
163 518 2
165 200 1
165 316 1
166 883 1
166 294 1
167 630 1
168 416 1
168 356 8
168 912 3
168 948 1
168 949 1
168 790 8
168 439 1
168 472 2
168 260 1
169 595 1
170 936 1
170 771 1
173 738 1
173 850 1
173 186 1
175 275 1
178 409 1
178 538 1
178 669 1
178 415 1
178 929 2
178 940 1
178 990 2
178 569 1
178 314 1
178 693 1
178 710 1
178 333 1
178 976 1
178 339 1
178 724 1
178 470 1
178 599 2
178 605 1
178 862 12
178 228 1
178 502 2
178 249 1
178 767 1
184 832 1
185 720 1
185 568 2
186 325 1
186 975 1
186 528 1
186 783 1
186 671 1
188 280 1
190 940 1
190 415 1
191 752 3
191 692 1
193 707 1
197 923 1
199 738 1
199 644 1
199 850 1
200 883 1
200 316 1
200 915 4
200 428 1
214 771 1
214 235 1
214 707 1
220 334 1
228 929 1
228 605 1
228 693 1
229 696 2
231 874 1
231 987 2
232 472 1
232 425 1
232 949 1
232 305 1
235 538 1
236 716 1
241 280 1
245 874 1
245 987 1
246 377 1
246 423 1
248 696 4
248 891 4
248 334 1
249 929 1
249 716 3
250 886 1
250 518 1
250 369 1
250 332 2
250 913 1
250 662 2
251 987 1
257 940 1
257 415 1
260 648 1
260 949 1
266 949 1
267 948 2
270 738 1
270 923 1
277 935 1
277 746 1
277 813 1
277 720 1
277 668 1
278 940 1
278 415 1
280 647 1
280 656 1
280 530 3
280 915 2
280 920 1
280 281 1
280 421 1
280 422 1
280 391 1
280 685 2
280 561 2
280 658 1
280 953 1
280 445 1
280 288 1
280 846 1
280 547 1
280 526 2
280 990 1
280 293 1
280 484 1
280 360 2
280 493 1
280 750 1
280 851 1
280 629 1
280 630 1
280 631 2
280 891 1
288 484 1
288 391 1
290 589 1
293 716 1
294 790 2
294 782 5
301 656 1
301 630 1
302 316 1
306 771 1
311 987 1
314 929 1
316 344 1
316 963 1
316 940 2
316 397 2
316 915 1
316 415 2
316 952 1
316 857 1
316 997 1
316 990 1
316 543 1
321 618 2
321 499 1
322 334 2
322 534 3
327 738 1
329 624 1
329 738 1
329 692 1
329 582 1
332 517 2
333 929 1
333 502 1
334 772 1
334 940 1
334 696 1
334 534 1
334 415 1
338 987 1
341 739 2
341 915 2
347 933 2
353 391 1
356 416 1
356 868 1
356 425 1
356 912 4
356 948 1
356 472 2
356 730 2
361 987 1
362 669 3
362 383 2
369 913 6
373 391 1
374 771 1
377 423 2
383 909 3
388 832 1
392 948 1
393 883 1
400 832 2
400 771 1
401 940 1
401 415 1
404 595 1
409 929 1
410 832 1
415 416 1
415 546 1
415 425 1
415 940 2
415 429 1
415 963 1
415 865 1
415 720 1
415 850 1
415 607 1
415 609 1
415 997 1
415 978 1
415 629 1
416 707 1
416 940 1
416 721 1
416 949 1
418 996 4
419 688 1
423 832 2
425 940 1
425 946 1
428 883 1
429 940 1
429 454 1
432 987 1
433 987 2
437 738 1
439 949 1
440 537 1
443 662 2
453 595 1
458 956 2
460 638 1
465 812 1
469 630 1
472 949 1
480 987 1
482 987 1
484 630 2
484 750 1
485 692 1
485 895 1
499 618 1
499 607 1
500 542 1
502 929 1
502 693 1
502 538 1
502 605 1
506 738 1
506 644 1
506 1001 2
506 850 1
506 921 2
506 923 2
509 939 2
516 738 1
516 850 1
517 948 1
517 565 1
518 854 2
522 746 1
527 720 1
527 710 3
530 891 4
530 915 1
530 838 2
531 987 1
532 738 1
534 768 1
534 591 1
535 913 2
538 929 1
540 955 1
540 874 1
540 624 2
540 630 2
540 987 2
540 543 2
541 738 1
542 923 1
543 654 1
543 991 1
544 739 1
546 940 1
547 656 1
575 949 1
576 738 1
576 923 1
581 855 7
582 987 1
585 909 1
590 933 1
591 768 1
591 718 1
595 915 3
599 929 1
601 962 1
602 743 2
605 929 2
605 1001 2
605 685 1
605 693 1
605 670 1
607 696 2
607 940 1
609 707 1
609 940 1
611 644 1
617 923 1
626 771 1
629 940 1
630 920 1
633 707 1
634 638 1
641 987 1
644 738 3
646 895 1
648 765 1
648 790 3
650 738 1
650 850 1
654 738 1
654 850 1
657 738 1
657 850 1
659 771 1
668 720 1
668 813 1
674 948 1
680 707 1
682 738 2
685 1001 1
692 738 1
693 929 1
696 935 1
697 936 1
698 987 1
700 790 1
702 738 1
707 880 1
707 951 1
707 923 2
710 832 1
710 929 1
716 777 1
716 876 1
718 994 1
718 851 1
719 738 1
719 850 1
720 833 1
720 962 1
720 771 1
720 935 2
720 746 1
720 940 1
720 813 2
721 765 2
738 783 1
738 921 1
738 923 1
738 924 1
738 945 1
738 828 1
738 837 1
738 850 3
738 979 1
738 996 1
738 1001 1
738 881 1
738 745 1
738 761 1
739 915 2
746 813 3
746 935 1
751 948 1
764 874 1
764 987 1
765 936 3
765 942 1
767 929 1
771 835 1
771 901 1
789 987 1
790 868 1
790 974 1
796 987 1
803 948 1
809 987 1
813 935 1
823 895 1
832 936 2
832 977 2
832 862 1
837 850 1
840 874 1
840 987 1
849 987 1
850 940 1
850 881 1
850 996 1
851 978 6
855 936 1
857 883 1
857 915 1
861 896 1
862 929 1
862 909 3
872 987 1
873 874 1
873 987 1
874 925 1
883 915 2
883 951 1
890 923 1
910 923 1
912 949 1
925 987 1
940 978 1
955 987 1
978 988 1
987 994 1
