0
1
2
3
4
5
6
7
8
9
10
11
12
13
14
15
16
17
18
19
20
21
22
23
24
25
26
27
28
29
30
31
32
33
34
35
36
37
38
39
40
41
42
43
44
45
46
47
48
49
50
51
52
53
54
55
56
57
58
59
60
61
62
63
64
65
66
67
68
69
70
71
72
73
74
75
76
77
78
79
80
81
82
83
84
85
86
87
88
89
90
91
92
93
94
95
96
97
98
99
100
101
102
103
104
105
106
107
108
109
110
111
112
113
114
115
116
117
118
119
120
121
122
123
124
125
126
127
128
129
130
131
132
133
134
135
136
137
138
139
141
142
143
144
145
146
147
148
149
150
151
152
153
154
155
157
158
159
160
161
162
163
164
165
166
167
168
169
170
171
172
173
174
175
176
177
178
179
180
181
182
183
184
185
186
187
188
189
190
191
192
193
194
195
196
197
198
199
200
201
202
203
204
205
206
207
208
209
210
211
212
213
214
215
216
217
218
219
220
221
222
223
224
225
226
227
228
229
230
231
232
233
235
236
237
238
239
240
241
242
243
244
245
246
247
248
249
250
251
252
253
254
255
256
257
259
260
262
263
264
265
266
267
268
269
270
271
272
273
274
275
276
277
278
279
280
281
282
283
284
285
286
287
288
289
290
291
292
293
294
295
296
297
299
300
301
302
303
304
305
306
307
308
309
310
311
312
313
314
315
316
317
318
319
320
321
322
323
324
325
326
327
328
329
330
331
332
333
334
335
336
337
338
339
340
341
343
344
345
346
347
348
349
350
351
352
353
355
356
357
358
359
360
361
362
364
365
366
367
368
369
370
371
372
373
374
375
376
377
378
379
380
381
382
383
384
385
386
387
388
389
390
391
392
393
394
395
396
397
398
399
400
401
402
403
404
405
406
407
408
409
410
411
412
413
414
415
416
418
419
420
421
422
423
424
425
426
427
428
429
430
431
432
433
434
435
436
437
438
439
440
441
442
443
444
445
446
447
448
449
450
451
452
453
454
455
456
457
458
459
460
461
462
464
465
466
467
468
469
470
471
472
473
474
475
476
477
478
479
480
481
482
483
484
485
486
487
488
489
490
491
492
493
495
496
497
498
499
500
501
502
503
504
505
506
507
508
509
510
511
512
513
514
515
516
517
518
519
520
521
522
523
524
525
526
527
528
530
531
532
533
534
535
536
537
538
539
540
541
542
543
544
545
546
547
548
549
550
551
552
553
554
556
557
558
559
560
561
562
563
564
565
566
567
568
569
570
571
572
573
574
575
576
577
578
579
580
581
582
583
584
585
586
587
588
589
590
591
592
593
594
595
596
597
598
599
600
601
602
603
604
605
606
607
609
610
611
612
613
614
615
616
617
618
619
621
622
623
624
625
626
627
628
629
630
631
632
633
634
635
636
637
638
639
640
641
642
643
644
645
646
647
648
649
650
651
652
653
654
655
656
657
658
659
660
661
662
663
664
665
666
667
668
669
670
671
672
673
674
675
676
677
678
679
680
681
682
683
684
685
686
687
688
689
690
691
692
693
694
695
696
697
698
699
700
701
702
703
704
705
706
707
708
709
710
711
712
713
714
715
716
717
718
719
720
721
722
723
724
725
726
727
728
729
730
731
732
733
734
735
736
737
738
739
740
741
742
743
744
745
746
747
748
749
750
751
752
753
754
756
757
758
759
760
761
762
763
764
765
767
768
769
770
771
772
773
774
775
776
777
778
779
780
781
782
783
784
785
786
787
788
789
790
791
792
793
794
795
796
797
798
799
800
801
802
803
804
805
806
807
808
809
810
811
812
813
814
815
816
817
818
819
820
821
822
823
824
825
826
827
828
829
830
831
832
833
834
835
836
837
838
839
840
841
842
843
844
845
846
847
848
849
850
851
852
853
854
855
856
857
858
859
860
861
862
863
864
865
866
867
868
869
870
871
872
873
874
875
876
877
878
879
880
881
882
883
884
885
886
887
888
889
890
891
892
893
894
895
896
897
898
899
900
901
902
903
904
905
906
907
908
909
910
911
912
913
914
915
916
917
918
919
920
921
922
923
924
925
926
927
928
929
930
931
932
933
934
935
936
937
938
939
940
941
942
943
944
945
946
947
948
949
950
951
952
953
954
955
956
957
958
960
961
962
963
964
965
966
967
968
969
970
971
972
973
974
975
976
977
978
979
980
981
982
983
984
985
986
987
988
989
990
991
992
993
994
995
996
997
998
999
1000
1001
1002
1003
1004
2 52 1
4 784 1
14 1001 3
14 506 7
14 702 12
15 680 3
15 731 3
15 284 1
15 422 3
16 153 1
16 410 1
16 19 1
16 407 1
16 969 1
17 857 1
19 407 1
24 280 1
24 629 2
28 987 2
29 381 2
29 599 1
30 356 4
30 648 2
30 912 1
30 104 3
30 936 3
30 472 1
30 313 1
30 168 1
31 316 1
31 165 3
32 280 1
35 280 1
35 161 1
35 978 1
35 469 1
35 207 1
37 356 5
38 832 1
38 586 3
38 197 2
40 900 1
40 272 1
40 947 1
40 568 1
40 572 2
40 159 1
41 458 3
45 66 4
48 458 1
48 558 2
52 416 1
52 201 1
52 762 1
52 790 7
53 193 2
53 572 1
53 609 1
56 987 2
61 356 1
61 393 1
61 718 4
61 687 2
61 243 1
61 991 4
62 214 2
62 513 1
62 113 1
62 485 5
62 646 3
62 551 2
62 535 1
62 369 1
62 722 1
62 854 2
62 823 2
62 250 2
62 444 1
62 542 2
62 159 3
67 344 3
68 987 2
70 90 1
70 324 1
70 890 1
70 663 2
71 595 1
73 458 3
74 416 2
74 104 4
74 586 7
74 885 4
74 573 2
74 126 2
76 969 1
76 410 1
77 416 1
77 908 2
77 557 1
82 628 1
92 316 1
92 838 1
95 987 2
96 420 2
98 401 7
103 514 1
103 310 2
103 950 1
103 206 1
104 256 1
104 648 5
104 425 1
104 790 2
104 126 1
105 418 2
107 201 2
107 980 1
107 393 1
111 586 1
111 759 1
112 472 3
112 356 2
112 855 1
113 542 1
118 732 1
119 812 1
120 572 1
122 153 1
122 410 1
122 969 1
126 500 2
126 586 1
126 790 1
132 388 1
133 648 1
133 602 3
134 291 2
136 857 2
136 316 1
136 629 1
141 978 1
141 362 1
141 851 1
141 188 1
141 469 1
142 280 1
142 267 5
142 316 1
143 741 1
143 159 2
147 171 1
147 557 1
149 208 1
149 293 2
150 416 1
152 443 4
153 994 1
153 418 3
153 996 5
153 837 1
153 1001 1
153 650 1
153 777 1
153 482 1
153 175 1
153 977 10
153 969 2
153 633 1
153 410 4
153 924 1
153 541 1
159 900 1
159 776 3
159 272 3
159 290 9
159 167 2
159 558 1
159 306 2
159 951 3
159 189 1
159 322 1
159 841 1
159 719 2
159 595 4
159 469 2
159 214 1
159 472 5
159 731 1
159 746 1
159 377 2
159 891 2
160 629 2
161 572 2
164 638 7
165 454 1
165 207 3
165 401 6
165 344 3
165 316 6
166 392 4
166 586 9
166 500 1
166 885 1
166 782 1
167 957 1
167 978 1
167 469 2
168 356 2
168 966 1
170 697 2
170 581 2
170 231 2
171 926 1
173 506 4
173 532 1
175 410 1
175 969 1
178 605 1
181 696 1
181 274 3
181 1004 1
181 190 1
184 883 5
188 421 4
188 614 1
188 978 1
188 469 1
188 280 1
188 988 1
189 410 1
190 656 1
190 353 1
190 274 1
190 373 1
191 742 1
192 381 7
192 327 2
193 264 1
193 338 1
193 890 2
197 586 4
199 506 1
199 996 17
199 381 2
206 324 2
207 424 3
207 493 1
207 558 2
207 978 1
207 373 2
207 953 5
207 954 1
207 795 3
207 988 1
207 990 2
207 469 2
209 356 3
209 765 1
214 290 3
214 900 1
214 712 1
214 746 2
214 272 1
214 595 3
216 321 3
216 558 1
221 926 1
225 883 2
228 605 4
228 710 1
228 599 1
231 738 1
231 810 1
231 624 1
231 245 1
231 698 2
231 987 2
231 540 4
232 416 1
233 540 1
235 239 1
239 978 3
239 538 1
239 421 1
241 512 1
241 280 1
245 698 2
245 987 2
245 540 4
246 724 1
246 293 2
249 483 1
250 332 3
250 854 1
250 886 1
250 535 1
251 969 1
251 410 1
251 987 2
256 313 1
256 416 2
256 356 4
264 540 3
266 949 2
266 790 2
267 838 1
270 657 1
270 502 1
272 334 1
272 754 2
272 595 2
274 353 1
274 469 1
274 614 1
275 849 1
277 285 4
280 647 1
280 656 1
280 920 1
280 530 1
280 915 1
280 281 1
280 421 1
280 422 1
280 561 1
280 953 1
280 547 1
280 526 1
280 990 1
280 293 1
280 360 1
280 851 1
280 629 5
280 631 1
283 362 2
284 731 1
284 422 2
285 844 1
288 561 3
288 493 3
288 445 3
288 629 5
290 783 2
290 687 2
291 401 8
293 547 1
294 313 1
301 978 1
302 316 1
304 936 1
304 441 2
305 946 2
306 784 8
306 790 3
306 742 2
310 368 1
310 477 4
311 987 2
311 540 1
311 955 1
313 416 1
313 356 4
313 648 1
313 885 2
315 936 3
316 609 2
316 392 4
316 483 1
316 647 2
316 687 1
316 344 1
316 915 2
316 953 1
316 952 1
316 857 1
316 543 1
316 349 1
316 990 1
319 458 4
319 558 1
320 537 1
321 704 1
321 684 1
322 832 2
322 534 2
322 334 4
322 591 2
324 591 3
327 657 1
327 381 1
332 586 4
332 782 4
332 435 5
332 500 4
332 885 2
332 539 1
332 700 1
334 550 1
334 617 1
334 910 1
334 692 2
334 534 1
334 633 1
334 607 1
334 700 3
334 415 2
338 987 2
343 663 2
353 891 5
356 912 1
356 721 2
356 868 1
356 743 3
356 472 10
356 602 8
356 765 2
356 574 1
356 517 1
360 629 2
360 526 1
361 987 2
362 605 1
362 909 1
364 987 2
365 377 1
369 551 1
377 457 1
378 514 1
378 950 1
380 810 1
383 887 1
388 832 1
393 843 1
397 671 1
397 975 1
401 429 12
401 415 8
407 843 1
409 605 1
410 482 1
410 837 1
410 1001 2
410 650 1
410 994 1
410 433 1
410 777 1
410 969 2
410 924 1
410 541 1
413 746 5
413 935 1
415 429 1
415 718 2
415 471 2
415 765 2
416 838 1
416 648 2
416 885 2
418 977 2
418 996 3
420 559 4
421 512 1
421 424 3
421 978 1
421 795 2
422 952 2
422 731 20
424 978 1
424 795 3
427 955 2
429 925 1
432 987 2
433 969 1
433 987 6
435 586 3
435 500 4
435 782 5
440 737 1
443 677 1
443 742 1
447 586 2
447 885 5
458 704 1
458 684 2
458 558 1
458 499 2
458 723 3
458 565 1
458 758 5
469 978 1
469 547 1
469 817 1
469 851 1
471 499 2
472 782 1
480 987 2
482 987 2
482 969 1
485 646 1
485 551 1
488 568 2
493 530 1
493 629 5
495 568 1
495 633 1
499 758 1
500 586 20
500 687 3
500 923 2
502 862 2
502 854 1
502 605 2
506 996 2
506 1001 5
506 850 1
512 978 1
512 979 1
513 551 1
514 832 2
514 780 1
514 950 3
516 790 1
522 854 2
526 629 2
530 746 1
530 629 12
530 630 1
530 891 3
531 987 2
532 980 1
534 890 1
540 955 2
540 855 1
540 697 2
540 698 2
540 987 2
540 764 1
540 925 1
540 830 1
541 996 1
541 969 1
542 746 2
542 646 2
547 978 2
547 851 1
550 746 1
550 660 1
551 646 1
552 978 1
553 670 1
557 586 1
558 844 1
559 634 1
559 622 2
561 629 2
561 846 2
565 704 3
565 684 1
565 926 2
568 947 1
575 966 1
577 810 2
577 926 1
581 936 5
581 720 1
581 932 3
581 855 1
582 987 2
586 782 6
586 885 10
586 762 6
586 923 1
586 687 2
589 867 2
590 926 1
591 746 4
592 609 1
595 934 3
595 754 1
599 693 1
599 605 5
602 743 2
602 648 1
602 908 2
602 721 2
602 765 3
605 693 3
605 789 15
614 978 3
614 954 1
624 994 1
628 720 1
629 658 2
629 685 4
629 846 2
629 630 8
629 631 2
629 890 3
629 891 7
634 788 1
638 832 2
638 780 2
641 987 2
644 702 1
647 817 2
647 915 1
647 857 1
648 765 1
649 663 1
650 969 1
654 738 1
665 746 1
678 696 1
684 704 3
684 844 1
684 918 1
687 746 3
692 746 6
692 932 1
697 925 2
697 855 2
698 840 2
698 873 2
698 987 2
698 764 2
700 988 1
700 812 1
702 850 1
703 784 2
704 844 1
704 918 1
715 926 1
718 742 1
719 738 2
720 936 3
720 731 1
720 942 2
721 765 3
738 783 1
745 837 1
746 923 2
746 900 3
746 935 20
746 851 1
746 920 1
748 926 1
758 844 1
759 762 1
764 994 1
764 987 2
765 868 2
773 955 2
777 969 1
779 883 3
780 950 1
782 966 1
782 984 1
784 901 1
789 987 2
790 868 1
790 812 4
795 978 1
809 987 2
817 978 3
837 969 1
838 952 1
840 987 2
844 918 3
849 987 4
851 978 2
858 991 4
872 987 2
873 987 2
885 890 2
924 969 1
925 987 3
925 955 2
950 1001 2
950 977 2
954 978 1
955 987 4
957 978 1
969 1001 1
969 994 1
977 996 2
978 988 1
979 996 1
987 994 2
