0
1
2
3
4
5
6
7
8
9
10
11
12
13
14
15
16
17
18
19
20
21
22
23
24
25
26
27
28
29
30
31
32
33
34
35
36
37
38
39
40
41
42
43
44
45
46
47
48
49
50
51
52
53
54
55
56
57
58
59
60
61
62
63
64
65
66
67
68
69
70
71
72
73
74
75
76
77
78
79
80
81
82
83
84
85
86
87
88
89
90
91
92
93
94
95
96
97
98
99
100
101
102
103
104
105
106
107
108
109
110
111
112
113
114
115
116
117
118
119
120
121
122
123
124
125
126
127
128
129
130
131
132
133
134
135
136
137
138
139
141
142
143
144
145
146
147
148
149
150
151
152
153
154
155
157
158
159
160
161
162
163
164
165
166
167
168
169
170
171
172
173
174
175
176
177
178
179
180
181
182
183
184
185
186
187
188
189
190
191
192
193
194
195
196
197
198
199
200
201
202
203
204
205
206
207
208
209
210
211
212
213
214
215
216
217
218
219
220
221
222
223
224
225
226
227
228
229
230
231
232
233
235
236
237
238
239
240
241
242
243
244
245
246
247
248
249
250
251
252
253
254
255
256
257
259
260
262
263
264
265
266
267
268
269
270
271
272
273
274
275
276
277
278
279
280
281
282
283
284
285
286
287
288
289
290
291
292
293
294
295
296
297
299
300
301
302
303
304
305
306
307
308
309
310
311
312
313
314
315
316
317
318
319
320
321
322
323
324
325
326
327
328
329
330
331
332
333
334
335
336
337
338
339
340
341
343
344
345
346
347
348
349
350
351
352
353
355
356
357
358
359
360
361
362
364
365
366
367
368
369
370
371
372
373
374
375
376
377
378
379
380
381
382
383
384
385
386
387
388
389
390
391
392
393
394
395
396
397
398
399
400
401
402
403
404
405
406
407
408
409
410
411
412
413
414
415
416
418
419
420
421
422
423
424
425
426
427
428
429
430
431
432
433
434
435
436
437
438
439
440
441
442
443
444
445
446
447
448
449
450
451
452
453
454
455
456
457
458
459
460
461
462
464
465
466
467
468
469
470
471
472
473
474
475
476
477
478
479
480
481
482
483
484
485
486
487
488
489
490
491
492
493
495
496
497
498
499
500
501
502
503
504
505
506
507
508
509
510
511
512
513
514
515
516
517
518
519
520
521
522
523
524
525
526
527
528
530
531
532
533
534
535
536
537
538
539
540
541
542
543
544
545
546
547
548
549
550
551
552
553
554
556
557
558
559
560
561
562
563
564
565
566
567
568
569
570
571
572
573
574
575
576
577
578
579
580
581
582
583
584
585
586
587
588
589
590
591
592
593
594
595
596
597
598
599
600
601
602
603
604
605
606
607
609
610
611
612
613
614
615
616
617
618
619
621
622
623
624
625
626
627
628
629
630
631
632
633
634
635
636
637
638
639
640
641
642
643
644
645
646
647
648
649
650
651
652
653
654
655
656
657
658
659
660
661
662
663
664
665
666
667
668
669
670
671
672
673
674
675
676
677
678
679
680
681
682
683
684
685
686
687
688
689
690
691
692
693
694
695
696
697
698
699
700
701
702
703
704
705
706
707
708
709
710
711
712
713
714
715
716
717
718
719
720
721
722
723
724
725
726
727
728
729
730
731
732
733
734
735
736
737
738
739
740
741
742
743
744
745
746
747
748
749
750
751
752
753
754
756
757
758
759
760
761
762
763
764
765
767
768
769
770
771
772
773
774
775
776
777
778
779
780
781
782
783
784
785
786
787
788
789
790
791
792
793
794
795
796
797
798
799
800
801
802
803
804
805
806
807
808
809
810
811
812
813
814
815
816
817
818
819
820
821
822
823
824
825
826
827
828
829
830
831
832
833
834
835
836
837
838
839
840
841
842
843
844
845
846
847
848
849
850
851
852
853
854
855
856
857
858
859
860
861
862
863
864
865
866
867
868
869
870
871
872
873
874
875
876
877
878
879
880
881
882
883
884
885
886
887
888
889
890
891
892
893
894
895
896
897
898
899
900
901
902
903
904
905
906
907
908
909
910
911
912
913
914
915
916
917
918
919
920
921
922
923
924
925
926
927
928
929
930
931
932
933
934
935
936
937
938
939
940
941
942
943
944
945
946
947
948
949
950
951
952
953
954
955
956
957
958
960
961
962
963
964
965
966
967
968
969
970
971
972
973
974
975
976
977
978
979
980
981
982
983
984
985
986
987
988
989
990
991
992
993
994
995
996
997
998
999
1000
1001
1002
1003
1004
0 178 2
0 118 1
0 470 1
0 605 1
2 700 1
2 812 1
2 629 1
6 178 2
6 605 1
6 470 1
8 544 1
8 731 1
14 738 1
14 702 2
16 718 5
22 663 1
24 280 1
24 288 1
24 629 1
24 31 1
28 987 1
29 381 3
29 670 2
30 104 1
30 936 1
30 948 1
30 765 1
30 790 1
32 280 1
32 921 2
32 708 1
32 143 1
35 280 1
35 207 1
38 324 2
40 120 1
40 528 1
48 216 1
48 844 1
48 558 2
48 679 1
50 559 1
53 290 1
53 147 2
53 178 1
56 987 1
61 522 1
61 843 1
61 718 5
61 214 3
61 991 2
62 163 1
62 485 2
62 518 3
65 135 1
65 334 1
65 850 2
65 280 1
65 220 1
65 190 1
65 191 3
67 963 2
67 165 2
67 391 1
67 846 2
67 207 1
67 344 2
68 987 1
70 343 1
71 595 3
72 91 1
74 104 2
74 984 2
74 166 3
74 294 4
75 995 1
75 772 2
75 334 1
75 280 1
75 891 2
75 191 2
77 912 10
77 168 1
77 356 1
78 130 1
78 878 1
78 178 4
78 470 1
78 605 1
78 862 1
84 324 1
86 443 1
90 506 1
90 763 2
91 147 1
92 316 1
95 987 1
96 634 1
98 707 13
98 454 2
98 134 11
98 713 8
98 107 16
98 268 12
98 429 3
98 592 1
98 401 6
98 117 12
98 278 12
99 178 1
99 669 1
99 502 1
99 605 1
104 294 1
105 233 1
106 402 1
106 788 1
106 399 2
107 464 3
107 201 1
107 1004 1
111 762 1
112 674 2
112 803 1
112 356 2
112 517 4
112 166 5
112 1000 3
112 313 1
118 732 1
119 812 3
119 790 1
120 865 2
120 542 1
120 772 5
120 997 2
120 454 1
120 775 4
120 617 2
120 267 1
120 687 2
120 752 3
120 147 2
120 948 5
120 926 1
120 425 2
120 660 1
120 868 1
120 987 1
120 540 1
120 190 5
120 191 2
126 586 3
126 362 1
130 178 1
134 535 1
136 629 1
137 239 1
141 280 2
141 188 1
141 469 1
142 280 1
142 274 1
143 544 1
147 355 1
147 528 1
147 157 1
149 372 4
150 178 3
150 415 1
150 191 2
151 923 1
151 253 1
151 566 3
153 977 3
153 996 1
157 586 7
157 356 1
160 288 1
160 585 1
160 629 1
161 784 2
164 638 3
165 401 5
165 207 2
167 988 2
168 356 7
168 966 3
168 232 1
168 425 2
168 266 4
168 332 5
168 912 20
168 177 1
168 521 1
168 949 3
168 439 12
168 260 2
168 699 1
168 575 1
169 372 5
170 332 1
171 347 1
173 506 1
175 275 2
177 912 1
178 772 1
178 214 4
178 546 1
178 409 1
178 538 3
178 415 3
178 929 1
178 418 1
178 295 1
178 299 1
178 693 2
178 569 2
178 314 1
178 710 1
178 633 2
178 333 2
178 976 1
178 339 1
178 470 4
178 599 1
178 605 11
178 862 2
178 991 1
178 228 2
178 231 3
178 502 9
178 249 3
178 767 1
181 189 1
181 190 1
182 948 1
187 450 1
187 965 1
187 802 1
187 947 1
187 695 1
187 568 1
187 572 1
187 254 1
188 301 1
188 274 1
188 978 1
188 469 1
188 280 1
189 377 1
189 410 4
190 353 3
190 196 1
190 614 1
190 486 1
190 656 1
190 274 1
190 373 1
190 890 1
190 191 2
191 196 1
191 749 1
191 948 2
192 381 2
199 644 1
199 996 1
200 952 8
200 857 1
207 484 1
207 293 2
207 424 1
207 469 1
207 428 1
207 373 2
207 630 1
207 795 1
207 988 1
207 349 3
214 776 3
214 811 1
214 940 1
214 334 1
214 306 1
220 749 1
223 746 2
224 428 1
228 605 1
228 470 1
229 443 1
231 764 1
231 874 1
231 245 2
231 329 1
231 987 1
231 540 1
232 425 2
232 266 7
232 260 2
232 744 2
239 742 1
239 502 1
241 280 1
243 607 1
245 624 3
245 874 1
245 987 1
245 540 6
249 362 1
249 605 1
249 470 2
251 482 1
251 987 1
251 506 1
257 347 1
260 912 3
260 790 8
264 329 1
266 912 1
266 439 1
267 984 1
267 586 2
267 392 1
267 948 1
274 547 1
274 656 1
274 469 1
278 776 3
280 902 1
280 647 1
280 526 1
280 656 1
280 920 1
280 530 1
280 915 1
280 421 2
280 422 1
280 301 1
280 561 1
280 953 1
280 288 1
280 547 1
280 990 1
280 293 1
280 360 1
280 851 3
280 631 1
280 469 1
288 750 1
288 610 3
288 484 4
288 360 1
288 846 6
288 685 1
288 526 1
288 658 1
288 530 1
288 629 5
288 630 1
288 891 1
289 810 1
290 499 3
290 540 1
290 589 2
293 697 1
294 586 3
294 885 1
294 759 2
294 573 1
304 317 3
306 585 1
310 343 1
311 987 1
313 948 1
313 730 2
313 356 1
314 470 2
316 428 1
316 349 4
318 946 1
319 1002 4
324 534 1
324 591 1
327 702 1
332 587 2
332 912 2
332 435 1
332 500 3
332 347 1
333 605 2
333 470 1
334 995 3
334 586 1
334 891 1
335 643 2
335 790 1
338 994 1
338 987 1
343 528 3
343 853 2
343 879 2
347 355 1
347 933 1
347 590 1
347 912 1
349 976 1
351 952 2
351 782 1
356 868 2
356 425 10
356 500 1
356 912 10
356 744 1
356 948 2
356 472 5
356 730 4
356 765 2
360 629 1
361 987 1
362 812 2
362 915 1
362 918 1
362 695 1
364 764 2
369 535 2
369 518 3
369 407 1
372 404 8
372 934 6
374 443 2
378 514 1
380 440 1
381 643 1
383 517 1
388 746 1
388 634 1
392 674 2
393 907 2
401 429 7
401 454 4
401 415 4
402 788 2
409 605 1
409 470 2
409 767 2
410 650 1
410 996 1
410 663 1
414 591 1
414 530 1
414 891 6
414 995 2
415 724 1
415 429 1
416 948 1
416 868 2
418 977 1
418 538 1
418 996 5
421 424 2
423 883 1
425 912 3
425 948 2
425 949 1
425 472 1
428 806 2
428 497 3
428 952 2
429 454 1
433 994 1
433 987 1
435 586 1
435 762 1
435 782 1
439 912 3
440 537 2
440 506 1
443 662 1
454 772 3
454 713 2
459 517 2
465 812 2
469 851 2
469 630 1
470 929 2
470 710 2
470 951 1
470 599 2
470 605 3
470 976 1
470 789 4
470 693 1
470 502 2
470 538 1
470 862 1
470 767 1
472 966 1
472 912 4
472 946 1
472 949 1
472 890 1
480 987 1
482 987 1
484 630 3
485 542 1
490 843 1
502 775 2
502 746 2
502 693 1
502 605 1
503 704 1
506 644 1
506 890 1
510 939 1
514 832 1
514 1001 1
514 780 1
514 977 4
514 950 1
516 924 1
518 913 1
518 854 2
518 535 3
521 912 1
526 629 1
528 739 1
528 589 1
528 660 2
528 920 1
530 891 1
530 630 2
531 987 1
532 804 1
534 746 2
538 605 1
540 994 1
540 987 5
540 874 1
540 749 1
540 624 15
540 955 1
541 576 2
544 669 1
547 902 2
550 812 1
558 704 1
569 749 1
569 605 1
575 912 2
575 966 1
580 669 1
582 987 1
586 718 1
586 782 2
586 984 3
589 909 1
591 746 1
595 934 4
599 605 1
605 976 1
605 710 1
605 693 1
605 862 1
605 767 1
607 692 1
607 687 1
609 772 2
617 669 1
629 685 1
629 630 1
629 891 2
630 656 1
630 851 2
630 790 4
633 772 2
638 790 1
641 987 1
643 685 16
644 738 3
654 991 4
657 921 1
668 746 2
668 935 2
669 687 1
680 707 1
692 746 1
697 925 3
697 855 1
698 987 1
699 912 1
700 812 2
700 935 2
707 1003 1
707 951 1
718 866 1
718 724 1
719 828 3
720 746 3
720 935 3
721 912 1
730 912 2
730 868 1
731 870 1
735 962 1
742 784 3
742 890 1
742 863 1
744 912 2
746 935 6
746 813 3
746 900 1
764 874 1
764 987 1
774 947 2
780 977 3
789 987 1
790 812 2
790 868 5
796 987 1
809 994 1
809 987 1
813 935 1
823 895 1
832 977 2
838 952 1
840 874 1
840 987 1
843 907 2
849 987 3
851 988 1
857 990 1
857 951 2
868 912 1
872 987 1
873 874 1
873 987 1
912 948 1
912 949 3
915 952 2
950 977 3
955 987 1
962 987 1
977 996 2
977 1004 2
978 988 1
987 994 1
