0
1
2
3
4
5
6
7
8
9
10
11
12
13
14
15
16
17
18
19
20
21
22
23
24
25
26
27
28
29
30
31
32
33
34
35
36
37
38
39
40
41
42
43
44
45
46
47
48
49
50
51
52
53
54
55
56
57
58
59
60
61
62
63
64
65
66
67
68
69
70
71
72
73
74
75
76
77
78
79
80
81
82
83
84
85
86
87
88
89
90
91
92
93
94
95
96
97
98
99
100
101
102
103
104
105
106
107
108
109
110
111
112
113
114
115
116
117
118
119
120
121
122
123
124
125
126
127
128
129
130
131
132
133
134
135
136
137
138
139
141
142
143
144
145
146
147
148
149
150
151
152
153
154
155
157
158
159
160
161
162
163
164
165
166
167
168
169
170
171
172
173
174
175
176
177
178
179
180
181
182
183
184
185
186
187
188
189
190
191
192
193
194
195
196
197
198
199
200
201
202
203
204
205
206
207
208
209
210
211
212
213
214
215
216
217
218
219
220
221
222
223
224
225
226
227
228
229
230
231
232
233
235
236
237
238
239
240
241
242
243
244
245
246
247
248
249
250
251
252
253
254
255
256
257
259
260
262
263
264
265
266
267
268
269
270
271
272
273
274
275
276
277
278
279
280
281
282
283
284
285
286
287
288
289
290
291
292
293
294
295
296
297
299
300
301
302
303
304
305
306
307
308
309
310
311
312
313
314
315
316
317
318
319
320
321
322
323
324
325
326
327
328
329
330
331
332
333
334
335
336
337
338
339
340
341
343
344
345
346
347
348
349
350
351
352
353
355
356
357
358
359
360
361
362
364
365
366
367
368
369
370
371
372
373
374
375
376
377
378
379
380
381
382
383
384
385
386
387
388
389
390
391
392
393
394
395
396
397
398
399
400
401
402
403
404
405
406
407
408
409
410
411
412
413
414
415
416
418
419
420
421
422
423
424
425
426
427
428
429
430
431
432
433
434
435
436
437
438
439
440
441
442
443
444
445
446
447
448
449
450
451
452
453
454
455
456
457
458
459
460
461
462
464
465
466
467
468
469
470
471
472
473
474
475
476
477
478
479
480
481
482
483
484
485
486
487
488
489
490
491
492
493
495
496
497
498
499
500
501
502
503
504
505
506
507
508
509
510
511
512
513
514
515
516
517
518
519
520
521
522
523
524
525
526
527
528
530
531
532
533
534
535
536
537
538
539
540
541
542
543
544
545
546
547
548
549
550
551
552
553
554
556
557
558
559
560
561
562
563
564
565
566
567
568
569
570
571
572
573
574
575
576
577
578
579
580
581
582
583
584
585
586
587
588
589
590
591
592
593
594
595
596
597
598
599
600
601
602
603
604
605
606
607
609
610
611
612
613
614
615
616
617
618
619
621
622
623
624
625
626
627
628
629
630
631
632
633
634
635
636
637
638
639
640
641
642
643
644
645
646
647
648
649
650
651
652
653
654
655
656
657
658
659
660
661
662
663
664
665
666
667
668
669
670
671
672
673
674
675
676
677
678
679
680
681
682
683
684
685
686
687
688
689
690
691
692
693
694
695
696
697
698
699
700
701
702
703
704
705
706
707
708
709
710
711
712
713
714
715
716
717
718
719
720
721
722
723
724
725
726
727
728
729
730
731
732
733
734
735
736
737
738
739
740
741
742
743
744
745
746
747
748
749
750
751
752
753
754
756
757
758
759
760
761
762
763
764
765
767
768
769
770
771
772
773
774
775
776
777
778
779
780
781
782
783
784
785
786
787
788
789
790
791
792
793
794
795
796
797
798
799
800
801
802
803
804
805
806
807
808
809
810
811
812
813
814
815
816
817
818
819
820
821
822
823
824
825
826
827
828
829
830
831
832
833
834
835
836
837
838
839
840
841
842
843
844
845
846
847
848
849
850
851
852
853
854
855
856
857
858
859
860
861
862
863
864
865
866
867
868
869
870
871
872
873
874
875
876
877
878
879
880
881
882
883
884
885
886
887
888
889
890
891
892
893
894
895
896
897
898
899
900
901
902
903
904
905
906
907
908
909
910
911
912
913
914
915
916
917
918
919
920
921
922
923
924
925
926
927
928
929
930
931
932
933
934
935
936
937
938
939
940
941
942
943
944
945
946
947
948
949
950
951
952
953
954
955
956
957
958
960
961
962
963
964
965
966
967
968
969
970
971
972
973
974
975
976
977
978
979
980
981
982
983
984
985
986
987
988
989
990
991
992
993
994
995
996
997
998
999
1000
1001
1002
1003
1004
0 977 2
0 178 1
0 605 1
2 337 1
2 52 2
2 790 2
5 491 1
5 335 1
6 178 1
13 951 1
14 1001 1
14 410 1
14 924 1
14 702 1
15 680 1
15 731 4
15 837 1
15 422 1
16 410 1
16 102 3
24 280 5
24 530 1
24 630 1
25 956 1
28 987 1
29 68 1
29 335 1
30 356 1
31 428 1
31 165 1
32 280 1
32 921 4
32 977 1
35 280 1
35 978 2
35 469 1
38 832 1
38 474 1
38 638 1
40 150 3
41 758 3
42 534 1
45 782 1
48 319 1
50 420 1
52 912 1
52 356 1
52 232 1
52 266 4
52 112 1
52 949 2
52 313 5
52 868 3
53 120 1
53 193 1
53 316 1
53 214 1
53 951 2
56 410 1
56 987 1
56 540 1
61 742 4
61 425 2
61 718 3
61 696 1
61 281 1
61 605 2
62 551 1
66 966 1
66 782 2
67 963 4
67 165 2
67 846 1
67 207 1
67 561 1
67 344 6
68 987 1
68 540 1
69 735 1
69 879 1
70 633 1
70 90 1
71 595 2
74 112 1
74 362 1
74 730 1
74 782 3
75 416 2
77 439 1
78 178 1
86 662 4
90 168 1
90 746 1
90 530 1
90 783 1
90 720 1
90 850 1
90 948 5
90 223 1
91 638 1
92 915 1
95 987 1
96 420 1
99 178 1
101 377 1
103 832 1
103 977 1
103 950 1
104 721 3
104 765 6
104 425 24
107 381 1
107 150 1
109 425 1
111 782 1
112 674 1
112 356 2
112 232 2
112 267 5
112 313 2
114 275 1
114 837 1
118 335 1
119 790 2
120 923 1
120 823 2
120 239 1
120 951 2
120 890 1
120 731 1
120 316 2
120 687 2
122 316 3
122 837 1
126 416 1
126 356 1
126 166 2
126 586 1
126 782 1
126 948 2
126 984 3
127 752 1
127 193 1
134 592 1
135 150 1
136 200 4
136 543 1
141 978 2
142 280 1
142 915 1
147 752 2
147 577 2
147 347 2
147 214 1
147 193 2
150 978 1
150 629 1
150 190 1
151 923 1
153 410 3
153 483 1
153 229 1
157 577 1
157 746 1
159 307 2
159 940 1
159 214 3
159 742 9
160 280 1
160 630 1
164 420 1
164 638 1
165 401 3
165 915 1
165 344 4
165 316 1
166 416 1
166 803 2
166 743 1
166 586 1
166 782 1
166 948 1
166 573 1
167 274 2
167 978 9
167 851 1
167 469 2
168 356 1
168 966 1
168 425 3
168 266 1
168 912 8
168 984 2
168 949 27
168 790 2
168 439 3
168 472 3
171 577 1
175 335 1
178 214 1
178 657 1
178 281 1
178 409 1
178 538 1
178 929 3
178 295 1
178 692 1
178 693 1
178 569 1
178 314 1
178 710 1
178 333 1
178 976 5
178 339 1
178 470 1
178 599 1
178 605 1
178 862 1
178 991 1
178 228 1
178 502 1
178 249 1
178 250 3
178 381 1
178 767 1
184 832 1
184 595 1
186 267 3
187 450 1
188 280 1
188 978 3
188 469 1
189 522 1
189 270 1
189 951 1
191 692 3
192 335 1
193 614 1
193 629 1
193 850 1
193 595 2
193 500 1
193 281 1
193 987 1
193 542 1
195 595 1
200 952 6
200 915 1
200 543 1
201 335 1
207 561 1
207 978 2
207 469 1
207 630 3
208 335 1
214 742 2
214 551 1
214 912 1
216 321 1
223 420 1
223 310 1
231 874 1
231 987 1
232 356 3
232 425 3
232 782 2
232 984 1
232 472 6
232 313 1
233 692 8
235 854 1
236 537 1
236 335 1
240 782 1
241 280 1
241 469 1
245 840 1
245 874 1
245 987 1
245 540 1
249 693 1
250 854 1
251 987 1
255 577 3
256 313 1
256 267 3
256 294 1
257 416 2
260 439 1
266 912 1
266 439 1
267 517 3
267 648 3
267 912 1
267 478 7
269 987 1
270 783 2
272 379 1
272 662 1
277 577 1
278 290 1
278 923 1
280 647 1
280 526 2
280 656 1
280 530 2
280 915 1
280 920 1
280 281 2
280 421 1
280 422 1
280 685 1
280 561 2
280 658 1
280 953 1
280 445 1
280 288 1
280 846 1
280 978 2
280 547 1
280 990 1
280 293 1
280 484 1
280 360 2
280 493 1
280 851 1
280 629 1
280 630 1
280 631 2
280 891 1
281 502 1
284 731 1
285 577 1
288 484 6
288 773 5
288 391 6
288 493 6
288 846 10
288 561 6
288 629 6
288 445 6
291 429 1
291 454 1
293 547 3
294 586 3
294 790 2
294 782 1
294 447 1
301 978 2
301 469 1
311 987 1
313 356 2
314 599 5
316 838 1
316 428 3
316 629 2
316 344 1
316 915 2
316 857 1
316 952 2
316 953 1
316 415 1
316 543 1
318 956 1
321 565 2
322 420 1
322 343 1
324 362 1
324 638 2
329 624 1
329 819 2
332 500 6
332 782 1
335 899 1
335 1004 1
335 643 1
335 664 1
335 537 2
335 670 1
335 808 1
335 553 1
335 810 1
335 688 1
335 464 1
335 468 1
335 737 1
335 980 1
335 381 1
337 692 2
337 607 1
338 987 1
347 577 1
349 976 3
349 888 1
355 577 1
356 912 1
356 425 2
356 472 3
356 730 2
356 948 1
356 765 2
359 767 1
361 987 1
362 383 3
364 540 1
369 535 1
369 951 1
377 866 1
377 423 1
381 664 1
381 532 1
383 589 1
388 550 1
396 881 1
401 429 1
401 454 1
401 415 2
404 595 1
407 779 2
408 915 1
410 832 1
410 719 1
410 977 3
415 544 1
415 833 1
415 425 2
415 429 2
415 718 3
416 648 1
416 782 3
416 912 2
416 948 4
416 439 1
418 996 1
420 740 1
420 879 1
421 424 1
421 978 2
421 469 1
422 731 4
423 710 3
423 977 2
424 978 2
424 469 1
425 517 1
425 946 1
425 948 1
425 472 2
428 851 1
428 857 1
428 915 6
428 990 1
429 454 2
432 987 1
433 994 1
433 987 1
433 540 2
439 912 5
439 949 1
440 537 1
443 602 1
443 742 1
443 743 1
447 782 1
450 595 1
450 662 3
458 577 1
465 812 1
469 547 1
469 614 1
469 817 1
469 978 2
469 630 1
469 954 1
469 795 1
469 957 1
472 765 1
473 537 1
480 987 1
482 531 1
482 987 1
483 586 1
484 530 2
493 530 4
497 773 1
499 684 2
500 586 1
500 814 1
500 782 4
500 575 1
502 978 1
502 718 1
502 951 1
506 576 1
506 872 1
506 996 1
509 634 1
512 978 2
514 977 1
517 746 1
528 585 1
530 851 2
530 629 2
530 630 7
530 891 7
531 987 1
532 576 2
537 657 1
540 994 5
540 840 1
540 874 1
540 987 1
541 837 2
542 746 1
542 854 1
543 971 1
543 952 1
543 857 1
546 550 1
547 978 2
547 851 2
547 630 2
552 978 2
553 670 8
558 704 1
561 846 3
563 696 1
565 723 1
573 782 1
577 931 1
577 933 2
577 715 1
577 972 1
577 748 1
577 590 1
577 686 1
577 926 1
582 994 4
582 987 1
582 764 1
584 731 1
586 782 2
586 912 2
586 607 1
595 934 2
599 849 3
602 743 2
607 692 1
609 984 2
614 978 2
617 923 1
624 692 1
629 685 2
629 658 1
630 685 6
638 832 3
641 987 1
641 837 1
644 1001 2
644 828 2
644 702 1
644 745 1
648 765 1
650 682 1
654 738 2
654 783 1
657 921 2
659 784 1
659 771 1
662 900 1
663 951 5
668 720 1
668 746 3
668 813 2
680 731 2
684 746 1
687 923 2
687 951 1
692 830 3
698 987 2
698 837 1
702 850 1
704 956 1
704 844 2
704 743 1
705 769 1
711 718 4
718 724 1
719 738 1
720 833 1
720 935 3
720 746 2
720 813 1
721 765 3
723 758 3
724 883 2
735 879 2
738 996 1
738 837 1
742 769 1
742 935 1
742 915 2
742 951 1
742 851 1
743 765 6
746 935 5
746 813 1
752 850 1
758 956 3
758 844 1
758 918 2
759 782 1
762 782 1
764 874 1
764 987 1
765 912 1
774 947 20
780 977 1
782 869 1
782 885 1
782 984 7
782 825 1
789 987 1
790 812 1
795 978 2
809 987 1
810 881 2
813 935 1
817 978 2
817 851 1
817 988 2
823 854 1
832 862 2
837 916 1
838 857 1
838 915 2
840 874 1
840 987 1
849 987 1
851 978 3
851 920 2
857 915 4
857 951 1
862 909 1
872 987 2
873 874 1
873 987 1
890 923 1
890 951 1
912 948 2
912 949 2
915 971 1
915 952 2
915 953 1
915 951 1
920 978 1
923 951 1
925 987 1
950 977 1
954 978 3
955 987 1
957 978 2
977 1004 4
978 988 2
987 994 3
