0
1
2
3
4
5
6
7
8
9
10
11
12
13
14
15
16
17
18
19
20
21
22
23
24
25
26
27
28
29
30
31
32
33
34
35
36
37
38
39
40
41
42
43
44
45
46
47
48
49
50
51
52
53
54
55
56
57
58
59
60
61
62
63
64
65
66
67
68
69
70
71
72
73
74
75
76
77
78
79
80
81
82
83
84
85
86
87
88
89
90
91
92
93
94
95
96
97
98
99
100
101
102
103
104
105
106
107
108
109
110
111
112
113
114
115
116
117
118
119
120
121
122
123
124
125
126
127
128
129
130
131
132
133
134
135
136
137
138
139
141
142
143
144
145
146
147
148
149
150
151
152
153
154
155
157
158
159
160
161
162
163
164
165
166
167
168
169
170
171
172
173
174
175
176
177
178
179
180
181
182
183
184
185
186
187
188
189
190
191
192
193
194
195
196
197
198
199
200
201
202
203
204
205
206
207
208
209
210
211
212
213
214
215
216
217
218
219
220
221
222
223
224
225
226
227
228
229
230
231
232
233
235
236
237
238
239
240
241
242
243
244
245
246
247
248
249
250
251
252
253
254
255
256
257
259
260
262
263
264
265
266
267
268
269
270
271
272
273
274
275
276
277
278
279
280
281
282
283
284
285
286
287
288
289
290
291
292
293
294
295
296
297
299
300
301
302
303
304
305
306
307
308
309
310
311
312
313
314
315
316
317
318
319
320
321
322
323
324
325
326
327
328
329
330
331
332
333
334
335
336
337
338
339
340
341
343
344
345
346
347
348
349
350
351
352
353
355
356
357
358
359
360
361
362
364
365
366
367
368
369
370
371
372
373
374
375
376
377
378
379
380
381
382
383
384
385
386
387
388
389
390
391
392
393
394
395
396
397
398
399
400
401
402
403
404
405
406
407
408
409
410
411
412
413
414
415
416
418
419
420
421
422
423
424
425
426
427
428
429
430
431
432
433
434
435
436
437
438
439
440
441
442
443
444
445
446
447
448
449
450
451
452
453
454
455
456
457
458
459
460
461
462
464
465
466
467
468
469
470
471
472
473
474
475
476
477
478
479
480
481
482
483
484
485
486
487
488
489
490
491
492
493
495
496
497
498
499
500
501
502
503
504
505
506
507
508
509
510
511
512
513
514
515
516
517
518
519
520
521
522
523
524
525
526
527
528
530
531
532
533
534
535
536
537
538
539
540
541
542
543
544
545
546
547
548
549
550
551
552
553
554
556
557
558
559
560
561
562
563
564
565
566
567
568
569
570
571
572
573
574
575
576
577
578
579
580
581
582
583
584
585
586
587
588
589
590
591
592
593
594
595
596
597
598
599
600
601
602
603
604
605
606
607
609
610
611
612
613
614
615
616
617
618
619
621
622
623
624
625
626
627
628
629
630
631
632
633
634
635
636
637
638
639
640
641
642
643
644
645
646
647
648
649
650
651
652
653
654
655
656
657
658
659
660
661
662
663
664
665
666
667
668
669
670
671
672
673
674
675
676
677
678
679
680
681
682
683
684
685
686
687
688
689
690
691
692
693
694
695
696
697
698
699
700
701
702
703
704
705
706
707
708
709
710
711
712
713
714
715
716
717
718
719
720
721
722
723
724
725
726
727
728
729
730
731
732
733
734
735
736
737
738
739
740
741
742
743
744
745
746
747
748
749
750
751
752
753
754
756
757
758
759
760
761
762
763
764
765
767
768
769
770
771
772
773
774
775
776
777
778
779
780
781
782
783
784
785
786
787
788
789
790
791
792
793
794
795
796
797
798
799
800
801
802
803
804
805
806
807
808
809
810
811
812
813
814
815
816
817
818
819
820
821
822
823
824
825
826
827
828
829
830
831
832
833
834
835
836
837
838
839
840
841
842
843
844
845
846
847
848
849
850
851
852
853
854
855
856
857
858
859
860
861
862
863
864
865
866
867
868
869
870
871
872
873
874
875
876
877
878
879
880
881
882
883
884
885
886
887
888
889
890
891
892
893
894
895
896
897
898
899
900
901
902
903
904
905
906
907
908
909
910
911
912
913
914
915
916
917
918
919
920
921
922
923
924
925
926
927
928
929
930
931
932
933
934
935
936
937
938
939
940
941
942
943
944
945
946
947
948
949
950
951
952
953
954
955
956
957
958
960
961
962
963
964
965
966
967
968
969
970
971
972
973
974
975
976
977
978
979
980
981
982
983
984
985
986
987
988
989
990
991
992
993
994
995
996
997
998
999
1000
1001
1002
1003
1004
0 808 2
0 249 2
0 569 3
1 309 1
2 272 1
2 812 2
2 700 1
2 772 2
4 135 2
5 483 1
5 107 4
5 980 2
5 118 1
5 248 1
5 506 1
5 670 3
5 491 1
6 248 1
6 569 1
6 670 1
14 506 1
14 924 3
14 29 1
14 702 5
15 584 1
15 680 4
15 731 4
15 422 2
16 783 1
16 541 4
16 407 1
17 915 1
24 31 1
24 530 3
24 891 3
24 629 12
24 647 1
25 499 2
28 987 2
29 808 1
29 335 2
29 249 1
29 248 1
29 377 1
30 256 3
30 104 1
30 356 1
30 765 2
30 313 1
31 165 22
31 143 1
31 915 1
31 847 1
31 990 1
32 718 1
32 143 3
32 977 5
32 791 6
32 891 2
32 189 1
32 862 2
32 159 6
35 851 1
35 978 3
35 547 1
35 167 1
38 474 1
38 939 1
38 309 1
38 343 1
40 450 1
40 802 3
40 568 1
40 187 1
40 572 1
40 191 1
42 84 1
42 612 1
42 663 1
45 52 2
48 704 1
52 232 1
52 356 2
52 868 2
53 193 3
53 633 2
53 609 1
53 311 1
56 987 2
56 245 1
56 159 1
58 338 1
61 450 2
61 522 1
61 843 1
61 718 6
61 659 1
61 692 2
61 278 2
61 568 6
61 607 5
62 485 2
62 542 8
62 646 7
62 159 1
64 634 1
65 193 1
65 865 1
65 75 2
65 850 1
65 147 2
65 220 1
67 963 10
67 165 10
67 846 11
67 207 12
67 561 4
67 344 5
68 987 2
74 984 1
74 256 2
74 586 2
75 833 1
75 772 5
75 997 4
75 193 1
75 191 2
75 334 3
75 752 1
75 850 2
75 147 4
75 629 1
75 609 1
75 633 4
75 607 2
75 220 2
75 190 1
75 927 1
77 260 3
77 782 6
78 569 1
78 767 1
82 184 2
82 267 4
82 628 1
82 135 2
83 784 1
83 771 2
86 152 2
86 443 4
90 865 1
90 898 1
90 107 1
90 147 3
90 502 4
90 535 1
90 569 2
90 541 1
90 862 1
90 927 1
91 742 1
91 607 1
92 915 1
95 987 2
95 245 1
96 299 1
97 309 1
98 401 3
98 107 4
98 454 1
101 866 2
101 149 1
101 246 2
101 423 1
103 423 4
104 523 4
104 549 2
104 765 1
105 418 10
105 582 3
105 374 5
105 471 2
107 1004 2
107 810 3
107 236 1
107 335 1
107 880 1
107 980 1
107 214 1
107 985 1
107 664 1
107 537 1
107 381 2
110 112 1
110 674 2
110 803 1
110 166 1
112 256 2
112 674 4
112 517 4
112 648 1
112 267 4
112 313 1
112 186 1
114 275 1
118 365 3
122 428 1
122 924 3
122 718 1
126 416 1
126 356 3
126 586 2
126 765 2
126 602 3
126 573 2
127 732 3
127 916 2
127 189 3
127 334 1
132 139 1
134 592 2
134 291 2
134 454 5
135 581 6
135 870 2
135 170 3
135 594 1
135 942 8
135 720 1
135 371 1
135 628 5
135 798 3
135 772 1
135 692 3
135 414 1
136 915 1
137 306 2
137 581 6
139 323 1
139 788 1
139 534 2
139 634 1
139 477 2
139 510 1
141 547 1
141 241 2
141 978 1
141 851 1
141 280 1
141 188 2
142 915 1
142 469 1
143 280 1
143 739 1
147 416 1
147 347 3
147 926 1
149 377 2
149 372 1
150 772 4
150 415 6
151 278 1
151 566 1
151 253 3
152 443 7
153 977 2
157 586 4
157 500 4
157 414 1
157 607 1
159 290 4
159 997 1
159 233 4
159 334 2
159 719 2
159 530 1
159 542 1
159 214 4
159 887 1
159 923 3
159 629 1
160 280 1
160 629 8
160 214 2
164 402 1
164 420 1
164 879 2
165 207 1
165 401 20
165 915 1
165 344 2
165 858 1
165 316 2
165 990 1
166 416 1
166 586 3
166 743 1
167 547 2
167 424 2
167 207 1
167 817 1
167 978 2
167 851 6
167 954 1
167 795 2
167 988 1
168 416 2
168 868 1
168 743 2
168 586 2
168 912 5
168 984 1
170 840 1
170 231 1
170 581 1
175 275 1
175 849 2
175 737 1
175 670 3
175 423 1
180 958 2
181 185 1
181 190 2
184 832 2
184 423 3
184 407 1
185 833 1
185 742 2
185 940 1
185 526 1
185 528 1
185 502 1
185 762 1
186 256 3
186 648 2
186 517 2
186 313 2
187 568 1
187 337 5
187 450 2
188 547 1
188 978 6
188 851 1
188 469 3
188 630 1
188 988 1
189 410 1
189 607 2
189 716 2
190 353 4
190 656 2
190 274 2
190 373 2
190 920 2
191 416 1
191 692 1
191 415 2
191 927 1
192 381 2
193 609 1
193 546 1
193 230 1
193 614 1
193 264 1
193 290 1
193 633 4
193 927 1
196 311 1
197 923 2
199 644 2
199 506 3
199 996 1
199 541 3
200 952 10
200 344 1
200 915 1
200 838 1
207 424 9
207 847 2
207 978 1
207 547 1
207 469 2
207 953 1
207 851 1
207 795 6
208 236 4
208 335 1
209 912 1
209 356 1
214 776 1
214 684 1
214 912 1
214 530 1
214 920 1
214 544 1
214 290 4
214 731 1
214 940 1
214 692 1
214 569 1
214 835 1
214 324 1
214 844 2
214 334 1
214 720 1
214 852 1
214 343 4
214 987 1
214 220 1
214 865 1
214 738 1
214 742 1
214 230 3
214 743 1
214 371 1
214 629 2
216 321 1
220 334 1
223 879 2
226 994 1
228 569 1
229 241 1
229 901 1
229 607 10
231 462 1
231 338 1
231 531 1
231 245 11
231 987 2
231 607 2
233 692 7
236 1004 2
236 335 4
236 977 3
236 537 8
236 383 3
239 324 1
239 663 1
241 851 1
241 547 1
245 994 1
245 251 1
245 809 1
245 482 1
245 433 1
245 338 1
245 531 2
245 789 1
245 987 3
245 796 1
246 724 4
246 423 2
248 921 1
248 506 3
248 670 1
249 569 1
249 410 3
249 470 5
250 886 3
250 927 1
251 987 2
253 290 3
253 566 2
256 416 1
256 356 3
256 517 3
256 648 4
256 313 6
256 478 2
260 586 1
260 447 2
267 586 1
267 891 13
267 517 1
272 712 4
272 450 2
272 900 1
278 528 1
278 566 1
280 978 1
280 561 1
280 530 2
280 851 3
280 629 8
280 920 2
280 915 2
281 491 1
290 321 1
290 566 1
291 401 3
291 454 3
293 569 2
293 724 1
293 718 1
294 586 2
299 832 1
299 388 1
301 851 1
301 978 2
301 547 1
301 493 1
302 915 1
305 765 1
305 743 4
306 742 7
306 523 3
306 784 1
306 659 3
306 374 1
310 477 1
311 955 2
311 855 1
311 697 1
311 987 2
313 416 1
313 517 2
313 648 2
313 765 1
313 478 1
315 423 1
316 428 1
318 332 2
318 566 1
318 918 1
319 585 1
320 1004 2
321 704 1
322 879 3
327 381 5
329 624 2
329 819 5
331 418 4
332 416 1
332 586 1
332 435 1
332 500 1
333 569 3
334 612 2
334 550 1
334 776 1
334 617 1
334 687 1
334 772 1
334 591 1
334 923 1
335 810 3
335 687 1
335 980 2
335 985 1
335 664 1
335 537 4
335 591 1
335 381 2
337 936 1
337 548 1
338 531 1
338 987 2
341 942 5
343 633 4
343 663 1
343 950 3
344 952 2
344 915 1
347 966 3
356 416 1
356 515 1
356 868 1
356 984 1
356 743 5
356 648 1
356 586 5
356 684 1
356 502 1
356 472 2
356 765 1
356 607 2
360 891 1
360 629 7
360 526 4
361 591 1
361 994 2
361 987 2
361 364 1
361 687 1
362 561 1
362 580 1
362 383 1
364 482 1
364 987 2
364 764 3
364 582 1
368 879 1
374 771 1
374 742 3
377 696 1
377 423 1
378 514 1
379 568 2
381 553 4
381 980 3
381 670 3
383 720 3
388 746 1
388 612 1
388 534 2
392 630 3
393 1004 3
395 514 1
398 712 15
399 955 1
399 427 1
399 510 1
401 454 7
401 429 5
401 415 11
406 731 1
406 422 4
409 569 1
414 891 1
414 684 1
414 718 1
415 612 1
415 630 1
415 569 2
416 868 3
416 586 6
416 912 3
416 927 3
418 977 4
418 996 33
420 879 1
421 424 10
421 547 1
421 978 1
421 795 1
421 851 1
422 731 1
423 832 2
423 977 6
424 547 1
424 978 1
424 851 1
424 795 12
424 990 3
427 955 2
428 915 1
429 454 3
432 987 5
433 528 2
433 633 3
433 987 2
435 500 9
440 607 2
441 456 2
443 662 1
443 742 8
443 703 1
444 535 3
445 891 1
447 586 1
450 802 1
450 900 4
450 947 1
450 596 1
450 662 2
450 568 2
454 772 1
454 592 1
458 844 1
458 918 1
459 517 1
462 833 4
466 802 1
469 547 1
469 978 4
469 851 1
469 630 2
470 569 1
472 912 2
472 743 3
472 575 2
477 634 1
478 648 1
478 517 1
482 847 2
482 531 3
482 569 2
482 987 2
483 891 2
485 823 2
488 568 2
493 978 1
493 629 7
495 568 2
497 977 10
499 704 1
500 515 1
500 586 10
500 782 4
502 710 1
502 746 1
502 851 2
502 693 1
502 569 6
502 862 1
502 607 1
506 644 3
506 1001 2
506 670 1
506 996 3
506 924 3
506 541 2
506 702 1
509 634 1
510 534 2
511 987 2
512 851 1
512 978 1
512 547 1
514 832 1
514 780 1
515 586 1
516 881 1
517 674 1
517 803 1
517 648 2
526 891 1
526 629 7
528 769 1
528 867 1
528 693 1
528 537 1
530 746 1
530 629 16
530 630 5
530 891 7
531 994 2
531 746 1
531 987 9
532 761 1
532 881 1
534 546 1
534 550 1
534 746 2
534 692 1
537 737 3
538 569 1
540 987 2
540 955 1
541 996 1
541 951 1
541 700 1
543 952 2
543 915 1
546 640 1
546 851 3
547 656 1
547 795 1
547 817 2
547 824 1
547 954 1
547 957 1
547 709 1
547 978 3
547 851 2
547 614 1
547 552 1
551 790 5
552 851 1
552 858 1
552 978 2
558 565 1
561 585 1
561 846 10
561 629 9
563 696 1
566 718 2
568 947 1
569 693 2
569 710 1
569 976 1
569 599 1
569 605 1
569 862 1
569 767 1
573 586 2
580 585 1
581 742 5
581 936 4
581 720 3
581 692 2
581 855 7
582 987 2
585 922 1
586 772 3
586 912 1
586 687 1
586 984 7
586 602 1
586 607 2
586 868 8
586 885 1
586 762 1
586 765 1
587 720 3
587 858 1
591 851 1
591 718 2
591 607 3
595 934 2
599 710 1
602 984 1
602 765 1
602 743 1
605 693 2
607 802 3
607 739 3
607 612 2
607 742 2
607 692 10
607 696 6
607 858 2
607 987 1
609 692 1
609 927 1
614 851 1
614 978 1
617 720 1
617 833 1
628 720 2
629 658 7
629 685 10
629 846 7
629 630 8
629 631 7
629 858 1
629 891 17
630 952 1
633 923 2
638 832 2
641 987 2
643 685 1
644 738 2
644 702 1
646 854 1
647 915 1
650 682 2
650 654 2
650 783 1
652 1004 1
656 920 1
658 838 3
659 742 1
662 947 2
663 951 2
665 746 2
670 980 2
671 687 1
672 844 2
680 720 1
680 790 2
682 783 1
684 704 1
684 844 1
685 1001 3
687 812 1
687 940 1
687 923 1
692 742 1
692 746 2
697 855 2
700 881 1
700 812 9
702 924 5
703 784 2
703 771 4
704 841 3
709 851 1
710 832 1
712 900 3
718 866 3
718 851 6
718 724 1
718 980 1
718 883 1
719 738 1
720 870 1
720 942 3
720 855 1
722 854 3
722 927 3
724 1001 2
724 866 1
731 789 2
738 783 1
738 837 1
738 745 1
738 881 1
738 850 2
738 923 2
740 788 3
740 879 1
742 993 3
742 863 1
742 835 1
742 900 3
742 784 1
742 901 1
746 900 1
746 935 15
746 915 1
758 918 1
761 804 1
761 924 3
761 881 1
762 984 1
764 994 2
764 987 2
765 984 1
769 771 1
771 901 1
772 812 4
773 955 1
774 947 57
783 837 3
783 850 3
789 987 2
790 812 3
795 978 2
795 851 1
809 994 2
809 987 2
817 851 1
817 978 1
824 851 1
832 936 3
840 987 2
849 987 2
851 954 1
851 957 1
851 978 4
854 927 1
855 955 2
857 915 1
861 896 1
872 987 2
873 987 2
880 890 1
881 923 2
883 936 4
912 984 1
915 971 1
915 952 1
915 953 1
915 990 1
921 923 1
921 924 1
923 940 2
925 955 1
933 966 3
935 966 3
951 996 1
952 971 1
954 978 2
955 987 3
957 978 5
977 996 1
977 1001 6
977 1004 7
978 988 3
987 994 2
