0
1
2
3
4
5
6
7
8
9
10
11
12
13
14
15
16
17
18
19
20
21
22
23
24
25
26
27
28
29
30
31
32
33
34
35
36
37
38
39
40
41
42
43
44
45
46
47
48
49
50
51
52
53
54
55
56
57
58
59
60
61
62
63
64
65
66
67
68
69
70
71
72
73
74
75
76
77
78
79
80
81
82
83
84
85
86
87
88
89
90
91
92
93
94
95
96
97
98
99
100
101
102
103
104
105
106
107
108
109
110
111
112
113
114
115
116
117
118
119
120
121
122
123
124
125
126
127
128
129
130
131
132
133
134
135
136
137
138
139
141
142
143
144
145
146
147
148
149
150
151
152
153
154
155
157
158
159
160
161
162
163
164
165
166
167
168
169
170
171
172
173
174
175
176
177
178
179
180
181
182
183
184
185
186
187
188
189
190
191
192
193
194
195
196
197
198
199
200
201
202
203
204
205
206
207
208
209
210
211
212
213
214
215
216
217
218
219
220
221
222
223
224
225
226
227
228
229
230
231
232
233
235
236
237
238
239
240
241
242
243
244
245
246
247
248
249
250
251
252
253
254
255
256
257
259
260
262
263
264
265
266
267
268
269
270
271
272
273
274
275
276
277
278
279
280
281
282
283
284
285
286
287
288
289
290
291
292
293
294
295
296
297
299
300
301
302
303
304
305
306
307
308
309
310
311
312
313
314
315
316
317
318
319
320
321
322
323
324
325
326
327
328
329
330
331
332
333
334
335
336
337
338
339
340
341
343
344
345
346
347
348
349
350
351
352
353
355
356
357
358
359
360
361
362
364
365
366
367
368
369
370
371
372
373
374
375
376
377
378
379
380
381
382
383
384
385
386
387
388
389
390
391
392
393
394
395
396
397
398
399
400
401
402
403
404
405
406
407
408
409
410
411
412
413
414
415
416
418
419
420
421
422
423
424
425
426
427
428
429
430
431
432
433
434
435
436
437
438
439
440
441
442
443
444
445
446
447
448
449
450
451
452
453
454
455
456
457
458
459
460
461
462
464
465
466
467
468
469
470
471
472
473
474
475
476
477
478
479
480
481
482
483
484
485
486
487
488
489
490
491
492
493
495
496
497
498
499
500
501
502
503
504
505
506
507
508
509
510
511
512
513
514
515
516
517
518
519
520
521
522
523
524
525
526
527
528
530
531
532
533
534
535
536
537
538
539
540
541
542
543
544
545
546
547
548
549
550
551
552
553
554
556
557
558
559
560
561
562
563
564
565
566
567
568
569
570
571
572
573
574
575
576
577
578
579
580
581
582
583
584
585
586
587
588
589
590
591
592
593
594
595
596
597
598
599
600
601
602
603
604
605
606
607
609
610
611
612
613
614
615
616
617
618
619
621
622
623
624
625
626
627
628
629
630
631
632
633
634
635
636
637
638
639
640
641
642
643
644
645
646
647
648
649
650
651
652
653
654
655
656
657
658
659
660
661
662
663
664
665
666
667
668
669
670
671
672
673
674
675
676
677
678
679
680
681
682
683
684
685
686
687
688
689
690
691
692
693
694
695
696
697
698
699
700
701
702
703
704
705
706
707
708
709
710
711
712
713
714
715
716
717
718
719
720
721
722
723
724
725
726
727
728
729
730
731
732
733
734
735
736
737
738
739
740
741
742
743
744
745
746
747
748
749
750
751
752
753
754
756
757
758
759
760
761
762
763
764
765
767
768
769
770
771
772
773
774
775
776
777
778
779
780
781
782
783
784
785
786
787
788
789
790
791
792
793
794
795
796
797
798
799
800
801
802
803
804
805
806
807
808
809
810
811
812
813
814
815
816
817
818
819
820
821
822
823
824
825
826
827
828
829
830
831
832
833
834
835
836
837
838
839
840
841
842
843
844
845
846
847
848
849
850
851
852
853
854
855
856
857
858
859
860
861
862
863
864
865
866
867
868
869
870
871
872
873
874
875
876
877
878
879
880
881
882
883
884
885
886
887
888
889
890
891
892
893
894
895
896
897
898
899
900
901
902
903
904
905
906
907
908
909
910
911
912
913
914
915
916
917
918
919
920
921
922
923
924
925
926
927
928
929
930
931
932
933
934
935
936
937
938
939
940
941
942
943
944
945
946
947
948
949
950
951
952
953
954
955
956
957
958
960
961
962
963
964
965
966
967
968
969
970
971
972
973
974
975
976
977
978
979
980
981
982
983
984
985
986
987
988
989
990
991
992
993
994
995
996
997
998
999
1000
1001
1002
1003
1004
0 6 1
0 1004 2
0 716 1
0 977 1
0 114 1
0 149 2
0 249 1
0 410 3
2 782 1
4 135 2
5 175 1
6 410 1
7 418 2
14 924 4
14 506 1
14 644 3
14 410 1
14 199 1
16 541 1
16 783 1
24 891 2
28 987 1
30 416 1
30 356 1
30 936 1
30 209 1
30 885 1
30 790 2
31 410 3
31 428 1
32 61 1
32 791 1
35 188 1
35 469 1
37 232 1
38 324 12
40 900 1
41 723 2
45 66 2
52 168 1
52 356 2
56 987 1
61 450 2
61 356 1
61 534 1
61 742 1
61 718 3
61 591 1
61 851 1
61 502 1
61 472 1
61 883 3
61 915 1
61 189 1
61 517 1
62 485 3
62 542 2
62 646 3
67 561 1
67 963 1
67 207 1
68 987 1
70 91 2
74 266 2
77 168 2
77 260 4
82 135 2
86 662 1
90 881 1
90 771 1
90 940 2
90 191 2
91 388 1
91 106 1
91 740 2
91 634 1
95 987 1
96 324 1
98 454 1
98 134 1
104 313 1
105 418 5
106 740 1
107 980 1
107 175 1
111 586 1
112 517 1
113 646 1
114 410 1
120 772 4
126 356 1
126 782 1
127 883 1
127 718 1
133 168 1
133 602 1
134 592 1
134 291 1
134 923 1
134 454 2
135 581 13
135 742 1
135 170 1
135 720 8
135 371 1
135 628 2
135 870 2
135 923 2
135 549 4
136 200 1
136 629 1
137 771 2
147 290 2
149 410 1
157 746 1
160 200 8
160 561 1
160 915 1
160 629 1
164 950 1
165 424 1
165 401 1
166 586 1
167 469 1
168 416 1
168 260 15
168 232 3
168 266 2
168 557 3
168 912 16
168 472 2
168 313 1
168 196 1
168 949 6
168 439 10
168 984 3
168 356 5
168 607 1
168 699 3
168 765 1
168 447 1
170 581 3
170 245 1
171 590 2
175 275 1
175 737 1
175 849 1
178 693 1
178 502 2
181 190 1
188 614 3
188 656 1
188 280 1
188 469 1
188 502 2
188 920 1
189 718 2
189 883 1
189 502 4
189 410 2
189 732 2
190 656 1
190 353 1
190 274 1
190 373 1
191 692 1
191 830 1
192 381 1
193 239 1
197 923 1
199 996 2
199 644 2
199 541 1
200 716 5
200 428 8
200 530 6
200 883 21
200 316 1
200 857 10
200 595 5
200 915 10
207 469 1
208 977 1
209 356 2
214 464 1
214 746 1
231 987 1
231 245 1
232 472 10
232 356 1
236 743 1
241 469 1
245 873 1
245 987 1
245 522 1
249 410 1
250 646 1
251 987 1
253 290 1
253 566 1
256 416 1
256 313 1
256 356 2
256 294 1
257 833 1
260 912 1
260 790 1
266 912 2
267 984 2
267 450 1
267 517 1
280 502 1
288 629 2
288 493 2
293 862 2
301 469 1
306 771 1
306 659 2
306 790 2
311 987 1
311 582 1
313 416 1
313 356 1
316 392 2
316 915 1
318 684 1
322 879 1
322 663 1
324 638 1
324 415 1
332 435 1
332 500 1
332 782 1
333 767 1
334 356 1
334 586 1
334 812 1
334 692 2
334 696 1
334 746 2
335 737 1
338 987 1
343 663 1
356 586 1
356 912 2
356 472 7
356 730 1
356 765 2
361 987 1
364 506 1
364 987 1
364 502 1
369 646 1
372 572 3
377 883 1
380 586 1
388 900 3
388 742 4
388 534 4
389 471 1
399 977 1
399 663 1
401 454 1
401 415 1
410 422 2
410 1004 1
410 716 1
410 719 1
410 977 1
410 696 1
413 746 2
413 607 2
415 718 3
416 586 1
421 469 1
423 977 1
424 469 1
428 530 1
428 915 18
428 953 1
428 883 1
429 454 1
432 987 1
433 987 1
441 527 1
443 662 1
443 742 2
444 646 1
447 984 1
447 586 18
450 613 1
454 713 1
454 587 1
454 592 1
456 832 1
458 684 3
458 956 2
469 547 1
469 614 1
469 817 1
469 954 1
469 795 1
469 957 1
472 782 2
472 575 1
473 810 1
477 534 1
482 987 1
485 646 1
493 630 1
500 586 2
500 814 1
502 546 1
502 696 1
502 724 1
502 923 1
502 862 2
506 996 2
506 924 2
506 644 2
513 646 1
517 586 1
528 586 1
530 891 2
530 915 2
530 629 1
531 987 1
531 789 1
534 696 1
534 546 1
535 586 1
535 646 1
540 641 2
540 987 1
542 646 1
546 900 1
546 742 1
546 550 2
546 923 1
550 704 1
558 684 1
565 684 1
565 844 1
573 586 1
580 739 1
581 936 1
581 628 1
582 994 1
582 987 1
582 764 1
586 617 1
586 782 1
586 984 6
586 762 1
586 687 1
586 765 1
591 696 1
591 746 1
591 663 1
595 883 10
595 915 2
595 934 1
602 743 4
605 693 1
607 692 1
617 692 1
633 923 1
638 700 2
638 790 1
641 987 1
644 924 2
646 722 1
646 854 1
646 823 1
646 927 1
647 915 2
684 844 1
685 1001 1
687 692 1
692 746 4
692 696 1
696 742 1
698 987 1
703 771 1
704 844 1
716 718 1
716 883 2
716 724 2
718 866 1
718 883 2
718 916 2
718 915 1
724 1001 2
724 883 1
730 868 2
742 769 1
742 771 4
742 900 7
742 784 2
742 863 9
746 935 13
746 844 2
758 844 1
761 881 2
761 783 3
764 987 1
771 900 9
774 947 1
789 987 1
790 868 5
809 987 1
840 987 1
843 883 1
849 987 1
850 881 1
857 953 1
857 915 2
863 900 4
872 987 1
873 987 1
883 915 2
912 949 3
915 953 2
925 987 1
955 987 1
977 1001 1
977 1004 1
987 994 1
