0
1
2
3
4
5
6
7
8
9
10
11
12
13
14
15
16
17
18
19
20
21
22
23
24
25
26
27
28
29
30
31
32
33
34
35
36
37
38
39
40
41
42
43
44
45
46
47
48
49
50
51
52
53
54
55
56
57
58
59
60
61
62
63
64
65
66
67
68
69
70
71
72
73
74
75
76
77
78
79
80
81
82
83
84
85
86
87
88
89
90
91
92
93
94
95
96
97
98
99
100
101
102
103
104
105
106
107
108
109
110
111
112
113
114
115
116
117
118
119
120
121
122
123
124
125
126
127
128
129
130
131
132
133
134
135
136
137
138
139
141
142
143
144
145
146
147
148
149
150
151
152
153
154
155
157
158
159
160
161
162
163
164
165
166
167
168
169
170
171
172
173
174
175
176
177
178
179
180
181
182
183
184
185
186
187
188
189
190
191
192
193
194
195
196
197
198
199
200
201
202
203
204
205
206
207
208
209
210
211
212
213
214
215
216
217
218
219
220
221
222
223
224
225
226
227
228
229
230
231
232
233
235
236
237
238
239
240
241
242
243
244
245
246
247
248
249
250
251
252
253
254
255
256
257
259
260
262
263
264
265
266
267
268
269
270
271
272
273
274
275
276
277
278
279
280
281
282
283
284
285
286
287
288
289
290
291
292
293
294
295
296
297
299
300
301
302
303
304
305
306
307
308
309
310
311
312
313
314
315
316
317
318
319
320
321
322
323
324
325
326
327
328
329
330
331
332
333
334
335
336
337
338
339
340
341
343
344
345
346
347
348
349
350
351
352
353
355
356
357
358
359
360
361
362
364
365
366
367
368
369
370
371
372
373
374
375
376
377
378
379
380
381
382
383
384
385
386
387
388
389
390
391
392
393
394
395
396
397
398
399
400
401
402
403
404
405
406
407
408
409
410
411
412
413
414
415
416
418
419
420
421
422
423
424
425
426
427
428
429
430
431
432
433
434
435
436
437
438
439
440
441
442
443
444
445
446
447
448
449
450
451
452
453
454
455
456
457
458
459
460
461
462
464
465
466
467
468
469
470
471
472
473
474
475
476
477
478
479
480
481
482
483
484
485
486
487
488
489
490
491
492
493
495
496
497
498
499
500
501
502
503
504
505
506
507
508
509
510
511
512
513
514
515
516
517
518
519
520
521
522
523
524
525
526
527
528
530
531
532
533
534
535
536
537
538
539
540
541
542
543
544
545
546
547
548
549
550
551
552
553
554
556
557
558
559
560
561
562
563
564
565
566
567
568
569
570
571
572
573
574
575
576
577
578
579
580
581
582
583
584
585
586
587
588
589
590
591
592
593
594
595
596
597
598
599
600
601
602
603
604
605
606
607
609
610
611
612
613
614
615
616
617
618
619
621
622
623
624
625
626
627
628
629
630
631
632
633
634
635
636
637
638
639
640
641
642
643
644
645
646
647
648
649
650
651
652
653
654
655
656
657
658
659
660
661
662
663
664
665
666
667
668
669
670
671
672
673
674
675
676
677
678
679
680
681
682
683
684
685
686
687
688
689
690
691
692
693
694
695
696
697
698
699
700
701
702
703
704
705
706
707
708
709
710
711
712
713
714
715
716
717
718
719
720
721
722
723
724
725
726
727
728
729
730
731
732
733
734
735
736
737
738
739
740
741
742
743
744
745
746
747
748
749
750
751
752
753
754
756
757
758
759
760
761
762
763
764
765
767
768
769
770
771
772
773
774
775
776
777
778
779
780
781
782
783
784
785
786
787
788
789
790
791
792
793
794
795
796
797
798
799
800
801
802
803
804
805
806
807
808
809
810
811
812
813
814
815
816
817
818
819
820
821
822
823
824
825
826
827
828
829
830
831
832
833
834
835
836
837
838
839
840
841
842
843
844
845
846
847
848
849
850
851
852
853
854
855
856
857
858
859
860
861
862
863
864
865
866
867
868
869
870
871
872
873
874
875
876
877
878
879
880
881
882
883
884
885
886
887
888
889
890
891
892
893
894
895
896
897
898
899
900
901
902
903
904
905
906
907
908
909
910
911
912
913
914
915
916
917
918
919
920
921
922
923
924
925
926
927
928
929
930
931
932
933
934
935
936
937
938
939
940
941
942
943
944
945
946
947
948
949
950
951
952
953
954
955
956
957
958
960
961
962
963
964
965
966
967
968
969
970
971
972
973
974
975
976
977
978
979
980
981
982
983
984
985
986
987
988
989
990
991
992
993
994
995
996
997
998
999
1000
1001
1002
1003
1004
1 310 3
4 90 1
4 187 1
4 135 2
6 249 2
7 810 2
17 857 1
17 915 1
24 978 2
25 684 1
28 987 1
30 868 2
30 126 2
30 790 8
31 915 1
31 165 2
40 712 1
41 499 1
41 565 1
46 622 2
50 559 1
52 356 4
56 482 1
56 987 2
56 836 1
58 818 2
61 428 1
61 718 1
62 485 1
62 646 1
67 963 1
67 846 1
67 207 1
68 987 1
74 356 2
75 772 1
77 912 10
77 168 2
77 356 1
82 135 2
83 951 2
84 97 1
90 356 2
90 742 2
90 166 2
90 530 1
90 850 2
90 791 1
90 506 3
90 316 1
90 542 1
92 915 1
95 987 1
98 429 2
98 454 1
101 246 1
104 256 2
104 356 2
106 740 1
107 537 1
112 356 1
112 517 1
118 502 1
118 862 1
119 790 3
120 191 1
120 500 1
120 703 3
125 622 4
126 586 1
126 868 1
126 885 1
126 790 4
133 356 2
134 454 2
135 549 1
135 870 2
135 936 4
135 170 2
135 942 3
135 720 1
135 337 1
135 371 3
135 628 4
135 334 2
135 581 3
136 200 3
136 915 1
136 428 1
137 936 1
142 316 1
142 915 1
142 428 1
149 716 2
149 718 1
152 443 2
159 290 1
159 315 1
159 334 1
159 742 1
159 703 1
164 638 1
165 915 1
165 316 1
167 851 2
167 469 1
168 260 2
168 266 3
168 557 1
168 782 3
168 912 4
168 949 2
168 313 1
168 472 3
168 356 2
169 372 2
178 250 1
178 502 1
190 656 1
200 971 1
200 428 1
200 344 3
200 915 4
200 952 5
200 316 2
203 306 1
207 424 1
207 428 4
209 586 1
209 356 2
214 290 1
214 239 1
214 629 1
214 951 1
214 280 2
214 443 1
216 321 1
220 587 1
231 338 1
231 987 1
231 245 2
232 313 1
232 266 1
232 356 1
233 746 1
233 692 1
236 537 3
236 977 1
240 868 1
243 718 1
245 987 1
246 377 1
246 423 1
248 506 1
248 364 1
251 987 1
256 416 1
256 356 1
260 912 2
260 762 1
260 356 4
266 912 1
266 416 1
266 439 6
267 891 4
267 435 1
267 530 7
267 971 1
267 586 1
272 662 2
274 469 1
280 591 1
280 607 1
291 429 2
302 915 1
302 428 1
306 660 1
306 659 2
306 374 1
311 987 1
311 582 1
313 356 1
316 428 4
316 915 1
318 684 1
318 499 1
318 332 1
321 684 1
324 388 1
324 534 3
324 591 3
327 381 4
332 500 2
332 782 2
334 388 1
334 534 1
335 899 1
337 505 1
338 987 1
344 915 1
349 976 1
353 891 1
355 686 1
356 743 2
356 912 1
356 949 3
356 472 8
356 602 1
356 765 2
360 891 1
361 987 1
362 765 1
364 987 1
369 513 1
377 423 1
383 720 3
388 742 2
388 534 1
398 712 1
401 429 4
405 936 1
406 527 1
407 843 6
407 724 1
413 935 3
414 891 1
415 890 1
415 587 1
416 586 3
418 977 1
421 630 3
422 680 2
428 647 3
428 915 6
428 857 6
429 454 3
432 987 1
433 987 1
435 500 1
438 818 2
440 737 1
440 843 1
442 506 1
447 984 1
454 772 3
454 592 1
454 696 1
458 684 1
472 782 4
482 987 1
491 905 1
493 685 2
499 558 3
499 565 1
506 670 1
516 881 1
516 761 2
516 783 1
517 743 2
530 891 2
530 685 2
530 838 1
531 987 1
535 823 1
538 547 1
538 572 2
540 987 1
543 915 1
550 746 1
552 901 1
558 684 1
559 622 4
565 684 1
577 936 1
581 936 2
582 987 2
586 617 1
586 782 2
586 984 1
587 720 2
587 890 1
591 718 1
599 710 1
602 743 1
606 879 1
607 843 1
607 629 1
609 772 1
609 686 1
622 676 4
641 987 1
647 915 1
650 682 3
650 828 1
650 738 2
650 654 2
650 783 2
654 991 1
656 838 2
662 900 1
684 844 2
684 956 1
685 1001 1
685 724 1
692 935 1
698 987 1
704 743 1
718 724 1
720 731 1
724 843 1
738 783 1
746 935 4
761 881 1
761 783 1
762 984 1
764 987 1
765 908 1
771 951 2
774 947 7
789 987 1
790 868 4
790 812 5
809 987 1
838 891 11
838 971 2
840 987 1
843 883 1
849 987 1
851 858 1
857 915 1
872 987 1
873 987 1
912 949 1
915 971 1
915 953 1
915 952 1
915 990 1
925 987 1
955 987 1
987 994 1
