0
1
2
3
4
5
6
7
8
9
10
11
12
13
14
15
16
17
18
19
20
21
22
23
24
25
26
27
28
29
30
31
32
33
34
35
36
37
38
39
40
41
42
43
44
45
46
47
48
49
50
51
52
53
54
55
56
57
58
59
60
61
62
63
64
65
66
67
68
69
70
71
72
73
74
75
76
77
78
79
80
81
82
83
84
85
86
87
88
89
90
91
92
93
94
95
96
97
98
99
100
101
102
103
104
105
106
107
108
109
110
111
112
113
114
115
116
117
118
119
120
121
122
123
124
125
126
127
128
129
130
131
132
133
134
135
136
137
138
139
141
142
143
144
145
146
147
148
149
150
151
152
153
154
155
157
158
159
160
161
162
163
164
165
166
167
168
169
170
171
172
173
174
175
176
177
178
179
180
181
182
183
184
185
186
187
188
189
190
191
192
193
194
195
196
197
198
199
200
201
202
203
204
205
206
207
208
209
210
211
212
213
214
215
216
217
218
219
220
221
222
223
224
225
226
227
228
229
230
231
232
233
235
236
237
238
239
240
241
242
243
244
245
246
247
248
249
250
251
252
253
254
255
256
257
259
260
262
263
264
265
266
267
268
269
270
271
272
273
274
275
276
277
278
279
280
281
282
283
284
285
286
287
288
289
290
291
292
293
294
295
296
297
299
300
301
302
303
304
305
306
307
308
309
310
311
312
313
314
315
316
317
318
319
320
321
322
323
324
325
326
327
328
329
330
331
332
333
334
335
336
337
338
339
340
341
343
344
345
346
347
348
349
350
351
352
353
355
356
357
358
359
360
361
362
364
365
366
367
368
369
370
371
372
373
374
375
376
377
378
379
380
381
382
383
384
385
386
387
388
389
390
391
392
393
394
395
396
397
398
399
400
401
402
403
404
405
406
407
408
409
410
411
412
413
414
415
416
418
419
420
421
422
423
424
425
426
427
428
429
430
431
432
433
434
435
436
437
438
439
440
441
442
443
444
445
446
447
448
449
450
451
452
453
454
455
456
457
458
459
460
461
462
464
465
466
467
468
469
470
471
472
473
474
475
476
477
478
479
480
481
482
483
484
485
486
487
488
489
490
491
492
493
495
496
497
498
499
500
501
502
503
504
505
506
507
508
509
510
511
512
513
514
515
516
517
518
519
520
521
522
523
524
525
526
527
528
530
531
532
533
534
535
536
537
538
539
540
541
542
543
544
545
546
547
548
549
550
551
552
553
554
556
557
558
559
560
561
562
563
564
565
566
567
568
569
570
571
572
573
574
575
576
577
578
579
580
581
582
583
584
585
586
587
588
589
590
591
592
593
594
595
596
597
598
599
600
601
602
603
604
605
606
607
609
610
611
612
613
614
615
616
617
618
619
621
622
623
624
625
626
627
628
629
630
631
632
633
634
635
636
637
638
639
640
641
642
643
644
645
646
647
648
649
650
651
652
653
654
655
656
657
658
659
660
661
662
663
664
665
666
667
668
669
670
671
672
673
674
675
676
677
678
679
680
681
682
683
684
685
686
687
688
689
690
691
692
693
694
695
696
697
698
699
700
701
702
703
704
705
706
707
708
709
710
711
712
713
714
715
716
717
718
719
720
721
722
723
724
725
726
727
728
729
730
731
732
733
734
735
736
737
738
739
740
741
742
743
744
745
746
747
748
749
750
751
752
753
754
756
757
758
759
760
761
762
763
764
765
767
768
769
770
771
772
773
774
775
776
777
778
779
780
781
782
783
784
785
786
787
788
789
790
791
792
793
794
795
796
797
798
799
800
801
802
803
804
805
806
807
808
809
810
811
812
813
814
815
816
817
818
819
820
821
822
823
824
825
826
827
828
829
830
831
832
833
834
835
836
837
838
839
840
841
842
843
844
845
846
847
848
849
850
851
852
853
854
855
856
857
858
859
860
861
862
863
864
865
866
867
868
869
870
871
872
873
874
875
876
877
878
879
880
881
882
883
884
885
886
887
888
889
890
891
892
893
894
895
896
897
898
899
900
901
902
903
904
905
906
907
908
909
910
911
912
913
914
915
916
917
918
919
920
921
922
923
924
925
926
927
928
929
930
931
932
933
934
935
936
937
938
939
940
941
942
943
944
945
946
947
948
949
950
951
952
953
954
955
956
957
958
960
961
962
963
964
965
966
967
968
969
970
971
972
973
974
975
976
977
978
979
980
981
982
983
984
985
986
987
988
989
990
991
992
993
994
995
996
997
998
999
1000
1001
1002
1003
1004
0 178 2
0 732 2
0 605 1
2 166 2
2 715 1
2 782 2
2 404 1
2 126 2
2 119 1
2 988 1
2 638 4
2 479 1
4 441 1
4 135 2
5 553 1
5 491 2
5 670 2
6 178 2
8 544 2
13 738 1
13 951 1
13 783 1
14 738 1
14 644 1
14 1001 1
14 924 1
14 381 1
14 702 1
15 680 1
15 731 5
16 293 1
17 316 1
19 293 1
24 167 1
24 267 1
24 909 2
24 561 3
24 530 1
24 629 6
24 280 3
24 281 2
24 891 5
25 458 1
25 684 3
28 987 4
29 491 2
29 381 2
29 670 1
30 912 1
30 356 2
30 885 2
31 915 3
31 795 2
31 316 1
31 165 8
31 838 1
32 977 1
32 921 1
35 207 1
35 165 1
35 469 1
38 474 1
38 939 3
40 272 2
40 802 1
40 187 1
40 572 1
41 73 5
41 723 4
42 943 1
46 622 1
48 723 1
48 684 2
48 558 1
48 319 1
50 559 4
52 232 1
52 948 2
52 126 2
55 404 4
56 482 3
56 987 4
56 772 1
56 491 1
58 818 1
58 909 3
61 450 1
61 356 3
61 517 1
61 166 1
61 135 1
61 393 3
61 718 7
61 591 2
61 742 2
61 851 1
61 692 1
61 502 1
61 388 1
61 602 1
61 915 1
61 157 1
62 800 4
62 163 1
62 646 2
62 823 1
62 542 1
62 159 2
67 963 17
67 165 5
67 391 3
67 846 5
67 207 5
67 561 3
67 344 7
68 987 4
69 943 2
70 776 1
71 595 6
73 723 1
73 644 1
73 926 1
74 416 1
74 356 1
74 166 1
74 392 2
74 112 1
74 573 1
75 220 2
75 948 3
75 550 1
76 471 1
77 912 1
78 178 2
78 506 1
82 267 1
82 135 2
83 742 1
84 534 2
86 152 1
86 443 8
86 662 2
86 742 1
90 648 1
90 356 3
90 765 1
90 534 1
91 499 1
92 316 1
92 165 1
92 838 2
95 987 4
98 592 2
98 401 3
98 268 1
99 178 2
101 377 1
101 718 1
101 246 3
101 423 2
102 293 1
102 638 1
103 514 1
103 943 2
103 164 1
103 423 1
104 721 1
104 313 2
104 425 21
105 418 27
105 996 1
106 740 1
107 810 2
111 586 5
112 1000 2
112 267 4
112 870 1
113 250 1
114 122 1
117 268 1
118 732 3
119 812 2
120 948 3
120 196 1
122 716 1
125 510 1
125 622 7
126 416 3
126 868 1
126 869 1
126 586 3
126 782 1
126 240 1
126 790 4
126 356 3
126 948 5
126 542 2
127 687 2
129 926 2
133 602 2
133 948 2
133 765 2
134 592 2
134 738 1
135 581 5
135 870 2
135 776 1
135 233 2
135 746 2
135 371 2
135 942 1
135 337 4
135 936 3
135 628 3
135 405 1
135 855 2
135 292 3
135 170 1
135 703 4
136 200 7
136 857 1
136 915 2
136 316 2
136 165 1
139 323 1
139 510 1
139 487 1
141 188 1
141 630 2
142 165 1
142 267 1
142 207 2
142 274 1
142 143 1
142 316 1
147 416 2
147 577 2
147 931 2
147 196 1
147 933 2
147 609 1
147 972 2
147 171 2
147 748 2
147 590 2
147 355 2
147 277 2
147 347 2
147 285 2
147 926 4
147 686 2
149 372 3
149 293 1
150 415 1
151 253 2
152 742 1
153 418 2
157 577 1
157 746 1
157 248 1
157 347 1
157 926 1
159 416 4
159 290 1
159 868 1
159 233 1
159 746 3
159 214 1
160 167 1
160 658 1
160 629 4
160 857 1
160 280 2
160 281 1
161 746 2
163 799 1
163 646 3
163 895 1
164 638 2
165 647 1
165 401 5
165 915 1
165 280 1
165 543 1
165 428 1
165 302 1
165 952 1
165 953 1
165 316 4
165 200 2
165 971 1
165 344 4
165 857 3
165 349 1
165 990 3
165 890 1
166 356 3
166 392 3
166 586 1
167 547 1
167 585 1
167 469 2
167 630 1
168 416 1
168 356 9
168 966 3
168 232 4
168 425 1
168 266 2
168 556 2
168 912 10
168 648 3
168 949 12
168 439 2
168 472 4
168 260 2
171 926 1
173 506 1
173 738 1
173 702 1
175 737 2
175 423 1
175 977 3
178 409 2
178 538 2
178 929 2
178 295 2
178 693 2
178 569 2
178 314 2
178 577 2
178 710 2
178 333 3
178 976 2
178 339 2
178 470 2
178 599 3
178 605 2
178 862 2
178 991 2
178 228 5
178 502 4
178 249 2
178 767 2
184 718 1
185 830 1
187 450 1
188 421 2
188 614 1
188 978 1
188 469 2
188 502 1
189 362 1
189 502 1
191 752 1
191 692 1
191 415 1
192 506 1
196 291 1
196 454 1
196 268 1
196 850 1
197 718 1
199 644 1
199 506 2
199 996 2
199 738 1
200 971 1
200 915 5
200 857 3
200 316 2
207 561 1
207 558 1
207 428 1
207 301 1
207 847 2
207 424 2
207 373 2
207 408 1
207 954 2
207 795 3
207 988 2
207 469 5
209 356 1
214 746 4
214 940 3
214 334 1
214 239 1
214 629 1
216 458 2
216 558 2
216 319 1
220 362 1
220 334 1
220 471 3
220 506 1
220 383 6
223 746 1
223 879 1
223 322 1
223 343 1
224 316 1
224 349 1
228 605 2
229 421 1
229 742 1
230 926 1
231 738 1
231 874 2
231 338 1
231 245 3
231 987 4
231 540 7
231 607 1
232 356 3
232 425 2
232 946 1
232 790 2
232 472 2
232 313 2
232 602 2
232 765 2
233 835 2
233 329 3
233 746 1
233 692 3
239 416 1
239 923 2
239 868 1
239 934 1
241 978 1
241 469 1
245 994 2
245 840 1
245 874 2
245 591 1
245 692 1
245 987 4
245 540 3
246 293 1
246 423 5
248 746 2
248 506 2
250 513 1
250 770 1
250 485 1
250 646 1
250 551 2
250 535 1
250 332 3
250 369 3
250 722 1
250 886 2
250 854 2
250 823 1
250 444 1
250 542 2
251 987 4
256 416 3
256 648 1
256 478 5
256 313 2
260 912 2
260 439 1
266 912 1
267 517 3
267 586 12
267 561 7
267 435 4
267 686 2
267 891 2
268 454 2
268 713 1
268 592 1
268 633 1
270 738 1
272 595 1
272 662 1
273 951 4
277 285 3
277 926 1
277 715 1
278 923 2
278 772 1
280 288 1
280 630 1
280 547 4
280 388 2
280 360 1
280 530 1
280 685 1
280 846 4
280 493 1
280 561 3
280 658 3
280 629 11
280 502 1
280 631 3
280 526 1
280 891 1
281 484 1
281 491 1
281 526 1
281 349 3
284 731 1
284 422 2
285 926 1
288 484 18
288 773 18
288 391 20
288 493 18
288 846 18
288 561 19
288 629 21
288 630 1
288 445 14
289 506 1
291 401 3
292 506 2
293 866 1
293 716 1
293 724 1
293 862 1
294 416 1
294 648 2
294 586 3
294 782 2
294 817 2
299 388 3
301 469 1
302 316 1
304 441 1
306 742 2
310 943 4
310 343 1
311 987 4
311 955 1
313 416 1
313 356 4
313 602 1
313 765 1
316 344 1
316 647 1
316 971 1
316 428 1
316 915 7
316 953 2
316 952 1
316 857 3
316 543 1
316 349 1
316 990 1
318 765 2
319 832 1
319 386 1
319 684 1
319 558 5
319 499 1
321 458 1
321 499 4
321 684 1
321 565 1
321 558 1
322 740 1
322 638 3
322 879 5
323 939 1
323 622 4
327 738 1
327 924 2
329 624 1
329 775 1
332 500 13
334 607 1
335 362 1
335 381 1
336 715 1
337 870 1
337 603 4
337 502 1
337 638 2
338 994 1
338 987 4
338 540 1
343 879 2
343 943 4
343 368 1
343 853 2
343 399 2
343 607 1
347 715 1
347 926 1
349 976 5
353 838 1
353 391 8
355 926 1
356 517 2
356 648 10
356 912 13
356 790 7
356 416 7
356 602 2
356 948 3
356 586 4
356 718 3
356 472 7
356 730 7
356 868 1
356 743 2
356 762 1
356 765 5
360 629 3
361 987 4
362 909 1
362 724 1
362 662 1
362 383 5
365 866 1
369 913 4
369 444 1
369 646 1
371 585 5
371 441 2
372 595 2
372 404 2
372 934 2
373 391 20
377 951 3
378 514 1
378 603 2
381 738 1
381 658 1
381 506 1
381 670 1
383 595 1
383 891 3
383 586 2
388 832 1
388 638 4
391 629 1
391 445 5
399 943 1
400 742 1
401 454 6
401 683 1
401 429 4
401 415 4
404 506 1
404 595 1
410 977 6
414 607 1
415 833 1
415 803 3
415 630 1
415 587 1
415 752 1
416 425 4
416 586 6
416 648 3
416 946 2
416 948 6
416 885 1
416 472 1
418 996 63
421 424 4
421 795 1
421 469 1
422 680 4
422 731 2
422 572 2
423 977 1
423 780 2
423 718 1
423 849 1
423 950 2
424 547 1
424 644 1
424 469 1
424 795 1
425 946 4
425 472 2
427 955 1
429 454 2
432 480 1
432 482 1
432 987 4
433 987 5
433 540 1
433 789 1
435 586 4
437 738 1
438 818 1
439 912 4
443 742 1
443 662 7
444 535 1
445 629 1
447 586 3
450 712 2
450 746 1
450 595 2
454 1003 1
454 592 4
458 577 1
458 1000 1
458 684 2
458 558 2
458 503 1
465 812 4
469 547 1
469 614 1
469 817 1
469 954 1
469 795 1
469 957 1
472 743 1
474 939 1
478 818 1
480 506 1
480 987 4
481 565 3
482 987 4
484 629 1
485 823 1
485 799 1
493 561 2
493 629 3
499 704 1
499 844 3
499 684 2
499 558 1
499 565 3
499 607 1
500 782 1
500 814 4
502 591 1
502 742 1
502 687 1
502 746 1
502 718 1
502 976 2
502 915 1
502 538 2
502 923 1
502 605 2
502 862 2
505 603 3
506 899 1
506 644 3
506 537 1
506 541 5
506 688 1
506 828 1
506 576 1
506 841 3
506 738 1
506 996 12
506 745 1
509 603 1
510 622 4
513 646 1
514 832 3
514 1001 1
514 780 1
514 977 1
514 950 1
514 603 3
516 738 1
516 804 1
516 783 1
516 532 2
516 790 2
516 828 1
517 751 1
526 629 3
526 561 2
527 696 3
527 870 2
528 772 1
530 746 3
530 629 12
530 630 1
530 891 1
531 746 1
531 987 8
532 738 1
534 609 1
534 746 1
534 939 1
534 591 1
540 994 3
540 955 1
540 840 1
540 874 2
540 855 1
540 987 4
541 738 1
542 646 1
542 746 1
542 765 2
543 952 1
543 951 1
544 580 2
544 669 2
544 741 1
548 943 1
550 873 2
550 812 3
550 595 1
550 629 2
550 920 1
552 988 1
553 670 1
558 565 1
558 956 2
559 622 8
561 846 12
561 629 8
565 684 1
565 723 1
565 956 2
565 926 1
573 586 1
575 966 2
576 657 1
576 738 1
582 987 4
582 764 1
585 771 2
586 648 1
586 782 2
586 885 2
586 984 4
586 762 1
587 720 1
587 617 2
590 926 1
591 742 1
591 746 3
591 718 1
592 609 1
592 948 3
595 934 1
595 696 2
595 732 1
599 849 1
602 765 2
603 780 2
603 822 2
603 735 2
605 1001 4
605 693 2
607 742 1
607 696 1
607 891 1
609 855 1
613 772 1
618 644 1
622 676 7
629 772 1
629 776 1
629 658 3
629 685 3
629 846 3
629 978 2
629 750 4
629 630 4
629 631 3
629 891 5
630 685 3
630 700 2
630 894 1
634 788 1
634 638 1
638 832 1
638 950 1
641 987 4
643 685 4
644 738 1
644 924 11
648 912 3
648 790 2
648 765 1
650 738 1
650 682 1
654 738 1
654 682 1
654 783 1
656 891 1
657 921 1
657 738 1
659 742 1
662 802 2
662 900 2
663 943 2
668 720 2
668 746 6
668 813 1
668 935 1
670 688 1
671 746 1
672 844 1
679 684 2
682 738 2
682 783 1
684 704 3
684 844 1
684 918 1
684 746 3
685 1001 4
686 926 1
687 746 2
687 742 1
692 742 3
692 746 3
692 830 1
697 925 3
697 855 5
698 987 4
700 881 2
700 956 1
700 812 2
702 738 1
702 996 4
704 743 2
711 718 2
715 926 5
716 718 1
718 746 1
718 883 2
718 724 2
718 980 2
718 851 1
719 738 1
720 746 15
720 813 2
720 935 3
721 765 4
730 912 8
730 868 2
731 746 2
738 783 3
738 921 1
738 923 2
738 924 1
738 945 1
738 828 1
738 837 1
738 850 1
738 979 1
738 996 1
738 1001 1
738 881 1
738 745 2
738 761 1
739 746 1
740 788 1
740 879 2
742 769 1
742 771 1
742 900 11
742 901 1
742 835 1
742 863 1
742 993 1
742 746 3
742 765 1
742 784 1
745 837 1
746 900 1
746 776 4
746 920 3
746 935 15
746 775 2
746 813 5
746 834 2
746 851 1
746 980 1
746 994 1
748 926 1
754 907 1
759 984 1
764 874 2
764 987 4
765 912 1
765 948 1
765 868 2
772 993 1
772 997 1
772 870 1
772 812 1
772 783 1
774 947 37
779 883 1
780 832 1
783 979 1
783 921 1
789 987 4
789 873 2
790 812 4
790 984 2
801 872 1
803 948 1
804 881 2
809 987 4
813 935 1
838 952 1
840 874 2
840 987 4
849 987 4
851 957 1
854 948 1
857 915 6
862 909 2
872 987 4
873 874 2
873 987 4
891 920 1
912 949 4
923 951 2
925 987 4
925 955 1
926 931 1
926 933 1
926 972 1
943 950 1
948 949 3
950 977 2
952 971 2
955 987 5
987 994 4
