0
1
2
3
4
5
6
7
8
9
10
11
12
13
14
15
16
17
18
19
20
21
22
23
24
25
26
27
28
29
30
31
32
33
34
35
36
37
38
39
40
41
42
43
44
45
46
47
48
49
50
51
52
53
54
55
56
57
58
59
60
61
62
63
64
65
66
67
68
69
70
71
72
73
74
75
76
77
78
79
80
81
82
83
84
85
86
87
88
89
90
91
92
93
94
95
96
97
98
99
100
101
102
103
104
105
106
107
108
109
110
111
112
113
114
115
116
117
118
119
120
121
122
123
124
125
126
127
128
129
130
131
132
133
134
135
136
137
138
139
141
142
143
144
145
146
147
148
149
150
151
152
153
154
155
157
158
159
160
161
162
163
164
165
166
167
168
169
170
171
172
173
174
175
176
177
178
179
180
181
182
183
184
185
186
187
188
189
190
191
192
193
194
195
196
197
198
199
200
201
202
203
204
205
206
207
208
209
210
211
212
213
214
215
216
217
218
219
220
221
222
223
224
225
226
227
228
229
230
231
232
233
235
236
237
238
239
240
241
242
243
244
245
246
247
248
249
250
251
252
253
254
255
256
257
259
260
262
263
264
265
266
267
268
269
270
271
272
273
274
275
276
277
278
279
280
281
282
283
284
285
286
287
288
289
290
291
292
293
294
295
296
297
299
300
301
302
303
304
305
306
307
308
309
310
311
312
313
314
315
316
317
318
319
320
321
322
323
324
325
326
327
328
329
330
331
332
333
334
335
336
337
338
339
340
341
343
344
345
346
347
348
349
350
351
352
353
355
356
357
358
359
360
361
362
364
365
366
367
368
369
370
371
372
373
374
375
376
377
378
379
380
381
382
383
384
385
386
387
388
389
390
391
392
393
394
395
396
397
398
399
400
401
402
403
404
405
406
407
408
409
410
411
412
413
414
415
416
418
419
420
421
422
423
424
425
426
427
428
429
430
431
432
433
434
435
436
437
438
439
440
441
442
443
444
445
446
447
448
449
450
451
452
453
454
455
456
457
458
459
460
461
462
464
465
466
467
468
469
470
471
472
473
474
475
476
477
478
479
480
481
482
483
484
485
486
487
488
489
490
491
492
493
495
496
497
498
499
500
501
502
503
504
505
506
507
508
509
510
511
512
513
514
515
516
517
518
519
520
521
522
523
524
525
526
527
528
530
531
532
533
534
535
536
537
538
539
540
541
542
543
544
545
546
547
548
549
550
551
552
553
554
556
557
558
559
560
561
562
563
564
565
566
567
568
569
570
571
572
573
574
575
576
577
578
579
580
581
582
583
584
585
586
587
588
589
590
591
592
593
594
595
596
597
598
599
600
601
602
603
604
605
606
607
609
610
611
612
613
614
615
616
617
618
619
621
622
623
624
625
626
627
628
629
630
631
632
633
634
635
636
637
638
639
640
641
642
643
644
645
646
647
648
649
650
651
652
653
654
655
656
657
658
659
660
661
662
663
664
665
666
667
668
669
670
671
672
673
674
675
676
677
678
679
680
681
682
683
684
685
686
687
688
689
690
691
692
693
694
695
696
697
698
699
700
701
702
703
704
705
706
707
708
709
710
711
712
713
714
715
716
717
718
719
720
721
722
723
724
725
726
727
728
729
730
731
732
733
734
735
736
737
738
739
740
741
742
743
744
745
746
747
748
749
750
751
752
753
754
756
757
758
759
760
761
762
763
764
765
767
768
769
770
771
772
773
774
775
776
777
778
779
780
781
782
783
784
785
786
787
788
789
790
791
792
793
794
795
796
797
798
799
800
801
802
803
804
805
806
807
808
809
810
811
812
813
814
815
816
817
818
819
820
821
822
823
824
825
826
827
828
829
830
831
832
833
834
835
836
837
838
839
840
841
842
843
844
845
846
847
848
849
850
851
852
853
854
855
856
857
858
859
860
861
862
863
864
865
866
867
868
869
870
871
872
873
874
875
876
877
878
879
880
881
882
883
884
885
886
887
888
889
890
891
892
893
894
895
896
897
898
899
900
901
902
903
904
905
906
907
908
909
910
911
912
913
914
915
916
917
918
919
920
921
922
923
924
925
926
927
928
929
930
931
932
933
934
935
936
937
938
939
940
941
942
943
944
945
946
947
948
949
950
951
952
953
954
955
956
957
958
960
961
962
963
964
965
966
967
968
969
970
971
972
973
974
975
976
977
978
979
980
981
982
983
984
985
986
987
988
989
990
991
992
993
994
995
996
997
998
999
1000
1001
1002
1003
1004
0 705 1
0 178 1
2 231 2
2 119 2
4 135 1
5 29 1
5 335 2
6 178 1
8 544 1
13 738 1
13 516 1
14 644 1
14 738 1
14 611 1
14 516 1
15 680 2
15 731 1
17 915 1
17 316 2
24 530 3
24 891 1
24 629 1
24 750 1
24 909 1
28 987 2
28 231 1
29 724 1
29 670 1
30 356 1
30 765 1
31 585 1
31 316 2
31 165 2
32 921 2
32 197 1
35 851 1
35 469 2
38 184 2
40 712 1
40 65 1
40 833 1
41 73 1
41 723 1
42 402 1
42 70 1
46 603 1
48 704 1
48 684 2
50 559 3
53 923 1
53 742 1
55 595 1
56 987 3
56 789 1
61 969 1
61 591 1
61 718 2
61 135 1
62 800 20
62 485 5
62 518 3
62 646 5
62 113 1
62 571 5
65 416 1
65 609 1
65 963 1
65 196 1
65 997 1
65 865 1
65 75 36
65 720 1
65 147 1
65 948 1
65 120 1
65 987 1
65 220 1
66 782 4
67 963 1
67 165 2
67 391 1
67 846 1
67 207 1
67 658 1
67 344 1
68 987 2
70 334 2
70 534 1
71 595 1
73 723 1
74 573 1
75 220 3
75 334 2
75 607 1
77 912 1
78 178 1
78 767 1
82 771 1
82 870 1
82 135 1
83 863 1
86 443 3
88 906 5
88 343 1
90 178 2
90 107 1
90 670 1
91 149 1
92 316 2
95 987 2
96 420 2
98 707 1
98 454 1
98 134 1
98 713 1
98 107 1
98 268 2
98 429 1
98 401 1
98 117 2
98 278 1
99 178 2
101 724 2
102 705 1
103 310 1
104 648 4
104 425 7
104 765 1
104 790 2
105 418 11
105 374 4
107 664 1
107 810 1
107 381 1
109 721 1
111 648 1
111 571 1
113 646 1
114 122 1
118 502 6
120 160 1
120 742 4
120 231 2
120 334 1
120 178 2
120 502 1
120 923 1
125 139 1
125 676 1
126 232 2
126 256 3
126 435 1
126 790 4
126 721 4
132 832 1
134 168 1
134 226 1
134 850 1
135 718 2
135 450 2
135 581 1
135 870 1
135 170 2
135 942 2
135 591 1
135 371 1
135 628 1
135 245 1
135 214 1
136 915 3
136 316 2
139 309 1
139 487 1
142 857 2
142 915 5
142 316 2
142 207 2
143 544 1
149 372 1
150 629 1
151 253 1
157 248 1
157 347 1
157 530 2
157 891 2
160 552 1
160 367 2
160 629 3
160 280 1
160 571 11
161 571 8
164 402 1
164 943 1
165 401 1
165 344 4
165 857 1
165 316 4
166 743 1
167 954 1
167 851 1
167 469 3
168 416 5
168 868 4
168 260 1
168 744 1
168 912 15
168 946 1
168 439 1
168 472 4
168 356 2
169 595 3
169 951 3
170 855 1
170 231 1
170 245 2
170 581 1
171 214 1
173 738 1
173 516 1
175 275 3
178 214 2
178 409 1
178 538 1
178 929 1
178 295 1
178 693 1
178 569 1
178 314 1
178 710 1
178 333 2
178 976 1
178 339 1
178 470 1
178 599 1
178 605 14
178 862 2
178 991 1
178 228 1
178 359 1
178 749 3
178 878 1
178 502 9
178 249 1
178 767 1
181 190 3
185 762 1
187 450 2
188 851 1
188 469 2
189 506 3
189 629 2
189 214 1
190 656 3
190 353 4
190 274 3
190 373 4
193 807 1
196 518 1
197 923 5
199 738 1
199 516 1
200 344 1
200 915 2
200 316 3
207 424 1
207 469 2
207 630 2
207 795 1
207 349 3
214 891 2
214 742 3
214 233 2
214 334 1
214 499 1
214 629 3
214 502 2
214 923 2
214 316 2
214 703 1
224 316 3
226 338 1
228 605 1
229 306 1
229 687 1
229 334 1
229 607 3
231 742 2
231 840 2
231 915 1
231 245 1
231 502 3
231 987 2
231 874 2
232 472 6
232 425 3
232 946 1
233 692 2
233 835 2
233 540 1
233 245 5
239 784 1
241 851 1
241 469 2
245 581 2
245 264 3
245 329 2
245 951 1
245 687 1
245 624 2
245 840 1
245 692 2
245 987 2
245 540 4
245 874 2
246 724 1
248 891 4
250 782 5
250 551 1
251 987 2
256 721 1
260 912 1
260 266 5
264 329 3
264 338 2
268 633 1
270 738 1
270 516 1
272 585 1
272 450 1
272 900 2
273 890 1
277 546 1
277 571 1
277 746 3
278 290 1
280 629 1
288 629 3
288 484 2
288 773 2
288 846 2
288 391 4
289 810 1
293 697 3
293 547 2
293 724 2
293 383 2
300 784 1
301 978 2
301 851 1
301 469 2
302 316 2
304 441 3
305 946 1
306 784 2
306 790 2
306 863 2
309 832 1
309 534 2
310 337 4
311 697 2
311 987 2
313 721 1
314 929 1
316 647 2
316 915 4
316 543 2
316 428 4
316 952 2
316 953 2
316 971 2
316 344 2
316 857 4
316 349 2
316 990 2
316 351 2
316 888 2
318 704 1
319 832 1
319 1002 7
321 499 1
322 879 1
324 534 1
324 638 2
327 849 1
327 738 1
327 516 1
327 381 1
327 897 1
329 624 1
329 338 1
333 605 1
333 767 1
334 416 1
334 772 1
334 586 2
334 749 2
334 696 1
334 607 1
337 505 1
338 987 2
338 540 1
343 663 3
344 373 3
347 933 1
349 888 1
349 976 1
349 990 3
353 391 3
356 425 1
356 912 1
356 721 2
360 629 1
361 987 2
362 784 2
362 383 3
369 535 3
372 951 2
373 391 3
378 832 1
378 780 1
383 387 1
383 956 1
383 887 1
387 851 3
390 784 8
390 771 7
391 484 1
391 629 1
394 571 5
397 671 1
397 975 1
400 784 1
400 813 1
401 415 2
402 649 1
402 943 1
402 788 1
402 634 2
407 843 1
410 719 2
414 891 2
415 833 1
415 546 1
415 429 3
415 878 2
415 851 1
415 762 1
415 915 1
416 425 1
416 912 1
416 948 5
416 790 3
418 996 3
420 559 4
420 879 2
421 424 2
421 851 1
421 795 1
421 469 2
422 731 1
423 832 2
424 851 1
424 469 2
424 795 2
424 990 1
425 912 6
425 648 2
425 946 11
425 948 1
425 765 2
428 915 3
428 990 1
429 454 1
432 987 2
433 849 1
433 987 3
435 782 1
437 738 1
437 516 1
439 912 3
439 790 1
440 537 1
443 662 2
443 742 5
445 629 1
450 802 1
450 571 13
450 712 1
450 947 1
450 695 1
450 568 1
450 572 1
451 469 1
454 772 1
469 547 2
469 614 2
469 817 2
469 851 3
469 954 2
469 795 2
469 957 2
469 990 1
480 987 2
482 641 1
482 987 2
484 629 1
484 630 1
485 800 1
485 518 1
485 854 2
485 646 2
490 586 1
493 629 1
500 782 1
500 814 1
506 738 1
506 516 1
513 518 1
514 832 1
514 780 1
516 644 1
516 650 1
516 783 2
516 657 1
516 532 1
516 790 1
516 921 1
516 923 1
516 924 3
516 541 1
516 804 1
516 682 1
516 945 1
516 828 1
516 654 1
516 576 1
516 837 1
516 719 1
516 850 1
516 979 1
516 738 2
516 996 1
516 1001 1
516 881 2
516 702 1
516 745 1
516 761 1
518 646 1
518 535 1
518 752 3
518 823 1
522 546 2
522 746 1
523 765 1
526 629 1
527 832 1
527 710 2
530 746 1
530 629 5
530 630 1
530 571 11
531 746 1
531 987 2
532 738 1
534 601 1
534 571 2
538 880 1
538 605 2
540 994 1
540 840 1
540 874 2
540 873 1
540 855 1
540 987 3
541 738 1
542 571 5
542 646 1
543 971 1
544 669 1
546 550 1
547 851 1
550 746 1
550 743 1
551 799 1
551 895 1
559 634 1
561 629 1
571 900 13
571 870 1
571 742 8
571 935 13
571 776 5
571 684 11
571 813 13
571 663 2
571 731 2
573 586 1
576 738 1
581 936 1
582 987 2
585 978 4
586 844 1
591 718 1
591 607 1
595 696 14
595 951 1
602 721 1
605 1001 6
605 685 4
605 693 1
607 712 3
607 687 1
609 633 1
609 707 1
610 629 1
614 851 1
617 811 1
617 923 2
624 764 1
626 863 1
629 658 1
629 685 1
629 846 1
629 750 1
629 630 4
629 631 1
629 891 3
630 746 1
634 788 3
641 987 2
644 738 1
647 915 1
649 832 1
650 738 1
654 738 1
654 991 7
657 921 1
657 738 1
658 731 1
658 846 1
659 742 1
659 863 1
668 720 1
668 746 3
668 935 1
680 707 1
682 738 1
685 1001 4
692 718 1
693 1004 1
696 718 1
697 855 2
697 925 2
698 987 2
700 857 1
700 790 1
701 733 1
702 738 1
703 784 7
707 880 1
707 951 1
707 923 1
715 926 1
718 915 1
719 738 1
719 783 2
720 746 3
720 813 1
720 935 8
721 743 2
721 765 1
723 758 1
724 1004 1
724 921 1
738 783 1
738 921 2
738 923 2
738 924 1
738 945 1
738 828 1
738 837 1
738 850 1
738 979 1
738 996 1
738 1001 1
738 881 1
738 745 1
738 761 1
740 879 2
742 900 2
742 890 3
744 912 5
746 935 6
746 841 2
746 813 8
764 840 1
764 874 2
764 987 2
765 912 1
769 863 1
780 832 2
780 977 1
780 950 1
782 890 1
783 1001 1
784 863 1
789 987 2
795 851 1
796 987 2
799 895 3
809 987 2
813 935 1
817 851 1
832 936 2
832 977 1
832 950 1
838 888 1
838 990 1
840 874 2
840 987 2
843 907 1
844 956 1
849 987 2
850 1001 1
851 978 2
851 954 1
851 957 1
857 915 3
857 952 1
858 991 1
861 896 1
863 993 1
868 912 1
868 948 2
872 987 3
873 874 2
873 987 2
874 925 1
912 946 1
912 948 2
915 971 1
915 952 1
921 923 1
925 987 2
946 948 1
955 987 2
987 994 2
