0
1
2
3
4
5
6
7
8
9
10
11
12
13
14
15
16
17
18
19
20
21
22
23
24
25
26
27
28
29
30
31
32
33
34
35
36
37
38
39
40
41
42
43
44
45
46
47
48
49
50
51
52
53
54
55
56
57
58
59
60
61
62
63
64
65
66
67
68
69
70
71
72
73
74
75
76
77
78
79
80
81
82
83
84
85
86
87
88
89
90
91
92
93
94
95
96
97
98
99
100
101
102
103
104
105
106
107
108
109
110
111
112
113
114
115
116
117
118
119
120
121
122
123
124
125
126
127
128
129
130
131
132
133
134
135
136
137
138
139
141
142
143
144
145
146
147
148
149
150
151
152
153
154
155
157
158
159
160
161
162
163
164
165
166
167
168
169
170
171
172
173
174
175
176
177
178
179
180
181
182
183
184
185
186
187
188
189
190
191
192
193
194
195
196
197
198
199
200
201
202
203
204
205
206
207
208
209
210
211
212
213
214
215
216
217
218
219
220
221
222
223
224
225
226
227
228
229
230
231
232
233
235
236
237
238
239
240
241
242
243
244
245
246
247
248
249
250
251
252
253
254
255
256
257
259
260
262
263
264
265
266
267
268
269
270
271
272
273
274
275
276
277
278
279
280
281
282
283
284
285
286
287
288
289
290
291
292
293
294
295
296
297
299
300
301
302
303
304
305
306
307
308
309
310
311
312
313
314
315
316
317
318
319
320
321
322
323
324
325
326
327
328
329
330
331
332
333
334
335
336
337
338
339
340
341
343
344
345
346
347
348
349
350
351
352
353
355
356
357
358
359
360
361
362
364
365
366
367
368
369
370
371
372
373
374
375
376
377
378
379
380
381
382
383
384
385
386
387
388
389
390
391
392
393
394
395
396
397
398
399
400
401
402
403
404
405
406
407
408
409
410
411
412
413
414
415
416
418
419
420
421
422
423
424
425
426
427
428
429
430
431
432
433
434
435
436
437
438
439
440
441
442
443
444
445
446
447
448
449
450
451
452
453
454
455
456
457
458
459
460
461
462
464
465
466
467
468
469
470
471
472
473
474
475
476
477
478
479
480
481
482
483
484
485
486
487
488
489
490
491
492
493
495
496
497
498
499
500
501
502
503
504
505
506
507
508
509
510
511
512
513
514
515
516
517
518
519
520
521
522
523
524
525
526
527
528
530
531
532
533
534
535
536
537
538
539
540
541
542
543
544
545
546
547
548
549
550
551
552
553
554
556
557
558
559
560
561
562
563
564
565
566
567
568
569
570
571
572
573
574
575
576
577
578
579
580
581
582
583
584
585
586
587
588
589
590
591
592
593
594
595
596
597
598
599
600
601
602
603
604
605
606
607
609
610
611
612
613
614
615
616
617
618
619
621
622
623
624
625
626
627
628
629
630
631
632
633
634
635
636
637
638
639
640
641
642
643
644
645
646
647
648
649
650
651
652
653
654
655
656
657
658
659
660
661
662
663
664
665
666
667
668
669
670
671
672
673
674
675
676
677
678
679
680
681
682
683
684
685
686
687
688
689
690
691
692
693
694
695
696
697
698
699
700
701
702
703
704
705
706
707
708
709
710
711
712
713
714
715
716
717
718
719
720
721
722
723
724
725
726
727
728
729
730
731
732
733
734
735
736
737
738
739
740
741
742
743
744
745
746
747
748
749
750
751
752
753
754
756
757
758
759
760
761
762
763
764
765
767
768
769
770
771
772
773
774
775
776
777
778
779
780
781
782
783
784
785
786
787
788
789
790
791
792
793
794
795
796
797
798
799
800
801
802
803
804
805
806
807
808
809
810
811
812
813
814
815
816
817
818
819
820
821
822
823
824
825
826
827
828
829
830
831
832
833
834
835
836
837
838
839
840
841
842
843
844
845
846
847
848
849
850
851
852
853
854
855
856
857
858
859
860
861
862
863
864
865
866
867
868
869
870
871
872
873
874
875
876
877
878
879
880
881
882
883
884
885
886
887
888
889
890
891
892
893
894
895
896
897
898
899
900
901
902
903
904
905
906
907
908
909
910
911
912
913
914
915
916
917
918
919
920
921
922
923
924
925
926
927
928
929
930
931
932
933
934
935
936
937
938
939
940
941
942
943
944
945
946
947
948
949
950
951
952
953
954
955
956
957
958
960
961
962
963
964
965
966
967
968
969
970
971
972
973
974
975
976
977
978
979
980
981
982
983
984
985
986
987
988
989
990
991
992
993
994
995
996
997
998
999
1000
1001
1002
1003
1004
2 868 2
2 602 2
2 52 2
2 790 2
6 333 1
16 506 1
16 843 1
17 857 1
17 915 2
17 428 1
24 891 5
24 629 6
24 647 2
25 48 1
29 249 1
29 333 2
30 256 1
30 313 1
30 90 1
30 356 2
31 915 1
32 977 2
32 716 1
32 718 1
32 127 1
35 858 1
35 469 1
35 167 1
40 712 1
40 450 2
40 572 1
41 723 1
41 565 1
41 758 1
48 458 1
48 558 1
48 216 1
48 956 2
48 319 1
49 248 2
61 591 1
61 135 3
61 450 1
61 718 3
61 991 2
65 771 1
65 927 1
67 344 6
67 963 6
67 165 3
67 207 7
69 706 1
71 595 1
75 220 2
75 772 1
77 168 6
77 912 1
83 784 1
84 343 1
90 416 1
90 356 1
90 454 1
90 841 1
90 987 1
90 189 1
90 927 1
92 915 1
95 531 1
95 742 1
98 592 3
98 401 3
98 707 1
98 454 4
101 423 1
103 514 8
105 418 2
107 335 1
112 674 1
112 267 1
119 790 1
122 693 3
125 676 3
125 622 3
126 168 5
126 256 4
126 416 3
126 573 1
127 184 1
127 718 2
134 592 3
134 454 3
135 581 1
135 628 6
135 942 5
135 703 1
136 371 1
136 857 1
136 915 1
136 543 1
141 469 1
142 915 1
142 428 1
147 454 3
147 927 1
150 454 1
150 415 2
157 617 1
157 590 1
159 290 1
159 940 3
159 398 1
159 687 1
159 912 2
159 915 1
159 214 3
159 923 6
159 316 1
160 543 1
164 548 2
165 454 1
165 422 4
165 428 2
165 401 8
165 915 1
165 857 1
165 316 1
167 469 2
168 416 5
168 356 5
168 232 1
168 557 2
168 912 10
168 472 1
168 260 4
168 868 5
168 575 1
175 688 1
175 423 1
180 958 1
188 978 1
188 988 1
188 469 3
189 977 3
189 718 2
191 927 1
191 415 4
193 720 2
193 923 2
193 581 1
193 230 2
199 644 1
200 952 3
200 915 1
200 543 1
207 424 4
207 795 4
207 469 2
207 847 1
209 868 1
209 356 3
214 290 2
214 844 2
214 783 1
214 912 1
214 923 1
214 316 1
214 765 1
215 639 1
216 321 1
216 956 1
220 334 1
229 306 4
229 659 1
229 374 1
231 698 1
233 450 1
236 537 1
236 393 1
241 469 1
245 698 1
246 423 1
250 927 2
253 290 1
253 566 1
256 313 2
256 356 2
260 912 1
267 586 10
267 891 4
267 674 2
268 592 1
272 754 1
272 450 1
280 629 1
290 669 1
290 739 1
291 401 3
291 454 2
293 605 1
294 313 2
299 388 2
299 509 1
299 638 3
302 915 1
306 742 2
306 450 1
306 374 1
310 343 1
311 955 3
313 416 2
313 356 1
316 428 3
316 915 1
316 857 2
318 332 2
319 956 1
322 879 1
322 343 1
327 381 2
333 767 1
334 628 1
334 356 1
334 607 2
341 951 1
343 706 1
343 822 1
343 939 1
343 663 2
343 735 1
344 915 1
344 543 1
347 966 1
353 891 2
356 416 2
356 868 2
356 912 3
356 472 1
356 765 2
356 607 4
364 506 1
364 983 1
372 595 1
377 718 2
378 514 1
379 568 1
380 712 1
388 843 1
388 534 1
388 638 2
398 712 7
398 450 2
401 454 5
401 429 8
401 415 4
407 843 1
408 847 1
415 833 1
415 569 3
416 586 1
416 868 1
418 977 7
421 424 4
421 795 2
421 469 1
423 977 1
424 978 1
424 469 1
424 795 8
424 990 1
427 955 3
428 802 2
428 915 4
428 857 1
429 925 1
429 454 2
431 988 1
433 738 3
433 987 1
435 586 1
437 516 1
443 450 1
444 927 1
444 823 1
447 586 2
450 802 1
450 900 1
450 742 1
450 712 3
450 947 1
450 692 1
450 662 1
450 602 1
454 609 1
454 772 4
454 713 2
454 592 7
454 890 1
454 543 1
454 922 1
454 863 1
461 506 1
469 547 1
469 817 1
469 978 3
469 630 2
469 954 1
469 795 1
470 569 1
472 743 1
479 980 1
482 569 3
493 685 1
500 586 1
502 569 1
506 769 1
506 783 1
506 670 1
509 634 1
513 927 1
514 832 1
514 780 1
514 950 1
516 532 2
530 891 5
530 629 3
531 987 1
532 537 1
532 761 1
534 843 1
534 638 1
534 879 1
535 927 1
540 697 2
540 698 1
540 955 4
542 646 2
542 927 1
543 971 1
543 915 1
543 952 1
552 851 1
557 912 2
558 585 1
558 956 1
561 846 3
563 731 2
577 590 1
581 703 2
582 764 2
586 782 2
586 984 1
586 765 2
587 720 3
591 843 1
592 713 1
592 818 1
592 927 4
595 754 1
595 718 1
602 743 3
605 693 1
607 696 3
609 707 1
609 772 2
609 927 1
617 720 1
629 891 33
629 838 1
630 685 1
638 706 1
638 951 1
647 915 1
659 742 2
678 696 1
680 720 1
680 731 4
680 707 1
686 933 1
687 843 1
692 983 1
698 840 1
698 873 1
698 764 1
702 738 1
707 1003 1
707 951 1
710 832 2
711 843 1
711 718 1
715 926 1
716 718 1
718 904 1
718 843 1
718 754 1
718 724 1
718 883 1
720 855 1
724 951 1
738 850 1
740 788 1
758 956 2
758 918 2
764 983 1
769 983 1
772 927 2
773 955 3
774 947 32
790 812 1
833 987 1
851 978 1
854 927 1
857 915 2
861 896 1
863 993 1
915 971 1
915 953 1
915 952 1
915 990 1
925 955 3
933 966 1
935 966 1
936 942 2
951 979 1
955 987 4
977 996 2
977 1001 1
977 1004 1
