0
1
2
3
4
5
6
7
8
9
10
11
12
13
14
15
16
17
18
19
20
21
22
23
24
25
26
27
28
29
30
31
32
33
34
35
36
37
38
39
40
41
42
43
44
45
46
47
48
49
50
51
52
53
54
55
56
57
58
59
60
61
62
63
64
65
66
67
68
69
70
71
72
73
74
75
76
77
78
79
80
81
82
83
84
85
86
87
88
89
90
91
92
93
94
95
96
97
98
99
100
101
102
103
104
105
106
107
108
109
110
111
112
113
114
115
116
117
118
119
120
121
122
123
124
125
126
127
128
129
130
131
132
133
134
135
136
137
138
139
141
142
143
144
145
146
147
148
149
150
151
152
153
154
155
157
158
159
160
161
162
163
164
165
166
167
168
169
170
171
172
173
174
175
176
177
178
179
180
181
182
183
184
185
186
187
188
189
190
191
192
193
194
195
196
197
198
199
200
201
202
203
204
205
206
207
208
209
210
211
212
213
214
215
216
217
218
219
220
221
222
223
224
225
226
227
228
229
230
231
232
233
235
236
237
238
239
240
241
242
243
244
245
246
247
248
249
250
251
252
253
254
255
256
257
259
260
262
263
264
265
266
267
268
269
270
271
272
273
274
275
276
277
278
279
280
281
282
283
284
285
286
287
288
289
290
291
292
293
294
295
296
297
299
300
301
302
303
304
305
306
307
308
309
310
311
312
313
314
315
316
317
318
319
320
321
322
323
324
325
326
327
328
329
330
331
332
333
334
335
336
337
338
339
340
341
343
344
345
346
347
348
349
350
351
352
353
355
356
357
358
359
360
361
362
364
365
366
367
368
369
370
371
372
373
374
375
376
377
378
379
380
381
382
383
384
385
386
387
388
389
390
391
392
393
394
395
396
397
398
399
400
401
402
403
404
405
406
407
408
409
410
411
412
413
414
415
416
418
419
420
421
422
423
424
425
426
427
428
429
430
431
432
433
434
435
436
437
438
439
440
441
442
443
444
445
446
447
448
449
450
451
452
453
454
455
456
457
458
459
460
461
462
464
465
466
467
468
469
470
471
472
473
474
475
476
477
478
479
480
481
482
483
484
485
486
487
488
489
490
491
492
493
495
496
497
498
499
500
501
502
503
504
505
506
507
508
509
510
511
512
513
514
515
516
517
518
519
520
521
522
523
524
525
526
527
528
530
531
532
533
534
535
536
537
538
539
540
541
542
543
544
545
546
547
548
549
550
551
552
553
554
556
557
558
559
560
561
562
563
564
565
566
567
568
569
570
571
572
573
574
575
576
577
578
579
580
581
582
583
584
585
586
587
588
589
590
591
592
593
594
595
596
597
598
599
600
601
602
603
604
605
606
607
609
610
611
612
613
614
615
616
617
618
619
621
622
623
624
625
626
627
628
629
630
631
632
633
634
635
636
637
638
639
640
641
642
643
644
645
646
647
648
649
650
651
652
653
654
655
656
657
658
659
660
661
662
663
664
665
666
667
668
669
670
671
672
673
674
675
676
677
678
679
680
681
682
683
684
685
686
687
688
689
690
691
692
693
694
695
696
697
698
699
700
701
702
703
704
705
706
707
708
709
710
711
712
713
714
715
716
717
718
719
720
721
722
723
724
725
726
727
728
729
730
731
732
733
734
735
736
737
738
739
740
741
742
743
744
745
746
747
748
749
750
751
752
753
754
756
757
758
759
760
761
762
763
764
765
767
768
769
770
771
772
773
774
775
776
777
778
779
780
781
782
783
784
785
786
787
788
789
790
791
792
793
794
795
796
797
798
799
800
801
802
803
804
805
806
807
808
809
810
811
812
813
814
815
816
817
818
819
820
821
822
823
824
825
826
827
828
829
830
831
832
833
834
835
836
837
838
839
840
841
842
843
844
845
846
847
848
849
850
851
852
853
854
855
856
857
858
859
860
861
862
863
864
865
866
867
868
869
870
871
872
873
874
875
876
877
878
879
880
881
882
883
884
885
886
887
888
889
890
891
892
893
894
895
896
897
898
899
900
901
902
903
904
905
906
907
908
909
910
911
912
913
914
915
916
917
918
919
920
921
922
923
924
925
926
927
928
929
930
931
932
933
934
935
936
937
938
939
940
941
942
943
944
945
946
947
948
949
950
951
952
953
954
955
956
957
958
960
961
962
963
964
965
966
967
968
969
970
971
972
973
974
975
976
977
978
979
980
981
982
983
984
985
986
987
988
989
990
991
992
993
994
995
996
997
998
999
1000
1001
1002
1003
1004
0 249 1
0 333 1
0 502 2
2 228 2
4 304 3
4 293 1
6 333 1
13 738 1
13 516 3
14 924 2
15 680 1
15 731 1
16 541 1
16 718 1
17 857 1
25 684 1
28 987 1
31 344 1
31 165 1
32 580 1
38 586 1
38 324 2
40 712 2
40 572 1
40 214 1
41 758 1
48 956 1
48 319 1
50 559 2
52 356 3
53 56 1
53 742 1
53 343 1
56 482 1
56 987 2
58 818 1
61 356 1
61 718 10
61 502 3
62 646 1
67 344 3
67 353 1
67 963 4
68 377 1
68 987 1
70 322 1
70 310 2
70 324 3
70 214 1
70 534 1
74 674 2
74 743 1
75 772 1
75 334 2
77 416 2
77 168 2
77 439 2
78 333 1
82 628 1
83 784 1
83 697 1
90 996 1
90 891 1
90 316 3
90 147 1
91 433 1
95 987 1
96 420 2
96 509 1
98 592 1
101 246 2
102 509 1
103 977 2
103 514 1
103 943 1
103 950 1
103 423 6
104 416 3
104 743 1
104 648 1
104 425 1
104 721 1
104 762 1
104 765 1
105 418 19
105 362 1
107 201 1
107 718 1
107 335 1
112 674 2
112 267 1
112 948 1
112 782 1
120 416 1
120 772 2
120 454 1
120 522 1
120 850 1
120 783 1
120 573 1
120 883 1
120 948 1
120 854 1
120 823 1
120 586 1
126 416 1
126 648 1
126 782 4
126 500 3
126 790 7
126 313 1
132 634 1
132 509 1
133 313 1
133 602 1
134 592 2
134 168 2
135 581 1
135 137 1
135 718 2
135 337 1
135 371 2
135 628 2
135 942 4
135 855 1
135 405 1
136 344 1
136 316 2
136 165 1
139 509 1
142 915 2
142 469 1
147 416 1
147 257 1
147 171 1
147 926 2
151 253 2
153 1001 1
153 418 1
153 996 1
153 977 2
157 517 1
159 416 1
159 534 1
159 166 2
159 712 1
159 214 1
159 951 1
159 572 1
160 200 1
160 857 1
160 915 2
160 838 1
164 853 1
164 638 1
165 428 1
165 401 1
165 344 4
165 857 1
165 316 2
166 674 1
166 782 3
166 743 3
167 988 1
168 356 3
168 782 6
168 912 2
168 949 1
168 472 1
168 260 6
171 347 1
171 590 1
173 506 1
173 428 2
175 849 2
175 275 4
176 586 1
178 388 2
178 231 2
178 502 6
178 250 1
178 415 2
178 607 1
184 393 1
185 830 1
187 254 1
189 546 1
189 718 1
191 334 1
192 381 2
193 923 2
193 454 2
199 996 2
199 506 2
199 924 6
199 837 1
200 530 1
200 915 12
200 344 3
200 857 1
200 883 2
200 316 1
206 509 1
207 795 1
207 469 1
207 558 1
209 356 5
214 450 1
214 746 2
214 428 2
214 712 1
214 951 1
214 316 1
216 558 1
220 362 2
220 334 1
220 471 1
228 333 1
228 502 2
228 605 11
229 607 1
230 577 4
231 738 1
231 987 1
231 698 1
231 607 2
232 472 1
232 356 1
235 923 1
235 335 1
236 537 2
239 577 2
239 951 3
245 698 1
245 987 1
246 423 1
248 334 1
249 393 1
249 333 1
251 987 1
253 290 2
253 566 2
260 912 2
260 790 6
260 313 1
267 891 2
267 948 1
267 435 2
275 849 2
277 746 1
278 1003 1
278 334 1
280 629 2
281 718 1
284 731 2
288 391 5
288 493 5
288 561 5
288 629 5
288 630 3
288 445 5
294 416 1
294 313 1
294 817 2
294 447 3
299 634 1
299 509 1
304 441 1
305 765 1
306 659 2
306 742 1
310 528 1
311 987 1
311 540 1
312 333 1
313 416 1
313 949 1
313 356 4
313 765 1
315 423 1
316 392 2
316 428 1
316 915 5
316 629 1
319 684 1
319 758 2
321 565 1
321 558 1
322 334 1
322 879 1
323 509 1
326 557 1
332 500 2
333 502 1
333 710 1
333 743 1
333 599 2
333 569 1
333 693 1
333 470 1
333 409 1
333 538 1
333 605 1
333 862 1
333 767 3
334 609 1
334 772 1
334 617 1
334 687 1
334 692 2
334 890 1
334 923 1
335 737 6
335 657 2
338 987 1
343 718 1
346 634 1
353 920 1
356 416 2
356 586 3
356 718 2
356 765 2
356 912 2
356 648 2
356 472 8
356 762 1
361 987 1
362 771 1
362 383 1
364 377 1
364 987 1
365 866 1
366 972 1
369 535 1
372 595 1
377 729 1
377 731 2
377 718 1
378 509 1
383 953 1
383 887 1
388 638 1
388 509 3
388 718 3
392 948 1
402 788 1
402 509 1
409 790 1
410 951 2
414 530 1
414 891 1
416 586 4
416 782 6
416 648 1
416 948 1
416 633 1
416 868 6
418 996 32
418 977 18
420 559 2
422 680 1
422 731 2
424 851 1
425 721 4
425 946 4
425 765 2
428 915 8
428 857 2
429 454 1
432 987 1
432 468 1
433 633 1
433 987 2
435 586 4
435 782 1
438 818 1
444 854 1
444 535 2
447 602 1
450 712 1
450 718 1
454 592 2
454 772 3
468 643 1
472 912 1
478 818 1
480 987 1
482 987 1
485 823 1
493 530 2
493 795 1
495 568 5
500 586 2
500 782 1
502 710 1
502 718 1
502 724 1
502 693 1
506 576 1
506 996 1
506 783 1
506 657 1
506 951 1
506 508 1
506 541 1
509 832 1
509 939 1
509 634 2
509 780 1
509 559 1
509 788 1
509 638 1
509 893 1
509 510 1
510 534 2
514 977 1
514 950 1
516 804 2
516 743 1
516 881 1
516 532 1
516 790 1
516 761 1
516 700 1
517 854 2
517 948 1
517 718 1
517 935 3
522 546 1
523 749 1
530 915 5
531 987 8
532 700 1
534 649 1
534 546 1
535 722 1
535 542 1
540 641 1
540 987 1
540 774 1
540 855 1
540 697 1
540 698 1
540 955 1
540 925 1
540 830 1
541 738 1
541 783 1
542 546 1
542 718 1
546 550 2
546 679 1
546 841 1
546 920 2
550 743 2
552 951 1
558 956 1
559 622 1
565 723 1
565 844 1
573 586 1
577 951 2
582 987 1
585 862 2
585 695 3
586 782 22
586 602 2
589 607 1
591 718 1
592 609 1
595 718 2
602 743 5
602 782 4
602 984 2
607 718 1
607 696 1
609 772 2
614 954 1
614 858 1
614 685 2
630 795 1
630 957 4
630 685 3
634 832 1
634 638 1
638 790 1
641 987 1
643 685 1
644 850 2
648 782 1
654 738 1
659 742 1
663 950 3
668 720 1
668 746 2
668 935 1
674 948 1
684 844 1
684 918 1
692 718 1
693 710 2
697 771 1
697 925 1
697 855 1
698 764 1
698 840 1
698 873 1
698 987 1
704 743 1
707 951 1
716 866 2
716 718 1
718 904 1
718 915 1
718 851 1
718 980 1
718 754 1
720 746 1
720 813 3
720 935 1
723 758 1
738 783 1
738 921 1
738 923 2
742 890 1
742 900 2
745 828 1
746 935 9
746 813 4
748 926 2
754 883 3
758 956 2
764 840 2
764 987 1
769 830 1
771 863 2
772 951 1
774 947 49
780 977 1
782 868 3
782 912 2
782 854 6
783 837 1
789 994 1
789 987 1
790 868 5
803 948 1
804 881 3
809 987 1
813 900 1
815 1004 2
817 957 1
819 955 1
837 924 5
838 953 1
840 987 1
849 987 1
857 915 2
862 909 1
872 987 1
873 987 1
883 915 1
925 987 1
950 977 1
955 987 1
977 1004 1
987 994 2
