0
1
2
3
4
5
6
7
8
9
10
11
12
13
14
15
16
17
18
19
20
21
22
23
24
25
26
27
28
29
30
31
32
33
34
35
36
37
38
39
40
41
42
43
44
45
46
47
48
49
50
51
52
53
54
55
56
57
58
59
60
61
62
63
64
65
66
67
68
69
70
71
72
73
74
75
76
77
78
79
80
81
82
83
84
85
86
87
88
89
90
91
92
93
94
95
96
97
98
99
100
101
102
103
104
105
106
107
108
109
110
111
112
113
114
115
116
117
118
119
120
121
122
123
124
125
126
127
128
129
130
131
132
133
134
135
136
137
138
139
141
142
143
144
145
146
147
148
149
150
151
152
153
154
155
157
158
159
160
161
162
163
164
165
166
167
168
169
170
171
172
173
174
175
176
177
178
179
180
181
182
183
184
185
186
187
188
189
190
191
192
193
194
195
196
197
198
199
200
201
202
203
204
205
206
207
208
209
210
211
212
213
214
215
216
217
218
219
220
221
222
223
224
225
226
227
228
229
230
231
232
233
235
236
237
238
239
240
241
242
243
244
245
246
247
248
249
250
251
252
253
254
255
256
257
259
260
262
263
264
265
266
267
268
269
270
271
272
273
274
275
276
277
278
279
280
281
282
283
284
285
286
287
288
289
290
291
292
293
294
295
296
297
299
300
301
302
303
304
305
306
307
308
309
310
311
312
313
314
315
316
317
318
319
320
321
322
323
324
325
326
327
328
329
330
331
332
333
334
335
336
337
338
339
340
341
343
344
345
346
347
348
349
350
351
352
353
355
356
357
358
359
360
361
362
364
365
366
367
368
369
370
371
372
373
374
375
376
377
378
379
380
381
382
383
384
385
386
387
388
389
390
391
392
393
394
395
396
397
398
399
400
401
402
403
404
405
406
407
408
409
410
411
412
413
414
415
416
418
419
420
421
422
423
424
425
426
427
428
429
430
431
432
433
434
435
436
437
438
439
440
441
442
443
444
445
446
447
448
449
450
451
452
453
454
455
456
457
458
459
460
461
462
464
465
466
467
468
469
470
471
472
473
474
475
476
477
478
479
480
481
482
483
484
485
486
487
488
489
490
491
492
493
495
496
497
498
499
500
501
502
503
504
505
506
507
508
509
510
511
512
513
514
515
516
517
518
519
520
521
522
523
524
525
526
527
528
530
531
532
533
534
535
536
537
538
539
540
541
542
543
544
545
546
547
548
549
550
551
552
553
554
556
557
558
559
560
561
562
563
564
565
566
567
568
569
570
571
572
573
574
575
576
577
578
579
580
581
582
583
584
585
586
587
588
589
590
591
592
593
594
595
596
597
598
599
600
601
602
603
604
605
606
607
609
610
611
612
613
614
615
616
617
618
619
621
622
623
624
625
626
627
628
629
630
631
632
633
634
635
636
637
638
639
640
641
642
643
644
645
646
647
648
649
650
651
652
653
654
655
656
657
658
659
660
661
662
663
664
665
666
667
668
669
670
671
672
673
674
675
676
677
678
679
680
681
682
683
684
685
686
687
688
689
690
691
692
693
694
695
696
697
698
699
700
701
702
703
704
705
706
707
708
709
710
711
712
713
714
715
716
717
718
719
720
721
722
723
724
725
726
727
728
729
730
731
732
733
734
735
736
737
738
739
740
741
742
743
744
745
746
747
748
749
750
751
752
753
754
756
757
758
759
760
761
762
763
764
765
767
768
769
770
771
772
773
774
775
776
777
778
779
780
781
782
783
784
785
786
787
788
789
790
791
792
793
794
795
796
797
798
799
800
801
802
803
804
805
806
807
808
809
810
811
812
813
814
815
816
817
818
819
820
821
822
823
824
825
826
827
828
829
830
831
832
833
834
835
836
837
838
839
840
841
842
843
844
845
846
847
848
849
850
851
852
853
854
855
856
857
858
859
860
861
862
863
864
865
866
867
868
869
870
871
872
873
874
875
876
877
878
879
880
881
882
883
884
885
886
887
888
889
890
891
892
893
894
895
896
897
898
899
900
901
902
903
904
905
906
907
908
909
910
911
912
913
914
915
916
917
918
919
920
921
922
923
924
925
926
927
928
929
930
931
932
933
934
935
936
937
938
939
940
941
942
943
944
945
946
947
948
949
950
951
952
953
954
955
956
957
958
960
961
962
963
964
965
966
967
968
969
970
971
972
973
974
975
976
977
978
979
980
981
982
983
984
985
986
987
988
989
990
991
992
993
994
995
996
997
998
999
1000
1001
1002
1003
1004
0 716 1
0 333 2
0 432 1
0 178 2
0 149 2
0 118 1
0 249 3
0 410 2
0 605 1
1 337 1
1 46 1
2 96 1
2 416 1
2 356 1
2 586 1
2 782 1
2 335 2
4 848 3
4 371 1
4 91 1
4 700 1
4 304 1
5 228 2
5 553 4
5 107 1
5 175 2
5 118 1
5 506 1
5 670 1
6 506 1
6 410 1
6 178 2
6 333 2
8 731 1
13 704 1
14 1001 1
14 410 1
14 924 6
14 506 6
15 680 1
15 731 3
15 943 1
16 410 1
16 61 1
16 541 4
17 990 1
24 647 2
24 493 2
24 530 2
24 629 2
24 630 1
24 891 2
25 844 1
25 918 1
28 641 1
28 987 2
28 540 14
29 506 1
29 107 1
29 1004 3
29 381 1
29 118 1
30 356 2
30 232 3
30 765 2
30 52 1
30 472 1
30 868 1
30 730 4
30 602 2
31 165 4
31 990 1
32 197 3
32 791 3
35 978 1
35 188 1
35 469 2
37 256 4
37 730 2
37 356 2
38 474 2
38 939 2
38 324 10
38 534 2
38 591 1
40 193 1
40 450 4
40 900 1
40 466 1
40 947 1
40 662 1
40 568 1
40 187 1
41 723 1
41 956 1
42 402 1
45 66 2
46 103 1
46 399 2
48 499 3
48 319 1
52 416 2
52 868 2
52 168 1
52 912 1
52 356 1
53 193 1
53 290 1
53 662 4
56 987 2
60 568 1
60 947 3
60 187 1
61 388 3
61 517 2
61 135 3
61 904 1
61 915 1
61 281 1
61 670 1
61 674 2
61 392 2
61 692 5
61 542 1
61 189 1
61 833 2
61 450 5
61 716 1
61 718 9
61 591 1
61 851 1
61 980 1
61 343 1
61 90 2
61 356 4
61 742 1
61 754 1
61 502 1
61 377 1
62 646 2
62 542 1
64 139 1
65 193 2
67 920 1
67 165 10
68 987 2
69 950 1
70 164 2
70 334 1
74 256 1
74 194 1
74 133 1
74 294 3
74 648 1
74 266 1
74 332 1
74 885 1
74 984 1
74 313 1
74 166 1
74 447 1
75 220 1
75 772 2
75 334 1
75 687 1
76 1001 3
76 733 1
76 399 2
77 168 4
77 912 3
77 762 1
77 260 2
78 178 1
78 404 1
78 333 2
82 135 2
86 443 9
86 662 3
90 416 3
90 193 2
90 356 6
90 997 2
90 935 1
90 392 2
90 421 1
90 189 3
90 472 2
90 147 3
90 984 1
90 313 3
90 506 2
90 191 1
91 97 1
91 674 2
91 392 1
91 720 1
91 147 1
92 990 1
95 987 2
98 278 3
98 707 4
98 454 6
98 134 6
98 713 8
98 107 4
98 268 4
98 429 5
98 592 6
98 401 4
98 291 2
98 117 5
98 566 1
101 246 2
101 423 2
102 139 1
103 832 1
103 514 3
103 423 2
103 106 2
103 780 1
103 206 1
103 402 2
103 788 1
103 950 1
103 125 1
104 256 3
104 648 2
104 549 2
104 294 1
105 418 3
106 740 1
106 402 1
106 780 4
107 898 1
107 1004 1
107 652 1
107 532 1
107 664 2
107 537 4
107 670 1
107 808 1
107 553 1
107 810 1
107 175 2
107 201 1
107 335 1
107 464 1
107 468 1
107 214 1
107 985 1
107 737 1
107 236 5
107 118 2
107 980 2
107 381 3
110 112 1
110 674 1
110 803 1
110 166 1
111 304 1
111 762 1
112 674 1
112 803 1
112 356 6
112 392 1
112 313 1
113 535 3
114 410 1
114 275 2
117 134 1
118 553 2
118 732 2
119 812 1
119 335 3
120 609 1
120 454 1
120 807 2
120 687 1
120 528 1
120 923 1
122 200 2
122 410 1
125 139 1
125 534 1
125 622 3
126 586 4
126 362 1
127 883 1
127 716 2
127 718 3
133 168 1
133 602 2
134 592 4
134 291 1
134 454 3
135 581 8
135 870 3
135 936 3
135 746 1
135 720 6
135 628 3
135 549 1
136 952 1
136 316 1
136 990 1
137 771 2
139 323 1
139 676 1
139 487 1
139 939 1
139 206 1
139 174 1
139 534 1
139 324 1
139 154 1
139 477 1
139 510 1
141 512 2
141 530 4
141 978 1
142 316 1
142 990 1
143 144 1
143 580 1
147 577 1
147 347 1
147 933 1
147 230 1
147 171 2
147 972 1
147 590 3
147 752 1
147 355 1
147 686 2
147 285 1
147 926 1
147 277 1
149 410 1
151 609 1
153 977 1
153 410 7
157 740 1
157 743 1
157 776 1
157 586 2
157 718 4
157 671 1
159 940 1
159 334 3
159 742 1
160 200 13
160 561 1
160 915 1
160 428 1
160 629 2
164 638 2
164 510 1
164 879 1
165 200 2
165 267 1
165 401 12
165 707 1
165 344 1
165 858 1
165 316 6
165 990 1
166 704 1
166 416 1
166 356 1
166 294 1
166 743 3
166 586 1
166 602 3
166 574 1
167 978 1
167 469 2
167 630 3
167 181 1
168 416 4
168 356 6
168 232 8
168 196 1
168 782 1
168 557 3
168 912 20
168 984 1
168 949 5
168 439 4
168 472 2
168 260 15
168 266 1
168 699 4
168 313 2
168 607 1
169 372 2
170 720 1
170 697 3
170 855 2
171 933 2
171 590 1
175 423 1
175 849 4
175 275 2
175 410 1
178 388 1
178 519 1
178 409 1
178 538 2
178 295 1
178 693 4
178 569 2
178 710 1
178 333 2
178 976 1
178 339 2
178 470 2
178 599 1
178 605 2
178 862 2
178 991 1
178 228 2
178 502 8
178 249 3
178 767 1
181 274 1
181 724 5
181 537 1
181 249 2
181 189 3
181 190 1
184 225 1
184 907 1
184 423 1
184 710 1
184 711 1
184 779 2
184 843 1
184 754 1
184 883 1
184 407 1
187 272 4
187 700 1
188 614 1
188 424 1
188 978 1
188 656 4
188 920 2
188 530 8
188 851 3
188 469 2
188 502 7
188 280 1
188 988 2
188 862 3
189 506 1
189 388 1
189 491 1
189 236 2
189 718 2
189 883 4
189 724 1
189 502 3
189 410 3
189 731 1
189 629 2
190 353 1
190 196 1
190 656 2
190 274 1
190 373 1
190 920 1
191 692 4
191 334 1
191 415 1
192 381 2
194 769 2
194 863 2
194 901 2
194 229 2
196 731 1
196 413 1
196 629 1
197 546 3
197 923 3
197 550 2
199 996 2
199 850 1
199 924 12
200 316 8
200 428 18
200 530 11
200 883 14
200 629 3
200 952 1
200 857 14
200 915 8
200 990 1
207 978 1
207 469 2
208 977 1
208 506 1
208 1004 1
209 356 4
214 388 1
214 742 4
214 935 2
214 776 1
214 617 1
214 940 2
214 464 1
214 662 1
214 343 2
216 319 1
222 1004 1
223 879 2
226 506 1
228 333 2
228 605 5
229 742 1
229 334 6
231 840 2
231 698 1
231 987 2
231 245 1
232 416 1
232 332 2
232 912 1
232 313 1
233 769 2
233 329 2
233 364 1
233 692 7
233 245 4
233 540 2
233 415 2
235 923 1
236 1004 1
236 980 1
236 743 1
240 586 1
241 469 2
241 302 1
245 840 4
245 698 1
245 987 2
245 764 1
246 423 4
248 506 3
249 333 2
249 605 2
249 506 1
249 410 1
250 886 1
251 410 1
251 987 2
254 947 1
256 416 5
256 294 3
256 648 1
256 885 2
256 313 6
257 833 1
260 912 4
260 416 3
260 356 2
266 912 2
267 586 4
267 851 2
267 700 1
267 517 3
272 900 1
272 450 2
272 700 2
275 849 2
277 700 1
277 935 1
278 609 1
280 547 7
280 388 2
280 658 1
280 851 2
280 629 1
280 502 7
281 530 3
281 718 2
283 1004 2
284 731 3
284 422 2
288 629 3
288 493 3
290 566 1
291 401 1
291 429 1
291 454 3
293 587 1
293 718 1
293 883 1
293 724 2
293 605 1
293 862 3
294 648 1
294 885 2
294 984 2
294 313 2
294 447 1
299 509 1
299 951 2
301 978 1
301 469 2
301 493 1
302 990 1
306 769 3
306 771 4
306 790 1
306 742 4
306 659 3
306 374 1
310 399 1
311 987 2
312 333 2
313 416 5
313 356 16
313 885 1
313 472 1
316 971 2
316 428 2
316 629 1
316 952 2
316 990 1
317 374 2
318 499 2
319 458 1
319 956 1
319 558 1
321 458 1
321 499 2
322 663 1
322 879 1
322 368 1
322 399 1
322 343 5
322 591 1
324 586 1
324 589 1
324 638 1
324 415 1
326 586 1
327 849 2
329 624 2
329 842 1
329 819 1
332 416 2
332 586 3
332 759 1
333 502 2
333 710 2
333 599 2
333 569 2
333 693 3
333 470 2
333 409 2
333 538 2
333 605 4
333 862 2
333 767 4
334 416 3
334 609 1
334 586 1
334 718 4
334 687 4
334 692 3
334 502 3
334 696 3
334 607 2
337 505 2
338 987 2
343 399 1
343 663 1
344 952 3
344 971 1
344 990 1
349 976 1
356 517 2
356 776 1
356 912 2
356 730 8
356 671 1
356 416 5
356 586 2
356 718 1
356 472 12
356 743 3
356 765 4
361 987 2
362 909 1
362 528 1
362 759 2
362 731 1
362 383 1
364 987 2
369 646 1
369 535 1
372 404 3
372 572 2
377 609 1
377 506 1
377 883 1
377 718 1
378 514 2
379 568 3
379 996 2
381 643 1
381 810 1
381 506 1
383 720 2
383 909 1
388 832 1
388 771 2
388 534 1
388 742 4
388 502 1
388 718 2
388 851 1
388 591 1
388 638 2
389 471 2
392 674 4
393 843 1
395 514 1
401 454 7
401 429 2
401 415 4
404 883 1
404 595 1
408 990 1
410 777 1
410 650 1
410 924 1
410 541 1
410 422 1
410 433 1
410 696 2
410 837 1
410 969 1
410 716 1
410 994 1
410 719 1
410 977 2
410 595 4
410 482 1
410 1001 1
410 1004 1
413 746 1
413 935 7
415 587 1
415 429 1
416 743 1
416 586 1
416 629 1
416 912 2
416 885 2
416 790 1
416 984 1
416 447 1
418 996 5
418 977 1
420 879 2
421 978 1
421 469 2
422 527 1
423 710 1
423 779 1
423 718 1
423 977 5
423 883 2
424 978 2
424 469 2
425 633 1
428 530 6
428 883 3
428 953 1
428 857 7
428 915 17
428 990 1
429 454 8
432 987 2
433 987 3
435 586 2
435 500 3
440 737 4
440 537 3
442 506 1
443 662 10
444 535 2
447 586 3
450 802 1
450 900 1
450 586 2
450 718 1
450 776 1
450 662 1
450 695 4
450 671 1
454 772 5
454 713 1
454 587 1
454 592 8
456 527 2
458 577 1
458 844 4
458 684 1
458 558 1
458 565 2
458 956 1
466 947 1
469 547 2
469 614 2
469 851 1
469 817 2
469 978 1
469 954 2
469 795 2
469 957 2
469 990 1
470 1004 2
470 605 1
472 782 1
472 912 1
482 531 1
482 987 2
483 696 1
487 879 1
491 976 1
493 561 1
493 978 1
493 629 1
493 630 5
493 530 5
495 568 2
495 862 1
497 977 1
499 704 2
499 679 1
499 844 2
499 684 3
499 558 1
499 565 2
499 918 1
500 586 2
500 890 1
500 814 2
502 718 2
502 724 1
502 534 1
502 605 1
502 696 1
502 923 1
502 862 13
502 693 3
505 514 1
506 643 1
506 644 1
506 783 1
506 921 1
506 796 1
506 670 1
506 808 1
506 924 3
506 541 1
506 605 1
506 996 1
506 1001 1
506 1004 1
506 881 1
509 893 2
509 638 1
509 735 1
510 939 1
512 978 1
513 646 1
514 950 4
514 780 2
514 822 1
514 603 1
514 735 1
517 674 2
517 776 1
517 586 2
517 671 1
522 546 1
522 843 2
527 731 1
528 909 1
528 586 1
528 607 1
530 586 2
530 776 1
530 915 4
530 629 18
530 630 15
530 891 4
530 671 1
531 987 2
531 789 1
534 879 1
534 696 2
537 737 1
538 547 1
540 641 16
540 955 4
540 855 3
540 698 1
540 987 3
541 996 1
542 646 3
542 776 1
542 586 2
542 671 1
543 990 1
546 900 1
546 550 5
546 807 1
546 629 1
546 662 2
546 923 2
547 978 1
547 851 1
547 862 4
550 920 1
550 743 1
552 978 1
552 614 1
552 951 2
558 565 1
559 622 7
568 947 1
572 724 1
573 586 1
575 912 1
577 715 1
581 936 3
581 609 1
581 855 3
582 987 2
584 731 3
586 776 3
586 782 1
586 915 2
586 671 3
586 684 2
586 687 2
586 700 4
586 718 1
586 854 1
586 984 6
586 742 2
586 762 1
587 720 1
591 718 1
591 696 1
592 713 3
592 738 1
595 883 8
595 915 1
595 934 1
602 743 6
605 710 1
605 693 1
605 862 1
605 789 1
607 687 1
607 692 2
607 696 6
609 772 3
609 617 1
609 687 1
609 923 4
614 978 2
614 851 1
622 676 3
630 685 1
633 923 1
633 990 2
634 788 1
638 832 1
638 951 1
641 987 2
644 924 2
644 996 1
647 990 2
648 885 1
648 762 1
663 950 3
671 684 1
671 915 1
672 844 3
680 720 1
680 731 2
682 1004 1
684 704 2
684 743 1
684 776 1
684 956 3
685 1001 3
685 724 1
686 715 1
687 739 1
687 772 1
687 692 2
692 746 1
692 718 1
693 791 1
695 951 1
696 742 1
697 925 1
697 855 3
698 764 1
698 840 1
698 873 1
698 987 2
700 812 1
703 771 14
703 863 1
704 743 1
705 733 1
707 880 1
710 832 1
716 718 1
716 883 4
716 724 2
718 904 1
718 915 1
718 851 2
718 980 3
718 731 2
718 754 1
718 724 3
720 752 1
720 936 2
723 956 1
724 1001 3
724 883 4
730 912 1
730 868 3
737 849 1
738 921 1
738 923 4
742 771 6
742 784 2
742 900 5
742 863 11
746 935 6
758 956 1
761 804 1
764 987 2
765 868 1
769 1002 2
771 900 1
774 947 57
776 915 1
782 984 1
784 863 1
789 987 2
790 868 4
795 978 1
808 898 1
809 987 2
815 1004 2
817 978 1
832 936 1
840 987 3
844 956 4
849 987 2
851 978 3
857 915 2
857 990 1
863 900 1
872 987 2
873 987 2
880 923 2
883 915 2
885 984 1
910 923 2
912 949 9
915 990 1
921 923 3
925 987 2
926 931 1
936 942 2
950 977 9
951 979 1
952 990 1
953 990 1
954 978 1
955 987 2
957 978 1
971 990 1
977 996 1
977 1001 5
977 1004 5
978 988 1
987 994 2
