0
1
2
3
4
5
6
7
8
9
10
11
12
13
14
15
16
17
18
19
20
21
22
23
24
25
26
27
28
29
30
31
32
33
34
35
36
37
38
39
40
41
42
43
44
45
46
47
48
49
50
51
52
53
54
55
56
57
58
59
60
61
62
63
64
65
66
67
68
69
70
71
72
73
74
75
76
77
78
79
80
81
82
83
84
85
86
87
88
89
90
91
92
93
94
95
96
97
98
99
100
101
102
103
104
105
106
107
108
109
110
111
112
113
114
115
116
117
118
119
120
121
122
123
124
125
126
127
128
129
130
131
132
133
134
135
136
137
138
139
141
142
143
144
145
146
147
148
149
150
151
152
153
154
155
157
158
159
160
161
162
163
164
165
166
167
168
169
170
171
172
173
174
175
176
177
178
179
180
181
182
183
184
185
186
187
188
189
190
191
192
193
194
195
196
197
198
199
200
201
202
203
204
205
206
207
208
209
210
211
212
213
214
215
216
217
218
219
220
221
222
223
224
225
226
227
228
229
230
231
232
233
235
236
237
238
239
240
241
242
243
244
245
246
247
248
249
250
251
252
253
254
255
256
257
259
260
262
263
264
265
266
267
268
269
270
271
272
273
274
275
276
277
278
279
280
281
282
283
284
285
286
287
288
289
290
291
292
293
294
295
296
297
299
300
301
302
303
304
305
306
307
308
309
310
311
312
313
314
315
316
317
318
319
320
321
322
323
324
325
326
327
328
329
330
331
332
333
334
335
336
337
338
339
340
341
343
344
345
346
347
348
349
350
351
352
353
355
356
357
358
359
360
361
362
364
365
366
367
368
369
370
371
372
373
374
375
376
377
378
379
380
381
382
383
384
385
386
387
388
389
390
391
392
393
394
395
396
397
398
399
400
401
402
403
404
405
406
407
408
409
410
411
412
413
414
415
416
418
419
420
421
422
423
424
425
426
427
428
429
430
431
432
433
434
435
436
437
438
439
440
441
442
443
444
445
446
447
448
449
450
451
452
453
454
455
456
457
458
459
460
461
462
464
465
466
467
468
469
470
471
472
473
474
475
476
477
478
479
480
481
482
483
484
485
486
487
488
489
490
491
492
493
495
496
497
498
499
500
501
502
503
504
505
506
507
508
509
510
511
512
513
514
515
516
517
518
519
520
521
522
523
524
525
526
527
528
530
531
532
533
534
535
536
537
538
539
540
541
542
543
544
545
546
547
548
549
550
551
552
553
554
556
557
558
559
560
561
562
563
564
565
566
567
568
569
570
571
572
573
574
575
576
577
578
579
580
581
582
583
584
585
586
587
588
589
590
591
592
593
594
595
596
597
598
599
600
601
602
603
604
605
606
607
609
610
611
612
613
614
615
616
617
618
619
621
622
623
624
625
626
627
628
629
630
631
632
633
634
635
636
637
638
639
640
641
642
643
644
645
646
647
648
649
650
651
652
653
654
655
656
657
658
659
660
661
662
663
664
665
666
667
668
669
670
671
672
673
674
675
676
677
678
679
680
681
682
683
684
685
686
687
688
689
690
691
692
693
694
695
696
697
698
699
700
701
702
703
704
705
706
707
708
709
710
711
712
713
714
715
716
717
718
719
720
721
722
723
724
725
726
727
728
729
730
731
732
733
734
735
736
737
738
739
740
741
742
743
744
745
746
747
748
749
750
751
752
753
754
756
757
758
759
760
761
762
763
764
765
767
768
769
770
771
772
773
774
775
776
777
778
779
780
781
782
783
784
785
786
787
788
789
790
791
792
793
794
795
796
797
798
799
800
801
802
803
804
805
806
807
808
809
810
811
812
813
814
815
816
817
818
819
820
821
822
823
824
825
826
827
828
829
830
831
832
833
834
835
836
837
838
839
840
841
842
843
844
845
846
847
848
849
850
851
852
853
854
855
856
857
858
859
860
861
862
863
864
865
866
867
868
869
870
871
872
873
874
875
876
877
878
879
880
881
882
883
884
885
886
887
888
889
890
891
892
893
894
895
896
897
898
899
900
901
902
903
904
905
906
907
908
909
910
911
912
913
914
915
916
917
918
919
920
921
922
923
924
925
926
927
928
929
930
931
932
933
934
935
936
937
938
939
940
941
942
943
944
945
946
947
948
949
950
951
952
953
954
955
956
957
958
960
961
962
963
964
965
966
967
968
969
970
971
972
973
974
975
976
977
978
979
980
981
982
983
984
985
986
987
988
989
990
991
992
993
994
995
996
997
998
999
1000
1001
1002
1003
1004
0 249 1
0 178 4
0 605 3
2 32 6
2 768 2
2 580 3
2 197 2
2 465 1
2 328 2
2 791 2
2 812 1
2 528 2
2 561 3
2 790 8
2 119 1
2 700 3
2 669 2
2 638 2
4 304 2
4 441 3
4 802 2
4 135 2
5 107 1
5 491 2
5 175 5
6 249 1
6 178 4
6 605 3
8 544 1
13 738 2
14 506 1
14 996 1
14 173 1
15 584 1
15 680 1
15 731 7
15 422 1
17 316 2
24 31 1
24 530 2
24 750 2
24 658 1
24 915 1
24 846 1
24 630 2
24 280 2
24 891 10
24 189 1
24 629 2
25 684 1
25 844 1
28 338 1
28 987 3
29 107 1
29 724 2
29 333 1
29 670 3
31 165 6
31 316 2
31 428 2
31 915 1
31 92 3
31 990 1
32 580 8
32 197 8
32 718 1
32 502 1
32 791 5
32 280 4
32 669 5
32 293 3
35 280 3
35 585 1
35 978 1
35 207 1
38 638 3
40 450 4
40 362 1
40 272 2
40 53 1
40 662 3
40 187 2
40 254 1
42 649 1
42 534 3
45 66 1
46 310 1
48 216 1
48 458 1
48 499 1
48 684 1
48 558 1
50 559 4
52 168 1
52 948 5
52 868 8
52 765 1
52 528 5
53 193 1
53 866 3
53 674 1
53 946 4
53 819 1
53 311 1
53 120 4
53 923 1
53 540 2
55 951 1
56 987 3
56 540 1
58 909 3
60 187 1
61 388 1
61 517 6
61 135 2
61 522 1
61 398 2
61 915 2
61 534 1
61 542 1
61 306 1
61 692 1
61 450 2
61 718 11
61 591 3
61 851 2
61 980 1
61 991 1
61 356 5
61 742 4
61 233 3
61 362 1
61 241 1
61 502 5
61 617 1
62 800 4
62 214 2
62 518 1
62 485 2
62 646 3
65 544 1
65 993 2
65 963 1
65 772 2
65 997 1
65 367 1
65 120 2
65 377 3
65 220 1
65 190 2
66 782 1
67 963 9
67 165 6
67 391 2
67 846 7
67 207 3
67 344 2
67 190 1
68 987 3
70 322 1
70 388 4
70 534 1
70 663 1
70 334 2
70 853 1
70 822 1
70 343 1
70 90 2
70 510 2
73 499 1
74 674 2
74 166 3
74 294 11
74 392 1
74 332 2
74 112 7
74 948 2
74 214 3
75 120 2
75 936 2
75 772 5
75 229 1
75 334 1
77 168 4
77 912 2
77 948 1
77 356 1
77 439 1
78 832 3
78 249 1
78 178 8
78 314 1
78 605 3
82 802 1
82 135 2
83 784 2
84 638 1
84 534 1
88 950 1
88 638 2
88 343 1
90 832 2
90 464 1
90 356 1
90 742 1
90 648 2
90 1001 1
90 107 1
90 749 1
90 372 2
90 912 2
90 168 1
90 936 2
90 948 3
90 233 3
90 120 1
90 692 1
90 506 9
90 868 2
90 223 1
91 415 1
92 838 4
92 428 5
92 207 1
92 280 1
92 953 1
92 316 2
92 349 3
92 990 3
95 329 1
95 987 3
96 388 5
96 634 1
96 420 3
96 638 1
98 707 6
98 134 2
98 454 5
98 713 4
98 107 3
98 268 3
98 429 3
98 401 9
98 117 3
98 278 3
99 249 1
99 178 4
99 314 2
99 878 1
101 423 1
101 718 3
101 246 4
101 127 1
104 425 88
104 765 1
104 294 2
105 418 2
105 996 3
105 374 3
106 788 2
106 638 1
107 898 1
107 643 3
107 664 1
107 537 1
107 670 2
107 808 1
107 553 1
107 810 3
107 175 1
107 192 2
107 201 1
107 335 14
107 464 1
107 468 1
107 985 1
107 118 1
107 980 1
107 381 1
109 913 2
109 356 2
109 721 2
111 946 1
111 790 2
112 674 5
112 356 8
112 517 1
112 166 4
112 392 6
112 267 5
112 782 1
112 948 2
112 472 4
112 313 6
112 730 1
112 316 1
113 646 2
113 518 1
114 718 2
119 465 1
119 812 3
120 290 2
120 707 5
120 772 8
120 198 3
120 454 6
120 609 3
120 193 1
120 253 1
120 752 7
120 948 4
120 196 3
120 278 2
120 633 2
120 356 1
120 997 1
120 190 2
120 191 2
122 924 2
122 718 1
125 534 1
125 139 2
125 676 2
125 510 4
125 622 5
126 868 1
126 586 9
126 332 5
126 500 2
126 721 1
126 948 1
126 790 5
126 984 2
126 356 3
127 718 4
132 337 2
133 528 1
133 948 1
134 425 2
134 923 1
134 316 1
135 581 5
135 870 4
135 337 1
135 329 3
135 170 2
135 306 1
135 942 7
135 742 4
135 371 3
135 628 2
135 851 2
136 200 11
136 302 1
136 207 1
136 952 5
136 915 1
136 280 1
136 316 3
139 322 2
139 323 2
139 939 1
139 534 2
139 510 1
141 978 1
141 188 1
141 469 1
142 224 1
142 267 4
142 207 1
142 915 6
142 280 4
142 953 1
142 316 2
142 351 1
143 544 1
143 739 2
143 796 1
143 669 1
147 416 2
147 933 4
147 518 2
147 454 1
147 277 1
147 191 2
147 157 1
147 926 1
147 383 1
149 372 1
151 833 1
151 923 4
151 700 2
151 253 1
151 278 1
153 977 10
157 347 2
157 277 1
157 926 1
157 415 1
158 891 3
160 530 4
161 993 2
161 784 6
161 306 1
161 659 1
161 443 1
161 863 1
164 223 1
164 343 1
165 401 10
165 316 6
166 674 1
166 356 2
166 586 5
166 267 1
166 332 3
166 435 2
166 946 3
166 883 4
166 790 1
166 500 3
166 573 1
167 547 1
167 838 1
167 978 2
167 851 1
167 469 1
167 280 1
167 954 1
168 416 2
168 356 17
168 984 2
168 966 2
168 232 14
168 425 3
168 266 1
168 744 2
168 762 1
168 912 31
168 648 3
168 946 3
168 439 1
168 472 26
168 313 8
168 948 5
168 730 2
168 260 2
169 314 2
170 245 1
170 231 3
170 581 3
171 347 2
171 933 1
173 506 1
173 738 1
175 832 1
175 423 1
175 335 2
175 849 4
175 275 6
178 409 4
178 538 6
178 415 11
178 929 6
178 418 5
178 295 4
178 693 4
178 569 4
178 314 9
178 833 3
178 710 5
178 333 12
178 976 5
178 978 1
178 339 4
178 470 6
178 599 6
178 605 38
178 862 6
178 991 4
178 228 4
178 502 18
178 249 6
178 767 5
181 920 2
181 656 1
181 274 1
181 190 2
181 353 1
184 779 2
184 225 1
184 843 2
184 883 1
184 189 1
185 833 1
185 987 1
185 742 3
185 910 1
187 802 1
187 900 1
187 572 1
187 450 1
187 272 1
187 947 1
187 662 3
187 695 1
187 568 3
188 431 4
188 978 1
188 851 1
188 502 1
188 280 3
189 423 2
189 362 1
189 428 1
189 595 1
189 883 4
189 629 1
189 214 1
189 410 1
190 353 2
190 614 2
190 207 1
190 656 2
190 920 1
190 274 4
190 373 2
191 752 1
192 553 1
192 381 3
193 707 1
193 662 2
196 435 1
198 454 1
199 506 3
199 644 1
199 738 1
200 806 2
200 971 13
200 428 5
200 344 3
200 915 1
200 952 5
200 543 3
200 316 4
200 351 6
206 676 1
206 622 1
207 484 2
207 424 3
207 585 1
207 428 2
207 558 4
207 280 1
207 469 3
207 630 4
207 888 2
207 954 1
207 795 5
207 349 1
207 990 2
207 373 4
208 1004 1
208 783 1
214 662 1
214 518 2
214 940 2
214 783 1
214 912 5
214 534 1
214 280 1
214 923 2
214 290 7
214 935 4
214 425 1
214 278 3
214 428 2
214 695 1
214 707 1
214 841 5
214 334 3
214 595 1
214 742 2
214 887 2
214 765 3
216 321 3
216 499 5
216 558 7
220 362 2
220 483 2
223 415 1
223 879 1
224 428 1
224 316 2
224 349 6
224 838 1
225 716 3
225 951 3
225 700 3
225 423 1
228 502 1
228 333 1
228 470 1
228 249 1
228 605 6
231 987 6
231 874 3
231 245 6
231 923 1
231 540 6
232 356 3
232 425 2
232 332 1
232 782 1
232 912 3
232 744 4
232 472 11
233 692 3
233 245 1
233 935 19
235 923 1
236 977 1
236 1004 1
236 537 1
239 656 2
239 609 2
239 558 1
239 951 2
241 280 2
243 607 3
245 581 1
245 329 1
245 874 3
245 987 6
245 764 2
245 540 3
246 724 6
246 423 3
248 586 1
248 415 1
249 519 1
249 409 1
249 538 1
249 929 1
249 693 1
249 314 1
249 710 1
249 333 1
249 976 1
249 470 2
249 599 1
249 605 4
249 862 1
249 991 1
249 491 2
249 502 1
249 767 1
250 356 1
250 948 3
250 886 3
250 782 2
250 913 1
251 987 3
253 290 2
256 313 2
256 356 1
256 721 2
264 376 2
264 329 2
264 540 5
266 912 3
266 439 1
267 517 5
267 648 3
267 988 3
267 586 3
267 782 3
267 751 3
267 392 1
267 658 3
267 435 2
267 948 2
267 790 8
267 631 1
267 891 15
267 316 1
267 478 2
272 900 1
272 662 1
272 742 4
274 920 3
274 280 1
274 301 3
275 849 3
278 772 2
278 502 1
278 332 4
278 290 1
278 923 4
280 772 2
280 902 2
280 647 3
280 388 1
280 656 3
280 915 3
280 408 1
280 281 1
280 795 1
280 547 7
280 421 2
280 422 2
280 424 1
280 561 2
280 301 1
280 526 2
280 817 1
280 953 2
280 954 1
280 957 1
280 838 1
280 846 5
280 469 1
280 349 1
280 990 2
280 293 2
280 739 1
280 360 2
280 530 6
280 496 1
280 920 2
280 851 2
280 629 6
280 631 2
284 731 7
288 750 2
288 610 21
288 484 25
288 773 21
288 391 26
288 846 29
288 629 29
288 630 3
289 810 2
289 899 1
290 589 4
290 367 1
293 547 3
293 455 1
293 724 2
293 502 1
293 697 6
293 862 5
294 356 1
294 332 4
294 435 2
294 885 2
294 984 2
294 313 2
294 586 2
299 329 1
299 634 1
299 509 2
302 891 1
302 316 2
304 936 1
304 441 1
304 527 1
306 742 3
306 784 1
306 659 3
306 374 4
310 638 2
310 950 2
310 343 1
311 873 1
311 987 3
313 416 7
313 912 2
313 356 21
313 721 2
313 425 1
313 744 1
313 946 14
313 948 6
313 885 2
313 472 4
313 730 3
314 929 4
314 710 2
314 333 1
314 693 5
314 599 2
314 409 1
314 538 1
314 605 1
314 767 2
316 772 2
316 647 2
316 915 5
316 543 3
316 428 10
316 952 2
316 953 4
316 833 1
316 962 1
316 838 2
316 586 2
316 971 4
316 332 1
316 782 2
316 344 2
316 857 2
316 349 2
316 990 2
316 351 2
316 888 2
318 332 1
318 809 1
318 684 2
319 499 1
319 558 1
320 337 6
320 1004 1
321 618 2
321 499 2
321 558 1
322 534 1
322 334 1
322 879 2
323 951 2
324 337 2
326 587 1
327 381 1
329 738 1
329 587 2
329 388 1
329 775 3
329 427 1
329 624 3
329 692 1
329 534 1
329 343 3
329 798 3
332 356 3
332 844 1
332 586 10
332 684 1
332 782 6
332 573 5
332 648 2
332 435 3
332 500 14
332 885 2
332 984 2
333 605 4
333 470 2
333 767 1
334 995 1
334 772 4
334 742 1
334 746 1
334 749 3
334 687 1
334 534 4
334 923 1
335 688 5
335 664 4
335 537 2
336 926 2
337 505 3
338 624 1
338 849 2
338 987 3
338 540 2
338 511 2
343 534 2
343 587 1
343 399 5
343 853 1
343 950 7
343 663 5
346 634 1
346 559 2
347 472 2
347 933 3
349 838 6
351 428 2
353 891 4
353 391 5
356 517 2
356 648 7
356 782 2
356 912 15
356 790 2
356 730 8
356 602 6
356 425 5
356 948 10
356 586 3
356 718 1
356 721 7
356 472 29
356 743 1
356 744 3
356 573 2
356 765 5
360 891 1
360 630 2
361 987 3
362 909 1
362 528 1
362 383 3
364 996 1
364 582 2
367 833 1
367 809 4
369 832 2
369 936 1
369 535 3
369 913 10
369 407 1
369 444 1
371 528 1
371 441 1
372 716 2
373 838 1
373 391 6
374 400 3
376 832 1
376 634 1
377 866 3
378 514 1
379 568 1
381 810 4
381 532 2
381 506 3
381 670 1
383 528 1
383 589 2
383 720 3
383 662 2
383 887 6
383 568 2
383 891 4
383 586 2
383 703 1
388 509 1
388 534 1
388 638 2
389 913 1
391 750 4
391 445 1
392 674 4
392 803 1
392 948 1
397 891 3
400 659 2
400 813 3
401 429 21
401 454 7
401 415 13
402 788 1
407 936 1
407 843 2
409 470 3
409 605 3
410 650 1
410 663 2
415 833 1
415 450 2
415 811 3
415 517 1
415 742 1
415 587 2
415 429 4
415 718 1
415 591 1
415 851 1
415 542 1
415 502 2
415 946 3
415 670 1
416 707 1
416 425 2
416 435 2
416 782 3
416 948 13
416 790 4
418 996 14
418 977 2
420 559 10
421 424 1
421 795 6
422 680 3
422 731 9
423 832 1
423 849 1
423 977 2
424 795 3
424 990 2
425 648 1
425 912 6
425 946 5
425 948 8
425 472 1
425 602 2
425 868 2
427 955 2
428 915 7
428 917 2
428 857 3
428 888 1
428 953 3
428 990 4
429 454 6
432 987 3
433 987 3
433 540 1
433 951 1
435 586 4
435 782 3
435 500 7
435 885 2
435 759 2
435 984 3
435 948 4
435 573 2
439 912 1
439 949 5
443 662 3
443 703 1
444 518 1
444 535 1
445 838 1
445 750 1
450 802 6
450 742 3
450 586 1
450 712 1
454 772 2
458 684 1
458 558 2
458 499 2
458 918 1
458 956 2
465 664 1
465 812 2
469 978 2
469 851 1
469 630 7
470 789 7
470 538 1
470 605 4
470 862 1
470 693 1
471 587 1
471 483 1
472 744 3
472 912 3
472 946 1
474 832 2
474 951 1
480 987 3
482 531 2
482 641 1
482 987 3
484 630 4
484 750 2
485 518 1
493 838 1
499 918 1
499 844 1
499 558 3
499 758 1
499 956 1
499 618 1
500 586 7
500 814 1
500 948 1
500 782 5
500 573 3
500 542 1
502 710 3
502 749 3
502 878 1
502 605 3
502 693 1
502 854 4
502 923 1
502 862 1
505 509 1
506 738 1
506 996 2
506 1001 14
506 783 2
506 752 4
506 850 3
506 670 3
506 921 4
506 644 4
506 924 11
506 702 5
509 832 1
509 1004 4
510 534 3
510 622 1
511 849 2
511 789 1
513 518 1
514 832 1
514 1001 1
514 780 4
514 977 1
514 950 2
517 674 1
517 803 1
517 813 5
517 718 2
517 948 1
518 646 2
518 551 1
518 823 3
518 722 2
518 854 10
518 535 3
518 895 4
518 799 2
526 530 1
527 720 1
527 710 3
527 870 1
527 855 2
528 609 1
530 586 1
530 658 1
530 629 3
530 630 1
530 891 11
531 987 3
534 591 1
534 862 6
535 913 2
538 605 3
540 641 1
540 955 1
540 840 5
540 873 3
540 874 3
540 692 2
540 855 1
540 987 3
541 738 1
541 850 3
542 823 2
543 971 1
544 669 2
547 585 2
547 846 1
547 978 2
547 862 4
550 812 1
553 688 2
553 670 3
558 844 1
558 684 1
558 956 3
559 622 2
565 715 1
565 684 3
569 605 3
572 662 1
573 648 2
573 586 5
573 790 1
576 738 1
581 855 3
582 987 3
584 731 4
585 909 4
586 648 1
586 782 20
586 915 1
586 790 1
586 687 1
586 844 1
586 984 5
586 602 1
586 617 1
586 765 1
587 617 1
587 784 3
590 933 1
591 923 1
595 718 3
595 951 2
597 843 1
599 605 5
599 693 3
602 721 3
602 868 1
602 765 3
605 710 3
605 976 3
605 693 4
605 862 3
605 767 3
607 995 1
607 687 1
609 707 3
609 772 2
611 921 1
614 978 1
614 851 1
617 923 6
622 676 2
622 634 2
624 738 1
624 764 7
624 994 1
629 846 1
629 750 1
629 630 1
629 891 5
630 920 4
630 891 2
631 846 1
631 838 1
633 707 3
633 772 1
634 832 1
634 788 3
634 638 1
638 832 1
638 790 1
638 700 3
638 906 2
641 987 6
643 685 1
643 670 1
644 924 14
644 850 3
648 974 2
648 765 1
648 948 6
648 790 1
649 951 2
650 682 1
650 738 1
654 738 2
654 991 3
654 996 1
654 682 1
654 783 2
657 921 1
658 685 1
658 846 1
659 790 1
662 900 1
668 720 1
668 746 4
668 935 3
672 946 1
672 844 1
674 948 2
680 707 3
680 731 1
682 850 2
682 738 4
682 783 1
684 844 8
684 956 4
687 923 3
688 899 1
692 833 1
692 835 1
692 742 1
692 775 1
692 935 1
692 749 5
692 926 1
697 962 1
697 855 5
697 925 2
698 987 4
700 812 4
700 748 3
700 977 1
700 862 1
700 991 1
706 951 6
707 749 1
707 880 1
707 951 3
707 923 1
715 926 4
715 951 1
716 718 8
718 742 1
718 904 2
718 883 3
718 980 2
718 724 4
719 921 1
719 738 2
720 833 1
720 935 3
720 746 2
720 813 1
720 855 1
721 743 2
721 908 1
721 765 3
723 758 1
724 883 1
730 912 1
738 923 1
738 996 1
738 837 3
738 828 2
738 745 3
738 783 5
738 760 1
738 921 1
742 900 1
744 912 3
746 813 7
746 935 5
750 838 2
758 956 1
758 844 1
758 918 1
762 984 2
764 874 3
764 994 2
764 987 3
765 868 3
765 790 1
765 908 2
772 951 2
776 923 7
779 843 4
780 977 2
782 915 1
782 790 1
783 923 1
789 987 3
790 868 4
790 812 7
790 948 1
790 956 3
796 987 3
799 895 1
803 948 1
809 987 5
813 996 1
813 935 7
823 895 2
832 1001 1
832 977 1
833 987 1
838 915 1
840 874 3
840 987 3
843 907 1
844 918 2
849 987 5
850 987 1
851 978 3
851 954 1
857 915 1
858 991 1
861 896 1
862 909 6
863 993 1
865 995 1
866 951 3
868 948 4
868 889 1
872 987 3
873 987 3
873 874 4
873 955 1
873 925 1
883 907 1
890 923 5
890 948 1
891 995 1
912 948 1
912 984 2
915 990 1
919 1000 2
920 978 3
924 996 2
926 951 1
946 948 2
950 977 4
953 957 1
954 978 1
954 957 1
955 987 6
974 984 1
977 1004 3
987 994 3
