0
1
2
3
4
5
6
7
8
9
10
11
12
13
14
15
16
17
18
19
20
21
22
23
24
25
26
27
28
29
30
31
32
33
34
35
36
37
38
39
40
41
42
43
44
45
46
47
48
49
50
51
52
53
54
55
56
57
58
59
60
61
62
63
64
65
66
67
68
69
70
71
72
73
74
75
76
77
78
79
80
81
82
83
84
85
86
87
88
89
90
91
92
93
94
95
96
97
98
99
100
101
102
103
104
105
106
107
108
109
110
111
112
113
114
115
116
117
118
119
120
121
122
123
124
125
126
127
128
129
130
131
132
133
134
135
136
137
138
139
141
142
143
144
145
146
147
148
149
150
151
152
153
154
155
157
158
159
160
161
162
163
164
165
166
167
168
169
170
171
172
173
174
175
176
177
178
179
180
181
182
183
184
185
186
187
188
189
190
191
192
193
194
195
196
197
198
199
200
201
202
203
204
205
206
207
208
209
210
211
212
213
214
215
216
217
218
219
220
221
222
223
224
225
226
227
228
229
230
231
232
233
235
236
237
238
239
240
241
242
243
244
245
246
247
248
249
250
251
252
253
254
255
256
257
259
260
262
263
264
265
266
267
268
269
270
271
272
273
274
275
276
277
278
279
280
281
282
283
284
285
286
287
288
289
290
291
292
293
294
295
296
297
299
300
301
302
303
304
305
306
307
308
309
310
311
312
313
314
315
316
317
318
319
320
321
322
323
324
325
326
327
328
329
330
331
332
333
334
335
336
337
338
339
340
341
343
344
345
346
347
348
349
350
351
352
353
355
356
357
358
359
360
361
362
364
365
366
367
368
369
370
371
372
373
374
375
376
377
378
379
380
381
382
383
384
385
386
387
388
389
390
391
392
393
394
395
396
397
398
399
400
401
402
403
404
405
406
407
408
409
410
411
412
413
414
415
416
418
419
420
421
422
423
424
425
426
427
428
429
430
431
432
433
434
435
436
437
438
439
440
441
442
443
444
445
446
447
448
449
450
451
452
453
454
455
456
457
458
459
460
461
462
464
465
466
467
468
469
470
471
472
473
474
475
476
477
478
479
480
481
482
483
484
485
486
487
488
489
490
491
492
493
495
496
497
498
499
500
501
502
503
504
505
506
507
508
509
510
511
512
513
514
515
516
517
518
519
520
521
522
523
524
525
526
527
528
530
531
532
533
534
535
536
537
538
539
540
541
542
543
544
545
546
547
548
549
550
551
552
553
554
556
557
558
559
560
561
562
563
564
565
566
567
568
569
570
571
572
573
574
575
576
577
578
579
580
581
582
583
584
585
586
587
588
589
590
591
592
593
594
595
596
597
598
599
600
601
602
603
604
605
606
607
609
610
611
612
613
614
615
616
617
618
619
621
622
623
624
625
626
627
628
629
630
631
632
633
634
635
636
637
638
639
640
641
642
643
644
645
646
647
648
649
650
651
652
653
654
655
656
657
658
659
660
661
662
663
664
665
666
667
668
669
670
671
672
673
674
675
676
677
678
679
680
681
682
683
684
685
686
687
688
689
690
691
692
693
694
695
696
697
698
699
700
701
702
703
704
705
706
707
708
709
710
711
712
713
714
715
716
717
718
719
720
721
722
723
724
725
726
727
728
729
730
731
732
733
734
735
736
737
738
739
740
741
742
743
744
745
746
747
748
749
750
751
752
753
754
756
757
758
759
760
761
762
763
764
765
767
768
769
770
771
772
773
774
775
776
777
778
779
780
781
782
783
784
785
786
787
788
789
790
791
792
793
794
795
796
797
798
799
800
801
802
803
804
805
806
807
808
809
810
811
812
813
814
815
816
817
818
819
820
821
822
823
824
825
826
827
828
829
830
831
832
833
834
835
836
837
838
839
840
841
842
843
844
845
846
847
848
849
850
851
852
853
854
855
856
857
858
859
860
861
862
863
864
865
866
867
868
869
870
871
872
873
874
875
876
877
878
879
880
881
882
883
884
885
886
887
888
889
890
891
892
893
894
895
896
897
898
899
900
901
902
903
904
905
906
907
908
909
910
911
912
913
914
915
916
917
918
919
920
921
922
923
924
925
926
927
928
929
930
931
932
933
934
935
936
937
938
939
940
941
942
943
944
945
946
947
948
949
950
951
952
953
954
955
956
957
958
960
961
962
963
964
965
966
967
968
969
970
971
972
973
974
975
976
977
978
979
980
981
982
983
984
985
986
987
988
989
990
991
992
993
994
995
996
997
998
999
1000
1001
1002
1003
1004
0 569 1
0 249 2
0 236 2
0 333 1
0 693 1
2 700 3
2 629 1
2 790 3
2 231 2
6 569 1
6 249 1
6 333 1
6 693 1
8 731 1
13 738 1
13 532 3
14 738 1
14 644 7
14 199 1
14 1001 8
14 173 1
14 724 4
14 506 20
14 924 2
14 410 1
14 702 11
15 680 7
16 377 1
16 410 1
16 19 2
16 866 1
19 407 1
24 629 2
24 630 1
24 31 1
25 48 1
28 987 1
30 765 1
30 790 1
31 316 1
31 165 9
32 61 1
32 197 1
38 334 2
41 723 1
45 782 2
48 458 1
48 558 1
48 499 1
48 216 1
48 956 1
48 319 1
50 402 1
52 66 1
56 482 1
58 818 1
62 800 7
62 646 2
62 113 2
62 168 1
62 369 4
62 214 2
62 571 4
62 542 1
62 159 1
64 139 1
65 923 1
66 782 1
67 963 8
67 165 8
67 846 5
67 207 5
67 561 3
67 344 4
73 499 1
74 126 4
75 546 3
76 410 1
77 260 5
78 569 1
78 333 1
78 693 1
83 697 2
83 306 1
83 742 1
83 863 1
86 443 6
86 742 1
90 416 1
90 464 2
90 356 1
90 935 1
90 168 1
90 435 1
90 335 4
90 656 3
90 625 2
90 883 1
90 260 1
98 401 4
98 268 1
101 866 2
101 724 1
101 423 1
102 139 1
103 514 1
104 256 1
104 356 1
104 908 1
104 721 4
104 765 5
104 126 5
107 980 1
111 586 1
112 267 1
112 214 1
112 790 1
113 646 1
113 535 1
114 249 1
117 268 1
118 502 1
119 880 2
120 772 2
122 410 1
125 139 1
126 294 8
126 648 3
126 586 21
126 782 5
126 790 1
126 759 1
126 168 2
133 648 1
134 738 1
135 932 1
137 273 2
137 523 2
139 323 1
139 676 1
139 487 1
139 939 1
139 206 1
139 174 1
139 534 1
139 324 1
139 154 1
139 477 1
139 510 1
147 715 2
147 214 4
149 249 1
149 866 1
149 716 2
152 443 5
152 742 1
153 410 1
157 746 1
157 347 1
157 686 1
159 713 1
159 692 2
159 214 2
160 571 5
160 629 3
161 571 1
165 207 1
165 401 9
165 344 6
165 316 8
166 586 2
166 267 1
167 656 1
167 978 2
167 469 4
167 410 1
168 260 5
168 586 4
168 759 2
168 556 1
168 912 1
168 790 2
168 439 1
168 575 2
171 715 1
173 506 1
175 849 5
175 410 1
175 275 6
175 532 2
178 569 1
178 693 1
178 502 3
180 727 1
181 552 1
181 696 1
181 274 1
181 189 3
185 915 2
191 692 1
193 338 1
193 923 2
193 205 1
195 896 2
197 326 1
199 506 4
199 644 6
200 344 1
200 857 1
200 746 1
200 316 1
200 772 2
201 249 1
207 953 1
209 592 1
214 544 1
214 290 4
214 515 1
214 807 4
214 617 2
214 586 1
214 530 1
214 334 1
214 239 2
214 306 1
214 692 2
214 534 1
214 731 1
214 542 1
228 569 1
228 333 1
228 693 4
228 605 8
229 306 1
229 742 1
231 840 2
231 698 3
231 738 1
232 790 1
236 249 1
236 867 3
236 1004 4
239 353 1
239 988 1
239 421 1
245 698 3
246 866 1
246 572 1
249 1004 1
249 716 4
249 333 1
249 977 1
249 595 1
249 693 1
249 409 1
249 569 1
249 410 1
250 646 1
251 410 1
256 721 1
260 648 3
260 573 2
263 369 5
267 530 9
267 435 3
267 629 2
267 952 1
267 891 1
268 291 1
268 454 1
268 713 1
268 633 1
270 502 3
274 920 1
274 817 2
275 849 6
275 423 3
277 571 3
280 629 1
281 905 4
283 586 1
284 680 3
284 731 1
284 422 2
285 571 3
285 715 1
288 561 3
288 493 3
288 445 3
288 838 1
288 629 4
291 401 4
293 724 1
294 648 2
294 313 3
294 885 3
294 817 3
295 569 1
305 425 2
306 790 4
306 742 3
306 784 2
311 540 1
312 333 1
313 885 1
316 428 1
316 392 4
316 915 1
316 990 1
317 441 2
321 499 2
322 706 2
322 879 1
322 534 1
322 334 1
322 591 1
323 514 3
333 502 1
333 710 1
333 599 1
333 569 2
333 693 2
333 470 1
333 409 1
333 538 1
333 605 5
333 862 1
333 767 1
334 534 1
335 643 1
335 980 2
339 569 1
347 715 1
347 933 2
353 951 1
356 912 2
356 746 1
360 629 2
369 646 2
372 595 1
377 866 1
378 514 1
381 643 1
394 571 5
400 742 1
401 454 11
401 429 4
401 415 4
405 870 1
409 569 1
409 693 1
410 482 1
410 837 1
410 1001 1
410 650 1
410 994 1
410 433 1
410 777 1
410 969 1
410 924 1
410 541 1
410 719 1
413 746 2
413 700 1
413 935 10
416 648 1
418 996 1
421 424 2
421 795 3
422 680 2
422 731 7
423 849 2
423 866 1
424 658 1
424 795 2
424 990 1
425 946 1
433 633 1
435 586 4
435 500 2
435 782 3
438 818 1
440 810 1
443 742 4
443 662 1
443 677 1
444 646 1
445 629 1
447 586 2
450 571 2
454 592 6
454 772 1
454 713 5
470 569 1
470 693 1
472 912 2
472 648 1
472 946 1
479 980 1
482 886 1
485 646 1
493 629 2
493 630 1
500 586 3
500 542 1
500 814 3
500 782 3
502 693 5
502 569 1
502 538 1
502 605 7
506 866 2
506 644 12
506 1001 53
506 850 1
506 996 5
506 541 4
506 738 3
513 646 2
516 532 2
516 783 1
517 746 1
519 569 1
526 629 2
528 867 1
528 923 2
530 891 1
530 838 1
530 935 1
530 685 2
530 851 1
530 692 1
530 629 7
530 630 2
530 858 1
530 571 8
532 721 2
534 571 1
535 646 1
538 569 1
538 693 1
540 692 4
540 855 1
540 697 2
540 698 3
540 925 1
541 923 3
541 738 1
541 657 2
542 646 1
542 746 1
542 571 1
543 971 1
543 838 1
550 746 1
551 646 1
551 743 1
556 949 2
561 838 1
561 846 2
561 629 2
561 631 2
569 693 1
569 710 1
569 976 1
569 599 1
569 605 1
569 862 1
569 991 1
569 767 1
571 900 7
571 742 3
571 870 3
571 935 2
571 776 4
571 684 2
571 663 3
571 731 1
571 885 2
572 802 1
573 586 1
575 912 2
577 715 1
577 686 3
581 936 6
581 932 2
581 692 1
586 746 1
586 782 3
586 759 3
586 984 4
587 720 3
590 715 1
591 923 1
592 609 4
592 713 1
596 802 1
597 738 1
599 693 2
602 648 1
605 693 1
605 789 1
617 923 2
629 658 2
629 685 2
629 846 2
629 630 5
629 631 2
629 891 2
630 920 1
630 700 1
644 924 6
644 738 1
646 823 1
646 854 1
648 721 2
648 790 4
654 738 1
656 920 1
659 742 1
665 746 1
666 828 1
668 746 5
668 935 5
671 738 1
680 731 5
684 746 1
686 715 1
687 746 2
692 932 3
692 742 2
692 746 8
692 798 1
693 710 1
693 976 1
693 862 1
693 767 1
697 873 1
697 925 1
697 855 1
698 840 3
698 873 3
698 764 3
700 812 1
707 951 1
715 931 1
715 933 1
715 972 1
715 748 2
715 926 2
716 866 1
716 980 1
718 980 2
719 738 2
720 731 1
731 746 3
738 783 4
738 996 1
738 975 1
738 1001 1
738 979 1
738 921 1
738 923 4
742 993 1
742 863 1
742 901 1
742 769 1
742 746 1
742 784 2
742 835 1
745 828 1
746 992 3
746 923 1
746 935 19
746 812 3
761 928 1
761 783 1
765 936 1
772 923 8
782 912 3
782 984 1
790 812 3
819 1003 1
837 924 1
851 978 3
921 923 2
935 992 2
953 957 3
957 990 3
