0
1
2
3
4
5
6
7
8
9
10
11
12
13
14
15
16
17
18
19
20
21
22
23
24
25
26
27
28
29
30
31
32
33
34
35
36
37
38
39
40
41
42
43
44
45
46
47
48
49
50
51
52
53
54
55
56
57
58
59
60
61
62
63
64
65
66
67
68
69
70
71
72
73
74
75
76
77
78
79
80
81
82
83
84
85
86
87
88
89
90
91
92
93
94
95
96
97
98
99
100
101
102
103
104
105
106
107
108
109
110
111
112
113
114
115
116
117
118
119
120
121
122
123
124
125
126
127
128
129
130
131
132
133
134
135
136
137
138
139
141
142
143
144
145
146
147
148
149
150
151
152
153
154
155
157
158
159
160
161
162
163
164
165
166
167
168
169
170
171
172
173
174
175
176
177
178
179
180
181
182
183
184
185
186
187
188
189
190
191
192
193
194
195
196
197
198
199
200
201
202
203
204
205
206
207
208
209
210
211
212
213
214
215
216
217
218
219
220
221
222
223
224
225
226
227
228
229
230
231
232
233
235
236
237
238
239
240
241
242
243
244
245
246
247
248
249
250
251
252
253
254
255
256
257
259
260
262
263
264
265
266
267
268
269
270
271
272
273
274
275
276
277
278
279
280
281
282
283
284
285
286
287
288
289
290
291
292
293
294
295
296
297
299
300
301
302
303
304
305
306
307
308
309
310
311
312
313
314
315
316
317
318
319
320
321
322
323
324
325
326
327
328
329
330
331
332
333
334
335
336
337
338
339
340
341
343
344
345
346
347
348
349
350
351
352
353
355
356
357
358
359
360
361
362
364
365
366
367
368
369
370
371
372
373
374
375
376
377
378
379
380
381
382
383
384
385
386
387
388
389
390
391
392
393
394
395
396
397
398
399
400
401
402
403
404
405
406
407
408
409
410
411
412
413
414
415
416
418
419
420
421
422
423
424
425
426
427
428
429
430
431
432
433
434
435
436
437
438
439
440
441
442
443
444
445
446
447
448
449
450
451
452
453
454
455
456
457
458
459
460
461
462
464
465
466
467
468
469
470
471
472
473
474
475
476
477
478
479
480
481
482
483
484
485
486
487
488
489
490
491
492
493
495
496
497
498
499
500
501
502
503
504
505
506
507
508
509
510
511
512
513
514
515
516
517
518
519
520
521
522
523
524
525
526
527
528
530
531
532
533
534
535
536
537
538
539
540
541
542
543
544
545
546
547
548
549
550
551
552
553
554
556
557
558
559
560
561
562
563
564
565
566
567
568
569
570
571
572
573
574
575
576
577
578
579
580
581
582
583
584
585
586
587
588
589
590
591
592
593
594
595
596
597
598
599
600
601
602
603
604
605
606
607
609
610
611
612
613
614
615
616
617
618
619
621
622
623
624
625
626
627
628
629
630
631
632
633
634
635
636
637
638
639
640
641
642
643
644
645
646
647
648
649
650
651
652
653
654
655
656
657
658
659
660
661
662
663
664
665
666
667
668
669
670
671
672
673
674
675
676
677
678
679
680
681
682
683
684
685
686
687
688
689
690
691
692
693
694
695
696
697
698
699
700
701
702
703
704
705
706
707
708
709
710
711
712
713
714
715
716
717
718
719
720
721
722
723
724
725
726
727
728
729
730
731
732
733
734
735
736
737
738
739
740
741
742
743
744
745
746
747
748
749
750
751
752
753
754
756
757
758
759
760
761
762
763
764
765
767
768
769
770
771
772
773
774
775
776
777
778
779
780
781
782
783
784
785
786
787
788
789
790
791
792
793
794
795
796
797
798
799
800
801
802
803
804
805
806
807
808
809
810
811
812
813
814
815
816
817
818
819
820
821
822
823
824
825
826
827
828
829
830
831
832
833
834
835
836
837
838
839
840
841
842
843
844
845
846
847
848
849
850
851
852
853
854
855
856
857
858
859
860
861
862
863
864
865
866
867
868
869
870
871
872
873
874
875
876
877
878
879
880
881
882
883
884
885
886
887
888
889
890
891
892
893
894
895
896
897
898
899
900
901
902
903
904
905
906
907
908
909
910
911
912
913
914
915
916
917
918
919
920
921
922
923
924
925
926
927
928
929
930
931
932
933
934
935
936
937
938
939
940
941
942
943
944
945
946
947
948
949
950
951
952
953
954
955
956
957
958
960
961
962
963
964
965
966
967
968
969
970
971
972
973
974
975
976
977
978
979
980
981
982
983
984
985
986
987
988
989
990
991
992
993
994
995
996
997
998
999
1000
1001
1002
1003
1004
0 178 5
2 231 2
2 168 3
2 77 1
2 782 2
2 478 1
2 790 2
2 119 1
2 953 3
2 891 3
2 700 3
2 638 2
4 848 1
4 441 1
4 371 1
4 304 4
5 231 2
5 29 1
5 175 2
5 118 1
5 506 1
5 90 1
6 506 1
6 29 1
6 178 1
8 544 2
8 746 1
13 738 3
13 783 1
13 700 1
13 951 1
14 738 1
14 611 4
14 924 8
14 410 1
14 702 1
15 680 3
15 731 15
15 422 3
16 777 1
16 410 1
16 19 1
16 718 4
17 952 1
17 806 3
19 333 1
19 293 1
22 663 1
24 160 1
24 782 1
24 530 1
24 629 1
24 280 1
24 891 6
24 31 3
25 684 1
28 840 1
28 987 3
29 192 2
29 921 1
29 506 4
29 381 4
30 948 1
30 356 2
30 765 3
30 790 3
30 743 2
31 165 6
31 806 3
31 428 3
31 846 1
31 952 1
31 92 1
31 990 4
32 580 2
32 197 3
32 840 1
32 214 1
32 791 1
32 280 1
32 249 3
32 669 6
35 280 1
35 978 3
35 207 2
38 912 1
38 528 1
40 802 1
40 900 1
40 198 1
40 488 1
40 60 1
40 272 1
40 712 1
40 947 1
40 662 1
40 695 1
40 568 1
40 187 1
40 572 1
40 254 1
41 704 1
41 1000 2
41 73 4
41 723 8
41 565 1
41 758 2
41 503 2
42 832 1
42 139 2
45 66 1
46 132 1
48 1000 1
48 73 1
48 684 1
48 704 2
48 565 1
50 559 16
52 868 2
53 633 3
55 934 1
56 840 1
56 410 1
56 987 5
56 994 3
58 909 2
60 187 1
61 742 2
61 840 1
61 586 3
61 718 5
61 530 2
61 692 1
61 89 1
61 90 2
61 891 1
61 522 2
61 991 8
62 800 2
62 485 8
62 646 10
62 113 4
62 214 1
62 571 6
62 542 1
64 139 1
65 752 2
65 851 1
67 963 7
67 165 4
67 391 3
67 846 4
67 207 4
67 344 3
68 987 3
69 735 1
69 879 2
70 832 1
70 752 1
70 322 2
70 334 1
70 120 1
71 595 1
72 772 1
73 1000 1
73 723 2
73 499 1
74 104 1
74 984 3
74 166 1
74 294 2
75 995 1
75 772 5
75 870 1
75 550 3
75 334 1
75 220 1
75 607 2
76 609 3
76 764 2
77 168 8
77 912 1
77 260 1
77 790 2
78 410 1
78 178 4
78 502 4
82 784 1
82 937 1
82 870 1
82 697 1
83 784 2
83 769 1
86 152 3
86 443 6
86 662 1
89 752 2
89 415 1
90 235 1
90 775 1
90 784 1
90 915 3
90 280 1
90 422 1
90 428 3
90 813 1
90 883 3
90 948 1
90 565 2
90 692 1
90 316 3
90 200 3
90 841 5
90 464 1
90 853 1
90 868 1
90 220 7
90 613 1
90 609 1
90 226 1
90 356 6
90 997 1
90 107 1
90 749 1
90 499 1
90 629 1
90 248 1
90 890 1
90 765 3
92 952 1
92 428 1
92 846 1
92 806 3
95 987 3
95 231 1
96 299 1
96 420 4
98 707 7
98 454 3
98 134 5
98 713 2
98 107 9
98 268 7
98 429 4
98 401 5
98 117 7
98 278 5
99 502 2
99 178 2
99 710 2
99 862 4
101 718 1
101 246 1
101 423 2
104 133 1
104 425 9
104 908 1
104 721 2
104 765 2
105 418 5
105 374 2
106 740 1
106 638 1
107 327 1
107 810 2
107 980 1
107 381 2
109 232 2
109 356 1
111 294 1
111 935 1
112 674 1
112 356 2
113 163 1
113 854 3
114 169 4
114 122 1
118 335 2
119 812 2
119 700 1
120 707 1
120 772 4
120 550 1
120 435 2
120 948 4
120 823 2
120 923 1
120 573 1
120 190 3
122 980 10
125 832 1
125 139 1
126 168 4
126 586 3
126 573 1
126 528 3
126 721 1
126 790 3
126 984 2
126 765 2
127 866 2
127 718 1
130 502 1
133 521 2
134 738 1
134 196 1
136 952 2
136 915 1
136 428 2
136 806 3
139 832 4
139 534 1
139 154 1
139 346 1
139 676 1
139 939 1
139 309 1
139 951 1
139 322 1
139 323 2
139 206 1
139 601 1
139 474 1
139 477 1
139 487 1
139 622 1
139 376 1
139 634 1
139 510 1
141 280 1
141 978 2
141 188 2
142 806 3
142 267 5
142 428 2
142 952 1
142 915 2
142 280 1
142 857 5
142 891 1
142 316 1
143 544 2
143 658 1
143 580 1
144 739 1
147 355 1
147 416 5
147 347 1
147 933 1
147 277 1
148 486 1
149 716 1
149 372 1
150 415 1
150 471 1
151 890 1
151 454 1
151 566 2
152 443 8
153 1001 1
153 418 1
153 996 2
153 818 1
153 977 1
154 832 1
154 1001 2
155 784 2
157 356 5
157 517 2
157 586 6
157 684 4
157 590 1
157 535 4
157 472 4
157 542 4
160 571 6
160 550 2
160 585 1
160 658 2
160 629 3
160 891 1
160 507 1
161 388 1
161 586 1
161 784 1
161 306 1
161 659 1
161 951 2
161 900 3
161 571 2
161 863 1
163 518 1
164 559 1
164 420 1
164 638 6
164 879 1
165 806 3
165 207 4
165 401 2
165 952 1
165 316 1
165 990 5
166 984 1
166 586 4
167 978 2
168 744 9
168 356 7
168 232 2
168 332 1
168 266 8
168 556 1
168 912 20
168 984 1
168 521 3
168 948 1
168 949 4
168 790 2
168 425 3
168 472 13
168 260 5
168 586 1
168 575 1
169 387 1
169 484 1
169 595 2
169 404 1
169 372 1
170 840 2
170 332 1
170 855 2
173 738 1
173 506 1
175 849 2
175 275 2
178 409 1
178 538 1
178 415 2
178 929 3
178 862 29
178 295 1
178 693 2
178 951 1
178 569 1
178 314 3
178 962 1
178 710 1
178 333 1
178 976 1
178 339 1
178 470 4
178 599 1
178 605 33
178 990 1
178 991 1
178 228 1
178 367 4
178 502 11
178 249 3
178 383 1
178 767 3
181 920 1
181 537 1
181 190 4
184 718 1
184 423 2
185 833 1
185 231 1
187 450 1
187 214 1
187 695 1
188 280 1
188 978 2
188 846 1
189 585 1
189 410 3
189 595 5
189 749 1
189 718 1
190 353 4
190 772 3
190 614 1
190 486 3
190 367 1
190 656 4
190 274 4
190 373 5
190 214 3
190 920 2
191 675 2
192 644 2
192 381 4
193 633 2
193 707 1
196 454 1
196 997 1
199 996 2
199 738 1
199 644 2
199 850 1
199 506 1
200 806 3
200 428 5
200 915 3
200 952 7
200 316 2
207 484 1
207 424 3
207 428 1
207 558 1
207 978 2
207 373 4
207 953 1
207 954 2
207 795 1
207 988 1
207 349 1
207 990 3
207 469 1
214 388 1
214 912 5
214 742 1
214 425 2
214 948 1
214 951 2
214 316 1
214 334 3
214 595 2
214 614 1
214 230 2
214 746 1
214 367 1
214 851 1
214 500 8
214 629 3
214 891 6
214 765 2
216 321 2
216 618 4
216 558 1
220 609 1
220 334 1
220 471 2
224 952 1
224 349 1
224 806 1
226 440 2
228 605 1
229 483 1
229 293 3
229 232 1
229 301 1
229 782 1
229 731 3
231 738 4
231 264 4
231 874 2
231 383 1
231 245 2
231 698 1
231 987 4
231 540 4
231 541 1
232 356 1
232 742 2
232 744 2
232 912 3
232 984 2
232 946 1
232 472 6
232 313 1
233 746 2
233 923 2
233 692 7
233 935 4
235 923 1
236 537 2
239 609 1
239 243 4
239 951 4
241 280 1
243 995 2
245 994 1
245 764 1
245 874 2
245 698 1
245 987 3
245 540 4
245 798 1
246 293 1
246 724 5
246 718 1
246 423 2
250 518 2
250 782 1
250 356 1
250 749 2
250 886 2
251 840 1
251 482 1
251 987 3
253 290 1
253 454 1
253 566 1
260 425 2
264 329 1
264 692 1
266 912 4
266 356 2
266 949 1
266 439 1
267 517 2
267 392 1
267 586 2
267 751 2
267 648 3
267 435 5
267 948 1
267 629 1
267 891 8
267 478 5
268 633 2
270 738 1
272 450 2
272 662 1
273 951 1
274 920 1
274 656 1
274 951 2
275 952 2
275 849 2
277 571 5
280 902 3
280 647 1
280 656 1
280 920 2
280 530 4
280 915 2
280 281 3
280 547 2
280 421 1
280 422 1
280 301 1
280 561 1
280 953 1
280 846 1
280 978 2
280 851 4
280 526 1
280 990 1
280 293 1
280 739 1
280 360 1
280 629 5
280 631 1
280 891 1
280 469 1
281 905 6
284 731 10
284 951 1
285 700 1
288 610 16
288 484 18
288 391 19
288 846 27
288 750 4
288 629 25
288 630 1
288 891 1
292 818 1
293 547 2
293 934 4
293 876 1
293 724 2
293 568 1
293 697 3
294 586 17
294 435 1
294 885 2
294 762 1
299 832 1
299 788 2
300 784 2
301 978 2
301 547 1
302 952 1
302 806 3
304 441 3
304 317 1
306 769 2
306 772 2
306 742 2
306 523 2
306 400 1
306 374 1
306 951 1
306 703 1
306 863 1
311 697 1
311 987 3
311 955 1
311 925 2
313 730 3
313 946 3
313 356 10
313 885 2
314 929 1
314 693 1
316 806 5
316 838 1
316 428 11
316 915 6
316 953 2
316 952 1
316 857 2
318 332 1
318 946 1
318 684 2
318 326 1
321 499 1
321 558 1
322 334 1
322 638 2
322 343 1
324 585 1
324 919 1
326 752 1
327 738 1
327 381 7
329 624 1
329 819 2
332 782 3
332 435 1
332 500 4
333 605 1
333 767 1
334 995 4
334 772 2
334 534 2
334 617 1
334 746 3
334 687 1
334 915 3
334 500 1
334 923 2
334 700 1
334 586 1
334 415 1
335 688 7
335 899 2
335 980 1
336 700 2
337 505 1
337 638 2
337 919 1
338 840 1
338 624 1
338 987 3
338 951 1
341 915 1
343 399 4
343 663 3
344 952 1
344 806 1
344 543 1
347 355 1
347 933 1
349 952 1
349 428 1
349 806 1
351 428 1
351 782 2
353 891 2
353 391 5
355 933 1
356 517 1
356 912 7
356 535 1
356 542 3
356 425 9
356 684 1
356 946 2
356 948 5
356 949 1
356 439 1
356 586 2
356 472 22
356 730 5
356 765 4
360 891 3
360 629 2
360 846 1
360 445 1
361 840 2
361 987 3
361 700 2
362 784 1
362 383 5
364 764 1
365 718 2
367 544 1
367 868 3
367 614 1
367 713 1
367 718 1
367 851 2
367 629 1
367 566 1
367 696 1
367 731 1
367 703 1
369 913 3
369 535 1
371 441 3
372 404 1
372 934 1
372 951 2
373 391 9
373 486 1
374 742 1
376 832 2
376 919 1
377 566 2
377 422 4
377 393 4
377 718 3
377 883 2
377 630 3
378 514 4
381 810 3
381 658 2
381 532 1
381 702 4
381 670 1
383 547 1
383 742 3
383 530 2
383 887 1
383 952 3
383 586 2
388 832 2
388 742 1
388 919 1
388 638 1
390 784 9
391 484 4
391 750 3
391 891 1
392 674 4
394 571 8
400 769 2
401 429 5
401 454 7
401 415 2
402 788 1
404 595 2
404 934 1
407 843 1
408 915 1
409 599 2
410 719 2
414 891 16
414 995 4
415 833 4
415 811 2
415 502 1
415 454 1
415 617 1
415 587 2
415 429 1
415 720 2
415 995 3
415 569 1
416 425 2
416 435 3
416 948 1
416 790 1
416 471 2
418 977 3
418 996 15
420 559 5
420 879 1
421 424 11
421 846 1
421 978 2
421 795 3
421 988 1
422 680 2
422 731 2
423 832 1
423 710 2
423 646 1
423 1004 2
423 718 2
423 849 2
424 552 1
424 846 1
424 978 2
424 795 3
424 990 2
425 912 9
425 946 1
425 948 4
425 765 1
425 868 1
427 955 1
428 806 15
428 838 2
428 952 14
428 915 13
428 888 1
428 857 4
428 990 3
429 454 12
433 840 1
433 872 6
433 994 4
433 987 9
433 796 1
434 956 2
435 586 6
435 782 1
435 500 1
435 984 1
435 573 5
437 738 1
438 818 1
439 946 1
440 537 3
443 962 1
443 662 3
443 703 1
445 891 3
445 846 1
445 750 3
450 900 1
450 965 2
450 915 2
450 662 2
450 571 14
454 772 2
454 1003 2
458 1000 1
458 956 1
458 684 3
458 790 1
464 980 1
465 812 1
465 700 1
466 662 1
469 978 2
469 630 2
470 569 2
470 789 3
470 550 2
471 840 1
472 517 2
472 966 1
472 586 3
472 684 2
472 744 4
472 765 1
472 912 5
472 946 8
472 502 1
472 535 2
472 542 4
474 939 1
478 818 1
480 987 3
482 569 1
482 987 3
482 990 1
483 995 1
484 750 4
484 629 1
484 630 8
484 891 1
493 891 1
493 629 1
499 684 1
499 558 1
500 586 3
500 687 4
500 814 1
500 923 1
502 710 2
502 976 4
502 724 1
503 704 1
503 1000 1
503 758 2
506 738 2
506 996 3
506 1001 5
506 644 5
506 724 2
506 921 3
506 702 1
509 832 1
510 832 1
512 978 2
514 832 5
514 1001 4
514 780 4
514 977 4
514 950 4
514 638 2
516 532 1
516 738 1
516 924 1
517 586 1
517 542 2
518 833 2
518 646 1
518 535 5
518 752 2
518 722 1
518 823 1
518 799 2
518 542 4
518 895 3
522 732 1
526 891 1
526 629 1
526 846 1
527 720 6
527 680 1
527 870 2
527 710 2
528 742 2
528 638 1
528 663 2
530 571 10
530 658 1
530 851 1
530 629 5
530 891 7
531 987 3
532 738 1
534 571 1
534 939 2
534 638 3
535 586 1
535 913 2
535 948 1
535 823 1
535 542 3
540 994 1
540 840 1
540 873 2
540 874 2
540 749 2
540 624 2
540 698 1
540 987 3
540 830 3
541 921 1
541 738 7
541 923 2
541 828 1
542 646 6
542 586 3
542 684 2
542 823 2
542 571 1
543 952 1
543 971 1
543 806 3
544 563 1
544 791 1
544 669 2
546 595 1
546 844 1
546 558 1
546 550 2
546 573 1
547 846 1
547 978 2
547 851 1
550 558 2
552 978 2
552 858 1
552 614 5
552 951 1
558 1000 1
559 622 1
561 891 1
561 629 1
565 956 1
566 772 1
569 749 1
571 900 9
571 742 9
571 870 3
571 935 6
571 776 5
571 684 13
571 813 25
571 910 2
571 663 3
571 731 4
571 885 4
572 746 4
572 662 2
573 586 1
575 912 1
576 738 1
581 742 2
581 855 6
582 840 1
582 987 3
584 731 8
586 684 1
586 782 7
586 923 1
586 940 1
586 687 1
586 974 2
586 984 11
586 617 1
586 885 9
586 762 4
591 663 1
595 934 1
599 693 1
599 710 1
601 676 1
601 919 8
602 765 2
602 743 1
605 670 1
609 772 2
609 951 3
609 633 1
611 921 2
611 738 1
614 978 2
614 851 1
614 951 1
617 742 1
617 720 2
617 923 2
622 832 1
622 788 1
624 935 1
624 840 2
624 692 1
624 792 1
629 658 1
629 685 1
629 846 1
629 782 2
629 750 3
629 630 8
629 631 1
629 891 5
630 954 1
630 891 1
631 891 1
633 707 1
633 772 3
634 832 2
634 788 2
638 832 1
638 790 4
638 706 1
638 700 1
638 862 1
640 772 1
641 987 3
643 685 5
644 738 1
644 996 2
644 783 1
647 952 1
647 806 2
649 832 1
650 738 1
650 828 1
650 850 2
650 686 1
654 738 1
654 837 1
654 991 11
656 846 1
656 782 1
657 738 1
658 891 1
659 742 2
660 951 1
663 950 1
668 746 5
671 995 2
671 923 2
680 731 5
680 707 3
682 738 1
684 704 1
684 946 1
685 891 1
687 776 1
687 812 1
687 923 1
687 746 1
692 935 6
692 746 3
692 749 2
696 891 1
696 995 1
696 935 1
697 925 6
697 855 9
698 764 1
698 840 1
698 873 1
698 987 3
699 912 1
700 812 2
700 790 2
700 953 1
702 738 1
703 835 1
704 743 2
706 951 1
707 880 1
707 951 2
707 923 2
710 849 2
711 866 1
711 718 2
716 890 2
716 866 3
716 718 4
718 752 2
718 866 2
718 779 2
718 754 2
718 883 1
718 724 1
718 991 1
719 738 3
720 833 3
720 935 19
720 813 1
720 855 1
721 743 3
721 908 8
721 948 2
721 765 5
723 1000 1
724 1004 5
724 796 1
730 868 3
731 739 1
731 746 1
731 870 1
731 951 1
738 783 4
738 921 3
738 923 9
738 924 1
738 945 1
738 828 2
738 837 2
738 850 1
738 979 1
738 996 1
738 1001 1
738 881 1
738 745 2
738 761 2
739 915 1
739 935 1
740 912 1
740 879 1
742 863 1
742 923 2
742 900 3
742 746 1
742 784 1
743 948 1
744 912 3
744 946 2
746 900 1
746 775 1
746 935 24
746 813 12
746 915 2
750 891 1
751 854 1
752 833 1
754 779 2
758 844 2
758 918 1
761 804 1
762 984 2
764 994 1
764 874 2
764 987 3
765 908 1
765 948 1
769 784 1
769 771 1
769 914 1
772 934 2
780 832 1
782 806 3
782 948 1
782 988 1
783 995 1
784 901 1
784 863 1
789 987 3
790 868 3
790 956 5
790 812 1
790 977 1
795 978 2
795 846 1
796 987 3
798 951 1
799 895 2
806 915 6
806 952 9
806 953 3
806 838 2
806 971 3
806 857 4
806 990 3
806 888 1
807 818 1
808 899 1
809 840 1
809 891 5
809 987 4
810 881 1
811 833 2
817 978 2
818 997 1
819 873 3
819 890 2
823 913 1
832 950 1
840 955 1
840 874 2
840 873 1
840 987 3
844 918 2
846 891 1
846 990 2
849 987 3
850 996 2
850 881 1
850 924 1
851 920 1
851 978 3
851 915 1
854 948 2
857 915 9
857 951 2
857 952 1
858 951 1
862 909 1
865 891 1
866 876 1
868 948 1
872 987 3
873 874 3
873 987 3
873 925 2
874 925 3
876 980 1
885 974 3
890 962 2
890 997 1
890 923 5
891 915 2
891 995 5
912 948 2
912 949 9
915 953 1
915 952 4
919 1000 10
923 983 5
925 951 1
925 955 3
952 953 1
952 971 1
952 990 1
954 978 2
955 987 5
957 978 2
977 996 1
978 988 2
987 994 3
