0
1
2
3
4
5
6
7
8
9
10
11
12
13
14
15
16
17
18
19
20
21
22
23
24
25
26
27
28
29
30
31
32
33
34
35
36
37
38
39
40
41
42
43
44
45
46
47
48
49
50
51
52
53
54
55
56
57
58
59
60
61
62
63
64
65
66
67
68
69
70
71
72
73
74
75
76
77
78
79
80
81
82
83
84
85
86
87
88
89
90
91
92
93
94
95
96
97
98
99
100
101
102
103
104
105
106
107
108
109
110
111
112
113
114
115
116
117
118
119
120
121
122
123
124
125
126
127
128
129
130
131
132
133
134
135
136
137
138
139
141
142
143
144
145
146
147
148
149
150
151
152
153
154
155
157
158
159
160
161
162
163
164
165
166
167
168
169
170
171
172
173
174
175
176
177
178
179
180
181
182
183
184
185
186
187
188
189
190
191
192
193
194
195
196
197
198
199
200
201
202
203
204
205
206
207
208
209
210
211
212
213
214
215
216
217
218
219
220
221
222
223
224
225
226
227
228
229
230
231
232
233
235
236
237
238
239
240
241
242
243
244
245
246
247
248
249
250
251
252
253
254
255
256
257
259
260
262
263
264
265
266
267
268
269
270
271
272
273
274
275
276
277
278
279
280
281
282
283
284
285
286
287
288
289
290
291
292
293
294
295
296
297
299
300
301
302
303
304
305
306
307
308
309
310
311
312
313
314
315
316
317
318
319
320
321
322
323
324
325
326
327
328
329
330
331
332
333
334
335
336
337
338
339
340
341
343
344
345
346
347
348
349
350
351
352
353
355
356
357
358
359
360
361
362
364
365
366
367
368
369
370
371
372
373
374
375
376
377
378
379
380
381
382
383
384
385
386
387
388
389
390
391
392
393
394
395
396
397
398
399
400
401
402
403
404
405
406
407
408
409
410
411
412
413
414
415
416
418
419
420
421
422
423
424
425
426
427
428
429
430
431
432
433
434
435
436
437
438
439
440
441
442
443
444
445
446
447
448
449
450
451
452
453
454
455
456
457
458
459
460
461
462
464
465
466
467
468
469
470
471
472
473
474
475
476
477
478
479
480
481
482
483
484
485
486
487
488
489
490
491
492
493
495
496
497
498
499
500
501
502
503
504
505
506
507
508
509
510
511
512
513
514
515
516
517
518
519
520
521
522
523
524
525
526
527
528
530
531
532
533
534
535
536
537
538
539
540
541
542
543
544
545
546
547
548
549
550
551
552
553
554
556
557
558
559
560
561
562
563
564
565
566
567
568
569
570
571
572
573
574
575
576
577
578
579
580
581
582
583
584
585
586
587
588
589
590
591
592
593
594
595
596
597
598
599
600
601
602
603
604
605
606
607
609
610
611
612
613
614
615
616
617
618
619
621
622
623
624
625
626
627
628
629
630
631
632
633
634
635
636
637
638
639
640
641
642
643
644
645
646
647
648
649
650
651
652
653
654
655
656
657
658
659
660
661
662
663
664
665
666
667
668
669
670
671
672
673
674
675
676
677
678
679
680
681
682
683
684
685
686
687
688
689
690
691
692
693
694
695
696
697
698
699
700
701
702
703
704
705
706
707
708
709
710
711
712
713
714
715
716
717
718
719
720
721
722
723
724
725
726
727
728
729
730
731
732
733
734
735
736
737
738
739
740
741
742
743
744
745
746
747
748
749
750
751
752
753
754
756
757
758
759
760
761
762
763
764
765
767
768
769
770
771
772
773
774
775
776
777
778
779
780
781
782
783
784
785
786
787
788
789
790
791
792
793
794
795
796
797
798
799
800
801
802
803
804
805
806
807
808
809
810
811
812
813
814
815
816
817
818
819
820
821
822
823
824
825
826
827
828
829
830
831
832
833
834
835
836
837
838
839
840
841
842
843
844
845
846
847
848
849
850
851
852
853
854
855
856
857
858
859
860
861
862
863
864
865
866
867
868
869
870
871
872
873
874
875
876
877
878
879
880
881
882
883
884
885
886
887
888
889
890
891
892
893
894
895
896
897
898
899
900
901
902
903
904
905
906
907
908
909
910
911
912
913
914
915
916
917
918
919
920
921
922
923
924
925
926
927
928
929
930
931
932
933
934
935
936
937
938
939
940
941
942
943
944
945
946
947
948
949
950
951
952
953
954
955
956
957
958
960
961
962
963
964
965
966
967
968
969
970
971
972
973
974
975
976
977
978
979
980
981
982
983
984
985
986
987
988
989
990
991
992
993
994
995
996
997
998
999
1000
1001
1002
1003
1004
0 569 1
2 17 1
2 236 2
2 790 3
4 700 1
4 135 1
5 553 1
5 491 3
5 670 1
6 569 1
6 189 1
8 144 1
13 738 1
13 850 1
14 1001 3
14 738 1
14 850 1
14 506 1
14 702 1
15 422 3
15 584 1
15 680 2
15 370 1
15 406 1
15 731 1
15 284 1
16 613 1
24 280 1
24 891 2
24 629 3
24 647 2
25 458 1
28 987 1
30 168 2
30 185 1
30 356 1
30 765 2
30 166 1
31 165 5
31 951 1
32 280 1
32 977 1
32 428 2
32 159 1
35 978 1
38 90 2
40 193 3
40 239 2
41 723 1
41 565 2
45 66 1
48 499 1
48 956 1
52 168 2
52 356 1
52 77 1
52 166 1
56 987 1
61 159 1
61 718 1
61 383 1
65 120 1
65 191 1
66 782 1
67 963 6
67 165 1
67 207 2
68 987 1
71 595 1
75 609 2
75 772 2
75 997 1
75 334 4
75 850 1
75 127 1
77 168 26
77 912 6
77 260 6
77 556 1
78 569 1
82 135 1
86 443 1
90 609 1
90 360 1
90 749 1
90 526 2
90 692 1
91 423 1
95 193 4
95 987 3
96 420 2
98 291 1
98 454 1
98 134 1
98 713 3
98 107 6
98 268 2
98 429 2
98 592 4
98 707 4
98 117 2
98 278 1
101 866 1
101 423 1
106 1001 1
106 828 1
107 553 1
107 810 1
107 381 2
113 542 1
113 927 1
114 275 1
114 189 1
114 159 1
120 772 1
120 191 1
122 428 1
126 356 1
126 885 1
126 759 1
127 281 1
127 843 1
127 718 2
131 738 1
131 850 1
132 842 6
133 586 2
134 592 4
134 143 1
135 292 1
135 581 3
135 870 1
135 936 2
135 942 6
135 720 1
135 628 1
135 371 1
135 692 1
136 915 1
136 428 1
136 749 1
136 159 2
137 771 6
137 443 1
139 1001 1
139 828 1
141 978 1
142 978 2
142 428 1
142 469 1
142 630 2
142 847 1
144 650 1
147 416 1
147 715 1
147 230 1
149 700 3
149 239 1
151 253 1
153 977 1
159 866 3
159 809 1
159 940 1
159 776 1
159 915 1
159 638 2
159 214 2
159 316 2
159 798 1
160 629 4
165 401 4
165 858 2
165 948 1
166 168 3
166 356 3
166 868 1
167 978 1
167 718 1
167 630 7
168 416 4
168 260 23
168 868 2
168 305 1
168 232 2
168 912 30
168 369 2
168 790 4
168 439 1
168 472 9
168 356 14
168 575 1
171 590 1
173 738 1
173 850 1
173 541 1
175 849 4
175 650 1
175 275 4
180 958 1
185 850 1
186 722 1
188 280 1
188 978 1
188 469 1
189 1004 1
189 904 1
189 652 1
189 716 1
189 365 1
189 718 2
189 595 1
189 236 1
189 470 1
189 201 1
189 249 1
189 410 2
190 656 3
190 353 2
190 274 3
190 891 4
190 629 1
191 415 2
193 633 5
193 714 2
193 617 1
197 850 1
197 987 1
197 923 1
199 924 2
199 506 1
199 850 1
199 996 2
199 738 1
201 724 1
202 629 2
207 795 1
207 424 2
207 978 1
207 469 1
208 977 2
209 356 1
214 912 1
214 515 1
214 731 2
216 321 1
220 769 1
228 569 1
231 698 1
231 987 1
231 607 1
233 769 1
233 692 2
233 749 1
239 609 1
245 698 1
245 987 1
245 764 1
246 423 1
248 692 7
248 687 1
249 569 1
250 332 1
250 886 1
250 927 1
251 641 1
251 987 1
253 290 1
253 566 1
256 416 3
256 313 6
260 912 3
267 416 1
267 392 16
267 586 2
267 428 1
267 936 1
267 891 22
268 592 1
270 738 1
272 900 1
275 849 4
280 547 1
280 647 1
280 360 1
280 915 1
280 526 1
280 920 1
280 530 1
280 851 1
280 561 1
280 631 1
280 629 3
284 731 2
293 605 1
294 313 1
294 586 2
295 569 1
301 978 1
301 493 2
302 428 2
303 343 1
306 742 1
308 418 1
308 926 1
311 955 1
311 987 1
313 416 1
313 765 3
318 499 1
320 337 1
321 704 2
321 499 1
324 638 4
327 738 1
327 850 1
332 633 1
332 435 2
332 500 1
332 782 1
333 569 2
334 612 2
334 692 1
334 638 2
335 664 2
337 505 2
338 987 1
347 686 1
353 891 2
356 868 2
356 743 2
356 648 1
356 912 1
356 472 4
360 547 1
360 629 3
361 987 1
362 383 1
364 987 1
364 582 1
369 927 1
372 595 2
377 457 2
377 630 3
377 718 1
380 810 1
383 909 1
383 589 1
383 528 1
383 922 1
388 638 2
388 534 1
401 415 1
409 569 1
409 599 1
410 977 2
415 569 3
415 587 1
415 630 2
416 586 1
416 912 1
416 927 2
418 977 7
421 424 2
421 978 1
422 696 1
422 789 2
423 650 2
424 978 1
424 795 2
427 890 1
427 955 1
428 857 1
428 543 2
429 454 2
432 987 1
433 987 2
435 500 5
435 782 1
437 738 1
438 818 1
440 537 1
443 742 2
443 662 1
443 703 1
444 927 1
444 823 1
450 900 5
454 592 3
454 772 1
456 936 1
457 718 3
458 577 1
462 833 4
467 650 1
469 978 1
470 569 3
470 789 1
472 743 2
472 912 1
472 535 3
472 575 2
482 569 6
482 987 1
482 641 1
485 927 1
491 497 1
493 629 5
497 977 4
499 704 1
499 679 1
499 844 1
499 684 1
499 565 1
499 918 1
502 776 1
502 569 2
502 700 3
502 718 6
506 738 1
506 1001 1
506 850 1
506 951 2
508 738 1
511 987 1
513 927 1
516 738 1
516 532 3
516 850 1
516 790 1
522 716 1
526 629 3
528 754 1
530 891 2
530 629 6
530 630 1
531 987 3
532 700 2
532 738 1
532 790 5
535 927 1
538 569 1
540 698 1
540 955 1
540 749 2
540 987 1
541 738 1
541 977 1
541 657 2
541 850 1
541 951 5
542 927 1
546 550 1
546 607 1
547 978 1
547 988 1
550 873 1
551 927 1
552 858 8
552 978 1
557 912 1
558 684 1
561 629 5
565 723 1
565 679 1
568 695 1
569 710 1
569 951 2
569 749 8
569 693 1
569 599 2
569 991 1
569 862 1
576 738 1
576 850 1
581 936 1
581 749 1
582 994 1
582 987 1
582 764 5
586 718 1
586 854 1
586 984 2
587 720 1
588 987 1
592 713 1
592 927 5
595 951 1
605 789 1
609 772 1
609 951 1
609 890 1
614 978 1
624 994 3
629 846 3
629 631 3
629 658 3
629 685 3
629 894 2
629 630 5
629 891 9
630 851 2
633 707 1
634 788 2
641 987 1
643 881 1
643 685 2
644 977 1
644 738 1
644 850 1
646 927 1
647 915 1
650 738 1
650 849 1
650 850 1
653 738 1
654 738 1
654 850 1
657 738 1
657 850 1
678 696 3
680 731 1
682 738 1
682 850 1
684 704 1
685 1001 1
685 724 3
687 692 1
692 746 1
692 775 1
698 840 1
698 873 1
698 764 1
700 790 1
702 738 1
702 850 1
715 926 1
718 749 3
719 738 1
719 850 1
722 927 1
724 843 1
737 849 1
738 783 1
738 921 1
738 923 1
738 924 1
738 945 1
738 837 1
738 850 2
738 979 1
738 996 1
738 1001 1
738 747 1
738 881 1
738 745 1
738 761 1
740 788 2
742 993 2
745 850 1
749 901 1
758 844 1
761 881 1
761 804 1
761 850 1
762 885 1
764 987 1
770 927 1
771 901 1
772 927 1
773 955 1
774 947 2
783 850 1
789 987 1
795 978 1
809 987 1
817 978 1
823 927 1
837 850 1
840 987 1
849 987 1
850 921 1
850 945 1
850 979 1
850 996 1
850 1001 1
850 881 1
851 920 1
851 978 2
854 927 1
861 896 1
872 987 1
873 987 1
885 889 1
925 955 1
954 978 1
955 987 2
957 978 1
969 977 4
977 1004 5
978 988 1
987 994 1
