0
1
2
3
4
5
6
7
8
9
10
11
12
13
14
15
16
17
18
19
20
21
22
23
24
25
26
27
28
29
30
31
32
33
34
35
36
37
38
39
40
41
42
43
44
45
46
47
48
49
50
51
52
53
54
55
56
57
58
59
60
61
62
63
64
65
66
67
68
69
70
71
72
73
74
75
76
77
78
79
80
81
82
83
84
85
86
87
88
89
90
91
92
93
94
95
96
97
98
99
100
101
102
103
104
105
106
107
108
109
110
111
112
113
114
115
116
117
118
119
120
121
122
123
124
125
126
127
128
129
130
131
132
133
134
135
136
137
138
139
141
142
143
144
145
146
147
148
149
150
151
152
153
154
155
157
158
159
160
161
162
163
164
165
166
167
168
169
170
171
172
173
174
175
176
177
178
179
180
181
182
183
184
185
186
187
188
189
190
191
192
193
194
195
196
197
198
199
200
201
202
203
204
205
206
207
208
209
210
211
212
213
214
215
216
217
218
219
220
221
222
223
224
225
226
227
228
229
230
231
232
233
235
236
237
238
239
240
241
242
243
244
245
246
247
248
249
250
251
252
253
254
255
256
257
259
260
262
263
264
265
266
267
268
269
270
271
272
273
274
275
276
277
278
279
280
281
282
283
284
285
286
287
288
289
290
291
292
293
294
295
296
297
299
300
301
302
303
304
305
306
307
308
309
310
311
312
313
314
315
316
317
318
319
320
321
322
323
324
325
326
327
328
329
330
331
332
333
334
335
336
337
338
339
340
341
343
344
345
346
347
348
349
350
351
352
353
355
356
357
358
359
360
361
362
364
365
366
367
368
369
370
371
372
373
374
375
376
377
378
379
380
381
382
383
384
385
386
387
388
389
390
391
392
393
394
395
396
397
398
399
400
401
402
403
404
405
406
407
408
409
410
411
412
413
414
415
416
418
419
420
421
422
423
424
425
426
427
428
429
430
431
432
433
434
435
436
437
438
439
440
441
442
443
444
445
446
447
448
449
450
451
452
453
454
455
456
457
458
459
460
461
462
464
465
466
467
468
469
470
471
472
473
474
475
476
477
478
479
480
481
482
483
484
485
486
487
488
489
490
491
492
493
495
496
497
498
499
500
501
502
503
504
505
506
507
508
509
510
511
512
513
514
515
516
517
518
519
520
521
522
523
524
525
526
527
528
530
531
532
533
534
535
536
537
538
539
540
541
542
543
544
545
546
547
548
549
550
551
552
553
554
556
557
558
559
560
561
562
563
564
565
566
567
568
569
570
571
572
573
574
575
576
577
578
579
580
581
582
583
584
585
586
587
588
589
590
591
592
593
594
595
596
597
598
599
600
601
602
603
604
605
606
607
609
610
611
612
613
614
615
616
617
618
619
621
622
623
624
625
626
627
628
629
630
631
632
633
634
635
636
637
638
639
640
641
642
643
644
645
646
647
648
649
650
651
652
653
654
655
656
657
658
659
660
661
662
663
664
665
666
667
668
669
670
671
672
673
674
675
676
677
678
679
680
681
682
683
684
685
686
687
688
689
690
691
692
693
694
695
696
697
698
699
700
701
702
703
704
705
706
707
708
709
710
711
712
713
714
715
716
717
718
719
720
721
722
723
724
725
726
727
728
729
730
731
732
733
734
735
736
737
738
739
740
741
742
743
744
745
746
747
748
749
750
751
752
753
754
756
757
758
759
760
761
762
763
764
765
767
768
769
770
771
772
773
774
775
776
777
778
779
780
781
782
783
784
785
786
787
788
789
790
791
792
793
794
795
796
797
798
799
800
801
802
803
804
805
806
807
808
809
810
811
812
813
814
815
816
817
818
819
820
821
822
823
824
825
826
827
828
829
830
831
832
833
834
835
836
837
838
839
840
841
842
843
844
845
846
847
848
849
850
851
852
853
854
855
856
857
858
859
860
861
862
863
864
865
866
867
868
869
870
871
872
873
874
875
876
877
878
879
880
881
882
883
884
885
886
887
888
889
890
891
892
893
894
895
896
897
898
899
900
901
902
903
904
905
906
907
908
909
910
911
912
913
914
915
916
917
918
919
920
921
922
923
924
925
926
927
928
929
930
931
932
933
934
935
936
937
938
939
940
941
942
943
944
945
946
947
948
949
950
951
952
953
954
955
956
957
958
960
961
962
963
964
965
966
967
968
969
970
971
972
973
974
975
976
977
978
979
980
981
982
983
984
985
986
987
988
989
990
991
992
993
994
995
996
997
998
999
1000
1001
1002
1003
1004
0 705 1
0 178 1
0 732 1
0 502 1
0 569 1
2 316 2
2 231 2
6 569 1
6 178 2
7 810 2
13 738 1
13 14 1
14 738 1
14 611 1
14 644 2
14 506 1
14 924 6
15 731 1
15 422 1
17 915 2
24 280 1
24 160 1
24 530 1
28 987 3
29 491 2
29 214 1
30 868 3
30 790 3
31 915 1
31 428 1
32 280 3
32 293 1
32 214 1
35 978 1
40 450 3
40 198 1
40 712 3
40 75 2
40 962 1
40 695 1
41 73 1
41 723 3
41 565 1
42 649 1
42 706 1
42 534 1
45 66 1
48 458 1
50 559 1
52 66 1
53 633 2
53 193 1
53 844 1
53 609 1
56 75 2
56 987 3
61 228 1
61 969 1
61 718 4
61 883 1
61 693 1
61 663 1
61 122 2
61 991 2
62 800 1
62 962 1
62 485 1
62 542 1
62 646 1
65 540 1
67 963 2
67 165 3
67 391 2
67 846 3
67 207 2
67 344 2
68 506 1
68 987 3
68 540 1
70 120 1
70 324 1
70 509 1
71 595 2
73 577 1
74 984 2
74 294 2
74 214 1
74 166 1
75 416 2
75 772 2
75 517 1
75 166 2
75 425 2
75 107 3
75 718 1
75 499 2
75 528 2
75 776 2
75 243 2
75 334 1
75 851 2
75 731 1
75 220 2
75 248 3
75 127 1
77 168 1
78 569 1
78 506 1
78 178 1
78 130 1
78 599 2
82 870 2
83 993 1
83 771 1
83 901 1
83 229 1
83 306 1
83 659 1
83 86 1
83 374 1
83 863 1
86 771 1
86 91 1
86 443 2
87 160 1
90 996 1
91 491 1
91 132 1
91 1001 1
91 599 1
91 139 1
91 301 1
91 957 1
91 688 1
91 953 1
91 323 1
91 404 1
91 409 1
91 152 1
91 660 1
91 125 1
91 702 1
92 915 2
92 428 1
95 987 3
98 429 1
99 929 1
99 178 1
99 569 1
101 246 1
102 705 1
103 832 1
103 943 2
104 868 1
104 790 2
105 418 3
107 553 1
107 890 1
109 256 1
109 721 1
112 267 1
112 803 1
112 948 1
114 506 1
118 502 1
118 862 1
120 290 1
120 772 7
120 454 2
120 198 3
120 775 1
120 135 4
120 752 6
120 660 4
120 629 1
120 854 2
120 566 4
120 196 3
120 191 5
122 428 2
122 718 1
122 915 1
122 857 1
122 506 1
122 189 1
124 214 1
125 676 2
125 206 1
126 256 1
126 166 1
126 790 3
130 178 1
133 765 1
134 738 1
135 581 6
135 870 4
135 942 1
135 742 3
135 371 5
135 692 1
135 662 1
135 628 2
135 890 1
135 915 3
135 703 3
136 316 1
136 915 3
136 428 1
136 165 1
136 838 2
141 978 1
142 280 1
142 857 2
142 915 3
142 428 1
142 712 1
143 280 3
143 544 1
147 577 4
147 890 1
147 748 1
147 926 2
149 293 5
151 253 2
151 278 1
152 771 1
155 771 1
157 577 1
157 517 1
157 687 1
157 696 3
157 347 1
157 542 1
158 506 1
159 695 1
160 288 1
160 750 1
160 484 1
160 214 2
160 561 1
160 360 1
160 631 1
160 685 1
160 526 1
160 658 1
160 280 1
160 530 1
160 846 1
160 630 1
160 891 1
160 629 1
161 193 1
164 420 1
165 428 1
165 207 3
165 401 4
165 915 1
165 344 8
166 416 1
166 517 2
166 762 1
166 586 1
167 530 1
167 851 2
167 915 3
167 988 1
167 978 2
168 912 8
168 949 6
168 790 1
168 439 4
168 472 2
169 595 1
171 577 1
171 347 1
171 933 1
171 926 2
173 924 1
174 832 1
178 772 1
178 280 1
178 409 1
178 538 1
178 415 2
178 929 1
178 693 1
178 569 2
178 314 1
178 710 1
178 333 1
178 976 1
178 339 1
178 470 5
178 599 1
178 605 8
178 862 1
178 228 1
178 502 6
178 249 1
178 767 1
181 724 1
181 189 1
184 883 1
184 506 1
184 779 2
187 198 1
188 280 1
188 978 2
189 696 2
189 718 4
189 951 1
190 280 1
190 353 1
191 962 1
192 506 2
193 890 1
193 500 1
198 568 1
198 488 1
199 738 1
199 644 2
199 996 1
199 506 1
199 924 1
199 541 1
200 344 1
200 316 1
200 915 2
200 428 1
200 971 1
207 795 1
207 978 2
214 771 2
214 915 1
214 535 2
214 923 1
214 290 1
214 551 1
214 940 1
214 695 1
214 712 1
214 951 1
214 334 1
214 595 1
214 854 2
214 984 4
214 356 3
214 742 2
214 499 1
214 629 1
214 502 1
220 334 1
224 915 2
225 779 1
226 506 1
226 540 1
228 569 1
228 693 1
228 506 1
229 696 25
229 607 2
231 874 1
231 738 1
231 338 1
231 245 1
231 987 3
231 383 1
232 472 3
232 425 3
242 506 1
245 874 1
245 987 3
246 724 2
248 696 14
248 334 2
248 591 1
249 569 1
250 332 1
251 987 3
253 290 1
256 721 3
256 356 1
267 891 6
267 948 1
267 517 1
267 526 2
272 595 1
275 849 3
280 647 1
280 530 4
280 915 1
280 920 1
280 281 1
280 547 1
280 293 3
280 561 1
280 712 1
280 978 1
280 851 1
280 526 3
280 731 3
280 739 2
280 360 1
280 629 1
280 502 2
280 631 1
284 731 2
288 484 11
288 773 11
288 391 14
288 846 11
288 629 10
288 630 1
289 506 2
293 716 1
293 697 2
293 410 1
295 569 1
299 712 1
299 509 1
301 978 1
302 915 1
302 428 1
305 885 1
306 523 2
311 987 3
313 472 1
313 416 1
313 721 1
314 929 1
314 569 1
316 962 1
316 428 3
316 915 4
316 349 1
317 771 6
321 704 1
327 381 6
332 539 1
332 435 4
332 500 3
333 569 1
333 693 1
333 605 2
334 772 3
334 474 1
335 537 8
335 516 1
335 381 1
336 926 1
337 603 1
338 987 3
339 569 1
343 534 2
343 663 4
344 915 1
344 373 7
346 559 1
347 472 1
349 976 1
349 915 2
349 428 1
353 391 4
355 577 1
356 517 5
356 912 12
356 915 3
356 790 1
356 923 3
356 542 3
356 416 4
356 674 1
356 687 2
356 946 1
356 948 1
356 696 3
356 718 2
356 591 2
356 721 1
356 472 8
356 730 3
356 868 3
356 743 2
356 765 2
361 987 3
362 528 2
362 909 1
366 972 1
369 913 1
369 535 1
373 391 3
374 771 1
377 696 3
377 423 7
378 603 1
379 568 1
381 506 1
381 532 2
383 909 2
387 445 1
388 534 2
390 771 2
391 484 1
391 445 1
392 674 2
392 948 1
393 506 1
400 771 1
401 429 3
404 506 1
409 569 1
410 696 1
415 978 2
415 940 1
415 429 1
416 962 1
416 868 1
416 425 3
416 948 1
418 506 4
418 996 3
420 559 1
421 978 1
421 795 1
422 731 4
424 978 1
424 795 1
425 912 2
425 946 3
425 472 1
428 647 1
428 971 1
428 915 6
428 953 1
428 952 1
428 857 2
428 543 1
428 990 1
429 454 2
432 987 3
433 696 1
433 987 8
433 540 1
435 500 2
439 912 2
439 472 1
440 737 1
440 506 2
443 771 1
443 915 2
443 662 1
450 712 2
450 915 3
450 662 1
454 772 2
458 684 1
465 962 1
469 978 2
470 569 1
471 811 1
472 912 7
473 506 1
474 951 2
480 506 2
480 987 3
482 987 3
499 684 1
499 607 1
502 978 2
502 976 1
502 696 2
502 599 1
502 569 1
502 605 2
502 607 1
505 603 1
506 899 1
506 644 2
506 903 1
506 777 1
506 779 1
506 657 1
506 643 1
506 921 1
506 924 2
506 866 1
506 929 1
506 808 1
506 688 1
506 839 1
506 828 2
506 702 1
506 982 1
506 856 1
506 605 1
506 737 1
506 738 2
506 745 2
506 764 1
506 767 1
509 603 1
512 978 1
513 542 1
514 603 1
517 962 1
517 803 2
517 586 1
517 674 1
517 948 1
517 565 2
517 854 1
517 952 2
517 602 1
517 765 1
517 542 2
526 530 3
526 629 1
527 710 8
528 783 1
530 662 2
530 838 1
530 915 3
530 630 1
530 891 2
530 988 1
530 542 2
531 987 3
532 1001 3
532 804 4
534 591 1
534 822 2
534 696 1
534 735 5
535 542 1
535 854 4
538 569 1
540 962 2
540 994 2
540 873 1
540 874 1
540 855 1
540 987 4
541 850 1
541 738 4
542 646 1
542 586 1
542 684 2
542 687 1
542 915 3
542 591 1
542 923 2
543 891 1
543 915 1
544 669 2
547 712 1
547 978 1
550 704 1
552 978 1
553 810 1
558 704 4
558 844 1
558 684 5
565 684 2
565 723 1
565 956 1
569 929 1
569 693 1
569 710 1
569 976 1
569 599 1
569 605 1
569 862 1
569 991 1
569 767 1
575 966 2
577 933 1
577 926 1
581 855 2
582 987 3
587 731 1
589 962 1
591 915 1
591 696 1
591 923 1
591 607 1
592 993 1
595 934 1
595 716 1
595 718 1
597 738 1
599 929 3
599 693 1
602 721 1
603 780 1
603 822 1
603 735 2
605 1001 1
605 685 2
605 670 1
607 696 19
609 923 1
609 772 2
611 644 1
614 978 1
614 772 4
617 811 2
628 870 2
633 962 1
641 987 3
644 1001 2
644 924 6
647 915 2
650 682 1
650 738 1
650 654 1
650 783 1
654 991 2
656 915 2
662 731 2
662 851 1
662 920 1
662 857 1
662 915 5
668 720 1
671 696 1
672 844 2
674 948 1
682 924 1
684 704 1
684 844 1
685 1001 1
685 838 1
687 923 1
687 915 1
696 834 1
696 742 2
696 775 1
696 915 3
696 851 1
697 873 1
697 925 1
697 855 2
698 987 3
700 790 1
702 924 1
703 771 4
706 951 2
710 929 1
714 890 2
715 926 1
716 718 1
718 923 1
718 754 2
718 883 3
718 915 1
719 738 1
720 746 1
720 813 3
720 935 2
721 743 2
721 790 1
730 912 4
730 868 2
731 792 1
731 915 3
737 849 1
738 783 1
738 921 2
738 923 1
740 788 1
742 915 1
745 828 1
746 813 1
751 948 1
752 772 1
762 984 2
764 874 1
764 987 3
765 868 3
765 790 2
767 929 1
771 993 1
771 901 2
771 784 1
771 835 1
771 863 2
772 951 2
772 862 1
774 947 49
779 883 1
789 987 3
790 868 5
790 812 2
790 912 1
795 978 1
796 987 3
803 948 1
809 987 3
817 978 1
832 976 1
840 874 1
840 987 3
849 987 3
851 978 3
851 915 3
857 915 8
858 991 2
862 909 1
868 912 2
872 987 3
873 874 1
873 987 3
874 925 3
890 962 1
890 923 3
910 923 1
912 984 1
912 915 1
912 949 8
912 923 1
915 920 3
915 923 3
915 988 3
915 990 1
915 952 3
915 953 2
915 971 3
920 978 1
924 1001 1
924 996 3
925 987 3
928 996 1
954 978 1
955 987 3
957 978 1
962 987 1
978 988 1
987 994 3
