0
1
2
3
4
5
6
7
8
9
10
11
12
13
14
15
16
17
18
19
20
21
22
23
24
25
26
27
28
29
30
31
32
33
34
35
36
37
38
39
40
41
42
43
44
45
46
47
48
49
50
51
52
53
54
55
56
57
58
59
60
61
62
63
64
65
66
67
68
69
70
71
72
73
74
75
76
77
78
79
80
81
82
83
84
85
86
87
88
89
90
91
92
93
94
95
96
97
98
99
100
101
102
103
104
105
106
107
108
109
110
111
112
113
114
115
116
117
118
119
120
121
122
123
124
125
126
127
128
129
130
131
132
133
134
135
136
137
138
139
141
142
143
144
145
146
147
148
149
150
151
152
153
154
155
157
158
159
160
161
162
163
164
165
166
167
168
169
170
171
172
173
174
175
176
177
178
179
180
181
182
183
184
185
186
187
188
189
190
191
192
193
194
195
196
197
198
199
200
201
202
203
204
205
206
207
208
209
210
211
212
213
214
215
216
217
218
219
220
221
222
223
224
225
226
227
228
229
230
231
232
233
235
236
237
238
239
240
241
242
243
244
245
246
247
248
249
250
251
252
253
254
255
256
257
259
260
262
263
264
265
266
267
268
269
270
271
272
273
274
275
276
277
278
279
280
281
282
283
284
285
286
287
288
289
290
291
292
293
294
295
296
297
299
300
301
302
303
304
305
306
307
308
309
310
311
312
313
314
315
316
317
318
319
320
321
322
323
324
325
326
327
328
329
330
331
332
333
334
335
336
337
338
339
340
341
343
344
345
346
347
348
349
350
351
352
353
355
356
357
358
359
360
361
362
364
365
366
367
368
369
370
371
372
373
374
375
376
377
378
379
380
381
382
383
384
385
386
387
388
389
390
391
392
393
394
395
396
397
398
399
400
401
402
403
404
405
406
407
408
409
410
411
412
413
414
415
416
418
419
420
421
422
423
424
425
426
427
428
429
430
431
432
433
434
435
436
437
438
439
440
441
442
443
444
445
446
447
448
449
450
451
452
453
454
455
456
457
458
459
460
461
462
464
465
466
467
468
469
470
471
472
473
474
475
476
477
478
479
480
481
482
483
484
485
486
487
488
489
490
491
492
493
495
496
497
498
499
500
501
502
503
504
505
506
507
508
509
510
511
512
513
514
515
516
517
518
519
520
521
522
523
524
525
526
527
528
530
531
532
533
534
535
536
537
538
539
540
541
542
543
544
545
546
547
548
549
550
551
552
553
554
556
557
558
559
560
561
562
563
564
565
566
567
568
569
570
571
572
573
574
575
576
577
578
579
580
581
582
583
584
585
586
587
588
589
590
591
592
593
594
595
596
597
598
599
600
601
602
603
604
605
606
607
609
610
611
612
613
614
615
616
617
618
619
621
622
623
624
625
626
627
628
629
630
631
632
633
634
635
636
637
638
639
640
641
642
643
644
645
646
647
648
649
650
651
652
653
654
655
656
657
658
659
660
661
662
663
664
665
666
667
668
669
670
671
672
673
674
675
676
677
678
679
680
681
682
683
684
685
686
687
688
689
690
691
692
693
694
695
696
697
698
699
700
701
702
703
704
705
706
707
708
709
710
711
712
713
714
715
716
717
718
719
720
721
722
723
724
725
726
727
728
729
730
731
732
733
734
735
736
737
738
739
740
741
742
743
744
745
746
747
748
749
750
751
752
753
754
756
757
758
759
760
761
762
763
764
765
767
768
769
770
771
772
773
774
775
776
777
778
779
780
781
782
783
784
785
786
787
788
789
790
791
792
793
794
795
796
797
798
799
800
801
802
803
804
805
806
807
808
809
810
811
812
813
814
815
816
817
818
819
820
821
822
823
824
825
826
827
828
829
830
831
832
833
834
835
836
837
838
839
840
841
842
843
844
845
846
847
848
849
850
851
852
853
854
855
856
857
858
859
860
861
862
863
864
865
866
867
868
869
870
871
872
873
874
875
876
877
878
879
880
881
882
883
884
885
886
887
888
889
890
891
892
893
894
895
896
897
898
899
900
901
902
903
904
905
906
907
908
909
910
911
912
913
914
915
916
917
918
919
920
921
922
923
924
925
926
927
928
929
930
931
932
933
934
935
936
937
938
939
940
941
942
943
944
945
946
947
948
949
950
951
952
953
954
955
956
957
958
960
961
962
963
964
965
966
967
968
969
970
971
972
973
974
975
976
977
978
979
980
981
982
983
984
985
986
987
988
989
990
991
992
993
994
995
996
997
998
999
1000
1001
1002
1003
1004
0 249 1
0 178 4
2 866 1
2 484 2
2 997 1
2 231 2
2 521 1
2 586 2
2 749 1
2 126 2
2 790 5
2 638 1
2 885 2
3 988 1
4 371 3
4 628 1
4 951 7
5 491 2
5 808 1
5 553 1
5 107 3
5 381 1
5 464 1
5 980 1
5 118 1
5 29 1
5 670 1
6 249 1
6 178 3
6 236 1
8 544 1
8 772 1
13 850 2
13 532 1
14 611 1
14 796 1
14 1001 5
14 724 1
14 506 5
14 924 2
14 90 1
14 382 1
15 680 2
15 731 5
15 422 2
16 1004 2
16 843 1
16 716 3
16 718 2
16 772 4
17 316 4
24 293 1
24 902 3
24 530 2
24 658 2
24 629 2
24 630 1
24 280 3
24 891 3
28 738 1
28 987 4
28 540 1
29 808 3
29 107 3
29 899 2
29 335 2
30 704 7
30 868 1
30 133 1
30 765 2
31 428 1
31 316 1
31 165 8
31 990 1
32 293 1
32 749 1
32 718 1
32 189 1
32 53 1
32 791 4
32 280 3
32 669 1
32 197 1
35 547 2
35 293 1
35 167 1
35 207 1
35 817 1
35 978 2
35 280 2
38 832 4
38 474 1
38 309 2
38 638 1
38 919 1
39 609 1
39 923 2
39 772 1
40 450 1
40 196 1
40 198 2
40 712 3
40 290 8
40 802 1
40 367 1
40 488 1
40 214 1
40 568 1
40 120 1
40 187 3
40 572 2
41 723 2
41 684 1
41 565 2
41 758 2
41 499 3
45 66 1
45 966 1
46 369 1
46 310 1
46 663 1
48 321 4
48 458 4
48 684 2
50 559 2
52 356 6
52 689 1
52 104 5
52 521 1
52 912 4
52 232 6
52 948 2
52 790 1
52 439 1
52 868 4
52 602 3
52 168 2
52 765 2
52 126 1
53 640 2
53 609 2
53 739 2
53 772 2
53 870 1
53 742 2
53 364 1
53 586 1
53 332 2
53 783 1
53 851 1
53 502 1
53 951 1
53 923 4
53 534 1
53 926 2
53 517 1
56 329 2
56 587 2
56 239 1
56 696 1
56 987 9
56 540 4
56 383 2
58 909 4
61 674 2
61 772 1
61 517 6
61 742 2
61 522 2
61 718 13
61 687 1
61 586 1
61 278 3
61 120 3
61 90 2
61 157 3
61 991 4
62 800 1
62 646 2
62 518 1
65 784 1
65 75 1
65 220 1
65 147 1
65 243 1
66 782 1
66 966 2
67 963 3
67 165 4
67 391 3
67 846 5
67 207 3
67 181 1
67 344 1
68 987 4
68 540 1
70 322 1
70 103 2
70 75 1
70 334 3
70 943 2
70 752 1
70 534 3
70 120 5
70 367 1
70 638 3
70 415 1
71 595 2
72 443 3
72 662 1
73 458 1
74 294 8
74 648 2
74 586 3
74 974 1
74 912 1
74 104 1
74 435 3
74 948 4
74 759 1
74 313 1
74 573 1
75 772 1
75 454 1
75 609 1
75 617 1
75 940 1
75 749 6
75 687 2
75 692 1
75 278 1
75 248 1
75 868 2
75 923 1
75 220 1
75 517 2
77 521 1
77 168 11
77 425 4
77 266 1
77 556 1
77 912 2
77 949 1
77 439 1
77 699 2
78 249 1
78 178 3
78 506 1
82 628 1
83 784 1
83 697 1
86 152 5
86 90 1
86 443 8
86 662 4
88 343 1
88 950 2
88 663 1
90 772 2
90 854 1
90 518 2
90 685 3
90 915 2
90 662 4
90 280 1
90 923 4
90 668 1
90 547 1
90 428 1
90 813 4
90 178 3
90 948 4
90 443 2
90 316 4
90 190 1
90 710 3
90 205 1
90 720 3
90 978 2
90 472 2
90 987 1
90 220 1
90 736 3
90 609 1
90 356 4
90 742 2
90 361 2
90 746 1
90 850 1
90 147 2
90 629 2
90 188 4
91 120 1
92 915 6
92 316 1
95 873 1
95 987 4
95 540 2
96 299 1
96 638 5
98 707 5
98 454 2
98 134 5
98 713 6
98 107 5
98 268 5
98 429 2
98 401 13
98 117 5
98 278 5
99 929 2
99 178 4
99 314 1
99 862 1
99 249 1
101 246 4
101 423 3
103 950 5
104 416 4
104 294 1
104 168 2
104 425 29
104 908 1
104 790 3
104 948 2
104 126 1
105 418 6
106 740 1
107 192 2
107 898 3
107 899 2
107 393 4
107 652 3
107 643 3
107 532 3
107 664 4
107 537 3
107 687 1
107 670 5
107 289 2
107 808 3
107 553 3
107 810 4
107 175 2
107 688 2
107 320 7
107 327 3
107 201 4
107 1004 3
107 335 4
107 464 3
107 980 4
107 985 3
107 591 1
107 208 2
107 236 2
107 118 3
107 120 2
107 468 3
107 381 5
109 721 1
109 356 2
111 435 2
111 166 1
111 294 1
111 935 1
112 674 2
112 803 2
112 356 2
112 517 1
112 646 1
112 392 4
112 267 4
112 313 2
112 316 1
114 977 1
114 275 1
114 718 1
118 732 3
118 365 2
118 502 2
119 700 2
120 772 6
120 518 1
120 135 2
120 909 2
120 530 2
120 147 1
120 923 4
120 544 1
120 731 2
120 987 1
120 425 1
120 178 1
120 435 2
120 948 3
120 316 1
120 190 1
120 196 1
120 865 1
120 718 1
120 591 1
120 978 1
120 220 2
120 609 1
120 997 2
120 614 1
120 850 1
120 499 1
120 629 2
120 127 4
122 837 1
122 167 1
122 275 1
122 428 3
122 718 1
122 915 4
122 980 3
122 142 1
122 857 3
122 469 1
124 518 1
125 676 1
125 534 1
126 356 2
126 133 2
126 521 5
126 586 4
126 782 5
126 759 1
126 984 3
126 700 1
126 573 2
127 866 1
127 716 1
129 926 2
130 538 1
130 502 1
132 369 1
133 648 2
133 313 3
133 602 1
135 581 2
135 742 1
135 942 1
135 337 1
135 628 1
136 200 2
136 428 4
136 302 1
136 915 3
136 857 1
136 316 7
141 280 2
141 978 2
141 851 1
141 469 1
141 293 1
142 280 3
142 915 2
142 316 1
142 293 1
143 544 4
143 193 2
143 178 1
143 580 1
143 951 1
147 277 3
147 285 2
147 926 18
147 415 1
147 416 4
147 546 1
147 933 2
147 550 1
147 171 4
147 813 2
147 686 2
147 577 11
147 196 1
147 454 1
147 715 3
147 972 2
147 590 2
147 720 3
147 347 4
147 355 2
147 748 2
149 643 1
149 372 2
151 923 5
151 253 1
152 443 3
153 977 15
153 418 3
153 996 1
157 450 1
157 517 3
157 742 1
157 935 1
157 718 3
157 591 1
157 851 1
157 670 1
157 248 1
157 926 1
157 542 1
157 223 1
159 923 2
160 658 1
160 629 2
161 784 3
163 646 1
163 518 7
163 799 2
164 322 1
164 343 1
164 638 1
164 879 1
165 838 1
165 401 18
165 344 1
165 316 9
166 225 1
166 866 1
166 843 1
166 294 4
166 779 1
166 586 12
166 907 1
166 716 1
166 435 4
166 782 1
166 240 1
166 232 1
166 883 2
166 500 1
166 407 1
166 184 1
166 724 1
166 573 1
167 547 2
167 301 1
167 207 2
167 978 3
167 851 4
167 469 1
167 630 3
167 988 2
168 521 9
168 266 1
168 912 46
168 472 22
168 790 7
168 416 2
168 425 2
168 556 1
168 946 3
168 949 5
168 439 3
168 699 1
168 575 5
168 966 2
168 984 2
168 356 10
168 744 6
168 239 1
168 232 1
169 595 2
169 239 1
169 372 2
169 934 1
169 951 1
170 703 1
170 231 2
170 581 2
170 742 3
170 855 3
171 577 1
171 926 2
171 590 1
173 506 2
175 275 1
175 849 1
175 423 1
178 409 3
178 538 5
178 929 5
178 862 12
178 295 3
178 693 5
178 569 3
178 314 3
178 710 4
178 333 3
178 976 3
178 339 3
178 470 10
178 599 3
178 605 42
178 990 4
178 991 4
178 228 5
178 359 1
178 502 8
178 249 4
178 767 3
181 189 1
181 190 2
182 425 1
184 883 1
184 977 1
184 843 2
184 1004 2
185 915 1
185 686 1
188 547 4
188 293 1
188 614 3
188 301 2
188 207 1
188 920 1
188 978 2
188 851 4
188 469 2
188 951 1
188 280 3
189 749 1
189 718 3
189 595 2
189 915 2
189 502 1
189 377 1
189 410 2
190 353 2
190 962 1
190 614 1
190 486 1
190 656 4
190 274 5
190 373 2
190 890 1
191 752 2
191 220 2
192 506 3
193 609 1
193 994 2
193 772 2
193 550 1
193 332 1
193 338 1
193 851 1
193 214 1
193 633 1
193 954 1
193 923 4
193 540 1
196 454 1
196 873 1
196 429 1
196 401 1
196 731 1
199 921 1
199 506 3
199 924 2
199 644 2
199 863 1
200 428 1
200 915 2
200 952 1
200 857 1
200 316 4
200 351 1
203 772 2
205 997 1
207 547 3
207 421 1
207 424 1
207 387 1
207 301 1
207 241 1
207 978 2
207 851 1
207 469 4
207 954 2
207 795 2
207 990 1
214 609 2
214 450 1
214 443 2
214 772 1
214 614 2
214 586 3
214 290 4
214 239 1
214 813 6
214 367 3
214 712 3
214 662 3
214 923 4
214 687 1
216 321 1
216 558 3
220 587 3
220 334 1
223 343 1
224 316 1
225 883 1
228 249 1
228 314 1
228 502 8
228 605 1
229 293 1
229 421 3
229 343 1
231 994 2
231 873 3
231 749 2
231 338 1
231 245 2
231 987 4
231 540 6
231 863 1
232 545 1
232 984 2
232 744 4
232 425 5
232 586 1
232 782 3
232 946 4
232 472 5
233 746 7
233 835 1
233 692 12
233 749 1
233 935 7
235 609 1
235 923 4
235 316 1
235 772 3
236 537 4
239 609 1
239 772 1
239 613 1
239 951 1
239 923 3
240 435 1
241 280 2
241 293 1
243 454 1
243 718 2
245 540 2
245 873 1
245 334 1
245 591 1
245 951 1
245 987 4
245 764 1
246 572 1
246 724 1
246 423 7
248 450 1
248 586 3
248 687 1
248 530 4
248 915 7
248 506 1
248 923 4
249 519 1
249 409 1
249 538 1
249 929 1
249 693 1
249 314 1
249 710 1
249 333 1
249 976 1
249 470 1
249 599 1
249 605 2
249 862 1
249 991 1
249 502 1
249 767 1
250 356 1
250 586 1
250 948 5
250 854 1
250 782 2
251 482 1
251 987 6
251 540 1
256 425 1
256 356 2
256 721 1
264 329 1
264 617 1
266 912 1
266 425 4
266 439 2
267 517 7
267 648 7
267 586 4
267 751 4
267 948 3
267 891 8
267 316 2
267 478 9
269 987 2
272 595 1
272 900 1
273 951 4
274 920 3
274 978 1
275 849 2
277 746 2
277 926 1
278 454 1
278 290 1
278 566 2
278 923 3
280 772 1
280 902 1
280 647 3
280 656 3
280 920 2
280 530 4
280 915 5
280 281 3
280 547 4
280 421 2
280 422 2
280 428 1
280 301 2
280 561 3
280 953 9
280 846 3
280 526 4
280 990 2
280 293 3
280 360 3
280 851 2
280 629 5
280 631 3
280 891 1
280 469 2
281 491 2
281 718 1
284 680 3
284 731 5
284 422 1
285 577 1
285 926 1
288 610 15
288 484 15
288 773 9
288 391 14
288 846 20
288 629 18
288 630 2
289 506 3
290 367 1
290 923 3
290 687 1
293 647 1
293 526 1
293 656 1
293 530 1
293 915 1
293 421 1
293 422 1
293 301 1
293 561 1
293 568 1
293 697 5
293 718 2
293 547 2
293 953 1
293 990 1
293 360 1
293 920 1
293 851 1
293 631 1
293 469 1
294 974 1
294 573 1
294 435 3
294 948 1
294 885 2
294 984 1
294 762 1
294 586 7
299 624 1
300 784 2
301 547 1
301 614 2
301 552 1
301 978 4
301 851 2
301 957 1
302 428 1
302 316 1
306 784 2
306 742 1
306 703 1
310 337 4
310 343 2
311 987 4
311 540 5
311 955 1
312 752 1
313 356 12
313 425 1
313 912 7
313 721 1
313 946 6
313 948 4
313 472 1
313 730 13
314 929 1
314 710 2
314 599 1
314 767 1
316 647 1
316 392 2
316 915 22
316 806 4
316 428 13
316 952 1
316 953 1
316 543 1
316 971 1
316 344 1
316 857 4
316 349 1
316 990 1
316 351 1
316 367 4
316 888 1
318 400 2
318 704 1
318 684 2
318 918 1
318 934 1
319 844 1
319 684 1
321 684 1
321 383 1
322 740 2
322 943 2
322 534 2
322 343 3
322 420 1
322 879 4
322 638 6
327 702 1
327 414 3
329 994 1
329 910 2
329 624 2
329 789 2
329 343 2
332 517 1
332 425 1
332 586 7
332 558 1
332 984 2
332 435 4
332 500 3
332 759 1
332 472 1
332 948 1
332 573 1
333 767 1
334 776 1
334 749 1
334 534 1
334 607 1
335 643 1
336 926 1
337 581 2
337 879 1
337 528 3
337 919 3
338 720 1
338 849 4
338 987 4
338 540 1
343 534 4
343 749 3
343 399 5
343 624 1
343 853 2
343 950 4
343 663 5
344 373 1
347 926 1
349 953 3
349 428 1
351 428 2
353 656 2
353 391 4
355 577 1
355 926 1
356 602 3
356 517 1
356 721 1
356 744 4
356 425 3
356 586 1
356 782 1
356 912 21
356 472 16
356 730 13
356 948 4
356 765 6
360 454 1
360 629 2
360 526 1
361 987 4
361 540 1
364 582 1
365 866 3
365 732 1
367 609 1
367 772 2
367 534 1
367 712 1
367 923 3
369 832 1
369 513 1
369 913 10
369 535 1
369 444 2
371 628 1
371 581 4
372 716 2
372 404 2
372 934 3
374 400 2
374 742 2
376 832 3
377 866 2
377 422 2
377 423 4
377 718 2
377 687 1
377 724 2
379 466 1
379 900 1
379 454 1
380 440 1
381 532 5
383 736 2
383 900 1
383 769 3
383 586 2
383 844 1
383 589 2
387 978 1
387 676 1
388 832 3
388 634 1
388 843 1
388 534 4
388 638 3
390 784 12
391 610 1
391 750 1
391 891 1
391 445 1
392 674 2
393 754 2
399 663 1
401 454 12
401 429 15
401 415 13
402 649 2
402 634 2
402 788 2
404 506 1
404 595 1
407 883 1
407 977 1
407 843 3
409 790 1
410 719 1
410 837 1
414 891 3
415 416 1
415 586 1
415 811 1
415 429 1
415 946 1
415 987 1
416 425 12
416 586 2
416 435 1
416 948 9
416 790 6
418 996 6
418 977 13
421 978 2
421 795 2
422 680 2
422 731 4
423 977 3
423 849 2
424 547 1
424 552 1
424 978 4
424 795 2
424 990 2
425 517 1
425 521 2
425 946 3
425 435 2
425 948 8
425 949 1
425 439 2
425 472 1
427 955 1
428 806 4
428 978 1
428 915 35
428 953 5
428 888 2
428 857 10
429 454 2
433 994 2
433 987 8
433 540 1
433 789 2
435 782 3
435 515 1
435 586 7
435 974 2
435 573 2
435 500 2
435 885 1
435 759 1
435 984 2
435 825 1
435 762 2
435 869 1
439 912 1
440 737 2
443 962 1
443 742 1
443 662 11
444 535 2
445 891 1
450 900 2
450 965 1
450 586 2
450 712 3
450 530 1
450 595 1
450 695 1
454 707 1
454 772 1
454 471 1
454 904 1
454 648 2
454 1003 2
454 909 2
454 857 1
454 990 1
454 865 1
458 577 1
458 679 1
458 844 1
458 956 3
465 812 1
468 643 1
469 547 2
469 978 3
470 789 6
470 502 2
470 538 1
470 862 2
471 752 2
472 517 1
472 744 6
472 912 6
472 946 8
472 948 1
472 949 2
472 730 2
472 575 2
476 609 1
476 923 2
476 772 1
478 517 1
480 506 3
480 987 4
480 540 2
482 987 4
482 540 2
484 610 1
484 629 1
484 630 1
485 823 1
486 656 3
486 700 1
490 586 1
493 629 1
499 684 3
499 565 3
500 586 1
500 814 1
502 749 3
502 538 4
502 605 1
503 704 2
506 929 1
506 899 1
506 644 4
506 1001 10
506 688 1
506 850 1
506 745 3
506 921 1
506 828 4
506 767 1
507 782 3
509 634 2
512 978 2
513 799 1
514 977 4
516 881 1
516 850 4
516 828 2
517 803 1
517 648 1
517 586 1
517 718 1
517 948 1
517 814 1
517 751 1
518 646 2
518 551 1
518 823 1
518 913 2
518 854 8
518 535 2
518 799 6
518 895 4
521 868 2
521 912 6
521 946 1
522 546 2
522 746 1
522 891 1
522 718 1
523 863 2
526 547 1
526 902 5
526 550 1
526 561 1
526 629 6
527 731 2
527 870 2
527 710 1
528 742 1
528 585 2
528 687 1
528 980 1
528 922 1
530 586 3
530 658 1
530 915 1
530 629 20
530 891 9
531 987 9
531 540 1
534 939 1
534 843 1
534 622 1
540 641 2
540 789 1
540 925 3
540 809 1
540 692 1
540 698 1
540 955 9
540 582 1
540 840 4
540 720 1
540 849 2
540 855 2
540 987 4
540 736 3
540 994 3
540 796 1
540 872 1
540 873 7
540 624 7
540 764 1
541 738 7
541 850 1
542 854 1
542 823 1
544 669 3
547 978 3
547 851 4
547 957 1
550 640 1
550 746 1
551 895 1
551 799 1
552 978 2
553 670 2
558 844 4
558 684 1
561 629 1
565 684 1
565 723 1
565 844 1
572 724 2
573 586 4
573 948 1
575 966 1
577 715 1
577 926 2
580 791 1
580 686 2
580 582 2
581 870 1
581 742 3
581 942 1
581 628 2
581 855 1
581 703 1
582 764 1
582 790 2
582 987 4
586 648 4
586 782 13
586 915 2
586 948 2
586 696 3
586 974 4
586 984 4
586 617 3
586 885 15
587 784 1
587 789 1
590 926 1
591 609 2
591 843 1
591 910 1
591 692 2
591 980 1
591 607 1
595 934 1
595 718 3
595 790 5
595 923 2
602 648 1
602 912 2
602 721 4
602 948 2
602 765 1
605 1001 3
605 685 6
605 700 1
607 995 1
607 749 2
607 782 2
607 696 2
607 687 1
609 707 1
609 772 3
609 880 1
609 951 1
609 633 1
609 890 1
609 923 4
611 921 2
614 978 2
614 991 1
617 776 1
617 811 1
617 948 1
617 923 5
617 746 1
621 718 1
622 676 1
624 789 4
624 873 2
627 890 1
628 870 1
629 782 1
629 902 1
629 750 1
629 658 2
629 685 2
629 846 1
629 630 1
629 631 1
629 891 10
633 923 2
633 772 3
634 832 1
638 832 6
638 950 3
638 790 17
638 663 3
638 700 3
638 862 1
641 987 4
643 1004 1
643 685 4
644 783 1
644 850 4
644 924 9
644 702 11
648 721 3
648 885 3
648 765 2
650 745 1
650 682 3
654 682 1
654 991 4
656 920 3
657 921 1
658 891 1
663 935 1
663 950 4
668 720 1
668 746 2
668 935 2
670 980 3
676 730 1
678 997 1
679 684 1
680 731 3
680 707 2
682 738 1
682 850 3
682 783 1
684 704 1
684 844 3
684 918 2
685 1001 9
686 926 1
687 775 1
687 746 1
687 843 1
687 812 1
687 980 1
687 923 5
692 994 1
692 742 1
692 935 3
692 746 7
692 749 4
692 910 2
692 775 2
696 812 1
696 851 5
696 891 1
697 771 1
697 855 4
697 925 3
698 987 4
700 866 1
700 746 1
700 812 5
700 749 1
700 790 6
702 924 1
703 784 9
703 863 4
704 868 1
704 765 3
706 951 2
707 772 1
707 923 4
708 718 1
711 843 1
711 951 1
715 926 7
716 718 2
716 883 1
718 904 1
718 777 3
718 883 1
718 969 1
718 843 2
718 724 6
718 732 1
718 866 4
718 742 3
718 754 1
718 980 1
719 828 1
719 837 1
720 935 10
720 746 8
720 813 1
721 743 1
722 740 6
723 758 1
724 883 1
724 951 2
730 912 8
730 984 2
731 746 1
731 851 2
737 849 1
738 923 4
738 783 2
739 951 1
740 863 1
740 879 2
742 784 6
744 912 7
744 946 13
746 935 15
746 812 1
746 813 18
746 841 1
746 923 1
748 926 2
749 783 2
749 854 4
752 869 1
754 883 1
758 956 1
758 844 2
758 918 1
759 984 2
764 790 1
764 987 4
765 912 2
772 875 1
772 920 1
772 923 6
772 812 2
772 951 2
772 880 2
772 890 1
779 883 1
779 977 2
779 843 1
780 977 2
782 948 5
782 885 2
782 984 1
789 987 4
790 868 3
790 812 4
790 866 3
790 885 4
790 948 1
795 978 3
795 851 1
796 977 1
796 987 5
799 895 2
804 881 2
809 987 4
810 881 2
813 935 4
817 978 2
823 895 2
832 977 2
838 915 2
840 987 4
840 955 1
843 907 1
843 883 2
844 918 3
849 987 4
851 988 1
851 978 13
851 920 3
851 954 1
857 915 8
857 951 1
857 953 2
861 934 1
863 994 1
863 901 1
866 883 1
868 974 1
868 948 1
870 935 1
872 987 4
873 987 4
875 923 2
880 923 4
883 907 1
883 951 1
890 962 6
890 923 11
891 995 1
898 899 1
912 984 1
912 946 2
912 949 4
915 953 5
920 978 1
923 951 6
925 955 1
926 933 1
926 972 1
926 931 1
935 971 1
939 951 1
946 948 4
950 977 5
954 978 3
955 987 5
957 978 2
962 987 1
974 984 1
977 996 2
978 988 3
987 994 6
