0
1
2
3
4
5
6
7
8
9
10
11
12
13
14
15
16
17
18
19
20
21
22
23
24
25
26
27
28
29
30
31
32
33
34
35
36
37
38
39
40
41
42
43
44
45
46
47
48
49
50
51
52
53
54
55
56
57
58
59
60
61
62
63
64
65
66
67
68
69
70
71
72
73
74
75
76
77
78
79
80
81
82
83
84
85
86
87
88
89
90
91
92
93
94
95
96
97
98
99
100
101
102
103
104
105
106
107
108
109
110
111
112
113
114
115
116
117
118
119
120
121
122
123
124
125
126
127
128
129
130
131
132
133
134
135
136
137
138
139
141
142
143
144
145
146
147
148
149
150
151
152
153
154
155
157
158
159
160
161
162
163
164
165
166
167
168
169
170
171
172
173
174
175
176
177
178
179
180
181
182
183
184
185
186
187
188
189
190
191
192
193
194
195
196
197
198
199
200
201
202
203
204
205
206
207
208
209
210
211
212
213
214
215
216
217
218
219
220
221
222
223
224
225
226
227
228
229
230
231
232
233
235
236
237
238
239
240
241
242
243
244
245
246
247
248
249
250
251
252
253
254
255
256
257
259
260
262
263
264
265
266
267
268
269
270
271
272
273
274
275
276
277
278
279
280
281
282
283
284
285
286
287
288
289
290
291
292
293
294
295
296
297
299
300
301
302
303
304
305
306
307
308
309
310
311
312
313
314
315
316
317
318
319
320
321
322
323
324
325
326
327
328
329
330
331
332
333
334
335
336
337
338
339
340
341
343
344
345
346
347
348
349
350
351
352
353
355
356
357
358
359
360
361
362
364
365
366
367
368
369
370
371
372
373
374
375
376
377
378
379
380
381
382
383
384
385
386
387
388
389
390
391
392
393
394
395
396
397
398
399
400
401
402
403
404
405
406
407
408
409
410
411
412
413
414
415
416
418
419
420
421
422
423
424
425
426
427
428
429
430
431
432
433
434
435
436
437
438
439
440
441
442
443
444
445
446
447
448
449
450
451
452
453
454
455
456
457
458
459
460
461
462
464
465
466
467
468
469
470
471
472
473
474
475
476
477
478
479
480
481
482
483
484
485
486
487
488
489
490
491
492
493
495
496
497
498
499
500
501
502
503
504
505
506
507
508
509
510
511
512
513
514
515
516
517
518
519
520
521
522
523
524
525
526
527
528
530
531
532
533
534
535
536
537
538
539
540
541
542
543
544
545
546
547
548
549
550
551
552
553
554
556
557
558
559
560
561
562
563
564
565
566
567
568
569
570
571
572
573
574
575
576
577
578
579
580
581
582
583
584
585
586
587
588
589
590
591
592
593
594
595
596
597
598
599
600
601
602
603
604
605
606
607
609
610
611
612
613
614
615
616
617
618
619
621
622
623
624
625
626
627
628
629
630
631
632
633
634
635
636
637
638
639
640
641
642
643
644
645
646
647
648
649
650
651
652
653
654
655
656
657
658
659
660
661
662
663
664
665
666
667
668
669
670
671
672
673
674
675
676
677
678
679
680
681
682
683
684
685
686
687
688
689
690
691
692
693
694
695
696
697
698
699
700
701
702
703
704
705
706
707
708
709
710
711
712
713
714
715
716
717
718
719
720
721
722
723
724
725
726
727
728
729
730
731
732
733
734
735
736
737
738
739
740
741
742
743
744
745
746
747
748
749
750
751
752
753
754
756
757
758
759
760
761
762
763
764
765
767
768
769
770
771
772
773
774
775
776
777
778
779
780
781
782
783
784
785
786
787
788
789
790
791
792
793
794
795
796
797
798
799
800
801
802
803
804
805
806
807
808
809
810
811
812
813
814
815
816
817
818
819
820
821
822
823
824
825
826
827
828
829
830
831
832
833
834
835
836
837
838
839
840
841
842
843
844
845
846
847
848
849
850
851
852
853
854
855
856
857
858
859
860
861
862
863
864
865
866
867
868
869
870
871
872
873
874
875
876
877
878
879
880
881
882
883
884
885
886
887
888
889
890
891
892
893
894
895
896
897
898
899
900
901
902
903
904
905
906
907
908
909
910
911
912
913
914
915
916
917
918
919
920
921
922
923
924
925
926
927
928
929
930
931
932
933
934
935
936
937
938
939
940
941
942
943
944
945
946
947
948
949
950
951
952
953
954
955
956
957
958
960
961
962
963
964
965
966
967
968
969
970
971
972
973
974
975
976
977
978
979
980
981
982
983
984
985
986
987
988
989
990
991
992
993
994
995
996
997
998
999
1000
1001
1002
1003
1004
0 432 3
0 512 4
2 700 1
2 790 1
5 335 4
6 333 1
13 516 1
13 738 1
13 532 5
13 506 1
13 719 1
14 506 2
14 719 1
14 924 2
14 410 1
14 173 1
16 716 2
16 541 1
16 293 1
17 857 3
19 333 1
24 656 3
24 891 4
24 629 1
24 647 5
25 48 2
25 684 1
25 918 1
28 987 1
29 335 4
30 936 3
30 313 2
30 908 3
30 765 5
31 165 3
31 990 1
32 197 1
32 534 5
32 791 2
35 552 1
35 188 1
35 469 1
35 207 2
38 832 3
38 322 1
38 388 3
38 522 1
38 324 4
38 586 2
40 752 1
40 187 2
40 196 2
42 402 1
48 458 1
48 558 1
48 216 2
48 956 2
48 319 2
52 868 1
52 356 1
52 765 2
56 987 1
61 416 1
61 771 2
61 388 1
61 517 1
61 166 2
61 718 2
61 591 1
61 272 2
61 851 1
61 883 1
61 724 1
61 502 1
61 120 1
61 356 2
61 122 1
61 915 4
62 113 2
62 746 1
62 646 5
62 542 5
67 963 6
67 165 7
67 391 3
67 846 3
67 207 2
67 561 2
67 344 8
68 338 1
68 987 1
69 950 1
69 879 2
70 890 1
74 416 3
74 133 1
74 294 7
74 586 3
74 447 2
74 166 3
75 833 1
75 772 2
75 850 1
75 334 1
75 178 2
75 120 1
75 220 3
75 607 1
77 416 1
77 168 3
77 575 2
78 599 2
83 771 1
86 443 2
90 235 1
91 499 1
95 819 1
95 987 1
96 299 1
96 420 2
98 592 1
98 401 4
98 268 1
103 977 4
103 950 3
104 648 1
104 721 1
104 765 3
105 418 1
107 464 1
107 810 1
107 381 5
110 166 2
112 803 1
112 674 2
112 267 2
112 166 2
113 250 1
113 854 1
117 268 1
118 335 4
119 812 1
119 700 1
120 742 1
120 196 2
120 198 1
122 272 1
122 167 1
122 428 1
122 656 1
122 693 1
122 280 1
122 410 1
122 862 1
124 551 1
125 622 7
126 356 1
126 294 2
126 648 1
126 782 1
126 885 1
126 790 3
126 984 2
127 607 1
133 602 1
134 592 1
134 738 1
134 268 1
134 454 2
135 742 4
135 936 2
135 137 3
135 942 2
135 337 5
135 628 1
135 855 2
135 700 1
136 915 2
136 316 1
136 629 1
141 512 3
141 552 1
141 188 1
141 614 2
142 915 3
143 214 1
143 422 1
147 416 2
147 355 2
147 196 1
147 454 1
147 171 1
147 347 4
151 923 2
151 253 1
152 443 4
157 577 2
157 347 1
159 854 1
159 940 4
159 334 1
159 915 1
159 214 7
159 633 1
159 540 2
160 165 1
160 838 1
160 267 2
160 526 1
160 658 3
160 629 2
165 586 2
165 401 3
165 915 2
165 344 5
165 857 1
166 416 1
166 674 2
166 356 1
166 517 3
166 743 2
166 602 1
167 547 1
167 552 1
167 851 2
167 469 1
167 188 1
168 416 8
168 232 22
168 951 1
168 912 8
168 472 14
168 949 10
168 790 6
168 439 7
168 984 2
168 575 1
169 688 1
169 595 3
169 404 1
170 337 2
170 855 2
171 590 1
173 924 2
173 506 3
173 644 1
173 428 3
175 849 1
175 335 4
176 586 2
178 464 3
178 333 1
178 502 4
181 274 1
184 1004 2
185 833 1
188 512 2
188 547 2
188 421 2
188 614 1
188 241 1
188 552 2
188 817 1
188 658 1
188 301 2
188 207 2
188 851 1
188 424 2
188 978 2
188 469 2
188 954 1
188 795 2
188 988 1
188 957 2
189 410 1
189 718 2
189 607 2
190 353 1
191 471 1
192 737 1
192 381 11
193 528 1
196 291 2
196 454 2
196 268 1
196 429 1
196 850 1
198 568 1
198 488 1
199 644 1
199 506 2
199 924 1
200 952 1
200 915 1
200 428 2
201 335 3
205 383 3
207 424 6
207 558 3
207 552 1
207 373 4
207 954 1
207 795 3
207 988 1
207 469 4
208 977 3
208 335 4
208 783 1
209 356 1
214 609 1
214 763 1
214 854 1
214 534 1
214 428 1
214 946 1
214 787 1
214 278 1
214 951 1
214 607 1
214 220 1
216 321 2
216 684 1
220 752 2
220 890 1
220 334 3
223 879 1
228 605 3
229 374 2
229 607 1
230 577 3
231 738 3
231 624 1
231 338 2
231 951 1
231 698 2
231 987 1
232 416 1
232 946 1
232 472 7
232 790 3
233 890 2
233 692 2
235 890 1
236 537 2
236 1004 2
236 335 4
239 703 1
241 469 1
245 698 2
245 987 1
245 764 1
245 951 1
246 293 1
249 333 1
250 513 1
250 770 1
250 485 1
250 646 1
250 551 1
250 535 1
250 369 2
250 722 1
250 854 1
250 823 1
250 444 1
250 542 1
251 987 1
255 577 1
256 416 1
256 313 1
256 294 3
257 731 1
260 416 1
260 949 2
260 790 1
267 838 1
268 291 1
268 454 1
268 713 1
268 683 1
268 598 1
268 633 1
273 951 2
274 920 2
275 849 1
277 890 2
288 391 9
288 493 10
288 561 11
288 629 7
288 630 1
288 445 9
291 401 4
291 454 4
291 429 1
293 724 2
294 416 1
294 868 2
294 648 2
294 817 4
294 790 2
294 313 1
294 890 1
294 447 2
301 552 1
301 469 1
302 915 1
302 428 1
304 441 1
305 946 1
306 771 3
306 374 1
306 742 3
310 324 1
310 477 2
311 987 1
311 925 1
311 773 1
313 416 4
313 356 1
313 885 3
313 765 2
313 447 1
316 915 2
318 499 1
318 332 1
321 499 1
321 684 1
322 334 2
322 534 1
327 849 3
327 921 1
329 624 1
329 819 1
332 435 3
332 500 6
333 767 1
334 742 1
334 776 1
334 500 1
334 534 1
334 343 1
334 765 1
334 926 4
335 643 4
335 1004 4
335 790 2
335 664 4
335 537 4
335 670 4
335 808 4
335 553 4
335 810 4
335 688 4
335 464 5
335 468 4
335 985 4
335 737 10
335 980 4
335 381 2
338 987 1
338 540 1
341 915 1
343 663 1
343 950 1
343 534 2
343 607 2
349 976 4
349 428 1
353 891 1
356 416 4
356 868 1
356 517 4
356 648 3
356 586 2
356 718 2
356 472 2
356 948 4
356 602 1
356 447 5
360 526 1
361 987 1
362 383 1
364 987 1
372 595 3
374 742 1
374 790 2
378 977 1
379 568 2
381 810 8
381 468 6
381 532 11
381 761 2
381 670 3
383 720 6
388 634 1
397 738 1
401 454 13
401 683 1
401 429 18
401 415 3
402 788 1
409 710 1
410 1004 1
410 719 2
410 977 1
415 833 1
415 429 3
415 718 1
415 851 1
415 540 2
416 517 1
416 648 5
416 782 7
416 472 1
416 435 3
416 948 6
416 951 2
416 447 1
416 586 6
416 718 1
416 984 4
416 602 1
416 885 5
418 977 3
420 559 2
421 424 6
421 552 1
421 795 1
421 469 1
422 680 2
422 731 27
423 977 4
424 552 1
424 469 1
424 795 5
425 946 4
425 908 1
425 765 5
425 598 2
427 540 2
428 915 10
428 857 1
429 454 11
432 512 1
432 987 1
433 738 2
433 987 3
435 500 4
435 782 1
440 737 2
443 602 2
443 662 1
443 743 1
444 528 1
444 948 1
444 535 1
454 592 4
464 502 1
468 890 2
469 512 3
469 547 1
469 552 1
469 614 1
469 851 1
469 817 1
469 954 1
469 795 1
469 957 1
480 987 1
481 565 2
482 987 1
482 606 1
491 497 1
491 644 1
499 833 1
499 684 2
499 558 1
499 607 1
500 948 1
502 710 1
502 718 1
502 790 1
502 791 1
502 538 1
502 605 7
502 542 1
506 576 1
506 738 2
506 996 1
506 682 1
506 783 1
506 644 2
506 921 1
506 890 1
506 924 1
506 541 1
510 622 1
512 552 1
514 977 4
516 881 4
516 532 2
517 718 1
517 948 2
517 565 2
517 854 1
517 602 1
517 542 1
528 867 1
530 891 4
530 630 1
531 987 1
532 761 4
532 804 1
532 537 7
532 700 1
534 649 2
534 879 1
534 591 1
540 987 1
540 698 2
540 925 2
541 738 1
542 752 1
542 854 1
543 952 1
544 752 1
546 550 2
547 552 1
547 851 1
550 834 2
550 684 1
552 614 2
552 817 1
552 851 1
552 951 1
552 954 1
552 795 1
552 988 1
552 957 1
553 670 1
558 844 2
558 684 3
559 622 7
565 684 1
565 743 1
568 947 2
581 742 1
582 987 1
586 948 1
587 752 1
591 765 1
591 742 1
591 607 3
592 609 1
592 713 1
592 948 2
595 716 1
597 738 1
598 633 1
602 743 1
605 693 2
607 718 2
607 687 2
614 851 1
617 833 1
622 676 7
624 994 1
629 658 1
629 891 4
630 891 3
630 685 2
633 809 1
641 987 1
644 738 1
647 953 2
647 915 1
650 682 2
650 738 1
650 654 1
650 783 1
654 738 2
654 682 1
656 920 2
663 950 1
668 746 1
674 948 1
679 684 1
680 720 1
680 731 3
682 738 1
682 783 1
684 844 10
684 956 3
692 718 1
697 925 1
697 855 2
698 840 2
698 873 2
698 987 1
698 764 2
700 812 2
700 790 5
703 771 1
707 880 1
707 951 1
716 724 1
716 718 1
718 915 3
718 851 1
719 738 1
719 837 1
719 745 1
719 783 1
719 828 1
720 833 1
721 908 2
721 765 4
731 915 3
737 849 1
738 783 2
738 979 1
738 921 1
738 923 1
739 915 1
742 771 5
742 772 1
742 784 1
742 900 5
761 881 2
761 804 2
762 984 1
764 994 1
764 987 1
765 868 1
765 908 1
774 947 147
780 977 3
783 890 1
789 987 1
790 812 2
796 977 1
803 948 1
804 881 4
809 987 1
817 851 1
837 850 1
838 952 5
840 987 1
843 883 1
844 956 1
849 987 1
851 978 1
851 920 1
851 890 1
851 988 1
857 915 4
862 909 4
872 987 1
873 987 1
890 1001 1
915 971 1
915 953 1
915 952 1
925 955 1
925 987 2
950 977 8
952 971 1
953 990 1
955 987 1
977 1004 3
987 994 1
