0
1
2
3
4
5
6
7
8
9
10
11
12
13
14
15
16
17
18
19
20
21
22
23
24
25
26
27
28
29
30
31
32
33
34
35
36
37
38
39
40
41
42
43
44
45
46
47
48
49
50
51
52
53
54
55
56
57
58
59
60
61
62
63
64
65
66
67
68
69
70
71
72
73
74
75
76
77
78
79
80
81
82
83
84
85
86
87
88
89
90
91
92
93
94
95
96
97
98
99
100
101
102
103
104
105
106
107
108
109
110
111
112
113
114
115
116
117
118
119
120
121
122
123
124
125
126
127
128
129
130
131
132
133
134
135
136
137
138
139
141
142
143
144
145
146
147
148
149
150
151
152
153
154
155
157
158
159
160
161
162
163
164
165
166
167
168
169
170
171
172
173
174
175
176
177
178
179
180
181
182
183
184
185
186
187
188
189
190
191
192
193
194
195
196
197
198
199
200
201
202
203
204
205
206
207
208
209
210
211
212
213
214
215
216
217
218
219
220
221
222
223
224
225
226
227
228
229
230
231
232
233
235
236
237
238
239
240
241
242
243
244
245
246
247
248
249
250
251
252
253
254
255
256
257
259
260
262
263
264
265
266
267
268
269
270
271
272
273
274
275
276
277
278
279
280
281
282
283
284
285
286
287
288
289
290
291
292
293
294
295
296
297
299
300
301
302
303
304
305
306
307
308
309
310
311
312
313
314
315
316
317
318
319
320
321
322
323
324
325
326
327
328
329
330
331
332
333
334
335
336
337
338
339
340
341
343
344
345
346
347
348
349
350
351
352
353
355
356
357
358
359
360
361
362
364
365
366
367
368
369
370
371
372
373
374
375
376
377
378
379
380
381
382
383
384
385
386
387
388
389
390
391
392
393
394
395
396
397
398
399
400
401
402
403
404
405
406
407
408
409
410
411
412
413
414
415
416
418
419
420
421
422
423
424
425
426
427
428
429
430
431
432
433
434
435
436
437
438
439
440
441
442
443
444
445
446
447
448
449
450
451
452
453
454
455
456
457
458
459
460
461
462
464
465
466
467
468
469
470
471
472
473
474
475
476
477
478
479
480
481
482
483
484
485
486
487
488
489
490
491
492
493
495
496
497
498
499
500
501
502
503
504
505
506
507
508
509
510
511
512
513
514
515
516
517
518
519
520
521
522
523
524
525
526
527
528
530
531
532
533
534
535
536
537
538
539
540
541
542
543
544
545
546
547
548
549
550
551
552
553
554
556
557
558
559
560
561
562
563
564
565
566
567
568
569
570
571
572
573
574
575
576
577
578
579
580
581
582
583
584
585
586
587
588
589
590
591
592
593
594
595
596
597
598
599
600
601
602
603
604
605
606
607
609
610
611
612
613
614
615
616
617
618
619
621
622
623
624
625
626
627
628
629
630
631
632
633
634
635
636
637
638
639
640
641
642
643
644
645
646
647
648
649
650
651
652
653
654
655
656
657
658
659
660
661
662
663
664
665
666
667
668
669
670
671
672
673
674
675
676
677
678
679
680
681
682
683
684
685
686
687
688
689
690
691
692
693
694
695
696
697
698
699
700
701
702
703
704
705
706
707
708
709
710
711
712
713
714
715
716
717
718
719
720
721
722
723
724
725
726
727
728
729
730
731
732
733
734
735
736
737
738
739
740
741
742
743
744
745
746
747
748
749
750
751
752
753
754
756
757
758
759
760
761
762
763
764
765
767
768
769
770
771
772
773
774
775
776
777
778
779
780
781
782
783
784
785
786
787
788
789
790
791
792
793
794
795
796
797
798
799
800
801
802
803
804
805
806
807
808
809
810
811
812
813
814
815
816
817
818
819
820
821
822
823
824
825
826
827
828
829
830
831
832
833
834
835
836
837
838
839
840
841
842
843
844
845
846
847
848
849
850
851
852
853
854
855
856
857
858
859
860
861
862
863
864
865
866
867
868
869
870
871
872
873
874
875
876
877
878
879
880
881
882
883
884
885
886
887
888
889
890
891
892
893
894
895
896
897
898
899
900
901
902
903
904
905
906
907
908
909
910
911
912
913
914
915
916
917
918
919
920
921
922
923
924
925
926
927
928
929
930
931
932
933
934
935
936
937
938
939
940
941
942
943
944
945
946
947
948
949
950
951
952
953
954
955
956
957
958
960
961
962
963
964
965
966
967
968
969
970
971
972
973
974
975
976
977
978
979
980
981
982
983
984
985
986
987
988
989
990
991
992
993
994
995
996
997
998
999
1000
1001
1002
1003
1004
0 569 1
2 272 5
2 416 1
2 700 2
2 790 2
4 135 1
5 107 1
6 249 1
6 506 2
6 569 1
11 619 1
11 662 1
13 743 1
14 1001 3
14 173 1
14 719 1
14 921 1
14 506 2
14 924 1
14 702 2
15 406 1
16 541 2
17 428 2
24 629 2
24 142 2
25 321 1
25 386 1
25 499 1
28 987 1
29 506 2
30 168 1
30 52 1
30 356 3
30 765 1
30 166 1
31 428 6
31 165 3
32 700 1
32 428 2
32 433 2
32 693 1
32 572 3
32 862 1
34 873 1
34 997 1
34 855 3
38 832 1
38 460 1
38 638 1
40 214 2
40 450 1
40 662 1
40 272 6
40 147 2
40 502 2
40 890 1
40 572 1
40 159 1
41 956 1
42 402 1
45 66 1
45 52 2
48 684 1
48 319 1
49 248 3
50 788 1
52 66 5
52 356 2
52 166 2
52 168 5
52 868 1
52 126 2
53 120 1
53 193 1
53 633 1
56 987 2
58 909 1
61 388 2
61 517 2
61 428 2
61 522 5
61 843 2
61 716 2
61 718 3
61 915 2
61 991 4
61 159 3
62 646 3
62 542 2
64 322 2
65 135 1
65 75 2
65 334 2
65 687 1
65 83 1
65 120 5
65 607 1
65 220 2
65 191 1
67 344 3
67 963 12
67 165 2
67 207 4
68 987 1
69 638 1
72 214 1
72 159 8
75 191 1
75 772 3
75 107 1
75 749 1
75 334 3
75 850 2
75 120 5
75 607 1
75 220 1
75 190 1
75 127 1
77 912 3
77 168 11
77 260 8
77 232 1
82 135 1
83 863 1
86 152 1
86 443 3
86 662 2
90 199 1
90 940 1
90 749 2
90 912 4
90 692 2
90 248 5
90 220 1
90 927 2
91 308 1
95 193 1
95 987 2
96 420 4
98 707 4
98 454 3
98 134 1
98 713 2
98 107 5
98 268 1
98 592 5
98 291 2
98 117 2
98 278 1
101 377 1
101 423 2
103 514 2
103 164 1
103 950 2
103 303 2
105 418 5
105 774 1
106 740 1
106 788 1
107 553 2
107 335 1
112 392 1
112 267 1
118 732 2
119 700 1
120 772 5
120 454 6
120 743 1
120 752 3
120 569 1
120 191 1
120 190 2
120 927 4
122 924 1
122 428 1
122 718 3
126 232 1
126 586 10
126 356 5
126 885 1
127 843 1
133 168 1
134 592 4
134 454 1
135 292 3
135 581 7
135 870 1
135 720 3
135 371 1
135 628 3
135 922 1
136 915 2
136 428 3
136 159 1
139 323 3
141 188 3
142 428 1
142 630 1
143 580 1
143 796 1
144 650 1
147 454 6
147 171 1
147 686 1
147 272 2
147 277 1
147 214 1
147 590 1
147 285 1
150 415 1
151 253 1
152 443 1
153 977 2
157 740 1
157 775 2
157 499 1
157 915 2
157 542 4
157 502 3
157 248 3
157 356 1
157 926 1
159 866 2
159 324 5
159 776 1
159 940 1
159 334 2
159 306 1
159 787 1
159 724 7
159 853 1
159 923 1
159 542 1
160 530 1
160 629 2
161 692 1
161 863 2
164 420 1
164 548 3
164 638 2
164 879 2
165 401 6
165 207 1
166 416 1
166 515 1
166 356 4
166 743 1
166 168 3
166 586 3
166 868 1
166 762 1
167 817 2
167 978 1
167 851 1
168 416 3
168 260 10
168 232 8
168 586 3
168 557 3
168 912 17
168 369 3
168 439 2
168 472 6
168 356 8
168 868 1
168 607 1
168 765 2
168 575 3
171 347 1
173 506 2
173 541 4
175 849 3
175 650 1
175 423 3
184 393 1
184 779 1
184 607 1
185 833 1
185 830 2
187 695 1
189 280 1
189 249 2
189 652 1
190 353 1
191 927 1
191 415 2
193 987 1
193 776 3
193 617 1
193 714 10
193 923 1
196 429 1
196 311 1
197 987 1
197 923 5
199 644 2
199 506 1
199 541 1
200 546 1
200 838 1
200 550 2
200 971 2
200 428 1
200 915 8
201 335 1
202 629 2
207 424 2
207 558 3
207 847 4
207 469 2
207 953 1
207 795 2
208 236 1
209 356 2
214 272 11
214 629 1
214 765 2
216 319 1
220 483 3
220 607 3
223 337 1
223 322 1
223 663 1
223 462 1
223 879 2
228 569 1
229 306 2
229 469 3
229 607 2
231 873 1
231 462 1
231 245 1
231 698 1
231 987 1
231 540 1
231 607 1
233 835 2
233 692 4
233 749 1
233 607 2
236 537 1
239 706 1
239 923 1
241 421 1
245 698 1
245 987 2
245 764 2
245 830 2
246 423 1
248 835 1
248 329 1
248 591 1
248 692 4
248 607 1
249 569 1
249 409 1
250 927 2
251 987 1
256 356 2
256 294 1
256 743 1
256 885 1
256 472 2
256 313 1
256 602 1
260 912 2
264 329 1
264 581 1
267 586 1
267 971 1
267 629 3
268 592 2
275 849 3
277 700 2
278 449 2
278 290 1
278 566 1
280 449 1
280 687 1
280 561 1
280 629 2
280 631 1
284 680 1
284 731 1
290 305 1
291 401 4
291 429 2
291 454 1
293 724 2
293 700 1
293 718 1
294 416 1
294 648 1
294 817 1
294 885 2
294 313 2
295 569 1
303 780 2
303 950 2
305 416 1
305 912 6
306 863 1
306 659 2
307 659 1
308 418 4
308 748 3
311 698 1
311 987 1
311 955 1
313 416 2
313 885 1
313 472 2
313 765 1
317 692 1
318 684 1
319 558 1
321 499 1
321 684 1
322 548 2
322 534 1
322 879 6
324 634 1
329 692 1
331 418 1
332 435 5
332 500 3
333 816 1
333 569 1
334 612 1
334 749 2
334 687 2
334 692 1
334 772 1
334 542 1
335 1004 2
335 464 3
335 532 7
335 381 2
337 505 2
337 854 2
337 870 2
338 987 1
343 368 1
343 388 1
343 663 5
344 971 1
347 966 1
353 891 5
356 765 1
356 868 1
356 743 2
356 586 2
356 912 1
356 499 2
356 574 1
356 515 1
356 472 4
356 762 1
356 602 2
356 416 1
360 629 4
361 987 1
362 659 1
364 624 1
364 506 2
364 987 1
364 582 1
364 863 1
368 879 4
369 646 2
372 595 1
377 866 1
377 605 1
377 423 3
379 568 1
380 712 3
380 440 1
381 506 2
383 867 1
383 388 1
383 765 3
383 589 1
385 898 1
398 712 1
398 772 1
401 415 7
401 454 4
401 429 8
404 595 3
406 680 1
409 569 1
409 506 1
409 977 2
415 833 1
415 630 1
415 435 1
415 569 5
416 586 5
416 912 1
416 648 2
416 885 3
416 633 1
416 927 2
418 996 9
418 977 21
420 950 2
421 424 1
421 630 4
423 650 1
423 779 1
424 795 1
424 990 1
427 955 2
428 647 1
428 971 1
428 915 13
428 952 1
428 857 2
428 990 1
429 925 3
429 454 4
432 987 1
433 987 1
435 500 5
435 782 1
440 737 1
443 742 1
443 700 1
443 662 7
444 535 4
450 596 5
450 662 1
453 595 1
454 772 4
454 713 2
454 592 5
457 716 1
457 718 2
462 833 3
466 662 1
467 650 1
469 630 3
470 569 1
470 789 4
470 605 3
472 743 3
472 602 2
472 575 1
482 569 5
482 987 1
482 847 2
483 798 2
483 607 2
485 513 1
485 823 1
485 646 1
485 927 1
491 506 1
493 978 1
493 629 2
493 630 1
495 568 1
497 977 1
499 517 1
499 684 5
499 535 2
499 542 2
500 782 2
502 569 1
506 644 8
506 599 1
506 783 2
506 881 1
506 951 3
506 996 1
506 670 2
510 879 1
511 987 1
513 646 1
515 927 2
516 700 1
516 837 1
517 854 1
526 629 2
530 891 4
530 629 7
530 630 2
531 987 2
532 1001 2
538 569 1
540 698 1
540 987 2
540 855 1
541 977 2
541 951 6
542 646 2
542 591 1
542 923 3
543 971 1
546 550 2
547 631 2
548 879 5
551 646 1
561 629 2
561 846 10
561 631 2
565 684 1
565 844 1
568 947 2
568 935 1
569 693 1
569 951 1
569 572 1
569 710 1
569 976 1
569 599 3
569 605 1
569 862 10
569 991 1
569 749 4
580 582 1
581 720 1
581 798 1
582 624 1
582 987 1
586 885 3
586 984 1
586 762 2
586 602 1
587 720 5
588 987 1
592 713 1
592 948 4
592 927 8
595 991 1
602 648 1
602 765 1
605 693 1
605 789 3
607 927 1
609 772 1
612 740 1
614 858 1
617 776 2
617 714 5
617 720 1
624 692 1
626 863 1
628 720 1
629 630 2
629 658 2
629 685 2
629 846 2
629 631 2
629 891 7
629 894 2
633 923 2
638 700 1
641 987 1
643 685 2
644 996 1
648 885 3
648 765 3
650 1001 2
650 849 1
660 692 1
660 783 1
662 802 2
663 706 1
663 950 1
672 844 3
678 696 1
679 684 1
679 844 1
680 731 3
682 783 1
684 704 1
684 844 1
684 918 1
685 1001 1
685 724 1
687 772 1
688 808 1
692 835 1
692 775 2
692 746 3
692 749 1
692 830 1
698 840 1
698 873 1
698 764 1
700 771 1
700 812 5
700 881 1
700 956 1
702 842 1
704 743 1
707 880 1
716 718 1
718 866 2
718 904 1
718 843 1
718 724 1
719 738 2
722 927 1
737 849 2
738 837 3
738 783 1
740 879 3
752 927 1
758 956 1
758 918 1
764 987 1
764 994 2
769 863 1
771 863 2
772 940 1
772 951 1
772 923 1
773 955 1
774 947 35
783 881 1
784 863 2
789 987 1
790 812 5
791 862 1
809 987 1
838 952 1
838 971 1
838 847 1
840 987 1
849 987 1
851 978 3
854 927 2
857 951 1
861 896 1
863 993 1
872 987 1
873 987 2
881 921 1
885 984 2
890 923 1
912 915 1
924 1001 1
925 955 1
927 948 2
933 966 1
935 966 1
955 987 2
977 1001 1
977 1004 5
987 994 1
