0
1
2
3
4
5
6
7
8
9
10
11
12
13
14
15
16
17
18
19
20
21
22
23
24
25
26
27
28
29
30
31
32
33
34
35
36
37
38
39
40
41
42
43
44
45
46
47
48
49
50
51
52
53
54
55
56
57
58
59
60
61
62
63
64
65
66
67
68
69
70
71
72
73
74
75
76
77
78
79
80
81
82
83
84
85
86
87
88
89
90
91
92
93
94
95
96
97
98
99
100
101
102
103
104
105
106
107
108
109
110
111
112
113
114
115
116
117
118
119
120
121
122
123
124
125
126
127
128
129
130
131
132
133
134
135
136
137
138
139
141
142
143
144
145
146
147
148
149
150
151
152
153
154
155
157
158
159
160
161
162
163
164
165
166
167
168
169
170
171
172
173
174
175
176
177
178
179
180
181
182
183
184
185
186
187
188
189
190
191
192
193
194
195
196
197
198
199
200
201
202
203
204
205
206
207
208
209
210
211
212
213
214
215
216
217
218
219
220
221
222
223
224
225
226
227
228
229
230
231
232
233
235
236
237
238
239
240
241
242
243
244
245
246
247
248
249
250
251
252
253
254
255
256
257
259
260
262
263
264
265
266
267
268
269
270
271
272
273
274
275
276
277
278
279
280
281
282
283
284
285
286
287
288
289
290
291
292
293
294
295
296
297
299
300
301
302
303
304
305
306
307
308
309
310
311
312
313
314
315
316
317
318
319
320
321
322
323
324
325
326
327
328
329
330
331
332
333
334
335
336
337
338
339
340
341
343
344
345
346
347
348
349
350
351
352
353
355
356
357
358
359
360
361
362
364
365
366
367
368
369
370
371
372
373
374
375
376
377
378
379
380
381
382
383
384
385
386
387
388
389
390
391
392
393
394
395
396
397
398
399
400
401
402
403
404
405
406
407
408
409
410
411
412
413
414
415
416
418
419
420
421
422
423
424
425
426
427
428
429
430
431
432
433
434
435
436
437
438
439
440
441
442
443
444
445
446
447
448
449
450
451
452
453
454
455
456
457
458
459
460
461
462
464
465
466
467
468
469
470
471
472
473
474
475
476
477
478
479
480
481
482
483
484
485
486
487
488
489
490
491
492
493
495
496
497
498
499
500
501
502
503
504
505
506
507
508
509
510
511
512
513
514
515
516
517
518
519
520
521
522
523
524
525
526
527
528
530
531
532
533
534
535
536
537
538
539
540
541
542
543
544
545
546
547
548
549
550
551
552
553
554
556
557
558
559
560
561
562
563
564
565
566
567
568
569
570
571
572
573
574
575
576
577
578
579
580
581
582
583
584
585
586
587
588
589
590
591
592
593
594
595
596
597
598
599
600
601
602
603
604
605
606
607
609
610
611
612
613
614
615
616
617
618
619
621
622
623
624
625
626
627
628
629
630
631
632
633
634
635
636
637
638
639
640
641
642
643
644
645
646
647
648
649
650
651
652
653
654
655
656
657
658
659
660
661
662
663
664
665
666
667
668
669
670
671
672
673
674
675
676
677
678
679
680
681
682
683
684
685
686
687
688
689
690
691
692
693
694
695
696
697
698
699
700
701
702
703
704
705
706
707
708
709
710
711
712
713
714
715
716
717
718
719
720
721
722
723
724
725
726
727
728
729
730
731
732
733
734
735
736
737
738
739
740
741
742
743
744
745
746
747
748
749
750
751
752
753
754
756
757
758
759
760
761
762
763
764
765
767
768
769
770
771
772
773
774
775
776
777
778
779
780
781
782
783
784
785
786
787
788
789
790
791
792
793
794
795
796
797
798
799
800
801
802
803
804
805
806
807
808
809
810
811
812
813
814
815
816
817
818
819
820
821
822
823
824
825
826
827
828
829
830
831
832
833
834
835
836
837
838
839
840
841
842
843
844
845
846
847
848
849
850
851
852
853
854
855
856
857
858
859
860
861
862
863
864
865
866
867
868
869
870
871
872
873
874
875
876
877
878
879
880
881
882
883
884
885
886
887
888
889
890
891
892
893
894
895
896
897
898
899
900
901
902
903
904
905
906
907
908
909
910
911
912
913
914
915
916
917
918
919
920
921
922
923
924
925
926
927
928
929
930
931
932
933
934
935
936
937
938
939
940
941
942
943
944
945
946
947
948
949
950
951
952
953
954
955
956
957
958
960
961
962
963
964
965
966
967
968
969
970
971
972
973
974
975
976
977
978
979
980
981
982
983
984
985
986
987
988
989
990
991
992
993
994
995
996
997
998
999
1000
1001
1002
1003
1004
0 178 4
0 423 2
2 416 1
2 260 1
2 586 1
2 790 2
2 700 4
2 126 1
4 371 4
4 585 1
4 771 3
4 867 2
5 553 1
5 107 1
5 335 1
5 502 2
5 506 1
5 670 2
6 178 5
6 333 1
7 810 1
12 870 1
13 850 1
13 828 1
13 738 1
14 738 1
14 365 1
14 881 2
14 724 2
14 506 1
14 828 1
14 702 1
15 680 1
15 731 2
15 422 1
16 843 1
16 541 1
17 200 1
24 160 3
24 267 4
24 530 1
24 629 32
24 630 2
24 280 3
24 891 6
25 684 2
26 450 1
28 987 3
29 333 1
29 335 1
30 256 3
30 936 6
30 908 1
30 52 1
30 313 3
30 61 5
30 126 2
31 200 1
31 316 1
31 165 5
32 61 3
32 143 2
32 915 1
32 214 1
32 280 2
32 90 2
32 669 3
35 280 2
35 207 1
39 923 2
40 450 4
40 900 1
40 802 1
40 272 1
40 596 1
40 662 1
40 695 1
40 120 2
40 90 2
40 187 1
40 572 7
41 499 1
41 565 1
42 337 2
42 322 1
42 90 1
42 950 1
45 260 1
46 612 1
48 956 1
48 458 2
48 499 1
48 684 1
50 559 1
52 126 2
53 272 1
53 321 1
53 866 2
53 923 2
53 316 2
56 987 3
56 159 1
58 585 1
58 586 1
58 909 1
61 771 1
61 334 3
61 135 6
61 136 1
61 272 3
61 659 1
61 415 4
61 161 2
61 802 2
61 550 4
61 517 3
61 904 1
61 306 1
61 692 1
61 479 1
61 695 1
61 568 1
61 607 8
61 450 1
61 718 10
61 591 4
61 696 1
61 469 1
61 857 1
61 991 2
61 742 2
61 233 2
61 114 1
61 120 1
62 746 2
62 542 1
62 646 2
64 534 1
66 260 2
67 963 11
67 165 7
67 846 5
67 207 7
67 561 4
67 344 7
67 190 1
68 987 3
70 334 1
71 595 1
72 135 2
73 321 1
73 499 1
74 803 7
74 166 4
74 294 5
74 168 8
74 586 1
74 112 1
74 435 2
74 126 4
75 633 1
75 462 1
75 502 2
77 912 2
77 168 2
77 260 2
78 178 6
83 771 1
87 160 1
90 802 2
90 107 2
90 900 2
90 517 1
90 742 1
90 459 1
90 923 2
90 920 2
90 862 2
90 664 2
90 187 1
90 316 1
90 190 1
91 415 3
92 200 1
92 280 1
92 316 1
92 647 1
95 433 2
95 987 3
95 540 1
96 832 3
96 132 1
96 299 1
96 388 1
96 634 1
96 509 1
96 638 1
98 707 9
98 134 2
98 454 3
98 713 7
98 107 9
98 268 6
98 429 7
98 592 5
98 401 7
98 117 7
101 246 3
101 423 3
103 514 1
103 310 3
104 648 1
104 868 3
104 908 1
104 765 3
105 233 1
107 810 1
107 980 3
112 674 2
112 803 5
112 166 2
112 294 1
112 267 6
113 854 2
114 1004 1
118 732 2
118 532 1
118 335 6
119 812 1
119 790 1
120 517 1
120 135 2
120 782 1
120 783 1
120 912 3
120 923 5
120 927 2
120 416 3
120 161 1
120 940 1
120 306 3
120 823 1
120 443 2
120 703 1
120 326 2
120 711 1
120 586 4
120 854 1
120 617 1
120 573 2
120 371 1
122 178 3
122 628 4
122 502 1
126 416 2
126 260 3
126 168 4
126 790 2
132 388 1
133 256 2
133 416 2
133 648 1
133 908 1
133 602 1
134 592 7
134 291 1
134 738 2
134 454 2
135 161 10
135 994 1
135 987 3
135 292 2
135 581 25
135 233 9
135 462 2
135 720 1
135 337 1
135 371 1
135 692 9
135 942 7
135 703 3
135 540 1
135 549 6
136 165 1
136 200 5
136 428 1
136 915 1
136 629 1
136 280 1
136 857 4
136 316 2
137 936 2
141 978 1
141 789 1
141 469 1
142 200 1
142 207 4
142 214 1
142 280 2
142 316 3
142 159 1
147 196 1
147 171 4
147 159 6
147 590 1
147 277 1
147 347 1
147 926 2
147 415 3
149 423 3
153 432 1
153 977 6
153 418 3
153 996 3
153 1001 3
157 248 1
157 746 1
157 347 1
157 462 2
159 214 3
159 535 1
159 920 2
159 923 2
159 160 1
159 940 1
159 316 1
159 190 1
159 704 3
159 193 2
159 963 1
159 334 1
159 978 3
159 724 3
159 854 5
159 607 4
159 251 1
159 742 1
159 746 2
159 493 4
159 502 2
159 891 1
160 838 1
160 360 3
160 586 2
160 493 2
160 526 1
160 658 3
160 629 5
160 280 2
161 771 2
161 900 6
161 581 4
161 572 2
161 586 1
161 239 2
161 662 1
161 443 1
161 540 5
164 420 1
165 200 1
165 586 1
165 401 8
165 344 1
165 316 5
166 416 2
166 674 1
166 803 9
166 356 1
166 294 2
166 267 1
166 782 1
166 573 2
166 765 1
166 759 3
166 586 4
167 280 1
168 800 1
168 416 1
168 260 11
168 294 1
168 966 2
168 232 5
168 362 1
168 782 10
168 912 14
168 949 4
168 439 3
168 472 14
168 356 2
168 575 2
169 372 1
170 697 1
170 245 1
170 855 2
173 828 1
175 849 3
175 275 7
175 423 3
175 335 1
178 409 4
178 538 5
178 415 1
178 295 4
178 693 5
178 710 4
178 333 9
178 976 4
178 339 1
178 470 5
178 599 4
178 605 6
178 862 5
178 991 9
178 482 2
178 228 4
178 628 3
178 502 22
178 249 6
178 767 4
180 829 2
180 727 1
181 537 1
181 338 1
181 724 3
181 190 2
184 754 2
184 843 3
185 752 2
185 833 1
185 248 4
186 256 2
186 648 2
186 267 2
186 517 2
187 337 2
187 450 1
187 695 1
188 280 2
188 421 1
189 716 2
189 236 6
189 718 9
189 977 1
189 915 4
189 724 1
189 951 1
189 410 3
190 353 3
190 629 1
190 656 2
190 274 2
190 373 3
190 951 1
191 752 1
191 891 3
191 692 1
193 776 1
193 910 4
193 500 1
193 854 5
193 923 2
199 828 1
199 506 1
199 924 1
199 644 10
199 541 3
200 344 1
200 647 1
200 316 3
200 971 2
200 428 1
200 915 2
200 302 1
200 952 2
200 857 2
200 543 1
200 990 1
201 335 1
207 547 3
207 424 1
207 795 3
207 469 1
207 280 1
207 891 3
208 335 1
213 374 7
214 704 1
214 290 1
214 742 1
214 746 4
214 428 2
214 306 3
214 343 1
214 923 4
214 316 5
216 321 3
216 499 1
216 956 1
223 322 2
223 663 1
223 462 2
223 343 3
227 966 4
229 306 2
230 454 1
231 738 2
231 923 1
231 264 2
231 698 1
231 987 3
231 671 1
232 912 1
232 607 2
232 332 1
232 575 1
233 581 13
233 746 3
233 692 8
233 415 3
235 923 2
236 977 2
236 898 1
236 335 1
239 923 2
239 742 2
241 280 2
241 630 2
245 329 1
245 698 1
245 987 3
246 423 8
248 506 1
248 462 2
249 605 2
250 886 2
251 987 3
256 416 2
256 356 3
256 648 2
256 267 3
256 478 1
256 517 2
260 912 4
260 439 4
260 762 2
260 575 2
264 586 1
267 416 1
267 803 8
267 517 12
267 648 2
267 586 2
267 459 1
267 392 1
267 478 1
267 800 1
270 828 1
272 450 5
274 920 3
274 280 1
274 469 1
274 647 1
275 849 1
275 316 2
278 462 1
280 647 2
280 301 1
280 656 2
280 530 4
280 915 3
280 920 3
280 281 1
280 421 2
280 422 2
280 817 1
280 424 1
280 685 1
280 561 3
280 658 2
280 953 2
280 954 1
280 445 1
280 846 2
280 547 2
280 526 3
280 990 2
280 293 2
280 408 1
280 739 1
280 360 3
280 493 2
280 851 3
280 629 8
280 630 1
280 631 3
280 891 1
280 469 1
281 905 1
284 731 1
290 566 2
291 401 1
291 429 1
291 454 4
294 803 6
294 782 2
294 699 1
299 322 1
299 388 1
299 634 1
302 428 1
302 316 1
306 771 1
306 374 1
306 742 9
306 659 3
306 660 1
306 703 3
309 832 4
310 586 2
310 343 3
311 697 1
311 987 3
316 647 3
316 543 1
316 428 6
316 952 2
316 415 1
316 971 1
316 344 1
316 857 3
316 990 2
316 915 7
318 684 1
319 499 1
321 704 1
321 618 1
321 684 2
321 499 2
321 565 1
322 420 2
322 663 2
322 822 1
322 343 5
324 388 1
324 534 1
324 591 1
327 828 1
327 381 2
329 540 2
329 819 1
329 692 1
329 798 1
332 586 4
332 782 15
332 500 8
332 918 3
332 575 11
333 767 1
334 612 1
334 746 2
334 462 1
334 534 3
334 607 7
335 643 1
335 1004 1
335 664 1
335 537 1
335 670 1
335 808 1
335 553 1
335 810 1
335 688 1
335 464 3
335 468 1
335 985 1
335 737 3
335 980 1
335 381 1
337 832 3
337 612 1
337 936 3
337 780 1
337 942 2
337 822 1
337 505 2
338 994 1
338 581 2
338 692 1
338 987 4
338 540 1
343 612 1
343 853 1
343 663 5
349 976 4
353 891 2
356 800 1
360 629 3
361 987 4
362 371 1
362 870 1
364 987 3
364 671 1
372 404 3
377 754 1
377 718 1
378 514 1
379 568 2
381 506 2
381 670 1
383 720 5
383 586 4
388 528 2
388 534 1
388 638 1
392 696 3
393 843 1
397 671 1
397 975 1
401 454 6
401 429 2
401 415 6
404 595 1
407 843 5
410 719 3
413 746 2
413 927 1
413 935 2
414 891 1
414 572 1
415 544 1
415 617 1
415 692 2
415 629 2
416 586 5
416 782 6
416 912 2
416 500 1
416 439 2
416 927 2
418 977 3
418 996 8
421 424 2
421 795 2
421 647 1
422 731 1
423 644 1
423 1001 3
423 849 3
423 630 2
423 701 3
424 795 2
428 915 4
428 857 4
428 543 1
429 454 7
431 915 1
432 641 1
432 987 3
432 809 1
433 987 7
433 629 1
435 984 1
435 500 1
435 782 3
437 828 1
440 537 1
443 662 5
445 891 1
447 586 3
450 802 2
450 900 1
450 462 2
450 754 4
450 595 3
450 692 3
450 662 1
450 695 1
450 572 5
454 592 9
458 844 1
458 499 1
458 956 1
458 918 1
459 517 1
462 517 2
462 783 2
462 915 1
462 923 1
462 670 2
462 687 1
462 692 1
462 542 2
462 566 1
462 833 1
462 586 2
462 718 3
462 591 2
462 851 2
462 980 3
462 739 1
462 742 3
462 617 1
468 506 1
469 614 2
469 851 2
472 912 4
472 800 1
472 782 5
472 743 2
476 923 2
478 648 1
478 517 1
479 586 1
482 987 4
488 568 2
493 561 1
493 530 5
493 629 5
493 630 4
493 891 5
495 568 9
499 704 1
499 758 2
499 679 1
499 618 1
499 844 1
499 558 1
499 723 1
499 918 1
499 956 1
500 812 1
500 782 2
500 814 4
500 800 1
502 506 1
502 915 1
502 628 2
502 951 1
502 538 2
506 644 4
506 1004 1
506 591 1
506 828 1
514 780 1
514 950 3
516 828 1
516 850 2
516 532 2
517 648 2
517 803 1
517 718 1
526 629 5
528 607 3
530 746 1
530 629 8
530 891 4
531 987 11
532 828 1
534 591 2
534 951 1
534 607 1
535 823 1
535 854 1
540 736 1
540 641 1
540 994 6
540 987 6
540 581 1
540 698 1
540 955 3
541 738 2
541 719 2
541 923 1
541 828 1
542 746 5
546 550 1
547 647 1
549 866 1
550 746 2
550 743 1
552 951 1
553 1001 2
553 670 4
558 956 1
561 629 3
561 846 3
563 731 1
565 723 1
565 684 2
568 947 1
572 862 1
573 586 11
573 782 1
575 782 2
576 987 1
576 828 1
577 936 5
577 926 2
581 936 1
581 628 1
581 855 2
582 987 3
584 731 1
586 782 8
586 947 1
586 948 1
586 800 1
586 837 1
586 984 5
586 759 2
586 762 1
587 720 2
591 742 3
591 746 1
591 692 2
591 607 1
592 713 1
592 927 5
595 934 3
595 718 1
595 692 1
596 695 4
597 738 2
599 710 2
599 767 1
600 956 1
602 743 2
605 951 1
612 663 2
614 851 1
617 733 1
629 978 2
629 739 1
629 658 3
629 685 3
629 846 3
629 630 9
629 631 3
629 891 6
630 739 4
630 954 4
633 923 4
638 832 2
641 987 3
644 828 1
644 738 1
647 838 1
648 908 1
648 765 1
650 828 1
650 654 1
654 738 1
654 783 1
654 979 1
654 828 1
654 682 1
654 991 4
656 920 1
657 828 1
658 731 1
658 838 1
660 769 4
663 950 1
671 769 1
671 738 1
671 692 2
671 764 1
674 803 5
679 844 1
679 684 1
680 720 1
680 731 3
682 828 1
682 783 1
684 704 2
684 746 1
684 844 6
684 918 1
687 923 1
687 742 2
692 742 5
692 746 15
692 775 2
697 855 2
697 925 2
698 840 1
698 873 1
698 764 1
700 849 1
700 812 2
700 761 1
702 828 1
707 880 1
707 923 2
711 843 2
711 718 2
715 926 1
716 724 2
716 718 2
718 866 2
718 754 3
718 724 2
718 980 1
718 883 1
719 828 1
724 796 2
730 912 3
731 809 1
738 996 1
738 745 1
738 761 3
738 783 1
738 1001 1
738 951 1
738 921 2
738 923 7
738 828 1
738 979 1
739 915 1
742 951 1
745 828 2
746 935 19
746 775 1
748 926 4
752 850 1
758 844 3
758 956 1
758 918 1
761 828 1
761 790 2
762 800 1
762 908 1
764 987 3
765 908 6
772 923 2
774 947 18
783 923 1
783 828 1
789 987 3
790 812 9
800 803 1
800 931 1
809 987 3
809 951 1
828 921 1
828 923 1
828 924 1
828 945 1
828 837 1
828 850 1
828 979 1
828 996 1
828 1001 1
828 881 1
835 987 1
840 987 3
841 920 4
843 907 2
843 883 2
844 956 2
849 987 3
850 881 2
854 927 1
857 915 1
858 891 2
872 987 4
873 987 3
875 923 2
880 923 2
890 923 2
891 920 1
908 936 1
921 923 1
923 951 2
933 966 2
955 987 3
969 977 1
977 996 3
977 1004 3
977 1001 6
987 994 3
