0
1
2
3
4
5
6
7
8
9
10
11
12
13
14
15
16
17
18
19
20
21
22
23
24
25
26
27
28
29
30
31
32
33
34
35
36
37
38
39
40
41
42
43
44
45
46
47
48
49
50
51
52
53
54
55
56
57
58
59
60
61
62
63
64
65
66
67
68
69
70
71
72
73
74
75
76
77
78
79
80
81
82
83
84
85
86
87
88
89
90
91
92
93
94
95
96
97
98
99
100
101
102
103
104
105
106
107
108
109
110
111
112
113
114
115
116
117
118
119
120
121
122
123
124
125
126
127
128
129
130
131
132
133
134
135
136
137
138
139
141
142
143
144
145
146
147
148
149
150
151
152
153
154
155
157
158
159
160
161
162
163
164
165
166
167
168
169
170
171
172
173
174
175
176
177
178
179
180
181
182
183
184
185
186
187
188
189
190
191
192
193
194
195
196
197
198
199
200
201
202
203
204
205
206
207
208
209
210
211
212
213
214
215
216
217
218
219
220
221
222
223
224
225
226
227
228
229
230
231
232
233
235
236
237
238
239
240
241
242
243
244
245
246
247
248
249
250
251
252
253
254
255
256
257
259
260
262
263
264
265
266
267
268
269
270
271
272
273
274
275
276
277
278
279
280
281
282
283
284
285
286
287
288
289
290
291
292
293
294
295
296
297
299
300
301
302
303
304
305
306
307
308
309
310
311
312
313
314
315
316
317
318
319
320
321
322
323
324
325
326
327
328
329
330
331
332
333
334
335
336
337
338
339
340
341
343
344
345
346
347
348
349
350
351
352
353
355
356
357
358
359
360
361
362
364
365
366
367
368
369
370
371
372
373
374
375
376
377
378
379
380
381
382
383
384
385
386
387
388
389
390
391
392
393
394
395
396
397
398
399
400
401
402
403
404
405
406
407
408
409
410
411
412
413
414
415
416
418
419
420
421
422
423
424
425
426
427
428
429
430
431
432
433
434
435
436
437
438
439
440
441
442
443
444
445
446
447
448
449
450
451
452
453
454
455
456
457
458
459
460
461
462
464
465
466
467
468
469
470
471
472
473
474
475
476
477
478
479
480
481
482
483
484
485
486
487
488
489
490
491
492
493
495
496
497
498
499
500
501
502
503
504
505
506
507
508
509
510
511
512
513
514
515
516
517
518
519
520
521
522
523
524
525
526
527
528
530
531
532
533
534
535
536
537
538
539
540
541
542
543
544
545
546
547
548
549
550
551
552
553
554
556
557
558
559
560
561
562
563
564
565
566
567
568
569
570
571
572
573
574
575
576
577
578
579
580
581
582
583
584
585
586
587
588
589
590
591
592
593
594
595
596
597
598
599
600
601
602
603
604
605
606
607
609
610
611
612
613
614
615
616
617
618
619
621
622
623
624
625
626
627
628
629
630
631
632
633
634
635
636
637
638
639
640
641
642
643
644
645
646
647
648
649
650
651
652
653
654
655
656
657
658
659
660
661
662
663
664
665
666
667
668
669
670
671
672
673
674
675
676
677
678
679
680
681
682
683
684
685
686
687
688
689
690
691
692
693
694
695
696
697
698
699
700
701
702
703
704
705
706
707
708
709
710
711
712
713
714
715
716
717
718
719
720
721
722
723
724
725
726
727
728
729
730
731
732
733
734
735
736
737
738
739
740
741
742
743
744
745
746
747
748
749
750
751
752
753
754
756
757
758
759
760
761
762
763
764
765
767
768
769
770
771
772
773
774
775
776
777
778
779
780
781
782
783
784
785
786
787
788
789
790
791
792
793
794
795
796
797
798
799
800
801
802
803
804
805
806
807
808
809
810
811
812
813
814
815
816
817
818
819
820
821
822
823
824
825
826
827
828
829
830
831
832
833
834
835
836
837
838
839
840
841
842
843
844
845
846
847
848
849
850
851
852
853
854
855
856
857
858
859
860
861
862
863
864
865
866
867
868
869
870
871
872
873
874
875
876
877
878
879
880
881
882
883
884
885
886
887
888
889
890
891
892
893
894
895
896
897
898
899
900
901
902
903
904
905
906
907
908
909
910
911
912
913
914
915
916
917
918
919
920
921
922
923
924
925
926
927
928
929
930
931
932
933
934
935
936
937
938
939
940
941
942
943
944
945
946
947
948
949
950
951
952
953
954
955
956
957
958
960
961
962
963
964
965
966
967
968
969
970
971
972
973
974
975
976
977
978
979
980
981
982
983
984
985
986
987
988
989
990
991
992
993
994
995
996
997
998
999
1000
1001
1002
1003
1004
0 333 1
0 178 3
0 693 1
0 249 2
0 732 2
0 605 1
2 680 2
2 812 1
2 77 1
2 334 2
2 749 1
2 272 3
2 178 2
2 469 4
2 790 6
2 569 1
2 526 7
2 126 2
5 107 1
5 506 1
5 491 1
5 724 1
5 175 1
6 506 1
6 178 2
6 693 1
6 333 3
8 739 1
12 870 2
13 682 2
13 516 1
13 693 2
13 837 2
14 410 1
14 506 1
14 199 1
15 731 1
16 377 3
16 410 1
16 457 2
17 857 2
17 428 2
17 316 1
19 127 2
24 160 2
24 530 1
24 629 9
24 647 1
25 48 1
25 704 2
25 90 1
28 987 5
29 808 2
29 506 1
29 381 1
30 313 4
30 765 3
31 316 1
31 428 1
31 165 7
31 847 1
32 433 2
32 693 2
32 718 1
32 127 1
35 978 1
35 858 1
35 469 1
38 832 2
40 450 2
40 75 1
40 572 1
42 402 1
42 612 1
46 676 1
48 704 3
48 672 1
48 458 1
48 684 3
48 558 2
48 499 1
48 216 1
48 956 1
48 319 1
52 168 7
52 472 2
52 356 2
53 193 3
53 987 1
53 159 1
53 147 1
53 343 1
53 923 10
53 927 1
56 641 1
56 482 2
56 987 5
56 269 1
56 410 1
61 450 7
61 293 2
61 388 1
61 502 1
61 356 5
61 522 1
61 718 3
61 591 1
61 176 4
61 915 1
61 534 1
61 457 1
61 633 6
61 851 3
61 517 1
62 571 4
62 542 2
62 646 4
62 159 1
64 534 1
65 923 3
65 687 2
67 963 5
67 165 3
67 846 4
67 207 4
67 561 6
67 344 4
68 987 5
74 416 2
74 356 3
74 166 4
74 168 1
74 586 2
74 912 1
74 759 1
75 91 1
75 772 3
75 901 1
75 107 1
75 940 1
75 987 1
75 629 1
75 248 2
75 850 4
75 499 1
75 692 8
75 147 1
75 120 1
75 607 2
75 127 1
75 220 2
75 190 1
75 927 1
77 168 6
77 472 4
77 260 9
78 178 3
78 422 3
78 702 4
83 771 1
84 97 1
86 443 5
90 832 1
90 898 1
90 516 1
90 135 2
90 142 1
90 900 1
90 414 1
90 927 2
90 416 1
90 558 1
90 371 1
90 704 3
90 201 1
90 460 1
90 720 1
90 850 1
90 216 1
90 612 1
90 356 1
90 997 1
90 742 10
90 107 2
90 499 2
90 764 6
90 765 2
91 609 1
91 933 2
91 950 1
91 347 1
91 189 1
91 607 1
92 658 1
92 316 1
95 987 5
98 449 1
98 707 13
98 454 6
98 134 10
98 713 13
98 107 13
98 268 11
98 429 7
98 592 16
98 401 9
98 850 1
98 291 6
98 117 10
98 278 2
101 377 1
101 457 2
101 246 2
101 423 1
102 139 1
103 423 1
104 648 1
104 523 2
104 765 2
105 742 1
105 374 7
106 322 1
106 229 1
107 643 2
107 201 1
107 810 1
107 464 1
107 381 1
111 586 1
112 267 1
112 517 1
112 159 1
113 927 1
113 542 1
113 535 1
114 718 1
117 268 1
119 700 1
120 546 1
120 772 6
120 870 1
120 586 1
120 334 2
120 500 2
120 923 1
120 927 1
122 980 1
122 693 1
122 718 1
125 139 1
125 676 1
125 939 1
126 416 3
126 356 3
126 362 1
126 908 1
126 765 3
126 313 2
126 250 1
126 586 3
127 866 2
127 907 1
127 293 1
127 934 1
127 777 1
127 718 1
127 916 1
127 246 1
127 861 2
133 168 2
134 592 4
134 850 1
134 291 1
134 454 1
135 450 2
135 772 1
135 581 6
135 170 1
135 942 5
135 334 3
135 292 1
135 549 4
136 200 1
136 857 1
136 428 1
136 316 1
136 207 2
137 581 3
139 324 1
139 487 1
139 939 1
139 524 1
139 206 1
139 174 1
139 534 1
139 154 1
139 477 1
139 510 1
141 188 1
142 647 1
142 316 1
142 165 1
142 847 1
143 422 2
146 326 1
147 577 2
147 715 1
147 196 2
147 230 2
147 454 3
147 257 1
147 232 5
147 590 1
147 157 1
147 277 7
147 214 1
147 607 12
147 926 1
147 415 2
149 716 2
151 253 1
152 443 5
153 977 1
157 577 1
157 740 1
158 506 1
159 704 2
159 738 6
159 742 1
159 617 1
159 810 6
159 334 2
159 178 1
159 214 2
159 951 2
159 923 6
160 838 6
160 200 1
160 428 1
160 658 5
160 530 1
160 629 3
160 214 2
160 571 6
161 571 1
165 207 1
165 401 12
165 857 2
165 316 5
165 990 1
166 586 3
166 759 1
167 547 1
167 630 3
167 988 1
167 920 1
167 978 4
167 851 1
167 469 1
167 502 1
167 280 1
167 188 1
168 416 1
168 356 12
168 232 4
168 266 1
168 557 2
168 782 4
168 912 15
168 472 3
168 586 1
168 984 2
168 260 7
168 575 1
168 607 2
169 688 1
170 697 4
170 855 1
170 692 1
170 405 1
171 347 1
171 700 1
171 933 2
175 849 4
175 275 1
175 737 3
178 409 1
178 538 2
178 693 2
178 991 2
178 710 1
178 333 2
178 976 1
178 470 1
178 599 1
178 605 1
178 862 2
178 607 1
178 482 1
178 228 1
178 502 12
178 249 2
178 767 1
180 958 2
181 190 5
184 883 1
185 833 1
185 762 1
185 769 1
188 978 1
188 851 3
188 469 2
188 607 5
189 293 1
189 362 1
189 718 2
189 239 2
189 595 1
189 462 4
189 410 4
189 506 1
189 607 4
190 353 5
190 614 2
190 656 4
190 274 5
190 373 5
190 920 4
191 416 1
191 772 1
191 752 1
191 850 1
191 415 5
191 927 2
193 416 2
193 963 2
193 230 1
193 617 1
193 940 1
193 784 1
193 771 1
193 923 3
193 671 2
193 927 1
194 306 2
196 850 1
196 454 1
196 731 1
196 927 1
197 850 1
197 923 3
199 644 1
199 837 1
199 996 2
199 506 8
199 924 1
199 541 1
200 971 2
200 630 1
200 952 4
200 316 1
200 543 1
201 911 1
207 647 1
207 424 1
207 847 1
207 656 1
207 469 1
207 795 2
208 506 1
208 1004 2
209 356 8
209 765 2
214 923 2
214 746 3
214 272 3
214 629 2
214 278 1
214 891 3
216 319 1
220 334 3
220 415 1
223 322 1
223 462 2
226 506 1
228 693 1
228 605 2
228 333 1
229 568 1
229 241 1
229 607 1
231 994 2
231 245 6
231 698 2
231 987 5
231 540 1
231 607 4
232 782 2
232 575 1
233 245 1
235 890 1
236 537 1
239 609 1
239 742 2
239 692 1
239 891 2
239 703 1
241 302 1
241 469 1
243 916 1
245 994 1
245 700 1
245 764 4
245 264 2
245 546 1
245 624 1
245 329 1
245 698 2
245 987 5
245 540 3
246 457 2
246 718 1
246 423 3
248 506 2
248 334 1
248 687 1
249 333 3
249 693 1
249 409 4
249 506 1
249 605 2
250 886 1
250 927 2
251 506 1
251 987 5
253 290 1
253 566 2
256 416 3
256 356 2
260 266 1
260 912 3
260 472 5
260 762 4
260 575 1
263 369 1
267 416 2
267 674 1
267 517 2
267 838 2
267 392 2
267 586 15
267 435 3
267 629 10
267 891 3
268 291 2
268 454 2
268 713 2
268 592 2
268 633 1
272 550 1
272 450 1
272 546 3
272 568 2
273 951 3
274 280 1
274 851 1
274 847 1
277 546 1
277 571 3
278 454 1
278 617 1
278 462 2
278 687 2
278 923 2
280 658 1
280 629 4
280 920 1
280 281 2
281 546 1
281 718 2
284 680 1
284 731 2
285 571 3
291 454 1
291 429 1
291 401 3
291 850 1
293 546 1
293 718 1
293 693 1
294 416 4
294 586 3
294 447 4
299 388 1
301 469 1
302 428 1
302 316 1
306 771 7
306 659 1
306 450 6
306 742 10
310 586 1
311 697 1
311 987 5
313 648 1
313 416 1
313 765 1
316 647 3
316 392 1
316 915 1
316 415 2
316 428 3
316 952 1
316 953 1
316 543 1
316 971 1
316 344 1
316 857 1
316 990 1
316 607 2
316 483 2
318 499 1
318 332 2
319 458 1
319 956 1
319 386 1
321 618 1
321 499 1
322 740 1
322 334 2
322 879 4
322 343 1
324 612 1
325 718 1
327 381 9
329 540 1
329 660 2
332 435 3
332 500 2
333 470 1
333 710 1
333 599 2
333 569 1
333 693 1
333 502 2
333 409 1
333 538 1
333 605 4
333 862 1
333 767 1
334 776 1
334 462 2
334 687 1
334 534 1
334 607 5
334 671 3
335 537 1
335 532 2
335 670 2
335 687 1
338 994 1
338 987 5
341 942 5
343 592 1
343 534 1
343 663 3
343 853 2
344 971 2
347 577 1
347 933 8
352 712 2
353 891 10
356 912 16
356 602 3
356 542 6
356 927 1
356 416 5
356 517 2
356 687 2
356 586 16
356 718 2
356 591 1
356 472 23
356 607 4
356 868 1
356 743 7
356 500 1
356 502 1
356 765 5
360 629 3
361 987 5
362 528 1
362 371 1
364 754 1
364 987 5
364 506 1
369 535 1
369 423 2
369 927 1
377 423 2
377 457 4
377 630 1
377 729 2
377 506 3
378 514 1
379 568 4
381 506 1
383 528 1
383 720 3
383 589 1
383 597 1
394 571 6
398 450 1
401 454 5
401 429 9
401 415 9
402 788 2
410 719 1
410 663 3
413 746 3
413 927 2
413 935 10
414 506 4
415 812 1
415 617 1
415 587 1
415 940 1
416 765 1
416 912 2
416 573 2
416 500 1
416 586 10
416 542 1
416 927 3
418 977 12
418 996 9
421 424 1
421 795 1
421 469 1
422 680 3
422 731 1
423 977 7
424 469 1
424 795 3
424 990 1
428 647 1
428 915 1
428 857 2
428 990 3
429 925 1
429 454 4
432 987 5
433 641 1
433 482 1
433 987 5
435 500 4
435 586 5
435 782 3
442 506 1
443 835 1
443 662 3
444 927 2
445 891 2
450 742 10
450 692 4
450 571 5
454 772 4
454 592 3
454 850 1
457 843 3
457 724 1
458 684 1
462 591 2
462 742 1
462 617 2
462 586 3
462 687 2
462 692 2
462 535 2
462 607 3
462 923 2
466 802 1
469 547 1
469 817 1
469 978 1
469 954 1
469 795 1
469 957 1
470 693 2
470 605 1
472 743 1
472 782 10
472 912 9
472 575 2
482 987 5
482 531 1
485 927 2
488 568 1
491 702 2
493 629 4
493 630 6
495 568 2
495 862 1
497 977 12
499 704 1
499 679 1
499 844 1
499 684 1
499 565 1
499 918 1
499 607 1
500 550 2
500 586 9
500 692 1
500 535 1
502 519 1
502 718 2
502 605 1
502 851 1
502 724 1
502 693 2
502 538 5
502 607 3
506 643 1
506 644 1
506 775 2
506 1004 1
506 783 3
506 657 1
506 921 3
506 796 1
506 670 3
506 808 1
506 924 1
506 541 2
506 837 2
506 605 1
506 996 3
506 1001 2
506 881 1
509 514 1
510 534 2
511 987 5
513 927 1
513 823 1
514 603 2
514 780 1
515 912 1
516 837 3
516 783 1
516 881 3
516 532 1
516 761 3
517 542 1
526 629 5
528 995 1
528 589 1
528 687 1
528 923 3
530 891 1
530 629 2
531 641 1
531 890 1
531 987 5
535 823 2
535 927 1
538 693 1
540 994 2
540 987 9
540 774 2
540 855 1
540 697 1
540 698 2
540 955 2
541 977 3
541 682 3
541 783 1
542 546 1
542 646 1
542 586 8
542 823 1
542 571 1
542 927 3
546 738 3
546 772 1
546 550 2
546 873 1
546 590 1
546 784 1
546 850 1
546 563 2
546 629 3
547 978 4
547 988 1
549 607 2
550 812 1
551 823 1
551 927 1
553 687 1
561 629 3
561 846 4
565 704 1
565 684 1
565 679 1
566 713 2
568 947 3
568 662 3
568 695 1
569 693 2
571 900 10
571 742 6
571 870 3
571 935 2
571 776 6
571 684 4
571 910 2
571 663 2
571 731 1
571 885 2
573 617 1
573 586 7
575 782 4
576 682 1
581 720 1
582 987 5
582 764 1
584 731 2
585 980 1
586 912 1
586 687 1
586 591 1
586 984 1
586 868 4
586 762 3
587 720 2
591 746 1
591 718 1
591 607 1
592 713 7
592 927 6
595 754 1
595 772 1
595 718 1
599 693 2
602 765 1
602 743 1
603 634 1
605 710 1
605 693 2
605 862 1
607 923 1
607 927 2
607 692 2
607 617 1
607 1001 5
609 772 5
609 1003 1
609 707 1
609 633 1
609 923 1
609 996 2
609 927 1
612 633 1
614 978 1
617 833 1
617 923 1
617 720 1
618 684 1
622 676 2
624 873 2
629 772 2
629 658 3
629 685 3
629 846 3
629 630 4
629 631 3
629 891 21
630 656 2
630 920 4
630 952 1
630 891 2
633 920 1
633 772 2
634 832 2
634 788 1
641 987 5
646 823 1
646 927 1
647 915 1
648 765 3
650 682 6
650 738 5
650 783 4
654 738 3
654 783 1
654 991 1
656 920 2
658 847 2
660 771 4
670 808 1
671 692 1
671 687 1
680 720 1
682 738 6
682 837 1
682 783 3
682 881 1
682 719 1
685 1001 1
685 724 1
685 838 3
686 927 1
687 776 1
687 923 3
688 702 1
692 742 1
692 746 5
693 710 1
693 862 1
697 925 1
697 855 5
698 840 2
698 873 2
698 764 2
700 812 3
700 790 2
702 977 1
703 771 2
707 880 2
711 907 1
716 883 1
716 724 1
716 718 4
718 904 1
718 754 4
718 724 1
718 883 1
718 980 2
719 745 1
719 837 7
720 936 2
720 731 1
722 927 3
738 783 1
738 850 3
738 921 1
738 923 1
740 788 3
740 879 1
742 900 6
743 765 1
746 935 8
752 850 1
758 844 2
761 881 2
764 994 9
764 987 7
765 908 1
765 868 1
770 927 1
772 833 1
772 927 1
772 809 3
772 951 3
772 890 1
772 923 1
773 955 1
774 947 23
779 843 2
783 850 2
789 987 5
790 812 1
794 854 1
795 847 2
809 987 8
817 978 2
823 927 2
838 857 1
840 987 5
849 987 5
850 890 1
851 978 7
854 927 2
858 891 1
858 991 1
872 987 5
873 987 5
915 952 1
921 923 1
924 996 1
925 955 1
933 966 1
955 987 6
969 1004 2
977 996 1
977 1001 6
977 1004 6
978 988 3
987 994 5
