0
1
2
3
4
5
6
7
8
9
10
11
12
13
14
15
16
17
18
19
20
21
22
23
24
25
26
27
28
29
30
31
32
33
34
35
36
37
38
39
40
41
42
43
44
45
46
47
48
49
50
51
52
53
54
55
56
57
58
59
60
61
62
63
64
65
66
67
68
69
70
71
72
73
74
75
76
77
78
79
80
81
82
83
84
85
86
87
88
89
90
91
92
93
94
95
96
97
98
99
100
101
102
103
104
105
106
107
108
109
110
111
112
113
114
115
116
117
118
119
120
121
122
123
124
125
126
127
128
129
130
131
132
133
134
135
136
137
138
139
141
142
143
144
145
146
147
148
149
150
151
152
153
154
155
157
158
159
160
161
162
163
164
165
166
167
168
169
170
171
172
173
174
175
176
177
178
179
180
181
182
183
184
185
186
187
188
189
190
191
192
193
194
195
196
197
198
199
200
201
202
203
204
205
206
207
208
209
210
211
212
213
214
215
216
217
218
219
220
221
222
223
224
225
226
227
228
229
230
231
232
233
235
236
237
238
239
240
241
242
243
244
245
246
247
248
249
250
251
252
253
254
255
256
257
259
260
262
263
264
265
266
267
268
269
270
271
272
273
274
275
276
277
278
279
280
281
282
283
284
285
286
287
288
289
290
291
292
293
294
295
296
297
299
300
301
302
303
304
305
306
307
308
309
310
311
312
313
314
315
316
317
318
319
320
321
322
323
324
325
326
327
328
329
330
331
332
333
334
335
336
337
338
339
340
341
343
344
345
346
347
348
349
350
351
352
353
355
356
357
358
359
360
361
362
364
365
366
367
368
369
370
371
372
373
374
375
376
377
378
379
380
381
382
383
384
385
386
387
388
389
390
391
392
393
394
395
396
397
398
399
400
401
402
403
404
405
406
407
408
409
410
411
412
413
414
415
416
418
419
420
421
422
423
424
425
426
427
428
429
430
431
432
433
434
435
436
437
438
439
440
441
442
443
444
445
446
447
448
449
450
451
452
453
454
455
456
457
458
459
460
461
462
464
465
466
467
468
469
470
471
472
473
474
475
476
477
478
479
480
481
482
483
484
485
486
487
488
489
490
491
492
493
495
496
497
498
499
500
501
502
503
504
505
506
507
508
509
510
511
512
513
514
515
516
517
518
519
520
521
522
523
524
525
526
527
528
530
531
532
533
534
535
536
537
538
539
540
541
542
543
544
545
546
547
548
549
550
551
552
553
554
556
557
558
559
560
561
562
563
564
565
566
567
568
569
570
571
572
573
574
575
576
577
578
579
580
581
582
583
584
585
586
587
588
589
590
591
592
593
594
595
596
597
598
599
600
601
602
603
604
605
606
607
609
610
611
612
613
614
615
616
617
618
619
621
622
623
624
625
626
627
628
629
630
631
632
633
634
635
636
637
638
639
640
641
642
643
644
645
646
647
648
649
650
651
652
653
654
655
656
657
658
659
660
661
662
663
664
665
666
667
668
669
670
671
672
673
674
675
676
677
678
679
680
681
682
683
684
685
686
687
688
689
690
691
692
693
694
695
696
697
698
699
700
701
702
703
704
705
706
707
708
709
710
711
712
713
714
715
716
717
718
719
720
721
722
723
724
725
726
727
728
729
730
731
732
733
734
735
736
737
738
739
740
741
742
743
744
745
746
747
748
749
750
751
752
753
754
756
757
758
759
760
761
762
763
764
765
767
768
769
770
771
772
773
774
775
776
777
778
779
780
781
782
783
784
785
786
787
788
789
790
791
792
793
794
795
796
797
798
799
800
801
802
803
804
805
806
807
808
809
810
811
812
813
814
815
816
817
818
819
820
821
822
823
824
825
826
827
828
829
830
831
832
833
834
835
836
837
838
839
840
841
842
843
844
845
846
847
848
849
850
851
852
853
854
855
856
857
858
859
860
861
862
863
864
865
866
867
868
869
870
871
872
873
874
875
876
877
878
879
880
881
882
883
884
885
886
887
888
889
890
891
892
893
894
895
896
897
898
899
900
901
902
903
904
905
906
907
908
909
910
911
912
913
914
915
916
917
918
919
920
921
922
923
924
925
926
927
928
929
930
931
932
933
934
935
936
937
938
939
940
941
942
943
944
945
946
947
948
949
950
951
952
953
954
955
956
957
958
960
961
962
963
964
965
966
967
968
969
970
971
972
973
974
975
976
977
978
979
980
981
982
983
984
985
986
987
988
989
990
991
992
993
994
995
996
997
998
999
1000
1001
1002
1003
1004
0 732 1
1 337 2
2 231 2
2 908 1
2 365 1
2 790 1
2 700 1
2 638 1
4 304 2
4 90 1
4 371 1
5 107 1
5 670 1
5 599 1
6 249 1
6 670 1
6 767 1
13 738 1
14 738 1
14 644 1
14 189 1
14 702 17
15 680 4
15 731 1
15 159 2
16 293 1
17 990 1
24 280 1
24 160 1
24 656 1
24 629 11
28 987 1
29 506 2
30 256 1
30 868 1
30 168 2
30 648 1
30 104 1
30 313 1
30 356 2
31 316 1
31 990 2
31 838 1
32 772 1
32 197 1
32 862 1
35 469 1
38 832 4
40 772 1
41 458 1
42 337 3
46 612 1
46 622 6
48 684 1
52 168 1
53 193 1
53 923 1
56 987 2
56 772 1
58 586 1
61 866 1
61 550 2
61 843 1
61 754 1
61 718 2
61 595 1
61 243 2
61 692 2
61 724 1
61 883 1
61 189 1
61 127 1
62 646 2
62 542 3
67 344 1
67 561 1
67 963 3
67 846 1
67 207 2
68 987 1
68 189 1
72 135 1
73 499 1
77 912 1
77 260 3
83 784 1
83 807 1
86 443 1
90 551 1
90 718 1
90 912 1
90 178 2
90 692 1
90 927 1
90 191 1
90 124 1
90 767 1
92 990 1
92 207 1
95 987 1
95 772 1
96 832 2
96 132 1
96 634 1
96 299 1
96 388 3
96 346 1
96 509 1
96 638 1
97 337 1
98 713 2
98 429 2
103 423 3
104 313 1
105 233 2
105 418 3
107 464 2
107 553 3
111 794 1
112 267 1
112 166 2
113 927 1
118 732 4
119 700 2
120 586 1
122 915 1
122 428 1
122 693 2
122 165 1
125 603 1
125 622 7
126 232 1
126 356 3
127 377 1
127 866 3
127 772 1
127 718 1
133 168 1
133 602 1
133 765 1
134 316 1
135 161 3
135 772 2
135 581 10
135 936 9
135 942 8
135 692 2
135 628 2
136 200 1
136 915 1
136 428 1
136 990 1
137 742 1
141 188 1
142 267 1
142 428 1
142 990 1
142 647 1
147 416 1
147 577 2
147 454 1
147 833 1
147 277 1
147 214 1
147 159 1
152 362 1
157 577 1
159 544 1
159 739 1
159 742 2
159 334 3
159 787 2
159 324 2
160 530 1
160 586 1
160 658 1
161 272 2
161 994 2
161 835 2
161 900 2
161 581 2
161 540 2
161 586 1
161 784 2
161 338 2
161 662 2
161 443 2
161 572 2
161 863 2
165 401 2
165 586 1
165 990 3
166 586 3
166 759 1
166 565 1
166 743 3
167 547 1
167 469 2
168 416 2
168 356 7
168 232 6
168 362 1
168 557 2
168 782 4
168 912 7
168 949 3
168 472 6
168 260 3
168 575 1
168 607 1
170 697 4
171 577 1
171 347 2
173 738 1
175 423 2
178 607 1
178 231 1
178 693 1
178 767 3
178 605 6
178 565 1
180 958 1
181 537 1
181 724 2
185 248 2
185 762 1
185 684 1
185 605 1
185 502 1
187 337 1
187 450 1
187 596 2
188 978 1
188 469 1
189 506 1
189 969 2
189 716 1
189 718 3
189 883 1
189 724 1
189 410 1
189 605 1
189 670 1
191 332 1
191 692 1
191 927 1
193 633 1
194 951 1
196 429 3
199 772 1
199 506 1
199 924 2
199 644 5
199 738 1
200 952 3
200 915 2
200 990 1
207 795 3
207 469 1
209 356 6
214 935 1
214 233 2
214 746 1
214 334 1
214 531 1
214 923 2
217 899 2
220 772 3
228 605 1
228 502 2
229 607 3
230 577 2
231 264 4
231 840 1
231 502 3
231 987 1
232 472 1
232 966 1
233 772 1
236 1004 1
238 899 2
239 528 1
239 324 1
239 596 1
239 951 1
241 469 1
245 987 1
245 772 1
246 724 2
246 423 1
250 927 1
251 987 1
256 416 3
256 313 1
256 356 4
260 416 2
260 912 2
264 586 1
264 454 1
266 416 1
270 738 1
277 577 1
278 776 1
280 629 1
280 614 1
280 631 1
285 577 1
291 429 2
293 866 1
293 716 1
294 416 1
294 586 1
301 795 1
301 469 1
302 428 1
302 990 1
306 771 1
306 660 1
308 577 1
310 586 1
311 697 1
311 987 1
313 416 2
313 765 1
316 838 1
316 428 2
316 915 1
316 990 1
321 458 1
322 343 1
324 612 1
324 638 2
327 738 1
327 381 2
332 435 2
332 500 2
332 782 7
332 575 3
335 899 2
337 936 3
338 987 1
344 990 1
347 577 1
355 577 1
356 416 3
356 557 1
356 912 2
356 472 3
356 765 5
360 526 1
361 987 1
362 371 1
364 994 1
364 987 1
369 535 1
377 393 1
381 532 1
381 670 1
383 720 1
383 528 1
388 528 1
388 638 2
399 612 1
401 429 2
401 415 4
408 990 1
414 772 1
415 784 1
416 912 2
416 949 1
416 439 1
416 602 1
416 447 11
416 927 2
418 996 7
421 795 3
421 469 1
424 795 3
424 469 1
424 990 1
428 647 1
428 915 2
428 990 1
429 454 1
432 987 1
433 987 1
435 782 1
437 738 1
443 662 1
450 772 1
450 900 2
453 595 1
458 723 1
458 565 1
469 512 1
469 547 1
469 817 1
469 954 1
469 795 1
469 957 1
472 743 1
472 782 15
472 912 1
472 575 3
479 586 1
482 987 1
483 607 1
485 823 2
499 956 1
500 814 3
502 724 2
502 605 2
502 511 1
506 738 1
506 996 1
506 541 1
506 644 2
506 783 1
506 670 2
516 738 1
517 772 1
526 891 1
526 772 1
528 765 2
528 867 1
530 891 3
530 630 5
531 987 2
532 738 1
538 605 1
540 987 1
540 772 1
540 863 1
541 996 1
541 738 1
542 646 1
542 823 1
543 990 1
546 586 1
546 550 1
549 994 3
549 772 1
550 743 1
551 854 2
558 956 1
559 622 8
561 846 1
568 947 1
572 772 1
573 586 3
575 782 6
576 738 1
577 931 1
577 933 1
577 972 1
577 748 2
577 590 1
577 686 1
577 926 1
577 715 2
581 772 1
581 936 5
581 720 1
581 855 1
582 987 1
586 947 1
586 948 1
586 837 1
586 984 1
591 746 1
591 739 1
591 915 1
595 687 2
595 718 3
596 695 1
602 743 2
603 612 1
612 649 1
612 780 1
622 676 7
629 772 1
629 752 1
630 915 4
638 951 2
641 987 1
644 738 1
646 890 1
647 990 1
647 838 1
648 765 1
649 663 1
650 682 4
650 738 2
650 654 2
650 783 1
654 738 3
654 682 3
654 783 3
657 738 1
659 807 1
674 803 1
680 790 1
682 772 1
682 738 3
682 783 2
684 956 1
687 776 1
687 915 1
692 746 4
697 855 1
697 925 1
702 738 1
704 743 1
707 880 1
707 951 1
711 843 1
711 718 2
718 866 2
718 754 1
718 724 4
718 883 1
719 738 1
720 772 1
723 933 2
723 758 2
724 843 1
731 772 1
738 783 1
738 772 1
738 921 1
738 923 2
738 924 1
738 945 1
738 828 1
738 837 1
738 850 1
738 979 1
738 996 1
738 1001 1
738 881 1
738 745 1
738 761 1
740 879 1
742 772 1
742 769 1
746 923 1
746 935 9
758 956 1
758 918 2
762 794 2
762 765 1
764 987 1
770 927 2
772 776 1
772 809 1
772 834 1
772 805 1
772 850 1
772 803 1
772 987 3
772 862 1
772 994 1
772 997 2
772 891 1
774 947 10
774 951 1
780 832 1
783 881 1
789 987 1
795 978 1
809 987 1
832 950 1
838 990 1
840 987 1
844 956 1
849 987 1
854 927 2
857 915 3
857 990 1
862 909 1
872 987 1
873 987 1
915 952 1
915 990 1
921 923 1
952 990 1
953 990 1
955 987 1
971 990 1
987 994 1
