0
1
2
3
4
5
6
7
8
9
10
11
12
13
14
15
16
17
18
19
20
21
22
23
24
25
26
27
28
29
30
31
32
33
34
35
36
37
38
39
40
41
42
43
44
45
46
47
48
49
50
51
52
53
54
55
56
57
58
59
60
61
62
63
64
65
66
67
68
69
70
71
72
73
74
75
76
77
78
79
80
81
82
83
84
85
86
87
88
89
90
91
92
93
94
95
96
97
98
99
100
101
102
103
104
105
106
107
108
109
110
111
112
113
114
115
116
117
118
119
120
121
122
123
124
125
126
127
128
129
130
131
132
133
134
135
136
137
138
139
141
142
143
144
145
146
147
148
149
150
151
152
153
154
155
157
158
159
160
161
162
163
164
165
166
167
168
169
170
171
172
173
174
175
176
177
178
179
180
181
182
183
184
185
186
187
188
189
190
191
192
193
194
195
196
197
198
199
200
201
202
203
204
205
206
207
208
209
210
211
212
213
214
215
216
217
218
219
220
221
222
223
224
225
226
227
228
229
230
231
232
233
235
236
237
238
239
240
241
242
243
244
245
246
247
248
249
250
251
252
253
254
255
256
257
259
260
262
263
264
265
266
267
268
269
270
271
272
273
274
275
276
277
278
279
280
281
282
283
284
285
286
287
288
289
290
291
292
293
294
295
296
297
299
300
301
302
303
304
305
306
307
308
309
310
311
312
313
314
315
316
317
318
319
320
321
322
323
324
325
326
327
328
329
330
331
332
333
334
335
336
337
338
339
340
341
343
344
345
346
347
348
349
350
351
352
353
355
356
357
358
359
360
361
362
364
365
366
367
368
369
370
371
372
373
374
375
376
377
378
379
380
381
382
383
384
385
386
387
388
389
390
391
392
393
394
395
396
397
398
399
400
401
402
403
404
405
406
407
408
409
410
411
412
413
414
415
416
418
419
420
421
422
423
424
425
426
427
428
429
430
431
432
433
434
435
436
437
438
439
440
441
442
443
444
445
446
447
448
449
450
451
452
453
454
455
456
457
458
459
460
461
462
464
465
466
467
468
469
470
471
472
473
474
475
476
477
478
479
480
481
482
483
484
485
486
487
488
489
490
491
492
493
495
496
497
498
499
500
501
502
503
504
505
506
507
508
509
510
511
512
513
514
515
516
517
518
519
520
521
522
523
524
525
526
527
528
530
531
532
533
534
535
536
537
538
539
540
541
542
543
544
545
546
547
548
549
550
551
552
553
554
556
557
558
559
560
561
562
563
564
565
566
567
568
569
570
571
572
573
574
575
576
577
578
579
580
581
582
583
584
585
586
587
588
589
590
591
592
593
594
595
596
597
598
599
600
601
602
603
604
605
606
607
609
610
611
612
613
614
615
616
617
618
619
621
622
623
624
625
626
627
628
629
630
631
632
633
634
635
636
637
638
639
640
641
642
643
644
645
646
647
648
649
650
651
652
653
654
655
656
657
658
659
660
661
662
663
664
665
666
667
668
669
670
671
672
673
674
675
676
677
678
679
680
681
682
683
684
685
686
687
688
689
690
691
692
693
694
695
696
697
698
699
700
701
702
703
704
705
706
707
708
709
710
711
712
713
714
715
716
717
718
719
720
721
722
723
724
725
726
727
728
729
730
731
732
733
734
735
736
737
738
739
740
741
742
743
744
745
746
747
748
749
750
751
752
753
754
756
757
758
759
760
761
762
763
764
765
767
768
769
770
771
772
773
774
775
776
777
778
779
780
781
782
783
784
785
786
787
788
789
790
791
792
793
794
795
796
797
798
799
800
801
802
803
804
805
806
807
808
809
810
811
812
813
814
815
816
817
818
819
820
821
822
823
824
825
826
827
828
829
830
831
832
833
834
835
836
837
838
839
840
841
842
843
844
845
846
847
848
849
850
851
852
853
854
855
856
857
858
859
860
861
862
863
864
865
866
867
868
869
870
871
872
873
874
875
876
877
878
879
880
881
882
883
884
885
886
887
888
889
890
891
892
893
894
895
896
897
898
899
900
901
902
903
904
905
906
907
908
909
910
911
912
913
914
915
916
917
918
919
920
921
922
923
924
925
926
927
928
929
930
931
932
933
934
935
936
937
938
939
940
941
942
943
944
945
946
947
948
949
950
951
952
953
954
955
956
957
958
960
961
962
963
964
965
966
967
968
969
970
971
972
973
974
975
976
977
978
979
980
981
982
983
984
985
986
987
988
989
990
991
992
993
994
995
996
997
998
999
1000
1001
1002
1003
1004
0 569 3
0 732 2
2 700 1
2 38 2
2 790 6
2 167 2
4 585 1
5 553 2
5 275 4
5 605 1
6 569 4
6 249 2
8 731 1
11 617 1
11 334 3
13 738 1
14 90 1
14 738 1
14 719 1
15 680 4
15 731 3
15 422 1
16 541 1
16 333 2
16 719 1
24 530 2
24 891 8
24 629 4
27 147 1
29 808 1
29 90 1
30 256 4
30 356 5
30 581 1
30 166 1
30 936 1
30 648 1
30 472 1
30 104 1
30 602 1
30 168 1
30 765 1
30 126 1
31 915 1
31 165 3
32 840 1
32 920 1
32 718 1
32 591 1
32 977 2
32 530 1
32 851 1
32 502 1
32 280 2
32 569 2
32 731 1
32 915 1
35 978 3
35 469 1
38 890 1
40 450 2
40 196 1
40 272 1
40 214 2
40 569 1
40 90 1
42 323 1
45 66 4
45 227 3
48 193 1
48 956 1
48 684 1
48 558 1
52 126 1
53 416 1
53 209 1
53 290 2
53 443 1
53 159 1
56 482 1
56 987 2
56 719 1
58 769 1
58 338 1
61 450 1
61 840 2
61 718 10
61 854 1
61 377 1
61 607 1
61 991 1
62 542 2
62 646 1
62 927 1
65 416 2
65 193 1
65 742 5
65 586 2
65 338 1
65 90 1
65 542 2
65 927 1
66 227 6
67 963 7
67 207 1
73 499 1
75 772 7
75 607 1
77 260 1
77 168 3
77 912 1
77 369 1
77 439 2
77 104 1
78 569 1
82 870 1
84 324 1
86 152 2
86 443 4
90 523 1
90 742 7
90 201 2
90 107 6
90 205 4
90 464 1
90 104 1
90 850 1
90 692 1
90 334 1
90 695 1
90 168 1
90 220 2
90 381 2
92 658 1
92 915 1
95 769 1
98 449 1
98 707 5
98 454 1
98 134 2
98 713 1
98 107 4
98 268 2
98 429 3
98 592 7
98 401 3
98 291 2
98 117 1
98 278 2
101 246 1
101 423 1
102 477 1
104 765 2
104 742 1
105 616 1
105 418 4
105 364 1
105 582 1
106 1001 1
106 828 1
107 737 1
107 772 1
107 553 2
107 569 1
111 602 1
112 280 1
112 674 1
112 803 2
112 700 1
112 662 1
113 927 1
114 479 1
117 268 1
118 732 1
119 700 1
120 416 3
120 772 4
120 454 1
120 326 3
120 752 1
120 566 1
120 190 2
122 428 5
125 477 1
126 356 1
126 790 1
127 569 1
131 738 1
133 602 1
134 592 5
134 147 2
135 581 1
135 326 1
135 684 1
135 720 2
135 337 4
135 531 1
135 628 4
135 405 1
135 922 1
136 200 4
136 915 1
136 428 1
136 629 1
137 771 6
139 477 1
141 978 2
142 658 2
142 915 5
147 577 1
147 933 1
147 230 1
147 454 3
147 171 1
147 972 1
147 590 1
147 308 1
147 277 1
147 347 1
147 285 1
147 926 1
147 686 1
149 275 2
150 415 2
151 706 1
151 253 1
151 278 1
153 977 17
154 477 1
157 586 1
157 542 2
158 414 1
158 775 1
159 290 3
159 551 2
160 920 2
160 530 1
160 629 4
164 322 1
164 420 2
164 548 1
164 368 1
164 740 1
164 879 2
164 223 1
165 401 2
167 978 2
167 851 1
167 469 2
167 630 3
167 607 3
168 868 5
168 260 3
168 232 2
168 557 1
168 912 9
168 984 1
168 885 1
168 790 4
168 472 2
168 356 11
168 575 3
171 285 1
171 590 1
171 951 4
173 738 1
174 477 1
175 849 4
175 275 2
175 670 1
175 423 1
184 779 1
184 686 1
184 423 1
185 586 2
185 462 2
188 978 2
188 851 1
188 469 1
189 718 2
190 920 1
190 656 1
190 274 1
190 353 1
193 230 1
193 305 1
193 500 2
193 633 2
193 443 1
197 738 1
199 738 1
200 344 1
200 915 2
200 952 1
201 643 1
205 528 4
206 477 1
207 428 2
207 558 1
207 978 2
207 302 1
207 469 2
208 1004 1
214 578 1
214 707 1
214 290 5
214 306 1
214 763 1
214 220 1
214 765 5
216 321 2
216 956 1
223 322 1
228 569 3
229 568 1
229 659 1
229 319 1
230 633 1
231 698 1
231 910 1
233 835 3
236 537 2
239 660 2
239 951 2
241 469 1
241 630 2
245 698 1
246 377 1
246 724 2
246 423 2
249 569 4
250 332 1
250 662 1
250 886 1
250 927 1
253 290 1
253 566 1
256 416 1
256 356 2
257 881 1
260 912 1
260 356 1
264 454 1
267 552 1
267 586 1
267 722 1
267 838 1
268 291 1
268 454 1
268 713 1
268 592 1
268 633 1
270 921 1
270 738 1
272 379 2
272 450 1
272 835 1
272 900 1
274 920 2
275 849 1
275 327 1
280 526 1
280 915 1
280 629 4
280 700 29
281 497 1
281 491 1
284 680 1
284 731 1
290 614 1
290 305 1
290 629 1
292 769 2
293 724 1
294 984 1
294 817 2
294 586 1
294 885 1
295 569 3
299 337 1
301 978 2
301 547 2
302 428 1
303 950 1
303 663 1
305 416 2
305 765 1
306 784 1
306 771 2
306 659 2
306 742 3
308 673 1
310 322 3
311 697 1
311 540 3
316 915 1
318 840 1
319 1002 1
322 534 1
322 343 3
322 591 1
322 752 1
322 853 3
322 663 3
322 477 1
323 402 1
323 510 1
324 388 1
324 591 2
324 534 2
324 477 1
324 638 1
326 334 1
327 738 1
327 381 1
333 569 3
334 586 2
334 534 1
334 607 2
335 532 1
337 740 1
337 870 1
337 649 4
337 780 1
337 822 1
337 505 2
337 509 6
338 692 1
338 633 1
338 951 1
339 569 1
343 663 2
344 952 1
347 966 1
353 891 6
356 868 2
356 743 8
356 586 7
356 684 1
356 912 8
356 502 2
356 472 4
356 569 3
356 602 3
360 629 5
362 980 1
362 526 1
362 383 2
364 482 1
369 535 1
369 927 1
369 951 1
372 595 1
372 415 2
377 866 1
377 630 2
377 423 1
377 457 2
377 605 1
379 568 1
383 499 1
383 526 2
388 638 1
388 951 1
393 883 1
395 514 1
397 671 1
397 975 1
401 429 5
401 454 1
401 415 2
409 569 3
410 719 1
415 569 1
415 630 1
416 868 2
416 454 4
416 586 1
416 772 1
416 573 1
416 927 1
418 977 8
421 978 2
421 469 1
422 731 1
423 866 2
423 710 1
423 977 15
424 978 2
424 795 1
424 469 1
428 915 2
428 630 2
428 857 2
429 454 2
435 586 1
435 782 2
437 738 1
440 737 2
443 662 2
443 743 1
443 602 1
443 765 1
443 703 2
444 722 1
444 927 1
444 535 2
447 984 2
447 586 3
447 868 1
447 573 1
448 782 1
450 802 2
450 900 1
450 742 1
450 462 1
450 947 1
450 596 1
450 662 1
450 695 1
450 568 1
454 772 1
454 592 3
458 558 1
462 833 2
464 980 1
465 700 1
469 547 1
469 851 1
469 817 1
469 978 3
469 954 1
469 795 1
470 569 3
470 789 1
472 575 4
472 743 2
477 939 1
477 524 1
477 534 1
477 510 1
482 569 3
482 531 1
485 542 1
485 927 1
493 629 4
495 568 1
495 862 1
497 977 1
499 684 1
500 586 1
502 776 1
502 599 3
502 569 7
502 538 2
506 1001 1
506 738 1
506 921 1
508 738 1
509 788 1
510 534 1
512 978 1
513 927 1
516 761 1
516 738 2
526 629 4
530 891 3
530 629 7
531 769 1
531 987 2
532 738 1
532 670 1
534 591 1
534 663 3
535 927 1
538 569 3
538 693 1
540 736 4
540 987 1
540 840 14
540 873 2
540 855 1
540 697 2
540 698 2
540 955 5
540 925 3
541 657 2
541 738 3
542 646 2
542 927 1
547 978 3
547 851 1
551 927 1
552 978 3
558 956 1
561 629 4
561 846 4
566 772 1
569 693 3
569 710 3
569 976 3
569 978 1
569 599 3
569 605 3
569 862 3
569 991 4
569 629 1
569 767 1
573 617 1
576 738 1
581 855 3
581 951 1
584 731 1
585 909 1
586 782 2
586 687 2
586 984 4
587 720 3
587 629 3
591 718 3
591 593 1
592 713 1
592 819 1
592 927 6
592 863 2
593 724 1
593 718 1
593 687 1
595 951 1
602 912 2
605 840 2
605 789 1
605 700 1
605 693 2
607 850 1
609 707 1
609 772 2
614 978 2
617 720 1
617 714 1
629 658 4
629 685 4
629 846 4
629 630 4
629 631 4
629 890 1
629 891 8
633 707 1
634 788 3
643 1004 2
644 738 3
646 927 1
647 658 2
650 738 1
650 686 1
653 738 1
654 738 2
656 988 1
657 738 1
658 915 1
664 737 1
680 720 3
680 707 1
680 731 1
681 718 2
682 738 1
684 704 1
684 844 1
685 1001 1
685 724 1
692 746 3
692 855 1
693 808 1
697 855 1
697 925 1
698 840 1
698 873 1
698 764 1
700 812 2
700 790 6
702 738 1
703 771 1
704 743 1
707 713 1
707 1003 1
707 951 1
708 718 1
715 923 1
716 724 1
716 1004 1
718 980 1
719 738 2
719 783 1
720 833 2
720 855 1
720 731 1
722 927 1
724 896 1
738 783 2
738 921 1
738 923 1
738 924 1
738 837 1
738 850 1
738 979 1
738 996 1
738 1001 1
738 747 1
738 881 2
738 745 1
738 761 2
740 788 4
742 993 6
742 771 1
742 765 3
742 863 6
743 912 2
758 956 1
758 918 1
761 804 1
761 783 1
764 994 1
765 868 2
769 772 1
770 927 1
772 927 2
789 987 1
790 812 5
790 956 5
795 978 2
817 978 2
823 927 1
838 952 1
838 857 2
844 956 1
851 978 2
854 927 1
868 912 1
921 977 5
921 924 1
954 978 2
957 978 2
977 1001 3
977 1004 3
978 988 2
