0
1
2
3
4
5
6
7
8
9
10
11
12
13
14
15
16
17
18
19
20
21
22
23
24
25
26
27
28
29
30
31
32
33
34
35
36
37
38
39
40
41
42
43
44
45
46
47
48
49
50
51
52
53
54
55
56
57
58
59
60
61
62
63
64
65
66
67
68
69
70
71
72
73
74
75
76
77
78
79
80
81
82
83
84
85
86
87
88
89
90
91
92
93
94
95
96
97
98
99
100
101
102
103
104
105
106
107
108
109
110
111
112
113
114
115
116
117
118
119
120
121
122
123
124
125
126
127
128
129
130
131
132
133
134
135
136
137
138
139
141
142
143
144
145
146
147
148
149
150
151
152
153
154
155
157
158
159
160
161
162
163
164
165
166
167
168
169
170
171
172
173
174
175
176
177
178
179
180
181
182
183
184
185
186
187
188
189
190
191
192
193
194
195
196
197
198
199
200
201
202
203
204
205
206
207
208
209
210
211
212
213
214
215
216
217
218
219
220
221
222
223
224
225
226
227
228
229
230
231
232
233
235
236
237
238
239
240
241
242
243
244
245
246
247
248
249
250
251
252
253
254
255
256
257
259
260
262
263
264
265
266
267
268
269
270
271
272
273
274
275
276
277
278
279
280
281
282
283
284
285
286
287
288
289
290
291
292
293
294
295
296
297
299
300
301
302
303
304
305
306
307
308
309
310
311
312
313
314
315
316
317
318
319
320
321
322
323
324
325
326
327
328
329
330
331
332
333
334
335
336
337
338
339
340
341
343
344
345
346
347
348
349
350
351
352
353
355
356
357
358
359
360
361
362
364
365
366
367
368
369
370
371
372
373
374
375
376
377
378
379
380
381
382
383
384
385
386
387
388
389
390
391
392
393
394
395
396
397
398
399
400
401
402
403
404
405
406
407
408
409
410
411
412
413
414
415
416
418
419
420
421
422
423
424
425
426
427
428
429
430
431
432
433
434
435
436
437
438
439
440
441
442
443
444
445
446
447
448
449
450
451
452
453
454
455
456
457
458
459
460
461
462
464
465
466
467
468
469
470
471
472
473
474
475
476
477
478
479
480
481
482
483
484
485
486
487
488
489
490
491
492
493
495
496
497
498
499
500
501
502
503
504
505
506
507
508
509
510
511
512
513
514
515
516
517
518
519
520
521
522
523
524
525
526
527
528
530
531
532
533
534
535
536
537
538
539
540
541
542
543
544
545
546
547
548
549
550
551
552
553
554
556
557
558
559
560
561
562
563
564
565
566
567
568
569
570
571
572
573
574
575
576
577
578
579
580
581
582
583
584
585
586
587
588
589
590
591
592
593
594
595
596
597
598
599
600
601
602
603
604
605
606
607
609
610
611
612
613
614
615
616
617
618
619
621
622
623
624
625
626
627
628
629
630
631
632
633
634
635
636
637
638
639
640
641
642
643
644
645
646
647
648
649
650
651
652
653
654
655
656
657
658
659
660
661
662
663
664
665
666
667
668
669
670
671
672
673
674
675
676
677
678
679
680
681
682
683
684
685
686
687
688
689
690
691
692
693
694
695
696
697
698
699
700
701
702
703
704
705
706
707
708
709
710
711
712
713
714
715
716
717
718
719
720
721
722
723
724
725
726
727
728
729
730
731
732
733
734
735
736
737
738
739
740
741
742
743
744
745
746
747
748
749
750
751
752
753
754
756
757
758
759
760
761
762
763
764
765
767
768
769
770
771
772
773
774
775
776
777
778
779
780
781
782
783
784
785
786
787
788
789
790
791
792
793
794
795
796
797
798
799
800
801
802
803
804
805
806
807
808
809
810
811
812
813
814
815
816
817
818
819
820
821
822
823
824
825
826
827
828
829
830
831
832
833
834
835
836
837
838
839
840
841
842
843
844
845
846
847
848
849
850
851
852
853
854
855
856
857
858
859
860
861
862
863
864
865
866
867
868
869
870
871
872
873
874
875
876
877
878
879
880
881
882
883
884
885
886
887
888
889
890
891
892
893
894
895
896
897
898
899
900
901
902
903
904
905
906
907
908
909
910
911
912
913
914
915
916
917
918
919
920
921
922
923
924
925
926
927
928
929
930
931
932
933
934
935
936
937
938
939
940
941
942
943
944
945
946
947
948
949
950
951
952
953
954
955
956
957
958
960
961
962
963
964
965
966
967
968
969
970
971
972
973
974
975
976
977
978
979
980
981
982
983
984
985
986
987
988
989
990
991
992
993
994
995
996
997
998
999
1000
1001
1002
1003
1004
0 6 1
0 519 1
0 409 1
0 538 1
0 929 1
0 178 1
0 693 1
0 314 1
0 189 1
0 710 1
0 716 1
0 333 1
0 78 1
0 976 1
0 595 1
0 470 1
0 599 1
0 605 1
0 862 1
0 991 1
0 99 1
0 228 1
0 236 1
0 502 1
0 249 2
0 767 1
2 283 2
5 107 1
13 850 1
13 516 1
14 738 1
14 924 16
14 1004 1
14 881 1
14 850 1
14 724 1
14 1001 5
14 921 2
14 506 3
14 796 2
14 605 2
14 702 3
16 1004 1
28 231 2
29 107 1
29 899 2
30 868 2
32 921 1
38 69 2
51 841 1
58 909 3
61 135 1
62 800 2
62 214 1
62 646 4
67 963 13
75 940 1
75 220 2
82 628 1
86 317 1
90 135 3
91 644 1
91 220 1
105 418 11
107 898 1
107 899 1
107 1004 1
107 664 1
107 537 1
107 670 1
107 289 2
107 808 1
107 553 2
107 810 1
107 175 1
107 688 1
107 178 2
107 393 1
107 192 2
107 327 1
107 201 1
107 335 2
107 208 1
107 850 2
107 980 4
107 985 1
107 987 1
107 607 1
107 737 1
107 236 1
107 118 1
107 381 1
107 127 2
111 571 6
111 782 1
112 648 2
113 535 2
118 362 1
118 365 1
120 823 1
135 292 1
135 942 3
135 371 1
135 628 7
135 214 1
135 157 1
152 317 1
153 977 1
153 418 1
153 996 1
161 784 1
161 771 1
166 743 1
168 648 1
168 912 1
168 949 8
168 439 1
170 910 2
173 850 1
173 924 2
175 335 1
189 1001 1
192 289 3
192 381 1
194 306 1
196 220 2
197 850 1
199 850 1
199 924 2
205 692 1
205 364 1
214 736 1
214 746 2
220 334 2
220 278 1
229 317 1
233 692 1
236 537 2
241 671 1
250 854 1
250 886 1
257 776 1
257 940 1
260 912 1
260 762 1
264 601 1
264 329 1
266 949 1
267 648 1
267 751 1
270 850 1
272 742 1
283 700 1
288 838 1
305 946 2
305 598 1
306 742 2
306 807 1
313 648 1
314 980 1
317 835 1
327 850 1
329 624 1
329 819 2
332 500 4
335 464 1
343 1001 1
356 648 3
356 868 2
362 586 1
362 909 1
362 670 1
369 913 3
369 646 3
369 535 6
381 532 1
383 868 3
392 648 1
397 975 3
400 742 1
414 891 1
416 648 2
416 500 1
416 439 1
418 996 9
427 955 1
433 849 1
433 738 1
433 987 1
433 540 3
433 994 3
435 500 1
439 912 3
439 949 3
440 737 3
464 980 2
472 912 1
472 598 1
480 506 1
482 531 1
485 823 1
500 782 1
500 814 4
502 605 1
506 644 1
506 783 3
506 850 1
506 923 2
506 924 2
509 1004 1
513 646 3
516 850 1
517 648 1
517 803 1
517 782 1
517 718 2
528 640 1
532 804 2
540 624 1
541 850 1
541 650 1
542 692 1
546 550 3
550 746 1
550 595 1
551 823 1
576 850 1
598 946 1
605 728 1
605 685 2
628 937 1
628 871 2
629 891 1
629 838 5
630 685 1
638 663 1
640 833 1
643 685 1
644 1001 1
644 783 1
644 850 3
644 924 3
648 674 1
648 803 1
648 751 1
648 948 1
648 790 2
650 761 1
650 850 1
654 850 1
654 738 1
657 850 1
657 738 1
659 742 2
668 746 2
670 688 1
682 850 1
682 924 2
685 1001 3
687 746 1
692 746 1
702 850 1
702 924 2
703 784 2
703 771 7
719 850 1
720 841 1
720 746 3
730 868 2
738 850 1
742 784 2
742 771 1
742 900 1
742 863 2
745 850 1
746 935 4
746 841 4
746 813 3
761 850 1
762 984 1
774 947 71
783 1001 1
783 850 1
783 979 2
790 868 1
803 948 3
804 850 1
809 987 1
828 850 1
837 850 1
850 921 1
850 924 1
850 979 1
850 996 1
850 1001 1
850 881 1
868 948 2
912 949 1
924 1001 2
924 996 2
