0
1
2
3
4
5
6
7
8
9
10
11
12
13
14
15
16
17
18
19
20
21
22
23
24
25
26
27
28
29
30
31
32
33
34
35
36
37
38
39
40
41
42
43
44
45
46
47
48
49
50
51
52
53
54
55
56
57
58
59
60
61
62
63
64
65
66
67
68
69
70
71
72
73
74
75
76
77
78
79
80
81
82
83
84
85
86
87
88
89
90
91
92
93
94
95
96
97
98
99
100
101
102
103
104
105
106
107
108
109
110
111
112
113
114
115
116
117
118
119
120
121
122
123
124
125
126
127
128
129
130
131
132
133
134
135
136
137
138
139
141
142
143
144
145
146
147
148
149
150
151
152
153
154
155
157
158
159
160
161
162
163
164
165
166
167
168
169
170
171
172
173
174
175
176
177
178
179
180
181
182
183
184
185
186
187
188
189
190
191
192
193
194
195
196
197
198
199
200
201
202
203
204
205
206
207
208
209
210
211
212
213
214
215
216
217
218
219
220
221
222
223
224
225
226
227
228
229
230
231
232
233
235
236
237
238
239
240
241
242
243
244
245
246
247
248
249
250
251
252
253
254
255
256
257
259
260
262
263
264
265
266
267
268
269
270
271
272
273
274
275
276
277
278
279
280
281
282
283
284
285
286
287
288
289
290
291
292
293
294
295
296
297
299
300
301
302
303
304
305
306
307
308
309
310
311
312
313
314
315
316
317
318
319
320
321
322
323
324
325
326
327
328
329
330
331
332
333
334
335
336
337
338
339
340
341
343
344
345
346
347
348
349
350
351
352
353
355
356
357
358
359
360
361
362
364
365
366
367
368
369
370
371
372
373
374
375
376
377
378
379
380
381
382
383
384
385
386
387
388
389
390
391
392
393
394
395
396
397
398
399
400
401
402
403
404
405
406
407
408
409
410
411
412
413
414
415
416
418
419
420
421
422
423
424
425
426
427
428
429
430
431
432
433
434
435
436
437
438
439
440
441
442
443
444
445
446
447
448
449
450
451
452
453
454
455
456
457
458
459
460
461
462
464
465
466
467
468
469
470
471
472
473
474
475
476
477
478
479
480
481
482
483
484
485
486
487
488
489
490
491
492
493
495
496
497
498
499
500
501
502
503
504
505
506
507
508
509
510
511
512
513
514
515
516
517
518
519
520
521
522
523
524
525
526
527
528
530
531
532
533
534
535
536
537
538
539
540
541
542
543
544
545
546
547
548
549
550
551
552
553
554
556
557
558
559
560
561
562
563
564
565
566
567
568
569
570
571
572
573
574
575
576
577
578
579
580
581
582
583
584
585
586
587
588
589
590
591
592
593
594
595
596
597
598
599
600
601
602
603
604
605
606
607
609
610
611
612
613
614
615
616
617
618
619
621
622
623
624
625
626
627
628
629
630
631
632
633
634
635
636
637
638
639
640
641
642
643
644
645
646
647
648
649
650
651
652
653
654
655
656
657
658
659
660
661
662
663
664
665
666
667
668
669
670
671
672
673
674
675
676
677
678
679
680
681
682
683
684
685
686
687
688
689
690
691
692
693
694
695
696
697
698
699
700
701
702
703
704
705
706
707
708
709
710
711
712
713
714
715
716
717
718
719
720
721
722
723
724
725
726
727
728
729
730
731
732
733
734
735
736
737
738
739
740
741
742
743
744
745
746
747
748
749
750
751
752
753
754
756
757
758
759
760
761
762
763
764
765
767
768
769
770
771
772
773
774
775
776
777
778
779
780
781
782
783
784
785
786
787
788
789
790
791
792
793
794
795
796
797
798
799
800
801
802
803
804
805
806
807
808
809
810
811
812
813
814
815
816
817
818
819
820
821
822
823
824
825
826
827
828
829
830
831
832
833
834
835
836
837
838
839
840
841
842
843
844
845
846
847
848
849
850
851
852
853
854
855
856
857
858
859
860
861
862
863
864
865
866
867
868
869
870
871
872
873
874
875
876
877
878
879
880
881
882
883
884
885
886
887
888
889
890
891
892
893
894
895
896
897
898
899
900
901
902
903
904
905
906
907
908
909
910
911
912
913
914
915
916
917
918
919
920
921
922
923
924
925
926
927
928
929
930
931
932
933
934
935
936
937
938
939
940
941
942
943
944
945
946
947
948
949
950
951
952
953
954
955
956
957
958
960
961
962
963
964
965
966
967
968
969
970
971
972
973
974
975
976
977
978
979
980
981
982
983
984
985
986
987
988
989
990
991
992
993
994
995
996
997
998
999
1000
1001
1002
1003
1004
0 569 3
0 470 1
1 324 2
2 231 2
2 715 1
2 77 2
2 846 2
2 532 1
2 790 5
2 700 1
4 135 1
5 107 2
5 724 1
5 175 2
5 491 2
6 569 4
6 732 1
6 189 2
6 470 1
6 249 1
8 731 1
13 738 1
13 516 1
13 682 2
13 783 1
13 850 1
13 532 2
13 506 1
13 923 1
13 719 1
14 738 1
14 541 1
14 850 1
14 724 2
14 410 1
14 923 1
14 796 3
14 506 2
14 702 1
15 680 3
15 731 1
16 506 3
16 410 1
16 541 2
17 857 1
17 915 4
19 61 1
23 586 1
24 136 1
24 891 17
24 629 5
24 526 2
26 40 1
28 987 1
29 724 1
29 381 1
30 356 1
30 517 1
30 104 1
30 942 2
30 112 2
30 765 2
31 915 1
31 716 1
31 165 12
31 847 1
32 580 1
32 293 1
32 214 2
32 791 6
32 569 1
32 862 3
35 978 2
35 469 1
35 167 1
38 90 5
38 159 2
38 591 1
39 923 1
40 450 2
40 900 2
40 712 2
40 60 1
40 802 3
40 272 3
40 947 1
40 596 3
40 662 3
40 695 3
40 568 3
40 187 3
40 572 3
40 254 1
41 723 3
41 565 11
42 402 5
42 510 1
45 227 6
48 458 1
48 684 1
52 472 3
52 168 1
52 868 3
52 126 4
52 356 1
53 290 1
53 268 1
53 940 2
53 278 1
53 923 1
53 61 6
56 65 2
56 482 1
56 587 1
56 789 1
56 410 1
56 987 2
58 577 5
58 585 1
61 193 2
61 293 2
61 522 1
61 718 7
61 338 1
61 692 1
61 991 1
62 214 1
62 513 3
62 113 1
62 485 2
62 646 6
62 551 1
62 394 1
62 369 1
62 854 1
62 823 3
62 571 4
62 542 3
62 159 5
64 534 2
65 416 2
65 135 4
65 334 5
65 278 3
65 220 2
66 227 14
67 344 3
67 963 22
67 165 6
67 207 5
68 987 1
68 789 1
69 663 2
75 324 1
75 749 2
75 660 1
75 772 1
75 220 4
75 607 1
77 168 3
77 912 3
77 260 9
77 556 1
78 688 1
78 951 1
82 870 1
82 135 1
84 343 1
86 443 1
86 662 1
86 703 1
90 843 1
90 268 1
90 749 1
90 142 1
90 720 1
90 915 3
90 692 1
90 857 1
90 923 1
91 672 1
91 103 1
92 847 1
92 658 1
92 915 3
92 207 2
95 987 1
96 132 1
97 591 1
97 223 1
98 449 1
98 707 4
98 134 1
98 454 2
98 713 2
98 107 10
98 268 2
98 429 4
98 592 10
98 291 5
98 117 1
98 278 2
101 866 4
101 246 1
101 423 2
102 106 1
102 139 1
103 514 4
103 310 1
103 423 5
103 1001 1
103 368 1
103 950 1
103 223 2
105 418 2
106 740 1
106 1001 1
106 788 2
106 634 2
106 828 2
106 509 1
107 553 2
107 810 1
107 236 1
107 335 1
107 980 1
107 120 1
107 381 4
112 674 1
112 803 6
112 356 2
112 517 3
112 646 1
112 392 1
112 267 5
112 648 1
112 948 1
113 823 1
113 542 1
113 927 4
114 506 3
114 122 2
114 189 1
117 268 1
119 790 1
120 268 1
120 191 1
120 629 1
120 923 4
120 223 1
122 837 1
124 823 1
125 139 1
125 509 3
125 510 1
126 356 1
126 790 2
126 166 2
126 294 7
127 980 1
127 724 3
127 749 1
127 718 2
131 738 1
131 850 1
131 506 1
133 416 1
133 168 1
133 256 2
134 291 4
134 454 4
134 551 1
134 268 1
134 592 8
135 581 12
135 870 1
135 362 2
135 812 2
135 942 5
135 720 1
135 371 1
135 628 4
135 462 1
135 528 1
135 248 1
135 923 1
135 765 6
136 915 3
137 771 3
139 324 1
139 487 1
139 939 1
139 524 1
139 206 1
139 174 1
139 534 1
139 154 1
139 477 1
139 510 1
141 978 2
142 658 1
142 915 7
142 630 2
143 580 2
143 159 1
146 326 2
147 416 1
147 230 1
148 920 1
149 716 1
150 772 1
150 415 2
153 977 5
157 248 1
157 577 1
157 844 1
157 334 3
158 506 1
158 719 2
159 865 2
159 290 2
159 517 2
159 161 1
159 713 1
159 586 5
159 278 1
159 940 7
159 334 6
159 214 5
159 920 2
159 569 3
159 923 3
159 190 1
160 891 8
160 571 5
160 629 5
160 526 6
161 771 3
161 936 1
161 571 2
161 214 1
164 853 1
164 638 1
165 267 2
165 847 1
165 401 9
165 915 1
165 207 1
165 316 1
166 416 2
166 743 2
166 168 1
166 586 3
166 240 2
166 762 6
166 573 1
167 851 1
167 978 2
167 469 1
168 416 1
168 260 10
168 232 1
168 362 1
168 557 2
168 912 3
168 472 2
168 868 1
168 607 1
170 360 2
171 590 1
173 738 1
173 850 1
173 506 1
175 710 1
175 423 3
175 650 3
175 849 6
175 275 2
175 532 2
175 670 1
180 215 2
184 580 1
184 423 5
185 502 1
185 830 1
186 722 1
187 466 1
187 695 1
188 656 1
188 978 2
188 851 1
188 469 2
189 1004 1
189 716 1
189 904 3
189 236 3
189 652 1
189 365 1
189 718 6
189 977 2
189 595 1
189 470 1
189 201 1
189 249 1
189 410 2
189 969 1
191 749 1
191 326 1
191 415 1
193 720 1
193 714 2
193 268 1
193 752 1
193 499 1
193 500 1
193 592 1
193 857 1
193 923 2
193 956 1
194 528 1
194 306 2
196 268 1
197 987 1
198 568 1
199 738 1
199 850 1
199 923 1
199 644 1
199 506 1
200 696 1
200 952 5
200 915 3
202 629 3
207 424 3
207 558 1
207 847 3
207 978 2
207 469 2
207 795 1
208 977 2
208 236 1
208 1004 1
208 783 1
214 515 1
214 776 1
214 940 1
214 912 1
214 530 1
214 531 3
214 920 1
214 923 1
214 290 4
214 684 1
214 687 1
214 544 1
214 835 1
214 586 1
214 844 1
214 334 2
214 720 1
214 852 1
214 987 1
214 220 1
214 865 1
214 738 1
214 743 1
214 371 1
214 629 1
214 891 1
214 765 2
215 639 1
216 321 1
220 546 2
220 749 3
220 334 1
223 663 1
223 462 1
228 569 3
229 771 1
229 306 1
229 483 1
229 628 3
229 607 1
231 987 2
231 873 1
231 819 1
231 245 3
231 698 3
231 923 1
231 607 1
235 923 1
235 951 1
236 381 1
239 988 1
239 706 1
239 923 1
239 596 1
241 469 1
245 736 1
245 764 2
245 264 1
245 329 2
245 624 1
245 698 3
245 987 1
245 540 3
246 724 5
246 423 3
248 591 1
248 692 2
248 718 3
249 569 3
250 607 3
250 823 1
250 886 3
250 927 4
251 482 1
251 987 1
251 506 2
253 566 1
256 472 3
256 602 1
257 987 1
257 268 1
260 912 6
260 575 1
267 944 4
267 674 4
267 577 2
267 586 12
267 951 2
267 857 1
267 988 1
268 291 1
268 454 1
268 713 1
268 683 1
268 1003 1
268 592 1
268 401 1
268 633 1
270 738 1
270 850 1
270 506 1
274 391 1
275 849 2
276 674 1
277 546 1
277 571 3
277 931 1
277 590 3
280 547 1
280 658 1
280 915 3
280 629 2
280 281 1
280 569 1
280 731 2
281 724 1
284 680 1
284 731 1
285 571 3
290 540 6
291 429 1
292 769 1
293 724 5
293 718 2
294 586 7
294 790 2
294 447 1
295 569 3
299 548 1
299 388 3
299 509 2
301 978 2
302 915 1
303 514 3
303 780 1
303 950 1
305 472 4
305 416 1
305 859 5
305 356 1
305 743 1
306 771 4
306 742 6
306 587 1
306 784 1
306 607 1
306 703 10
307 769 1
311 987 1
311 540 2
311 955 1
313 472 2
316 915 2
318 684 1
318 587 1
318 844 1
319 423 6
321 684 1
321 499 8
321 956 2
321 558 1
322 939 1
322 534 1
322 343 1
324 388 1
324 591 1
324 534 1
324 676 1
324 638 2
326 587 1
327 506 1
327 850 1
327 381 1
327 738 1
329 997 1
332 435 5
332 500 2
332 782 4
333 569 5
334 416 1
334 772 1
334 742 1
334 776 2
334 940 1
334 749 1
334 687 2
334 692 2
334 607 4
334 923 1
335 664 4
335 532 2
335 643 1
337 505 2
338 987 1
343 663 9
344 915 1
347 933 1
347 966 3
353 891 8
356 868 1
356 517 1
356 743 2
356 648 4
356 684 1
356 472 4
360 697 4
360 629 3
360 526 1
361 987 1
362 922 2
362 990 1
362 383 1
364 764 1
364 987 2
364 692 1
368 548 1
369 823 1
369 646 3
369 927 4
371 456 1
371 585 1
372 595 2
372 404 1
372 934 1
374 953 1
377 718 2
377 422 2
380 440 1
381 532 1
381 921 1
383 528 1
383 589 1
392 674 1
394 571 6
394 823 1
397 671 1
397 975 1
401 429 11
401 415 3
404 595 4
409 688 1
409 569 3
410 719 1
410 977 2
410 923 1
414 506 1
415 587 1
415 569 3
416 868 1
416 762 2
416 586 3
416 912 2
416 648 2
416 854 1
416 759 1
416 602 1
416 859 1
416 765 1
416 927 2
418 977 7
420 559 1
421 424 6
421 817 1
421 978 2
421 469 1
421 630 6
421 795 1
422 731 2
423 710 1
423 849 1
424 978 2
424 469 1
424 795 5
424 990 1
427 955 2
428 915 3
428 543 1
429 925 1
429 454 2
432 987 1
433 738 2
433 987 6
433 789 3
434 758 1
435 500 12
435 782 4
435 609 1
437 738 1
437 506 1
437 516 1
437 650 1
440 506 1
440 810 1
443 742 6
443 662 5
443 703 7
444 585 2
444 823 1
444 927 4
447 868 1
447 586 3
447 885 1
447 984 4
447 573 1
449 462 1
450 802 4
450 712 6
450 695 1
450 571 4
450 572 1
454 592 4
456 936 3
458 844 1
458 684 2
459 517 3
462 739 1
462 833 4
469 547 1
469 851 1
469 817 1
469 978 2
469 954 1
469 795 1
470 789 11
470 502 1
470 569 5
472 743 3
472 912 1
472 602 3
472 859 1
472 868 1
472 575 3
473 810 1
476 923 1
478 818 1
482 987 1
482 847 1
482 531 1
482 569 8
485 513 1
485 823 1
485 646 2
485 927 4
491 724 1
493 561 1
493 658 2
493 629 4
493 630 19
499 704 3
499 684 1
499 558 1
499 565 11
499 956 2
500 923 1
500 782 1
502 576 2
502 724 1
502 569 4
502 538 2
502 605 1
502 862 4
505 603 1
506 644 2
506 650 1
506 783 1
506 657 1
506 532 1
506 921 2
506 516 1
506 923 2
506 924 2
506 541 2
506 653 1
506 682 1
506 945 1
506 951 2
506 702 2
506 576 1
506 837 1
506 719 1
506 850 2
506 979 1
506 654 1
506 738 3
506 996 2
506 1001 1
506 747 1
506 881 5
506 745 1
506 761 1
506 508 1
508 738 1
509 780 1
510 534 1
511 987 1
513 927 4
513 646 3
513 823 3
514 603 1
514 780 1
514 950 1
516 738 1
516 650 1
516 850 1
516 532 2
516 761 3
517 803 7
519 790 3
526 685 3
526 629 3
526 891 3
528 803 2
528 980 1
528 607 4
530 891 1
530 569 1
530 915 1
530 629 2
531 987 4
532 650 1
532 881 2
532 790 4
532 761 2
532 700 2
532 738 1
534 692 1
534 607 1
535 823 1
535 927 4
538 569 3
538 724 1
540 987 1
540 840 4
540 951 2
540 697 1
540 698 5
540 955 3
540 925 2
541 738 1
541 977 6
541 850 1
541 951 3
541 921 2
541 923 1
542 609 1
542 551 1
542 687 1
542 854 1
542 823 1
542 571 1
542 927 4
543 915 1
546 920 1
546 873 1
547 978 2
549 701 1
551 646 2
551 823 4
551 927 4
552 978 2
556 823 1
557 912 1
558 956 2
558 565 6
561 629 4
561 846 3
561 631 5
565 679 11
565 684 1
565 723 1
565 956 5
568 596 1
569 693 3
569 951 1
569 710 3
569 847 1
569 976 3
569 599 4
569 605 4
569 862 6
569 991 3
569 749 6
571 900 8
571 742 7
571 870 2
571 935 2
571 776 6
571 684 4
571 910 2
571 885 2
571 663 3
573 586 1
573 868 1
576 738 1
576 850 2
577 590 1
577 686 1
581 720 5
581 936 1
581 703 1
582 987 1
582 764 3
584 731 1
585 659 1
585 862 1
586 803 2
586 868 3
586 762 1
587 617 1
587 731 1
588 987 1
591 915 1
591 692 2
591 607 1
592 713 8
592 948 1
592 927 6
595 718 2
595 934 1
599 688 1
602 648 1
602 743 1
603 780 1
603 822 1
603 735 1
607 833 1
607 993 1
607 742 1
607 749 1
607 915 1
607 660 1
607 920 1
607 692 3
607 890 2
612 633 1
614 920 1
614 978 2
614 687 1
617 720 2
624 873 2
628 720 1
628 870 4
629 772 2
629 658 3
629 685 5
629 846 3
629 630 12
629 631 3
629 891 16
629 894 3
630 685 1
630 656 2
630 920 2
633 923 1
634 788 2
639 1004 1
641 987 1
643 1004 1
643 685 7
644 738 1
644 1001 1
644 977 2
644 850 1
644 923 1
644 924 1
644 702 4
646 823 1
646 927 4
647 953 8
647 658 1
647 915 6
647 847 1
648 765 2
650 783 2
650 738 2
650 849 3
650 686 2
650 977 1
650 850 1
650 761 1
650 923 1
650 881 3
653 738 1
654 850 1
654 738 7
654 783 1
656 920 2
657 738 1
657 850 1
658 731 1
659 771 2
660 749 1
663 950 3
670 724 1
672 956 1
672 844 4
679 684 1
680 720 1
680 707 4
682 738 1
682 783 3
682 850 1
682 719 7
684 704 1
684 844 2
684 692 2
684 918 1
685 1001 1
685 724 1
687 772 1
687 915 1
688 808 1
692 769 2
692 739 1
692 775 4
692 746 3
692 749 3
692 915 1
696 935 1
697 925 1
697 855 3
698 840 3
698 873 3
698 764 3
700 761 3
700 790 3
700 881 1
702 738 1
702 1001 1
702 850 1
703 771 2
703 772 1
704 743 1
707 1003 1
707 880 3
707 951 1
707 923 1
708 718 1
711 718 2
716 866 1
718 866 2
718 904 1
718 749 1
718 754 7
718 724 1
719 738 2
719 837 1
719 850 1
719 923 1
720 942 2
722 823 1
722 927 4
723 933 1
731 789 1
738 783 2
738 921 1
738 923 2
738 924 1
738 945 1
738 837 2
738 850 2
738 996 1
738 1001 1
738 747 1
738 881 1
738 979 1
738 745 1
738 761 1
742 769 2
742 900 5
743 868 1
743 859 2
758 844 4
759 868 1
761 850 1
761 790 4
764 994 2
764 987 1
765 868 1
765 942 4
770 927 4
771 784 1
771 863 5
772 923 1
773 955 1
774 947 22
783 837 1
783 850 1
783 923 1
789 987 2
790 823 3
795 978 2
796 977 1
809 987 2
817 978 2
821 823 1
823 854 1
823 927 5
837 850 1
837 923 1
837 924 1
838 971 1
840 987 2
844 956 11
847 954 1
849 858 1
849 987 1
850 921 1
850 924 1
850 945 1
850 979 1
850 996 1
850 1001 1
850 881 5
851 978 2
851 915 1
851 920 3
851 957 1
854 927 4
857 915 6
857 951 1
861 896 1
866 951 2
868 912 1
872 987 1
873 987 1
875 923 1
880 923 1
890 923 1
915 952 3
915 953 3
915 971 2
915 990 1
915 920 1
921 923 2
923 924 1
923 951 1
923 979 1
923 996 1
923 1001 1
925 955 1
954 978 2
955 987 1
957 978 2
977 1001 11
977 1004 2
978 988 3
987 994 1
