0
1
2
3
4
5
6
7
8
9
10
11
12
13
14
15
16
17
18
19
20
21
22
23
24
25
26
27
28
29
30
31
32
33
34
35
36
37
38
39
40
41
42
43
44
45
46
47
48
49
50
51
52
53
54
55
56
57
58
59
60
61
62
63
64
65
66
67
68
69
70
71
72
73
74
75
76
77
78
79
80
81
82
83
84
85
86
87
88
89
90
91
92
93
94
95
96
97
98
99
100
101
102
103
104
105
106
107
108
109
110
111
112
113
114
115
116
117
118
119
120
121
122
123
124
125
126
127
128
129
130
131
132
133
134
135
136
137
138
139
141
142
143
144
145
146
147
148
149
150
151
152
153
154
155
157
158
159
160
161
162
163
164
165
166
167
168
169
170
171
172
173
174
175
176
177
178
179
180
181
182
183
184
185
186
187
188
189
190
191
192
193
194
195
196
197
198
199
200
201
202
203
204
205
206
207
208
209
210
211
212
213
214
215
216
217
218
219
220
221
222
223
224
225
226
227
228
229
230
231
232
233
235
236
237
238
239
240
241
242
243
244
245
246
247
248
249
250
251
252
253
254
255
256
257
259
260
262
263
264
265
266
267
268
269
270
271
272
273
274
275
276
277
278
279
280
281
282
283
284
285
286
287
288
289
290
291
292
293
294
295
296
297
299
300
301
302
303
304
305
306
307
308
309
310
311
312
313
314
315
316
317
318
319
320
321
322
323
324
325
326
327
328
329
330
331
332
333
334
335
336
337
338
339
340
341
343
344
345
346
347
348
349
350
351
352
353
355
356
357
358
359
360
361
362
364
365
366
367
368
369
370
371
372
373
374
375
376
377
378
379
380
381
382
383
384
385
386
387
388
389
390
391
392
393
394
395
396
397
398
399
400
401
402
403
404
405
406
407
408
409
410
411
412
413
414
415
416
418
419
420
421
422
423
424
425
426
427
428
429
430
431
432
433
434
435
436
437
438
439
440
441
442
443
444
445
446
447
448
449
450
451
452
453
454
455
456
457
458
459
460
461
462
464
465
466
467
468
469
470
471
472
473
474
475
476
477
478
479
480
481
482
483
484
485
486
487
488
489
490
491
492
493
495
496
497
498
499
500
501
502
503
504
505
506
507
508
509
510
511
512
513
514
515
516
517
518
519
520
521
522
523
524
525
526
527
528
530
531
532
533
534
535
536
537
538
539
540
541
542
543
544
545
546
547
548
549
550
551
552
553
554
556
557
558
559
560
561
562
563
564
565
566
567
568
569
570
571
572
573
574
575
576
577
578
579
580
581
582
583
584
585
586
587
588
589
590
591
592
593
594
595
596
597
598
599
600
601
602
603
604
605
606
607
609
610
611
612
613
614
615
616
617
618
619
621
622
623
624
625
626
627
628
629
630
631
632
633
634
635
636
637
638
639
640
641
642
643
644
645
646
647
648
649
650
651
652
653
654
655
656
657
658
659
660
661
662
663
664
665
666
667
668
669
670
671
672
673
674
675
676
677
678
679
680
681
682
683
684
685
686
687
688
689
690
691
692
693
694
695
696
697
698
699
700
701
702
703
704
705
706
707
708
709
710
711
712
713
714
715
716
717
718
719
720
721
722
723
724
725
726
727
728
729
730
731
732
733
734
735
736
737
738
739
740
741
742
743
744
745
746
747
748
749
750
751
752
753
754
756
757
758
759
760
761
762
763
764
765
767
768
769
770
771
772
773
774
775
776
777
778
779
780
781
782
783
784
785
786
787
788
789
790
791
792
793
794
795
796
797
798
799
800
801
802
803
804
805
806
807
808
809
810
811
812
813
814
815
816
817
818
819
820
821
822
823
824
825
826
827
828
829
830
831
832
833
834
835
836
837
838
839
840
841
842
843
844
845
846
847
848
849
850
851
852
853
854
855
856
857
858
859
860
861
862
863
864
865
866
867
868
869
870
871
872
873
874
875
876
877
878
879
880
881
882
883
884
885
886
887
888
889
890
891
892
893
894
895
896
897
898
899
900
901
902
903
904
905
906
907
908
909
910
911
912
913
914
915
916
917
918
919
920
921
922
923
924
925
926
927
928
929
930
931
932
933
934
935
936
937
938
939
940
941
942
943
944
945
946
947
948
949
950
951
952
953
954
955
956
957
958
960
961
962
963
964
965
966
967
968
969
970
971
972
973
974
975
976
977
978
979
980
981
982
983
984
985
986
987
988
989
990
991
992
993
994
995
996
997
998
999
1000
1001
1002
1003
1004
0 929 2
0 178 6
0 403 3
2 231 1
2 72 2
2 812 1
2 790 2
2 535 1
2 891 1
2 700 3
4 880 1
4 441 2
4 456 1
5 107 1
5 491 8
5 29 1
6 178 3
8 544 2
11 148 1
13 516 1
13 738 1
13 532 1
13 278 1
14 996 1
14 199 1
14 1001 1
14 173 3
14 506 2
14 924 2
14 702 1
15 584 3
15 680 1
15 731 1
15 422 1
16 528 1
16 754 1
16 19 1
16 718 4
17 428 4
17 915 3
17 316 3
17 857 3
19 333 1
24 782 2
24 750 1
24 528 1
24 120 1
24 629 4
24 631 1
24 280 2
24 891 3
24 31 6
25 48 1
25 499 2
25 918 1
28 681 1
28 738 1
28 987 3
29 808 3
29 107 2
29 899 3
30 356 1
30 743 1
30 168 2
30 528 1
30 946 4
30 949 4
30 790 1
31 224 3
31 165 9
31 92 1
31 915 4
31 857 1
31 316 2
31 990 4
32 840 1
32 718 1
32 214 2
32 791 1
32 280 1
32 669 2
32 127 1
35 585 3
35 978 4
35 851 1
38 324 2
38 70 1
38 939 2
38 591 1
38 528 1
38 534 1
40 802 1
40 900 1
40 198 1
40 488 1
40 60 1
40 696 1
40 450 1
40 272 3
40 712 1
40 947 1
40 662 3
40 695 1
40 568 2
40 90 3
40 187 2
40 572 1
40 254 1
41 1000 1
41 73 5
41 618 1
41 48 1
41 723 6
41 565 1
41 758 7
42 832 1
42 649 1
42 962 1
42 509 1
42 383 2
45 782 6
46 622 1
46 310 1
46 399 1
48 704 1
48 321 1
48 684 1
48 1000 1
48 458 1
48 844 1
48 558 2
48 499 2
48 723 1
48 565 1
48 216 1
48 956 2
48 319 1
50 559 9
52 112 1
52 868 14
52 232 3
52 425 2
52 912 1
52 948 4
52 356 2
53 290 3
53 518 1
53 233 6
53 274 1
53 338 1
53 120 2
53 633 1
53 316 2
53 542 1
54 155 1
55 595 1
56 840 1
56 105 1
56 91 1
56 987 7
61 840 1
61 522 1
61 843 1
61 716 1
61 718 10
61 754 1
61 883 1
62 800 1
62 163 3
62 485 2
62 646 3
62 113 1
62 214 2
65 322 3
65 70 1
65 425 1
65 205 1
65 687 1
65 724 1
65 120 3
65 415 1
65 220 3
65 703 2
66 782 12
67 963 15
67 165 9
67 391 8
67 846 18
67 207 9
67 344 8
67 190 1
68 90 1
68 987 3
69 879 2
69 735 2
70 950 2
70 84 2
70 534 1
70 663 3
70 120 1
70 90 3
70 603 2
71 595 8
72 528 2
72 214 3
73 577 1
73 679 1
73 618 1
73 723 2
73 758 3
73 503 2
73 216 2
74 104 2
74 984 1
74 166 1
74 294 1
75 772 8
75 229 2
75 334 4
75 628 1
75 891 2
75 607 2
77 912 14
77 168 5
77 266 1
77 260 1
77 177 1
78 688 1
78 929 1
78 178 2
78 130 1
78 502 3
83 697 1
84 528 1
84 324 1
90 388 5
90 216 1
90 542 1
90 941 1
90 944 4
90 946 2
90 692 1
90 670 1
90 572 2
90 702 2
90 320 1
90 458 2
90 718 2
90 850 1
90 853 1
90 472 2
90 987 1
90 220 1
90 96 1
90 228 2
90 742 5
90 178 1
90 316 1
90 107 3
90 749 1
90 499 1
90 118 2
90 634 1
90 763 1
91 178 1
91 499 1
91 774 1
91 995 2
92 316 2
95 440 1
95 987 3
96 832 1
96 132 1
96 299 1
96 509 1
96 376 1
96 388 1
96 634 1
96 346 1
98 401 1
98 429 5
98 713 5
99 547 2
99 878 1
99 976 1
99 178 2
99 599 1
99 862 2
101 377 4
101 866 1
101 246 1
104 256 1
104 294 1
104 648 4
104 425 25
104 790 1
104 984 1
105 233 6
105 374 3
106 402 1
106 622 1
106 950 3
107 320 2
107 898 1
107 899 1
107 1004 1
107 528 2
107 643 1
107 664 1
107 537 1
107 670 1
107 289 1
107 553 1
107 810 1
107 175 1
107 192 2
107 201 3
107 335 6
107 208 1
107 980 1
107 985 1
107 464 1
107 236 2
107 367 2
107 118 1
107 381 2
109 256 3
109 730 1
109 166 1
112 674 1
112 356 1
112 517 1
112 166 1
112 1000 4
112 267 3
113 518 1
113 535 1
114 275 3
114 718 1
119 812 3
119 790 1
120 257 1
120 772 9
120 274 2
120 915 1
120 660 2
120 534 1
120 542 1
120 540 1
120 926 1
120 454 4
120 687 5
120 948 3
120 189 1
120 191 2
120 198 1
120 609 2
120 718 2
120 865 2
120 866 1
120 868 2
120 997 4
120 572 1
120 752 6
120 633 1
120 253 1
122 450 2
122 718 1
125 622 3
125 534 1
126 168 3
126 332 1
126 782 2
130 976 1
132 399 1
133 602 4
134 738 1
135 692 1
136 224 1
136 165 1
136 200 5
136 428 1
136 142 3
136 915 2
136 857 1
136 316 2
139 513 1
139 534 4
139 399 1
141 585 1
141 978 3
141 851 1
141 530 1
142 224 1
142 165 2
142 647 5
142 428 2
142 915 12
142 280 4
142 857 4
142 316 2
143 544 1
143 658 1
143 739 2
143 580 1
143 669 1
147 416 1
147 577 6
147 355 1
147 933 1
147 715 1
147 972 1
147 171 1
147 748 1
147 590 3
147 157 3
147 528 3
147 277 3
147 347 1
147 230 1
147 285 1
147 926 3
147 686 1
149 372 1
149 866 1
149 716 1
150 752 2
150 833 1
150 546 2
150 444 4
150 191 1
151 278 3
153 977 12
153 418 2
153 996 1
154 534 1
155 784 1
157 863 1
160 857 1
160 915 3
160 629 1
161 901 1
161 214 2
163 895 1
164 638 1
165 224 1
165 207 1
165 401 10
165 915 1
165 344 2
165 858 1
165 316 7
165 990 1
166 528 1
166 743 1
166 435 1
166 500 1
166 759 2
167 585 1
167 978 2
167 851 2
167 988 1
167 469 4
168 260 12
168 521 2
168 266 5
168 912 21
168 472 9
168 790 4
168 416 8
168 425 1
168 177 4
168 946 3
168 949 5
168 439 8
168 699 1
168 586 6
168 332 4
168 984 2
168 356 1
168 868 2
168 744 2
168 232 7
168 885 2
169 372 1
170 840 1
173 506 5
173 996 1
173 199 1
175 849 1
175 275 7
177 521 1
177 266 2
177 912 5
177 949 1
177 439 1
177 472 1
177 699 1
178 772 3
178 214 1
178 528 4
178 409 1
178 538 4
178 929 1
178 418 7
178 295 1
178 693 7
178 569 1
178 314 1
178 710 5
178 333 7
178 976 1
178 978 1
178 339 1
178 470 5
178 599 1
178 605 12
178 862 10
178 991 1
178 228 9
178 749 1
178 367 2
178 502 15
178 249 4
178 767 1
181 920 1
181 190 3
184 225 1
184 907 1
184 710 2
184 711 1
184 779 1
184 843 1
184 754 1
184 883 3
184 214 1
184 407 1
184 732 1
187 450 1
187 947 2
187 254 1
188 280 1
188 362 1
188 851 1
188 978 4
188 301 1
189 491 1
189 1004 2
189 718 8
189 528 1
189 502 1
189 410 2
190 353 4
190 614 2
190 486 3
190 629 1
190 656 4
190 274 5
190 373 4
190 890 1
190 191 1
191 749 3
191 752 1
191 692 2
192 664 1
192 381 4
193 633 1
196 278 1
199 644 1
199 850 1
199 506 6
199 541 1
199 863 1
200 224 1
200 806 6
200 971 3
200 428 4
200 302 1
200 344 1
200 915 16
200 341 1
200 630 2
200 952 9
200 316 3
200 543 1
207 424 1
207 428 1
207 558 2
207 408 1
207 451 1
207 469 3
207 280 1
207 954 1
207 795 3
207 988 1
207 445 1
207 990 3
207 373 1
214 662 2
214 518 2
214 267 3
214 912 5
214 531 1
214 278 1
214 290 4
214 813 2
214 951 1
214 443 1
214 841 1
214 334 3
214 464 1
214 850 1
214 742 4
214 746 1
214 367 3
214 245 1
214 502 2
216 321 7
216 458 4
216 558 2
216 618 4
220 749 1
220 367 2
224 806 1
224 428 9
224 915 3
224 952 2
224 857 1
224 316 7
224 990 1
225 883 1
228 693 1
229 356 3
229 421 1
229 334 2
229 443 1
229 607 1
231 874 3
231 738 1
231 624 5
231 338 2
231 245 5
231 987 3
231 540 10
232 260 3
232 425 2
232 912 1
232 744 5
232 946 8
232 472 5
233 835 2
233 935 7
233 746 2
233 692 18
233 245 1
235 273 1
236 537 1
239 278 1
241 645 1
243 718 2
245 840 1
245 764 1
245 874 3
245 624 4
245 264 6
245 329 1
245 987 3
245 540 6
246 377 4
246 724 1
246 423 1
248 980 2
249 929 2
249 491 6
250 332 3
250 948 3
250 886 3
251 528 1
251 987 3
253 290 1
253 566 1
256 313 2
256 356 3
256 332 1
260 912 2
260 266 1
264 329 2
264 540 1
266 521 1
266 912 5
266 790 3
266 439 3
267 392 1
267 586 2
267 517 3
270 334 3
272 450 1
273 951 7
274 585 1
274 469 1
274 920 1
275 849 1
277 933 4
278 290 1
278 454 1
278 951 1
280 528 1
280 547 1
280 647 1
280 360 1
280 301 3
280 656 1
280 561 1
280 658 1
280 526 1
280 631 1
280 953 1
280 629 4
281 528 1
281 718 2
284 680 4
284 731 1
285 577 1
288 610 3
288 484 4
288 391 2
288 846 14
288 750 1
288 629 6
289 664 1
289 810 2
290 367 4
293 697 2
293 724 1
293 718 1
294 586 5
294 332 2
294 782 1
294 885 3
294 790 2
299 832 1
299 322 1
299 995 1
299 343 1
300 784 1
301 902 2
301 630 4
302 428 1
302 316 2
304 456 1
304 441 2
306 784 3
306 659 3
306 790 3
306 742 2
310 343 1
310 879 1
310 586 6
310 663 1
311 840 2
311 697 2
311 987 3
311 540 1
311 925 2
313 521 1
313 948 3
314 929 1
314 693 1
314 599 1
316 647 2
316 915 10
316 543 2
316 428 7
316 952 3
316 953 3
316 971 2
316 344 2
316 857 2
316 349 2
316 990 2
316 351 3
316 367 2
316 888 2
317 374 5
318 840 1
318 684 1
319 844 1
321 618 1
321 499 1
322 663 3
323 399 1
324 367 2
324 509 1
324 415 1
329 910 1
329 624 2
329 819 4
329 540 1
332 923 1
332 356 2
332 517 1
332 425 1
332 586 4
332 782 3
332 687 1
332 912 1
332 435 2
332 500 4
332 617 1
332 472 1
332 948 1
332 347 2
333 929 1
333 605 1
333 767 3
334 962 1
334 995 3
334 772 5
334 534 1
334 367 2
334 890 1
334 415 3
335 688 5
335 664 3
335 643 3
336 926 1
337 505 2
338 840 1
338 819 1
338 951 1
338 987 8
341 915 2
341 739 1
343 663 4
344 373 2
353 391 1
355 577 1
355 933 1
356 912 1
356 425 4
356 472 1
356 948 2
356 765 3
360 629 1
361 987 4
362 484 2
362 485 1
362 392 1
362 974 1
362 444 1
362 925 1
362 383 4
365 732 1
367 776 2
367 684 2
367 530 2
367 835 2
367 920 2
367 544 2
367 731 2
367 425 1
367 940 2
367 946 2
367 692 2
367 569 2
367 963 2
367 844 2
367 720 2
367 852 2
367 987 2
367 865 2
367 738 2
367 742 2
367 743 2
367 371 2
367 629 2
369 646 1
371 456 1
371 870 2
372 404 2
372 934 1
374 864 1
374 400 2
374 659 2
376 919 2
377 866 3
377 423 2
377 718 4
377 528 1
378 514 3
379 568 2
379 880 1
381 664 1
381 532 1
383 720 1
383 499 2
383 586 7
387 957 1
388 509 1
390 784 3
391 629 1
391 750 3
392 674 3
395 943 1
397 738 1
397 995 2
399 962 1
399 601 2
401 415 1
401 454 9
401 429 7
402 788 1
402 634 1
403 977 1
403 929 1
404 595 1
407 843 1
410 977 4
414 891 16
415 995 1
415 833 1
415 811 1
415 844 1
415 429 9
416 425 4
416 946 3
416 435 2
416 948 6
418 996 9
418 977 10
418 502 4
418 538 8
420 879 2
420 559 1
421 424 2
421 795 1
422 680 1
422 731 1
423 866 1
423 483 1
423 779 1
423 1004 2
424 795 1
424 990 3
425 912 5
425 946 8
425 948 5
425 521 1
425 790 4
425 439 1
425 602 2
425 699 1
425 765 2
428 962 1
428 806 11
428 971 1
428 915 52
428 952 5
428 857 3
428 990 2
428 511 1
429 454 17
433 528 1
433 987 3
435 586 7
435 782 5
435 500 4
435 762 1
439 912 5
439 521 1
440 664 1
441 848 1
441 860 1
443 742 1
443 662 1
444 542 2
444 518 2
444 535 1
445 629 1
445 750 3
450 802 2
450 915 1
450 662 3
450 695 1
450 568 1
450 572 1
450 947 6
454 772 4
454 1003 1
454 629 4
454 696 3
456 832 1
458 956 3
464 749 1
464 502 2
465 812 1
468 664 1
468 483 1
468 980 1
469 851 5
469 978 5
470 789 11
470 605 1
472 744 2
472 782 1
472 912 4
472 946 3
472 949 3
478 517 3
480 987 3
482 531 1
482 641 1
482 987 3
482 990 1
483 586 3
484 846 1
484 750 1
484 630 4
484 629 1
491 497 1
493 629 1
497 977 1
497 773 2
499 528 1
499 758 1
499 679 1
499 844 2
499 565 2
499 918 2
499 956 1
500 814 5
502 528 1
502 976 1
502 749 1
502 595 1
502 878 1
503 618 1
503 758 5
506 611 1
506 996 3
506 1001 1
506 850 1
506 718 2
506 644 3
506 541 3
506 670 1
510 622 2
510 534 1
512 979 1
513 646 1
514 832 1
514 977 19
514 780 4
514 950 2
516 700 1
516 532 5
517 546 2
517 803 1
517 648 3
517 751 2
518 854 10
518 535 1
518 895 3
518 542 3
518 799 3
521 912 4
522 732 1
522 718 1
526 629 1
527 720 6
527 710 2
527 870 2
527 855 1
528 769 1
528 784 1
528 920 1
528 789 1
528 922 1
528 542 1
528 830 3
528 703 3
528 590 1
528 853 1
528 731 1
528 997 2
528 724 1
528 764 1
528 765 1
530 915 5
530 629 3
530 857 1
530 891 3
531 987 5
531 923 1
534 768 1
534 591 1
535 542 1
537 664 1
540 955 4
540 840 3
540 874 3
540 697 1
540 987 7
541 738 14
541 719 7
541 783 1
542 646 2
542 823 1
544 739 1
544 669 1
546 633 1
547 585 1
547 978 2
547 851 4
547 862 2
550 746 1
550 671 1
551 799 4
551 895 4
553 670 1
558 618 1
559 622 2
561 629 1
565 723 1
566 713 1
568 595 1
568 900 2
569 749 1
577 933 1
580 791 1
580 669 2
581 692 1
581 855 4
582 872 1
582 987 3
584 680 1
584 731 1
585 901 3
585 937 1
585 695 4
585 954 2
585 957 4
586 782 10
586 912 3
586 885 2
586 984 3
586 762 2
586 607 1
589 909 2
595 934 3
595 746 1
595 718 1
597 738 1
599 929 2
599 710 3
601 676 1
601 919 1
605 693 1
607 749 1
609 772 3
609 749 1
611 921 3
614 978 3
614 851 1
617 811 1
618 723 1
622 676 3
622 634 1
626 703 1
629 658 1
629 685 1
629 846 1
629 782 1
629 997 1
629 750 3
629 630 1
629 631 1
629 891 3
630 685 2
630 851 1
633 720 2
633 703 1
634 788 2
641 987 3
643 664 1
643 685 18
643 670 1
644 738 2
647 806 6
647 915 1
647 953 1
649 832 1
650 682 2
654 738 2
654 979 1
654 991 1
654 783 1
656 920 1
660 784 1
664 737 1
664 810 1
664 985 1
665 746 1
668 720 1
668 746 9
668 935 5
670 980 1
678 696 1
680 731 1
684 946 1
687 995 1
687 742 1
687 746 1
687 812 2
688 898 1
688 899 1
692 775 1
692 746 3
692 749 1
692 935 1
697 771 1
697 873 2
697 855 3
697 925 5
698 987 3
699 912 1
699 752 1
700 935 2
700 812 1
700 749 1
700 790 3
703 784 4
704 743 1
707 880 1
707 1003 1
710 862 2
711 843 1
715 926 1
716 866 2
716 718 2
718 777 1
718 779 4
718 754 2
718 883 1
718 969 1
718 843 1
718 724 5
718 732 1
718 866 2
718 746 1
719 738 2
720 833 1
720 935 9
720 746 13
720 813 2
720 890 1
721 974 1
723 758 6
724 866 1
724 1004 2
724 883 3
735 962 1
738 923 1
738 837 1
738 745 1
738 783 5
738 921 1
738 979 1
738 1001 1
738 828 1
739 915 1
740 863 1
742 900 1
742 901 3
742 784 2
743 948 1
744 946 1
746 783 1
746 900 1
746 935 23
746 813 17
746 923 1
749 995 1
752 948 1
752 951 1
758 844 1
758 918 3
758 956 5
764 994 1
764 840 1
764 874 3
764 987 3
765 948 3
772 915 1
774 947 2
779 843 2
780 832 1
780 977 4
783 850 1
783 863 1
784 901 3
789 987 4
790 812 1
790 948 2
796 987 5
799 913 1
803 948 1
806 915 9
806 952 7
806 857 1
808 899 9
809 987 3
810 881 1
813 935 3
817 978 2
819 955 1
823 895 2
832 977 4
832 950 1
838 857 1
838 971 1
840 987 3
840 874 3
840 925 2
840 955 1
843 883 2
844 1000 1
849 987 5
850 962 1
851 978 5
854 948 1
857 915 10
857 883 1
857 951 1
863 901 1
866 876 1
868 948 1
872 987 3
873 874 3
873 987 3
873 925 2
880 890 1
883 907 2
883 1004 3
883 915 3
890 962 3
890 923 1
891 995 1
891 997 3
912 946 1
912 949 5
915 923 1
915 952 12
915 971 1
915 990 1
919 1000 2
925 955 1
929 977 1
946 948 4
949 966 6
950 977 2
951 954 1
954 978 2
955 987 4
962 987 1
974 984 2
977 1004 8
987 994 5
