0
1
2
3
4
5
6
7
8
9
10
11
12
13
14
15
16
17
18
19
20
21
22
23
24
25
26
27
28
29
30
31
32
33
34
35
36
37
38
39
40
41
42
43
44
45
46
47
48
49
50
51
52
53
54
55
56
57
58
59
60
61
62
63
64
65
66
67
68
69
70
71
72
73
74
75
76
77
78
79
80
81
82
83
84
85
86
87
88
89
90
91
92
93
94
95
96
97
98
99
100
101
102
103
104
105
106
107
108
109
110
111
112
113
114
115
116
117
118
119
120
121
122
123
124
125
126
127
128
129
130
131
132
133
134
135
136
137
138
139
141
142
143
144
145
146
147
148
149
150
151
152
153
154
155
157
158
159
160
161
162
163
164
165
166
167
168
169
170
171
172
173
174
175
176
177
178
179
180
181
182
183
184
185
186
187
188
189
190
191
192
193
194
195
196
197
198
199
200
201
202
203
204
205
206
207
208
209
210
211
212
213
214
215
216
217
218
219
220
221
222
223
224
225
226
227
228
229
230
231
232
233
235
236
237
238
239
240
241
242
243
244
245
246
247
248
249
250
251
252
253
254
255
256
257
259
260
262
263
264
265
266
267
268
269
270
271
272
273
274
275
276
277
278
279
280
281
282
283
284
285
286
287
288
289
290
291
292
293
294
295
296
297
299
300
301
302
303
304
305
306
307
308
309
310
311
312
313
314
315
316
317
318
319
320
321
322
323
324
325
326
327
328
329
330
331
332
333
334
335
336
337
338
339
340
341
343
344
345
346
347
348
349
350
351
352
353
355
356
357
358
359
360
361
362
364
365
366
367
368
369
370
371
372
373
374
375
376
377
378
379
380
381
382
383
384
385
386
387
388
389
390
391
392
393
394
395
396
397
398
399
400
401
402
403
404
405
406
407
408
409
410
411
412
413
414
415
416
418
419
420
421
422
423
424
425
426
427
428
429
430
431
432
433
434
435
436
437
438
439
440
441
442
443
444
445
446
447
448
449
450
451
452
453
454
455
456
457
458
459
460
461
462
464
465
466
467
468
469
470
471
472
473
474
475
476
477
478
479
480
481
482
483
484
485
486
487
488
489
490
491
492
493
495
496
497
498
499
500
501
502
503
504
505
506
507
508
509
510
511
512
513
514
515
516
517
518
519
520
521
522
523
524
525
526
527
528
530
531
532
533
534
535
536
537
538
539
540
541
542
543
544
545
546
547
548
549
550
551
552
553
554
556
557
558
559
560
561
562
563
564
565
566
567
568
569
570
571
572
573
574
575
576
577
578
579
580
581
582
583
584
585
586
587
588
589
590
591
592
593
594
595
596
597
598
599
600
601
602
603
604
605
606
607
609
610
611
612
613
614
615
616
617
618
619
621
622
623
624
625
626
627
628
629
630
631
632
633
634
635
636
637
638
639
640
641
642
643
644
645
646
647
648
649
650
651
652
653
654
655
656
657
658
659
660
661
662
663
664
665
666
667
668
669
670
671
672
673
674
675
676
677
678
679
680
681
682
683
684
685
686
687
688
689
690
691
692
693
694
695
696
697
698
699
700
701
702
703
704
705
706
707
708
709
710
711
712
713
714
715
716
717
718
719
720
721
722
723
724
725
726
727
728
729
730
731
732
733
734
735
736
737
738
739
740
741
742
743
744
745
746
747
748
749
750
751
752
753
754
756
757
758
759
760
761
762
763
764
765
767
768
769
770
771
772
773
774
775
776
777
778
779
780
781
782
783
784
785
786
787
788
789
790
791
792
793
794
795
796
797
798
799
800
801
802
803
804
805
806
807
808
809
810
811
812
813
814
815
816
817
818
819
820
821
822
823
824
825
826
827
828
829
830
831
832
833
834
835
836
837
838
839
840
841
842
843
844
845
846
847
848
849
850
851
852
853
854
855
856
857
858
859
860
861
862
863
864
865
866
867
868
869
870
871
872
873
874
875
876
877
878
879
880
881
882
883
884
885
886
887
888
889
890
891
892
893
894
895
896
897
898
899
900
901
902
903
904
905
906
907
908
909
910
911
912
913
914
915
916
917
918
919
920
921
922
923
924
925
926
927
928
929
930
931
932
933
934
935
936
937
938
939
940
941
942
943
944
945
946
947
948
949
950
951
952
953
954
955
956
957
958
960
961
962
963
964
965
966
967
968
969
970
971
972
973
974
975
976
977
978
979
980
981
982
983
984
985
986
987
988
989
990
991
992
993
994
995
996
997
998
999
1000
1001
1002
1003
1004
0 569 2
0 118 1
1 106 1
2 769 2
2 283 2
2 868 1
2 236 2
2 814 1
2 790 3
2 891 1
4 720 2
4 585 2
4 135 1
5 107 2
5 506 1
5 491 1
5 175 4
6 569 2
6 506 1
6 249 1
8 144 1
8 143 2
12 720 1
13 743 1
13 532 1
13 719 1
14 724 1
14 506 2
14 924 1
14 410 1
15 680 4
15 731 2
15 422 2
16 248 1
16 410 1
16 506 1
16 127 2
24 658 1
24 629 8
24 647 1
25 844 1
25 558 1
27 147 1
28 987 2
29 506 3
29 335 3
30 168 1
30 472 2
30 356 1
30 765 3
30 256 1
31 200 1
31 92 1
31 428 2
31 165 6
31 990 1
32 731 1
32 718 1
32 920 1
32 530 2
32 851 1
32 502 1
32 280 1
32 569 2
32 883 1
32 915 1
32 862 2
35 658 1
35 978 2
40 193 1
40 802 2
40 379 1
40 214 1
40 488 1
40 272 2
40 147 2
40 596 1
40 662 1
40 695 2
40 187 1
40 572 1
41 723 2
41 565 2
41 758 1
42 402 1
42 534 1
45 227 3
48 704 4
48 672 1
48 684 1
48 558 4
48 565 1
48 956 4
52 868 1
53 193 1
53 343 1
53 629 1
53 311 1
53 56 2
53 159 1
56 641 1
56 746 1
56 410 1
56 987 3
56 159 1
61 233 1
61 522 2
61 843 3
61 718 14
61 278 1
61 700 1
62 500 2
62 646 2
62 542 6
62 159 1
64 534 1
65 609 1
65 546 1
65 687 1
65 592 1
65 147 3
65 569 2
65 927 2
65 191 2
66 227 5
67 344 2
67 963 10
67 165 2
67 207 1
68 987 2
75 772 6
75 334 1
75 607 1
77 416 1
77 356 1
77 168 5
77 912 5
77 439 4
77 260 2
82 720 2
82 135 1
83 769 1
86 152 1
86 769 1
86 443 3
86 662 1
86 771 1
90 769 1
90 226 1
90 731 1
90 900 1
90 935 1
90 841 3
90 107 1
90 428 3
90 356 5
90 306 1
90 915 2
90 500 2
90 718 2
90 361 2
90 920 2
90 644 1
90 703 2
90 980 1
90 927 6
91 149 1
91 607 1
92 658 1
92 428 1
92 207 1
95 585 1
95 987 2
95 427 1
95 769 1
98 592 3
98 713 3
98 454 1
101 423 2
102 950 1
102 510 1
103 514 2
103 950 1
103 951 1
104 416 1
104 765 2
105 774 1
106 788 3
106 828 1
106 950 1
106 1001 1
107 553 2
107 335 1
107 713 1
107 440 1
107 381 3
107 670 1
110 112 1
112 674 1
112 166 4
112 392 1
112 267 1
112 700 1
112 573 1
113 927 4
114 127 1
118 732 2
118 365 6
119 335 1
120 769 1
120 356 1
122 924 1
122 428 3
125 510 1
125 622 1
126 416 1
126 356 1
126 168 2
126 585 1
126 782 1
126 602 1
126 700 1
127 546 1
127 904 1
127 843 1
127 716 1
127 718 2
127 724 1
127 281 2
132 139 1
133 168 1
133 984 1
134 592 3
134 416 1
134 168 1
134 454 1
135 769 1
135 581 4
135 870 1
135 936 1
135 746 1
135 942 12
135 720 1
135 371 2
135 628 8
135 569 1
135 540 1
136 200 1
136 428 3
136 207 1
136 658 1
136 371 1
136 629 2
136 857 1
137 771 2
139 323 1
139 534 1
139 510 2
141 978 2
141 614 1
142 658 1
142 428 1
143 580 1
146 326 2
147 416 2
147 290 3
147 927 1
147 933 1
147 230 2
147 577 1
147 171 1
147 972 1
147 590 2
147 308 1
147 277 1
147 471 2
147 890 1
147 347 1
147 285 1
147 926 1
147 686 1
149 716 2
149 790 1
150 415 2
151 609 1
151 253 5
151 617 1
152 769 1
152 443 2
152 662 2
153 977 4
154 510 1
157 746 1
157 356 1
157 590 1
159 769 1
159 398 3
159 283 1
159 542 1
159 927 2
159 290 1
159 551 4
159 940 11
159 695 1
159 713 1
159 334 3
159 214 6
159 220 1
159 607 1
159 609 1
159 500 7
159 377 1
159 506 1
159 891 1
160 530 1
160 658 1
160 629 10
160 630 1
160 857 1
160 858 2
160 891 3
164 322 1
164 740 1
164 548 4
164 368 1
164 420 1
164 879 1
164 638 2
164 223 1
165 401 8
165 915 1
165 344 1
165 857 1
165 316 2
166 416 3
166 674 3
166 294 1
166 743 1
166 586 3
166 782 2
166 500 1
166 984 1
167 274 1
167 978 5
167 851 1
167 988 4
167 658 1
168 416 3
168 260 3
168 648 2
168 557 1
168 912 9
168 232 1
168 500 1
168 885 1
168 868 2
168 472 5
168 356 5
168 575 2
170 720 1
170 697 4
170 231 1
171 347 2
171 933 2
171 951 2
173 248 1
173 924 1
174 510 1
175 737 3
175 849 3
175 275 2
175 423 3
180 958 1
180 215 1
181 190 3
184 779 2
184 710 1
184 423 1
187 450 3
188 978 9
188 988 1
188 658 1
188 469 1
189 249 6
189 214 1
190 353 2
190 772 2
190 629 1
190 656 4
190 274 5
190 920 3
190 890 1
190 373 1
191 416 1
191 209 2
191 471 4
191 927 1
191 415 1
192 381 3
193 544 1
193 739 1
193 870 1
193 540 2
193 306 1
193 880 2
193 338 2
193 435 4
193 662 2
193 633 1
193 923 4
193 700 1
196 546 1
196 927 1
197 987 1
199 506 2
199 924 1
199 270 2
200 971 6
200 428 7
200 344 3
200 915 3
200 952 1
200 543 1
201 553 1
203 306 2
206 510 1
207 978 1
207 847 5
207 561 3
207 658 1
207 469 2
207 953 2
207 795 2
208 1004 1
208 236 4
214 290 1
214 443 2
214 230 2
214 912 7
214 343 2
214 891 1
214 765 4
216 558 1
220 752 1
220 633 1
221 746 1
223 343 4
223 663 1
223 534 1
223 879 3
227 966 1
228 569 2
228 605 2
228 502 1
229 769 1
229 306 1
229 343 2
231 769 1
231 738 1
231 873 1
231 245 2
231 921 1
231 698 2
231 987 2
231 540 6
231 863 1
232 648 1
232 260 2
233 769 3
233 746 1
233 692 9
236 537 4
236 690 1
236 790 3
242 769 1
242 994 1
242 540 2
245 764 2
245 427 1
245 698 2
245 987 2
245 540 1
246 572 4
246 423 2
248 450 1
248 746 1
248 364 2
248 783 2
248 692 1
248 921 1
248 506 5
248 670 1
249 1004 2
249 716 2
249 569 4
249 506 2
250 886 2
250 927 7
251 987 2
253 290 6
253 566 6
256 416 5
256 313 1
256 586 2
256 889 1
260 416 2
260 356 1
260 912 1
260 472 1
264 454 1
267 944 4
267 674 1
267 891 1
268 592 1
270 506 1
272 450 2
274 658 1
274 772 1
275 849 1
275 737 1
278 609 1
278 617 1
280 530 1
280 658 1
280 846 1
280 629 3
281 896 2
281 905 1
281 427 2
285 915 4
290 739 1
290 614 2
291 401 4
291 454 1
291 713 2
293 572 2
294 416 1
294 586 3
294 817 1
294 500 1
294 762 1
295 569 2
299 712 1
301 547 1
301 978 2
301 707 1
301 658 1
305 416 5
305 912 8
305 356 1
306 742 9
306 769 1
306 659 4
306 660 1
306 629 3
306 374 2
308 748 1
310 343 3
311 697 3
311 987 2
313 416 4
316 857 2
316 915 5
316 428 5
318 704 1
318 332 2
318 684 1
318 758 1
319 558 1
321 684 1
321 499 1
321 956 1
321 565 2
322 420 1
322 510 1
322 343 4
324 534 1
327 381 9
329 624 2
329 769 1
329 910 1
332 500 2
332 782 1
333 569 4
333 506 3
333 743 1
334 356 1
334 586 1
334 687 1
334 534 1
334 607 7
335 980 1
335 532 13
337 646 1
338 987 3
338 540 1
338 427 2
343 427 2
343 950 1
343 663 6
343 853 2
344 838 2
344 971 1
344 952 1
344 857 1
344 543 1
347 748 1
347 933 2
347 966 2
353 891 16
353 373 1
356 912 8
356 416 1
356 569 2
356 704 1
356 586 2
356 591 1
356 472 3
356 602 9
356 607 5
356 868 1
356 743 6
356 502 1
356 505 1
360 658 1
360 530 1
360 526 1
360 629 3
361 987 2
362 528 1
362 383 1
364 769 1
364 506 3
364 987 2
369 535 1
369 823 2
369 444 3
369 542 1
369 927 7
371 720 2
372 404 1
372 595 6
372 572 3
372 415 2
377 457 2
377 522 2
377 700 1
378 514 1
381 1001 2
381 532 2
383 528 2
383 922 1
383 589 2
388 427 1
388 534 1
398 712 1
400 769 1
401 415 9
401 429 15
401 454 6
407 843 1
408 658 1
408 847 1
409 569 2
410 934 1
410 719 1
414 891 2
415 833 1
415 546 1
415 769 1
415 629 1
415 569 7
415 607 6
416 833 1
416 648 2
416 912 1
416 868 2
416 586 7
416 927 4
418 977 5
421 978 1
421 795 3
422 680 1
422 731 12
423 832 1
423 866 1
423 710 3
423 977 4
424 658 1
424 795 3
424 978 1
424 847 2
427 738 1
427 697 1
427 469 2
427 461 2
427 596 1
427 955 1
427 510 1
428 647 1
428 971 1
428 915 3
428 953 1
428 952 1
428 857 2
428 990 1
429 454 4
431 988 1
432 987 2
433 987 2
435 500 1
435 782 2
443 769 2
443 771 1
443 662 2
443 742 2
443 743 2
443 550 1
443 602 2
444 927 4
450 802 1
450 712 1
450 746 1
450 947 3
450 662 1
450 695 2
450 572 1
454 772 1
454 713 2
454 592 4
454 890 6
456 720 1
458 558 2
461 506 3
462 833 2
466 712 1
468 808 1
469 585 1
469 988 3
469 978 4
470 569 3
470 546 1
470 789 5
470 605 1
472 912 1
472 868 1
472 575 2
477 510 1
477 534 2
482 569 5
482 987 2
482 990 1
482 847 3
485 542 1
485 927 3
489 510 1
493 658 1
493 629 3
493 630 2
497 977 2
499 704 2
499 546 1
499 684 1
499 558 1
499 723 1
499 565 1
499 672 2
499 956 1
500 586 1
500 782 2
500 535 1
500 984 2
502 746 1
502 718 1
502 599 5
502 569 3
502 605 1
506 769 1
506 644 2
506 1004 2
506 783 3
506 921 6
506 796 2
506 670 4
506 924 1
506 541 2
506 850 1
506 724 2
506 605 2
506 996 2
506 881 2
509 893 1
510 939 1
510 649 1
510 524 1
510 562 1
510 622 1
510 534 4
511 987 2
513 927 6
514 832 2
514 780 1
514 950 1
515 927 7
516 761 1
516 532 3
517 746 1
517 674 1
517 586 1
522 718 4
522 613 1
526 658 1
526 530 4
526 629 3
528 739 4
530 746 1
530 685 2
530 690 1
530 629 23
530 630 8
530 891 2
531 987 10
532 837 1
532 670 1
534 746 1
534 591 1
534 638 1
534 663 1
535 823 1
535 542 1
535 927 8
538 569 2
538 693 1
540 994 1
540 855 1
540 697 4
540 698 2
540 987 3
542 646 1
542 743 2
542 746 1
542 854 1
542 823 1
542 927 3
546 550 1
546 614 2
546 629 1
546 607 1
546 927 1
547 978 2
547 658 1
547 954 1
549 833 1
550 684 1
550 743 1
551 927 3
552 978 1
558 684 1
561 585 2
561 658 1
561 629 4
561 846 5
562 638 1
563 731 2
565 704 4
565 679 2
565 684 1
565 723 2
565 956 1
568 935 6
569 693 2
569 710 2
569 847 1
569 976 2
569 599 4
569 605 3
569 862 4
569 991 2
572 595 1
573 586 1
581 720 1
581 769 1
581 936 2
582 987 2
582 764 2
585 870 1
585 695 2
586 782 4
586 687 1
586 854 2
586 984 10
587 720 2
587 752 1
588 987 2
590 926 1
590 686 1
591 746 1
591 910 1
591 718 1
592 713 5
592 927 5
595 700 1
595 934 1
599 710 3
602 912 1
602 868 2
605 693 2
607 609 1
607 696 3
607 927 1
609 772 1
609 617 1
609 687 1
609 923 1
609 927 3
614 978 1
614 858 1
617 687 1
617 720 1
617 923 1
624 873 1
628 720 3
629 658 4
629 685 3
629 927 1
629 846 3
629 891 35
629 630 4
629 631 3
629 633 1
630 685 1
630 920 4
631 658 1
631 846 1
634 788 1
638 951 2
641 987 2
643 685 6
644 924 1
646 927 3
647 658 1
648 765 1
650 682 4
650 654 2
654 738 1
654 682 4
656 658 1
658 817 1
658 953 1
658 990 1
659 769 1
659 742 2
660 951 1
669 844 1
672 684 3
672 844 1
674 803 2
679 684 1
680 720 1
680 731 1
681 718 1
682 738 1
682 783 1
682 850 2
682 924 1
684 704 5
684 844 1
684 918 1
685 1001 2
685 724 1
692 769 1
692 742 1
692 746 4
692 910 1
697 873 1
697 855 6
697 925 4
698 840 2
698 873 2
698 764 2
700 761 1
700 947 1
700 863 1
702 977 2
702 924 1
703 771 1
704 743 2
710 832 2
711 843 1
715 926 1
716 718 1
718 843 4
718 746 1
719 738 1
719 837 1
719 783 1
720 870 2
720 731 2
722 927 4
723 758 2
724 1001 1
724 796 1
731 739 1
731 746 1
737 849 2
738 837 4
738 783 2
738 850 2
740 950 2
740 879 1
742 769 1
742 746 1
742 765 2
743 923 1
743 746 1
746 776 1
746 783 1
746 915 1
746 920 1
746 935 45
746 775 1
746 834 1
746 836 1
746 851 1
746 980 1
758 844 1
758 918 4
758 956 2
764 994 1
764 987 2
765 868 3
769 771 3
769 772 1
769 901 1
769 951 1
769 863 1
769 830 2
769 835 1
769 993 1
769 873 1
770 927 3
771 901 1
772 987 2
772 927 2
774 947 47
779 843 3
789 987 4
795 978 1
796 977 2
809 987 2
817 978 2
823 927 5
840 987 2
844 956 1
849 987 2
851 978 2
854 927 8
857 915 1
861 896 1
868 912 1
872 987 2
873 987 2
924 1001 1
933 966 3
935 966 1
954 978 1
955 987 2
957 978 2
977 996 3
977 1001 13
977 1004 3
978 988 4
987 994 2
